-9.3247,-8.5515,-9.5328
-8.281,-8.8711,-3.0938
-3.3603,-8.152,-3.4328
-9.6854,-2.4407,-3.0908
-9.3247,-8.5515,1.9769
-8.281,-8.8711,8.4159
-3.3603,-8.152,8.0769
-9.6854,-2.4407,8.4189
2.8445,-9.0472,-2.6774
8.8103,-3.2426,-2.9164
8.565,-8.7531,-8.7314
7.7468,-8.8726,-2.7824
2.8445,-9.0472,8.8323
8.8103,-3.2426,8.5933
8.565,-8.7531,2.7783
7.7468,-8.8726,8.7273
2.4586,-8.8749,-8.776
-3.6805,-2.3186,-8.629
8.4994,-2.5753,-9.158
2.699,2.7499,-9.305
-8.8106,2.6078,-2.902
-2.6736,-2.9253,-3.318
-2.8447,8.4124,-3.141
3.7427,2.4303,-2.866
3.3128,-2.3893,-8.735
-3.0901,2.902,-8.956
-3.071,-8.1197,-8.665
-9.0884,-2.4784,-8.499
2.9649,-2.7344,-3.211
-3.9082,2.7825,-3.007
8.6635,3.1495,-3.205
2.3384,8.8608,-2.863
2.4586,-8.8749,2.7337
-3.6805,-2.3186,2.8807
8.4994,-2.5753,2.3517
2.699,2.7499,2.2047
-8.8106,2.6078,8.6077
-2.6736,-2.9253,8.1917
-2.8447,8.4124,8.3687
3.7427,2.4303,8.6437
3.3128,-2.3893,2.7747
-3.0901,2.902,2.5537
-3.071,-8.1197,2.8447
-9.0884,-2.4784,3.0107
2.9649,-2.7344,8.2987
-3.9082,2.7825,8.5027
8.6635,3.1495,8.3047
2.3384,8.8608,8.6467
-9.1964,2.7801,-9.0006
-3.1556,9.0797,-9.3826
-8.3422,9.2657,-8.9596
-8.6901,8.9206,-3.4356
-9.1964,2.7801,2.509
-3.1556,9.0797,2.127
-8.3422,9.2657,2.55
-8.6901,8.9206,8.074
8.3433,8.9828,-8.4012
9.3502,8.3761,-3.0902
8.9528,3.1817,-8.4372
2.9353,8.823,-8.2712
8.3433,8.9828,3.1084
9.3502,8.3761,8.4194
8.9528,3.1817,3.0724
2.9353,8.823,3.2384
-3.0739,-8.4468,-7.6158
-9.6104,-3.1379,-7.6518
-8.2676,-8.5536,-8.4838
-9.4789,-7.9816,-3.1828
-3.0739,-8.4468,3.8939
-9.6104,-3.1379,3.8579
-8.2676,-8.5536,3.0259
-9.4789,-7.9816,8.3269
7.9335,-8.8641,-7.3784
8.7325,-8.8033,-1.6584
2.9173,-8.5643,-7.4914
9.3315,-2.8317,-8.0464
7.9335,-8.8641,4.1313
8.7325,-8.8033,9.8513
2.9173,-8.5643,4.0183
9.3315,-2.8317,3.4633
8.9499,2.8546,-7.388
2.4134,8.1635,-7.424
2.5385,-2.5512,-7.472
-3.7215,2.791,-7.603
-2.4141,-8.2717,-1.856
-8.1593,-2.914,-1.942
3.515,-2.7004,-1.822
-2.9225,2.8518,-1.883
-2.5993,-2.4749,-7.618
-8.7377,3.0908,-7.716
3.7562,2.7478,-8.256
-2.3236,8.8233,-8.271
-3.5659,-2.5109,-2.188
2.3893,-7.834,-2
2.5449,3.3199,-2.955
9.058,-2.1355,-1.852
8.9499,2.8546,4.1217
2.4134,8.1635,4.0857
2.5385,-2.5512,4.0377
-3.7215,2.791,3.9067
-2.4141,-8.2717,9.6537
-8.1593,-2.914,9.5677
3.515,-2.7004,9.6877
-2.9225,2.8518,9.6267
-2.5993,-2.4749,3.8917
-8.7377,3.0908,3.7937
3.7562,2.7478,3.2537
-2.3236,8.8233,3.2387
-3.5659,-2.5109,9.3217
2.3893,-7.834,9.5097
2.5449,3.3199,8.5547
9.058,-2.1355,9.6577
-9.1165,9.1038,-7.6966
-8.14,8.9546,-2.0466
-9.2657,3.821,-2.2246
-2.597,9.5196,-2.0766
-9.1165,9.1038,3.813
-8.14,8.9546,9.463
-9.2657,3.821,9.285
-2.597,9.5196,9.433
9.6097,3.0297,-1.6282
3.8645,8.3874,-1.7142
9.4244,8.8266,-7.3902
8.4578,8.7905,-1.9602
9.6097,3.0297,9.8814
3.8645,8.3874,9.7954
9.4244,8.8266,4.1194
8.4578,8.7905,9.5494
-0.86866,-11.559,-8.4451
-0.86866,-11.559,3.0645
-9.1416,-11.422,-11.726
-3.0732,-10.832,-12.071
-9.2151,-5.3094,-12.514
-11.951,-8.3577,-11.594
-5.8868,-8.0975,-11.705
-12.172,-2.5644,-11.889
-9.1168,-10.814,-5.9908
-9.1416,-11.422,-0.21675
-3.0265,-11.35,-6.0028
-9.2943,-5.7167,-5.3698
-3.0732,-10.832,-0.56175
-9.2151,-5.3094,-1.0048
-12.246,-8.3768,-6.5798
-11.951,-8.3577,-0.084752
-5.8493,-8.2694,-6.1988
-12.089,-2.7511,-5.8178
-5.8868,-8.0975,-0.19575
-12.172,-2.5644,-0.37975
-6.1548,-11.133,-9.0508
-12.242,-4.876,-9.1138
-5.9165,-11.92,-3.1018
-12.616,-6.1537,-3.2058
-12.063,-11.958,-8.7968
-12.524,0.096422,-8.6698
-7.465,-5.4148,-8.9618
-12.143,-10.229,-3.0008
-9.1168,-10.814,5.5189
-9.1416,-11.422,11.293
-3.0265,-11.35,5.5069
-9.2943,-5.7167,6.1399
-3.0732,-10.832,10.948
-9.2151,-5.3094,10.505
-12.246,-8.3768,4.9299
-11.951,-8.3577,11.425
-5.8493,-8.2694,5.3109
-12.089,-2.7511,5.6919
-5.8868,-8.0975,11.314
-12.172,-2.5644,11.13
-6.1548,-11.133,2.4589
-12.242,-4.876,2.3959
-5.9165,-11.92,8.4079
-12.616,-6.1537,8.3039
-12.063,-11.958,2.7129
-12.524,0.096422,2.8399
-7.465,-5.4148,2.5479
-12.143,-10.229,8.5089
2.7695,-12.184,-11.297
8.548,-6.2485,-11.199
8.6534,-11.61,-11.349
11.728,-8.7113,-11.142
5.6135,-8.8817,-11.375
11.507,-2.918,-11.437
2.8289,-11.56,-5.2654
8.3373,-5.8907,-5.5724
2.7695,-12.184,0.21262
8.548,-6.2485,0.31062
8.6364,-11.673,-5.4384
8.6534,-11.61,0.16062
11.433,-8.7304,-6.1274
11.728,-8.7113,0.36762
5.5039,-8.7354,-5.1984
11.59,-3.1047,-5.3654
5.6135,-8.8817,0.13462
11.507,-2.918,0.072623
5.2776,-10.857,-8.2044
11.437,-5.2295,-8.6614
5.6566,-12.203,-2.6064
11.062,-6.5073,-2.7534
11.616,-12.312,-8.3444
11.155,-0.25717,-8.2174
11.536,-10.583,-2.5484
2.8289,-11.56,6.2443
8.3373,-5.8907,5.9373
2.7695,-12.184,11.722
8.548,-6.2485,11.82
8.6364,-11.673,6.0713
8.6534,-11.61,11.67
11.433,-8.7304,5.3823
11.728,-8.7113,11.877
5.5039,-8.7354,6.3113
11.59,-3.1047,6.1443
5.6135,-8.8817,11.644
11.507,-2.918,11.582
5.2776,-10.857,3.3053
11.437,-5.2295,2.8483
5.6566,-12.203,8.9033
11.062,-6.5073,8.7563
11.616,-12.312,3.1653
11.155,-0.25717,3.2923
11.536,-10.583,8.9613
-3.0787,-5.5451,-11.707
-8.8855,-0.52892,-11.522
2.8822,-0.12021,-11.499
-3.107,5.4065,-11.424
2.7994,-5.2022,-11.531
-3.0017,0.044548,-11.574
8.9506,0.46952,-11.844
2.8086,5.992,-12.287
0.29486,-8.585,-11.313
6.3208,-2.5534,-11.696
0.072832,2.9437,-11.367
-0.012021,-2.8291,-12.274
-6.0415,2.7733,-11.6
6.137,3.2039,-11.478
-0.14849,8.737,-11.662
-3.0236,-5.4631,-6.128
-8.8261,0.094752,-5.49
2.9069,0.4872,-5.763
-3.3177,5.7643,-5.797
-3.0787,-5.5451,-0.197
-8.8855,-0.52892,-0.012
2.8822,-0.12021,0.011
-3.107,5.4065,0.086
2.7591,-5.4179,-6.032
-3.0186,-0.017678,-5.663
8.9972,-0.048083,-5.775
2.7294,5.5847,-5.142
2.7994,-5.2022,-0.021
-3.0017,0.044548,-0.064
8.9506,0.46952,-0.334
2.8086,5.992,-0.777
0.10253,-8.4393,-5.936
-6.5188,-2.8899,-5.624
6.0889,-2.733,-5.914
-0.22203,2.9246,-6.352
0.29486,-8.585,0.197
-6.2331,-2.7867,-11.033
6.3208,-2.5534,-0.186
0.072832,2.9437,0.143
0.18314,-2.7372,-5.273
-6.1511,2.9196,-5.423
6.1745,3.0321,-5.971
-0.065054,8.5503,-5.59
-0.012021,-2.8291,-0.764
-6.0415,2.7733,-0.09
6.137,3.2039,0.032
-0.14849,8.737,-0.152
-0.29204,-4.611,-8.641
-6.3774,0.79832,-8.429
5.869,0.16829,-8.823
-0.2185,6.4255,-8.886
-0.11738,-6.0882,-2.979
-5.9984,-0.54801,-2.831
6.1073,-0.61872,-2.874
-0.59256,5.1477,-2.978
5.2121,-5.8556,-8.636
-0.038891,-0.6569,-8.569
-0.49992,11.398,-8.442
4.5587,5.8867,-8.734
5.1117,-5.543,-2.734
-0.11879,1.072,-2.773
-0.098995,-10.714,-2.773
-5.5126,-5.6356,-2.999
-3.0236,-5.4631,5.3817
-8.8261,0.094752,6.0197
2.9069,0.4872,5.7467
-3.3177,5.7643,5.7127
-3.0787,-5.5451,11.313
-8.8855,-0.52892,11.498
2.8822,-0.12021,11.521
-3.107,5.4065,11.596
2.7591,-5.4179,5.4777
-3.0186,-0.017678,5.8467
8.9972,-0.048083,5.7347
2.7294,5.5847,6.3677
2.7994,-5.2022,11.489
-3.0017,0.044548,11.446
8.9506,0.46952,11.176
2.8086,5.992,10.733
0.10253,-8.4393,5.5737
-6.5188,-2.8899,5.8857
6.0889,-2.733,5.5957
-0.22203,2.9246,5.1577
0.29486,-8.585,11.707
-6.2331,-2.7867,0.47666
6.3208,-2.5534,11.324
0.072832,2.9437,11.653
0.18314,-2.7372,6.2367
-6.1511,2.9196,6.0867
6.1745,3.0321,5.5387
-0.065054,8.5503,5.9197
-0.012021,-2.8291,10.746
-6.0415,2.7733,11.42
6.137,3.2039,11.542
-0.14849,8.737,11.358
-0.29204,-4.611,2.8687
-6.3774,0.79832,3.0807
5.869,0.16829,2.6867
-0.2185,6.4255,2.6237
-0.11738,-6.0882,8.5307
-5.9984,-0.54801,8.6787
6.1073,-0.61872,8.6357
-0.59256,5.1477,8.5317
5.2121,-5.8556,2.8737
-0.038891,-0.6569,2.9407
-0.49992,11.398,3.0677
4.5587,5.8867,2.7757
5.1117,-5.543,8.7757
-0.11879,1.072,8.7367
-0.098995,-10.714,8.7367
-5.5126,-5.6356,8.5107
-6.2331,-2.7867,11.986
-8.7729,11.535,-11.723
-8.8556,6.4528,-11.755
-2.7045,12.125,-12.068
-11.36,3.07,-11.537
-5.3342,9.1017,-11.92
-11.667,8.8259,-12.498
-8.7481,12.142,-5.9876
-8.7729,11.535,-0.21362
-8.8959,6.2372,-6.2566
-2.6578,11.607,-5.9996
-8.8556,6.4528,-0.24562
-2.7045,12.125,-0.55862
-11.552,3.2157,-6.1606
-5.5661,8.9221,-6.1386
-11.36,3.07,-0.027623
-5.3342,9.1017,-0.41062
-11.472,8.9178,-5.4976
-11.667,8.8259,-0.98862
-11.947,7.044,-8.8656
-5.786,11.823,-9.0476
-11.772,5.5668,-3.2036
-5.5477,11.036,-3.0986
-6.4429,5.7995,-8.8606
-11.694,10.998,-8.7936
-6.5433,6.112,-2.9586
-11.774,12.727,-2.9976
-11.754,0.94094,-2.9976
-8.7481,12.142,5.522
-8.7729,11.535,11.296
-8.8959,6.2372,5.253
-2.6578,11.607,5.51
-8.8556,6.4528,11.264
-2.7045,12.125,10.951
-11.552,3.2157,5.349
-5.5661,8.9221,5.371
-11.36,3.07,11.482
-5.3342,9.1017,11.099
-11.472,8.9178,6.012
-11.667,8.8259,10.521
-11.947,7.044,2.644
-5.786,11.823,2.462
-11.772,5.5668,8.306
-5.5477,11.036,8.411
-6.4429,5.7995,2.649
-11.694,10.998,2.716
-6.5433,6.112,8.551
-11.774,12.727,8.512
-11.754,0.94094,8.512
8.945,5.7563,-11.479
3.1383,10.773,-11.294
9.0221,11.346,-11.346
12.319,2.7164,-11.085
12.012,8.4723,-12.046
9.0002,5.8383,-5.9002
3.1977,11.396,-5.2622
8.945,5.7563,0.030752
3.1383,10.773,0.21575
9.0051,11.284,-5.4352
9.0221,11.346,0.16375
12.126,2.8621,-5.7082
5.5049,8.4115,-5.3962
12.319,2.7164,0.42475
5.7906,8.5147,-10.805
12.207,8.5642,-5.0452
12.012,8.4723,-0.53625
11.732,6.6904,-8.4132
5.6464,12.1,-8.2012
11.906,5.2132,-2.7512
6.0254,10.753,-2.6032
11.985,10.645,-8.3412
11.905,12.373,-2.5452
11.925,0.58735,-2.5452
6.5112,5.6658,-2.7712
9.0002,5.8383,5.6094
3.1977,11.396,6.2474
8.945,5.7563,11.54
3.1383,10.773,11.725
9.0051,11.284,6.0744
9.0221,11.346,11.673
12.126,2.8621,5.8014
5.5049,8.4115,6.1134
12.319,2.7164,11.934
5.7906,8.5147,0.70441
12.207,8.5642,6.4644
12.012,8.4723,10.973
11.732,6.6904,3.0964
5.6464,12.1,3.3084
11.906,5.2132,8.7584
6.0254,10.753,8.9064
11.985,10.645,3.1684
11.905,12.373,8.9644
11.925,0.58735,8.9644
6.5112,5.6658,8.7384
5.7906,8.5147,12.214
0.26974,12.242,-2.7699
0.26974,12.242,8.7398
0,0,0
0.10112,-5.3874,0.288
0.1789,0.25102,-5.495
-0.10041,5.8336,0.031
-5.9991,0.11031,0.22
0.1789,0.25102,6.0147
6.0238,0.35002,-0.106
-0.027577,-5.461,-5.571
-0.2093,5.6059,-5.607
-0.027577,-5.461,5.9387
-0.2093,5.6059,5.9027
-6.3535,-5.2267,-0.19675
-5.934,5.7233,0.225
5.721,-5.9317,0.44962
5.6703,6.0748,0.031
-6.149,0.041012,-5.62
6.2324,0.0056569,-5.596
-6.149,0.041012,5.8897
6.2324,0.0056569,5.9137
5.8089,-5.584,-5.421
-6.2658,-5.3356,5.6759
5.758,5.9659,-5.606
-6.2658,-5.3356,-5.8338
5.8089,-5.584,6.0887
-5.8461,6.071,-5.6456
5.758,5.9659,5.9037
-5.8461,6.071,5.864
0.41236,11.222,0.38975
0,0,-11.51
0,0,11.51
-11.611,-0.079903,0.162
0.043621,-11.735,0.38662
12.067,-0.43349,0.61437
0.33599,11.185,-5.2542
0.10112,-5.3874,-11.222
-5.9999,-10.951,-0.33375
-5.9991,0.11031,-11.29
0.33599,11.185,6.2554
5.6559,-11.545,0.44462
-0.10041,5.8336,-11.479
-0.032747,-11.772,-5.2574
6.0238,0.35002,11.404
-11.688,-0.11667,-5.482
6.0247,11.412,0.44775
-0.10041,5.8336,11.541
11.555,-5.8214,0.25562
0.10112,-5.3874,11.798
11.991,-0.47026,-5.0296
6.0238,0.35002,-11.616
-11.554,6.2676,0.063377
-11.688,-0.11667,6.0277
-5.9991,0.11031,11.73
-5.6312,12.005,-0.33062
-12.124,-5.4678,-0.19675
-0.032747,-11.772,6.2523
12.125,5.914,0.51575
11.991,-0.47026,6.48
5.721,-5.9317,-11.06
5.8748,11.342,-5.3922
-5.7913,-11.296,5.6859
5.506,-11.614,-5.3954
-5.7913,-11.296,-5.8238
-5.934,5.7233,-11.285
-6.3535,-5.2267,11.313
11.446,-6.0491,-5.3824
-5.4226,11.661,5.689
-5.4226,11.661,-5.8206
5.8748,11.342,6.1174
5.6703,6.0748,-11.479
5.6703,6.0748,11.541
5.506,-11.614,6.1143
-6.3535,-5.2267,-11.706
11.446,-6.0491,6.1273
-5.934,5.7233,11.735
11.996,5.8404,-5.3432
-11.683,6.194,5.714
-11.683,6.194,-5.7956
5.721,-5.9317,11.959
-12.233,-5.6955,5.6749
11.996,5.8404,6.1664
-12.233,-5.6955,-5.8348
0.41236,11.222,-11.12
0.043621,-11.735,-11.123
-11.611,-0.079903,-11.348
12.067,-0.43349,-10.895
0.41236,11.222,11.899
-11.611,-0.079903,11.672
11.655,-11.655,0.22462
-11.655,11.655,-0.22462
-12.024,-11.301,-0.22775
12.024,11.301,0.22775
0.043621,-11.735,11.896
-5.9999,-10.951,11.176
5.6559,-11.545,-11.065
6.0247,11.412,-11.062
12.067,-0.43349,12.124
11.555,-5.8214,-11.254
-11.845,-11.05,-5.7228
-11.845,-11.05,5.7869
-5.9999,-10.951,-11.843
11.834,-11.404,-5.2704
-5.6312,12.005,11.179
12.125,5.914,-10.994
-11.554,6.2676,-11.446
-12.124,-5.4678,11.313
11.555,-5.8214,11.765
-11.476,11.906,-5.7196
-11.554,6.2676,11.573
-11.476,11.906,5.79
5.6559,-11.545,11.954
11.834,-11.404,6.2393
6.0247,11.412,11.957
12.203,11.552,-5.2672
-12.124,-5.4678,-11.706
-5.6312,12.005,-11.84
12.203,11.552,6.2424
12.125,5.914,12.025
11.655,-11.655,-11.285
-11.655,11.655,11.285
-12.024,-11.301,11.282
12.024,11.301,-11.282
11.655,-11.655,11.734
-11.655,11.655,-11.734
-12.024,-11.301,-11.737
12.024,11.301,11.737
