-3.4236,-9.1709,-9.5419
-10.797,-2.92,-9.6309
-10.029,-9.2797,-9.3499
-3.4236,-9.1709,2.5213
-10.797,-2.92,2.4323
-10.229,-8.9135,-3.9627
-10.029,-9.2797,2.7133
-10.229,-8.9135,8.1005
8.8734,-9.5338,-9.7259
9.0679,-8.5347,-2.5007
8.8734,-9.5338,2.3373
9.507,-3.4202,-2.9527
9.0679,-8.5347,9.5625
9.507,-3.4202,9.1105
2.7259,-2.2267,-8.9952
-3.2979,2.6375,-9.9322
9.0425,2.7139,-9.3322
1.6688,8.9647,-9.4212
2.6425,-8.5553,-8.5582
-3.9902,-2.1687,-9.0562
9.0361,-2.5364,-9.5602
2.4367,2.605,-9.1402
2.3221,-2.6432,-3.577
-3.1035,3.6367,-2.707
-3.5702,-7.9924,-2.768
-9.8125,-2.2889,-3.117
2.7259,-2.2267,3.068
-3.2979,2.6375,2.131
9.0425,2.7139,2.731
1.6688,8.9647,2.642
2.1885,-8.387,-3.696
-4.1373,-2.5788,-2.991
-2.6644,8.7512,-3.159
2.2373,2.9713,-3.753
2.6425,-8.5553,3.505
-3.9902,-2.1687,3.007
9.0361,-2.5364,2.503
2.4367,2.605,2.923
2.3221,-2.6432,8.4862
-3.1035,3.6367,9.3562
-3.5702,-7.9924,9.2952
-9.8125,-2.2889,8.9462
2.1885,-8.387,8.3672
-4.1373,-2.5788,9.0722
-2.6644,8.7512,8.9042
2.2373,2.9713,8.3102
-9.4455,9.9447,-9.2015
-9.5289,3.6161,-8.7645
-3.1352,9.635,-9.7665
-9.8492,9.5282,-3.7833
-9.4455,9.9447,2.8617
-9.9829,3.7844,-3.9023
-9.5289,3.6161,3.2987
-3.1352,9.635,2.2967
-9.8492,9.5282,8.2799
-9.9829,3.7844,8.1609
8.4758,9.716,-8.8465
8.8959,3.8923,-2.5583
2.6535,9.5958,-2.9073
8.3288,9.3059,-2.7813
8.4758,9.716,3.2167
8.8959,3.8923,9.5049
2.6535,9.5958,9.1559
8.3288,9.3059,9.2819
-8.7813,-8.4744,-9.3759
-3.3408,-9.0895,-3.2237
-9.4891,-3.3471,-3.3047
-9.3307,-8.3959,-2.8637
-8.7813,-8.4744,2.6873
-3.3408,-9.0895,8.8395
-9.4891,-3.3471,8.7585
-9.3307,-8.3959,9.1995
9.3627,-9.4433,-8.3169
3.7716,-8.8685,-8.8709
8.8833,-10.018,-2.5917
9.3627,-9.4433,3.7463
8.2717,-3.5171,-3.7837
3.7716,-8.8685,3.1923
8.8833,-10.018,9.4715
8.2717,-3.5171,8.2795
-3.0052,-8.4853,-8.2132
-10.233,-1.9636,-10.171
3.066,-3.3333,-9.9162
-2.8086,2.728,-8.5232
-3.1629,-3.4005,-8.7422
-8.3997,3.3029,-9.0772
3.6847,3.4104,-9.1662
8.6175,-3.1714,-8.2362
9.1252,2.7952,-3.014
2.9769,8.5376,-3.095
3.2442,-1.468,-3.53
-3.288,2.1538,-2.798
-3.0052,-8.4853,3.85
-10.233,-1.9636,1.892
3.066,-3.3333,2.147
-2.8086,2.728,3.54
-2.7118,-2.8871,-2.646
2.9868,-8.597,-2.463
3.1353,3.4889,-2.654
-3.8997,8.6543,-3.99
-3.1629,-3.4005,3.321
-8.3997,3.3029,2.986
3.6847,3.4104,2.897
8.6175,-3.1714,3.827
9.1252,2.7952,9.0492
2.9769,8.5376,8.9682
3.2442,-1.468,8.5332
-3.288,2.1538,9.2652
-2.7118,-2.8871,9.4172
2.9868,-8.597,9.6002
3.1353,3.4889,9.4092
-3.8997,8.6543,8.0732
-9.1053,8.8381,-10.122
-3.5538,9,-8.4425
-8.9271,10.703,-3.7363
-9.1053,8.8381,1.9407
-9.1845,3.5743,-2.6693
-3.5538,9,3.6207
-8.9271,10.703,8.3269
-9.1845,3.5743,9.3939
9.4608,3.3994,-8.0035
2.2335,9.9211,-9.9615
9.3032,8.4843,-8.5325
9.4608,3.3994,4.0597
2.2335,9.9211,2.1017
9.7543,8.9976,-2.4363
9.3032,8.4843,3.5307
9.7543,8.9976,9.6269
-0.69987,-11.882,-3.2534
-0.69987,-11.882,8.8098
-9.2056,-11.095,-12.731
-9.6298,-11.515,-6.5559
-3.1718,-11.896,-12.539
-9.7013,-5.3185,-11.88
-3.5141,-11.509,-6.4109
-10.121,-6.1911,-7.1659
-12.553,-9.0655,-12.9
-13.45,-8.6264,-6.3899
-6.4118,-8.2799,-11.935
-12.956,-2.8048,-12.592
-6.1629,-7.915,-7.1309
-13.164,-2.7878,-6.5359
-6.9174,-11.917,-9.3919
-13.55,-6.0037,-9.3569
-12.891,-11.851,-9.3319
-9.2056,-11.095,-0.66769
-9.6298,-11.515,5.5073
-3.1718,-11.896,-0.47569
-9.7013,-5.3185,0.18331
-3.5141,-11.509,5.6523
-10.121,-6.1911,4.8973
-12.553,-9.0655,-0.83669
-13.45,-8.6264,5.6733
-6.4118,-8.2799,0.12831
-12.956,-2.8048,-0.52869
-6.1629,-7.915,4.9323
-13.164,-2.7878,5.5273
-6.9032,-10.586,-3.7497
-11.859,-5.7951,-3.4877
-6.9174,-11.917,2.6713
-13.55,-6.0037,2.7063
-13.208,-12.226,-3.5457
-12.871,0.28953,-3.4597
-7.7871,-5.8878,-3.5287
-12.891,-11.851,2.7313
-9.2056,-11.095,11.396
-3.1718,-11.896,11.588
-9.7013,-5.3185,12.247
-12.553,-9.0655,11.227
-6.4118,-8.2799,12.192
-12.956,-2.8048,11.535
-6.9032,-10.586,8.3135
-11.859,-5.7951,8.5755
-13.208,-12.226,8.5175
-12.871,0.28953,8.6035
-7.7871,-5.8878,8.5345
2.752,-11.41,-12.229
8.8918,-5.7268,-12.065
2.9486,-12.077,-5.8319
8.4477,-6.0931,-5.7519
8.9774,-12.62,-12.113
12.084,-9.3521,-12.484
11.187,-8.913,-5.9739
6.5166,-8.8359,-11.816
11.681,-3.0914,-12.176
5.9948,-8.8175,-6.5729
11.473,-3.0744,-6.1199
5.014,-12.065,-8.9889
11.087,-6.2903,-8.9409
11.746,-12.138,-8.9159
2.752,-11.41,-0.16572
8.8918,-5.7268,-0.001721
2.9486,-12.077,6.2313
8.4477,-6.0931,6.3113
8.9774,-12.62,-0.049721
8.4958,-11.91,-5.6277
12.084,-9.3521,-0.42072
11.187,-8.913,6.0893
6.5166,-8.8359,0.24728
11.681,-3.0914,-0.11272
5.9948,-8.8175,5.4903
11.473,-3.0744,5.9433
5.8491,-11.55,-2.6917
12.778,-6.0817,-3.0717
5.014,-12.065,3.0743
11.087,-6.2903,3.1223
11.43,-12.513,-3.1297
11.766,0.0029041,-3.0437
11.746,-12.138,3.1473
2.752,-11.41,11.897
8.8918,-5.7268,12.061
8.9774,-12.62,12.013
8.4958,-11.91,6.4355
12.084,-9.3521,11.642
6.5166,-8.8359,12.31
11.681,-3.0914,11.95
5.8491,-11.55,9.3715
12.778,-6.0817,8.9915
11.43,-12.513,8.9335
11.766,0.0029041,9.0195
-3.1438,-4.9625,-12.129
-9.4194,0.76155,-12.435
3.2605,0.78984,-12.521
-3.2796,6.4446,-12.271
-9.2228,0.094045,-6.0382
2.8362,0.36982,-6.3462
-3.7236,6.0783,-5.9582
2.9211,-6.5075,-11.79
-3.194,-0.44901,-12.319
9.2942,-0.011314,-12.329
2.7648,6.5662,-11.67
2.9041,-5.3634,-6.4622
8.952,0.37618,-6.2012
2.3448,5.6936,-6.9562
-0.36982,-8.9018,-12.87
-7.2422,-2.5371,-12.744
6.6298,-2.2656,-12.511
-0.086974,2.8192,-12.69
-0.59468,-8.7717,-6.0322
5.7771,-2.4735,-5.9232
-0.98429,3.2583,-6.1802
0.50558,-3.3057,-12.376
-5.6547,3.3354,-12.022
6.0542,3.6048,-11.725
-0.49002,9.08,-12.382
-0.38467,-2.4211,-6.3722
-6.1766,3.3538,-6.7792
6.3031,3.9697,-6.9212
-0.69791,9.0969,-6.3262
-0.90156,-6.2996,-9.2052
-7.1573,0.10607,-9.1952
5.5487,-0.03182,-9.1822
-1.084,5.881,-9.1472
5.7608,-4.7214,-9.3472
-0.42497,0.033234,-9.1222
0.3281,-11.263,-9.2642
-6.8434,-5.1576,-9.4362
-3.1438,-4.9625,-0.066
-9.4194,0.76155,-0.372
3.2605,0.78984,-0.458
-3.2796,6.4446,-0.208
-3.8318,-4.9872,-5.837
-9.2228,0.094045,6.025
2.8362,0.36982,5.717
-3.7236,6.0783,6.105
2.9211,-6.5075,0.273
-3.194,-0.44901,-0.256
9.2942,-0.011314,-0.266
2.7648,6.5662,0.393
2.9041,-5.3634,5.601
-3.6755,0.26163,-5.834
8.952,0.37618,5.862
2.3448,5.6936,5.107
-0.36982,-8.9018,-0.807
-7.2422,-2.5371,-0.681
6.6298,-2.2656,-0.448
-0.086974,2.8192,-0.627
-0.59468,-8.7717,6.031
-6.7925,-2.803,-5.177
5.7771,-2.4735,6.14
-0.98429,3.2583,5.883
0.50558,-3.3057,-0.313
-5.6547,3.3354,0.041
6.0542,3.6048,0.338
-0.49002,9.08,-0.319
-0.38467,-2.4211,5.691
-6.1766,3.3538,5.284
6.3031,3.9697,5.142
-0.69791,9.0969,5.737
-0.80539,-5.9545,-3.227
-6.3222,0.62155,-2.898
5.5628,1.299,-3.54
0.6067,6.0896,-3.278
-0.90156,-6.2996,2.858
-7.1573,0.10607,2.868
5.5487,-0.03182,2.881
-1.084,5.881,2.916
4.9745,-5.8216,-3.123
-0.74176,-0.34153,-3.336
-0.40517,12.174,-3.25
4.6789,5.997,-3.319
5.7608,-4.7214,2.716
-0.42497,0.033234,2.941
0.3281,-11.263,2.799
-6.8434,-5.1576,2.627
-3.1438,-4.9625,11.997
-9.4194,0.76155,11.691
3.2605,0.78984,11.605
-3.2796,6.4446,11.855
-3.8318,-4.9872,6.2262
2.9211,-6.5075,12.336
-3.194,-0.44901,11.807
9.2942,-0.011314,11.797
2.7648,6.5662,12.456
-3.6755,0.26163,6.2292
-0.36982,-8.9018,11.256
-7.2422,-2.5371,11.382
6.6298,-2.2656,11.615
-0.086974,2.8192,11.436
-6.7925,-2.803,6.8862
0.50558,-3.3057,11.75
-5.6547,3.3354,12.104
6.0542,3.6048,12.401
-0.49002,9.08,11.744
-0.80539,-5.9545,8.8362
-6.3222,0.62155,9.1652
5.5628,1.299,8.5232
0.6067,6.0896,8.7852
4.9745,-5.8216,8.9402
-0.74176,-0.34153,8.7272
-0.40517,12.174,8.8132
4.6789,5.997,8.7442
-8.9109,12.961,-12.727
-9.3351,12.541,-6.5525
-9.2503,5.6638,-11.996
-2.8771,12.16,-12.535
-9.2673,6.8079,-6.6685
-3.2194,12.548,-6.4075
-12.541,3.2696,-13.076
-5.5415,9.9058,-12.717
-12.766,3.3997,-6.2385
-6.3943,9.6979,-6.1295
-11.666,8.8656,-12.582
-12.556,9.7502,-6.5785
-13.073,5.8717,-9.4115
-6.6227,12.14,-9.3885
-6.4106,7.45,-9.5535
-12.596,12.205,-9.3285
-11.843,0.90856,-9.4705
-8.9109,12.961,-0.66428
-9.3351,12.541,5.5107
-9.2503,5.6638,0.066721
-2.8771,12.16,-0.47228
-9.2673,6.8079,5.3947
-3.2194,12.548,5.6557
-12.541,3.2696,-1.0133
-5.5415,9.9058,-0.65428
-12.766,3.3997,5.8247
-6.3943,9.6979,5.9337
-11.666,8.8656,-0.51928
-12.556,9.7502,5.4847
-12.977,6.2168,-3.4333
-6.6085,13.47,-3.7463
-13.073,5.8717,2.6517
-6.6227,12.14,2.6747
-7.1969,6.3497,-3.3293
-12.913,11.83,-3.5423
-6.4106,7.45,2.5097
-12.596,12.205,2.7347
-11.843,0.90856,2.5927
-8.9109,12.961,11.399
-9.2503,5.6638,12.13
-2.8771,12.16,11.591
-12.541,3.2696,11.05
-5.5415,9.9058,11.409
-11.666,8.8656,11.544
-12.977,6.2168,8.6299
-6.6085,13.47,8.3169
-7.1969,6.3497,8.7339
-12.913,11.83,8.5209
9.3223,6.9223,-11.92
3.0467,12.646,-12.226
3.2433,11.979,-5.8285
9.272,11.436,-12.11
12.096,2.983,-12.661
5.2239,9.3476,-12.535
11.871,3.1131,-5.8225
12.972,8.579,-12.167
12.081,9.4636,-6.1625
11.564,5.5851,-8.9955
5.3087,11.991,-8.9855
12.041,11.918,-8.9125
12.794,0.62193,-9.0545
5.6227,6.7271,-9.2265
9.3223,6.9223,0.14369
3.0467,12.646,-0.16231
8.6342,6.8975,-5.6273
3.2433,11.979,6.2347
9.272,11.436,-0.046311
8.7905,12.146,-5.6243
12.096,2.983,-0.59731
5.2239,9.3476,-0.47131
11.871,3.1131,6.2407
5.6736,9.0818,-4.9673
12.972,8.579,-0.10331
12.081,9.4636,5.9007
11.661,5.9302,-3.0173
6.1438,12.506,-2.6883
11.564,5.5851,3.0677
5.3087,11.991,3.0777
11.724,11.543,-3.1263
12.041,11.918,3.1507
12.794,0.62193,3.0087
5.6227,6.7271,2.8367
9.3223,6.9223,12.207
3.0467,12.646,11.901
8.6342,6.8975,6.4359
9.272,11.436,12.017
8.7905,12.146,6.4389
12.096,2.983,11.466
5.2239,9.3476,11.592
5.6736,9.0818,7.0959
12.972,8.579,11.96
11.661,5.9302,9.0459
6.1438,12.506,9.3749
11.724,11.543,8.9369
0.62279,12.793,-9.2608
0.62279,12.793,2.8024
0,0,0
0.047376,5.9362,-0.282
-0.071418,0.37972,-6.0132
-0.070711,-6.0161,-0.392
-0.071418,0.37972,6.05
-6.4113,0.18314,0.18
6.5026,0.39032,0.102
-0.27648,-5.6462,5.959
-6.0147,-5.6823,-0.072
-0.27648,-5.6462,-6.1042
-0.30335,6.0705,5.7
6.1002,0.68943,5.64
6.1447,-5.8449,-0.25772
-6.4976,0.15627,-5.583
-6.0267,6.3265,-0.464
-0.30335,6.0705,-6.3632
6.1002,0.68943,-6.4232
6.4514,6.2024,0.13769
-6.4976,0.15627,6.4802
5.8393,-5.6639,-5.9952
5.8393,-5.6639,6.068
-6.7484,-5.344,5.8683
5.7177,6.5407,-5.9852
5.7177,6.5407,6.078
-6.7484,-5.344,-6.1949
-6.3321,6.5074,5.8617
-6.3321,6.5074,-6.2015
11.789,-0.050836,0.15728
-0.67724,-11.936,-0.05241
0,0,-12.063
0,0,12.063
-0.38254,12.121,-0.049
-12.849,0.23579,-0.25869
-5.9635,-11.494,-0.10769
-0.070711,-6.0161,11.671
0.047376,5.9362,11.781
5.76,-11.988,0.38628
-0.10394,11.923,5.977
-0.10394,11.923,-6.0862
12.067,-0.24883,-5.8799
-6.4113,0.18314,-11.883
6.0547,12.068,0.38969
-0.39864,-12.134,5.9736
12.067,-0.24883,6.1833
-0.39864,-12.134,-6.0896
6.5026,0.39032,-11.961
0.047376,5.9362,-12.345
-12.242,6.1553,-0.59828
12.395,5.8687,-0.18231
12.219,-6.2352,-0.075721
-12.419,-5.9486,-0.49169
-5.6688,12.562,-0.10428
6.5026,0.39032,12.165
-6.4113,0.18314,12.243
-12.57,0.037798,5.7673
-0.070711,-6.0161,-12.455
-6.3658,-11.195,5.4303
-12.57,0.037798,-6.2959
5.6737,-12.015,-5.3767
5.9684,12.041,-5.3733
-6.3658,-11.195,-6.6329
-6.0267,6.3265,11.599
6.1447,-5.8449,11.805
-6.0147,-5.6823,11.991
11.868,-6.1008,5.9063
-6.0147,-5.6823,-12.135
11.868,-6.1008,-6.1569
5.6737,-12.015,6.6865
12.19,6.2385,-5.8945
6.4514,6.2024,-11.926
6.1447,-5.8449,-12.321
5.9684,12.041,6.6899
12.19,6.2385,6.1687
-12.769,-5.8142,5.4903
6.4514,6.2024,12.201
-12.448,6.5251,5.7527
-6.0711,12.861,5.4337
-6.0267,6.3265,-12.527
-12.448,6.5251,-6.3105
-12.769,-5.8142,-6.5729
-6.0711,12.861,-6.6295
11.789,-0.050836,-11.906
-0.67724,-11.936,12.011
11.789,-0.050836,12.22
-0.67724,-11.936,-12.116
-0.38254,12.121,12.014
-0.38254,12.121,-12.112
12.171,-12.171,0.20628
-12.171,12.171,-0.20628
-12.466,-11.885,-0.20969
12.466,11.885,0.20969
-12.849,0.23579,11.805
-5.9635,-11.494,11.956
5.76,-11.988,-11.677
-5.9635,-11.494,-12.171
-12.849,0.23579,-12.322
6.0547,12.068,-11.674
12.1,-11.792,-5.8069
-12.242,6.1553,11.465
-12.419,-5.9486,11.572
-12.537,-11.505,5.8403
12.1,-11.792,6.2563
-12.537,-11.505,-6.2229
12.395,5.8687,11.881
12.219,-6.2352,11.987
5.76,-11.988,12.449
-5.6688,12.562,11.959
12.219,-6.2352,-12.139
6.0547,12.068,12.453
12.395,12.264,-5.8035
-5.6688,12.562,-12.167
12.395,5.8687,-12.246
-12.243,12.551,5.8437
12.395,12.264,6.2597
-12.243,12.551,-6.2195
-12.419,-5.9486,-12.555
-12.242,6.1553,-12.661
12.171,-12.171,-11.857
-12.171,12.171,11.857
-12.466,-11.885,11.854
12.466,11.885,-11.854
12.171,-12.171,12.269
-12.171,12.171,-12.269
-12.466,-11.885,-12.273
12.466,11.885,12.273
