-9.2918,-3.0565,-9.9749
-9.68,-8.1427,-9.8559
-3.5035,-8.9849,-4.1207
-9.2918,-3.0565,2.0883
-10.383,-8.9347,-3.5317
-9.68,-8.1427,2.2073
-3.5035,-8.9849,7.9425
-10.383,-8.9347,8.5315
8.8769,-9.437,-8.6079
9.4066,-2.7258,-9.2459
9.4582,-9.1287,-3.3617
8.8769,-9.437,3.4553
9.4066,-2.7258,2.8173
9.4582,-9.1287,8.7015
2.8489,-2.9338,-9.1242
-3.2944,2.7344,-8.8142
-2.5689,-9.1139,-9.1502
3.1742,8.8282,-9.7652
2.8157,-7.9592,-9.5122
-3.0787,-2.7676,-9.3102
-2.7648,9.4455,-9.4522
2.786,3.742,-9.6462
3.3305,-1.9856,-3.046
-2.7132,3.0427,-3.568
8.9626,2.8998,-3.911
-9.3713,-2.3158,-2.84
2.8489,-2.9338,2.939
-3.2944,2.7344,3.249
-2.5689,-9.1139,2.913
3.1742,8.8282,2.298
2.8546,-8.8226,-3.619
-3.5758,-2.8037,-3.236
9.179,-2.5788,-3.794
2.0831,2.95,-3.322
2.8157,-7.9592,2.551
-3.0787,-2.7676,2.753
-2.7648,9.4455,2.611
2.786,3.742,2.417
3.3305,-1.9856,9.0172
-2.7132,3.0427,8.4952
8.9626,2.8998,8.1522
-9.3713,-2.3158,9.2232
2.8546,-8.8226,8.4442
-3.5758,-2.8037,8.8272
9.179,-2.5788,8.2692
2.0831,2.95,8.7412
-9.3224,9.2376,-9.3305
-9.3557,4.2122,-9.7185
-8.8409,10.186,-3.2523
-9.3224,9.2376,2.7327
-9.3168,3.3488,-3.8253
-2.9924,9.5925,-4.0003
-9.3557,4.2122,2.3447
-8.8409,10.186,8.8109
-9.3168,3.3488,8.2379
-2.9924,9.5925,8.0629
9.8971,2.7708,-8.9405
9.3873,9.1171,-9.1005
3.0948,9.569,-2.6303
9.8971,2.7708,3.1227
8.8902,9.0811,-3.0263
9.3873,9.1171,2.9627
3.0948,9.569,9.4329
8.8902,9.0811,9.0369
-9.6355,-9.1305,-8.7339
-3.5402,-8.6723,-2.6527
-9.0939,-3.3846,-3.3127
-9.2791,-8.7784,-2.5297
-9.6355,-9.1305,3.3293
-3.5402,-8.6723,9.4105
-9.0939,-3.3846,8.7505
-9.2791,-8.7784,9.5335
8.9986,-8.0991,-9.2849
2.9924,-9.5954,-8.8559
8.749,-9.1478,-2.0377
8.9986,-8.0991,2.7783
3.3778,-8.7702,-2.1957
9.5572,-2.6304,-2.2597
2.9924,-9.5954,3.2073
8.749,-9.1478,10.025
3.3778,-8.7702,9.8675
9.5572,-2.6304,9.8035
-3.2591,-8.0377,-9.9302
-9.7828,-2.2069,-9.1922
3.9442,-2.5979,-8.1732
-3.1728,4.0722,-9.4912
-3.7293,-2.8935,-7.9592
-9.179,2.576,-9.0622
2.8305,2.7542,-8.5242
8.9972,-2.332,-8.1282
8.9258,3.2124,-2.443
3.3722,8.5001,-3.103
3.3199,-3.4316,-3.423
-3.4224,3.0236,-2.244
-3.2591,-8.0377,2.133
-9.7828,-2.2069,2.871
3.9442,-2.5979,3.89
-3.1728,4.0722,2.572
-2.5428,-2.8199,-2.15
-8.7936,3.4012,-2.402
3.1869,3.1063,-2.32
-2.6142,9.541,-2.466
-3.7293,-2.8935,4.104
-9.179,2.576,3.001
2.8305,2.7542,3.539
8.9972,-2.332,3.935
8.9258,3.2124,9.6202
3.3722,8.5001,8.9602
3.3199,-3.4316,8.6402
-3.4224,3.0236,9.8192
-2.5428,-2.8199,9.9132
-8.7936,3.4012,9.6612
3.1869,3.1063,9.7432
-2.6142,9.541,9.5972
-8.2271,9.5734,-8.3795
-3.1741,9.8393,-8.3345
-8.8515,8.7398,-3.6293
-8.2271,9.5734,3.6837
-3.1741,9.8393,3.7287
-8.8515,8.7398,8.4339
9.207,3.847,-9.7205
2.6832,9.6778,-8.9825
8.7368,8.9912,-7.7495
9.207,3.847,2.3427
2.6832,9.6778,3.0807
9.9233,9.0648,-1.9403
8.7368,8.9912,4.3137
9.9233,9.0648,10.123
-0.62491,-12.077,-3.3194
-0.62491,-12.077,8.7438
-9.1851,-11.463,-12.439
-9.388,-11.88,-6.6749
-3,-11.291,-12.584
-9.5019,-6.0172,-12.804
-3.4108,-11.545,-6.4009
-9.4792,-6.136,-6.4699
-12.605,-8.5889,-12.584
-12.332,-8.8965,-6.4149
-6.1799,-8.5246,-12.25
-12.13,-2.3833,-12.174
-6.5539,-8.8816,-7.5549
-12.499,-2.7779,-6.9249
-6.124,-12.516,-9.6429
-12.45,-5.7386,-9.5429
-12.402,-10.89,-9.6699
-9.1851,-11.463,-0.37569
-9.388,-11.88,5.3883
-3,-11.291,-0.52069
-9.5019,-6.0172,-0.74069
-3.4108,-11.545,5.6623
-9.4792,-6.136,5.5933
-12.605,-8.5889,-0.52069
-12.332,-8.8965,5.6483
-6.1799,-8.5246,-0.18669
-12.13,-2.3833,-0.11069
-6.5539,-8.8816,4.5083
-12.499,-2.7779,5.1383
-6.7802,-10.549,-3.4627
-12.641,-4.8427,-3.6447
-6.124,-12.516,2.4203
-12.45,-5.7386,2.5203
-12.825,-12.107,-3.5607
-12.796,0.094367,-3.5257
-6.9754,-6.4393,-3.7637
-12.402,-10.89,2.3933
-9.1851,-11.463,11.688
-3,-11.291,11.543
-9.5019,-6.0172,11.323
-12.605,-8.5889,11.543
-6.1799,-8.5246,11.877
-12.13,-2.3833,11.953
-6.7802,-10.549,8.6005
-12.641,-4.8427,8.4185
-12.825,-12.107,8.5025
-12.796,0.094367,8.5375
-6.9754,-6.4393,8.2995
3.1444,-11.756,-12.045
8.9314,-5.9559,-12.356
2.8432,-12.385,-6.1999
9.1661,-5.7565,-6.4449
9.1096,-12.014,-12.178
8.9731,-12.011,-5.8179
12.032,-8.8755,-12.168
12.306,-9.1831,-5.9989
5.8102,-9.2043,-11.067
12.507,-2.67,-11.758
5.4659,-9.3804,-6.1989
12.138,-3.0645,-6.5089
5.6801,-12.775,-8.8429
12.187,-6.0252,-9.1269
12.236,-11.176,-9.2539
3.1444,-11.756,0.018279
8.9314,-5.9559,-0.29272
2.8432,-12.385,5.8633
9.1661,-5.7565,5.6183
9.1096,-12.014,-0.11472
8.9731,-12.011,6.2453
12.032,-8.8755,-0.10472
12.306,-9.1831,6.0643
5.8102,-9.2043,0.99628
12.507,-2.67,0.30528
5.4659,-9.3804,5.8643
12.138,-3.0645,5.5543
6.074,-11.042,-2.7027
11.997,-5.1293,-3.2287
5.6801,-12.775,3.2203
12.187,-6.0252,2.9363
6.062,-6.6121,-3.0367
11.812,-12.393,-3.1447
11.841,-0.19226,-3.1097
12.236,-11.176,2.8093
3.1444,-11.756,12.081
8.9314,-5.9559,11.77
9.1096,-12.014,11.948
12.032,-8.8755,11.958
5.8102,-9.2043,13.059
12.507,-2.67,12.368
6.074,-11.042,9.3605
11.997,-5.1293,8.8345
6.062,-6.6121,9.0265
11.812,-12.393,8.9185
11.841,-0.19226,8.9535
-3.008,-5.9199,-12.954
-9.0269,0.41578,-12.251
3.281,0.42144,-12.229
-3.24,6.2155,-12.562
-3.1007,-5.8966,-6.4392
-9.3282,-0.21355,-6.4062
3.078,0.0049497,-6.4652
-3.0052,6.4149,-6.6512
3.3093,-5.3712,-12.844
-3.0618,0.15698,-12.384
9.466,0.59326,-12.374
2.9642,5.8676,-12.594
3.3609,-5.6165,-6.5522
-3.1982,0.16051,-6.0242
9.0552,0.33941,-6.1912
2.9868,5.7488,-6.2602
0.55296,-8.4994,-13.096
-6.2388,-2.8546,-12.734
6.4347,-2.762,-13.288
-0.1393,3.2958,-12.374
0.30264,-8.9576,-6.1852
0.13435,2.9882,-6.2052
-0.057276,-2.8518,-11.455
-6.3611,2.967,-11.273
6.2862,3.3602,-12.04
0.33588,9.5014,-11.964
-0.1195,-3.0186,-6.7922
-6.7055,2.791,-6.4052
5.9121,3.0031,-7.3452
-0.033234,9.1068,-6.7152
-0.57064,-6.0578,-9.4972
-6.4912,-0.60387,-9.0492
6.342,-0.63145,-9.4332
0.015556,6.1462,-9.3332
6.289,-4.6994,-9.4142
0.064347,0.9949,-9.4602
0.71276,-11.076,-9.4602
-5.7509,-5.5345,-9.6522
-3.008,-5.9199,-0.891
-9.0269,0.41578,-0.188
3.281,0.42144,-0.166
-3.24,6.2155,-0.499
-3.1007,-5.8966,5.624
-9.3282,-0.21355,5.657
3.078,0.0049497,5.598
-3.0052,6.4149,5.412
3.3093,-5.3712,-0.781
-3.0618,0.15698,-0.321
9.466,0.59326,-0.311
2.9642,5.8676,-0.531
3.3609,-5.6165,5.511
-3.1982,0.16051,6.039
9.0552,0.33941,5.872
2.9868,5.7488,5.803
0.55296,-8.4994,-1.033
-6.2388,-2.8546,-0.671
6.4347,-2.762,-1.225
-0.1393,3.2958,-0.311
0.30264,-8.9576,5.878
-6.6942,-3.3595,-5.751
5.7495,-2.8093,-5.543
0.13435,2.9882,5.858
-0.057276,-2.8518,0.608
-6.3611,2.967,0.79
6.2862,3.3602,0.023
0.33588,9.5014,0.099
-0.1195,-3.0186,5.271
-6.7055,2.791,5.658
5.9121,3.0031,4.718
-0.033234,9.1068,5.348
0.11597,-4.6089,-3.09
-6.0974,1.1292,-2.909
5.6858,1.3357,-3.253
-0.17466,7.0421,-3.435
-0.57064,-6.0578,2.566
-6.4912,-0.60387,3.014
6.342,-0.63145,2.63
0.015556,6.1462,2.73
-6.1094,5.5593,-3.243
-0.35921,-0.22203,-3.351
-0.33022,11.979,-3.316
5.4907,5.4454,-3.554
6.289,-4.6994,2.649
0.064347,0.9949,2.603
0.71276,-11.076,2.603
-5.7509,-5.5345,2.411
-3.008,-5.9199,11.172
-9.0269,0.41578,11.875
3.281,0.42144,11.897
-3.24,6.2155,11.564
3.3093,-5.3712,11.282
-3.0618,0.15698,11.742
9.466,0.59326,11.752
2.9642,5.8676,11.532
0.55296,-8.4994,11.03
-6.2388,-2.8546,11.392
6.4347,-2.762,10.838
-0.1393,3.2958,11.752
-6.6942,-3.3595,6.3122
5.7495,-2.8093,6.5202
-0.057276,-2.8518,12.671
-6.3611,2.967,12.853
6.2862,3.3602,12.086
0.33588,9.5014,12.162
0.11597,-4.6089,8.9732
-6.0974,1.1292,9.1542
5.6858,1.3357,8.8102
-0.17466,7.0421,8.6282
-6.1094,5.5593,8.8202
-0.35921,-0.22203,8.7122
-0.33022,11.979,8.7472
5.4907,5.4454,8.5092
-8.8904,12.593,-12.435
-9.0933,12.176,-6.6715
-8.8621,6.8002,-13.05
-2.7053,12.765,-12.58
-8.8105,6.5548,-6.7585
-3.1161,12.511,-6.3975
-11.618,3.6719,-13.302
-5.7367,9.4094,-13.494
-11.869,3.2137,-6.3915
-12.229,9.3196,-11.661
-12.291,9.1527,-6.9985
-12.742,6.1136,-9.7035
-5.8293,11.54,-9.6395
-5.8823,7.4719,-9.6205
-12.107,13.166,-9.6665
-11.459,1.0952,-9.6665
-8.8904,12.593,-0.37228
-9.0933,12.176,5.3917
-8.8621,6.8002,-0.98728
-2.7053,12.765,-0.51728
-8.8105,6.5548,5.3047
-3.1161,12.511,5.6657
-11.618,3.6719,-1.2393
-5.7367,9.4094,-1.4313
-11.869,3.2137,5.6717
-6.4219,9.362,-5.7493
-12.229,9.3196,0.40172
-12.291,9.1527,5.0647
-12.055,7.5624,-3.2963
-6.4855,13.507,-3.4593
-12.742,6.1136,2.3597
-5.8293,11.54,2.4237
-12.531,11.949,-3.5573
-5.8823,7.4719,2.4427
-12.107,13.166,2.3967
-11.459,1.0952,2.3967
-8.8904,12.593,11.691
-8.8621,6.8002,11.076
-2.7053,12.765,11.546
-11.618,3.6719,10.824
-5.7367,9.4094,10.632
-6.4219,9.362,6.3139
-12.229,9.3196,12.465
-12.055,7.5624,8.7669
-6.4855,13.507,8.6039
-12.531,11.949,8.5059
9.458,5.9648,-12.745
3.4391,12.301,-12.042
9.3654,5.9882,-6.2295
3.1379,11.671,-6.1965
9.4043,12.042,-12.175
9.2678,12.045,-5.8145
13.019,3.3853,-12.887
6.2272,9.0301,-12.525
12.769,2.9271,-5.9755
12.409,9.033,-11.246
12.347,8.8661,-6.5825
11.895,5.8269,-9.2875
5.9748,11.281,-8.8395
12.53,12.88,-9.2505
13.179,0.80861,-9.2505
6.7151,6.3502,-9.4425
9.458,5.9648,-0.68131
3.4391,12.301,0.021689
9.3654,5.9882,5.8337
3.1379,11.671,5.8667
9.4043,12.042,-0.11131
9.2678,12.045,6.2487
13.019,3.3853,-0.82331
6.2272,9.0301,-0.46131
12.769,2.9271,6.0877
5.7719,8.5253,-5.5413
12.409,9.033,0.81769
12.347,8.8661,5.4807
12.582,7.2758,-2.8803
6.3687,13.014,-2.6993
11.895,5.8269,2.7757
5.9748,11.281,3.2237
12.107,11.663,-3.1413
12.53,12.88,2.8127
13.179,0.80861,2.8127
6.7151,6.3502,2.6207
9.458,5.9648,11.382
3.4391,12.301,12.085
9.4043,12.042,11.952
13.019,3.3853,11.24
6.2272,9.0301,11.602
5.7719,8.5253,6.5219
12.409,9.033,12.881
12.582,7.2758,9.1829
6.3687,13.014,9.3639
12.107,11.663,8.9219
1.0075,12.98,-9.4568
1.0075,12.98,2.6064
0,0,0
0.49215,-5.7855,-0.396
-0.29557,0.15274,5.822
-0.0077782,6.0606,-0.064
-6.0592,0.24112,-0.121
6.1299,0.35567,-0.251
-0.29557,0.15274,-6.2412
-0.24466,-5.91,5.466
-5.9114,-5.8563,-0.658
6.3696,-5.4292,-0.258
-0.40871,6.0458,-5.954
6.0719,0.3387,5.982
6.0719,0.3387,-6.0812
-0.40871,6.0458,6.1092
-6.3703,-0.19445,5.86
-0.24466,-5.91,-6.5972
-6.3703,-0.19445,-6.2032
-5.8017,6.7422,-0.46428
6.5546,6.0285,-0.44831
5.7912,5.9383,5.588
6.1455,-5.8244,5.758
-6.0259,6.3469,5.5517
-6.6748,-5.9464,5.3783
5.7912,5.9383,-6.4752
6.1455,-5.8244,-6.3052
-6.0259,6.3469,-6.5115
-6.6748,-5.9464,-6.6849
0.071342,-11.949,-0.082721
0,0,12.063
0,0,-12.063
-12.1,0.22203,-0.289
0.36604,12.107,-0.079311
12.537,-0.064593,0.12697
0.49215,-5.7855,11.667
-6.3361,-11.529,-0.46069
6.1299,0.35567,11.812
-11.679,6.3858,-0.60228
-0.38167,-11.944,5.9236
-6.0592,0.24112,11.942
6.1122,-11.93,0.085279
-0.38167,-11.944,-6.1396
-0.0077782,6.0606,11.999
12.084,-0.059321,-5.9299
-0.086974,12.112,5.927
12.084,-0.059321,6.1333
-0.0077782,6.0606,-12.127
-0.086974,12.112,-6.1362
-6.0592,0.24112,-12.184
12.164,-6.1107,0.14228
6.4068,12.126,0.088689
0.49215,-5.7855,-12.459
6.1299,0.35567,-12.314
-12.474,-5.8241,-0.27369
-12.553,0.2273,5.7173
-6.0414,12.527,-0.45728
-12.553,0.2273,-6.3459
-5.9114,-5.8563,11.405
12.958,6.0992,-0.18631
-6.3941,-11.546,5.7723
11.763,-6.1256,-5.7477
6.3696,-5.4292,11.805
6.0957,11.69,-5.9935
6.0957,11.69,6.0697
-5.8017,6.7422,11.599
-6.3941,-11.546,-6.2909
6.5546,6.0285,11.615
11.763,-6.1256,6.3155
12.221,5.9747,5.6757
-12.416,6.2614,5.2597
6.3696,-5.4292,-12.321
5.801,-12.366,-5.9969
5.801,-12.366,6.0663
12.221,5.9747,-6.3875
-6.0994,12.51,5.7757
-5.9114,-5.8563,-12.721
-6.0994,12.51,-6.2875
-12.875,-5.839,5.8995
6.5546,6.0285,-12.512
-5.8017,6.7422,-12.527
-12.875,-5.839,-6.1637
-12.416,6.2614,-6.8035
-12.1,0.22203,11.774
0.071342,-11.949,11.98
0.071342,-11.949,-12.146
0.36604,12.107,11.984
0.36604,12.107,-12.143
12.171,-12.171,0.20628
-12.171,12.171,-0.20628
-12.466,-11.885,-0.20969
12.466,11.885,0.20969
-12.1,0.22203,-12.352
12.537,-0.064593,-11.936
12.537,-0.064593,12.19
-6.3361,-11.529,11.603
-11.679,6.3858,11.461
11.876,-12.019,6.0283
11.876,-12.019,-6.0349
6.1122,-11.93,-11.978
6.1122,-11.93,12.148
12.164,-6.1107,-11.921
-6.0414,12.527,11.606
-12.474,-5.8241,11.79
12.17,12.037,-6.0315
12.17,12.037,6.0317
-6.3361,-11.529,-12.524
6.4068,12.126,-11.975
-12.762,-11.732,5.6123
12.164,-6.1107,12.205
6.4068,12.126,12.152
-11.679,6.3858,-12.665
-12.467,12.324,5.6157
-12.474,-5.8241,-12.337
-12.762,-11.732,-6.4509
12.958,6.0992,11.877
-12.467,12.324,-6.4475
-6.0414,12.527,-12.52
12.958,6.0992,-12.25
12.171,-12.171,-11.857
-12.171,12.171,11.857
-12.466,-11.885,11.854
12.466,11.885,-11.854
12.171,-12.171,12.269
-12.171,12.171,-12.269
12.466,11.885,12.273
-12.466,-11.885,-12.273
