-2.9724,-8.9106,-9.1859
-9.47,-8.7558,-9.2949
-3.7495,-8.0487,-3.1397
-2.9724,-8.9106,2.8773
-9.3831,-8.6575,-3.1537
-9.47,-8.7558,2.7683
-3.7495,-8.0487,8.9235
-9.3831,-8.6575,8.9095
9.6145,-9.1676,-9.0799
9.3811,-8.4817,-2.4307
9.6145,-9.1676,2.9833
9.3528,-3.9958,-2.4517
9.3811,-8.4817,9.6325
9.3528,-3.9958,9.6115
2.9394,-3.071,-9.2032
-2.5569,3.0038,-9.2862
9.4936,2.9741,-8.9762
-9.2822,-2.3624,-8.8472
3.0193,-8.8615,-8.5812
-3.3368,-2.6509,-9.2122
8.8077,-2.4169,-9.7932
2.996,3.1289,-9.0852
2.9805,-2.8051,-3.09
-2.7902,3.6897,-2.637
8.7165,3.8361,-2.93
-9.9172,-1.6327,-2.466
2.9394,-3.071,2.86
-2.5569,3.0038,2.777
9.4936,2.9741,3.087
-9.2822,-2.3624,3.216
3.0611,-8.2838,-3.129
-3.6515,-3.2173,-3.356
-2.8185,8.1756,-2.658
3.083,3.2272,-2.944
3.0193,-8.8615,3.482
-3.3368,-2.6509,2.851
8.8077,-2.4169,2.27
2.996,3.1289,2.978
2.9805,-2.8051,8.9732
-2.7902,3.6897,9.4262
8.7165,3.8361,9.1332
-9.9172,-1.6327,9.5972
3.0611,-8.2838,8.9342
-3.6515,-3.2173,8.7072
-2.8185,8.1756,9.4052
3.083,3.2272,9.1192
-9.2319,9.1004,-9.4095
-9.152,3.3099,-8.7875
-3.3636,9.7545,-9.9995
-9.1909,9.3663,-3.2963
-9.2319,9.1004,2.6537
-9.1103,3.8876,-3.3353
-9.152,3.3099,3.2757
-3.3636,9.7545,2.0637
-9.1909,9.3663,8.7669
-9.1103,3.8876,8.7279
3.1839,9.5223,-8.6375
9.1292,9.2338,-9.0025
2.5489,10.252,-2.2563
3.1839,9.5223,3.4257
8.8145,8.6674,-3.1463
9.1292,9.2338,3.0607
2.5489,10.252,9.8069
8.8145,8.6674,8.9169
-10.321,-3.3316,-9.3459
-8.5741,-8.7961,-8.1069
-3.5169,-8.8824,-1.9057
-10.321,-3.3316,2.7173
-9.598,-7.9787,-1.8387
-8.5741,-8.7961,3.9563
-3.5169,-8.8824,10.158
-9.598,-7.9787,10.225
10.982,-9.4843,-8.5939
3.4534,-10.427,-8.6969
8.9066,-3.6882,-8.4909
8.9434,-9.3733,-3.5447
10.982,-9.4843,3.4693
3.8056,-9.543,-2.4677
3.4534,-10.427,3.3663
8.9066,-3.6882,3.5723
8.9434,-9.3733,8.5185
3.8056,-9.543,9.5955
-2.6545,-8.1855,-7.8522
2.1454,8.5532,-9.1362
3.5412,-2.2104,-8.1232
-1.1894,2.687,-8.8002
-1.9672,-2.8001,-8.6322
-8.7179,1.7444,-8.9032
3.8919,3.0886,-7.8972
-3.2647,8.4832,-8.6972
8.9491,3.0024,-1.696
-9.4172,-2.3886,-3.64
3.7809,-2.2267,-1.992
-3.2279,2.798,-3.751
-2.6545,-8.1855,4.211
2.1454,8.5532,2.927
3.5412,-2.2104,3.94
-1.1894,2.687,3.263
-2.9755,-2.9882,-2.055
-8.3658,2.6283,-2.674
2.868,3.9061,-1.629
8.6684,-2.5958,-2.914
-1.9672,-2.8001,3.431
-8.7179,1.7444,3.16
3.8919,3.0886,4.166
-3.2647,8.4832,3.366
8.9491,3.0024,10.367
-9.4172,-2.3886,8.4232
3.7809,-2.2267,10.071
-3.2279,2.798,8.3122
-2.9755,-2.9882,10.008
-8.3658,2.6283,9.3892
2.868,3.9061,10.434
8.6684,-2.5958,9.1492
-8.6302,9.9609,-8.3295
-8.3905,9.9447,-2.1983
-8.6302,9.9609,3.7337
-3.5029,9.5756,-3.1203
-8.3905,9.9447,9.8649
-3.5029,9.5756,8.9429
9.8116,3.6993,-7.6425
10.499,9.0846,-8.4225
3.0488,9.4961,-3.4303
9.8116,3.6993,4.4207
9.4905,8.8965,-1.8453
10.499,9.0846,3.6407
3.0488,9.4961,8.6329
9.4905,8.8965,10.218
-9.5118,-11.998,-12.044
-8.7566,-11.032,-5.9199
-3.2171,-11.036,-11.683
-9.4764,-5.4444,-11.819
-2.79,-12.306,-7.1729
-9.3519,-6.0115,-6.4799
-12.4,-8.9036,-12.073
-12.251,-8.4567,-6.0419
-6.5928,-8.4892,-12.501
-12.984,-2.8896,-12.019
-5.7761,-8.5451,-6.1499
-12.042,-2.4272,-5.8979
-6.805,-11.714,-9.1589
-12.598,-5.7421,-9.1859
-12.042,-11.919,-9.3009
-6.416,-6.3679,-9.2159
-9.5118,-11.998,0.019311
-8.7566,-11.032,6.1433
-3.2171,-11.036,0.38031
-9.4764,-5.4444,0.24431
-2.79,-12.306,4.8903
-9.3519,-6.0115,5.5833
-12.4,-8.9036,-0.009689
-12.251,-8.4567,6.0213
-6.5928,-8.4892,-0.43769
-12.984,-2.8896,0.044311
-5.7761,-8.5451,5.9133
-12.042,-2.4272,6.1653
-6.2697,-11.574,-2.9957
-11.55,-4.9169,-3.1207
-6.805,-11.714,2.9043
-12.598,-5.7421,2.8773
-13.263,-12.061,-3.1797
-1.805,-11.696,-3.1567
-7.3586,-4.9317,-3.2487
-12.042,-11.919,2.7623
-6.416,-6.3679,2.8473
-9.5118,-11.998,12.083
-3.2171,-11.036,12.444
-9.4764,-5.4444,12.308
-12.4,-8.9036,12.054
-6.5928,-8.4892,11.626
-12.984,-2.8896,12.108
-6.2697,-11.574,9.0675
-11.55,-4.9169,8.9425
-13.263,-12.061,8.8835
-1.805,-11.696,8.9065
-7.3586,-4.9317,8.8145
-13.976,0.47542,-3.363
-13.976,0.47542,8.7002
2.95,-11.588,-11.869
9.1951,-6.7231,-11.384
3.5015,-12.012,-5.6189
9.234,-6.0931,-5.9329
8.9957,-11.671,-12.293
9.7396,-12.161,-6.3669
12.238,-9.1902,-11.657
12.386,-8.7433,-5.6259
5.6674,-8.8084,-11.53
11.653,-3.1762,-11.603
6.7938,-9.362,-6.7679
12.595,-2.7138,-5.4819
6.0662,-12.153,-9.0599
12.039,-6.0287,-8.7699
12.595,-12.206,-8.8849
0.42277,-11.867,-8.4359
2.95,-11.588,0.19428
9.1951,-6.7231,0.67928
3.5015,-12.012,6.4443
9.234,-6.0931,6.1303
8.9957,-11.671,-0.22972
9.7396,-12.161,5.6963
12.238,-9.1902,0.40628
12.386,-8.7433,6.4373
5.6674,-8.8084,0.53328
11.653,-3.1762,0.46028
6.7938,-9.362,5.2953
12.595,-2.7138,6.5813
6.1079,-11.421,-3.1817
13.088,-5.2035,-2.7047
6.0662,-12.153,3.0033
12.039,-6.0287,3.2933
5.7636,-7.4281,-3.0467
11.374,-12.347,-2.7637
12.595,-12.206,3.1783
0.42277,-11.867,3.6273
2.95,-11.588,12.257
9.1951,-6.7231,12.742
8.9957,-11.671,11.833
12.238,-9.1902,12.469
5.6674,-8.8084,12.596
11.653,-3.1762,12.523
6.1079,-11.421,8.8815
13.088,-5.2035,9.3585
5.7636,-7.4281,9.0165
11.374,-12.347,9.2995
-3.2817,-5.6151,-11.632
-9.2214,0.58336,-12.075
2.9543,-0.11314,-11.834
-2.9762,5.4483,-11.59
-3.1954,-5.2998,-6.0342
-8.6698,0.1591,-5.8252
3.7095,0.85277,-5.7102
-2.9373,6.0783,-6.1392
2.762,-5.1633,-12.794
-3.1756,0.49992,-12.499
9.249,0.84853,-11.473
2.9896,6.4403,-11.609
-2.4317,0.010607,-6.5732
9.676,-0.42144,-6.9632
3.1141,5.8732,-6.2702
0.10607,-8.8699,-12.509
-5.7756,-2.8369,-12.062
6.5372,-2.5915,-12.379
0.066468,2.9812,-11.863
-6.6107,-2.7061,-6.3932
0.21496,3.4281,-5.8322
-0.64205,-2.9048,-11.899
-6.504,3.363,-11.736
5.8732,3.3955,-12.291
-0.51831,8.9951,-11.809
0.52892,-2.6177,-6.2752
-5.3775,2.8093,-6.9742
6.6899,3.3397,-5.9402
0.42356,9.4576,-5.6882
-0.037477,-5.8414,-9.0302
-6.1052,0.018385,-9.2662
5.6611,0.17112,-8.9492
-0.13223,6.1426,-8.9762
6.2643,-5.2701,-8.9242
0.42356,-0.034648,-9.0912
-11.749,0.30476,-8.6422
6.05,5.5168,-9.0062
-3.2817,-5.6151,0.431
-9.2214,0.58336,-0.012
2.9543,-0.11314,0.229
-2.9762,5.4483,0.473
-3.1954,-5.2998,6.029
-8.6698,0.1591,6.238
3.7095,0.85277,6.353
-2.9373,6.0783,5.924
2.762,-5.1633,-0.731
-3.1756,0.49992,-0.436
9.249,0.84853,0.59
2.9896,6.4403,0.454
3.1933,-5.2665,-5.644
-2.4317,0.010607,5.49
9.676,-0.42144,5.1
3.1141,5.8732,5.793
0.10607,-8.8699,-0.446
-5.7756,-2.8369,0.001
6.5372,-2.5915,-0.316
0.066468,2.9812,0.2
0.055861,-8.6684,-5.537
-6.6107,-2.7061,5.67
6.412,-2.6064,-5.212
0.21496,3.4281,6.231
-0.64205,-2.9048,0.164
-6.504,3.363,0.327
5.8732,3.3955,-0.228
-0.51831,8.9951,0.254
0.52892,-2.6177,5.788
-5.3775,2.8093,5.089
6.6899,3.3397,6.123
0.42356,9.4576,6.375
-0.19163,-5.0975,-2.879
-6.0634,0.75024,-3.388
6.1964,0.31042,-2.786
0.91641,6.9678,-2.911
-0.037477,-5.8414,3.033
-6.1052,0.018385,2.797
5.6611,0.17112,3.114
-0.13223,6.1426,3.087
-6.4078,4.7433,-3.253
-0.79691,-0.17607,-2.97
10.661,0.1888,-2.947
5.1074,6.953,-3.039
6.2643,-5.2701,3.139
0.42356,-0.034648,2.972
-11.749,0.30476,3.421
6.05,5.5168,3.057
-3.2817,-5.6151,12.494
-9.2214,0.58336,12.051
2.9543,-0.11314,12.292
-2.9762,5.4483,12.536
2.762,-5.1633,11.332
-3.1756,0.49992,11.627
9.249,0.84853,12.653
2.9896,6.4403,12.517
3.1933,-5.2665,6.4192
0.10607,-8.8699,11.617
-5.7756,-2.8369,12.064
6.5372,-2.5915,11.747
0.066468,2.9812,12.263
0.055861,-8.6684,6.5262
6.412,-2.6064,6.8512
-0.64205,-2.9048,12.227
-6.504,3.363,12.39
5.8732,3.3955,11.835
-0.51831,8.9951,12.317
-0.19163,-5.0975,9.1842
-6.0634,0.75024,8.6752
6.1964,0.31042,9.2772
0.91641,6.9678,9.1522
-6.4078,4.7433,8.8102
-0.79691,-0.17607,9.0932
10.661,0.1888,9.1162
5.1074,6.953,9.0242
-9.2171,12.058,-12.04
-8.4619,13.024,-5.9165
-9.4094,7.0081,-13
-2.9224,13.02,-11.679
-2.4953,11.75,-7.1695
-12.065,3.3014,-12.715
-5.6342,9.5798,-12.585
-12.813,9.2666,-12.105
-11.642,9.5536,-6.4815
-12.209,6.3299,-9.2365
-6.5103,12.342,-9.1555
-5.9071,6.9013,-9.1305
-11.748,12.137,-9.2975
-9.2171,12.058,0.022721
-8.4619,13.024,6.1467
-9.4094,7.0081,-0.93728
-2.9224,13.02,0.38372
-8.9781,6.9048,-5.8503
-2.4953,11.75,4.8937
-12.065,3.3014,-0.65228
-5.6342,9.5798,-0.52228
-12.115,3.5029,-5.7433
-5.7593,9.565,-5.4183
-12.813,9.2666,-0.042279
-11.642,9.5536,5.5817
-12.363,7.0738,-3.0853
-5.975,12.482,-2.9923
-12.209,6.3299,2.8267
-6.5103,12.342,2.9077
-12.968,11.995,-3.1763
-1.5103,12.36,-3.1533
-5.9071,6.9013,2.9327
-11.748,12.137,2.7657
-9.2171,12.058,12.086
-9.4094,7.0081,11.126
-2.9224,13.02,12.447
-8.9781,6.9048,6.2129
-12.065,3.3014,11.411
-5.6342,9.5798,11.541
-12.115,3.5029,6.3199
-5.7593,9.565,6.6449
-12.813,9.2666,12.021
-12.363,7.0738,8.9779
-5.975,12.482,9.0709
-12.968,11.995,8.8869
-1.5103,12.36,8.9099
12.889,0.018139,-8.2262
12.889,0.018139,3.837
9.1844,6.2696,-11.423
3.2447,12.468,-11.866
9.2706,6.585,-5.8245
3.7962,12.044,-5.6155
9.2904,12.385,-12.29
10.034,11.895,-6.3635
12.572,3.0148,-12.3
6.6904,9.0478,-11.853
5.8553,9.1786,-6.1835
11.824,8.9799,-11.69
12.995,9.267,-6.0655
12.429,6.0433,-8.8205
6.3609,11.903,-9.0565
12.89,11.85,-8.8815
0.71747,12.189,-8.4325
9.1844,6.2696,0.64069
3.2447,12.468,0.19769
9.2706,6.585,6.2387
3.7962,12.044,6.4477
9.2904,12.385,-0.22631
10.034,11.895,5.6997
12.572,3.0148,-0.23631
6.6904,9.0478,0.21069
12.522,3.2163,-5.3273
5.8553,9.1786,5.8797
11.824,8.9799,0.37369
12.995,9.267,5.9977
12.274,6.7872,-2.6693
6.4026,12.635,-3.1783
12.429,6.0433,3.2427
6.3609,11.903,3.0067
11.669,11.709,-2.7603
12.89,11.85,3.1817
0.71747,12.189,3.6307
9.1844,6.2696,12.704
3.2447,12.468,12.261
9.2904,12.385,11.837
12.572,3.0148,11.827
6.6904,9.0478,12.274
12.522,3.2163,6.7359
11.824,8.9799,12.437
12.274,6.7872,9.3939
6.4026,12.635,8.8849
11.669,11.709,9.3029
0,0,0
0.51195,0.13294,-5.7012
0.12374,-5.8103,0.096
-0.094752,5.9369,0.335
-6.0033,0.062225,0.046
6.3074,0.45396,0.058
0.51195,0.13294,6.362
0.61943,-5.6724,-5.6882
-0.017678,6.2148,-5.386
-5.8775,0.0014142,5.76
0.61943,-5.6724,6.375
-6.6953,-5.397,-0.038689
-5.9779,6.1631,0.534
-5.8775,0.0014142,-6.3032
6.1935,-6.0082,0.74028
5.7707,6.4877,0.171
6.5902,0.23617,5.85
6.5902,0.23617,-6.2132
-0.017678,6.2148,6.6772
-5.8442,5.4907,-6.0132
-5.8442,5.4907,6.05
5.7912,6.4276,-5.629
-6.6748,-5.4571,-5.8387
-6.6748,-5.4571,6.2245
5.7912,6.4276,6.4342
6.3271,-6.6807,-5.8069
6.3271,-6.6807,6.2563
-0.34341,-11.32,0.037311
0,0,12.063
0,0,-12.063
12.123,0.56427,0.247
-12.515,0.8509,-0.16897
-0.048715,12.736,0.040721
-0.39008,-11.298,5.9563
-0.39008,-11.298,-6.1069
-6.1587,-11.431,-0.15169
-0.094752,5.9369,-11.728
0.12374,-5.8103,-11.967
-6.0033,0.062225,-12.017
12.076,0.5869,-5.8972
0.12374,-5.8103,12.159
-6.0033,0.062225,12.109
6.3074,0.45396,-12.005
12.076,0.5869,6.166
6.4627,11.947,0.25569
6.168,-12.109,0.25228
12.077,-6.2345,0.54128
-12.048,6.3611,-0.11028
6.3074,0.45396,12.121
-0.094752,5.9369,12.398
-12.561,0.87352,5.75
-12.561,-5.9479,0.12531
-5.864,12.625,-0.14828
12.59,6.0744,0.30569
-0.095384,12.758,5.9597
-12.561,0.87352,-6.3132
-0.095384,12.758,-6.1035
-5.8758,-11.649,5.6403
6.1935,-6.0082,-11.323
-5.9779,6.1631,-11.529
12.154,-5.9566,-5.1797
-11.552,6.4989,-5.8945
-5.8758,-11.649,-6.4229
-11.552,6.4989,6.1687
5.7707,6.4877,-11.892
-5.5811,12.408,5.6437
-6.6953,-5.397,12.025
-12.484,-5.67,-5.5957
6.5886,11.886,5.9697
-6.6953,-5.397,-12.102
6.5886,11.886,-6.0935
6.2939,-12.17,5.9663
6.2939,-12.17,-6.0969
5.7707,6.4877,12.234
-5.5811,12.408,-6.4195
-12.484,-5.67,6.4675
12.154,-5.9566,6.8835
-5.9779,6.1631,12.597
6.1935,-6.0082,12.803
13.085,6.2123,-5.4785
13.085,6.2123,6.5847
-0.34341,-11.32,-12.026
-0.34341,-11.32,12.101
12.123,0.56427,-11.816
12.171,-12.171,0.20628
-12.171,12.171,-0.20628
-12.466,-11.885,-0.20969
12.466,11.885,0.20969
-12.515,0.8509,11.894
12.123,0.56427,12.31
-0.048715,12.736,-12.022
-12.515,0.8509,-12.232
-0.048715,12.736,12.104
-6.1587,-11.431,11.912
-11.954,-11.752,-5.9109
12.077,-6.2345,-11.522
-6.1587,-11.431,-12.215
-11.954,-11.752,6.1523
-11.659,12.304,-5.9075
6.4627,11.947,-11.808
6.168,-12.109,-11.811
-11.659,12.304,6.1557
-12.048,6.3611,11.953
12.59,6.0744,-11.758
-12.048,6.3611,-12.173
-12.561,-5.9479,-11.938
-5.864,12.625,11.915
12.683,-12.038,-5.4949
6.4627,11.947,12.319
6.168,-12.109,12.315
-12.561,-5.9479,12.189
-5.864,12.625,-12.211
12.978,12.018,-5.4915
12.077,-6.2345,12.604
12.59,6.0744,12.369
12.683,-12.038,6.5683
12.978,12.018,6.5717
12.171,-12.171,-11.857
-12.171,12.171,11.857
-12.466,-11.885,11.854
12.466,11.885,-11.854
12.171,-12.171,12.269
-12.171,12.171,-12.269
12.466,11.885,12.273
-12.466,-11.885,-12.273
