-10.537,-9.7598,-9.7337
-10.787,-9.3596,-4.1896
-10.537,-9.7598,3.1524
-10.787,-9.3596,8.6966
10.032,-4.3422,-10.02
9.6985,-9.2884,-9.4178
9.5726,-3.8974,-2.8966
10.032,-4.3422,2.8664
9.2261,-9.7805,-2.9926
9.6985,-9.2884,3.4684
9.5726,-3.8974,9.9895
9.2261,-9.7805,9.8935
2.8581,-9.7255,-9.4341
-3.7074,-3.7102,-10.082
-2.9055,8.5949,-10.196
2.6262,2.9614,-9.5611
3.0865,-3.5688,-9.6841
-3.2385,3.6487,-9.5941
-3.6904,-8.4676,-9.2551
-10.22,-2.9776,-9.5911
2.7103,-9.6782,-2.296
-3.0462,-2.7648,-2.858
-3.3644,9.0397,-3.073
2.3759,3.3616,-4.017
2.8581,-9.7255,3.452
-3.7074,-3.7102,2.804
-2.9055,8.5949,2.69
2.6262,2.9614,3.325
2.185,-3.8368,-2.751
-3.7109,3.1565,-3.169
-3.3573,-9.4922,-2.881
-10.394,-2.7415,-3.598
3.0865,-3.5688,3.202
-3.2385,3.6487,3.292
-3.6904,-8.4676,3.631
-10.22,-2.9776,3.295
2.7103,-9.6782,10.59
-3.0462,-2.7648,10.028
-3.3644,9.0397,9.8131
2.3759,3.3616,8.8691
2.185,-3.8368,10.135
-3.7109,3.1565,9.7171
-3.3573,-9.4922,10.005
-10.394,-2.7415,9.2881
-10.079,3.2115,-9.6105
-9.8505,9.3683,-9.8605
-10.227,3.2589,-2.4724
-10.079,3.2115,3.2756
-10.752,9.1003,-2.9274
-9.8505,9.3683,3.0256
-10.227,3.2589,10.414
-10.752,9.1003,9.9588
9.4555,9.011,-9.9096
9.4725,4.2536,-9.0826
2.943,9.7436,-9.4186
10.117,9.9564,-2.6854
9.4555,9.011,2.9766
9.8055,3.229,-2.7084
2.7691,9.9798,-3.4254
9.4725,4.2536,3.8036
2.943,9.7436,3.4676
10.117,9.9564,10.201
9.8055,3.229,10.178
2.7691,9.9798,9.4607
-3.6035,-9.6983,-9.1927
-10.121,-3.3789,-8.4307
-9.3049,-9.7627,-8.8697
-4.3537,-9.7061,-1.8436
-3.6035,-9.6983,3.6934
-10.121,-3.3789,4.4554
-10.587,-9.8779,-2.7936
-9.3049,-9.7627,4.0164
-4.3537,-9.7061,11.043
-10.587,-9.8779,10.093
9.4835,-10.578,-8.6868
3.8832,-9.7112,-8.4658
10.049,-10.244,-1.8276
9.4835,-10.578,4.1994
3.2412,-10.338,-3.3366
10.901,-3.191,-3.0036
3.8832,-9.7112,4.4204
10.049,-10.244,11.058
3.2412,-10.338,9.5495
10.901,-3.191,9.8825
9.5594,3.0229,-9.0201
3.042,9.3423,-8.2581
3.7477,-3.4182,-8.3531
-3.4535,2.3589,-8.8631
-2.5074,-3.2697,-9.2991
-9.0538,3.2258,-8.6421
3.858,2.9585,-8.6971
9.5672,-3.3885,-9.0741
8.8091,3.0151,-1.671
-9.3303,-2.8348,-2.527
3.1007,-3.8332,-1.567
-2.8878,2.6927,-2.004
9.5594,3.0229,3.866
3.042,9.3423,4.628
3.7477,-3.4182,4.533
-3.4535,2.3589,4.023
-3.6147,-4.1253,-2.54
-9.6958,2.5993,-3.513
2.576,2.8433,-2.621
-2.0358,9.7461,-3.18
-2.5074,-3.2697,3.587
-9.0538,3.2258,4.244
3.858,2.9585,4.189
9.5672,-3.3885,3.812
8.8091,3.0151,11.215
-9.3303,-2.8348,10.359
3.1007,-3.8332,11.319
-2.8878,2.6927,10.882
-3.6147,-4.1253,10.346
-9.6958,2.5993,9.3731
2.576,2.8433,10.265
-2.0358,9.7461,9.7061
-9.1894,9.5189,-8.5295
-3.3699,9.5486,-9.2505
-9.8364,9.1038,-1.7434
-9.1894,9.5189,4.3566
-3.3699,9.5486,3.6356
-9.8364,9.1038,11.143
10.655,9.4515,-9.1266
3.8326,9.8864,-2.3544
9.5481,8.5959,-2.3674
10.655,9.4515,3.7596
3.8326,9.8864,10.532
9.5481,8.5959,10.519
-10.16,-13.312,-13.295
-9.761,-12.685,-6.5187
-3.8998,-12.976,-13.304
-10.251,-6.3869,-14.031
-9.8161,-6.3495,-6.6057
-12.925,-9.8306,-12.663
-13.213,-9.67,-7.1117
-6.8491,-9.9515,-11.705
-13.061,-3.3634,-13.281
-6.1484,-9.8687,-6.8617
-13.151,-3.1194,-6.5197
-6.6348,-13.81,-9.4397
-12.536,-6.1006,-9.8277
-13.037,-13.404,-9.8477
-1.8258,-13.027,-9.4057
-7.4381,-6.1974,-9.9017
-10.16,-13.312,-0.40855
-9.761,-12.685,6.3674
-3.8998,-12.976,-0.41755
-10.251,-6.3869,-1.1446
-3.7477,-13.063,-5.5056
-9.8161,-6.3495,6.2804
-12.925,-9.8306,0.22345
-13.213,-9.67,5.7744
-6.8491,-9.9515,1.1814
-13.061,-3.3634,-0.39455
-6.1484,-9.8687,6.0244
-13.151,-3.1194,6.3664
-7.5025,-11.797,-2.8496
-13.999,-6.9809,-3.3386
-6.6348,-13.81,3.4464
-12.536,-6.1006,3.0584
-13.61,-12.238,-3.2856
-7.1913,-7.751,-3.1876
-13.037,-13.404,3.0384
-1.8258,-13.027,3.4804
-7.4381,-6.1974,2.9844
-10.16,-13.312,12.478
-3.8998,-12.976,12.469
-10.251,-6.3869,11.742
-3.7477,-13.063,7.3806
-12.925,-9.8306,13.11
-6.8491,-9.9515,14.068
-13.061,-3.3634,12.492
-7.5025,-11.797,10.037
-13.999,-6.9809,9.5476
-13.61,-12.238,9.6006
-7.1913,-7.751,9.6986
2.8954,-13.075,-12.654
9.3951,-6.9358,-13.009
3.2362,-12.554,-6.2368
9.6044,-6.3362,-6.2588
9.3584,-12.576,-11.723
9.5818,-13.67,-6.2218
13.175,-10.046,-12.314
12.887,-9.8859,-6.7628
5.9756,-10.135,-11.129
13.039,-3.5792,-12.932
6.7873,-10.205,-6.3298
12.949,-3.3352,-6.1708
6.1156,-14.609,-8.7258
13.564,-6.3164,-9.4788
13.063,-13.62,-9.4988
2.8954,-13.075,0.23236
9.3951,-6.9358,-0.12264
3.2362,-12.554,6.6494
9.6044,-6.3362,6.6274
9.3584,-12.576,1.1634
9.5818,-13.67,6.6644
13.175,-10.046,0.57236
12.887,-9.8859,6.1234
5.9756,-10.135,1.7574
13.039,-3.5792,-0.045643
6.7873,-10.205,6.5564
12.949,-3.3352,6.7154
6.2266,-12.319,-2.1656
12.101,-7.1967,-2.9896
6.1156,-14.609,4.1604
13.564,-6.3164,3.4074
5.4672,-7.6649,-2.5906
12.489,-12.454,-2.9366
13.063,-13.62,3.3874
2.8954,-13.075,13.118
9.3951,-6.9358,12.763
9.3584,-12.576,14.049
13.175,-10.046,13.458
5.9756,-10.135,14.643
13.039,-3.5792,12.84
6.2266,-12.319,10.72
12.101,-7.1967,9.8965
5.4672,-7.6649,10.295
12.489,-12.454,9.9495
-3.6197,-6.8413,-12.92
-10.042,-0.13789,-12.83
3.0031,-0.59043,-13.122
-3.5419,6.0012,-13.185
-3.2322,-5.6547,-5.8871
-9.7008,0.38254,-6.4131
3.4019,0.036062,-6.3461
-3.3326,6.6008,-6.4351
3.1813,-6.8285,-11.995
-3.5787,0.36133,-11.899
9.2631,-0.25456,-13.131
2.9119,6.3343,-13.858
3.3602,-7.1785,-6.1651
-3.3552,-0.73327,-6.3981
3.3467,6.3717,-6.4331
-0.37052,-9.8062,-11.636
-6.3873,-3.4613,-13.265
6.1865,-3.6098,-12.606
0.23759,2.8907,-12.49
-0.44406,-9.5601,-6.2261
-0.050205,3.0512,-6.9391
-0.28355,-3.5207,-12.728
-6.9615,2.8023,-11.305
6.3138,2.7697,-11.532
0.10182,9.3579,-13.108
0.73751,-3.3199,-6.1801
-6.1497,2.7316,-6.5061
7.0145,2.8525,-6.6891
0.012021,9.6018,-6.3471
-0.65337,-6.1631,-9.2751
-6.8215,-1.6723,-8.9021
6.528,-1.0889,-9.2671
0.6272,6.6206,-9.6551
6.195,-5.8145,-9.1621
0.12587,-0.68307,-9.6751
11.337,-0.30618,-9.2331
5.7247,6.5238,-9.7291
-3.6197,-6.8413,-0.034
-10.042,-0.13789,0.056
3.0031,-0.59043,-0.236
-3.5419,6.0012,-0.299
-3.2322,-5.6547,6.999
-9.7008,0.38254,6.473
3.4019,0.036062,6.54
-3.3326,6.6008,6.451
3.1813,-6.8285,0.891
-3.5787,0.36133,0.987
9.2631,-0.25456,-0.245
2.9119,6.3343,-0.972
3.3602,-7.1785,6.721
-3.3552,-0.73327,6.488
9.4151,-0.34153,-5.333
3.3467,6.3717,6.453
-0.37052,-9.8062,1.25
-6.3873,-3.4613,-0.379
6.1865,-3.6098,0.28
0.23759,2.8907,0.396
-0.44406,-9.5601,6.66
-6.8886,-3.4832,-4.917
5.7184,-3.5504,-4.954
-0.050205,3.0512,5.947
-0.28355,-3.5207,0.158
-6.9615,2.8023,1.581
6.3138,2.7697,1.354
0.10182,9.3579,-0.222
0.73751,-3.3199,6.706
-6.1497,2.7316,6.38
7.0145,2.8525,6.197
0.012021,9.6018,6.539
-0.48932,-6.6694,-2.821
-6.7104,0.61801,-2.342
5.6604,0.92419,-2.677
-0.8358,5.7403,-3.166
-0.65337,-6.1631,3.611
-6.8215,-1.6723,3.984
6.528,-1.0889,3.619
0.6272,6.6206,3.231
-7.4699,5.2722,-2.767
-0.4476,0.48295,-3.113
-0.13789,-12.306,-2.862
5.9715,4.9703,-3.015
6.195,-5.8145,3.724
0.12587,-0.68307,3.211
11.337,-0.30618,3.653
5.7247,6.5238,3.157
-3.6197,-6.8413,12.852
-10.042,-0.13789,12.942
3.0031,-0.59043,12.65
-3.5419,6.0012,12.587
3.1813,-6.8285,13.777
-3.5787,0.36133,13.873
9.2631,-0.25456,12.641
2.9119,6.3343,11.914
9.4151,-0.34153,7.5531
-0.37052,-9.8062,14.136
-6.3873,-3.4613,12.507
6.1865,-3.6098,13.166
0.23759,2.8907,13.282
-6.8886,-3.4832,7.9691
5.7184,-3.5504,7.9321
-0.28355,-3.5207,13.044
-6.9615,2.8023,14.467
6.3138,2.7697,14.24
0.10182,9.3579,12.664
-0.48932,-6.6694,10.065
-6.7104,0.61801,10.544
5.6604,0.92419,10.209
-0.8358,5.7403,9.7201
-7.4699,5.2722,10.119
-0.4476,0.48295,9.7731
-0.13789,-12.306,10.024
5.9715,4.9703,9.8711
-9.934,12.347,-13.298
-9.5351,12.973,-6.5225
-9.7558,6.1085,-12.171
-3.6739,12.682,-13.307
-9.5769,5.7585,-6.3415
-13.308,3.1309,-11.812
-6.7506,9.3273,-12.782
-13.381,3.377,-6.4025
-13.221,9.4164,-12.904
-12.2,9.6172,-6.3565
-13.59,6.7739,-9.4515
-6.409,11.848,-9.4435
-6.7421,7.1225,-9.3385
-12.811,12.254,-9.8515
-1.6,12.631,-9.4095
-9.934,12.347,-0.41236
-9.5351,12.973,6.3636
-9.7558,6.1085,0.71464
-3.6739,12.682,-0.42136
-9.5769,5.7585,6.5446
-3.5219,12.596,-5.5094
-13.308,3.1309,1.0736
-6.7506,9.3273,0.10364
-13.381,3.377,6.4836
-7.2187,9.3867,-5.1304
-13.221,9.4164,-0.018357
-12.2,9.6172,6.5296
-13.426,6.2676,-2.9974
-7.2766,13.861,-2.8534
-13.59,6.7739,3.4346
-6.409,11.848,3.4426
-13.385,13.42,-3.2894
-13.075,0.63126,-3.0384
-6.7421,7.1225,3.5476
-12.811,12.254,3.0346
-1.6,12.631,3.4766
-9.934,12.347,12.474
-9.7558,6.1085,13.601
-3.6739,12.682,12.465
-3.5219,12.596,7.3768
-13.308,3.1309,13.96
-6.7506,9.3273,12.99
-7.2187,9.3867,7.7558
-13.221,9.4164,12.868
-13.426,6.2676,9.8888
-7.2766,13.861,10.033
-13.385,13.42,9.5968
-13.075,0.63126,9.8478
9.5432,5.88,-12.748
3.1212,12.583,-12.658
9.9307,7.0665,-5.7146
3.4621,13.104,-6.2406
9.5842,13.083,-11.727
9.8076,11.988,-6.2256
12.792,2.9151,-11.464
6.7756,9.2599,-13.093
12.719,3.1611,-6.0536
12.879,9.2005,-12.556
13.9,9.4013,-6.0076
12.509,6.5581,-9.1026
6.3414,11.049,-8.7296
13.289,12.038,-9.5026
9.5432,5.88,0.13855
3.1212,12.583,0.22855
9.9307,7.0665,7.1716
3.4621,13.104,6.6456
9.5842,13.083,1.1596
9.8076,11.988,6.6606
12.792,2.9151,1.4226
6.7756,9.2599,-0.20645
12.719,3.1611,6.8326
6.2742,9.238,-4.7444
12.879,9.2005,0.33055
13.9,9.4013,6.8786
12.674,6.0518,-2.6484
6.4524,13.339,-2.1694
12.509,6.5581,3.7836
6.3414,11.049,4.1566
12.715,13.204,-2.9404
13.025,0.41543,-2.6894
13.289,12.038,3.3836
9.5432,5.88,13.025
3.1212,12.583,13.115
9.5842,13.083,14.046
12.792,2.9151,14.309
6.7756,9.2599,12.68
6.2742,9.238,8.1417
12.879,9.2005,13.217
12.674,6.0518,10.238
6.4524,13.339,10.717
12.715,13.204,9.9457
13.025,0.41543,10.197
0.087933,13.352,-2.8658
0.087933,13.352,10.02
0.037728,13.684,-2.8588
0.037728,13.684,10.027
0,0,0
-0.17041,6.1794,-0.193
-0.072125,-0.29133,6.264
6.2763,-0.27436,0.552
-0.072125,-0.29133,-6.6221
0.029698,-6.726,0.18
-6.702,-0.239,0.723
-0.30971,6.1264,6.172
6.5082,-0.15839,-5.8461
6.1087,6.335,0.297
-6.5379,6.0698,0.086
-6.6758,-0.33022,-6.0881
-0.30971,6.1264,-6.7141
-0.25244,-6.5471,-6.3731
-0.25244,-6.5471,6.513
6.3991,-6.8672,0.26236
-7.0542,-6.3862,0.12445
-6.6758,-0.33022,6.798
6.5082,-0.15839,7.04
6.4849,6.2172,-5.4564
-6.6779,-6.504,-5.629
6.3965,-6.5238,-5.9641
-6.5406,6.4133,-6.1405
-6.5406,6.4133,6.7456
6.3965,-6.5238,6.922
6.4849,6.2172,7.4297
-6.6779,-6.504,7.2571
0.23289,12.739,0.12019
0,0,-12.886
0,0,12.886
0.0070711,-12.919,0.124
-12.93,0.018198,-0.052357
13.17,-0.19763,0.29655
6.2763,-0.27436,-12.334
-6.702,-0.239,-12.163
12.558,-0.050205,6.347
6.4609,12.482,0.89555
-0.17041,6.1794,12.693
12.558,-0.050205,-6.5391
-0.60535,-12.771,6.1744
-0.37953,12.887,6.1706
-6.6608,12.663,0.37564
-12.907,6.211,0.003643
0.029698,-6.726,-12.706
-0.60535,-12.771,-6.7117
12.767,-6.7576,-0.016643
-0.17041,6.1794,-13.079
13.193,5.9952,0.35255
-0.37953,12.887,-6.7155
6.2351,-13.176,0.89936
0.029698,-6.726,13.066
-6.8866,-12.996,0.37945
-13.542,0.16563,5.9981
6.2763,-0.27436,13.438
-13.333,-6.5418,-0.36555
-6.702,-0.239,13.609
6.4871,12.391,-5.9156
-13.542,0.16563,-6.888
6.1087,6.335,-12.589
-6.4288,12.779,-6.0225
12.91,6.1741,-6.2006
-6.5379,6.0698,-12.8
6.4871,12.391,6.9706
12.627,-6.8107,6.3484
-6.6546,-12.88,-6.0187
6.3991,-6.8672,-12.624
-6.5379,6.0698,12.972
12.627,-6.8107,-6.5378
12.91,6.1741,6.6856
6.2612,-13.267,-5.9118
6.1087,6.335,13.183
-6.4288,12.779,6.8636
-7.0542,-6.3862,-12.762
-13.189,6.3899,6.3366
-6.6546,-12.88,6.8674
-13.189,6.3899,-6.5495
-7.0542,-6.3862,13.011
6.3991,-6.8672,13.148
-13.473,-6.5948,5.9994
6.2612,-13.267,6.9744
-13.473,-6.5948,-6.8867
0.23289,12.739,-12.766
0.0070711,-12.919,-12.762
0.23289,12.739,13.006
-12.93,0.018198,12.834
13.17,-0.19763,-12.59
-12.93,0.018198,-12.938
12.937,-12.937,0.17636
-12.937,12.937,-0.17636
-13.163,-12.721,-0.17255
13.163,12.721,0.17255
0.0070711,-12.919,13.01
6.4609,12.482,-11.991
13.17,-0.19763,13.183
6.2351,-13.176,-11.987
-6.6608,12.663,-12.51
-13.009,12.646,6.0876
13.193,5.9952,-12.534
13.091,12.43,6.4366
13.091,12.43,-6.4496
-12.907,6.211,-12.882
-12.907,6.211,12.89
-6.8866,-12.996,-12.507
12.767,-6.7576,12.869
12.767,-6.7576,-12.903
-13.009,12.646,-6.7985
-13.333,-6.5418,12.521
-6.6608,12.663,13.262
-13.235,-13.013,6.0914
12.865,-13.228,6.4404
12.865,-13.228,-6.4458
13.193,5.9952,13.239
6.4609,12.482,13.782
-13.235,-13.013,-6.7947
-6.8866,-12.996,13.266
-13.333,-6.5418,-13.252
6.2351,-13.176,13.785
12.937,-12.937,-12.71
-12.937,12.937,12.71
-13.163,-12.721,12.714
13.163,12.721,-12.714
12.937,-12.937,13.062
-12.937,12.937,-13.062
-13.163,-12.721,-13.059
13.163,12.721,13.059
