-2.9137,-9.3483,-8.9489
-9.0422,-8.7169,-9.6589
-9.6009,-2.6923,-2.0547
-2.9137,-9.3483,3.1143
-9.6313,-8.992,-3.2267
-9.0422,-8.7169,2.4043
-9.6009,-2.6923,10.009
-9.6313,-8.992,8.8365
8.8628,-9.2065,-8.3059
9.2552,-8.3855,-2.4567
8.8628,-9.2065,3.7573
10.071,-3.8593,-2.4647
9.2552,-8.3855,9.6065
10.071,-3.8593,9.5985
3.8997,-3.3397,-8.4812
-3.3086,2.9649,-8.5122
9.5523,2.5364,-8.7392
-8.3036,-3.153,-9.1732
3.6473,-8.5942,-8.9362
-3.3793,-3.1091,-8.7352
8.7886,-3.0639,-8.7692
3.4238,3.1678,-9.4492
2.5505,-3.5532,-2.778
-2.9161,3.7858,-2.663
-2.8136,-8.6034,-3.154
2.8652,9.1924,-1.845
3.8997,-3.3397,3.582
-3.3086,2.9649,3.551
9.5523,2.5364,3.324
-8.3036,-3.153,2.89
2.7033,-8.725,-2.88
-4.0913,-3.5836,-2.946
-2.1008,8.312,-2.671
2.8348,2.8928,-3.017
3.6473,-8.5942,3.127
-3.3793,-3.1091,3.328
8.7886,-3.0639,3.294
3.4238,3.1678,2.614
2.5505,-3.5532,9.2852
-2.9161,3.7858,9.4002
-2.8136,-8.6034,8.9092
2.8652,9.1924,10.218
2.7033,-8.725,9.1832
-4.0913,-3.5836,9.1172
-2.1008,8.312,9.3922
2.8348,2.8928,9.0462
-8.2717,8.8317,-8.6875
-8.5241,3.5772,-9.1425
-3.3827,9.1075,-8.9755
-9.6208,8.6181,-2.9843
-8.2717,8.8317,3.3757
-9.4681,3.4464,-3.0863
-8.5241,3.5772,2.9207
-3.3827,9.1075,3.0877
-9.6208,8.6181,9.0789
-9.4681,3.4464,8.9769
4.1625,8.7317,-8.9635
9.0868,8.7756,-8.5255
9.6525,3.2814,-2.9443
4.1625,8.7317,3.0997
8.3747,8.3011,-2.7363
9.0868,8.7756,3.5377
9.6525,3.2814,9.1189
8.3747,8.3011,9.3269
-9.6631,-3.7162,-8.7749
-9.0168,-9.4325,-8.3369
-9.2742,-3.5409,-3.2217
-9.6631,-3.7162,3.2883
-9.5188,-8.4623,-1.8457
-9.0168,-9.4325,3.7263
-9.2742,-3.5409,8.8415
-9.5188,-8.4623,10.218
10.138,-9.9616,-8.5169
3.0822,-9.8747,-7.6439
9.5932,-3.8812,-7.6809
8.6662,-9.1159,-3.6277
10.138,-9.9616,3.5463
3.568,-9.8273,-2.1167
3.0822,-9.8747,4.4193
9.5932,-3.8812,4.3823
8.6662,-9.1159,8.4355
3.568,-9.8273,9.9465
-2.9847,-8.2343,-8.4082
2.803,8.1685,-8.5652
3.8665,-2.5145,-7.2382
-2.0329,2.2097,-8.7232
-1.9771,-2.6347,-8.8262
-9.0892,2.2967,-7.8502
3.4493,2.4522,-8.1272
-2.5781,8.2901,-7.8872
-2.687,-9.1542,-1.749
3.1919,8.3439,-3.012
2.9253,-3.276,-1.359
-3.5051,3.0554,-3.834
-2.9847,-8.2343,3.655
2.803,8.1685,3.498
3.8665,-2.5145,4.825
-2.0329,2.2097,3.34
-3.3206,-3.0561,-1.772
-8.6034,2.3441,-2.323
2.9472,3.4224,-1.636
9.0884,-2.9578,-2.134
-1.9771,-2.6347,3.237
-9.0892,2.2967,4.213
3.4493,2.4522,3.936
-2.5781,8.2901,4.176
-2.687,-9.1542,10.314
3.1919,8.3439,9.0512
2.9253,-3.276,10.704
-3.5051,3.0554,8.2292
-3.3206,-3.0561,10.291
-8.6034,2.3441,9.7402
2.9472,3.4224,10.427
9.0884,-2.9578,9.9292
-8.3049,9.6569,-7.4445
-9.2461,8.8953,-1.5653
-8.3049,9.6569,4.6187
-3.0829,9.2135,-2.3403
-9.2461,8.8953,10.498
-3.0829,9.2135,9.7229
9.4813,3.6505,-8.1985
10.489,9.25,-8.6165
9.779,2.7305,-1.5393
9.4813,3.6505,3.8647
9.1455,8.8286,-1.5623
10.489,9.25,3.4467
9.779,2.7305,10.524
9.1455,8.8286,10.501
-0.53723,-12.484,-2.3094
-0.53723,-12.484,9.7538
-9.0154,-11.605,-12.767
-3.1174,-12.304,-11.589
-9.5464,-5.479,-11.607
-3.0248,-12.759,-5.8299
-8.6625,-6.7476,-6.5669
-12.289,-8.6716,-12.303
-12.584,-9.1645,-5.8459
-6.2251,-8.7593,-11.962
-12.233,-2.7312,-11.099
-5.494,-9.2713,-6.0719
-12.108,-3.2884,-5.9129
-6.462,-12.126,-8.7389
-13.113,-6.2512,-9.0949
-11.578,-11.632,-8.8989
-9.0154,-11.605,-0.70369
-9.4976,-11.784,-4.9837
-3.1174,-12.304,0.47431
-9.5464,-5.479,0.45631
-3.0248,-12.759,6.2333
-8.6625,-6.7476,5.4963
-12.289,-8.6716,-0.23969
-12.584,-9.1645,6.2173
-6.2251,-8.7593,0.10131
-12.233,-2.7312,0.96431
-5.494,-9.2713,5.9913
-12.108,-3.2884,6.1503
-4.859,-11.664,-2.6447
-11.605,-5.9868,-3.3457
-6.462,-12.126,3.3243
-13.113,-6.2512,2.9683
-12.96,-12.585,-2.8757
-12.709,-0.31293,-2.5157
-7.0588,-6.2243,-2.7017
-11.578,-11.632,3.1643
-9.0154,-11.605,11.36
-9.4976,-11.784,7.0795
-3.1174,-12.304,12.538
-9.5464,-5.479,12.52
-12.289,-8.6716,11.824
-6.2251,-8.7593,12.165
-12.233,-2.7312,13.028
-4.859,-11.664,9.4185
-11.605,-5.9868,8.7175
-12.96,-12.585,9.1875
-12.709,-0.31293,9.5475
-7.0588,-6.2243,9.3615
3.0949,-12.118,-11.68
9.0792,-6.1433,-11.27
9.601,-6.18,-5.2679
9.4143,-12.275,-11.211
9.4363,-12.539,-5.6139
12.348,-8.9583,-11.887
12.053,-9.4511,-5.4299
6.11,-9.3783,-11.081
12.404,-3.0179,-10.683
5.9375,-9.3387,-5.4719
12.53,-3.5751,-5.4969
6.745,-12.062,-8.0989
11.524,-6.5378,-8.6789
13.059,-11.918,-8.4829
0.76006,-12.047,-8.0639
3.0949,-12.118,0.38328
9.0792,-6.1433,0.79328
2.9167,-12.662,-4.8447
9.601,-6.18,6.7953
9.4143,-12.275,0.85228
9.4363,-12.539,6.4493
12.348,-8.9583,0.17628
12.053,-9.4511,6.6333
6.11,-9.3783,0.98228
12.404,-3.0179,1.3803
5.9375,-9.3387,6.5913
12.53,-3.5751,6.5663
6.7839,-12.107,-1.9617
13.032,-6.2734,-2.9297
6.745,-12.062,3.9643
11.524,-6.5378,3.3843
6.1829,-7.1431,-1.9577
11.677,-12.872,-2.4597
11.929,-0.59955,-2.0997
13.059,-11.918,3.5803
0.76006,-12.047,3.9993
3.0949,-12.118,12.446
9.0792,-6.1433,12.856
2.9167,-12.662,7.2185
9.4143,-12.275,12.915
12.348,-8.9583,12.239
6.11,-9.3783,13.045
12.404,-3.0179,13.443
6.7839,-12.107,10.101
13.032,-6.2734,9.1335
6.1829,-7.1431,10.105
11.677,-12.872,9.6035
11.929,-0.59955,9.9635
-2.7365,-6.1108,-11.974
-9.0764,0.05374,-11.886
3.4507,0.28001,-12.557
-3.0922,6.0281,-11.476
-2.6191,-6.3767,-6.0592
-2.5703,5.9913,-5.4742
3.2258,-6.3993,-12.204
-2.757,-0.10394,-11.417
9.3487,-0.41931,-11.379
2.9196,6.4057,-11.397
3.479,-5.9765,-5.5402
-2.7351,-0.3677,-5.8202
9.4413,-0.87398,-5.6202
3.8035,5.1371,-6.3572
-0.14284,-8.9039,-11.683
-5.9461,-3.1601,-11.799
6.0514,-2.9854,-12.258
0.17678,3.2131,-12.093
0.33305,-9.2299,-5.6882
-6.1561,-3.2866,-5.7502
-0.11809,2.7202,-5.6362
0.36062,-2.8341,-11.69
-6.0613,2.7931,-11.287
6.2409,3.1254,-11.752
0.23264,9.1535,-10.889
0.87964,-3.1678,-6.0212
-6.2339,2.8327,-5.6782
6.9721,2.6135,-5.8622
0.3585,8.5963,-5.7032
-0.3783,-5.5077,-8.9412
-5.4263,0.10889,-8.3052
6.004,-0.24112,-8.5292
-0.647,5.6335,-8.8852
6.5641,-5.8131,-8.1952
0.88813,0.25314,-8.6892
-11.411,0.12445,-8.2702
-5.3832,-5.9121,-8.8302
-2.7365,-6.1108,0.089
-9.0764,0.05374,0.177
3.4507,0.28001,-0.494
-3.0922,6.0281,0.587
-2.6191,-6.3767,6.004
-9.2546,-0.49073,-5.051
2.9684,0.10041,-4.774
-2.5703,5.9913,6.589
3.2258,-6.3993,-0.141
-2.757,-0.10394,0.646
9.3487,-0.41931,0.684
2.9196,6.4057,0.666
3.479,-5.9765,6.523
-2.7351,-0.3677,6.243
9.4413,-0.87398,6.443
3.8035,5.1371,5.706
-0.14284,-8.9039,0.38
-5.9461,-3.1601,0.264
6.0514,-2.9854,-0.195
0.17678,3.2131,-0.03
0.33305,-9.2299,6.375
-6.1561,-3.2866,6.313
6.4672,-3.3998,-4.614
-0.11809,2.7202,6.427
0.36062,-2.8341,0.373
-6.0613,2.7931,0.776
6.2409,3.1254,0.311
0.23264,9.1535,1.174
0.87964,-3.1678,6.042
-6.2339,2.8327,6.385
6.9721,2.6135,6.201
0.3585,8.5963,6.36
-0.83156,-5.4985,-2.656
-5.3874,0.064347,-2.168
7.6071,0.22062,-2.435
0.86055,5.898,-3.136
-0.3783,-5.5077,3.122
-5.4263,0.10889,3.758
6.004,-0.24112,3.534
-0.647,5.6335,3.178
-5.9885,5.0282,-2.164
-0.49427,-0.70074,-2.666
-0.24254,11.572,-2.306
5.4072,5.6604,-2.492
6.5641,-5.8131,3.868
0.88813,0.25314,3.374
-11.411,0.12445,3.793
-5.3832,-5.9121,3.233
-2.7365,-6.1108,12.152
-9.0764,0.05374,12.24
3.4507,0.28001,11.569
-3.0922,6.0281,12.65
-9.2546,-0.49073,7.0122
2.9684,0.10041,7.2892
3.2258,-6.3993,11.922
-2.757,-0.10394,12.709
9.3487,-0.41931,12.747
2.9196,6.4057,12.729
-0.14284,-8.9039,12.443
-5.9461,-3.1601,12.327
6.0514,-2.9854,11.868
0.17678,3.2131,12.033
6.4672,-3.3998,7.4492
0.36062,-2.8341,12.436
-6.0613,2.7931,12.839
6.2409,3.1254,12.374
0.23264,9.1535,13.237
-0.83156,-5.4985,9.4072
-5.3874,0.064347,9.8952
7.6071,0.22062,9.6282
0.86055,5.898,8.9272
-5.9885,5.0282,9.8992
-0.49427,-0.70074,9.3972
-0.24254,11.572,9.7572
5.4072,5.6604,9.5712
-8.7207,12.451,-12.763
-8.9455,5.772,-12.41
-2.8227,11.752,-11.585
-8.6924,6.1949,-5.7465
-2.7301,11.297,-5.8265
-12.314,3.2675,-11.889
-6.1199,9.1859,-12.464
-11.838,2.9415,-5.8945
-11.811,9.3373,-11.896
-11.292,9.0035,-6.2275
-12.55,6.6637,-9.1475
-6.1673,11.93,-8.7355
-5.6073,6.3582,-8.4015
-11.283,12.424,-8.8955
-8.7207,12.451,-0.70028
-9.2029,12.272,-4.9803
-8.9455,5.772,-0.34728
-2.8227,11.752,0.47772
-8.6924,6.1949,6.3167
-2.7301,11.297,6.2367
-12.314,3.2675,0.17372
-6.1199,9.1859,-0.40128
-11.838,2.9415,6.1687
-5.7042,8.7716,-4.8203
-11.811,9.3373,0.16672
-11.292,9.0035,5.8357
-13.003,6.6729,-2.8623
-4.5643,12.392,-2.6413
-12.55,6.6637,2.9157
-6.1673,11.93,3.3277
-12.666,11.471,-2.8723
-5.6073,6.3582,3.6617
-11.283,12.424,3.1677
-8.7207,12.451,11.363
-9.2029,12.272,7.0829
-8.9455,5.772,11.716
-2.8227,11.752,12.541
-12.314,3.2675,12.237
-6.1199,9.1859,11.662
-5.7042,8.7716,7.2429
-11.811,9.3373,12.23
-13.003,6.6729,9.2009
-4.5643,12.392,9.4219
-12.666,11.471,9.1909
13.226,-0.16217,-7.8542
13.226,-0.16217,4.209
9.7295,5.7739,-11.765
3.3896,11.938,-11.677
9.8469,5.508,-5.8495
9.709,11.781,-11.208
9.731,11.517,-5.6105
12.323,2.9808,-11.474
6.52,8.7247,-11.59
12.799,2.6549,-5.4785
6.31,8.5981,-5.5405
12.827,9.0506,-11.481
13.346,8.7169,-5.8115
12.088,6.3771,-8.7315
7.0397,11.994,-8.0955
13.354,12.138,-8.4795
1.0548,12.009,-8.0605
7.0828,5.9726,-8.6205
9.7295,5.7739,0.29869
3.3896,11.938,0.38669
9.8469,5.508,6.2137
3.2114,11.394,-4.8413
9.709,11.781,0.85569
9.731,11.517,6.4527
12.323,2.9808,0.58969
6.52,8.7247,0.47369
12.799,2.6549,6.5847
6.31,8.5981,6.5227
12.827,9.0506,0.58269
13.346,8.7169,6.2517
11.634,6.3863,-2.4463
7.0786,11.949,-1.9583
12.088,6.3771,3.3317
7.0397,11.994,3.9677
11.972,11.184,-2.4563
13.354,12.138,3.5837
1.0548,12.009,4.0027
7.0828,5.9726,3.4427
9.7295,5.7739,12.362
3.3896,11.938,12.45
3.2114,11.394,7.2219
9.709,11.781,12.919
12.323,2.9808,12.653
6.52,8.7247,12.537
12.827,9.0506,12.646
11.634,6.3863,9.6169
7.0786,11.949,10.105
11.972,11.184,9.6069
0,0,0
0.32527,-0.19799,-5.6002
0.17678,-5.9072,0.346
0.11738,6.1745,0.467
6.2183,-0.011314,0.282
-6.2713,-0.055861,0.408
0.32527,-0.19799,6.463
0.072832,5.6165,-5.7232
6.2091,-0.060104,-5.137
-6.0924,-0.14425,-5.6312
-6.0656,5.688,0.587
0.38891,-6.1985,-5.5842
-5.7622,-6.2034,0.132
0.072832,5.6165,6.34
6.7038,5.6813,0.34169
-6.0924,-0.14425,6.432
6.1058,-6.4834,0.79328
0.38891,-6.1985,6.479
6.2091,-0.060104,6.9262
5.98,-6.0337,-5.329
-5.9727,-5.9924,5.8723
-6.1914,6.1376,-5.5353
-5.9727,-5.9924,-6.1909
6.4934,5.8923,-5.9812
6.4934,5.8923,6.082
5.98,-6.0337,6.7342
-6.1914,6.1376,6.5279
-0.41341,-11.753,0.30431
0,0,-12.063
0,0,12.063
12.053,0.13223,0.514
-0.11872,12.304,0.30772
-12.585,0.41885,0.098032
0.17678,-5.9072,-11.717
0.11738,6.1745,-11.596
-6.2713,-0.055861,-11.655
6.2183,-0.011314,-11.781
0.12735,12.008,-5.7705
-0.16734,-12.048,-5.7739
6.1947,11.829,0.61769
-6.2478,-11.896,0.072311
12.299,-0.16334,-5.5642
-11.995,6.2642,0.13972
-5.9531,12.16,0.075721
0.12735,12.008,6.2927
5.9,-12.227,0.61428
-0.16734,-12.048,6.2893
-12.349,-5.7103,0.25731
12.289,-5.9969,0.67328
-12.339,0.12328,-5.9802
0.17678,-5.9072,12.409
-12.339,0.12328,6.083
6.2183,-0.011314,12.345
12.299,-0.16334,6.499
-6.2713,-0.055861,12.471
0.11738,6.1745,12.53
12.643,5.9776,0.55569
-6.0656,5.688,-11.476
6.1058,-6.4834,-11.27
6.3736,11.74,-5.4215
-11.782,5.9729,-5.7905
-6.2569,-11.945,-5.3467
-5.9622,12.111,-5.3433
-11.782,5.9729,6.2727
-5.7622,-6.2034,-11.931
6.7038,5.6813,-11.722
6.0789,-12.316,-5.4249
-5.7622,-6.2034,12.195
6.3736,11.74,6.6417
12.244,-6.5548,-5.5169
12.855,5.6862,-5.3745
-6.2569,-11.945,6.7165
-5.9622,12.111,6.7199
-12.393,-6.2682,-5.9329
-6.0656,5.688,12.65
-12.393,-6.2682,6.1303
6.7038,5.6813,12.405
6.0789,-12.316,6.6383
12.244,-6.5548,6.5463
12.855,5.6862,6.6887
6.1058,-6.4834,12.856
-0.41341,-11.753,-11.759
12.053,0.13223,-11.549
-0.11872,12.304,-11.755
-0.41341,-11.753,12.368
12.171,-12.171,0.20628
-12.171,12.171,-0.20628
-12.466,-11.885,-0.20969
12.466,11.885,0.20969
-12.585,0.41885,-11.965
12.053,0.13223,12.577
-0.11872,12.304,12.371
-12.585,0.41885,12.161
6.1947,11.829,-11.446
5.9,-12.227,-11.449
12.289,-5.9969,-11.39
-11.846,11.973,-5.8065
-11.846,11.973,6.2567
-6.2478,-11.896,-11.991
-12.349,-5.7103,-11.806
-11.995,6.2642,-11.923
-5.9531,12.16,-11.987
-12.141,-12.083,-5.8099
-6.2478,-11.896,12.136
12.643,5.9776,-11.508
12.791,11.687,-5.3905
-5.9531,12.16,12.139
-11.995,6.2642,12.203
-12.141,-12.083,6.2533
-12.349,-5.7103,12.321
12.497,-12.369,-5.3939
6.1947,11.829,12.681
12.791,11.687,6.6727
5.9,-12.227,12.677
12.289,-5.9969,12.736
12.497,-12.369,6.6693
12.643,5.9776,12.619
-12.171,12.171,11.857
12.171,-12.171,-11.857
-12.466,-11.885,11.854
12.466,11.885,-11.854
12.171,-12.171,12.269
-12.171,12.171,-12.269
12.466,11.885,12.273
-12.466,-11.885,-12.273
