-8.3991,-8.6965,-8.4714
-2.8681,-8.8181,-8.8194
-9.2894,-7.1429,-3.1238
-8.3991,-8.6965,3.0382
-3.8058,-7.6414,-2.6748
-9.9222,-2.7865,-3.0598
-2.8681,-8.8181,2.6902
-9.2894,-7.1429,8.3859
-3.8058,-7.6414,8.8349
-9.9222,-2.7865,8.4499
3.7764,-8.0997,-9.032
8.3839,-8.5975,-8.437
3.1224,-8.9419,-2.8694
9.0783,-2.703,-3.0224
3.7764,-8.0997,2.4776
8.6456,-8.9213,-3.6184
8.3839,-8.5975,3.0726
3.1224,-8.9419,8.6403
9.0783,-2.703,8.4873
8.6456,-8.9213,7.8913
-7.8786,3.5553,-9.2567
-3.7088,-3.6536,-8.3837
9.2023,-2.134,-8.1697
3.6246,2.605,-8.2437
3.6897,-2.7492,-8.9897
-3.2711,3.0575,-8.6617
9.1556,2.4834,-8.5917
-8.2442,-2.6948,-8.5237
-8.5327,2.7132,-3.094
-3.6289,-3.3177,-2.026
-2.5767,8.952,-3.247
2.7344,4.1585,-2.896
-7.8786,3.5553,2.253
-3.7088,-3.6536,3.126
9.2023,-2.134,3.34
3.6246,2.605,3.266
2.8058,-2.5116,-3.5
-3.0094,2.7337,-3.843
8.218,3.66,-2.447
2.1015,8.515,-2.832
3.6897,-2.7492,2.52
-3.2711,3.0575,2.848
9.1556,2.4834,2.918
-8.2442,-2.6948,2.986
-8.5327,2.7132,8.4157
-3.6289,-3.3177,9.4837
-2.5767,8.952,8.2627
2.7344,4.1585,8.6137
2.8058,-2.5116,8.0097
-3.0094,2.7337,7.6667
8.218,3.66,9.0627
2.1015,8.515,8.6777
-2.4527,9.521,-8.3943
-7.9653,8.9058,-9.2143
-2.4527,9.521,3.1154
-8.8492,9.1434,-3.7246
-7.9653,8.9058,2.2954
-8.8492,9.1434,7.785
8.315,7.6478,-8.1559
3.7796,8.6066,-8.2959
8.3949,7.9837,-1.7982
8.315,7.6478,3.3538
3.7796,8.6066,3.2138
8.3949,7.9837,9.7114
-3.2698,-8.3061,-10.174
-10.036,-2.0263,-8.9294
-9.7172,-8.0417,-8.3604
-3.2698,-8.3061,1.3352
-10.036,-2.0263,2.5802
-9.283,-8.0643,-1.9258
-9.7172,-8.0417,3.1492
-9.283,-8.0643,9.5839
9.0324,-8.7043,-9.794
3.6237,-9.3852,-8.277
8.9921,-3.7637,-8.68
7.1826,-8.898,-3.1694
9.0324,-8.7043,1.7156
3.6237,-9.3852,3.2326
8.9921,-3.7637,2.8296
7.1826,-8.898,8.3403
8.754,2.9953,-9.9467
1.9877,9.2751,-8.7017
2.6453,-1.6709,-8.8607
-2.6227,2.9508,-10.019
-3.0568,-2.7358,-9.3507
-8.0313,2.2698,-8.5017
2.3066,3.2598,-8.1327
-2.663,7.8913,-8.9047
-2.3801,-8.3552,-3.422
-8.6168,-2.8808,-3.98
4.0121,-2.366,-2.636
-4.4725,2.757,-3.394
8.754,2.9953,1.563
1.9877,9.2751,2.808
2.6453,-1.6709,2.649
-2.6227,2.9508,1.491
-2.6446,-3.2343,-3.148
2.1977,-8.3368,-2.376
2.7407,3.2371,-1.698
8.2406,-3.141,-3.498
-3.0568,-2.7358,2.159
-8.0313,2.2698,3.008
2.3066,3.2598,3.377
-2.663,7.8913,2.605
-2.3801,-8.3552,8.0877
-8.6168,-2.8808,7.5297
4.0121,-2.366,8.8737
-4.4725,2.757,8.1157
-2.6446,-3.2343,8.3617
2.1977,-8.3368,9.1337
2.7407,3.2371,9.8117
8.2406,-3.141,8.0117
-9.0097,9.9841,-9.0853
-7.6429,9.289,-2.8606
-9.0097,9.9841,2.4244
-9.4573,3.3182,-2.6006
-3.4144,8.5141,-3.7226
-7.6429,9.289,8.649
-9.4573,3.3182,8.909
-3.4144,8.5141,7.787
8.9669,8.5656,-9.1229
9.6436,2.9463,-3.1942
3.407,8.4207,-3.7522
9.3792,8.0671,-2.9202
8.9669,8.5656,2.3868
9.6436,2.9463,8.3154
3.407,8.4207,7.7574
9.3792,8.0671,8.5894
-8.916,-11.511,-12.031
-8.9648,-11.258,-6.3344
-2.9092,-11.142,-11.442
-9.0659,-5.7372,-11.203
-9.1303,-5.6149,-6.2724
-12.16,-8.1958,-12.01
-6.2948,-8.5168,-12.306
-12.139,-2.3983,-11.451
-11.69,-2.6747,-6.2764
-5.5445,-11.379,-9.3674
-12.203,-5.7846,-9.0734
-11.783,-10.777,-9.0194
-5.7227,-6.3651,-8.9314
-8.916,-11.511,-0.52175
-8.9648,-11.258,5.1752
-2.9092,-11.142,0.067248
-9.0659,-5.7372,0.30625
-3.1241,-11.026,-5.8008
-9.1303,-5.6149,5.2372
-12.16,-8.1958,-0.50075
-11.86,-8.7608,-5.6118
-6.2948,-8.5168,-0.79675
-12.139,-2.3983,0.058248
-6.5076,-8.3337,-5.0848
-11.69,-2.6747,5.2332
-5.7178,-11.521,-3.5668
-5.5445,-11.379,2.1422
-12.203,-5.7846,2.4362
-12.652,-12.028,-3.4578
-11.783,-10.777,2.4902
-5.7227,-6.3651,2.5782
-8.916,-11.511,10.988
-2.9092,-11.142,11.577
-9.0659,-5.7372,11.816
-3.1241,-11.026,5.7089
-12.16,-8.1958,11.009
-11.86,-8.7608,5.8979
-6.2948,-8.5168,10.713
-12.139,-2.3983,11.568
-6.5076,-8.3337,6.4249
-5.7178,-11.521,7.9429
-12.652,-12.028,8.0519
3.0856,-11.64,-11.798
8.6392,-5.948,-11.283
8.9221,-5.6863,-5.882
8.8471,-11.677,-11.279
8.9617,-12.128,-6.107
11.519,-8.5494,-11.558
6.2287,-9.0995,-11.035
11.54,-2.7518,-10.999
5.9642,-8.9454,-5.849
11.989,-3.0283,-5.824
5.8143,-11.484,-8.502
11.475,-6.1382,-8.621
11.895,-11.13,-8.567
1.0286,-11.096,-8.539
3.0856,-11.64,-0.28838
8.6392,-5.948,0.22662
2.9322,-11.738,-5.3144
8.9221,-5.6863,5.6276
8.8471,-11.677,0.23062
8.9617,-12.128,5.4026
11.519,-8.5494,-0.048377
11.818,-9.1144,-5.1594
6.2287,-9.0995,0.47462
11.54,-2.7518,0.51062
5.9642,-8.9454,5.6606
11.989,-3.0283,5.6856
5.9211,-12.517,-2.7034
10.573,-5.8836,-2.4464
5.8143,-11.484,3.0076
11.475,-6.1382,2.8886
5.7535,-6.0745,-3.0244
11.026,-12.381,-3.0054
0.13484,-11.75,-2.9324
11.895,-11.13,2.9426
1.0286,-11.096,2.9706
3.0856,-11.64,11.221
8.6392,-5.948,11.736
2.9322,-11.738,6.1953
8.8471,-11.677,11.74
11.519,-8.5494,11.461
11.818,-9.1144,6.3503
6.2287,-9.0995,11.984
11.54,-2.7518,12.02
5.9211,-12.517,8.8063
10.573,-5.8836,9.0633
5.7535,-6.0745,8.4853
11.026,-12.381,8.5043
0.13484,-11.75,8.5773
-3.1099,-5.7233,-11.673
-8.5694,0.014849,-12.023
3.1077,-0.21001,-11.804
-3.0158,5.7071,-11.508
3.0589,0.043841,-6.1067
-2.733,5.9687,-6.1067
2.943,-5.835,-12.311
-2.8079,-0.02192,-11.504
9.1146,0.15981,-11.215
2.9578,5.5642,-10.976
-2.6934,-0.47305,-6.3317
2.8935,5.6866,-6.0447
-0.42497,-8.5836,-12.077
-5.8343,-3.1572,-11.075
6.2013,-2.9967,-11.852
-0.13576,3.1056,-11.783
-5.415,-2.9444,-5.7247
-0.23052,-2.6785,-10.846
-5.4263,2.5555,-11.26
5.729,2.7846,-12.079
-0.11526,8.9032,-11.224
0.13859,-3.0957,-7.0707
-5.6908,2.7096,-6.0737
0.33375,8.6267,-6.0487
0.82802,-6.3958,-8.9307
-5.8407,0.17112,-8.7267
6.4792,-0.077075,-9.1397
-0.17961,5.5168,-8.8457
6.7571,-4.8918,-8.7847
0.24042,0.52467,-8.7917
-10.626,0.55861,-8.7637
6.301,4.9363,-8.7037
-3.1099,-5.7233,-0.163
-8.5694,0.014849,-0.513
3.1077,-0.21001,-0.294
-3.0158,5.7071,0.002
-3.1784,-5.8768,-5.537
-8.7229,-0.083439,-5.539
3.0589,0.043841,5.403
-2.733,5.9687,5.403
2.943,-5.835,-0.801
-2.8079,-0.02192,0.006
9.1146,0.15981,0.295
2.9578,5.5642,0.534
2.9875,-5.7622,-5.251
-2.6934,-0.47305,5.178
8.8996,0.27577,-5.573
2.8935,5.6866,5.465
-0.42497,-8.5836,-0.567
-5.8343,-3.1572,0.435
6.2013,-2.9967,-0.342
-0.13576,3.1056,-0.273
0.28001,-8.4301,-5.474
-5.415,-2.9444,5.785
5.6668,-2.7818,-5.602
0.16334,2.5406,-5.384
-0.23052,-2.6785,0.664
-5.4263,2.5555,0.25
5.729,2.7846,-0.569
-0.11526,8.9032,0.286
0.13859,-3.0957,4.439
-5.6908,2.7096,5.436
5.5161,2.9677,-4.857
0.33375,8.6267,5.461
-0.29274,-5.7474,-2.684
-5.7339,-0.86196,-2.928
6.306,-0.2192,-3.339
-1.0819,5.7714,-2.671
0.82802,-6.3958,2.579
-5.8407,0.17112,2.783
6.4792,-0.077075,2.37
-0.17961,5.5168,2.664
-5.9015,5.5805,-3.249
-0.62862,-0.7262,-3.23
-11.52,-0.094752,-3.157
-6.2374,-5.2644,-3.017
6.7571,-4.8918,2.725
0.24042,0.52467,2.718
-10.626,0.55861,2.746
6.301,4.9363,2.806
-3.1099,-5.7233,11.347
-8.5694,0.014849,10.997
3.1077,-0.21001,11.216
-3.0158,5.7071,11.512
-3.1784,-5.8768,5.9727
-8.7229,-0.083439,5.9707
2.943,-5.835,10.709
-2.8079,-0.02192,11.516
9.1146,0.15981,11.805
2.9578,5.5642,12.044
2.9875,-5.7622,6.2587
8.8996,0.27577,5.9367
-0.42497,-8.5836,10.943
-5.8343,-3.1572,11.945
6.2013,-2.9967,11.168
-0.13576,3.1056,11.237
0.28001,-8.4301,6.0357
5.6668,-2.7818,5.9077
0.16334,2.5406,6.1257
-0.23052,-2.6785,12.174
-5.4263,2.5555,11.76
5.729,2.7846,10.941
-0.11526,8.9032,11.796
5.5161,2.9677,6.6527
-0.29274,-5.7474,8.8257
-5.7339,-0.86196,8.5817
6.306,-0.2192,8.1707
-1.0819,5.7714,8.8387
-5.9015,5.5805,8.2607
-0.62862,-0.7262,8.2797
-11.52,-0.094752,8.3527
-6.2374,-5.2644,8.4927
-8.5473,11.445,-12.028
-8.5961,11.699,-6.3313
-8.712,5.82,-12.535
-2.5404,11.815,-11.439
-12.08,3.0715,-12.301
-5.4537,8.6583,-12.076
-11.886,8.9765,-11.07
-11.516,8.5593,-7.2953
-10.827,5.2592,-9.1553
-5.1758,11.578,-9.3643
-4.8979,6.7633,-9.0093
-11.415,12.18,-9.0163
-8.5473,11.445,-0.51862
-8.5961,11.699,5.1784
-8.712,5.82,-1.0256
-2.5404,11.815,0.070377
-8.6675,5.8928,-5.4756
-2.7554,11.931,-5.7976
-12.08,3.0715,-0.79162
-5.4537,8.6583,-0.56662
-11.375,3.2249,-5.6986
-5.9883,8.8733,-5.8266
-11.886,8.9765,0.43938
-11.516,8.5593,4.2144
-11.948,5.9077,-2.9086
-5.349,11.436,-3.5636
-10.827,5.2592,2.3544
-5.1758,11.578,2.1454
-12.284,10.929,-3.4546
-4.8979,6.7633,2.5004
-11.415,12.18,2.4934
-8.5473,11.445,10.991
-8.712,5.82,10.484
-2.5404,11.815,11.58
-8.6675,5.8928,6.034
-2.7554,11.931,5.712
-12.08,3.0715,10.718
-5.4537,8.6583,10.943
-11.375,3.2249,5.811
-5.9883,8.8733,5.683
-11.886,8.9765,11.949
-11.948,5.9077,8.601
-5.349,11.436,7.946
-12.284,10.929,8.055
12.159,-0.44834,-2.7046
12.159,-0.44834,8.805
8.9139,5.5781,-11.445
3.4543,11.316,-11.795
9.2158,11.28,-11.276
9.3304,10.828,-6.1039
11.599,2.7179,-11.849
6.1894,8.1442,-10.847
6.6087,8.357,-5.4969
11.793,8.6229,-10.618
12.162,8.2057,-6.8429
12.852,4.9057,-8.7029
6.1831,11.473,-8.4989
12.264,11.826,-8.5639
1.3974,11.86,-8.5359
8.9139,5.5781,0.064752
3.4543,11.316,-0.28525
8.8453,5.4247,-5.3092
3.3009,11.218,-5.3112
9.2158,11.28,0.23375
9.3304,10.828,5.4058
11.599,2.7179,-0.33925
6.1894,8.1442,0.66275
12.304,2.8713,-5.2462
6.6087,8.357,6.0128
11.793,8.6229,0.89175
12.162,8.2057,4.6668
11.731,5.5541,-2.4562
6.2898,10.439,-2.7002
12.852,4.9057,2.8068
6.1831,11.473,3.0108
11.395,10.575,-3.0022
0.50358,11.207,-2.9292
5.7864,6.037,-2.7892
12.264,11.826,2.9458
1.3974,11.86,2.9738
8.9139,5.5781,11.574
3.4543,11.316,11.224
8.8453,5.4247,6.2004
3.3009,11.218,6.1984
9.2158,11.28,11.743
11.599,2.7179,11.17
6.1894,8.1442,12.172
12.304,2.8713,6.2634
11.793,8.6229,12.401
11.731,5.5541,9.0534
6.2898,10.439,8.8094
11.395,10.575,8.5074
0.50358,11.207,8.5804
5.7864,6.037,8.7204
0.44489,11.216,8.6644
5.7652,6.1601,8.7964
0.28367,11.305,8.9904
5.6457,6.3927,9.0274
0,0,0
0.30547,0.072125,5.549
-0.12092,-5.5755,0.035
-5.7276,0.0070711,-0.195
-0.0021213,5.8301,0.067
0.30547,0.072125,-5.9607
6.4622,0.21708,-0.314
-5.4094,-0.10607,5.6
-0.44831,5.6059,-5.511
0.62862,-5.8739,5.266
-5.4094,-0.10607,-5.9097
-5.8365,5.5522,-0.267
5.7311,5.7962,0.209
-0.44831,5.6059,5.9987
-6.2927,-5.5053,-0.018752
5.8186,-6.1028,-0.042377
6.3166,0.58336,5.675
0.62862,-5.8739,-6.2437
6.3166,0.58336,-5.8347
5.9694,-5.5098,5.269
-5.6856,6.1452,5.0444
5.6505,5.9743,-5.628
-6.3733,-5.3271,5.6539
5.6505,5.9743,5.8817
-6.3733,-5.3271,-5.8558
5.9694,-5.5098,-6.2407
-5.6856,6.1452,-6.4653
-11.234,0.37667,-0.095623
0.42144,-11.278,0.129
0,0,-11.51
0,0,11.51
0.79017,11.678,0.13213
-5.5615,-11.084,-0.54175
-11.193,0.40919,5.3944
12.445,0.023079,0.35675
0.46245,-11.246,5.619
-5.7276,0.0070711,11.315
0.46245,-11.246,-5.8907
-0.12092,-5.5755,-11.475
-11.193,0.40919,-6.1153
-0.12092,-5.5755,11.545
-0.0021213,5.8301,-11.443
6.4622,0.21708,11.196
6.2962,11.309,0.032752
-0.0021213,5.8301,11.577
-5.1928,11.872,-0.53862
0.83119,11.711,5.6221
-5.7276,0.0070711,-11.705
11.653,-5.8249,0.29162
5.9275,-11.648,0.029623
0.83119,11.711,-5.8875
11.903,5.7259,0.26275
-12.026,-5.4713,-0.16075
-11.776,6.0795,-0.18962
-5.7072,-10.718,5.4472
-11.026,5.7811,5.0414
6.4622,0.21708,-11.824
-5.7072,-10.718,-6.0624
12.486,0.055606,-5.6629
12.486,0.055606,5.8468
11.207,-6.0491,-5.2864
-5.8365,5.5522,11.243
5.7311,5.7962,-11.301
-11.026,5.7811,-6.4683
11.207,-6.0491,6.2233
6.6144,11.195,-5.6819
-6.2927,-5.5053,11.491
5.8186,-6.1028,11.467
-6.2927,-5.5053,-11.528
6.6144,11.195,5.8278
-5.8365,5.5522,-11.777
5.7311,5.7962,11.719
5.8186,-6.1028,-11.552
-5.3384,12.238,5.4504
6.2457,-11.761,-5.685
6.2457,-11.761,5.8246
-5.3384,12.238,-6.0593
12.652,5.4275,5.4938
-12.472,-5.6955,-5.7388
-12.472,-5.6955,5.7709
12.652,5.4275,-6.0159
-11.234,0.37667,11.414
0.42144,-11.278,-11.381
-11.234,0.37667,-11.605
0.42144,-11.278,11.639
0.79017,11.678,-11.378
11.655,-11.655,0.22462
-11.655,11.655,-0.22462
-12.024,-11.301,-0.22775
12.024,11.301,0.22775
0.79017,11.678,11.642
-5.5615,-11.084,10.968
12.445,0.023079,-11.153
-5.1928,11.872,10.971
-11.718,-11.229,5.3212
-11.35,11.727,5.3244
11.653,-5.8249,-11.218
12.445,0.023079,11.866
-5.5615,-11.084,-12.051
6.2962,11.309,-11.477
6.2962,11.309,11.542
11.903,5.7259,-11.247
-11.718,-11.229,-6.1884
5.9275,-11.648,-11.48
-12.026,-5.4713,11.349
-11.776,6.0795,11.32
5.9275,-11.648,11.539
-11.35,11.727,-6.1853
11.653,-5.8249,11.801
11.96,-11.583,-5.736
11.96,-11.583,5.7736
-12.026,-5.4713,-11.67
-11.776,6.0795,-11.699
11.903,5.7259,11.772
-5.1928,11.872,-12.048
12.329,11.374,-5.7329
12.329,11.374,5.7768
11.655,-11.655,-11.285
-11.655,11.655,11.285
-12.024,-11.301,11.282
12.024,11.301,-11.282
11.655,-11.655,11.734
-11.655,11.655,-11.734
-12.024,-11.301,-11.737
12.024,11.301,11.737
