-9.4202,-8.258,-9.5024
-9.5694,-2.6387,-9.3154
-9.6521,-8.555,-3.8068
-9.4202,-8.258,2.0072
-3.851,-8.4829,-3.7098
-9.8105,-2.6592,-3.6498
-9.5694,-2.6387,2.1942
-9.6521,-8.555,7.7029
-3.851,-8.4829,7.7999
-9.8105,-2.6592,7.8599
3.1598,-9.3979,-9.008
8.2644,-3.6612,-9.183
8.2439,-8.8549,-8.84
2.5977,-9.2544,-3.3574
3.1598,-9.3979,2.5016
8.2644,-3.6612,2.3266
8.1654,-8.6703,-3.2414
8.2439,-8.8549,2.6696
2.5977,-9.2544,8.1523
8.1654,-8.6703,8.2683
-8.4952,2.2571,-9.2327
-2.8949,-3.0575,-9.3707
-3.3906,7.9938,-9.4077
2.6036,3.0434,-9.2747
2.2847,-2.8701,-8.9757
-3.4111,2.8001,-9.0647
-2.8935,-8.5051,-9.0627
2.4544,8.6628,-9.0877
-9.0573,2.4006,-3.582
-3.124,-2.8793,-3.409
8.7059,-2.4367,-3.37
2.3716,2.7464,-3.579
-8.4952,2.2571,2.277
-2.8949,-3.0575,2.139
-3.3906,7.9938,2.102
2.6036,3.0434,2.235
2.6509,-3.03,-3.348
-3.4896,2.9847,-3.466
8.1727,2.8185,-3.482
2.2132,8.6423,-3.422
2.2847,-2.8701,2.534
-3.4111,2.8001,2.445
-2.8935,-8.5051,2.447
2.4544,8.6628,2.422
-9.0573,2.4006,7.9277
-3.124,-2.8793,8.1007
8.7059,-2.4367,8.1397
2.3716,2.7464,7.9307
2.6509,-3.03,8.1617
-3.4896,2.9847,8.0437
8.1727,2.8185,8.0277
2.2132,8.6423,8.0877
-9.3704,8.7849,-9.2003
-2.9491,9.2183,-3.5946
-9.0041,8.6251,-3.5726
-9.3704,8.7849,2.3094
-2.9491,9.2183,7.915
-9.0041,8.6251,7.937
9.1289,8.2439,-9.1429
9.1303,2.7964,-8.8349
8.8998,8.4221,-3.1812
9.1289,8.2439,2.3668
9.1303,2.7964,2.6748
8.8998,8.4221,8.3284
-8.6318,-8.2927,-8.2264
-8.8722,-8.6307,-2.5338
-8.6318,-8.2927,3.2832
-8.8722,-8.6307,8.9759
8.9468,-8.8379,-7.518
8.9991,-9.0444,-2.0554
8.9468,-8.8379,3.9916
2.8593,-9.1271,-1.8834
8.7354,-3.6739,-1.9894
8.9991,-9.0444,9.4543
2.8593,-9.1271,9.6263
8.7354,-3.6739,9.5203
-2.3073,-8.4619,-7.6857
-8.3191,-3.2393,-7.9047
3.3001,-2.8518,-7.8667
-2.7082,2.8171,-7.7427
-2.7033,-2.9946,-7.8877
3.4535,-8.061,-8.0997
3.392,3.0087,-7.9987
8.7695,-2.6997,-8.0387
-2.5081,-8.7801,-2.349
-8.6366,-2.909,-2.168
3.4019,-2.9592,-2.058
-2.6559,2.6106,-2.28
-2.3073,-8.4619,3.824
-8.3191,-3.2393,3.605
3.3001,-2.8518,3.643
-2.7082,2.8171,3.767
-2.7457,-3.1417,-1.984
-8.7957,2.5279,-2.108
3.1516,2.6707,-2.306
-2.9196,7.9811,-2.214
-2.7033,-2.9946,3.622
3.4535,-8.061,3.41
3.392,3.0087,3.511
8.7695,-2.6997,3.471
-2.5081,-8.7801,9.1607
-8.6366,-2.909,9.3417
3.4019,-2.9592,9.4517
-2.6559,2.6106,9.2297
-2.7457,-3.1417,9.5257
-8.7957,2.5279,9.4017
3.1516,2.6707,9.2037
-2.9196,7.9811,9.2957
-8.355,8.8033,-8.0913
-8.2015,3.594,-8.3243
-2.8855,8.9553,-8.2633
-8.2531,8.6958,-2.2826
-8.355,8.8033,3.4184
-8.2015,3.594,3.1854
-2.8855,8.9553,3.2464
-8.2531,8.6958,9.227
9.7165,2.8395,-7.4579
3.7046,8.0622,-7.6769
9.3205,8.3068,-7.6599
9.5157,2.5213,-2.1212
3.3872,8.3924,-1.9402
9.7165,2.8395,4.0518
3.7046,8.0622,3.8328
9.2781,8.1598,-1.7562
9.3205,8.3068,3.8498
9.5157,2.5213,9.3884
3.3872,8.3924,9.5694
9.2781,8.1598,9.7534
-9.2102,-11.595,-11.98
-8.8906,-11.123,-6.4714
-3.1312,-11.238,-12.434
-9.1225,-5.4388,-11.974
-3.076,-10.976,-6.2684
-8.9825,-5.4713,-6.2574
-11.583,-8.4985,-12.325
-11.81,-8.309,-6.4254
-6.3351,-8.5628,-11.741
-12.179,-2.7136,-12.174
-6.0388,-8.3599,-6.3964
-12.08,-2.6153,-6.3944
-6.1661,-11.816,-9.0194
-12.66,-5.8129,-9.3964
-12.626,-11.152,-9.0364
-1.053,-11.493,-9.1764
-6.5104,-5.3497,-8.8934
-9.2102,-11.595,-0.47075
-8.8906,-11.123,5.0382
-3.1312,-11.238,-0.92475
-9.1225,-5.4388,-0.46475
-3.076,-10.976,5.2412
-8.9825,-5.4713,5.2522
-11.583,-8.4985,-0.81575
-11.81,-8.309,5.0842
-6.3351,-8.5628,-0.23175
-12.179,-2.7136,-0.66475
-6.0388,-8.3599,5.1132
-12.08,-2.6153,5.1152
-6.9114,-11.296,-3.2628
-12.729,-5.5951,-3.4588
-6.1661,-11.816,2.4902
-12.66,-5.8129,2.1132
-12.575,-10.944,-3.3168
-6.9566,-6.1,-3.1068
-12.626,-11.152,2.4732
-1.053,-11.493,2.3332
-6.5104,-5.3497,2.6162
-9.2102,-11.595,11.039
-3.1312,-11.238,10.585
-9.1225,-5.4388,11.045
-11.583,-8.4985,10.694
-6.3351,-8.5628,11.278
-12.179,-2.7136,10.845
-6.9114,-11.296,8.2469
-12.729,-5.5951,8.0509
-12.575,-10.944,8.1929
-6.9566,-6.1,8.4029
-12.708,0.16196,-9.401
-12.708,0.16196,2.1086
2.5312,-11.964,-11.486
8.4985,-6.4818,-11.815
2.7596,-12.122,-6.001
8.7566,-5.9366,-6.039
8.4235,-11.719,-11.69
8.7354,-11.755,-6.054
12.096,-8.852,-11.873
11.869,-8.6625,-5.973
5.6121,-9.0359,-11.742
11.5,-3.0672,-11.722
5.564,-8.9086,-5.883
11.598,-2.9689,-5.942
5.9027,-12.639,-8.61
11.019,-6.1665,-8.944
11.053,-11.505,-8.584
2.5312,-11.964,0.023623
8.4985,-6.4818,-0.30538
2.7596,-12.122,5.5086
8.7566,-5.9366,5.4706
8.4235,-11.719,-0.18038
8.7354,-11.755,5.4556
12.096,-8.852,-0.36338
11.869,-8.6625,5.5366
5.6121,-9.0359,-0.23238
11.5,-3.0672,-0.21238
5.564,-8.9086,5.6266
11.598,-2.9689,5.5676
5.0075,-12.014,-2.9034
10.949,-5.9487,-3.0064
5.9027,-12.639,2.8996
11.019,-6.1665,2.5656
11.103,-11.297,-2.8644
11.053,-11.505,2.9256
2.5312,-11.964,11.533
8.4985,-6.4818,11.204
8.4235,-11.719,11.329
12.096,-8.852,11.146
5.6121,-9.0359,11.277
11.5,-3.0672,11.297
5.0075,-12.014,8.6063
10.949,-5.9487,8.5033
11.103,-11.297,8.6453
-2.8991,-6.0882,-11.985
-9.1238,-0.30901,-11.711
2.8136,-0.29345,-11.753
-3.1565,5.1732,-12.04
-2.7521,-5.8181,-5.8837
-8.8954,-0.46669,-6.2257
3.1332,0.1789,-6.2437
-2.8984,5.7184,-6.2637
2.9034,-5.8803,-11.519
-3.2315,-0.06364,-11.915
8.8926,0.06364,-12.207
2.9013,5.8626,-11.747
3.1311,-5.5027,-6.0267
-2.9196,-0.099702,-6.2787
8.9477,0.32527,-6.0407
3.0413,5.8301,-6.0297
0.23759,-8.7002,-11.505
-5.6038,-3.1671,-12.036
6.1766,-2.955,-12.152
0.44123,2.803,-12.098
0.70145,-8.5362,-6.4707
6.1448,-2.8355,-5.9107
0.21355,2.9925,-6.1977
0.050912,-2.8638,-12.206
-6.0429,2.6191,-11.967
5.6887,2.7386,-11.514
-0.15486,8.5878,-11.947
-0.073539,-2.7605,-6.1157
-6.091,2.7464,-6.1077
5.985,2.9416,-6.1687
-0.056569,8.6861,-6.1667
-0.19799,-5.8053,-8.8357
-5.7523,-0.98359,-8.8347
5.8577,-0.51477,-8.7917
-0.6364,5.4886,-9.1687
5.5473,-5.5968,-8.5797
-0.60245,0.14991,-8.8087
10.971,-0.19163,-8.9487
5.5133,5.9517,-8.6657
-2.8991,-6.0882,-0.475
-9.1238,-0.30901,-0.201
2.8136,-0.29345,-0.243
-3.1565,5.1732,-0.53
-2.7521,-5.8181,5.626
-8.8954,-0.46669,5.284
3.1332,0.1789,5.266
-2.8984,5.7184,5.246
2.9034,-5.8803,-0.009
-3.2315,-0.06364,-0.405
8.8926,0.06364,-0.697
2.9013,5.8626,-0.237
3.1311,-5.5027,5.483
-2.9196,-0.099702,5.231
8.9477,0.32527,5.469
3.0413,5.8301,5.48
0.23759,-8.7002,0.005
-5.6038,-3.1671,-0.526
6.1766,-2.955,-0.642
0.44123,2.803,-0.588
0.70145,-8.5362,5.039
-6.0677,-3.0724,-5.601
6.1448,-2.8355,5.599
0.21355,2.9925,5.312
0.050912,-2.8638,-0.696
-6.0429,2.6191,-0.457
5.6887,2.7386,-0.004
-0.15486,8.5878,-0.437
-0.073539,-2.7605,5.394
-6.091,2.7464,5.402
5.985,2.9416,5.341
-0.056569,8.6861,5.343
-0.088388,-6.7423,-3.201
-6.6475,-0.3585,-3.128
5.1124,0.0056569,-3.035
-0.70569,5.7064,-3.231
-0.19799,-5.8053,2.674
-5.7523,-0.98359,2.675
5.8577,-0.51477,2.718
-0.6364,5.4886,2.341
5.2623,-5.7148,-2.785
-0.55154,0.3578,-3.089
-0.023335,-11.15,-3.263
5.0671,5.2015,-2.879
5.5473,-5.5968,2.93
-0.60245,0.14991,2.701
10.971,-0.19163,2.561
5.5133,5.9517,2.844
-2.8991,-6.0882,11.035
-9.1238,-0.30901,11.309
2.8136,-0.29345,11.267
-3.1565,5.1732,10.98
2.9034,-5.8803,11.501
-3.2315,-0.06364,11.105
8.8926,0.06364,10.813
2.9013,5.8626,11.273
0.23759,-8.7002,11.515
-5.6038,-3.1671,10.984
6.1766,-2.955,10.868
0.44123,2.803,10.922
-6.0677,-3.0724,5.9087
0.050912,-2.8638,10.814
-6.0429,2.6191,11.053
5.6887,2.7386,11.506
-0.15486,8.5878,11.073
-0.088388,-6.7423,8.3087
-6.6475,-0.3585,8.3817
5.1124,0.0056569,8.4747
-0.70569,5.7064,8.2787
5.2623,-5.7148,8.7247
-0.55154,0.3578,8.4207
-0.023335,-11.15,8.2467
5.0671,5.2015,8.6307
-8.8414,11.362,-11.977
-8.5218,11.834,-6.4683
-8.7516,5.7747,-11.743
-2.7624,11.719,-12.431
-8.524,6.1523,-6.2513
-2.7073,11.98,-6.2653
-11.417,2.9548,-11.729
-5.4784,8.7,-12.376
-10.954,3.1188,-6.6953
-5.5103,8.8195,-6.1353
-11.604,8.7912,-12.43
-11.729,8.8945,-6.3403
-11.853,5.8497,-9.0603
-5.7973,11.14,-9.0163
-6.1078,6.0583,-8.8043
-12.257,11.805,-9.0333
-0.68426,11.463,-9.1733
-8.8414,11.362,-0.46762
-8.5218,11.834,5.0414
-8.7516,5.7747,-0.23362
-2.7624,11.719,-0.92162
-8.524,6.1523,5.2584
-2.7073,11.98,5.2444
-11.417,2.9548,-0.21962
-5.4784,8.7,-0.86662
-10.954,3.1188,4.8144
-5.5103,8.8195,5.3744
-11.604,8.7912,-0.92062
-11.729,8.8945,5.1694
-11.743,4.9128,-3.4256
-6.5426,11.661,-3.2596
-11.853,5.8497,2.4494
-5.7973,11.14,2.4934
-6.3927,5.9402,-3.0096
-12.207,12.013,-3.3136
-11.678,0.50465,-3.4876
-6.1078,6.0583,2.7054
-12.257,11.805,2.4764
-0.68426,11.463,2.3364
-8.8414,11.362,11.042
-8.7516,5.7747,11.276
-2.7624,11.719,10.588
-11.417,2.9548,11.29
-5.4784,8.7,10.643
-11.604,8.7912,10.589
-11.743,4.9128,8.084
-6.5426,11.661,8.25
-6.3927,5.9402,8.5
-12.207,12.013,8.196
-11.678,0.50465,8.022
9.1246,5.2132,-11.757
2.9,10.992,-11.483
9.2717,5.4834,-5.6559
3.1284,10.835,-5.9979
8.7923,11.238,-11.687
9.1041,11.202,-6.0509
12.261,2.6012,-11.277
6.4199,8.1343,-11.808
12.725,2.7652,-6.2429
12.075,8.4376,-11.978
11.95,8.5409,-5.8879
11.826,5.4961,-8.6079
6.2714,10.318,-8.6069
11.421,11.451,-8.5809
9.1246,5.2132,-0.24725
2.9,10.992,0.026752
9.2717,5.4834,5.8538
3.1284,10.835,5.5118
8.7923,11.238,-0.17725
9.1041,11.202,5.4588
12.261,2.6012,0.23275
6.4199,8.1343,-0.29825
12.725,2.7652,5.2668
5.9561,8.2291,-5.3732
12.075,8.4376,-0.46825
11.95,8.5409,5.6218
11.935,4.5592,-2.9732
5.3762,10.943,-2.9002
11.826,5.4961,2.9018
6.2714,10.318,2.9028
11.472,11.659,-2.8612
12,0.15107,-3.0352
11.421,11.451,2.9288
9.1246,5.2132,11.262
2.9,10.992,11.536
8.7923,11.238,11.332
12.261,2.6012,11.742
6.4199,8.1343,11.211
5.9561,8.2291,6.1364
12.075,8.4376,11.041
11.935,4.5592,8.5364
5.3762,10.943,8.6094
11.472,11.659,8.6484
12,0.15107,8.4744
0.3454,11.806,-3.2599
0.3454,11.806,8.2498
0,0,0
0.084146,5.5982,-0.315
0.096167,0.19092,5.635
0.096167,0.19092,-5.8747
-5.951,-0.40164,-0.087
0.050912,-5.9637,-0.129
6.0048,-0.0084853,-0.038
0.11243,5.7778,5.566
0.25739,-5.7742,5.679
5.8527,5.6717,0.049
-6.067,5.4532,-0.087
-5.905,-0.23547,5.648
0.25739,-5.7742,-5.8307
5.9977,0.12728,5.606
0.11243,5.7778,-5.9437
-5.905,-0.23547,-5.8617
5.588,-6.2018,0.13762
-6.171,-5.6297,-0.17875
5.9977,0.12728,-5.9037
5.6264,5.7113,-5.564
-5.5428,6.0463,5.5754
5.6264,5.7113,5.9457
6.1122,-5.6088,-5.7097
6.1122,-5.6088,5.8
-5.5428,6.0463,-5.9343
-6.3973,-5.5901,5.7179
-6.3973,-5.5901,-5.7918
-0.28084,-11.22,-0.19875
0,0,-11.51
0,0,11.51
0.087901,11.736,-0.19562
11.743,0.081317,0.029
-11.936,0.43491,-0.42338
6.0727,10.9,0.14075
0.084146,5.5982,11.195
-11.318,0.1808,5.4024
0.33729,-11.474,5.627
0.70603,11.482,5.6301
-6.019,-11.31,-0.26575
0.050912,-5.9637,11.381
-11.318,0.1808,-6.1073
-5.951,-0.40164,11.423
0.33729,-11.474,-5.8827
0.70603,11.482,-5.8795
-11.604,5.6913,-0.35362
-5.6503,11.647,-0.26262
6.0048,-0.0084853,11.472
6.0048,-0.0084853,-11.548
-5.951,-0.40164,-11.597
0.050912,-5.9637,-11.639
0.084146,5.5982,-11.825
12.075,5.3377,0.098752
11.739,-6.0569,-0.090377
-11.94,-5.7033,-0.54275
5.704,-12.057,0.13762
12.361,-0.17279,-5.6549
12.361,-0.17279,5.8548
-6.0261,-11.174,5.3782
6.1187,11.066,-5.6339
-11.398,5.8808,5.4544
6.1187,11.066,5.8758
-6.067,5.4532,11.423
5.8527,5.6717,-11.461
-6.171,-5.6297,11.331
-6.0261,-11.174,-6.1314
5.588,-6.2018,-11.372
-5.6573,11.782,5.3814
5.8527,5.6717,11.559
-11.911,-5.5237,5.3382
-6.067,5.4532,-11.597
-11.398,5.8808,-6.0553
5.588,-6.2018,11.647
11.767,-5.8773,-5.719
5.75,-11.89,-5.637
-6.171,-5.6297,-11.688
11.767,-5.8773,5.7906
-5.6573,11.782,-6.1283
5.75,-11.89,5.8726
-11.911,-5.5237,-6.1714
12.281,5.5272,-5.6029
12.281,5.5272,5.9068
-0.28084,-11.22,11.311
-0.28084,-11.22,-11.708
-11.936,0.43491,11.086
0.087901,11.736,11.314
11.743,0.081317,-11.481
11.743,0.081317,11.539
11.655,-11.655,0.22462
-11.655,11.655,-0.22462
-12.024,-11.301,-0.22775
12.024,11.301,0.22775
0.087901,11.736,-11.705
6.0727,10.9,-11.369
-11.936,0.43491,-11.933
-6.019,-11.31,11.244
6.0727,10.9,11.65
-11.604,5.6913,11.156
-5.6503,11.647,11.247
-11.928,-11.111,5.4072
-11.94,-5.7033,10.967
11.751,-11.464,-5.65
-6.019,-11.31,-11.775
-11.928,-11.111,-6.1024
-11.559,11.846,5.4104
11.751,-11.464,5.8596
12.075,5.3377,-11.411
11.739,-6.0569,11.419
-5.6503,11.647,-11.772
5.704,-12.057,-11.372
-11.604,5.6913,-11.863
12.075,5.3377,11.608
11.739,-6.0569,-11.6
12.12,11.492,-5.6469
-11.559,11.846,-6.0993
12.12,11.492,5.8628
5.704,-12.057,11.647
-11.94,-5.7033,-12.052
11.655,-11.655,-11.285
-11.655,11.655,11.285
-12.024,-11.301,11.282
12.024,11.301,-11.282
11.655,-11.655,11.734
-11.655,11.655,-11.734
-12.024,-11.301,-11.737
12.024,11.301,11.737
