-3.3401,-8.8725,-9.6139
-10.59,-2.6506,-9.4529
-10.281,-9.0464,-9.2859
-10.43,-1.8898,-3.3807
-3.3401,-8.8725,2.4493
-10.59,-2.6506,2.6103
-10.114,-8.7134,-3.9577
-10.281,-9.0464,2.7773
-10.43,-1.8898,8.6825
-10.114,-8.7134,8.1055
9.0778,-9.2319,-9.7819
9.3288,-8.5962,-2.6037
9.0778,-9.2319,2.2813
9.6017,-3.3679,-2.8517
9.3288,-8.5962,9.4595
9.6017,-3.3679,9.2115
2.5124,-2.0527,-9.2782
-3.0936,2.9394,-9.9882
9.1259,3.0123,-9.4042
1.876,9.2341,-9.2432
2.9783,-8.597,-8.3172
-4.2646,-2.3214,-9.0492
9.2497,-2.4063,-9.5572
2.185,2.8383,-9.0762
2.2627,-2.4777,-3.378
-2.8426,3.5751,-2.81
-3.6734,-8.0829,-2.845
2.0358,9.995,-3.171
2.5124,-2.0527,2.785
-3.0936,2.9394,2.075
9.1259,3.0123,2.659
1.876,9.2341,2.82
2.2931,-8.2456,-3.81
-4.0319,-2.7818,-2.866
-2.5696,8.8035,-3.058
2.3525,3.1714,-3.748
2.9783,-8.597,3.746
-4.2646,-2.3214,3.014
9.2497,-2.4063,2.506
2.185,2.8383,2.987
2.2627,-2.4777,8.6852
-2.8426,3.5751,9.2532
-3.6734,-8.0829,9.2182
2.0358,9.995,8.8922
2.2931,-8.2456,8.2532
-4.0319,-2.7818,9.1972
-2.5696,8.8035,9.0052
2.3525,3.1714,8.3152
-9.659,10.119,-9.4845
-9.193,3.5743,-8.5235
-2.9217,9.7651,-9.7635
-9.9086,9.6937,-3.5843
-9.659,10.119,2.5787
-9.8782,3.9258,-4.0163
-9.193,3.5743,3.5397
-2.9217,9.7651,2.2997
-9.9086,9.6937,8.4789
-9.8782,3.9258,8.0469
8.2015,9.5633,-8.8395
8.7926,3.8018,-2.6353
8.4341,9.103,-2.6563
8.2015,9.5633,3.2237
8.7926,3.8018,9.4279
8.4341,9.103,9.4069
-10.592,-1.6557,-10.582
-8.9574,-8.427,-9.6669
-3.0658,-8.8725,-3.5667
-9.7147,-3.1187,-2.9357
-10.592,-1.6557,1.4813
-9.3173,-8.3273,-2.7327
-8.9574,-8.427,2.3963
-3.0658,-8.8725,8.4965
-9.7147,-3.1187,9.1275
-9.3173,-8.3273,9.3305
9.2581,-9.3104,-8.2919
3.9138,-8.8324,-9.0019
8.8105,-10.011,-2.5327
9.2581,-9.3104,3.7713
8.4817,-3.3749,-3.8397
3.9138,-8.8324,3.0613
8.8105,-10.011,9.5305
8.4817,-3.3749,8.2235
-2.6382,-8.4266,-8.1892
1.8738,10.229,-10.372
2.8942,-3.2322,-10.1
-2.9133,2.861,-8.4982
-3.2626,-3.38,-8.6722
-8.2576,3.339,-9.2082
3.5087,3.4578,-9.4572
8.6826,-3.0427,-8.3262
9.4003,3.0123,-3.357
2.7514,8.766,-2.726
2.9741,-1.1894,-3.048
-3.3609,2.1602,-2.739
-2.6382,-8.4266,3.874
1.8738,10.229,1.691
2.8942,-3.2322,1.963
-2.9133,2.861,3.565
-2.5519,-2.7273,-2.557
3.1954,-8.4068,-2.638
3.1487,3.5575,-2.523
-3.6897,8.7964,-4.046
-3.2626,-3.38,3.391
-8.2576,3.339,2.855
3.5087,3.4578,2.606
8.6826,-3.0427,3.737
9.4003,3.0123,8.7062
2.7514,8.766,9.3372
2.9741,-1.1894,9.0152
-3.3609,2.1602,9.3242
-2.5519,-2.7273,9.5062
3.1954,-8.4068,9.4252
3.1487,3.5575,9.5402
-3.6897,8.7964,8.0172
-9.2772,8.9392,-10.306
-3.4888,9.1287,-8.5325
-9.1973,10.982,-3.2543
-9.2772,8.9392,1.7567
-8.9759,3.7646,-2.8443
-3.4888,9.1287,3.5307
-9.1973,10.982,8.8089
-8.9759,3.7646,9.2189
9.8278,3.4581,-7.9795
9.2035,8.5048,-8.4625
9.8278,3.4581,4.0837
9.9141,9.1574,-2.3473
9.2035,8.5048,3.6007
9.9141,9.1574,9.7159
-0.5146,-11.96,-3.2364
-0.5146,-11.96,8.8268
-9.1872,-11.127,-12.616
-9.5648,-11.504,-6.5539
-3.1421,-11.793,-12.563
-9.6694,-5.216,-12.06
-3.5523,-11.568,-6.4439
-10.033,-6.008,-6.9799
-12.641,-8.9184,-12.828
-13.143,-8.5239,-6.4419
-6.2994,-8.0642,-11.785
-12.962,-2.7121,-12.759
-6.0823,-8.0494,-7.1929
-13.015,-2.7235,-6.5179
-6.6635,-11.83,-9.5179
-13.491,-5.7683,-9.3429
-12.861,-11.765,-9.3289
-9.1872,-11.127,-0.55269
-9.5648,-11.504,5.5093
-3.1421,-11.793,-0.49969
-9.6694,-5.216,0.003311
-3.5523,-11.568,5.6193
-10.033,-6.008,5.0833
-12.641,-8.9184,-0.76469
-13.143,-8.5239,5.6213
-6.2994,-8.0642,0.27831
-12.962,-2.7121,-0.69569
-6.0823,-8.0494,4.8703
-13.015,-2.7235,5.5453
-6.9683,-10.309,-3.8137
-11.84,-5.7371,-3.3877
-6.6635,-11.83,2.5453
-13.491,-5.7683,2.7203
-13.166,-12.098,-3.5107
-12.686,0.21175,-3.4427
-7.6973,-5.7541,-3.4447
-12.861,-11.765,2.7343
-9.1872,-11.127,11.511
-3.1421,-11.793,11.564
-9.6694,-5.216,12.067
-12.641,-8.9184,11.299
-6.2994,-8.0642,12.342
-12.962,-2.7121,11.368
-6.9683,-10.309,8.2495
-11.84,-5.7371,8.6755
-13.166,-12.098,8.5525
-12.686,0.21175,8.6205
-7.6973,-5.7541,8.6185
2.81,-11.137,-12.337
9.0106,-5.7579,-12.148
3.2031,-11.891,-5.7619
8.4435,-6.1454,-5.7039
8.9321,-12.625,-12.127
11.997,-9.205,-12.412
11.495,-8.8105,-6.0259
6.61,-8.7327,-11.853
11.675,-2.9988,-12.343
6.0924,-8.8472,-6.5609
11.623,-3.0101,-6.1019
5.2141,-11.975,-8.9719
11.146,-6.0549,-8.9269
11.777,-12.051,-8.9129
2.81,-11.137,-0.27372
9.0106,-5.7579,-0.084721
3.2031,-11.891,6.3013
8.4435,-6.1454,6.3593
8.9321,-12.625,-0.063721
8.6097,-11.875,-5.5347
11.997,-9.205,-0.34872
11.495,-8.8105,6.0373
6.61,-8.7327,0.21028
11.675,-2.9988,-0.27972
6.0924,-8.8472,5.5023
11.623,-3.0101,5.9613
6.0174,-11.459,-2.7417
12.798,-6.0238,-2.9717
5.2141,-11.975,3.0913
11.146,-6.0549,3.1363
11.471,-12.385,-3.0947
11.951,-0.074878,-3.0267
11.777,-12.051,3.1503
2.81,-11.137,11.789
9.0106,-5.7579,11.978
8.9321,-12.625,11.999
8.6097,-11.875,6.5285
11.997,-9.205,11.714
6.61,-8.7327,12.273
11.675,-2.9988,11.783
6.0174,-11.459,9.3215
12.798,-6.0238,9.0915
11.471,-12.385,8.9685
11.951,-0.074878,9.0365
-3.1544,-4.8826,-12.198
-9.3614,1.0345,-12.543
3.2789,0.75731,-12.406
-3.1608,6.4135,-12.354
-3.3093,-4.8776,-5.9352
-8.9682,0.28072,-5.9682
2.9013,0.38113,-6.3442
-3.7279,6.026,-5.9102
2.8822,-6.371,-11.679
-3.2393,-0.45326,-12.333
9.3239,0.091924,-12.353
2.7966,6.6687,-11.85
2.9147,-5.3387,-6.4672
8.9138,0.31678,-6.2342
2.4332,5.8768,-6.7702
-0.22557,-8.8636,-12.895
-7.2804,-2.2613,-12.64
6.6723,-2.3674,-12.608
-0.17466,2.9663,-12.618
-0.36557,-8.708,-6.0582
-0.6767,3.3609,-6.2322
0.38679,-3.0172,-12.461
-5.5614,3.4387,-12.059
6.1667,3.8205,-11.575
-0.49639,9.1726,-12.549
-0.36275,-2.5166,-6.2942
-6.079,3.3241,-6.7672
6.3838,3.8353,-6.9832
-0.54871,9.1613,-6.3082
-0.62296,-6.1554,-9.2662
-6.9572,0.19587,-9.1782
5.8025,0.055154,-9.3082
-1.0253,6.1165,-9.1332
5.823,-4.7199,-9.2552
-0.39457,0.12021,-9.1192
0.35072,-11.15,-9.3502
-6.7967,-5.1336,-9.4442
-3.1544,-4.8826,-0.135
-9.3614,1.0345,-0.48
3.2789,0.75731,-0.343
-3.1608,6.4135,-0.291
-3.3093,-4.8776,6.128
-8.9682,0.28072,6.095
2.9013,0.38113,5.719
-3.7279,6.026,6.153
2.8822,-6.371,0.384
-3.2393,-0.45326,-0.27
9.3239,0.091924,-0.29
2.7966,6.6687,0.213
2.9147,-5.3387,5.596
-3.5617,0.29628,-5.741
8.9138,0.31678,5.829
2.4332,5.8768,5.293
-0.22557,-8.8636,-0.832
-7.2804,-2.2613,-0.577
6.6723,-2.3674,-0.545
-0.17466,2.9663,-0.555
-0.36557,-8.708,6.005
-6.6942,-2.791,-5.255
5.3323,-2.2875,-5.873
-0.6767,3.3609,5.831
0.38679,-3.0172,-0.398
-5.5614,3.4387,0.004
6.1667,3.8205,0.488
-0.49639,9.1726,-0.486
-0.36275,-2.5166,5.769
-6.079,3.3241,5.296
6.3838,3.8353,5.08
-0.54871,9.1613,5.755
-0.73186,-5.8513,-3.342
-6.154,0.71206,-2.948
5.4978,1.5761,-3.604
0.6265,6.1476,-3.178
-0.62296,-6.1554,2.797
-6.9572,0.19587,2.885
5.8025,0.055154,2.755
-1.0253,6.1165,2.93
5.019,-5.6894,-3.247
-0.70004,-0.21355,-3.301
-0.21991,12.096,-3.233
4.7687,6.1306,-3.235
5.823,-4.7199,2.808
-0.39457,0.12021,2.944
0.35072,-11.15,2.713
-6.7967,-5.1336,2.619
-3.1544,-4.8826,11.928
-9.3614,1.0345,11.583
3.2789,0.75731,11.72
-3.1608,6.4135,11.772
2.8822,-6.371,12.447
-3.2393,-0.45326,11.793
9.3239,0.091924,11.773
2.7966,6.6687,12.276
-3.5617,0.29628,6.3222
-0.22557,-8.8636,11.231
-7.2804,-2.2613,11.486
6.6723,-2.3674,11.518
-0.17466,2.9663,11.508
-6.6942,-2.791,6.8082
5.3323,-2.2875,6.1902
0.38679,-3.0172,11.665
-5.5614,3.4387,12.067
6.1667,3.8205,12.551
-0.49639,9.1726,11.577
-0.73186,-5.8513,8.7212
-6.154,0.71206,9.1152
5.4978,1.5761,8.4592
0.6265,6.1476,8.8852
5.019,-5.6894,8.8162
-0.70004,-0.21355,8.7622
-0.21991,12.096,8.8302
4.7687,6.1306,8.8282
-8.8925,12.929,-12.612
-9.2701,12.552,-6.5505
-9.2892,5.8003,-11.885
-2.8474,12.263,-12.559
-9.2567,6.8327,-6.6735
-3.2576,12.488,-6.4405
-12.397,3.3078,-13.101
-5.4991,9.804,-12.814
-12.537,3.4633,-6.2645
-11.785,9.1541,-12.667
-12.534,9.6548,-6.5005
-12.794,6.016,-9.4725
-6.3688,12.227,-9.5145
-6.3483,7.4514,-9.4615
-12.566,12.292,-9.3255
-11.821,1.0217,-9.5565
-8.8925,12.929,-0.54928
-9.2701,12.552,5.5127
-9.2892,5.8003,0.17772
-2.8474,12.263,-0.49628
-9.2567,6.8327,5.3897
-3.2576,12.488,5.6227
-12.397,3.3078,-1.0383
-5.4991,9.804,-0.75128
-12.537,3.4633,5.7987
-6.8391,9.8839,-6.0793
-11.785,9.1541,-0.60428
-12.534,9.6548,5.5627
-12.903,6.32,-3.5483
-6.6736,13.747,-3.8103
-12.794,6.016,2.5907
-6.3688,12.227,2.5487
-7.1523,6.482,-3.4533
-12.871,11.958,-3.5073
-6.3483,7.4514,2.6017
-12.566,12.292,2.7377
-11.821,1.0217,2.5067
-8.8925,12.929,11.514
-9.2892,5.8003,12.241
-2.8474,12.263,11.567
-12.397,3.3078,11.025
-5.4991,9.804,11.312
-6.8391,9.8839,5.9839
-11.785,9.1541,11.459
-12.903,6.32,8.5149
-6.6736,13.747,8.2529
-7.1523,6.482,8.6099
-12.871,11.958,8.5559
9.3116,7.0022,-11.989
3.1047,12.919,-12.334
9.1568,7.0071,-5.7255
3.4978,12.165,-5.7585
9.2268,11.431,-12.124
12.24,3.0211,-12.686
5.1857,9.6234,-12.431
12.1,3.1767,-5.8485
12.853,8.8675,-12.252
12.103,9.3681,-6.0845
11.843,5.7294,-9.0565
5.5088,12.081,-8.9685
12.071,12.005,-8.9095
12.817,0.73507,-9.1405
5.6693,6.7511,-9.2345
9.3116,7.0022,0.074689
3.1047,12.919,-0.27031
9.1568,7.0071,6.3377
3.4978,12.165,6.3047
9.2268,11.431,-0.060311
8.9044,12.181,-5.5313
12.24,3.0211,-0.62231
5.1857,9.6234,-0.36731
12.1,3.1767,6.2147
5.7719,9.0938,-5.0453
12.853,8.8675,-0.18831
12.103,9.3681,5.9787
11.734,6.0334,-3.1323
6.3121,12.597,-2.7383
11.843,5.7294,3.0067
5.5088,12.081,3.0947
11.766,11.671,-3.0913
12.071,12.005,3.1537
12.817,0.73507,2.9227
5.6693,6.7511,2.8287
9.3116,7.0022,12.138
3.1047,12.919,11.793
9.2268,11.431,12.003
8.9044,12.181,6.5319
12.24,3.0211,11.441
5.1857,9.6234,11.696
5.7719,9.0938,7.0179
12.853,8.8675,11.875
11.734,6.0334,8.9309
6.3121,12.597,9.3249
11.766,11.671,8.9719
0.64542,12.906,-9.3468
0.64542,12.906,2.7164
0,0,0
-0.014849,-5.9192,-0.338
0.24678,5.9418,-0.3
0.0021213,0.47871,5.976
0.0021213,0.47871,-6.0872
-6.4318,0.28143,0.158
6.5273,0.57629,0.087
-0.20506,-5.4829,5.917
-5.8845,-5.5494,-0.065
-0.20506,-5.4829,-6.1462
6.1179,0.7863,5.684
-0.29345,6.1497,5.714
6.2005,-5.8244,-0.18572
-6.4693,0.23122,-5.63
-5.9708,6.347,-0.392
-0.29345,6.1497,-6.3492
6.1179,0.7863,-6.3792
-6.4693,0.23122,6.4332
6.5815,6.3354,0.14469
5.9743,-5.5444,5.98
5.9743,-5.5444,-6.0832
-6.7576,-5.2358,5.7613
5.7085,6.6489,5.971
-6.7576,-5.2358,-6.3019
5.7085,6.6489,-6.0922
-6.197,6.6269,5.7737
-6.197,6.6269,-6.2895
11.884,0.009268,0.22728
-0.58178,-11.875,0.01759
0,0,-12.063
0,0,12.063
-0.28709,12.181,0.021
-12.753,0.29589,-0.18869
-5.9387,-11.308,-0.12269
-0.014849,-5.9192,11.725
0.24678,5.9418,11.763
5.7395,-11.89,0.36428
0.028284,11.95,5.999
0.028284,11.95,-6.0642
-0.26641,-12.106,5.9956
-6.4318,0.28143,-11.905
12.2,-0.22125,-5.8579
-0.26641,-12.106,-6.0676
6.0342,12.166,0.36769
-12.219,-5.9429,-0.50969
6.5273,0.57629,-11.976
12.2,-0.22125,6.2053
-12.186,6.2522,-0.54428
0.24678,5.9418,-12.363
-12.438,0.065376,5.7893
-0.014849,-5.9192,-12.401
6.5273,0.57629,12.15
12.451,5.9655,-0.12831
-6.4318,0.28143,12.221
12.418,-6.2295,-0.093721
-6.3482,-11.098,5.4743
-12.438,0.065376,-6.2739
-5.6441,12.748,-0.11928
5.702,-11.94,-5.4237
-6.3482,-11.098,-6.5889
-5.8845,-5.5494,11.998
5.9967,12.116,-5.4203
-5.9708,6.347,11.671
11.878,-6.0216,5.9203
-5.8845,-5.5494,-12.128
6.2005,-5.8244,11.877
11.878,-6.0216,-6.1429
5.702,-11.94,6.6395
6.2005,-5.8244,-12.249
6.5815,6.3354,-11.919
-12.759,-5.735,5.5043
12.261,6.4018,-5.9365
5.9967,12.116,6.6429
12.261,6.4018,6.1267
-12.376,6.6884,5.7107
-5.9708,6.347,-12.455
6.5815,6.3354,12.208
-6.0535,12.958,5.4777
-12.376,6.6884,-6.3525
-12.759,-5.735,-6.5589
-6.0535,12.958,-6.5855
11.884,0.009268,-11.836
-0.58178,-11.875,-12.046
-0.58178,-11.875,12.081
11.884,0.009268,12.29
-0.28709,12.181,-12.042
-0.28709,12.181,12.084
12.171,-12.171,0.20628
-12.171,12.171,-0.20628
12.466,11.885,0.20969
-12.466,-11.885,-0.20969
-12.753,0.29589,11.875
-5.9387,-11.308,11.941
5.7395,-11.89,-11.699
-5.9387,-11.308,-12.186
-12.753,0.29589,-12.252
-12.219,-5.9429,11.554
-12.464,-11.406,5.7663
12.173,-11.693,-5.8809
-12.186,6.2522,11.519
6.0342,12.166,-11.696
12.173,-11.693,6.1823
-12.464,-11.406,-6.2969
5.7395,-11.89,12.427
12.451,5.9655,11.935
12.418,-6.2295,11.969
-5.6441,12.748,11.944
6.0342,12.166,12.431
12.451,5.9655,-12.192
12.418,-6.2295,-12.157
-12.169,12.65,5.7697
-12.219,-5.9429,-12.573
-5.6441,12.748,-12.182
12.468,12.363,-5.8775
-12.186,6.2522,-12.607
12.468,12.363,6.1857
-12.169,12.65,-6.2935
12.171,-12.171,-11.857
-12.171,12.171,11.857
12.466,11.885,-11.854
-12.466,-11.885,11.854
12.171,-12.171,12.269
-12.171,12.171,-12.269
12.466,11.885,12.273
-12.466,-11.885,-12.273
