-10.21,-8.7395,-9.5817
2.1131,-8.591,-9.5847
-4.1045,-2.645,-9.5947
-10.043,-8.7395,-3.5627
2.2722,-8.5903,-3.5597
-3.9702,-2.6492,-3.5547
-4.0465,-8.6667,-9.5867
-3.8881,-8.6582,-3.5607
-10.21,-8.7395,2.4815
2.1131,-8.591,2.4785
-4.1045,-2.645,2.4685
-10.043,-8.7395,8.5005
2.2722,-8.5903,8.5035
-3.9702,-2.6492,8.5085
-4.0465,-8.6667,2.4765
-3.8881,-8.6582,8.5025
-10.058,3.5803,-9.791
-9.8992,3.581,-3.766
-9.9706,-2.4329,-9.798
-9.8433,-2.4329,-3.759
-10.058,3.5803,2.2722
-9.8992,3.581,8.2972
-9.9706,-2.4329,2.2652
-9.8433,-2.4329,8.3042
8.5015,-2.7924,-9.383
2.2557,3.1452,-9.372
8.3615,9.2398,-9.385
8.6366,-2.7959,-3.344
2.4225,3.1452,-3.353
8.4959,9.2355,-3.345
8.5645,-8.8077,-9.382
2.3434,-2.8723,-9.381
8.4195,3.218,-9.377
8.7165,-8.8042,-3.35
2.4749,-2.8694,-3.341
8.5779,3.2265,-3.351
8.5015,-2.7924,2.6802
2.2557,3.1452,2.6912
8.3615,9.2398,2.6782
8.6366,-2.7959,8.7192
2.4225,3.1452,8.7102
8.4959,9.2355,8.7182
8.5645,-8.8077,2.6812
2.3434,-2.8723,2.6822
8.4195,3.218,2.6862
8.7165,-8.8042,8.7132
2.4749,-2.8694,8.7222
8.5779,3.2265,8.7122
-3.6698,9.379,-9.5893
-3.5348,9.3755,-3.5503
-3.6069,3.3636,-9.5883
-9.828,9.2991,-9.5873
2.4955,9.4518,-9.5883
-3.4548,3.3672,-3.5563
-9.6965,9.3019,-3.5473
2.6227,9.4518,-3.5493
-3.6698,9.379,2.4739
-3.5348,9.3755,8.5129
-3.6069,3.3636,2.4749
-9.828,9.2991,2.4759
2.4955,9.4518,2.4749
-3.4548,3.3672,8.5069
-9.6965,9.3019,8.5159
2.6227,9.4518,8.5139
-9.4106,-8.7317,-8.3157
-9.2551,-8.7317,-2.2897
-3.2475,-8.6582,-8.3207
-9.4743,-2.7185,-8.3187
-3.099,-8.6525,-2.2887
-9.335,-2.7164,-2.2867
-9.4106,-8.7317,3.7475
-9.2551,-8.7317,9.7735
-3.2475,-8.6582,3.7425
-9.4743,-2.7185,3.7445
-3.099,-8.6525,9.7745
-9.335,-2.7164,9.7765
9.0714,-9.0912,-7.9087
9.2171,-9.087,-1.8727
9.0714,-9.0912,4.1545
9.2171,-9.087,10.19
3.2011,-8.8749,-8.107
-3.0264,-2.9303,-8.111
9.2893,-2.7839,-8.111
3.0554,3.153,-8.106
3.3538,-8.8749,-2.079
-2.8815,-2.931,-2.078
9.4378,-2.7853,-2.079
3.211,3.153,-2.08
3.1339,-2.8652,-8.11
-3.1,3.0802,-8.115
9.2186,3.2265,-8.111
2.9918,9.1662,-8.109
3.2753,-2.861,-2.076
-2.9543,3.0844,-2.079
9.367,3.2322,-2.079
3.1311,9.1683,-2.077
3.2011,-8.8749,3.9562
-3.0264,-2.9303,3.9522
9.2893,-2.7839,3.9522
3.0554,3.153,3.9572
3.3538,-8.8749,9.9842
-2.8815,-2.931,9.9852
9.4378,-2.7853,9.9842
3.211,3.153,9.9832
3.1339,-2.8652,3.9532
-3.1,3.0802,3.9482
9.2186,3.2265,3.9522
2.9918,9.1662,3.9542
3.2753,-2.861,9.9872
-2.9543,3.0844,9.9842
9.367,3.2322,9.9842
3.1311,9.1683,9.9862
-8.9703,3.2965,-8.3133
-2.8821,9.3875,-8.3173
-8.8175,3.2965,-2.2853
-2.7336,9.3861,-2.2853
-9.0375,9.3062,-8.3163
-8.896,9.3104,-2.2823
-8.9703,3.2965,3.7499
-2.8821,9.3875,3.7459
-8.8175,3.2965,9.7779
-2.7336,9.3861,9.7779
-9.0375,9.3062,3.7469
-8.896,9.3104,9.7809
9.4396,8.9545,-7.9013
9.5846,8.9538,-1.8683
9.4396,8.9545,4.1619
9.5846,8.9538,10.195
-3.292,-11.664,-12.611
-9.5224,-5.7294,-12.607
-9.4524,-11.74,-12.604
2.8683,-11.595,-12.604
-3.3635,-5.6473,-12.601
-6.3043,-8.7819,-12.565
-12.468,-8.8576,-12.576
-0.15037,-8.7105,-12.57
-6.3863,-2.7687,-12.555
-3.4405,-11.664,-6.5687
-9.6716,-5.7287,-6.5727
-3.292,-11.664,-0.54769
-9.5224,-5.7294,-0.54369
-9.5987,-11.744,-6.5757
2.7205,-11.598,-6.5737
-3.5112,-5.6523,-6.5807
-9.4524,-11.74,-0.54069
2.8683,-11.595,-0.54069
-3.3635,-5.6473,-0.53769
-6.4585,-8.7834,-6.5247
-6.3043,-8.7819,-0.50169
-12.622,-8.8604,-6.5127
-0.29886,-8.7134,-6.5177
-6.5249,-2.7687,-6.5367
-12.468,-8.8576,-0.51269
-0.15037,-8.7105,-0.50669
-6.3863,-2.7687,-0.49169
-13.473,-11.784,-9.5007
-1.1601,-11.645,-9.4997
-7.3855,-5.7265,-9.4957
-13.32,-11.82,-3.4647
-0.9989,-11.679,-3.4647
-7.2342,-5.7124,-3.4667
-7.3119,-11.726,-9.4987
5.0101,-11.571,-9.4957
-1.2202,-5.6551,-9.4977
-7.1677,-11.738,-3.4637
5.1522,-11.588,-3.4637
-1.083,-5.6325,-3.4677
-3.4405,-11.664,5.4945
-9.6716,-5.7287,5.4905
-3.292,-11.664,11.516
-9.5224,-5.7294,11.52
-9.5987,-11.744,5.4875
2.7205,-11.598,5.4895
-3.5112,-5.6523,5.4825
-9.4524,-11.74,11.523
2.8683,-11.595,11.523
-3.3635,-5.6473,11.526
-6.4585,-8.7834,5.5385
-6.3043,-8.7819,11.562
-12.622,-8.8604,5.5505
-0.29886,-8.7134,5.5455
-6.5249,-2.7687,5.5265
-12.468,-8.8576,11.551
-0.15037,-8.7105,11.557
-6.3863,-2.7687,11.572
-13.473,-11.784,2.5625
-1.1601,-11.645,2.5635
-7.3855,-5.7265,2.5675
-13.32,-11.82,8.5985
-0.9989,-11.679,8.5985
-7.2342,-5.7124,8.5965
-7.3119,-11.726,2.5645
5.0101,-11.571,2.5675
-1.2202,-5.6551,2.5655
-7.1677,-11.738,8.5995
5.1522,-11.588,8.5995
-1.083,-5.6325,8.5955
-9.3031,0.57654,-12.81
-12.251,-2.5538,-12.751
-12.322,3.4608,-12.776
-9.4509,0.573,-6.78
-9.3031,0.57654,-0.74697
-12.396,-2.5559,-6.749
-12.251,-2.5538,-0.68797
-12.47,3.458,-6.724
-12.322,3.4608,-0.71297
-13.331,0.52633,-9.706
-13.17,0.49239,-3.671
-13.245,-5.5166,-9.705
-7.1613,0.59987,-9.702
-13.392,6.5162,-9.704
-13.113,-5.4805,-3.676
-7.0191,0.58361,-3.67
-13.254,6.5389,-3.674
-9.4509,0.573,5.2832
-9.3031,0.57654,11.316
-12.396,-2.5559,5.3142
-12.251,-2.5538,11.375
-12.47,3.458,5.3392
-12.322,3.4608,11.35
-13.331,0.52633,2.3572
-13.17,0.49239,8.3922
-13.245,-5.5166,2.3582
-7.1613,0.59987,2.3612
-13.392,6.5162,2.3592
-13.113,-5.4805,8.3872
-7.0191,0.58361,8.3932
-13.254,6.5389,8.3892
9.0261,-12.098,-12.193
12.169,-9.1442,-12.16
8.8798,-12.099,-6.1577
9.0261,-12.098,-0.12972
12.015,-9.1471,-6.0967
12.169,-9.1442,-0.096721
11.164,-12.071,-9.0847
11.317,-12.106,-3.0487
8.8798,-12.099,5.9055
9.0261,-12.098,11.933
12.015,-9.1471,5.9665
12.169,-9.1442,11.966
11.164,-12.071,2.9785
11.317,-12.106,9.0145
3.0879,-5.8739,-12.395
-3.1452,0.073539,-12.399
9.174,0.22062,-12.401
2.9437,6.1554,-12.397
9.2454,-5.7919,-12.391
3.0137,0.14425,-12.394
9.1026,6.2374,-12.391
6.2996,-8.9244,-12.349
0.065054,-2.9868,-12.337
12.386,-2.8404,-12.335
6.1617,3.1028,-12.355
6.2254,-2.9119,-12.346
-0.0021213,3.0271,-12.366
12.316,3.1742,-12.36
6.0797,9.116,-12.345
2.938,-5.8754,-6.359
-3.2916,0.072832,-6.364
9.0255,0.22062,-6.359
2.7945,6.1561,-6.363
3.0879,-5.8739,-0.332
-3.1452,0.073539,-0.336
9.174,0.22062,-0.338
2.9437,6.1554,-0.334
9.0969,-5.7962,-6.371
2.8673,0.14071,-6.366
8.9548,6.2324,-6.371
9.2454,-5.7919,-0.328
3.0137,0.14425,-0.331
9.1026,6.2374,-0.328
6.1511,-8.9258,-6.316
-0.078489,-2.9889,-6.328
12.241,-2.8426,-6.333
6.0076,3.1014,-6.315
6.2996,-8.9244,-0.286
0.065054,-2.9868,-0.274
12.386,-2.8404,-0.272
6.1617,3.1028,-0.292
6.0854,-2.9119,-6.323
-0.15627,3.0243,-6.303
12.167,3.1714,-6.308
5.9411,9.116,-6.327
6.2254,-2.9119,-0.283
-0.0021213,3.0271,-0.303
12.316,3.1742,-0.297
6.0797,9.116,-0.282
5.2227,-5.8619,-9.285
-1.0069,0.10041,-9.291
11.306,0.23971,-9.29
5.0806,6.1582,-9.286
5.379,-5.857,-3.254
-0.85418,0.065054,-3.255
11.467,0.20577,-3.255
5.2319,6.1723,-3.257
11.392,-5.8032,-9.289
5.1541,0.1591,-9.289
11.246,6.2296,-9.288
11.524,-5.7672,-3.26
5.2984,0.14637,-3.254
11.383,6.2522,-3.258
2.938,-5.8754,5.7042
-3.2916,0.072832,5.6992
9.0255,0.22062,5.7042
2.7945,6.1561,5.7002
3.0879,-5.8739,11.731
-3.1452,0.073539,11.727
9.174,0.22062,11.725
2.9437,6.1554,11.729
9.0969,-5.7962,5.6922
2.8673,0.14071,5.6972
8.9548,6.2324,5.6922
9.2454,-5.7919,11.735
3.0137,0.14425,11.732
9.1026,6.2374,11.735
6.1511,-8.9258,5.7472
-0.078489,-2.9889,5.7352
12.241,-2.8426,5.7302
6.0076,3.1014,5.7482
6.2996,-8.9244,11.777
0.065054,-2.9868,11.789
12.386,-2.8404,11.791
6.1617,3.1028,11.771
6.0854,-2.9119,5.7402
-0.15627,3.0243,5.7602
12.167,3.1714,5.7552
5.9411,9.116,5.7362
6.2254,-2.9119,11.78
-0.0021213,3.0271,11.76
12.316,3.1742,11.766
6.0797,9.116,11.781
5.2227,-5.8619,2.7782
-1.0069,0.10041,2.7722
11.306,0.23971,2.7732
5.0806,6.1582,2.7772
5.379,-5.857,8.8092
-0.85418,0.065054,8.8082
11.467,0.20577,8.8082
5.2319,6.1723,8.8062
11.392,-5.8032,2.7742
5.1541,0.1591,2.7742
11.246,6.2296,2.7752
11.524,-5.7672,8.8032
5.2984,0.14637,8.8092
11.383,6.2522,8.8052
-9.0834,6.2974,-12.601
-2.9973,12.392,-12.607
-2.9259,6.3794,-12.597
-9.1577,12.316,-12.6
3.163,12.461,-12.6
-5.8717,3.247,-12.555
-12.106,9.1845,-12.543
0.21504,9.3309,-12.541
-5.946,9.2595,-12.552
-9.2333,6.296,-6.5653
-3.1458,12.392,-6.5653
-9.0834,6.2974,-0.53828
-2.9973,12.392,-0.54428
-3.0744,6.3752,-6.5773
-9.304,12.312,-6.5723
3.0152,12.458,-6.5703
-2.9259,6.3794,-0.53428
-9.1577,12.316,-0.53728
3.163,12.461,-0.53728
-6.0202,3.2455,-6.5223
-12.25,9.1824,-6.5343
0.070079,9.3288,-6.5393
-5.8717,3.247,-0.49228
-12.106,9.1845,-0.48028
0.21504,9.3309,-0.47828
-6.086,9.2595,-6.5293
-5.946,9.2595,-0.48928
-6.9487,6.3094,-9.4913
-13.178,12.272,-9.4973
-0.86542,12.411,-9.4963
-6.7924,6.3144,-3.4603
-13.026,12.236,-3.4613
-0.7042,12.377,-3.4613
-0.77916,6.3681,-9.4953
-7.0173,12.33,-9.4953
5.3048,12.485,-9.4923
-0.64693,6.4042,-3.4663
-6.873,12.318,-3.4603
5.4469,12.468,-3.4603
-9.2333,6.296,5.4979
-3.1458,12.392,5.4979
-9.0834,6.2974,11.525
-2.9973,12.392,11.519
-3.0744,6.3752,5.4859
-9.304,12.312,5.4909
3.0152,12.458,5.4929
-2.9259,6.3794,11.529
-9.1577,12.316,11.526
3.163,12.461,11.526
-6.0202,3.2455,5.5409
-12.25,9.1824,5.5289
0.070079,9.3288,5.5239
-5.8717,3.247,11.571
-12.106,9.1845,11.583
0.21504,9.3309,11.585
-6.086,9.2595,5.5339
-5.946,9.2595,11.574
-6.9487,6.3094,2.5719
-13.178,12.272,2.5659
-0.86542,12.411,2.5669
-6.7924,6.3144,8.6029
-13.026,12.236,8.6019
-0.7042,12.377,8.6019
-0.77916,6.3681,2.5679
-7.0173,12.33,2.5679
5.3048,12.485,2.5709
-0.64693,6.4042,8.5969
-6.873,12.318,8.6029
5.4469,12.468,8.6029
9.3208,11.958,-12.19
12.531,8.8979,-12.128
9.1745,11.958,-6.1543
9.3208,11.958,-0.12631
12.388,8.8958,-6.1183
12.531,8.8979,-0.064311
11.459,11.985,-9.0813
11.612,11.95,-3.0453
9.1745,11.958,5.9089
9.3208,11.958,11.937
12.388,8.8958,5.9449
12.531,8.8979,11.999
11.459,11.985,2.9819
11.612,11.95,9.0179
0,0,0
-0.074246,6.0111,-0.001
0.068589,-6.0168,0.002
-0.14991,-0.0028284,-6.029
-0.14991,-0.0028284,6.0342
6.1596,0.07566,-0.001
-6.161,-0.070004,0.002
6.0069,0.074246,-6.03
6.0069,0.074246,6.0332
-0.22132,6.0111,6.0312
-0.22132,6.0111,-6.032
-0.078489,-6.0168,-6.031
-0.078489,-6.0168,6.0322
6.2275,-5.9362,0.003
6.0839,6.091,0.004
-5.9439,6.2352,-0.20328
-6.3821,-5.7937,-0.20569
-6.3095,-0.071418,-6.029
-6.3095,-0.071418,6.0342
6.0832,-5.939,-6.031
6.0832,-5.939,6.0322
5.9397,6.0882,6.0312
5.9397,6.0882,-6.032
-6.0881,6.2324,5.8259
-6.5264,-5.7965,5.8215
-6.0881,6.2324,-6.2373
-6.5264,-5.7965,-6.2417
-0.14754,-11.74,-0.20769
0,0,-12.063
0,0,12.063
0.14715,12.316,-0.20428
12.319,0.14496,0.002
-12.319,0.43158,-0.41397
-0.29815,-11.742,5.8235
-0.29815,-11.742,-6.2397
-6.3064,-11.809,-0.21069
6.305,11.815,0.21169
-0.074246,6.0111,12.062
0.068589,-6.0168,-12.061
-0.074246,6.0111,-12.064
0.068589,-6.0168,12.065
-6.161,-0.070004,-12.061
6.1596,0.07566,12.062
6.1596,0.07566,-12.064
-6.161,-0.070004,12.065
12.097,-6.1602,0.20528
-12.103,6.1546,-0.20428
12.168,0.14284,-6.03
12.168,0.14284,6.0332
-0.0034599,12.314,5.8269
6.0103,-12.241,0.20828
-6.0117,12.247,-0.20728
-12.47,0.42946,5.6172
-0.0034599,12.314,-6.2363
12.535,5.868,0.21169
-12.54,-5.8736,-0.21069
-12.47,0.42946,-6.446
6.1565,11.813,-5.8193
11.95,-6.1602,-5.8257
-5.9439,6.2352,11.86
-6.3821,-5.7937,11.858
-6.4592,-11.81,5.8235
6.1565,11.813,6.2439
5.8618,-12.243,-5.8227
6.2275,-5.9362,-12.06
6.0839,6.091,-12.059
6.2275,-5.9362,12.066
11.95,-6.1602,6.2375
6.0839,6.091,12.067
-6.4592,-11.81,-6.2397
12.388,5.868,-5.8213
-12.25,6.1546,5.8259
-6.1645,12.246,5.8269
5.8618,-12.243,6.2405
-5.9439,6.2352,-12.266
-6.3821,-5.7937,-12.269
-12.25,6.1546,-6.2373
12.388,5.868,6.2419
-6.1645,12.246,-6.2363
-12.687,-5.8736,5.8215
-12.687,-5.8736,-6.2417
-0.14754,-11.74,11.856
-12.319,0.43158,11.649
-0.14754,-11.74,-12.271
0.14715,12.316,11.859
12.171,-12.171,0.20628
-12.171,12.171,-0.20628
-12.466,-11.885,-0.20969
12.466,11.885,0.20969
12.319,0.14496,-12.061
12.319,0.14496,12.065
0.14715,12.316,-12.267
-12.319,0.43158,-12.477
-6.3064,-11.809,11.853
6.305,11.815,-11.852
12.097,-6.1602,-11.858
-12.103,6.1546,11.859
6.0103,-12.241,-11.855
12.021,-12.174,-5.8227
-6.0117,12.247,11.856
12.316,11.882,-5.8193
-6.3064,-11.809,-12.274
6.305,11.815,12.275
12.021,-12.174,6.2405
12.316,11.882,6.2439
12.535,5.868,-11.852
-12.54,-5.8736,11.853
-12.321,12.169,5.8279
-12.616,-11.888,5.8245
12.097,-6.1602,12.268
-12.103,6.1546,-12.267
6.0103,-12.241,12.271
-6.0117,12.247,-12.27
-12.321,12.169,-6.2353
-12.616,-11.888,-6.2387
12.535,5.868,12.275
-12.54,-5.8736,-12.274
12.171,-12.171,-11.857
-12.171,12.171,11.857
-12.466,-11.885,11.854
12.466,11.885,-11.854
12.171,-12.171,12.269
-12.171,12.171,-12.269
-12.466,-11.885,-12.273
12.466,11.885,12.273
