-9.2752,-9.1158,-8.6544
-3.4734,-8.4306,-8.7824
-9.5659,-8.374,-2.8298
-9.2752,-9.1158,2.8552
-3.653,-7.9667,-2.4568
-3.4734,-8.4306,2.7272
-9.5659,-8.374,8.6799
-3.653,-7.9667,9.0529
3.041,-9.2806,-8.462
7.814,-9.1603,-8.438
3.041,-9.2806,3.0476
8.6951,-8.6739,-2.6854
7.814,-9.1603,3.0716
8.6951,-8.6739,8.8243
-8.614,2.3745,-8.6867
-3.1155,-2.5187,-8.6527
9.0976,-1.8526,-8.4837
2.7485,2.1857,-8.4267
2.9246,-2.5032,-8.5467
-3.841,2.4947,-8.6627
8.5503,2.8709,-8.5547
-9.1097,-2.6326,-8.6157
2.6863,-8.4619,-3.116
-3.5808,-3.1353,-2.889
8.7929,-2.5067,-2.512
2.4579,2.9274,-2.602
-8.614,2.3745,2.823
-3.1155,-2.5187,2.857
9.0976,-1.8526,3.026
2.7485,2.1857,3.083
3.5362,-3.112,-2.8
-2.9599,2.9812,-2.91
8.3707,3.3347,-2.229
-8.9103,-2.4657,-3.153
2.9246,-2.5032,2.963
-3.841,2.4947,2.847
8.5503,2.8709,2.955
-9.1097,-2.6326,2.894
2.6863,-8.4619,8.3937
-3.5808,-3.1353,8.6207
8.7929,-2.5067,8.9977
2.4579,2.9274,8.9077
3.5362,-3.112,8.7097
-2.9599,2.9812,8.5997
8.3707,3.3347,9.2807
-8.9103,-2.4657,8.3567
-2.5574,9.8024,-8.7083
-8.7304,9.1519,-8.7713
-8.9687,3.1931,-3.3406
-2.8621,9.1483,-2.7366
-2.5574,9.8024,2.8014
-8.1188,8.543,-3.0246
-8.7304,9.1519,2.7384
-8.9687,3.1931,8.169
-2.8621,9.1483,8.773
-8.1188,8.543,8.485
8.9082,8.7827,-8.4249
2.9141,8.6689,-8.3879
8.443,8.1661,-2.6612
8.9082,8.7827,3.0848
3.1135,8.8358,-2.9252
2.9141,8.6689,3.1218
8.443,8.1661,8.8484
3.1135,8.8358,8.5844
-2.8526,-8.5465,-7.4244
-8.0873,-8.2121,-8.6764
-9.4322,-3.1237,-2.2788
-2.8526,-8.5465,4.0852
-8.5886,-8.3924,-1.7248
-8.0873,-8.2121,2.8332
-9.4322,-3.1237,9.2309
-8.5886,-8.3924,9.7849
8.7304,-8.9624,-7.267
8.705,-3.3663,-7.307
7.9328,-8.8096,-1.4074
8.7304,-8.9624,4.2426
3.2419,-8.6965,-1.7104
9.7975,-3.1959,-1.7094
8.705,-3.3663,4.2026
7.9328,-8.8096,10.102
3.2419,-8.6965,9.7993
9.7975,-3.1959,9.8003
9.1712,2.7549,-7.1967
-8.283,-2.8129,-7.3677
3.7378,-2.9515,-7.3897
-2.9246,2.6927,-7.4917
-3.0929,-3.6232,-7.6397
2.8928,-8.6585,-7.3127
3.9365,3.0893,-8.4487
-2.95,8.2887,-7.5317
-1.8908,-8.1586,-2.707
2.5915,8.1777,-2.051
2.617,-3.0427,-1.617
-3.7222,2.8454,-1.632
9.1712,2.7549,4.313
-8.283,-2.8129,4.142
3.7378,-2.9515,4.12
-2.9246,2.6927,4.018
-2.7301,-2.7598,-1.726
-8.4132,2.9585,-1.935
3.4351,2.909,-1.497
-1.8576,8.4591,-1.934
-3.0929,-3.6232,3.87
2.8928,-8.6585,4.197
3.9365,3.0893,3.061
-2.95,8.2887,3.978
-1.8908,-8.1586,8.8027
2.5915,8.1777,9.4587
2.617,-3.0427,9.8927
-3.7222,2.8454,9.8777
-2.7301,-2.7598,9.7837
-8.4132,2.9585,9.5747
3.4351,2.909,10.013
-1.8576,8.4591,9.5757
-7.9173,8.7036,-7.6143
-8.7622,2.9965,-7.5373
-9.038,8.6123,-1.8416
-7.9173,8.7036,3.8954
-8.7622,2.9965,3.9724
-9.038,8.6123,9.668
3.7407,8.4886,-7.1399
8.9309,7.6782,-7.4119
10.133,3.1428,-2.4792
3.7407,8.4886,4.3698
9.2936,8.5416,-1.4982
8.9309,7.6782,4.0978
10.133,3.1428,9.0304
9.2936,8.5416,10.011
-0.75906,-11.824,-2.6631
-0.75906,-11.824,8.8465
-9.353,-11.213,-11.913
-8.916,-11.705,-5.6604
-3.0598,-11.357,-11.609
-9.201,-5.7605,-10.791
-3.0902,-11.341,-5.8354
-8.8884,-5.1694,-5.7334
-12.278,-8.4214,-12.21
-6.2212,-8.2976,-11.116
-12.265,-2.6556,-11.057
-6.5324,-8.3825,-6.0064
-12.134,-2.9491,-6.2704
-6.0763,-10.951,-8.5844
-12.995,-5.9288,-8.8314
-12.168,-10.723,-8.3784
-6.5585,-5.2366,-8.3654
-9.353,-11.213,-0.40375
-8.916,-11.705,5.8492
-3.0598,-11.357,-0.099752
-9.201,-5.7605,0.71825
-3.0902,-11.341,5.6742
-8.8884,-5.1694,5.7762
-12.278,-8.4214,-0.70075
-12.379,-8.4942,-5.3718
-6.2212,-8.2976,0.39325
-12.265,-2.6556,0.45225
-6.5324,-8.3825,5.5032
-12.134,-2.9491,5.2392
-6.3945,-10.403,-3.0358
-11.8,-5.18,-3.1418
-6.0763,-10.951,2.9252
-12.995,-5.9288,2.6782
-12.099,-12.365,-2.7898
-12.414,-0.16874,-2.8878
-7.1122,-5.7082,-2.5068
-12.168,-10.723,3.1312
-6.5585,-5.2366,3.1442
-9.353,-11.213,11.106
-3.0598,-11.357,11.41
-9.201,-5.7605,12.228
-12.278,-8.4214,10.809
-12.379,-8.4942,6.1379
-6.2212,-8.2976,11.903
-12.265,-2.6556,11.962
-6.3945,-10.403,8.4739
-11.8,-5.18,8.3679
-12.099,-12.365,8.7199
-12.414,-0.16874,8.6219
-7.1122,-5.7082,9.0029
2.6861,-11.893,-11.448
8.6272,-6.1636,-11.222
2.7101,-11.676,-5.567
8.6986,-6.0526,-5.5
8.4624,-11.883,-11.38
8.77,-11.579,-5.179
11.401,-8.775,-11.758
5.4,-8.8224,-10.842
11.414,-3.0092,-10.605
5.6149,-9.0769,-5.702
11.545,-3.3027,-5.818
5.308,-11.97,-8.086
10.683,-6.2824,-8.379
11.511,-11.077,-7.926
2.6861,-11.893,0.061623
8.6272,-6.1636,0.28762
2.7101,-11.676,5.9426
8.6986,-6.0526,6.0096
8.4624,-11.883,0.12962
8.77,-11.579,6.3306
11.401,-8.775,-0.24838
11.3,-8.8478,-4.9194
5.4,-8.8224,0.66762
11.414,-3.0092,0.90462
5.6149,-9.0769,5.8076
11.545,-3.3027,5.6916
5.5067,-10.756,-2.4944
11.879,-5.5336,-2.6894
5.308,-11.97,3.4236
10.683,-6.2824,3.1306
5.5682,-6.5936,-2.6504
11.58,-12.719,-2.3374
11.265,-0.52233,-2.4354
11.511,-11.077,3.5836
2.6861,-11.893,11.571
8.6272,-6.1636,11.797
8.4624,-11.883,11.639
11.401,-8.775,11.261
11.3,-8.8478,6.5903
5.4,-8.8224,12.177
11.414,-3.0092,12.414
5.5067,-10.756,9.0153
11.879,-5.5336,8.8203
5.5682,-6.5936,8.8593
11.58,-12.719,9.1723
11.265,-0.52233,9.0743
-2.8206,-5.3874,-11.292
-8.9689,-0.23759,-11.673
2.6707,0.088388,-11.686
-3.0278,5.4914,-11.447
-2.6418,-6.0486,-5.4157
-8.9449,-0.021213,-5.7917
3.1077,-0.40376,-5.4327
-2.9564,5.6024,-5.7247
2.9819,-5.6208,-11.449
-3.1926,-0.2284,-11.605
8.964,-0.055861,-11.382
2.8228,5.5409,-10.564
3.3057,-5.6929,-5.9597
-2.885,0.076368,-5.4037
8.9336,-0.039598,-5.6077
3.1353,6.132,-5.5057
0.24466,-8.638,-11.974
-5.9758,-2.8221,-11.359
5.8195,-2.8468,-11.817
-0.25385,2.88,-11.983
0.073539,-8.8544,-5.3407
-5.4815,-3.1848,-5.5367
6.4474,-2.9713,-5.6187
0.08061,-2.8949,-10.673
-6.2551,2.8327,-11.067
5.8025,3.0038,-10.889
-0.24112,8.6458,-10.83
-0.42214,-2.9748,-6.1317
-6.0401,2.5781,-5.9267
5.4914,2.9189,-5.7787
-0.11031,8.3523,-6.0427
-0.19092,-6.5563,-8.4397
-6.347,-0.31537,-8.3107
5.9475,0.35002,-8.3567
-0.97156,5.3726,-8.6037
6.2501,-4.8302,-8.5797
-0.14425,0.57841,-8.1507
-0.13435,-10.731,-8.3227
5.4652,6.0649,-8.1377
-2.8206,-5.3874,0.218
-8.9689,-0.23759,-0.163
2.6707,0.088388,-0.176
-3.0278,5.4914,0.063
-2.6418,-6.0486,6.094
-8.9449,-0.021213,5.718
3.1077,-0.40376,6.077
-2.9564,5.6024,5.785
2.9819,-5.6208,0.061
-3.1926,-0.2284,-0.095
8.964,-0.055861,0.128
2.8228,5.5409,0.946
3.3057,-5.6929,5.55
-2.885,0.076368,6.106
8.9336,-0.039598,5.902
3.1353,6.132,6.004
0.24466,-8.638,-0.464
-5.9758,-2.8221,0.151
5.8195,-2.8468,-0.307
-0.25385,2.88,-0.473
0.073539,-8.8544,6.169
-5.4815,-3.1848,5.973
6.4474,-2.9713,5.891
-0.35497,2.8072,-5.144
0.08061,-2.8949,0.837
-6.2551,2.8327,0.443
5.8025,3.0038,0.621
-0.24112,8.6458,0.68
-0.42214,-2.9748,5.378
-6.0401,2.5781,5.583
5.4914,2.9189,5.731
-0.11031,8.3523,5.467
-0.042426,-5.4419,-2.867
-6.1483,0.89873,-2.719
5.6293,0.89873,-2.808
0.22415,6.1214,-2.914
-0.19092,-6.5563,3.07
-6.347,-0.31537,3.199
5.9475,0.35002,3.153
-0.97156,5.3726,2.906
-6.0868,5.0615,-2.875
-0.074953,-1.0635,-2.562
-0.39032,11.133,-2.66
4.9116,5.5932,-2.279
6.2501,-4.8302,2.93
-0.14425,0.57841,3.359
-0.13435,-10.731,3.187
5.4652,6.0649,3.372
-2.8206,-5.3874,11.728
-8.9689,-0.23759,11.347
2.6707,0.088388,11.334
-3.0278,5.4914,11.573
2.9819,-5.6208,11.571
-3.1926,-0.2284,11.415
8.964,-0.055861,11.638
2.8228,5.5409,12.456
0.24466,-8.638,11.046
-5.9758,-2.8221,11.661
5.8195,-2.8468,11.203
-0.25385,2.88,11.037
-0.35497,2.8072,6.3657
0.08061,-2.8949,12.347
-6.2551,2.8327,11.953
5.8025,3.0038,12.131
-0.24112,8.6458,12.19
-0.042426,-5.4419,8.6427
-6.1483,0.89873,8.7907
5.6293,0.89873,8.7017
0.22415,6.1214,8.5957
-6.0868,5.0615,8.6347
-0.074953,-1.0635,8.9477
-0.39032,11.133,8.8497
4.9116,5.5932,9.2307
-8.9843,11.743,-11.91
-8.5473,11.251,-5.6573
-8.6732,6.0342,-11.673
-2.691,11.599,-11.606
-8.3493,5.9621,-6.1843
-2.7214,11.615,-5.8323
-11.41,3.017,-12.198
-5.8355,8.8082,-12.041
-11.581,2.8006,-5.5653
-5.2076,8.6838,-5.8433
-11.574,8.7601,-10.897
-12.077,8.6802,-6.3563
-11.846,5.0987,-8.6643
-5.7075,12.005,-8.5813
-5.4049,6.8248,-8.8043
-11.799,12.233,-8.3753
-11.789,0.92397,-8.5473
-8.9843,11.743,-0.40062
-8.5473,11.251,5.8524
-8.6732,6.0342,-0.16362
-2.691,11.599,-0.096623
-8.3493,5.9621,5.3254
-2.7214,11.615,5.6774
-11.41,3.017,-0.68862
-5.8355,8.8082,-0.53162
-11.581,2.8006,5.9444
-5.2076,8.6838,5.6664
-11.574,8.7601,0.61238
-12.077,8.6802,5.1534
-11.697,6.2131,-3.0916
-6.0257,12.554,-3.0326
-11.846,5.0987,2.8454
-5.7075,12.005,2.9284
-11.73,10.592,-2.7866
-5.4049,6.8248,2.7054
-11.799,12.233,3.1344
-11.789,0.92397,2.9624
-8.9843,11.743,11.109
-8.6732,6.0342,11.346
-2.691,11.599,11.413
-11.41,3.017,10.821
-5.8355,8.8082,10.978
-11.574,8.7601,12.122
-11.697,6.2131,8.418
-6.0257,12.554,8.477
-11.73,10.592,8.723
9.2031,5.914,-11.064
3.0548,11.064,-11.445
9.382,5.2528,-5.1879
3.0789,11.28,-5.5639
8.8312,11.073,-11.377
9.1388,11.378,-5.1759
12.268,2.6634,-11.746
6.048,8.4794,-11.131
12.097,2.447,-5.1129
6.5423,8.1166,-5.3089
12.104,8.4065,-10.445
11.602,8.3266,-5.9039
11.833,4.7451,-8.2119
5.6768,10.986,-8.0829
11.88,11.88,-7.9229
11.889,0.57038,-8.0949
9.2031,5.914,0.44575
3.0548,11.064,0.064752
9.382,5.2528,6.3218
3.0789,11.28,5.9458
8.8312,11.073,0.13275
9.1388,11.378,6.3338
12.268,2.6634,-0.23625
6.048,8.4794,0.37875
12.097,2.447,6.3968
6.5423,8.1166,6.2008
12.104,8.4065,1.0648
11.602,8.3266,5.6058
11.981,5.8595,-2.6392
5.8755,12.2,-2.4912
11.833,4.7451,3.2978
5.6768,10.986,3.4268
11.949,10.238,-2.3342
11.88,11.88,3.5868
11.889,0.57038,3.4148
9.2031,5.914,11.955
3.0548,11.064,11.574
8.8312,11.073,11.642
12.268,2.6634,11.273
6.048,8.4794,11.888
12.104,8.4065,12.574
11.981,5.8595,8.8704
5.8755,12.2,9.0184
11.949,10.238,9.1754
0.23439,12.225,-8.3195
0.23439,12.225,3.1901
0,0,0
-0.10112,0.0091924,-5.4777
0.169,-5.5798,0.62
-0.031113,5.6342,0.483
5.9949,-0.021213,0.352
-0.10112,0.0091924,6.032
-6.1037,-0.13718,0.387
0.16476,5.577,-5.5327
5.869,0.042426,-5.3877
0.22769,-5.6371,-5.6307
-5.7756,-5.6158,0.451
-5.7594,5.6717,0.245
0.22769,-5.6371,5.879
0.16476,5.577,5.977
-6.3279,-0.11102,-5.252
5.8956,-5.9833,0.46962
6.2481,5.6856,0.67875
5.869,0.042426,6.122
-6.3279,-0.11102,6.2577
5.5883,5.6703,-5.06
-5.8167,5.4292,-5.6527
-5.8167,5.4292,5.857
-6.4355,-5.6311,-5.2878
5.8384,-6.2259,-5.428
5.5883,5.6703,6.4497
5.8384,-6.2259,6.0816
-6.4355,-5.6311,6.2219
0.15556,-11.355,0.053
-11.499,0.3003,-0.17162
0,0,-11.51
0,0,11.51
0.5243,11.602,0.056129
12.179,-0.053288,0.28075
0.169,-5.5798,-10.89
-0.031113,5.6342,-11.027
-0.26457,-11.347,5.5652
5.92,11.164,0.61475
5.9949,-0.021213,-11.158
-6.1037,-0.13718,-11.123
-0.26457,-11.347,-5.9444
-6.0289,-11.323,0.12425
0.10416,11.61,5.5684
-5.6602,11.634,0.12738
-11.486,6.0752,0.39538
0.10416,11.61,-5.9413
5.5513,-11.792,0.61162
-11.92,0.30833,5.3406
11.759,-0.045255,-5.7167
11.759,-0.045255,5.793
11.624,-6.0208,0.70762
-0.031113,5.6342,11.993
5.9949,-0.021213,11.862
-12.055,-5.6672,0.25525
0.169,-5.5798,12.13
-6.1037,-0.13718,11.897
-11.92,0.30833,-6.169
12.193,5.7217,0.84775
5.6959,11.19,-5.0242
-5.7756,-5.6158,-11.059
6.2481,5.6856,-10.831
5.3271,-11.766,-5.0274
-5.7594,5.6717,-11.265
5.8956,-5.9833,-11.04
-6.1548,-11.259,-5.6154
-11.427,6.018,5.6544
-6.1548,-11.259,5.8942
5.6959,11.19,6.4854
-11.427,6.018,-5.8553
-5.786,11.697,-5.6123
-5.7594,5.6717,11.755
11.82,-6.0781,-5.308
-5.786,11.697,5.8974
-11.859,-5.7245,5.7492
-11.859,-5.7245,-5.7604
-5.7756,-5.6158,11.961
5.3271,-11.766,6.4823
12.251,5.6644,-5.4029
5.8956,-5.9833,11.979
11.82,-6.0781,6.2016
12.251,5.6644,6.1068
6.2481,5.6856,12.188
0.15556,-11.355,-11.457
-11.499,0.3003,11.338
0.15556,-11.355,11.563
0.5243,11.602,-11.454
0.5243,11.602,11.566
-11.499,0.3003,-11.681
11.655,-11.655,0.22462
-11.655,11.655,-0.22462
-12.024,-11.301,-0.22775
12.024,11.301,0.22775
12.179,-0.053288,-11.229
5.92,11.164,-10.895
12.179,-0.053288,11.79
11.624,-6.0208,-10.802
5.5513,-11.792,-10.898
-11.486,6.0752,-11.114
-6.0289,-11.323,-11.385
12.193,5.7217,-10.662
11.554,-11.646,-5.253
-5.6602,11.634,-11.382
11.923,11.311,-5.2499
-6.0289,-11.323,11.634
-5.6602,11.634,11.637
-12.055,-5.6672,-11.254
5.92,11.164,12.124
-11.756,11.664,-5.7023
-12.125,-11.292,-5.7054
-11.756,11.664,5.8074
-12.125,-11.292,5.8042
11.554,-11.646,6.2566
11.923,11.311,6.2598
-11.486,6.0752,11.905
-12.055,-5.6672,11.765
5.5513,-11.792,12.121
11.624,-6.0208,12.217
12.193,5.7217,12.357
11.655,-11.655,-11.285
-11.655,11.655,11.285
-12.024,-11.301,11.282
12.024,11.301,-11.282
11.655,-11.655,11.734
-11.655,11.655,-11.734
-12.024,-11.301,-11.737
12.024,11.301,11.737
