-10.207,-3.0296,-9.8469
-9.6984,-8.6052,-9.6019
-10.302,-2.8486,-3.4357
-10.207,-3.0296,2.2163
-9.7387,-8.9311,-3.4817
-9.6984,-8.6052,2.4613
-10.302,-2.8486,8.6275
-9.7387,-8.9311,8.5815
9.671,-9.5225,-8.7229
9.4914,-9.309,-3.0457
9.671,-9.5225,3.3403
2.3963,-9.8139,-3.1617
8.8175,-3.947,-3.2257
9.4914,-9.309,9.0175
2.3963,-9.8139,8.9015
8.8175,-3.947,8.8375
3.165,-3.3319,-9.6262
-2.5003,2.6488,-8.9292
-2.4332,-9.1705,-9.6632
2.2592,8.8551,-9.6372
3.0003,-8.5298,-9.3712
-2.7273,-2.6835,-9.3522
8.9774,-2.786,-9.5392
2.7676,3.2796,-9.3922
2.8412,-3.3771,-3.517
-2.6799,2.8624,-3.252
-2.8546,-8.8014,-3.504
2.1645,9.0361,-3.226
3.165,-3.3319,2.437
-2.5003,2.6488,3.134
-2.4332,-9.1705,2.4
2.2592,8.8551,2.426
-9.775,2.3575,-3.368
-2.9416,-3.5214,-3.561
-3.3538,8.2244,-3.432
2.7273,2.9536,-3.272
3.0003,-8.5298,2.692
-2.7273,-2.6835,2.711
8.9774,-2.786,2.524
2.7676,3.2796,2.671
2.8412,-3.3771,8.5462
-2.6799,2.8624,8.8112
-2.8546,-8.8014,8.5592
2.1645,9.0361,8.8372
-9.775,2.3575,8.6952
-2.9416,-3.5214,8.5022
-3.3538,8.2244,8.6312
2.7273,2.9536,8.7912
-9.0063,8.8395,-9.8325
-9.1711,3.6415,-9.5775
-3.1939,9.3854,-9.7455
-9.3302,8.7942,-3.7233
-9.0063,8.8395,2.2307
-9.1711,3.6415,2.4857
-3.1939,9.3854,2.3177
-9.3302,8.7942,8.3399
10.033,2.7143,-9.4535
9.7387,9.2013,-9.1425
9.6115,3.0834,-3.2943
10.033,2.7143,2.6097
9.5245,8.3633,-3.3513
9.7387,9.2013,2.9207
9.6115,3.0834,8.7689
9.5245,8.3633,8.7119
-3.6428,-8.922,-8.6839
-9.6991,-9.4898,-8.3899
-3.3649,-9.1673,-2.3877
-3.6428,-8.922,3.3793
-8.9185,-8.9014,-2.2247
-9.6991,-9.4898,3.6733
-3.3649,-9.1673,9.6755
-8.9185,-8.9014,9.8385
8.7539,-8.3579,-8.9439
8.72,-9.4398,-1.7687
8.7539,-8.3579,3.1193
3.0221,-9.4101,-1.8647
8.72,-9.4398,10.294
3.0221,-9.4101,10.198
8.8233,2.9628,-8.4742
-9.2801,-3.1579,-8.2932
3.339,-3.2385,-8.1422
-3.4174,3.8134,-9.1502
-3.3432,-3.2202,-8.0952
2.8892,-9.3282,-8.1022
2.7669,2.395,-8.1802
8.9046,-3.3354,-8.1472
9.1012,2.7174,-2.178
-9.1988,-3.3057,-1.973
2.9649,-3.7413,-2.072
-3.4514,2.7316,-1.975
8.8233,2.9628,3.589
-9.2801,-3.1579,3.77
3.339,-3.2385,3.921
-3.4174,3.8134,2.913
-2.7902,-2.8482,-2.23
-9.1493,2.7613,-2.071
3.5476,2.9833,-2.015
9.2376,-2.7125,-2.272
-3.3432,-3.2202,3.968
2.8892,-9.3282,3.961
2.7669,2.395,3.883
8.9046,-3.3354,3.916
9.1012,2.7174,9.8852
-9.1988,-3.3057,10.09
2.9649,-3.7413,9.9912
-3.4514,2.7316,10.088
-2.7902,-2.8482,9.8332
-9.1493,2.7613,9.9922
3.5476,2.9833,10.048
9.2376,-2.7125,9.7912
-8.8324,8.9328,-8.3485
-9.2821,2.8432,-8.3085
-3.2668,8.8359,-8.3535
-9.2065,8.4301,-2.2783
-8.8324,8.9328,3.7147
-2.9337,9.4589,-2.4783
-9.2821,2.8432,3.7547
-3.2668,8.8359,3.7097
-9.2065,8.4301,9.7849
-2.9337,9.4589,9.5849
3.186,8.7268,-8.0835
9.1228,8.6646,-7.8855
3.2673,8.579,-1.7633
3.186,8.7268,3.9797
9.6758,9.0365,-2.0203
9.1228,8.6646,4.1777
3.2673,8.579,10.3
9.6758,9.0365,10.043
-9.3958,-11.926,-12.767
-3.2779,-11.748,-12.06
-9.511,-6.0985,-12.242
-3.4016,-12,-6.8589
-9.7373,-5.8326,-6.8599
-12.566,-8.9453,-12.261
-12.441,-9.011,-6.4649
-6.3814,-8.7006,-11.582
-12.723,-3.024,-12.649
-6.805,-8.9898,-6.6819
-12.954,-3.0402,-6.5679
-6.9478,-12.081,-9.1089
-13.505,-5.4189,-9.3859
-11.699,-12.303,-9.3089
-9.3958,-11.926,-0.70369
-9.7599,-12.161,-5.7497
-3.2779,-11.748,0.003311
-9.511,-6.0985,-0.17869
-3.4016,-12,5.2043
-9.7373,-5.8326,5.2033
-12.566,-8.9453,-0.19769
-12.441,-9.011,5.5983
-6.3814,-8.7006,0.48131
-12.723,-3.024,-0.58569
-6.805,-8.9898,5.3813
-12.954,-3.0402,5.4953
-6.1261,-10.792,-3.0197
-12.543,-5.9571,-3.2977
-6.9478,-12.081,2.9543
-13.505,-5.4189,2.6773
-13.23,-12.194,-3.1847
-1.409,-11.977,-3.3757
-6.1912,-6.6974,-3.0427
-11.699,-12.303,2.7543
-9.3958,-11.926,11.36
-9.7599,-12.161,6.3135
-3.2779,-11.748,12.067
-9.511,-6.0985,11.885
-12.566,-8.9453,11.866
-6.3814,-8.7006,12.545
-12.723,-3.024,11.478
-6.1261,-10.792,9.0435
-12.543,-5.9571,8.7655
-13.23,-12.194,8.8785
-1.409,-11.977,8.6875
-6.1912,-6.6974,9.0205
-13.58,0.19399,-3.582
-13.58,0.19399,8.4812
2.822,-12.348,-12.248
8.9519,-6.4459,-12.309
2.7781,-12.788,-5.5789
8.7702,-6.6969,-6.0789
9.0304,-12.178,-11.821
9.0445,-12.62,-6.2279
12.072,-9.2319,-11.845
12.197,-9.2977,-6.0489
6.1213,-9.2369,-11.049
11.915,-3.3106,-12.233
5.7381,-9.4193,-6.5629
11.683,-3.3269,-6.1519
5.405,-13.264,-8.7549
11.132,-5.7056,-8.9699
12.939,-12.589,-8.8929
0.40156,-12.271,-8.8919
2.822,-12.348,-0.18472
8.9519,-6.4459,-0.24572
2.7781,-12.788,6.4843
8.7702,-6.6969,5.9843
9.0304,-12.178,0.24228
9.0445,-12.62,5.8353
12.072,-9.2319,0.21828
12.197,-9.2977,6.0143
6.1213,-9.2369,1.0143
11.915,-3.3106,-0.16972
5.7381,-9.4193,5.5003
11.683,-3.3269,5.9113
6.1242,-11.526,-2.4667
12.094,-6.2437,-2.8817
5.405,-13.264,3.3083
11.132,-5.7056,3.0933
5.8555,-7.4493,-2.8797
11.408,-12.481,-2.7687
12.939,-12.589,3.1703
0.40156,-12.271,3.1713
2.822,-12.348,11.878
8.9519,-6.4459,11.817
9.0304,-12.178,12.305
12.072,-9.2319,12.281
6.1213,-9.2369,13.077
11.915,-3.3106,11.893
6.1242,-11.526,9.5965
12.094,-6.2437,9.1815
5.8555,-7.4493,9.1835
11.408,-12.481,9.2945
-3.0158,-6.2063,-12.664
-9.3494,-0.17678,-12.454
3.0703,-0.041012,-12.557
-3.2195,5.7254,-12.515
-3.1537,-6.3074,-6.6232
-9.3932,-0.6166,-5.7852
-3.4012,5.4744,-6.2852
3.0278,-6.4064,-12.26
-3.141,-0.0070711,-12.027
9.1881,0.13718,-11.85
2.955,5.7863,-12.032
2.9076,-6.0839,-6.4522
-3.1268,-0.44831,-6.4342
9.0644,-0.11526,-6.6492
2.7287,6.0521,-6.6502
0.033234,-9.2822,-12.453
-5.927,-3.247,-12.805
6.1801,-2.8426,-12.74
-0.099702,2.9394,-12.051
-0.27789,-9.1931,-6.3912
6.0415,-3.0321,-5.7812
0.025456,2.8737,-6.2552
0.11102,-3.1728,-12.311
-6.05,2.9345,-11.255
6.0847,3.1841,-11.372
-0.25668,8.8608,-12.439
0.12728,-3.2725,-6.0612
-6.4333,2.7521,-6.7692
5.6611,2.8949,-6.4722
-0.4879,8.8445,-6.3582
-0.14001,-5.7954,-9.2522
-6.7663,-1.0925,-8.9612
5.5183,-0.19658,-8.8992
-1.0394,6.4658,-9.1762
6.4382,-5.4978,-9.2002
0.76721,-0.4179,-9.0992
-11.77,-0.099702,-9.0982
-6.429,-5.0275,-8.8312
-3.0158,-6.2063,-0.601
-9.3494,-0.17678,-0.391
3.0703,-0.041012,-0.494
-3.2195,5.7254,-0.452
-3.1537,-6.3074,5.44
-9.3932,-0.6166,6.278
2.7061,-0.27648,-5.54
-3.4012,5.4744,5.778
3.0278,-6.4064,-0.197
-3.141,-0.0070711,0.036
9.1881,0.13718,0.213
2.955,5.7863,0.031
2.9076,-6.0839,5.611
-3.1268,-0.44831,5.629
9.0644,-0.11526,5.414
2.7287,6.0521,5.413
0.033234,-9.2822,-0.39
-5.927,-3.247,-0.742
6.1801,-2.8426,-0.677
-0.099702,2.9394,0.012
-0.27789,-9.1931,5.672
-6.8031,-3.2972,-5.271
6.0415,-3.0321,6.282
0.025456,2.8737,5.808
0.11102,-3.1728,-0.248
-6.05,2.9345,0.808
6.0847,3.1841,0.691
-0.25668,8.8608,-0.376
0.12728,-3.2725,6.002
-6.4333,2.7521,5.294
5.6611,2.8949,5.591
-0.4879,8.8445,5.705
0.55932,-6.161,-3.017
-6.0472,0.64488,-2.673
6.3399,1.0932,-2.81
-0.077075,5.9277,-3.088
-0.14001,-5.7954,2.811
-6.7663,-1.0925,3.102
5.5183,-0.19658,3.164
-1.0394,6.4658,2.887
-6.3159,4.7221,-3.086
-0.76368,-0.30971,-2.975
11.057,-0.092631,-3.166
6.2749,5.1873,-2.833
6.4382,-5.4978,2.863
0.76721,-0.4179,2.964
-11.77,-0.099702,2.965
-6.429,-5.0275,3.232
-3.0158,-6.2063,11.462
-9.3494,-0.17678,11.672
3.0703,-0.041012,11.569
-3.2195,5.7254,11.611
2.7061,-0.27648,6.5232
3.0278,-6.4064,11.866
-3.141,-0.0070711,12.099
9.1881,0.13718,12.276
2.955,5.7863,12.094
0.033234,-9.2822,11.673
-5.927,-3.247,11.321
6.1801,-2.8426,11.386
-0.099702,2.9394,12.075
-6.8031,-3.2972,6.7922
0.11102,-3.1728,11.815
-6.05,2.9345,12.871
6.0847,3.1841,12.754
-0.25668,8.8608,11.687
0.55932,-6.161,9.0462
-6.0472,0.64488,9.3902
6.3399,1.0932,9.2532
-0.077075,5.9277,8.9752
-6.3159,4.7221,8.9772
-0.76368,-0.30971,9.0882
11.057,-0.092631,8.8972
6.2749,5.1873,9.2302
-9.1011,12.13,-12.763
-9.1435,5.765,-12.466
-2.9832,12.309,-12.056
-9.2637,6.0874,-6.6585
-3.107,12.056,-6.8555
-12.138,2.8892,-12.659
-5.9912,9.3288,-12.946
-12.449,2.9783,-6.5975
-6.1298,9.1393,-5.9875
-12.06,8.9986,-12.517
-12.044,8.8989,-6.2675
-12.311,6.3759,-9.4585
-6.6531,11.975,-9.1055
-5.7331,6.6736,-9.4065
-11.404,11.753,-9.3055
-9.1011,12.13,-0.70028
-9.4653,11.895,-5.7463
-9.1435,5.765,-0.40328
-2.9832,12.309,0.006721
-9.2637,6.0874,5.4047
-3.107,12.056,5.2077
-12.138,2.8892,-0.59628
-5.9912,9.3288,-0.88328
-12.449,2.9783,5.4657
-6.1298,9.1393,6.0757
-12.06,8.9986,-0.45428
-12.044,8.8989,5.7957
-11.612,6.0103,-3.2233
-5.8314,13.265,-3.0163
-12.311,6.3759,2.6047
-6.6531,11.975,2.9577
-12.935,11.862,-3.1813
-1.1143,12.079,-3.3723
-5.7331,6.6736,2.6567
-11.404,11.753,2.7577
-9.1011,12.13,11.363
-9.4653,11.895,6.3169
-9.1435,5.765,11.66
-2.9832,12.309,12.07
-12.138,2.8892,11.467
-5.9912,9.3288,11.18
-12.06,8.9986,11.609
-11.612,6.0103,8.8399
-5.8314,13.265,9.0469
-12.935,11.862,8.8819
-1.1143,12.079,8.6909
12.868,-0.38633,-8.6822
12.868,-0.38633,3.381
9.4502,5.6785,-12.455
3.1167,11.708,-12.245
9.3124,5.5773,-6.4135
3.0728,11.268,-5.5755
9.3251,11.878,-11.818
9.3392,11.436,-6.2245
12.499,2.6025,-12.244
6.5391,8.6377,-12.596
12.188,2.6916,-6.1815
12.577,8.7119,-12.102
12.593,8.6122,-5.8515
12.326,6.0893,-9.0425
5.6997,10.792,-8.7515
13.233,11.467,-8.8895
0.69625,11.785,-8.8885
6.037,6.8572,-8.6215
9.4502,5.6785,-0.39131
3.1167,11.708,-0.18131
9.3124,5.5773,5.6497
3.0728,11.268,6.4877
9.3251,11.878,0.24569
9.3392,11.436,5.8387
12.499,2.6025,-0.18031
6.5391,8.6377,-0.53231
12.188,2.6916,5.8817
5.663,8.5875,-5.0613
12.577,8.7119,-0.038311
12.593,8.6122,6.2117
13.025,5.7237,-2.8073
6.4189,12.53,-2.4633
12.326,6.0893,3.0207
5.6997,10.792,3.3117
11.702,11.575,-2.7653
13.233,11.467,3.1737
0.69625,11.785,3.1747
6.037,6.8572,3.4417
9.4502,5.6785,11.672
3.1167,11.708,11.882
9.3251,11.878,12.309
12.499,2.6025,11.883
6.5391,8.6377,11.531
5.663,8.5875,7.0019
12.577,8.7119,12.025
13.025,5.7237,9.2559
6.4189,12.53,9.5999
11.702,11.575,9.2979
0,0,0
-0.23617,5.8308,-0.076
0.0084853,-0.26587,-5.8652
6.055,0.044548,0.017
-0.060811,-6.1631,0.097
0.0084853,-0.26587,6.198
-6.2466,-0.18526,-0.007
-0.096874,5.881,5.894
-0.28496,-6.178,-5.775
6.05,-0.046669,-5.9802
-0.096874,5.881,-6.1692
-5.9383,-6.1844,-0.062
6.05,-0.046669,6.083
6.1504,-6.0062,0.047
-6.0209,6.1652,-0.15928
6.5278,5.7004,0.14769
-0.28496,-6.178,6.2882
-6.4764,-0.4971,6.014
-6.4764,-0.4971,-6.0492
6.033,5.9199,5.83
-6.3668,5.5635,-5.9162
-6.433,-5.9648,5.6203
-6.3668,5.5635,6.147
5.8046,-6.6078,-5.7099
6.033,5.9199,-6.2332
5.8046,-6.6078,6.3533
-6.433,-5.9648,-6.4429
-0.31725,-11.856,0.073311
0,0,-12.063
0,0,12.063
12.149,0.028991,0.283
-0.022552,12.2,0.076721
-12.489,0.31562,-0.13297
6.2195,11.699,0.20269
-0.23617,5.8308,11.987
-0.43321,-12.014,5.9153
-0.13852,12.042,5.9187
12.033,-0.1294,-5.9382
-0.060811,-6.1631,-11.966
-6.4111,-11.84,-0.19269
-0.23617,5.8308,-12.139
6.055,0.044548,-12.046
12.033,-0.1294,6.125
-0.43321,-12.014,-6.1479
6.055,0.044548,12.08
11.935,-6.3406,0.13028
-0.13852,12.042,-6.1445
-6.2466,-0.18526,12.056
-6.2466,-0.18526,-12.07
-12.232,6.0082,-0.10928
-0.060811,-6.1631,12.16
-6.1164,12.216,-0.18928
12.405,5.7216,0.30669
5.9248,-12.357,0.19928
-12.605,0.15722,5.709
-12.702,-6.0539,-0.28569
-12.605,0.15722,-6.3542
5.9897,11.388,-5.8395
5.9897,11.388,6.2237
12.181,5.7067,-5.5653
-6.0209,6.1652,11.904
6.5278,5.7004,-11.916
-5.9383,-6.1844,12.001
-6.416,-11.931,5.8733
6.1504,-6.0062,-12.016
-6.1213,12.125,5.8767
-5.9383,-6.1844,-12.125
6.1504,-6.0062,12.11
12.074,-6.2903,-5.9629
-6.416,-11.931,-6.1899
12.074,-6.2903,6.1003
-6.1213,12.125,-6.1865
12.181,5.7067,6.4979
-6.0209,6.1652,-12.222
6.5278,5.7004,12.211
-12.563,-6.0037,5.6843
-12.456,5.9934,-5.9813
5.695,-12.668,-5.8429
-12.456,5.9934,6.0819
5.695,-12.668,6.2203
-12.563,-6.0037,-6.3789
-0.31725,-11.856,-11.99
12.149,0.028991,-11.78
-0.31725,-11.856,12.137
-0.022552,12.2,-11.986
-0.022552,12.2,12.14
12.171,-12.171,0.20628
-12.171,12.171,-0.20628
-12.466,-11.885,-0.20969
12.466,11.885,0.20969
-12.489,0.31562,11.93
12.149,0.028991,12.346
-12.489,0.31562,-12.196
6.2195,11.699,-11.861
-6.4111,-11.84,11.871
12.475,11.619,-5.6555
12.405,5.7216,-11.757
11.935,-6.3406,-11.933
-12.163,11.905,5.9917
6.2195,11.699,12.266
-12.163,11.905,-6.0715
-6.1164,12.216,11.874
5.9248,-12.357,-11.864
-12.232,6.0082,11.954
11.935,-6.3406,12.193
-6.4111,-11.84,-12.256
12.475,11.619,6.4077
-12.232,6.0082,-12.172
12.18,-12.437,-5.6589
-12.702,-6.0539,11.778
-6.1164,12.216,-12.252
5.9248,-12.357,12.262
-12.458,-12.151,5.9883
12.405,5.7216,12.37
-12.458,-12.151,-6.0749
12.18,-12.437,6.4043
-12.702,-6.0539,-12.349
12.171,-12.171,-11.857
-12.171,12.171,11.857
-12.466,-11.885,11.854
12.466,11.885,-11.854
12.171,-12.171,12.269
-12.171,12.171,-12.269
-12.466,-11.885,-12.273
12.466,11.885,12.273
