-10.381,-3.0657,-9.6939
-9.8872,-8.6412,-9.9049
-10.343,-3.1138,-3.5927
-10.381,-3.0657,2.3693
-10.211,-8.4701,-3.6987
-9.8872,-8.6412,2.1583
-10.343,-3.1138,8.4705
-10.211,-8.4701,8.3645
9.1075,-9.5473,-9.3279
8.9229,-8.9554,-3.5877
9.1075,-9.5473,2.7353
8.5545,-3.6797,-3.6747
8.9229,-8.9554,8.4755
8.5545,-3.6797,8.3885
2.8051,-3.3156,-9.5712
-3.0639,2.6241,-9.5342
-2.7188,-8.9272,-9.6952
2.0846,8.819,-9.4842
2.3313,-8.783,-9.6292
-2.8949,-2.9868,-9.7422
8.8268,-2.2111,-9.5402
2.5788,3.2435,-9.6952
2.7061,-2.8928,-3.604
-3.2484,3.2159,-3.794
-2.868,-8.8699,-3.551
2.1227,8.771,-3.383
2.8051,-3.3156,2.492
-3.0639,2.6241,2.529
-2.7188,-8.9272,2.368
2.0846,8.819,2.579
2.5633,-9.1167,-3.574
-3.2251,-3.3934,-3.703
-3.6169,8.4916,-3.881
2.255,3.4146,-3.489
2.3313,-8.783,2.434
-2.8949,-2.9868,2.321
8.8268,-2.2111,2.523
2.5788,3.2435,2.368
2.7061,-2.8928,8.4592
-3.2484,3.2159,8.2692
-2.868,-8.8699,8.5122
2.1227,8.771,8.6802
2.5633,-9.1167,8.4892
-3.2251,-3.3934,8.3602
-3.6169,8.4916,8.1822
2.255,3.4146,8.5742
-9.3663,8.8557,-9.7775
-9.84,3.3884,-9.8355
-3.3445,9.9602,-9.7465
-9.4653,9.2786,-3.8103
-9.3663,8.8557,2.2857
-9.6081,3.0546,-3.7803
-9.84,3.3884,2.2277
-3.3445,9.9602,2.3167
-9.4653,9.2786,8.2529
-9.6081,3.0546,8.2829
9.7472,2.9575,-9.4855
9.5712,8.8979,-9.5325
9.598,3.0148,-3.3413
9.7472,2.9575,2.5777
9.2409,8.4913,-3.4933
9.5712,8.8979,2.5307
9.598,3.0148,8.7219
9.2409,8.4913,8.5699
-4.1264,-8.9375,-8.9609
-9.7599,-2.8741,-8.3459
-9.6624,-9.2196,-8.5409
-3.7524,-8.9453,-2.4397
-4.1264,-8.9375,3.1023
-9.7599,-2.8741,3.7173
-9.4198,-8.5528,-2.4257
-9.6624,-9.2196,3.5223
-3.7524,-8.9453,9.6235
-9.4198,-8.5528,9.6375
8.3487,-8.2596,-9.2629
2.2761,-9.7941,-8.1349
8.4407,-9.3005,-2.2167
8.3487,-8.2596,2.8003
2.9903,-9.2213,-2.0617
2.2761,-9.7941,3.9283
8.4407,-9.3005,9.8465
2.9903,-9.2213,10.001
8.3396,2.9472,-8.7512
2.7061,9.0107,-8.1362
3.0222,-2.9826,-8.1272
-3.8226,3.9117,-9.4692
-3.4761,-3.1975,-8.3812
-9.8953,2.3773,-8.3412
2.8037,2.6651,-8.3312
8.8537,-3.0483,-8.3062
8.7137,2.9394,-2.23
-9.2779,-2.9974,-2.169
2.7209,-3.1636,-2.138
-3.7307,2.8709,-2.423
8.3396,2.9472,3.312
2.7061,9.0107,3.927
3.0222,-2.9826,3.936
-3.8226,3.9117,2.594
-2.9536,-2.4473,-2.576
-9.1811,2.95,-2.268
3.0462,3.3319,-2.216
9.029,-2.8037,-2.519
-3.4761,-3.1975,3.682
-9.8953,2.3773,3.722
2.8037,2.6651,3.732
8.8537,-3.0483,3.757
8.7137,2.9394,9.8332
-9.2779,-2.9974,9.8942
2.7209,-3.1636,9.9252
-3.7307,2.8709,9.6402
-2.9536,-2.4473,9.4872
-9.1811,2.95,9.7952
3.0462,3.3319,9.8472
9.029,-2.8037,9.5442
-9.1492,9.1888,-8.3335
-3.3177,9.123,-8.5125
-9.4504,9.0078,-2.3443
-9.1492,9.1888,3.7297
-3.1423,9.3677,-2.7253
-3.3177,9.123,3.5507
-9.4504,9.0078,9.7189
-3.1423,9.3677,9.3379
8.9899,8.6872,-8.1715
3.1881,8.8873,-1.9593
9.5125,9.4374,-2.3663
8.9899,8.6872,3.8917
3.1881,8.8873,10.104
9.5125,9.4374,9.6969
-9.7402,-11.826,-13.197
-3.7029,-11.88,-12.455
-9.8172,-5.5448,-12.783
-3.5777,-11.571,-6.9159
-9.9183,-6.0122,-7.0899
-12.732,-8.8838,-12.902
-12.651,-8.859,-6.7159
-6.3856,-8.7685,-11.597
-13.295,-2.8925,-12.717
-6.6607,-8.7438,-6.9599
-13.083,-2.954,-7.1429
-7.1691,-12.257,-9.3079
-13.795,-5.7202,-10.018
-11.445,-11.888,-9.6839
-9.7402,-11.826,-1.1337
-9.8314,-11.873,-6.1127
-3.7029,-11.88,-0.39169
-9.8172,-5.5448,-0.71969
-3.5777,-11.571,5.1473
-9.9183,-6.0122,4.9733
-12.732,-8.8838,-0.83869
-12.651,-8.859,5.3473
-6.3856,-8.7685,0.46631
-13.295,-2.8925,-0.65369
-6.6607,-8.7438,5.1033
-13.083,-2.954,4.9203
-6.4556,-10.633,-2.9667
-13.083,-5.6876,-3.8727
-7.1691,-12.257,2.7553
-13.795,-5.7202,2.0453
-13.547,-11.735,-3.6077
-1.4175,-11.959,-3.4437
-6.9358,-6.2597,-3.2947
-11.445,-11.888,2.3793
-9.7402,-11.826,10.93
-9.8314,-11.873,5.9505
-3.7029,-11.88,11.672
-9.8172,-5.5448,11.344
-12.732,-8.8838,11.225
-6.3856,-8.7685,12.53
-13.295,-2.8925,11.41
-6.4556,-10.633,9.0965
-13.083,-5.6876,8.1905
-13.547,-11.735,8.4555
-1.4175,-11.959,8.6195
-6.9358,-6.2597,8.7685
-13.589,0.21238,-3.65
-13.589,0.21238,8.4132
2.6452,-12.253,-12.389
8.6266,-6.1532,-12.766
8.5743,-6.412,-6.3839
8.7376,-12.065,-11.946
8.7977,-12.527,-6.4079
11.905,-9.1704,-12.486
11.987,-9.1456,-6.2999
5.8562,-9.0184,-11.5
11.342,-3.1791,-12.301
5.265,-9.205,-7.1399
11.555,-3.2406,-6.7269
5.2311,-13.238,-8.8319
10.842,-6.0068,-9.6019
13.192,-12.174,-9.2679
0.13922,-12.227,-9.2509
2.6452,-12.253,-0.32572
8.6266,-6.1532,-0.70272
2.0845,-12.661,-5.8447
8.5743,-6.412,5.6793
8.7376,-12.065,0.11728
8.7977,-12.527,5.6553
11.905,-9.1704,-0.42272
11.987,-9.1456,5.7633
5.8562,-9.0184,0.56328
11.342,-3.1791,-0.23772
5.265,-9.205,4.9233
11.555,-3.2406,5.3363
6.0188,-11.505,-2.9047
11.555,-5.9743,-3.4567
5.2311,-13.238,3.2313
10.842,-6.0068,2.4613
5.5599,-7.3149,-3.2167
11.091,-12.021,-3.1917
13.192,-12.174,2.7953
0.13922,-12.227,2.8123
2.6452,-12.253,11.737
8.6266,-6.1532,11.36
2.0845,-12.661,6.2185
8.7376,-12.065,12.18
11.905,-9.1704,11.64
5.8562,-9.0184,12.626
11.342,-3.1791,11.825
6.0188,-11.505,9.1585
11.555,-5.9743,8.6065
5.5599,-7.3149,8.8465
11.091,-12.021,8.8715
-3.3128,-6.0535,-12.808
-9.5261,-0.082024,-12.595
2.7259,0.05869,-12.987
-3.5447,6.0182,-12.972
-3.5122,-6.3816,-6.7342
-3.5971,5.7594,-6.5902
2.7966,-6.0507,-12.248
-3.4337,0.10607,-12.152
8.7632,0.0049497,-12.245
2.6488,6.3399,-12.573
2.7061,-6.1624,-6.8112
-3.3736,-0.35567,-6.6142
8.8883,0.31396,-6.7062
2.5477,5.8725,-6.8802
-0.31961,-9.0255,-12.699
-6.0776,-2.9126,-12.965
5.7785,-2.7917,-13.32
-0.26587,3.001,-12.692
-0.2192,-9.0778,-6.5762
6.2303,-2.9437,-6.1082
-0.18455,3.0257,-6.5062
-0.29628,-2.9819,-12.595
-6.3152,3.153,-11.706
6.0804,3.1162,-11.387
-0.82944,8.9923,-12.507
0.11667,-2.9819,-6.3622
-6.9063,2.9663,-7.3462
5.8053,3.141,-6.7502
-0.6166,8.9308,-6.9332
-0.26304,-5.6866,-9.4092
-6.9403,-1.067,-9.0382
5.2969,-0.37265,-9.0982
-1.3294,6.1646,-9.8082
6.4311,-4.8995,-9.5252
1.0211,-0.0028284,-9.4742
-12.032,-0.055154,-9.4572
-6.2544,-4.9476,-9.1812
-3.3128,-6.0535,-0.745
-9.5261,-0.082024,-0.532
2.7259,0.05869,-0.924
-3.5447,6.0182,-0.909
-3.5122,-6.3816,5.329
-10.087,-0.49002,-6.051
2.6347,0.011314,-5.903
-3.5971,5.7594,5.473
2.7966,-6.0507,-0.185
-3.4337,0.10607,-0.089
8.7632,0.0049497,-0.182
2.6488,6.3399,-0.51
2.7061,-6.1624,5.252
-3.3736,-0.35567,5.449
8.8883,0.31396,5.357
2.5477,5.8725,5.183
-0.31961,-9.0255,-0.636
-6.0776,-2.9126,-0.902
5.7785,-2.7917,-1.257
-0.26587,3.001,-0.629
-0.2192,-9.0778,5.487
-6.7401,-3.0462,-5.334
6.2303,-2.9437,5.955
-0.18455,3.0257,5.557
-0.29628,-2.9819,-0.532
-6.3152,3.153,0.357
6.0804,3.1162,0.676
-0.82944,8.9923,-0.444
0.11667,-2.9819,5.701
-6.9063,2.9663,4.717
5.8053,3.141,5.313
-0.6166,8.9308,5.13
0.5275,-6.0641,-3.42
-6.1525,0.6668,-3.111
6.0104,1.2516,-2.757
-0.6166,6.1971,-3.663
-0.26304,-5.6866,2.654
-6.9403,-1.067,3.025
5.2969,-0.37265,2.965
-1.3294,6.1646,2.255
-6.6114,4.8564,-3.423
-1.0805,0.14991,-3.398
11.049,-0.074246,-3.234
5.5303,5.625,-3.085
6.4311,-4.8995,2.538
1.0211,-0.0028284,2.589
-12.032,-0.055154,2.606
-6.2544,-4.9476,2.882
-3.3128,-6.0535,11.318
-9.5261,-0.082024,11.531
2.7259,0.05869,11.139
-3.5447,6.0182,11.154
-10.087,-0.49002,6.0122
2.6347,0.011314,6.1602
2.7966,-6.0507,11.878
-3.4337,0.10607,11.974
8.7632,0.0049497,11.881
2.6488,6.3399,11.553
-0.31961,-9.0255,11.427
-6.0776,-2.9126,11.161
5.7785,-2.7917,10.806
-0.26587,3.001,11.434
-6.7401,-3.0462,6.7292
-0.29628,-2.9819,11.531
-6.3152,3.153,12.42
6.0804,3.1162,12.739
-0.82944,8.9923,11.619
0.5275,-6.0641,8.6432
-6.1525,0.6668,8.9522
6.0104,1.2516,9.3062
-0.6166,6.1971,8.4002
-6.6114,4.8564,8.6402
-1.0805,0.14991,8.6652
11.049,-0.074246,8.8292
5.5303,5.625,8.9782
-9.4455,12.23,-13.193
-9.3747,6.1206,-12.454
-3.4082,12.176,-12.451
-9.4653,6.0089,-7.0175
-3.283,12.485,-6.9125
-12.491,3.1458,-12.905
-6.3929,9.3797,-13.526
-12.391,3.0935,-6.7825
-5.941,9.2277,-6.3145
-12.468,9.1895,-12.801
-12.055,9.1895,-6.5685
-12.434,6.4848,-9.6155
-6.8744,11.799,-9.3045
-5.7402,7.2718,-9.7315
-11.15,12.169,-9.6805
-9.4455,12.23,-1.1303
-9.5367,12.183,-6.1093
-9.3747,6.1206,-0.39128
-3.4082,12.176,-0.38828
-9.4653,6.0089,5.0457
-3.283,12.485,5.1507
-12.491,3.1458,-0.84228
-6.3929,9.3797,-1.4633
-12.391,3.0935,5.2807
-5.941,9.2277,5.7487
-12.468,9.1895,-0.73828
-12.055,9.1895,5.4947
-11.644,6.1072,-3.6263
-6.1609,13.423,-2.9633
-12.434,6.4848,2.4477
-6.8744,11.799,2.7587
-13.252,12.321,-3.6043
-1.1228,12.097,-3.4403
-5.7402,7.2718,2.3317
-11.15,12.169,2.3827
-9.4455,12.23,10.933
-9.5367,12.183,5.9539
-9.3747,6.1206,11.672
-3.4082,12.176,11.675
-12.491,3.1458,11.221
-6.3929,9.3797,10.6
-12.468,9.1895,11.325
-11.644,6.1072,8.4369
-6.1609,13.423,9.0999
-13.252,12.321,8.4589
-1.1228,12.097,8.6229
12.605,-0.34178,-9.0412
12.605,-0.34178,3.022
9.1533,5.8312,-12.599
2.9399,11.803,-12.386
8.9538,5.5031,-6.5245
9.0323,11.991,-11.943
9.0924,11.529,-6.4045
12.146,2.8592,-12.49
6.3885,8.9722,-12.756
12.247,2.8069,-6.3665
12.17,8.9029,-12.386
12.583,8.9029,-6.1525
12.203,6.1982,-9.1995
5.5258,10.818,-8.8285
13.487,11.882,-9.2645
0.43392,11.83,-9.2475
6.2117,6.9371,-8.9715
9.1533,5.8312,-0.53531
2.9399,11.803,-0.32231
8.9538,5.5031,5.5387
2.3792,11.395,-5.8413
9.0323,11.991,0.12069
9.0924,11.529,5.6587
12.146,2.8592,-0.42631
6.3885,8.9722,-0.69231
12.247,2.8069,5.6967
5.7259,8.8385,-5.1243
12.17,8.9029,-0.32231
12.583,8.9029,5.9107
12.994,5.8206,-3.2103
6.3135,12.552,-2.9013
12.203,6.1982,2.8637
5.5258,10.818,3.2347
11.386,12.035,-3.1883
13.487,11.882,2.7987
0.43392,11.83,2.8157
6.2117,6.9371,3.0917
9.1533,5.8312,11.528
2.9399,11.803,11.741
2.3792,11.395,6.2219
9.0323,11.991,12.184
12.146,2.8592,11.637
6.3885,8.9722,11.371
5.7259,8.8385,6.9389
12.17,8.9029,11.741
12.994,5.8206,8.8529
6.3135,12.552,9.1619
11.386,12.035,8.8749
0,0,0
-0.35709,-0.088388,5.827
5.9142,0.12587,-0.159
-0.14142,-5.9963,-0.143
-0.34507,6.1136,-0.384
-0.35709,-0.088388,-6.2362
-6.2784,-0.030406,-0.317
5.8032,-0.13364,5.702
-0.3288,5.939,5.698
6.0429,-5.8011,-0.142
-0.039598,-6.1066,5.848
6.3962,5.6452,-0.19231
5.8032,-0.13364,-6.3612
-0.3288,5.939,-6.3652
-0.039598,-6.1066,-6.2152
-6.0698,-6.2395,-0.402
-6.6433,-0.25527,5.727
-6.1284,6.3702,-0.34828
-6.6433,-0.25527,-6.3362
5.8259,6.178,5.646
-6.6402,-5.7067,5.4363
5.6172,-6.4912,-5.9329
-6.5542,5.6802,5.924
5.6172,-6.4912,6.1303
-6.5542,5.6802,-6.1392
5.8259,6.178,-6.4172
-6.6402,-5.7067,-6.6269
-0.027823,11.704,0.10069
0,0,-12.063
0,0,12.063
12.144,-0.46694,0.30697
-0.32252,-12.352,0.097279
-12.494,-0.18031,-0.109
-0.68282,-11.756,5.6663
11.783,0.12869,5.876
-0.34507,6.1136,11.679
11.826,-6.0577,-0.17772
5.9142,0.12587,11.904
11.783,0.12869,-6.1872
-6.2784,-0.030406,11.746
-0.14142,-5.9963,11.92
6.1876,11.854,-0.10731
-0.68282,-11.756,-6.3969
-6.5518,-11.759,-0.36869
-0.38813,12.3,5.6697
5.893,-12.202,-0.11072
5.9142,0.12587,-12.222
-0.14142,-5.9963,-12.206
12.325,5.8885,0.066689
-12.313,6.1751,-0.34928
-6.2571,12.297,-0.36528
-0.38813,12.3,-6.3935
-0.34507,6.1136,-12.447
-6.2784,-0.030406,-12.38
-12.854,0.41532,5.46
-12.811,-5.7711,-0.59369
5.8228,11.629,5.9367
5.8228,11.629,-6.1265
-12.854,0.41532,-6.6032
-6.0698,-6.2395,11.661
6.0429,-5.8011,11.921
6.3962,5.6452,11.871
11.843,-6.2324,5.9043
-6.1284,6.3702,11.715
-6.3681,12.038,5.4957
11.843,-6.2324,-6.1589
-12.211,6.0648,5.6417
-6.6628,-12.018,5.4923
6.0429,-5.8011,-12.205
5.5281,-12.427,5.9333
5.5281,-12.427,-6.1299
6.3962,5.6452,-12.256
12.426,5.7782,-6.0055
12.426,5.7782,6.0577
-12.211,6.0648,-6.4215
-6.3681,12.038,-6.5675
-12.795,-5.9457,5.4883
-6.0698,-6.2395,-12.465
-6.6628,-12.018,-6.5709
-6.1284,6.3702,-12.411
-12.795,-5.9457,-6.5749
-0.027823,11.704,-11.963
-0.027823,11.704,12.164
12.144,-0.46694,-11.756
-0.32252,-12.352,-11.966
12.171,-12.171,0.20628
-12.171,12.171,-0.20628
-12.466,-11.885,-0.20969
12.466,11.885,0.20969
-12.494,-0.18031,11.954
-0.32252,-12.352,12.16
12.144,-0.46694,12.37
-12.494,-0.18031,-12.172
11.826,-6.0577,11.885
-6.5518,-11.759,11.695
6.1876,11.854,11.956
12.109,11.796,-6.0265
12.109,11.796,6.0367
11.814,-12.26,-6.0299
11.814,-12.26,6.0333
11.826,-6.0577,-12.241
5.893,-12.202,11.952
6.1876,11.854,-12.171
-12.313,6.1751,11.714
-6.2571,12.297,11.698
-12.811,-5.7711,11.47
12.325,5.8885,-11.997
5.893,-12.202,-12.174
12.325,5.8885,12.13
-12.528,12.083,5.6207
-6.5518,-11.759,-12.432
-12.823,-11.973,5.6173
-12.313,6.1751,-12.412
-12.528,12.083,-6.4425
-6.2571,12.297,-12.428
-12.823,-11.973,-6.4459
-12.811,-5.7711,-12.657
12.171,-12.171,-11.857
-12.171,12.171,11.857
-12.466,-11.885,11.854
12.466,11.885,-11.854
12.171,-12.171,12.269
-12.171,12.171,-12.269
12.466,11.885,12.273
-12.466,-11.885,-12.273
