-10.391,-2.7517,-9.6849
-9.7458,-8.6342,-9.5189
-10.391,-2.7517,2.3783
-10.001,-9.2557,-4.0027
-9.7458,-8.6342,2.5443
-10.001,-9.2557,8.0605
8.8989,-9.3076,-9.2639
9.3118,-3.225,-9.2719
9.0679,-9.4356,-3.1537
8.8989,-9.3076,2.7993
8.9484,-3.3127,-3.1777
9.3118,-3.225,2.7913
9.0679,-9.4356,8.9095
8.9484,-3.3127,8.8855
2.8079,-3.6494,-9.8112
-3.2725,2.8638,-9.4702
-2.7004,-9.3911,-9.5202
2.0747,9.133,-9.4752
2.9451,-8.0179,-9.1532
-3.1438,-3.2781,-9.6692
-2.8595,8.9463,-9.4782
2.7202,3.2506,-9.3092
2.8397,-2.5244,-3.233
-3.1035,2.7358,-3.36
-3.2492,-8.766,-3.495
-9.6881,-2.4431,-2.992
2.8079,-3.6494,2.252
-3.2725,2.8638,2.593
-2.7004,-9.3911,2.543
2.0747,9.133,2.588
2.3639,-9.1577,-3.608
-3.2336,-3.6593,-3.553
-3.223,8.8586,-3.384
2.465,2.629,-3.793
2.9451,-8.0179,2.91
-3.1438,-3.2781,2.394
-2.8595,8.9463,2.585
2.7202,3.2506,2.754
2.8397,-2.5244,8.8302
-3.1035,2.7358,8.7032
-3.2492,-8.766,8.5682
-9.6881,-2.4431,9.0712
2.3639,-9.1577,8.4552
-3.2336,-3.6593,8.5102
-3.223,8.8586,8.6792
2.465,2.629,8.2702
-9.3634,8.522,-10.017
-9.2263,4.1535,-9.3595
-9.3316,9.647,-3.4393
-9.3634,8.522,2.0457
-9.8075,3.0136,-3.8143
-9.2263,4.1535,2.7037
-9.3316,9.647,8.6239
-9.8075,3.0136,8.2489
9.7656,2.4936,-9.3105
9.3223,8.6066,-9.4595
9.2169,3.1187,-3.2853
2.778,9.4417,-2.7823
9.7656,2.4936,2.7527
9.2324,8.2255,-3.3433
9.3223,8.6066,2.6037
9.2169,3.1187,8.7779
2.778,9.4417,9.2809
9.2324,8.2255,8.7199
-3.9207,-8.934,-8.5679
-9.8243,-9.3688,-8.2209
-3.8726,-8.9863,-2.3397
-9.9473,-3.258,-2.1927
-3.9207,-8.934,3.4953
-9.6836,-8.5281,-2.7357
-9.8243,-9.3688,3.8423
-3.8726,-8.9863,9.7235
-9.9473,-3.258,9.8705
-9.6836,-8.5281,9.3275
8.5015,-9.275,-7.8229
8.3516,-9.7431,-1.8827
8.5015,-9.275,4.2403
2.781,-9.2369,-2.1007
8.3516,-9.7431,10.18
2.781,-9.2369,9.9625
8.5454,2.9508,-8.3582
-9.2249,-2.8539,-8.2762
3.0872,-2.8298,-8.5922
-3.6699,2.8963,-8.0292
-3.6388,-3.3545,-8.2592
2.7195,-9.1698,-8.2292
2.6418,2.5159,-8.0112
8.9025,-3.1254,-8.1732
8.5935,2.8984,-2.13
2.5187,8.6267,-1.983
2.5859,-3.2845,-1.972
-3.8198,2.4282,-2.089
8.5454,2.9508,3.705
-9.2249,-2.8539,3.787
3.0872,-2.8298,3.471
-3.6699,2.8963,4.034
-3.6268,-3.31,-2.151
-9.3904,2.9345,-2.307
2.7825,3.3566,-2.526
8.6387,-2.9522,-2.015
-3.6388,-3.3545,3.804
2.7195,-9.1698,3.834
2.6418,2.5159,4.052
8.9025,-3.1254,3.89
8.5935,2.8984,9.9332
2.5187,8.6267,10.08
2.5859,-3.2845,10.091
-3.8198,2.4282,9.9742
-3.6268,-3.31,9.9122
-9.3904,2.9345,9.7562
2.7825,3.3566,9.5372
8.6387,-2.9522,10.048
-9.0841,9.3415,-8.7985
-9.4518,3.0016,-8.4355
-3.2689,9.0459,-8.3795
-9.5855,8.8868,-2.1783
-9.0841,9.3415,3.2647
-3.5326,9.2192,-2.2213
-9.4518,3.0016,3.6277
-3.2689,9.0459,3.6837
-9.5855,8.8868,9.8849
-3.5326,9.2192,9.8419
3.2411,9.0308,-8.0665
8.8273,8.5302,-8.0495
3.2411,9.0308,3.9967
8.8393,8.5748,-1.9413
8.8273,8.5302,4.0137
8.8393,8.5748,10.122
-9.7585,-11.498,-13.166
-9.4743,-12.09,-6.3049
-3.6647,-12.052,-12.295
-9.6977,-5.9288,-12.093
-3.4094,-11.756,-6.8219
-9.7338,-5.4925,-6.8889
-13.021,-8.8816,-12.702
-12.705,-8.9587,-6.6259
-6.4033,-8.9064,-11.651
-12.931,-2.8811,-12.647
-6.7512,-9.0224,-6.7189
-13.28,-2.8981,-6.5539
-6.6133,-12.733,-9.2039
-13.158,-6.0624,-9.4949
-11.439,-12.084,-9.6079
-9.7585,-11.498,-1.1027
-9.4743,-12.09,5.7583
-3.6647,-12.052,-0.23169
-9.6977,-5.9288,-0.029689
-3.4094,-11.756,5.2413
-9.7338,-5.4925,5.1743
-13.021,-8.8816,-0.63869
-12.705,-8.9587,5.4373
-6.4033,-8.9064,0.41231
-12.931,-2.8811,-0.58369
-6.7512,-9.0224,5.3443
-13.28,-2.8981,5.5093
-6.4146,-11.039,-3.0187
-11.728,-5.9563,-3.4027
-6.6133,-12.733,2.8593
-13.158,-6.0624,2.5683
-13.342,-12.296,-3.4837
-1.1948,-11.629,-3.5857
-6.8983,-6.7384,-3.2497
-11.439,-12.084,2.4553
-9.7585,-11.498,10.961
-3.6647,-12.052,11.832
-9.6977,-5.9288,12.034
-13.021,-8.8816,11.425
-6.4033,-8.9064,12.476
-12.931,-2.8811,11.48
-6.4146,-11.039,9.0445
-11.728,-5.9563,8.6605
-13.342,-12.296,8.5795
-1.1948,-11.629,8.4775
-6.8983,-6.7384,8.8135
-13.366,0.5426,-3.792
-13.366,0.5426,8.2712
2.5809,-11.946,-12.377
8.6507,-6.4148,-12.34
2.747,-12.367,-5.9319
8.7369,-12.427,-12.091
8.8317,-12.386,-6.3579
11.616,-9.1683,-12.286
11.932,-9.2453,-6.2099
5.765,-9.4334,-11.392
11.707,-3.1678,-12.231
5.4425,-9.3839,-6.5229
11.357,-3.1847,-6.1379
5.7763,-13.327,-8.8479
11.48,-6.349,-9.0789
13.198,-12.371,-9.1919
0.46591,-11.931,-9.2519
2.5809,-11.946,-0.31372
8.6507,-6.4148,-0.27672
2.747,-12.367,6.1313
8.5177,-6.6694,-5.6747
8.7369,-12.427,-0.027721
8.8317,-12.386,5.7053
11.616,-9.1683,-0.22272
11.932,-9.2453,5.8533
5.765,-9.4334,0.67128
11.707,-3.1678,-0.16772
5.4425,-9.3839,5.5403
11.357,-3.1847,5.9253
5.7416,-11.589,-2.7887
12.91,-6.243,-2.9867
5.7763,-13.327,3.2153
11.48,-6.349,2.9843
5.5875,-7.3609,-2.8467
11.295,-12.582,-3.0677
13.198,-12.371,2.8713
0.46591,-11.931,2.8113
2.5809,-11.946,11.749
8.6507,-6.4148,11.786
8.5177,-6.6694,6.3885
8.7369,-12.427,12.035
11.616,-9.1683,11.84
5.765,-9.4334,12.734
11.707,-3.1678,11.895
5.7416,-11.589,9.2745
12.91,-6.243,9.0765
5.5875,-7.3609,9.2165
11.295,-12.582,8.9955
-3.3835,-6.1808,-12.477
-9.5905,0.22557,-12.583
2.7075,0.38679,-12.956
-3.5207,5.7566,-12.546
-3.3043,-6.3293,-6.4912
-9.4243,-0.19516,-6.1382
2.9918,-0.20577,-6.0952
2.7754,-6.1879,-12.348
-3.4344,-0.25527,-12.297
8.8014,-0.16758,-12.085
2.7683,5.956,-11.883
2.9967,-5.4362,-6.6152
-3.3397,-0.21425,-6.5642
9.0566,0.12869,-6.6122
2.7323,6.3922,-6.6792
-0.59185,-9.0008,-12.772
-6.6242,-3.2145,-12.707
5.647,-3.0618,-12.613
-0.55508,3.0031,-12.492
0.053033,-9.0149,-6.3392
-0.239,2.926,-6.4162
-0.19799,-3.0038,-12.377
-6.4064,2.7379,-11.598
6.0627,2.9783,-11.441
-0.46457,9.0036,-12.437
-0.49851,-2.9734,-6.8022
-6.7288,2.7874,-6.7292
5.7148,2.8624,-6.5092
-0.81388,8.9866,-6.3442
-0.47164,-6.2105,-9.5882
-6.3951,-1.1554,-9.0542
5.8527,-0.84782,-8.9942
-0.69155,5.8223,-9.2852
6.6263,-5.3648,-8.8992
1.0267,-0.1994,-9.3982
-11.705,0.24042,-9.4582
-6.2996,-5.4426,-9.0582
-3.3835,-6.1808,-0.414
-9.5905,0.22557,-0.52
2.7075,0.38679,-0.893
-3.5207,5.7566,-0.483
-3.3043,-6.3293,5.572
-9.4243,-0.19516,5.925
2.9918,-0.20577,5.968
-3.6536,5.502,-5.881
2.7754,-6.1879,-0.285
-3.4344,-0.25527,-0.234
8.8014,-0.16758,-0.022
2.7683,5.956,0.18
2.9967,-5.4362,5.448
-3.3397,-0.21425,5.499
9.0566,0.12869,5.451
2.7323,6.3922,5.384
-0.59185,-9.0008,-0.709
-6.6242,-3.2145,-0.644
5.647,-3.0618,-0.55
-0.55508,3.0031,-0.429
0.053033,-9.0149,5.724
-6.6617,-3.2421,-5.635
6.1045,-3.0512,-5.371
-0.239,2.926,5.647
-0.19799,-3.0038,-0.314
-6.4064,2.7379,0.465
6.0627,2.9783,0.622
-0.46457,9.0036,-0.374
-0.49851,-2.9734,5.261
-6.7288,2.7874,5.334
5.7148,2.8624,5.554
-0.81388,8.9866,5.719
0.76226,-5.712,-3.558
-6.4297,0.58195,-2.995
6.0514,0.8457,-2.809
0.73822,5.9284,-3.193
-0.47164,-6.2105,2.475
-6.3951,-1.1554,3.009
5.8527,-0.84782,3.069
-0.69155,5.8223,2.778
-6.5839,4.8104,-3.053
-0.87611,-0.41083,-3.274
11.271,0.25597,-3.376
5.5678,5.1463,-3.04
6.6263,-5.3648,3.164
1.0267,-0.1994,2.665
-11.705,0.24042,2.605
-6.2996,-5.4426,3.005
-3.3835,-6.1808,11.649
-9.5905,0.22557,11.543
2.7075,0.38679,11.17
-3.5207,5.7566,11.58
-3.6536,5.502,6.1822
2.7754,-6.1879,11.778
-3.4344,-0.25527,11.829
8.8014,-0.16758,12.041
2.7683,5.956,12.243
-0.59185,-9.0008,11.354
-6.6242,-3.2145,11.419
5.647,-3.0618,11.513
-0.55508,3.0031,11.634
-6.6617,-3.2421,6.4282
6.1045,-3.0512,6.6922
-0.19799,-3.0038,11.749
-6.4064,2.7379,12.528
6.0627,2.9783,12.685
-0.46457,9.0036,11.689
0.76226,-5.712,8.5052
-6.4297,0.58195,9.0682
6.0514,0.8457,9.2542
0.73822,5.9284,8.8702
-6.5839,4.8104,9.0102
-0.87611,-0.41083,8.7892
11.271,0.25597,8.6872
5.5678,5.1463,9.0232
-9.4638,12.558,-13.162
-9.1796,11.966,-6.3015
-9.396,5.9835,-12.554
-3.37,12.004,-12.291
-9.1746,6.7351,-6.8215
-3.1147,12.3,-6.8185
-12.763,3.1706,-12.978
-6.5244,9.1096,-12.819
-12.118,3.1564,-6.5455
-12.369,9.1676,-12.583
-12.67,9.198,-7.0085
-12.643,5.9608,-9.7945
-6.3186,11.324,-9.2005
-5.5451,6.8065,-9.1055
-11.145,11.972,-9.6045
-9.4638,12.558,-1.0993
-9.1796,11.966,5.7617
-9.396,5.9835,-0.49128
-3.37,12.004,-0.22828
-9.1746,6.7351,5.2417
-3.1147,12.3,5.2447
-12.763,3.1706,-0.91528
-6.5244,9.1096,-0.75628
-12.118,3.1564,5.5177
-6.0669,9.1202,-5.5773
-12.369,9.1676,-0.52028
-12.67,9.198,5.0547
-11.409,6.4593,-3.7643
-6.1199,13.017,-3.0153
-12.643,5.9608,2.2687
-6.3186,11.324,2.8627
-13.047,11.761,-3.4803
-0.90007,12.427,-3.5823
-5.5451,6.8065,2.9577
-11.145,11.972,2.4587
-9.4638,12.558,10.964
-9.396,5.9835,11.572
-3.37,12.004,11.835
-12.763,3.1706,11.148
-6.5244,9.1096,11.307
-6.0669,9.1202,6.4859
-12.369,9.1676,11.543
-11.409,6.4593,8.2989
-6.1199,13.017,9.0479
-13.047,11.761,8.5829
-0.90007,12.427,8.4809
12.932,-0.046208,-9.0422
12.932,-0.046208,3.021
9.0825,5.7039,-12.268
2.8756,12.11,-12.374
9.1617,5.5554,-6.2815
3.0417,11.69,-5.9285
9.0316,11.629,-12.088
9.1264,11.67,-6.3545
11.874,2.884,-12.563
5.8419,8.6702,-12.498
12.519,2.8698,-6.1295
12.268,8.8809,-12.168
11.968,8.9113,-6.5925
11.994,5.6742,-9.3785
6.071,10.729,-8.8445
13.493,11.685,-9.1885
0.7606,12.125,-9.2485
6.1664,6.4421,-8.8485
9.0825,5.7039,-0.20431
2.8756,12.11,-0.31031
9.1617,5.5554,5.7817
3.0417,11.69,6.1347
9.0316,11.629,-0.024311
9.1264,11.67,5.7087
11.874,2.884,-0.49931
5.8419,8.6702,-0.43431
12.519,2.8698,5.9337
5.8044,8.6426,-5.4253
12.268,8.8809,-0.10431
11.968,8.9113,5.4707
13.228,6.1727,-3.3483
6.0363,12.467,-2.7853
11.994,5.6742,2.6847
6.071,10.729,3.2187
11.59,11.474,-3.0643
13.493,11.685,2.8747
0.7606,12.125,2.8147
6.1664,6.4421,3.2147
9.0825,5.7039,11.859
2.8756,12.11,11.753
9.0316,11.629,12.039
11.874,2.884,11.564
5.8419,8.6702,11.629
5.8044,8.6426,6.6379
12.268,8.8809,11.959
13.228,6.1727,8.7149
6.0363,12.467,9.2779
11.59,11.474,8.9989
0,0,0
5.7474,0.084853,-0.055
-0.30406,5.9227,0.072
-0.044548,-0.18455,-5.9952
-0.044548,-0.18455,6.068
-0.32456,-6.1045,-0.305
-6.4948,-0.11243,-0.189
5.7078,5.7926,-0.138
0.057276,-5.939,5.816
6.0288,-0.24749,5.864
-0.16334,6.0592,-5.9562
-6.3647,-0.34153,5.778
-0.16334,6.0592,6.107
0.057276,-5.939,-6.2472
-6.5881,5.5713,-0.34
5.5832,-6.6001,-0.13372
6.0288,-0.24749,-6.1992
-6.3647,-0.34153,-6.2852
-6.7583,-6.0921,-0.34769
5.816,6.0055,5.82
6.055,-5.9277,5.99
6.055,-5.9277,-6.0732
5.816,6.0055,-6.2432
-6.1164,6.2437,5.7837
-6.6501,-5.8793,5.6103
-6.1164,6.2437,-6.2795
-6.6501,-5.8793,-6.4529
-0.1294,-11.988,-0.163
0,0,-12.063
0,0,12.063
0.16529,12.069,-0.15959
-12.301,0.18377,-0.36928
12.337,-0.10285,0.046689
-0.45725,-11.747,5.6723
5.9713,11.772,0.020689
-0.32456,-6.1045,11.758
5.7474,0.084853,12.008
12.009,0.13789,5.882
-0.30406,5.9227,-11.991
-0.45725,-11.747,-6.3909
5.7474,0.084853,-12.118
11.867,-6.2486,0.27828
12.141,5.7803,-0.095311
-0.30406,5.9227,12.135
12.009,0.13789,-6.1812
5.6766,-12.284,0.017279
-6.4948,-0.11243,11.874
-0.16256,12.309,5.6757
-6.7187,-11.8,-0.26469
-12.629,0.42451,5.466
-0.32456,-6.1045,-12.368
-6.424,12.256,-0.26128
-6.4948,-0.11243,-12.252
-0.16256,12.309,-6.3875
-12.496,6.0669,-0.51128
-12.77,-5.962,-0.13769
-12.629,0.42451,-6.5972
6.1014,11.543,5.9877
6.1014,11.543,-6.0755
5.7078,5.7926,11.925
-6.5881,5.5713,11.723
-6.1426,11.924,5.6577
12.008,-6.1122,-5.7499
5.7078,5.7926,-12.201
5.5832,-6.6001,11.929
-12.114,6.2324,5.6097
-6.7583,-6.0921,11.716
-6.4373,-12.132,5.6543
-6.1426,11.924,-6.4055
12.008,-6.1122,6.3133
5.5832,-6.6001,-12.197
5.8067,-12.513,5.9843
-12.114,6.2324,-6.4535
5.8067,-12.513,-6.0789
-12.629,-5.8255,5.8973
-6.5881,5.5713,-12.403
12.523,5.9457,6.0257
12.523,5.9457,-6.0375
-6.4373,-12.132,-6.4089
-12.629,-5.8255,-6.1659
-6.7583,-6.0921,-12.411
-0.1294,-11.988,11.9
0.16529,12.069,11.904
-12.301,0.18377,11.694
-0.1294,-11.988,-12.226
0.16529,12.069,-12.223
12.171,-12.171,0.20628
-12.171,12.171,-0.20628
12.337,-0.10285,-12.017
-12.466,-11.885,-0.20969
12.466,11.885,0.20969
12.337,-0.10285,12.11
-12.301,0.18377,-12.432
11.867,-6.2486,-11.785
5.9713,11.772,-12.043
5.9713,11.772,12.084
-6.7187,-11.8,11.799
12.141,5.7803,11.968
12.421,11.7,-5.7855
-12.496,6.0669,11.552
-12.216,11.987,5.8617
5.6766,-12.284,-12.046
12.141,5.7803,-12.159
5.6766,-12.284,12.08
12.421,11.7,6.2777
-6.424,12.256,11.802
-12.216,11.987,-6.2015
11.867,-6.2486,12.341
12.127,-12.356,-5.7889
-6.7187,-11.8,-12.328
-12.511,-12.069,5.8583
12.127,-12.356,6.2743
-12.511,-12.069,-6.2049
-12.77,-5.962,11.926
-6.424,12.256,-12.324
-12.77,-5.962,-12.201
-12.496,6.0669,-12.574
12.171,-12.171,-11.857
-12.171,12.171,11.857
-12.466,-11.885,11.854
12.466,11.885,-11.854
12.171,-12.171,12.269
-12.171,12.171,-12.269
-12.466,-11.885,-12.273
12.466,11.885,12.273
