-8.8269,-8.5374,-9.5154
-9.8996,-2.8656,-9.2864
-9.4725,-8.5536,-3.7218
-8.8269,-8.5374,1.9942
-9.6868,-2.9427,-3.8118
-9.8996,-2.8656,2.2232
-9.4725,-8.5536,7.7879
-9.6868,-2.9427,7.6979
2.3523,-9.422,-8.804
8.7962,-3.7375,-9.057
8.1867,-9.0408,-8.904
2.3523,-9.422,2.7056
8.7962,-3.7375,2.4526
7.9738,-8.8011,-3.1154
8.1867,-9.0408,2.6056
7.9738,-8.8011,8.3943
-9.3027,2.233,-9.0287
-2.9097,-3.0285,-9.1257
-2.8588,7.9175,-9.2817
3.1968,2.7641,-9.2877
2.8284,-2.9486,-9.1237
-3.4684,2.6142,-9.1287
-2.8567,-8.3665,-8.9627
2.1241,8.4358,-9.0587
2.3448,-8.8487,-2.81
-3.1891,-2.6658,-3.516
8.1692,-2.6227,-3.057
2.5512,2.7478,-3.494
-9.3027,2.233,2.481
-2.9097,-3.0285,2.384
-2.8588,7.9175,2.228
3.1968,2.7641,2.222
3.5525,-2.827,-3.167
-3.6812,2.8539,-3.34
-2.9861,-8.1805,-3.432
2.337,8.3587,-3.584
2.8284,-2.9486,2.386
-3.4684,2.6142,2.381
-2.8567,-8.3665,2.547
2.1241,8.4358,2.451
2.3448,-8.8487,8.6997
-3.1891,-2.6658,7.9937
8.1692,-2.6227,8.4527
2.5512,2.7478,8.0157
3.5525,-2.827,8.3427
-3.6812,2.8539,8.1697
-2.9861,-8.1805,8.0777
2.337,8.3587,7.9257
-8.8266,8.7064,-9.3483
-9.3103,2.8063,-3.0346
-3.4858,9.0324,-3.2816
-8.1025,8.828,-3.3916
-8.8266,8.7064,2.1614
-9.3103,2.8063,8.475
-3.4858,9.0324,8.228
-8.1025,8.828,8.118
9.114,8.2729,-8.8979
9.167,2.9349,-8.7349
8.8347,8.6356,-3.2882
9.114,8.2729,2.6118
9.0376,3.1209,-3.2042
9.167,2.9349,2.7748
8.8347,8.6356,8.2214
9.0376,3.1209,8.3054
-9.0893,-2.836,-8.0274
-9.4676,-8.4652,-8.1674
-3.3985,-8.5734,-2.3738
-9.0893,-2.836,3.4822
-8.8842,-8.4702,-2.3448
-9.4676,-8.4652,3.3422
-3.3985,-8.5734,9.1359
-8.8842,-8.4702,9.1649
9.0302,-8.9185,-7.672
8.7085,-8.9588,-1.8274
9.0302,-8.9185,3.8376
3.4158,-9.4729,-2.2364
8.9659,-3.2115,-1.8954
8.7085,-8.9588,9.6823
3.4158,-9.4729,9.2733
8.9659,-3.2115,9.6143
-1.48,-8.551,-8.4077
2.9345,8.4655,-7.7997
3.5582,-3.0094,-7.8267
-2.6248,2.7365,-7.8967
-3.4464,-2.8327,-7.7567
2.8892,-8.3,-7.7537
2.5562,2.8362,-7.9397
9.2666,-2.4996,-8.0707
8.6253,2.728,-2.146
-8.5086,-3.1388,-2.341
2.4911,-3.054,-2.145
-2.9465,2.6962,-2.052
-1.48,-8.551,3.102
2.9345,8.4655,3.71
3.5582,-3.0094,3.683
-2.6248,2.7365,3.613
-2.2288,-2.6276,-2.376
-8.2392,2.1821,-2.461
3.1396,2.8313,-2.117
-2.6891,8.4436,-2.12
-3.4464,-2.8327,3.753
2.8892,-8.3,3.756
2.5562,2.8362,3.57
9.2666,-2.4996,3.439
8.6253,2.728,9.3637
-8.5086,-3.1388,9.1687
2.4911,-3.054,9.3647
-2.9465,2.6962,9.4577
-2.2288,-2.6276,9.1337
-8.2392,2.1821,9.0487
3.1396,2.8313,9.3927
-2.6891,8.4436,9.3897
-8.0969,8.6456,-8.0513
-8.7658,3.355,-7.9783
-2.3884,9.1554,-8.2953
-9.1639,8.601,-2.3696
-8.0969,8.6456,3.4584
-8.7658,3.355,3.5314
-2.3884,9.1554,3.2144
-9.1639,8.601,9.14
10.544,2.7504,-8.1799
8.5773,8.4688,-7.5289
3.5151,8.1626,-2.1132
10.544,2.7504,3.3298
9.795,8.6738,-2.1482
8.5773,8.4688,3.9808
3.5151,8.1626,9.3964
9.795,8.6738,9.3614
-9.2519,-11.427,-12.277
-9.2264,-11.214,-6.5244
-3.1474,-11.637,-11.957
-9.5885,-5.5258,-12.309
-3.0138,-10.529,-6.3234
-9.2795,-5.6057,-6.5614
-12.003,-8.4582,-12.489
-5.9349,-8.4002,-11.632
-12.143,-2.7398,-11.935
-6.6816,-8.3224,-6.6854
-12.06,-2.5467,-6.4014
-5.9511,-11.83,-9.0784
-12.061,-6.5624,-9.0984
-11.863,-10.684,-9.0814
-0.7652,-11.137,-9.1774
-9.2519,-11.427,-0.76775
-9.2264,-11.214,4.9852
-3.1474,-11.637,-0.44775
-9.5885,-5.5258,-0.79975
-3.0138,-10.529,5.1862
-9.2795,-5.6057,4.9482
-12.003,-8.4582,-0.97975
-12.577,-8.4171,-5.6458
-5.9349,-8.4002,-0.12275
-12.143,-2.7398,-0.42575
-6.6816,-8.3224,4.8242
-12.06,-2.5467,5.1082
-5.9363,-10.546,-3.4738
-12.799,-5.0838,-3.4598
-5.9511,-11.83,2.4312
-12.061,-6.5624,2.4112
-12.032,-11.919,-3.2598
-1.292,-11.181,-3.3468
-6.6724,-5.6658,-3.2838
-11.863,-10.684,2.4282
-0.7652,-11.137,2.3322
-9.2519,-11.427,10.742
-3.1474,-11.637,11.062
-9.5885,-5.5258,10.71
-12.003,-8.4582,10.53
-12.577,-8.4171,5.8639
-5.9349,-8.4002,11.387
-12.143,-2.7398,11.084
-5.9363,-10.546,8.0359
-12.799,-5.0838,8.0499
-12.032,-11.919,8.2499
-1.292,-11.181,8.1629
-6.6724,-5.6658,8.2259
-12.42,0.51764,-9.402
-12.947,0.4745,-3.5714
-12.42,0.51764,2.1076
-12.947,0.4745,7.9383
2.6917,-12.129,-11.523
8.285,-6.1198,-11.686
2.8254,-12.045,-5.724
8.6024,-5.89,-5.962
8.6159,-11.723,-11.532
8.6222,-11.642,-5.875
11.676,-8.8117,-12.037
5.552,-9.1865,-11.313
11.536,-3.0934,-11.483
5.4749,-9.0034,-6.109
11.619,-2.9003,-5.949
5.2034,-12.489,-8.467
11.618,-6.916,-8.646
11.816,-11.038,-8.629
2.6917,-12.129,-0.013377
8.285,-6.1198,-0.17638
2.8254,-12.045,5.7856
8.6024,-5.89,5.5476
8.6159,-11.723,-0.022377
8.6222,-11.642,5.6346
11.676,-8.8117,-0.52738
11.101,-8.7707,-5.1934
5.552,-9.1865,0.19662
11.536,-3.0934,0.026623
5.4749,-9.0034,5.4006
11.619,-2.9003,5.5606
5.2006,-12.058,-2.8124
10.879,-5.4374,-3.0074
5.2034,-12.489,3.0426
11.618,-6.916,2.8636
4.9729,-6.701,-2.7524
11.647,-12.272,-2.8074
11.816,-11.038,2.8806
2.6917,-12.129,11.496
8.285,-6.1198,11.333
8.6159,-11.723,11.487
11.676,-8.8117,10.982
11.101,-8.7707,6.3163
5.552,-9.1865,11.706
11.536,-3.0934,11.536
5.2006,-12.058,8.6973
10.879,-5.4374,8.5023
4.9729,-6.701,8.7573
11.647,-12.272,8.7023
-2.9161,-5.8039,-11.947
-8.9633,-0.47376,-11.748
2.7719,-0.12587,-12.05
-3.3701,5.5352,-11.911
-2.8157,-5.7262,-6.4487
-8.8296,-0.38962,-5.9487
2.7973,0.087681,-6.2967
-3.0526,5.765,-6.1867
2.873,-5.8414,-12.002
-3.0391,-0.067882,-11.757
8.8763,-0.33588,-11.73
2.4353,5.7756,-12.082
3.0208,-5.4051,-5.7077
-3.0328,0.013435,-6.0997
9.01,0.77216,-6.0957
2.7443,5.6957,-6.3337
-0.3981,-8.6472,-11.909
-5.601,-3.0285,-12.443
5.6158,-2.9416,-11.611
0.020506,2.8433,-12.262
6.1745,-2.8129,-5.8777
0.098995,-2.9628,-11.365
-6.103,2.4685,-11.538
6.0889,2.9013,-11.405
-0.11879,8.5616,-11.708
-0.06364,-2.8454,-6.4487
-6.1801,2.6517,-6.3337
5.3422,2.979,-6.4577
-0.036062,8.7547,-6.1737
0.44477,-5.9121,-8.5527
-6.4516,-0.83439,-8.6917
6.0726,-0.52892,-8.8507
-0.03677,4.739,-8.8707
5.0629,-6.0755,-8.6997
0.16051,0.6173,-8.8537
11.259,0.16405,-8.9497
-6.0104,-5.0374,-8.8867
-2.9161,-5.8039,-0.437
-8.9633,-0.47376,-0.238
2.7719,-0.12587,-0.54
-3.3701,5.5352,-0.401
-2.8157,-5.7262,5.061
-8.8296,-0.38962,5.561
2.7973,0.087681,5.213
-3.0526,5.765,5.323
2.873,-5.8414,-0.492
-3.0391,-0.067882,-0.247
8.8763,-0.33588,-0.22
2.4353,5.7756,-0.572
3.0208,-5.4051,5.802
-3.0328,0.013435,5.41
9.01,0.77216,5.414
2.7443,5.6957,5.176
-0.3981,-8.6472,-0.399
-5.601,-3.0285,-0.933
5.6158,-2.9416,-0.101
0.020506,2.8433,-0.752
0.12304,-8.5418,-5.651
-6.154,-3.0795,-5.58
6.1745,-2.8129,5.632
-0.55366,2.8843,-5.418
0.098995,-2.9628,0.145
-6.103,2.4685,-0.028
6.0889,2.9013,0.105
-0.11879,8.5616,-0.198
-0.06364,-2.8454,5.061
-6.1801,2.6517,5.176
5.3422,2.979,5.052
-0.036062,8.7547,5.336
-0.11384,-4.8953,-2.86
-6.4545,-0.40305,-3.037
6.0875,0.7559,-3.246
-0.7757,6.2176,-3.232
0.44477,-5.9121,2.957
-6.4516,-0.83439,2.818
6.0726,-0.52892,2.659
-0.03677,4.739,2.639
-6.6822,4.954,-2.977
-0.0077782,-0.6173,-3.032
10.732,0.12092,-3.119
5.3514,5.6356,-3.056
5.0629,-6.0755,2.81
0.16051,0.6173,2.656
11.259,0.16405,2.56
-6.0104,-5.0374,2.623
-2.9161,-5.8039,11.073
-8.9633,-0.47376,11.272
2.7719,-0.12587,10.97
-3.3701,5.5352,11.109
2.873,-5.8414,11.018
-3.0391,-0.067882,11.263
8.8763,-0.33588,11.29
2.4353,5.7756,10.938
-0.3981,-8.6472,11.111
-5.601,-3.0285,10.577
5.6158,-2.9416,11.409
0.020506,2.8433,10.758
0.12304,-8.5418,5.8587
-6.154,-3.0795,5.9297
-0.55366,2.8843,6.0917
0.098995,-2.9628,11.655
-6.103,2.4685,11.482
6.0889,2.9013,11.615
-0.11879,8.5616,11.312
-0.11384,-4.8953,8.6497
-6.4545,-0.40305,8.4727
6.0875,0.7559,8.2637
-0.7757,6.2176,8.2777
-6.6822,4.954,8.5327
-0.0077782,-0.6173,8.4777
10.732,0.12092,8.3907
5.3514,5.6356,8.4537
-8.8832,11.529,-12.274
-8.8577,11.743,-6.5213
-8.782,5.8136,-12.226
-2.7787,11.319,-11.954
-8.6343,6.2499,-5.9323
-2.6451,12.427,-6.3203
-12.053,3.0078,-12.133
-6.0392,8.7135,-11.835
-5.4806,8.8422,-6.1023
-11.556,8.6922,-11.589
-11.719,8.8096,-6.6733
-11.21,5.7429,-8.7773
-5.5824,11.126,-9.0753
-6.5921,5.5796,-8.9243
-11.495,12.272,-9.0783
-0.39647,11.819,-9.1743
-8.8832,11.529,-0.76462
-8.8577,11.743,4.9884
-8.782,5.8136,-0.71662
-2.7787,11.319,-0.44462
-8.6343,6.2499,5.5774
-2.6451,12.427,5.1894
-12.053,3.0078,-0.62362
-6.0392,8.7135,-0.32562
-11.532,3.1132,-5.8756
-5.4806,8.8422,5.4074
-11.556,8.6922,-0.079623
-11.719,8.8096,4.8364
-11.769,6.7597,-3.0846
-5.5675,12.411,-3.4706
-11.21,5.7429,2.7324
-5.5824,11.126,2.4344
-11.663,11.038,-3.2566
-0.92326,11.776,-3.3436
-6.5921,5.5796,2.5854
-11.495,12.272,2.4314
-0.39647,11.819,2.3354
-8.8832,11.529,10.745
-8.782,5.8136,10.793
-2.7787,11.319,11.065
-12.053,3.0078,10.886
-6.0392,8.7135,11.184
-11.532,3.1132,5.634
-11.556,8.6922,11.43
-11.769,6.7597,8.425
-5.5675,12.411,8.039
-11.663,11.038,8.253
-0.92326,11.776,8.166
9.1077,5.4975,-11.719
3.0605,10.828,-11.52
9.2081,5.5753,-6.2209
3.1941,10.912,-5.7209
8.9846,11.234,-11.529
8.991,11.315,-5.8719
11.626,2.6542,-11.681
6.4228,8.2729,-12.215
12.123,8.3387,-11.137
11.96,8.456,-6.2209
12.469,5.3893,-8.3249
5.5721,10.467,-8.4639
12.184,11.919,-8.6259
6.0134,6.264,-8.6589
9.1077,5.4975,-0.20925
3.0605,10.828,-0.010248
9.2081,5.5753,5.2888
3.1941,10.912,5.7888
8.9846,11.234,-0.019248
8.991,11.315,5.6378
11.626,2.6542,-0.17125
6.4228,8.2729,-0.70525
12.147,2.7596,-5.4232
5.8698,8.222,-5.3522
12.123,8.3387,0.37275
11.96,8.456,5.2888
11.91,6.4061,-2.6322
5.5693,10.898,-2.8092
12.469,5.3893,3.1848
5.5721,10.467,3.0458
12.016,10.684,-2.8042
12.184,11.919,2.8838
6.0134,6.264,2.8508
9.1077,5.4975,11.3
3.0605,10.828,11.499
8.9846,11.234,11.49
11.626,2.6542,11.338
6.4228,8.2729,10.804
12.147,2.7596,6.0864
5.8698,8.222,6.1574
12.123,8.3387,11.882
11.91,6.4061,8.8774
5.5693,10.898,8.7004
12.016,10.684,8.7054
0,0,0
-0.14849,5.5678,-0.066
0.055861,0.017678,5.629
0.10677,-5.7523,-0.072
-5.8478,-0.26304,0.075
0.055861,0.017678,-5.8807
6.0797,-0.17253,-0.052
0.011314,-5.555,-5.7207
0.011314,-5.555,5.789
-5.5331,-5.816,-0.059
-0.27436,5.77,5.585
-5.9227,-0.23335,5.627
-6.2565,5.3358,-0.009
-0.27436,5.77,-5.9247
5.3985,-6.3192,0.21562
-5.9227,-0.23335,-5.8827
6.294,0.43204,5.501
6.4906,5.4855,0.16875
6.294,0.43204,-6.0087
-6.0685,-5.5809,5.2822
-5.6899,5.8483,5.4404
5.9553,5.7205,5.51
5.9652,-5.8068,5.665
-5.6899,5.8483,-6.0693
5.9652,-5.8068,-5.8447
5.9553,5.7205,-5.9997
-6.0685,-5.5809,-6.2274
0.23841,11.063,0.10475
0,0,-11.51
0,0,11.51
-11.785,-0.23829,-0.123
-0.13033,-11.893,0.10162
11.893,-0.59188,0.32937
6.176,11.038,0.30275
-11.386,0.2501,5.5494
-0.14849,5.5678,11.444
-5.5753,11.482,-0.27662
0.26941,-11.405,-5.7357
0.26941,-11.405,5.774
0.10677,-5.7523,11.438
-5.8478,-0.26304,-11.435
-0.14849,5.5678,-11.576
-11.386,0.2501,-5.9603
0.63815,11.552,-5.7325
-5.9441,-11.474,-0.27975
0.63815,11.552,5.7771
0.10677,-5.7523,-11.582
6.0797,-0.17253,11.458
-11.548,5.9027,-0.29662
-5.8478,-0.26304,11.585
11.507,-6.0873,0.15862
6.0797,-0.17253,-11.562
5.8072,-11.918,0.29962
12.131,5.5491,0.15575
-5.7298,-10.869,5.2732
-12.172,-5.7337,-0.29375
12.293,-0.10349,-5.5079
12.293,-0.10349,6.0018
-5.7298,-10.869,-6.2364
6.101,11.068,-5.6549
6.101,11.068,5.8548
-5.5331,-5.816,11.451
5.3985,-6.3192,-11.294
11.381,-5.885,-5.7
11.381,-5.885,5.8096
-5.5331,-5.816,-11.569
-6.2565,5.3358,11.501
-6.2565,5.3358,-11.519
6.4906,5.4855,-11.341
-5.3611,12.087,5.2764
-11.644,6.1,5.5644
5.7323,-11.888,-5.658
5.3985,-6.3192,11.725
12.035,5.7464,-5.4929
-11.644,6.1,-5.9453
5.7323,-11.888,5.8516
6.4906,5.4855,11.678
-12.298,-5.5314,5.3572
-5.3611,12.087,-6.2333
12.035,5.7464,6.0168
-12.298,-5.5314,-6.1524
0.23841,11.063,-11.405
0.23841,11.063,11.614
11.893,-0.59188,-11.18
-11.785,-0.23829,11.387
-0.13033,-11.893,-11.408
11.655,-11.655,0.22462
-11.655,11.655,-0.22462
-12.024,-11.301,-0.22775
12.024,11.301,0.22775
-11.785,-0.23829,-11.633
-0.13033,-11.893,11.611
11.893,-0.59188,11.839
6.176,11.038,-11.207
-5.5753,11.482,11.233
-5.9441,-11.474,11.23
-11.548,5.9027,11.213
11.507,-6.0873,-11.351
6.176,11.038,11.812
-11.968,-11.284,5.4012
-11.599,11.673,5.4044
5.8072,-11.918,-11.21
-5.5753,11.482,-11.786
11.711,-11.637,-5.656
11.507,-6.0873,11.668
-5.9441,-11.474,-11.789
12.08,11.319,-5.6529
-12.172,-5.7337,11.216
11.711,-11.637,5.8536
12.131,5.5491,-11.354
-11.548,5.9027,-11.806
-11.968,-11.284,-6.1084
-11.599,11.673,-6.1053
12.08,11.319,5.8568
12.131,5.5491,11.665
5.8072,-11.918,11.809
-12.172,-5.7337,-11.803
11.655,-11.655,-11.285
-11.655,11.655,11.285
-12.024,-11.301,11.282
12.024,11.301,-11.282
11.655,-11.655,11.734
-11.655,11.655,-11.734
-12.024,-11.301,-11.737
12.024,11.301,11.737
