-10.573,-9.4636,-9.5596
-9.9024,-8.4552,-3.2546
-10.573,-9.4636,3.3266
-9.9024,-8.4552,9.6316
8.8648,-3.734,-9.3216
9.2615,-3.5452,-3.1656
8.8761,-9.9226,-9.9606
10.65,-9.9615,-2.9096
8.8648,-3.734,3.5645
9.2615,-3.5452,9.7205
8.8761,-9.9226,2.9255
10.65,-9.9615,9.9765
2.7181,-8.72,-9.104
-3.3319,-3.182,-10.014
-4.0722,9.203,-9.498
2.5901,3.2576,-9.387
2.5725,-9.1542,-3.19
-3.1565,-3.2697,-2.866
-3.6755,9.3918,-3.342
3.2605,4.266,-3.082
3.2371,-2.052,-9.291
-4.0609,3.0144,-10.137
-2.6113,-9.1153,-9.617
-9.2398,-2.5887,-9.426
3.1403,-2.2663,-3.254
-2.2868,2.9755,-3.086
-2.9034,-9.5601,-2.841
-9.722,-2.6608,-3.321
2.7181,-8.72,3.7821
-3.3319,-3.182,2.8721
-4.0722,9.203,3.3881
2.5901,3.2576,3.4991
2.5725,-9.1542,9.6961
-3.1565,-3.2697,10.02
-3.6755,9.3918,9.5441
3.2605,4.266,9.8041
3.2371,-2.052,3.5951
-4.0609,3.0144,2.7491
-2.6113,-9.1153,3.2691
-9.2398,-2.5887,3.4601
3.1403,-2.2663,9.6321
-2.2868,2.9755,9.8001
-2.9034,-9.5601,10.045
-9.722,-2.6608,9.5651
-10.219,4.217,-9.2804
-10.365,3.7828,-3.3664
-9.6999,10.885,-9.4674
-9.7968,10.671,-3.4304
-10.219,4.217,3.6058
-10.365,3.7828,9.5198
-9.6999,10.885,3.4188
-9.7968,10.671,9.4558
9.831,9.5392,-9.8414
10.006,9.4515,-2.6934
10.552,3.6059,-9.4444
3.9231,10.132,-9.2534
10.259,3.1611,-2.6684
3.4408,10.06,-3.1484
9.831,9.5392,3.0447
10.006,9.4515,10.193
10.552,3.6059,3.4417
3.9231,10.132,3.6327
10.259,3.1611,10.218
3.4408,10.06,9.7377
-3.7499,-8.9792,-8.6166
-3.4493,-10.543,-3.8366
-9.8041,-3.0664,-2.1416
-9.7376,-8.8689,-8.4656
-10.116,-9.9458,-3.3156
-3.7499,-8.9792,4.2696
-3.4493,-10.543,9.0496
-9.8041,-3.0664,10.745
-9.7376,-8.8689,4.4206
-10.116,-9.9458,9.5706
9.0465,-8.9263,-8.8516
9.5132,-10.94,-2.9516
2.9393,-9.6638,-10.158
9.0465,-8.9263,4.0345
9.5132,-10.94,9.9345
2.9393,-9.6638,2.7285
9.413,3.742,-8.444
-9.9964,-2.6453,-8.145
3.1219,-3.3326,-10.071
-3.8905,4.0107,-9.028
9.7135,2.1786,-3.664
3.3588,9.6548,-1.969
3.3984,-3.0717,-2.02
-3.4238,1.9969,-3.128
-3.73,-4.3579,-9.17
-9.9978,3.2732,-10.334
3.4252,3.8523,-8.293
10.05,-2.3978,-9.205
-3.6586,-2.7789,-4.189
3.7653,-8.8014,-2.353
3.0469,2.7754,-3.143
9.7489,-2.8334,-1.949
9.413,3.742,4.4421
-9.9964,-2.6453,4.7411
3.1219,-3.3326,2.8151
-3.8905,4.0107,3.8581
9.7135,2.1786,9.2221
3.3588,9.6548,10.917
3.3984,-3.0717,10.866
-3.4238,1.9969,9.7581
-3.73,-4.3579,3.7161
-9.9978,3.2732,2.5521
3.4252,3.8523,4.5931
10.05,-2.3978,3.6811
-3.6586,-2.7789,8.6971
3.7653,-8.8014,10.533
3.0469,2.7754,9.7431
9.7489,-2.8334,10.937
-9.8152,9.6044,-10.247
-9.5387,9.8654,-2.1964
-2.8869,10.539,-9.3814
-9.1717,4.1357,-2.5294
-3.1882,10.104,-2.1254
-9.8152,9.6044,2.6388
-9.5387,9.8654,10.69
-2.8869,10.539,3.5048
-9.1717,4.1357,10.357
-3.1882,10.104,10.761
3.1665,10.076,-7.9724
9.4329,8.3633,-8.9974
9.5043,9.9423,-4.0164
3.1665,10.076,4.9137
9.4329,8.3633,3.8887
9.5043,9.9423,8.8697
-9.6599,-12.848,-12.967
-12.579,-9.7832,-13.284
-6.6469,-9.0888,-14.105
-10.102,-12.127,-6.7506
-9.6599,-12.848,-0.080551
-3.5144,-12.095,-7.2016
-9.9978,-5.7944,-6.4786
-3.5236,-12.66,-11.969
-10.263,-6.2363,-12.228
-12.85,-9.0902,-5.8776
-12.579,-9.7832,-0.39755
-6.504,-9.3462,-5.6866
-13.579,-2.7397,-6.5836
-6.6469,-9.0888,-1.2186
-12.801,-2.8839,-12.23
-6.9014,-10.691,-9.7306
-13.661,-6.9505,-9.4516
-6.1773,-12.95,-3.1066
-12.589,-5.7329,-2.8296
-14.226,-12.651,-9.7726
-6.6228,-6.6747,-9.5296
-13.707,-13.068,-3.3486
-0.99779,-13.022,-3.1146
-10.102,-12.127,6.1356
-9.6599,-12.848,12.806
-3.5144,-12.095,5.6846
-9.9978,-5.7944,6.4076
-3.5236,-12.66,0.91759
-10.263,-6.2363,0.65859
-12.85,-9.0902,7.0086
-12.579,-9.7832,12.489
-6.504,-9.3462,7.1996
-13.579,-2.7397,6.3026
-6.6469,-9.0888,11.668
-12.801,-2.8839,0.65659
-6.9014,-10.691,3.1556
-13.661,-6.9505,3.4346
-6.1773,-12.95,9.7796
-12.589,-5.7329,10.057
-14.226,-12.651,3.1136
-6.6228,-6.6747,3.3566
-13.707,-13.068,9.5376
-0.99779,-13.022,9.7716
-3.5236,-12.66,13.804
-10.263,-6.2363,13.545
-12.801,-2.8839,13.543
-13.935,-0.085397,-3.2909
-13.935,-0.085397,9.5952
3.2624,-12.37,-13.304
9.5549,-6.182,-12.834
9.9693,-12.999,-12.715
13.52,-9.999,-12.935
6.6523,-9.7522,-13.408
2.672,-12.71,-5.5856
9.3555,-6.7011,-5.5226
3.2624,-12.37,-0.41764
9.5549,-6.182,0.052357
9.4298,-11.756,-6.1836
9.9693,-12.999,0.17136
13.25,-9.306,-5.5286
13.52,-9.999,-0.048643
5.7154,-9.3202,-5.1806
12.521,-2.9555,-6.2346
6.6523,-9.7522,-0.52164
13.299,-3.0998,-11.881
5.3314,-11.98,-9.1546
12.439,-7.1663,-9.1026
6.5045,-13.479,-3.0066
13.511,-5.9487,-2.4806
6.3383,-6.8602,-9.2336
11.874,-12.867,-9.4236
0.50469,-12.767,-9.3606
12.393,-13.284,-2.9996
2.672,-12.71,7.3005
9.3555,-6.7011,7.3635
3.2624,-12.37,12.468
9.5549,-6.182,12.938
9.4298,-11.756,6.7025
9.9693,-12.999,13.057
13.25,-9.306,7.3575
13.52,-9.999,12.837
5.7154,-9.3202,7.7055
12.521,-2.9555,6.6515
6.6523,-9.7522,12.364
13.299,-3.0998,1.0055
5.3314,-11.98,3.7315
12.439,-7.1663,3.7835
6.5045,-13.479,9.8795
13.511,-5.9487,10.405
6.3383,-6.8602,3.6525
11.874,-12.867,3.4625
0.50469,-12.767,3.5255
12.393,-13.284,9.8865
13.299,-3.0998,13.892
-3.1806,-6.231,-13.064
-9.6746,0.5671,-13.48
3.503,-0.12728,-12.794
-3.3821,6.755,-13.01
3.4592,-6.3809,-12.424
-2.9677,-0.061518,-12.891
0.60387,-9.5063,-12.544
-6.6362,-3.3071,-12.482
6.079,-3.1063,-12.429
0.58336,2.938,-13.111
-6.2848,3.1848,-13.584
6.516,3.6324,-13.932
-3.3418,-6.4149,-5.864
-10.265,0.22698,-5.762
3.0604,0.59397,-6.578
-3.5815,6.236,-5.699
-3.1806,-6.231,-0.178
-9.6746,0.5671,-0.594
3.503,-0.12728,0.092
-3.3821,6.755,-0.124
3.1169,-5.8266,-6.512
-3.5072,1.1809,-6.36
9.6485,0.62579,-7.029
3.165,6.9268,-6.306
3.4592,-6.3809,0.462
-2.9677,-0.061518,-0.005
9.6393,0.060811,-11.796
2.8998,6.4849,-12.055
-0.18102,-9.2999,-5.631
-6.4403,-3.1198,-6.586
6.4467,-2.5293,-6.857
0.31325,3.631,-5.705
0.60387,-9.5063,0.342
-6.6362,-3.3071,0.404
6.079,-3.1063,0.457
0.58336,2.938,-0.225
-1.0182,-2.9373,-6.706
-7.2217,3.6169,-5.357
6.6588,3.375,-5.514
-0.41578,9.9815,-6.411
0.35992,-3.4528,-12.295
-6.2848,3.1848,-0.698
6.516,3.6324,-1.046
0.36204,9.8373,-12.057
-0.43558,-6.0443,-9.192
-7.6056,0.95742,-9.331
6.2614,2.0301,-9.558
-0.49851,5.7707,-9.279
0.76721,-5.2489,-2.986
-6.4326,-0.54235,-3.183
6.9855,-0.2284,-2.934
0.57346,6.9883,-2.657
-6.5987,6.0769,-9.41
-1.0628,0.070004,-9.6
-12.432,0.16971,-9.537
6.54,6.0465,-9.357
5.7148,-5.456,-2.949
-0.54377,-0.34719,-3.176
12.165,-0.30123,-2.942
-6.7522,-5.1739,-2.966
-3.3418,-6.4149,7.0221
-10.265,0.22698,7.1241
3.0604,0.59397,6.3081
-3.5815,6.236,7.1871
-3.1806,-6.231,12.708
-9.6746,0.5671,12.292
3.503,-0.12728,12.978
-3.3821,6.755,12.762
3.1169,-5.8266,6.3741
-3.5072,1.1809,6.5261
9.6485,0.62579,5.8571
3.165,6.9268,6.5801
3.4592,-6.3809,13.348
-2.9677,-0.061518,12.881
9.6393,0.060811,1.0901
2.8998,6.4849,0.83114
-0.18102,-9.2999,7.2551
-6.4403,-3.1198,6.3001
6.4467,-2.5293,6.0291
0.31325,3.631,7.1811
0.60387,-9.5063,13.228
-6.6362,-3.3071,13.29
6.079,-3.1063,13.343
0.58336,2.938,12.661
-1.0182,-2.9373,6.1801
-7.2217,3.6169,7.5291
6.6588,3.375,7.3721
-0.41578,9.9815,6.4751
0.35992,-3.4528,0.59114
-6.2848,3.1848,12.188
6.516,3.6324,11.84
0.36204,9.8373,0.82914
-0.43558,-6.0443,3.6941
-7.6056,0.95742,3.5551
6.2614,2.0301,3.3281
-0.49851,5.7707,3.6071
0.76721,-5.2489,9.9001
-6.4326,-0.54235,9.7031
6.9855,-0.2284,9.9521
0.57346,6.9883,10.229
-6.5987,6.0769,3.4761
-1.0628,0.070004,3.2861
-12.432,0.16971,3.3491
6.54,6.0465,3.5291
5.7148,-5.456,9.9371
-0.54377,-0.34719,9.7101
12.165,-0.30123,9.9441
-6.7522,-5.1739,9.9201
9.6393,0.060811,13.976
2.8998,6.4849,13.717
0.35992,-3.4528,13.477
0.36204,9.8373,13.715
-9.434,12.81,-12.97
-9.4779,6.5561,-12.6
-12.333,3.4307,-12.72
-6.858,9.8307,-12.605
-9.8767,13.531,-6.7544
-9.434,12.81,-0.084357
-9.8201,7.1105,-6.6884
-3.2886,13.563,-7.2054
-9.4779,6.5561,0.28564
-3.2978,12.998,-11.972
-13.118,3.6372,-5.8074
-6.4903,10.408,-7.0334
-12.333,3.4307,0.16564
-6.858,9.8307,0.28064
-13.955,9.9997,-6.8824
-12.577,9.4842,-12.471
-13.373,6.8927,-9.3684
-12.17,7.6882,-3.1624
-5.9515,12.709,-3.1104
-14,13.007,-9.7764
-7.2222,7.481,-3.1254
-13.481,12.59,-3.3524
-0.77197,12.636,-3.1184
-9.8767,13.531,6.1318
-9.434,12.81,12.802
-9.8201,7.1105,6.1978
-3.2886,13.563,5.6808
-9.4779,6.5561,13.172
-3.2978,12.998,0.91378
-13.118,3.6372,7.0788
-6.4903,10.408,5.8528
-12.333,3.4307,13.052
-6.858,9.8307,13.167
-13.955,9.9997,6.0038
-12.577,9.4842,0.41478
-13.373,6.8927,3.5178
-12.17,7.6882,9.7238
-5.9515,12.709,9.7758
-14,13.007,3.1098
-7.2222,7.481,9.7608
-13.481,12.59,9.5338
-0.77197,12.636,9.7678
-3.2978,12.998,13.8
-12.577,9.4842,13.301
13.668,-0.046125,-9.1881
13.668,-0.046125,3.698
9.9823,6.4902,-12.892
3.4882,13.288,-13.308
10.195,12.66,-12.719
13.767,3.2149,-12.372
6.5267,9.4141,-12.31
9.8211,6.3063,-5.6914
2.8978,12.948,-5.5894
9.9823,6.4902,-0.005449
3.4882,13.288,-0.42145
9.6556,13.902,-6.1874
10.195,12.66,0.16755
12.982,3.4213,-5.4584
6.7225,9.6015,-6.4134
13.767,3.2149,0.51455
6.5267,9.4141,0.57655
12.145,9.7839,-6.5334
13.523,9.2684,-12.122
12.727,6.6769,-9.0194
5.5572,13.679,-9.1584
13.93,7.4724,-2.8134
6.7303,12.179,-3.0104
12.1,12.791,-9.4274
0.73051,12.891,-9.3644
12.619,12.374,-3.0034
6.4107,7.5473,-2.7934
9.8211,6.3063,7.1947
2.8978,12.948,7.2967
9.9823,6.4902,12.881
3.4882,13.288,12.465
9.6556,13.902,6.6987
10.195,12.66,13.054
12.982,3.4213,7.4277
6.7225,9.6015,6.4727
13.767,3.2149,13.401
6.5267,9.4141,13.463
12.145,9.7839,6.3527
13.523,9.2684,0.76369
12.727,6.6769,3.8667
5.5572,13.679,3.7277
13.93,7.4724,10.073
6.7303,12.179,9.8757
12.1,12.791,3.4587
0.73051,12.891,3.5217
12.619,12.374,9.8827
6.4107,7.5473,10.093
13.523,9.2684,13.65
6.0168,7.4999,10.115
13.44,9.634,13.853
0,0,0
-0.24749,0.12162,6.1961
-0.23264,-6.4057,-0.362
6.5188,0.69084,-0.037
-6.6581,0.10748,-0.118
-0.24749,0.12162,-6.69
-0.23193,6.7486,0.287
6.2367,0.60811,6.0211
-0.54589,6.5026,-6.008
-0.21284,-6.301,-6.267
6.1115,6.5301,0.303
6.4849,-6.2261,0.062
-0.21284,-6.301,6.6191
6.2367,0.60811,-6.865
-6.4522,6.711,-0.11436
-6.9028,0.66892,-6.235
-7.0513,-6.1911,0.13045
-0.54589,6.5026,6.8781
-6.9028,0.66892,6.6511
6.2204,-5.8032,6.4361
6.2204,-5.8032,-6.45
6.195,6.7394,-5.904
-6.9679,-5.9818,-6.0766
-6.9679,-5.9818,6.8096
6.195,6.7394,6.9821
-6.7166,7.1338,6.2598
-6.7166,7.1338,-6.6264
-0.082797,-12.359,-0.18955
0,0,-12.886
0,0,12.886
-13.02,0.57787,-0.36591
13.08,0.36204,-0.017
0.14302,13.299,-0.19336
-6.644,-12.03,-0.20955
-0.019799,-12.43,-6.433
-0.019799,-12.43,6.4531
-0.23264,-6.4057,12.524
12.705,-6.1884,0.46336
6.2789,-12.83,0.058357
-0.23193,6.7486,-12.599
6.5047,12.829,0.054551
12.93,6.3155,-0.18945
-6.6581,0.10748,12.768
-12.957,0.50752,6.2768
6.5188,0.69084,12.849
6.5188,0.69084,-12.923
-12.957,0.50752,-6.6094
13.143,0.29169,-6.2604
-6.6581,0.10748,-13.004
-13.395,-5.9726,0.11445
-13.17,6.5314,-0.53836
0.20602,13.229,-6.4368
-0.23264,-6.4057,-13.248
0.20602,13.229,6.4493
13.143,0.29169,6.6257
-0.23193,6.7486,13.173
6.0343,-12.268,-6.0586
-6.4182,13.628,-0.21336
-6.9262,-12.113,5.8486
12.391,-6.4345,-5.8316
6.0343,-12.268,6.8275
6.1115,6.5301,-12.583
-6.9262,-12.113,-7.0376
12.391,-6.4345,7.0545
6.4849,-6.2261,-12.824
12.95,6.4202,-6.0944
6.4849,-6.2261,12.948
-6.4522,6.711,12.772
-7.0513,-6.1911,-12.756
6.1115,6.5301,13.189
12.95,6.4202,6.7917
6.2601,13.39,-6.0624
-6.4522,6.711,-13
-7.0513,-6.1911,13.017
-13.15,6.636,6.4428
-13.15,6.636,-6.4434
-6.7004,13.545,5.8448
-13.709,-6.2187,-6.1806
6.2601,13.39,6.8237
-13.709,-6.2187,6.7056
-6.7004,13.545,-7.0414
-0.082797,-12.359,12.697
-0.082797,-12.359,-13.076
-13.02,0.57787,12.52
12.937,-12.937,0.17636
-12.937,12.937,-0.17636
-13.163,-12.721,-0.17255
13.163,12.721,0.17255
13.08,0.36204,12.869
13.08,0.36204,-12.903
0.14302,13.299,12.693
-13.02,0.57787,-13.252
0.14302,13.299,-13.079
-6.644,-12.03,12.677
12.705,-6.1884,-12.423
-6.644,-12.03,-13.096
12.69,-12.815,6.3725
12.69,-12.815,-6.5136
12.93,6.3155,12.697
-13.17,6.5314,12.348
6.2789,-12.83,-12.828
6.5047,12.829,-12.832
6.2789,-12.83,12.944
12.915,12.843,6.3687
12.915,12.843,-6.5174
6.5047,12.829,12.941
-13.41,-12.6,6.0236
12.705,-6.1884,13.349
12.93,6.3155,-13.076
-13.395,-5.9726,-12.772
-13.185,13.059,6.0198
-13.395,-5.9726,13.001
-13.41,-12.6,-6.8626
-6.4182,13.628,12.673
-13.185,13.059,-6.8664
-13.17,6.5314,-13.424
-6.4182,13.628,-13.099
12.937,-12.937,-12.71
-12.937,12.937,12.71
-13.163,-12.721,12.714
13.163,12.721,-12.714
12.937,-12.937,13.062
-12.937,12.937,-13.062
-13.163,-12.721,-13.059
13.163,12.721,13.059
