-3.7983,-9.3745,-3.6287
-10.218,-10.079,-9.5167
-9.4071,-9.2288,-3.2697
-3.7983,-9.3745,8.4345
-10.218,-10.079,2.5465
-9.4071,-9.2288,8.7935
8.9618,-9.717,-8.8857
8.4088,-9.5501,-2.6977
9.345,-3.254,-8.6567
8.9618,-9.717,3.1775
8.4088,-9.5501,9.3655
9.345,-3.254,3.4065
2.4381,-2.9939,-9.29
-3.2096,2.4544,-9.092
-3.3354,-9.1563,-10.179
-9.261,-3.4556,-9.041
2.5555,-2.6446,-3.396
-3.7625,2.6212,-2.904
8.6677,2.5102,-3.419
-9.0545,-3.0922,-2.664
2.5406,-9.0545,-8.029
-3.6147,-2.9472,-9.138
-2.8263,8.9173,-8.863
2.2479,1.8052,-9.307
3.5709,-8.4117,-2.602
-3.6869,-2.7634,-3.338
8.6621,-3.0391,-2.915
3.0589,2.6559,-3.06
2.4381,-2.9939,2.7732
-3.2096,2.4544,2.9712
-3.3354,-9.1563,1.8842
-9.261,-3.4556,3.0222
2.5555,-2.6446,8.6672
-3.7625,2.6212,9.1592
8.6677,2.5102,8.6442
-9.0545,-3.0922,9.3992
2.5406,-9.0545,4.0342
-3.6147,-2.9472,2.9252
-2.8263,8.9173,3.2002
2.2479,1.8052,2.7562
3.5709,-8.4117,9.4612
-3.6869,-2.7634,8.7252
8.6621,-3.0391,9.1482
3.0589,2.6559,9.0032
-9.7332,9.1775,-9.4963
-9.6159,9.5268,-3.6023
-9.6307,3.1169,-8.2353
-8.6005,3.7596,-2.8083
-3.5093,9.1322,-3.1213
-9.7332,9.1775,2.5669
-9.6159,9.5268,8.4609
-9.6307,3.1169,3.8279
-8.6005,3.7596,9.2549
-3.5093,9.1322,8.9419
9.1306,2.7284,-9.9693
3.2051,8.4291,-8.8313
3.4115,8.7926,-2.4543
8.8513,8.9375,-8.9283
8.7792,9.1214,-3.1283
9.1306,2.7284,2.0939
3.2051,8.4291,3.2319
3.4115,8.7926,9.6089
8.8513,8.9375,3.1349
8.7792,9.1214,8.9349
-4.2516,-8.719,-9.0117
-10.319,-2.7213,-4.0017
-9.5867,-9.441,-8.3197
-10.035,-9.1977,-1.9017
-4.2516,-8.719,3.0515
-10.319,-2.7213,8.0615
-9.5867,-9.441,3.7435
-10.035,-9.1977,10.162
8.5333,-9.345,-7.4977
9.0976,-9.2616,-1.3957
2.3412,-10.454,-8.8287
8.423,-4.4476,-8.6837
8.5333,-9.345,4.5655
9.0976,-9.2616,10.667
2.3412,-10.454,3.2345
8.423,-4.4476,3.3795
8.2145,3.1657,-8.802
-9.7255,-2.9444,-7.711
3.561,-3.2428,-8.325
-3.6381,2.8263,-7.704
-3.4111,-8.1982,-3.156
2.1475,9.1634,-3.792
3.351,-3.0384,-2.187
-3.0738,2.9097,-1.602
-2.745,-3.3248,-7.993
-9.8302,1.7169,-9.035
2.8793,2.4438,-8.11
-3.7484,7.7237,-8.89
-2.5937,-3.2951,-2.478
2.6078,-9.553,-2.713
2.431,2.687,-1.692
8.4478,-3.0073,-1.429
8.2145,3.1657,3.2612
-9.7255,-2.9444,4.3522
3.561,-3.2428,3.7382
-3.6381,2.8263,4.3592
-3.4111,-8.1982,8.9072
2.1475,9.1634,8.2712
3.351,-3.0384,9.8762
-3.0738,2.9097,10.461
-2.745,-3.3248,4.0702
-9.8302,1.7169,3.0282
2.8793,2.4438,3.9532
-3.7484,7.7237,3.1732
-2.5937,-3.2951,9.5852
2.6078,-9.553,9.3502
2.431,2.687,10.371
8.4478,-3.0073,10.634
-8.6104,8.9286,-8.5313
-8.8204,9.1329,-2.3933
-9.5635,2.6183,-2.9193
-3.7235,9.164,-1.6353
-8.6104,8.9286,3.5319
-8.8204,9.1329,9.6699
-9.5635,2.6183,9.1439
-3.7235,9.164,10.428
2.7405,8.9403,-7.5013
9.055,3.6865,-2.9463
9.7211,8.5599,-7.7833
9.8724,8.5896,-2.2683
2.7405,8.9403,4.5619
9.055,3.6865,9.1169
9.7211,8.5599,4.2799
9.8724,8.5896,9.7949
-1.0188,-12.643,-9.0834
-1.0188,-12.643,2.9798
-9.3003,-11.984,-12.33
-3.1273,-11.979,-12.63
-9.2438,-6.0589,-12.781
-6.0321,-9.0655,-12.802
-12.369,-2.8868,-12.698
-9.8137,-12.513,-6.7337
-9.3003,-11.984,-0.26669
-3.7736,-11.888,-6.1697
-9.9777,-5.4465,-5.4657
-3.1273,-11.979,-0.56669
-9.2438,-6.0589,-0.71769
-12.965,-8.9934,-6.6947
-12.948,-8.7035,-11.763
-6.8141,-8.8972,-5.9167
-13.718,-3.3118,-5.9897
-6.0321,-9.0655,-0.73869
-12.369,-2.8868,-0.63469
-6.6098,-11.135,-9.1697
-11.927,-5.9167,-9.2047
-6.9407,-12.395,-3.0467
-13.04,-7.0269,-2.9987
-13.081,-12.663,-8.7967
-13.19,-0.47203,-9.2897
-7.121,-6.3841,-9.1967
-12.336,-11.695,-3.0847
-9.8137,-12.513,5.3295
-9.3003,-11.984,11.797
-3.7736,-11.888,5.8935
-9.9777,-5.4465,6.5975
-3.1273,-11.979,11.497
-9.2438,-6.0589,11.346
-12.965,-8.9934,5.3685
-12.948,-8.7035,0.30053
-6.8141,-8.8972,6.1465
-13.718,-3.3118,6.0735
-6.0321,-9.0655,11.325
-12.369,-2.8868,11.429
-6.6098,-11.135,2.8935
-11.927,-5.9167,2.8585
-6.9407,-12.395,9.0165
-13.04,-7.0269,9.0645
-13.081,-12.663,3.2665
-13.19,-0.47203,2.7735
-7.121,-6.3841,2.8665
-12.336,-11.695,8.9785
-12.948,-8.7035,12.364
2.764,-12.665,-11.683
8.855,-6.2642,-11.669
9.1881,-12.397,-11.809
5.9106,-9.3047,-11.928
12.268,-3.1734,-12.282
2.2775,-12.566,-5.6857
8.6146,-6.9133,-5.2677
2.764,-12.665,0.38028
8.855,-6.2642,0.39428
8.558,-12.485,-6.0767
9.1881,-12.397,0.25428
11.673,-9.28,-6.2787
11.69,-8.9901,-11.347
5.4312,-9.5975,-5.3047
10.92,-3.5984,-5.5737
5.9106,-9.3047,0.13528
12.268,-3.1734,-0.21872
5.3909,-11.843,-8.1797
12.71,-6.2034,-8.7887
5.9085,-12.456,-2.4137
11.597,-7.3135,-2.5827
5.9997,-7.5242,-8.4907
11.557,-12.95,-8.3807
11.447,-0.75865,-8.8737
12.301,-11.982,-2.6687
0.20428,-12.84,-2.7047
2.2775,-12.566,6.3775
8.6146,-6.9133,6.7955
2.764,-12.665,12.443
8.855,-6.2642,12.457
8.558,-12.485,5.9865
9.1881,-12.397,12.317
11.673,-9.28,5.7845
11.69,-8.9901,0.71649
5.4312,-9.5975,6.7585
10.92,-3.5984,6.4895
5.9106,-9.3047,12.198
12.268,-3.1734,11.844
5.3909,-11.843,3.8835
12.71,-6.2034,3.2745
5.9085,-12.456,9.6495
11.597,-7.3135,9.4805
5.9997,-7.5242,3.5725
11.557,-12.95,3.6825
11.447,-0.75865,3.1895
12.301,-11.982,9.3945
0.20428,-12.84,9.3585
11.69,-8.9901,12.78
-2.9062,-6.0048,-12.413
-9.4073,-0.49356,-11.889
3.1657,-0.099702,-12.12
-3.3163,5.9072,-11.875
-2.9833,-0.22557,-12.015
9.3388,-0.094045,-12.42
3.2223,5.8259,-12.571
0.44689,-9.2758,-11.823
-6.8292,-3.2796,-11.956
0.27931,-2.931,-12.254
-6.2607,2.8666,-12.134
6.434,2.8192,-12.592
0.096874,8.9979,-12.488
-3.5419,-6.2261,-6.412
-9.8938,-0.39457,-5.892
2.6524,-0.62862,-6.524
-3.5567,5.258,-5.474
-2.9062,-6.0048,-0.35
-9.4073,-0.49356,0.174
3.1657,-0.099702,-0.057
-3.3163,5.9072,0.188
2.7294,-6.0316,-6.37
-3.6133,-0.31396,-6.283
8.6925,-0.0035355,-5.96
2.4883,6.4382,-5.256
2.909,-6.5747,-11.455
-2.9833,-0.22557,0.048
9.3388,-0.094045,-0.357
3.2223,5.8259,-0.508
-0.76226,-9.5049,-6.37
-6.6404,-3.1756,-6.478
6.3519,-3.0978,-6.445
-0.49851,2.8914,-6.485
0.44689,-9.2758,0.24
-6.8292,-3.2796,0.107
5.4666,-3.0597,-11.062
-0.48154,3.1813,-11.553
-0.27789,-3.3411,-5.379
-6.7401,2.5739,-5.511
5.6519,2.9875,-5.707
-1.2516,8.573,-5.78
0.27931,-2.931,-0.191
-6.2607,2.8666,-0.071
6.434,2.8192,-0.529
0.096874,8.9979,-0.425
-0.816,-6.2126,-9.091
-6.7804,0.3288,-8.386
5.8563,0.74953,-8.96
0.53882,5.968,-8.995
-0.12092,-7.3178,-3.109
-6.2628,-0.28496,-2.62
5.5253,-0.51053,-2.837
-0.57417,4.8578,-2.789
-6.1716,4.6471,-8.697
-0.61448,-0.77852,-8.587
-0.72408,11.413,-9.08
5.345,5.5006,-8.987
5.379,-5.2856,-2.907
0.13011,0.1895,-2.875
-11.967,-0.66892,-2.911
-5.5975,-5.7997,-3.133
-3.5419,-6.2261,5.6512
-9.8938,-0.39457,6.1712
2.6524,-0.62862,5.5392
-3.5567,5.258,6.5892
-2.9062,-6.0048,11.713
-9.4073,-0.49356,12.237
3.1657,-0.099702,12.006
-3.3163,5.9072,12.251
2.7294,-6.0316,5.6932
-3.6133,-0.31396,5.7802
8.6925,-0.0035355,6.1032
2.4883,6.4382,6.8072
2.909,-6.5747,0.60821
-2.9833,-0.22557,12.111
9.3388,-0.094045,11.706
3.2223,5.8259,11.555
-0.76226,-9.5049,5.6932
-6.6404,-3.1756,5.5852
6.3519,-3.0978,5.6182
-0.49851,2.8914,5.5782
0.44689,-9.2758,12.303
-6.8292,-3.2796,12.17
5.4666,-3.0597,1.0012
-0.48154,3.1813,0.51022
-0.27789,-3.3411,6.6842
-6.7401,2.5739,6.5522
5.6519,2.9875,6.3562
-1.2516,8.573,6.2832
0.27931,-2.931,11.872
-6.2607,2.8666,11.992
6.434,2.8192,11.534
0.096874,8.9979,11.638
-0.816,-6.2126,2.9722
-6.7804,0.3288,3.6772
5.8563,0.74953,3.1032
0.53882,5.968,3.0682
-0.12092,-7.3178,8.9542
-6.2628,-0.28496,9.4432
5.5253,-0.51053,9.2262
-0.57417,4.8578,9.2742
-6.1716,4.6471,3.3662
-0.61448,-0.77852,3.4762
-0.72408,11.413,2.9832
5.345,5.5006,3.0762
5.379,-5.2856,9.1562
0.13011,0.1895,9.1882
-11.967,-0.66892,9.1522
-5.5975,-5.7997,8.9302
2.909,-6.5747,12.671
5.4666,-3.0597,13.064
-0.48154,3.1813,12.573
-9.0056,12.072,-12.326
-2.8326,12.077,-12.626
-11.724,2.8955,-12.029
-11.892,9.2404,-12.46
-9.519,11.543,-6.7303
-9.0056,12.072,-0.26328
-9.4419,6.1397,-6.5763
-3.4789,12.168,-6.1663
-9.2623,5.5967,-11.661
-2.8326,12.077,-0.56328
-12.934,2.6664,-6.5763
-5.8194,9.0735,-6.6513
-11.724,2.8955,0.033721
-6.7047,9.1117,-11.268
-12.449,8.8303,-5.5853
-11.892,9.2404,-0.39728
-12.987,5.9587,-9.2973
-6.3151,12.921,-9.1663
-12.292,4.8535,-3.3153
-6.646,11.661,-3.0433
-12.786,11.393,-8.7933
-6.7924,6.8857,-3.1133
-12.041,12.361,-3.0813
-9.519,11.543,5.3329
-9.0056,12.072,11.8
-9.4419,6.1397,5.4869
-3.4789,12.168,5.8969
-9.2623,5.5967,0.40194
-2.8326,12.077,11.5
-12.934,2.6664,5.4869
-5.8194,9.0735,5.4119
-11.724,2.8955,12.097
-6.7047,9.1117,0.79494
-12.449,8.8303,6.4779
-11.892,9.2404,11.666
-12.987,5.9587,2.7659
-6.3151,12.921,2.8969
-12.292,4.8535,8.7479
-6.646,11.661,9.0199
-12.786,11.393,3.2699
-6.7924,6.8857,8.9499
-12.041,12.361,8.9819
-9.2623,5.5967,12.465
-6.7047,9.1117,12.858
12.67,-0.95555,-2.495
12.67,-0.95555,9.5682
9.5598,5.88,-12.204
3.0587,11.391,-11.68
9.4828,11.659,-11.806
12.913,2.6089,-11.614
5.6368,8.6052,-11.747
12.745,8.9538,-12.045
8.9241,5.6587,-6.2023
2.5722,11.49,-5.6823
9.5598,5.88,-0.14031
3.0587,11.391,0.38369
8.8527,11.571,-6.0733
9.4828,11.659,0.25769
11.704,2.3798,-6.1603
5.8256,8.7091,-6.2683
12.913,2.6089,0.44969
5.6368,8.6052,0.31669
12.188,8.5436,-5.1693
12.745,8.9538,0.018689
11.65,5.6721,-8.8813
5.6856,12.214,-8.1763
12.345,4.5669,-2.8993
6.2032,11.6,-2.4103
11.852,11.106,-8.3773
12.596,12.074,-2.6653
0.49897,11.216,-2.7013
6.8686,6.085,-2.9233
8.9241,5.6587,5.8609
2.5722,11.49,6.3809
9.5598,5.88,11.923
3.0587,11.391,12.447
8.8527,11.571,5.9899
9.4828,11.659,12.321
11.704,2.3798,5.9029
5.8256,8.7091,5.7949
12.913,2.6089,12.513
5.6368,8.6052,12.38
12.188,8.5436,6.8939
12.745,8.9538,12.082
11.65,5.6721,3.1819
5.6856,12.214,3.8869
12.345,4.5669,9.1639
6.2032,11.6,9.6529
11.852,11.106,3.6859
12.596,12.074,9.3979
0.49897,11.216,9.3619
6.8686,6.085,9.1399
0,0,0
-0.29981,0.067882,-5.88
0.47023,5.9729,0.381
-0.29981,0.067882,6.1832
6.3279,-0.098288,0.055
-6.3237,-0.53245,0.041
-0.023335,-6.3491,0.101
-0.4681,5.7997,-5.628
5.8994,-0.25102,-5.879
6.3807,5.5335,0.048689
-6.0945,5.9743,-0.11628
5.8994,-0.25102,6.1842
-6.4587,-0.40729,-5.591
-0.4681,5.7997,6.4352
6.0769,-6.1971,0.09
-0.20789,-6.313,-5.955
-0.20789,-6.313,6.1082
-6.0854,-6.3512,-0.161
-6.4587,-0.40729,6.4722
5.4603,5.9793,6.0022
5.4603,5.9793,-6.061
5.5818,-6.6821,-5.4387
-6.5895,5.4893,-5.645
-6.5895,5.4893,6.4182
-7.0058,-5.9054,5.7925
5.5818,-6.6821,6.6245
-7.0058,-5.9054,-6.2707
0.23247,11.936,-0.24559
0,0,-12.063
0,0,12.063
-0.062225,-12.12,-0.249
-12.234,0.051543,-0.45528
12.404,-0.23508,-0.039311
6.1424,11.352,0.25069
11.587,-0.16758,-6.023
11.587,-0.16758,6.0402
0.47023,5.9729,-11.682
-0.58399,12.004,5.8339
-11.996,-5.9118,0.17131
-5.8435,12.073,-0.15128
-0.87869,-12.052,5.8305
-6.1381,-11.983,-0.15469
-12.195,5.8222,-0.10528
-0.58399,12.004,-6.2293
-0.023335,-6.3491,-11.962
6.3279,-0.098288,-12.008
-6.3237,-0.53245,-12.022
-0.87869,-12.052,-6.2327
12.443,5.5356,0.31069
-6.3237,-0.53245,12.104
6.3279,-0.098288,12.118
-0.023335,-6.3491,12.164
0.47023,5.9729,12.444
5.8477,-12.704,0.24728
6.0073,11.477,-5.3813
12.642,-6.1984,0.58728
-13.05,0.11904,5.6242
11.703,-6.3717,-5.4217
-13.05,0.11904,-6.439
6.0073,11.477,6.6819
12.258,5.5717,-5.7453
-6.0945,5.9743,11.947
6.3807,5.5335,-12.015
-6.272,11.92,5.9779
6.3807,5.5335,12.112
-6.272,11.92,-6.0853
6.0769,-6.1971,-11.973
-6.0854,-6.3512,11.902
5.7126,-12.579,-5.3847
-6.0945,5.9743,-12.179
12.258,5.5717,6.3179
11.703,-6.3717,6.6415
-12.379,5.8583,5.9019
6.0769,-6.1971,12.153
-12.379,5.8583,-6.1613
-6.5667,-12.136,5.9745
-6.0854,-6.3512,-12.224
-6.5667,-12.136,-6.0887
5.7126,-12.579,6.6785
-12.934,-6.085,-5.8377
-12.934,-6.085,6.2255
0.23247,11.936,11.818
-12.234,0.051543,11.608
-0.062225,-12.12,11.814
0.23247,11.936,-12.309
12.171,-12.171,0.20628
-12.171,12.171,-0.20628
-12.466,-11.885,-0.20969
12.466,11.885,0.20969
-0.062225,-12.12,-12.312
12.404,-0.23508,12.024
12.404,-0.23508,-12.103
6.1424,11.352,-11.813
-12.234,0.051543,-12.518
6.1424,11.352,12.314
11.872,-12.103,-5.6737
-11.996,-5.9118,-11.892
-5.8435,12.073,11.912
12.166,11.953,-5.6703
-6.1381,-11.983,11.909
12.443,5.5356,-11.753
-12.195,5.8222,11.958
11.872,-12.103,6.3895
-11.996,-5.9118,12.235
-5.8435,12.073,-12.214
12.642,-6.1984,-11.476
-6.1381,-11.983,-12.218
-12.195,5.8222,-12.168
12.166,11.953,6.3929
5.8477,-12.704,-11.816
-12.766,-11.817,5.9735
12.443,5.5356,12.374
-12.766,-11.817,-6.0897
-12.471,12.239,5.9769
-12.471,12.239,-6.0863
5.8477,-12.704,12.31
12.642,-6.1984,12.65
-12.171,12.171,11.857
12.171,-12.171,-11.857
-12.466,-11.885,11.854
12.466,11.885,-11.854
12.171,-12.171,12.269
-12.171,12.171,-12.269
-12.466,-11.885,-12.273
12.466,11.885,12.273
