-9.6698,-8.9693,-9.7477
-10.38,-10.058,-3.3446
-9.6698,-8.9693,3.1384
-3.3723,-9.8093,-3.3576
-10.38,-10.058,9.5416
-3.3723,-9.8093,9.5286
3.0658,-10.213,-9.1128
9.4545,-4.3224,-9.1438
9.1349,-9.6497,-8.0598
9.8067,-3.191,-2.8406
3.0658,-10.213,3.7734
9.4545,-4.3224,3.7424
8.7609,-9.9983,-2.5586
9.1349,-9.6497,4.8264
9.8067,-3.191,10.045
8.7609,-9.9983,10.327
-9.8712,2.7238,-9.2891
-3.1728,-3.2987,-8.7261
-3.4825,8.6147,-9.3201
3.4931,3.7519,-9.5751
2.6976,-2.6736,-9.4761
-3.8021,3.2873,-8.2361
-2.6361,-9.9787,-9.3561
-9.9278,-2.6092,-9.3421
2.6403,-9.8755,-2.51
-4.1295,-3.1183,-2.52
-3.1304,9.7461,-3.017
2.7832,2.663,-3.172
-9.8712,2.7238,3.597
-3.1728,-3.2987,4.16
-3.4825,8.6147,3.566
3.4931,3.7519,3.311
2.6007,-2.8369,-2.393
-4.1762,2.9387,-2.735
9.7906,2.9119,-3.185
-9.0906,-3.2315,-2.446
2.6976,-2.6736,3.41
-3.8021,3.2873,4.65
-2.6361,-9.9787,3.53
-9.9278,-2.6092,3.544
2.6403,-9.8755,10.376
-4.1295,-3.1183,10.366
-3.1304,9.7461,9.8691
2.7832,2.663,9.7141
2.6007,-2.8369,10.493
-4.1762,2.9387,10.151
9.7906,2.9119,9.7011
-9.0906,-3.2315,10.44
-10.239,10.263,-9.6525
-10.297,3.0616,-2.6864
-10.336,10.1,-2.5694
-10.239,10.263,3.2336
-10.297,3.0616,10.2
-10.336,10.1,10.317
9.9901,9.4226,-8.5536
10.527,2.7425,-9.1836
3.2351,10.112,-9.1696
9.0334,9.6029,-2.3474
9.9901,9.4226,4.3326
4.0723,9.4897,-2.2734
10.527,2.7425,3.7026
3.2351,10.112,3.7166
9.0334,9.6029,10.539
4.0723,9.4897,10.613
-4.0504,-8.9078,-9.3227
-9.9943,-3.521,-8.5507
-10.559,-10.167,-9.8917
-4.0504,-8.9078,3.5634
-9.9943,-3.521,4.3354
-9.1493,-9.1843,-3.3946
-10.559,-10.167,2.9944
-9.1493,-9.1843,9.4916
9.0359,-9.8703,-9.5548
10.741,-4.2163,-8.3688
9.7565,-9.9403,-1.4476
9.0359,-9.8703,3.3314
2.9421,-9.9283,-3.7306
10.741,-4.2163,4.5174
9.7565,-9.9403,11.438
2.9421,-9.9283,9.1555
9.1125,3.8134,-9.1501
3.1685,9.2002,-8.3781
3.0158,-3.4627,-8.2641
-3.9011,3.0667,-9.7311
-4.0376,-3.1961,-9.9221
3.1982,-8.7787,-10.178
2.6036,2.5541,-9.7191
-2.1956,8.7207,-8.5451
-3.421,-9.4441,-1.831
-10.305,-2.4565,-2.831
3.8424,-3.6204,-2.537
-3.1806,2.9967,-1.624
9.1125,3.8134,3.736
3.1685,9.2002,4.508
3.0158,-3.4627,4.622
-3.9011,3.0667,3.155
-2.9168,-2.2436,-2.62
-9.995,3.0087,-3.907
4.0135,3.5369,-3.222
8.7639,-2.1666,-2.894
-4.0376,-3.1961,2.964
3.1982,-8.7787,2.708
2.6036,2.5541,3.167
-2.1956,8.7207,4.341
-3.421,-9.4441,11.055
-10.305,-2.4565,10.055
3.8424,-3.6204,10.349
-3.1806,2.9967,11.262
-2.9168,-2.2436,10.266
-9.995,3.0087,8.9791
4.0135,3.5369,9.6641
8.7639,-2.1666,9.9921
-9.9212,9.4743,-8.4405
-9.7388,4.1583,-10.354
-9.0946,9.3167,-2.7134
-9.9212,9.4743,4.4456
-4.1732,10.77,-3.0704
-9.7388,4.1583,2.5316
-9.0946,9.3167,10.173
-4.1732,10.77,9.8158
9.1253,9.5251,-9.7496
9.7419,3.2771,-1.6584
2.8575,10.265,-2.6584
10.246,10.478,-2.4474
9.1253,9.5251,3.1366
9.7419,3.2771,11.228
2.8575,10.265,10.228
10.246,10.478,10.439
-9.9689,-12.873,-12.255
-9.9865,-13.144,-6.5197
-3.4062,-12.119,-13.149
-10.2,-6.8239,-13.943
-3.4529,-13.188,-5.9687
-12.997,-9.6156,-12.273
-12.885,-9.3038,-6.6637
-6.5514,-9.6198,-11.752
-13.057,-3.1024,-13.354
-6.381,-9.7096,-6.6047
-12.945,-2.9518,-6.0107
-6.3393,-13.879,-9.7837
-12.251,-5.6975,-9.9337
-14.52,-12.368,-9.2897
-1.2326,-13.382,-9.6537
-9.9689,-12.873,0.63145
-9.9865,-13.144,6.3664
-3.4062,-12.119,-0.26255
-10.2,-6.8239,-1.0566
-3.4529,-13.188,6.9174
-10.206,-6.5446,-5.3716
-12.997,-9.6156,0.61345
-12.885,-9.3038,6.2224
-6.5514,-9.6198,1.1344
-13.057,-3.1024,-0.46755
-6.381,-9.7096,6.2814
-12.945,-2.9518,6.8754
-7.2507,-12.149,-2.8916
-13.627,-7.816,-3.1876
-6.3393,-13.879,3.1024
-12.251,-5.6975,2.9524
-13.266,-12.703,-3.0606
-14.52,-12.368,3.5964
-1.2326,-13.382,3.2324
-9.9689,-12.873,13.518
-3.4062,-12.119,12.624
-10.2,-6.8239,11.83
-10.206,-6.5446,7.5146
-12.997,-9.6156,13.5
-6.5514,-9.6198,14.021
-13.057,-3.1024,12.419
-7.2507,-12.149,9.9946
-13.627,-7.816,9.6986
-13.266,-12.703,9.8256
-14.17,-0.44461,-9.83
-14.17,-0.44461,3.0561
2.8742,-12.999,-11.951
9.2983,-7.1458,-11.912
3.2136,-13.645,-5.6478
9.8251,-6.4394,-5.7398
9.2417,-13.009,-12.644
13.103,-9.8314,-11.924
13.215,-9.5196,-6.3148
6.0894,-9.789,-12.26
13.042,-3.3183,-13.005
5.6432,-9.4291,-6.3778
13.155,-3.1677,-5.6618
7.0765,-13.033,-8.7028
13.848,-5.9133,-9.5848
11.58,-12.584,-8.9408
2.8742,-12.999,0.93536
9.2983,-7.1458,0.97436
3.2136,-13.645,7.2384
9.8251,-6.4394,7.1464
9.2417,-13.009,0.24236
9.451,-13.186,-5.1806
13.103,-9.8314,0.96236
13.215,-9.5196,6.5714
6.0894,-9.789,0.62636
13.042,-3.3183,-0.11864
5.6432,-9.4291,6.5084
13.155,-3.1677,7.2244
5.5145,-12.587,-2.6606
12.472,-8.0318,-2.8386
7.0765,-13.033,4.1834
13.848,-5.9133,3.3014
5.7755,-7.7271,-2.6526
12.834,-12.919,-2.7116
11.58,-12.584,3.9454
2.8742,-12.999,13.821
9.2983,-7.1458,13.86
9.2417,-13.009,13.128
9.451,-13.186,7.7055
13.103,-9.8314,13.848
6.0894,-9.789,13.512
13.042,-3.3183,12.767
5.5145,-12.587,10.225
12.472,-8.0318,10.047
5.7755,-7.7271,10.233
12.834,-12.919,10.174
-3.8085,-6.7331,-11.801
-10.063,-0.061518,-12.127
3.194,-0.15203,-12.082
-3.6388,5.7912,-12.088
-3.1261,-6.936,-6.7871
-9.7234,-0.70781,-5.8241
3.1763,-0.42285,-6.3471
-3.112,6.4976,-5.9161
2.9741,-5.8393,-12.45
-3.6953,-0.072125,-12.82
9.7567,0.60245,-12.976
2.9628,5.8973,-13.77
9.71,-0.46669,-5.7961
0.32244,-9.5898,-12.289
-6.9141,-3.4931,-12.107
6.4446,-3.5638,-13.411
0.16546,3.1056,-12.1
0.59538,-9.652,-6.1321
-6.5683,-3.4387,-5.7231
0.27789,3.4174,-6.4911
-0.68236,-3.4641,-12.26
-6.8476,3.148,-12.436
6.6114,3.1014,-11.579
0.10536,9.6188,-13.181
-0.61165,-3.2704,-6.3701
-7.2938,3.508,-6.5541
6.7819,3.0116,-6.4321
0.21779,9.7694,-5.8381
0.64276,-6.5471,-9.2841
-5.8605,-0.096167,-8.8791
6.8236,-1.1582,-9.6111
0.91146,7.0237,-9.7611
5.7106,-5.3372,-9.3131
-1.3569,0.35285,-9.1171
11.93,-0.66044,-9.4811
-6.7847,-5.6137,-8.9321
-3.8085,-6.7331,1.085
-10.063,-0.061518,0.759
3.194,-0.15203,0.804
-3.6388,5.7912,0.798
-3.1261,-6.936,6.099
-9.7234,-0.70781,7.062
3.1763,-0.42285,6.539
-3.112,6.4976,6.97
2.9741,-5.8393,0.436
-3.6953,-0.072125,0.066
9.7567,0.60245,-0.09
2.9628,5.8973,-0.884
2.9345,-6.0118,-4.973
-3.486,-0.2489,-5.357
9.71,-0.46669,7.09
2.9564,6.1766,-5.199
0.32244,-9.5898,0.597
-6.9141,-3.4931,0.779
6.4446,-3.5638,-0.525
0.16546,3.1056,0.786
0.59538,-9.652,6.754
-6.5683,-3.4387,7.163
6.1009,-3.0278,-5.252
0.27789,3.4174,6.395
-0.68236,-3.4641,0.626
-6.8476,3.148,0.45
6.6114,3.1014,1.307
0.10536,9.6188,-0.295
-0.61165,-3.2704,6.516
-7.2938,3.508,6.332
6.7819,3.0116,6.454
0.21779,9.7694,7.048
-0.9058,-6.6687,-2.619
-7.4225,0.35002,-2.837
5.9121,0.57205,-2.719
-0.46457,4.9052,-3.015
0.64276,-6.5471,3.602
-5.8605,-0.096167,4.007
6.8236,-1.1582,3.275
0.91146,7.0237,3.125
-7.1616,5.21,-2.829
-0.10324,0.018385,-2.888
-0.10324,-12.38,-2.723
-5.7417,-6.709,-2.849
5.7106,-5.3372,3.573
-1.3569,0.35285,3.769
11.93,-0.66044,3.405
-6.7847,-5.6137,3.954
-3.8085,-6.7331,13.971
-10.063,-0.061518,13.645
3.194,-0.15203,13.69
-3.6388,5.7912,13.684
2.9741,-5.8393,13.322
-3.6953,-0.072125,12.952
9.7567,0.60245,12.796
2.9628,5.8973,12.002
2.9345,-6.0118,7.9131
-3.486,-0.2489,7.5291
2.9564,6.1766,7.6871
0.32244,-9.5898,13.483
-6.9141,-3.4931,13.665
6.4446,-3.5638,12.361
0.16546,3.1056,13.672
6.1009,-3.0278,7.6341
-0.68236,-3.4641,13.512
-6.8476,3.148,13.336
6.6114,3.1014,14.193
0.10536,9.6188,12.591
-0.9058,-6.6687,10.267
-7.4225,0.35002,10.049
5.9121,0.57205,10.167
-0.46457,4.9052,9.8711
-7.1616,5.21,10.057
-0.10324,0.018385,9.9981
-0.10324,-12.38,10.163
-5.7417,-6.709,10.037
-9.743,12.785,-12.258
-9.7607,12.514,-6.5235
-9.9629,7.0978,-12.626
-3.1804,13.539,-13.152
-3.227,12.47,-5.9725
-12.615,3.3473,-12.465
-6.4925,9.3732,-13.587
-12.342,3.285,-6.3085
-13.619,9.4729,-12.436
-13.549,9.6667,-6.5465
-12.294,6.3899,-9.4605
-6.1135,11.779,-9.7875
-7.2264,7.5998,-9.4895
-14.294,13.29,-9.2935
-1.0067,12.277,-9.6575
-9.743,12.785,0.62764
-9.7607,12.514,6.3626
-9.9629,7.0978,0.25964
-3.1804,13.539,-0.26636
-10.003,6.9252,-5.1494
-3.227,12.47,6.9136
-12.615,3.3473,0.42064
-6.4925,9.3732,-0.70136
-12.342,3.285,6.5776
-6.8361,9.9092,-5.4284
-13.619,9.4729,0.44964
-13.549,9.6667,6.3396
-13.843,6.2683,-2.7954
-7.0249,13.509,-2.8954
-12.294,6.3899,3.4256
-6.1135,11.779,3.0986
-13.04,12.955,-3.0644
-13.04,0.55701,-2.8994
-7.2264,7.5998,3.3966
-14.294,13.29,3.5926
-1.0067,12.277,3.2286
-9.743,12.785,13.514
-9.9629,7.0978,13.146
-3.1804,13.539,12.62
-10.003,6.9252,7.7368
-12.615,3.3473,13.307
-6.4925,9.3732,12.185
-6.8361,9.9092,7.4578
-13.619,9.4729,13.336
-13.843,6.2683,10.091
-7.0249,13.509,9.9908
-13.04,12.955,9.8218
-13.04,0.55701,9.9868
9.3544,5.9881,-11.629
3.1,12.66,-11.955
10.037,5.7852,-6.6146
3.4394,12.013,-5.6516
9.4675,12.649,-12.648
13.485,3.1314,-12.117
6.2488,9.2281,-11.935
13.758,3.0692,-5.9596
6.5945,9.2825,-5.5506
12.48,9.2571,-12.088
12.551,9.4508,-6.1976
13.806,6.1741,-9.1116
7.3024,12.625,-8.7066
11.806,13.074,-8.9446
6.3782,7.1075,-8.7596
9.3544,5.9881,1.2576
3.1,12.66,0.93155
10.037,5.7852,6.2716
3.4394,12.013,7.2346
9.4675,12.649,0.23855
9.6768,12.472,-5.1844
13.485,3.1314,0.76955
6.2488,9.2281,0.95155
13.758,3.0692,6.9266
6.5945,9.2825,7.3356
12.48,9.2571,0.79855
12.551,9.4508,6.6886
12.257,6.0525,-2.4464
5.7404,13.071,-2.6644
13.806,6.1741,3.7746
7.3024,12.625,4.1796
13.06,12.74,-2.7154
13.06,0.34118,-2.5504
7.4212,6.0122,-2.6764
11.806,13.074,3.9416
6.3782,7.1075,4.1266
9.3544,5.9881,14.144
3.1,12.66,13.818
9.4675,12.649,13.125
9.6768,12.472,7.7017
13.485,3.1314,13.656
6.2488,9.2281,13.838
12.48,9.2571,13.685
12.257,6.0525,10.44
5.7404,13.071,10.222
13.06,12.74,10.171
13.06,0.34118,10.336
7.4212,6.0122,10.21
0.12258,13.278,-2.7268
0.12258,13.278,10.159
0,0,0
-0.17607,-6.3053,0.45
-0.040305,-0.27931,6.338
0.05374,6.4757,-0.316
-0.040305,-0.27931,-6.5481
6.6744,0.22981,0.205
-7.1679,-0.02192,0.371
-0.086974,6.3039,-6.0631
-6.4983,-0.40164,-5.9791
6.2692,6.2353,0.168
6.4644,-0.26163,6.123
-0.17678,-6.6906,-6.0791
6.5407,-6.3088,0.754
-6.3963,6.6282,0.57764
-0.086974,6.3039,6.823
6.4644,-0.26163,-6.7631
-6.8936,-6.4859,-0.004551
-6.4983,-0.40164,6.907
-0.17678,-6.6906,6.807
6.0451,-6.2685,-5.478
6.2805,6.2862,-5.9101
-6.892,6.6685,-5.6544
-6.8823,-6.435,-6.0827
6.2805,6.2862,6.976
6.0451,-6.2685,7.4081
-6.8823,-6.435,6.8034
-6.892,6.6685,7.2318
-0.012728,-12.698,0.217
0,0,12.886
0,0,-12.886
-12.95,0.23882,0.040643
0.21309,12.96,0.21319
13.15,0.022985,0.38955
-0.17607,-6.3053,-12.436
5.9949,12.699,0.54355
-6.4885,-12.491,0.032449
0.05374,6.4757,12.57
5.7691,-12.959,0.54736
-0.36423,-12.822,6.1114
-0.13841,12.837,6.1076
12.799,-0.10041,6.284
6.6744,0.22981,-12.681
12.799,-0.10041,-6.6021
-7.1679,-0.02192,-12.515
12.987,6.4159,0.62255
-0.36423,-12.822,-6.7747
12.991,-6.4614,-0.13964
-0.13841,12.837,-6.7785
-13.109,-6.2455,-0.48855
-13.301,0.11542,5.9351
-6.2627,13.167,0.028643
6.6744,0.22981,13.091
-13.113,6.6318,0.27364
0.05374,6.4757,-13.202
-0.17607,-6.3053,13.336
-13.301,0.11542,-6.951
-7.1679,-0.02192,13.257
6.5407,-6.3088,-12.132
6.6645,12.32,-5.8066
-6.3963,6.6282,-12.308
-6.4727,12.675,5.9466
12.986,6.0306,-5.9066
6.2692,6.2353,-12.718
12.85,-6.6332,-5.8868
6.6645,12.32,7.0796
6.2692,6.2353,13.054
-6.6985,-12.983,5.9504
-13.114,6.2464,-6.2555
-6.4727,12.675,-6.9395
6.4387,-13.339,-5.8028
12.986,6.0306,6.9796
-13.114,6.2464,6.6306
-6.8936,-6.4859,12.882
-13.25,-6.4174,-6.2357
-6.8936,-6.4859,-12.891
12.85,-6.6332,6.9994
-13.25,-6.4174,6.6504
-6.6985,-12.983,-6.9357
-6.3963,6.6282,13.464
6.5407,-6.3088,13.64
6.4387,-13.339,7.0834
-0.012728,-12.698,-12.669
0.21309,12.96,-12.673
13.15,0.022985,-12.497
-12.95,0.23882,-12.845
-0.012728,-12.698,13.103
-12.937,12.937,-0.17636
12.937,-12.937,0.17636
-12.95,0.23882,12.927
-13.163,-12.721,-0.17255
13.163,12.721,0.17255
0.21309,12.96,13.099
13.15,0.022985,13.276
5.9949,12.699,-12.343
5.7691,-12.959,-12.339
12.987,6.4159,-12.264
-6.4885,-12.491,-12.854
-13.109,-6.2455,12.398
-6.4885,-12.491,12.919
-12.977,12.658,6.1616
13.123,12.442,-6.3756
13.123,12.442,6.5106
12.991,-6.4614,12.746
-12.977,12.658,-6.7245
-13.113,6.6318,-12.612
5.9949,12.699,13.43
-6.2627,13.167,-12.857
-6.2627,13.167,12.915
12.991,-6.4614,-13.026
-13.203,-13.001,6.1654
12.897,-13.216,-6.3718
5.7691,-12.959,13.433
12.897,-13.216,6.5144
-13.203,-13.001,-6.7207
-13.113,6.6318,13.16
-13.109,-6.2455,-13.375
12.987,6.4159,13.509
12.937,-12.937,-12.71
-12.937,12.937,12.71
-13.163,-12.721,12.714
13.163,12.721,-12.714
-12.937,12.937,-13.062
12.937,-12.937,13.062
-13.163,-12.721,-13.059
13.163,12.721,13.059
