-9.4365,-7.645,-9.7934
-3.4656,-8.0141,-9.9914
-9.5142,-2.3488,-10.059
-9.2993,-7.7609,-4.0468
-9.4365,-7.645,1.7162
-3.8263,-8.2107,-3.8788
-9.6797,-2.3049,-4.5508
-3.4656,-8.0141,1.5182
-9.5142,-2.3488,1.4502
-9.2993,-7.7609,7.4629
-3.8263,-8.2107,7.6309
-9.6797,-2.3049,6.9589
9.4531,-8.8817,-8.851
8.6053,-9.5867,-3.7244
9.4531,-8.8817,2.6586
8.6053,-9.5867,7.7853
2.5802,-8.9145,-9.7247
-3.2195,-2.9691,-9.4627
8.3976,-2.7846,-9.8637
2.5873,3.6564,-9.5657
2.115,-2.6736,-8.7447
-2.2019,2.7733,-9.0757
8.5581,3.2873,-9.7637
2.5095,8.9527,-9.8317
2.542,-7.9514,-2.886
-2.9154,-2.9988,-3.772
8.2894,-2.8899,-3.31
2.7245,3.5405,-3.819
2.5802,-8.9145,1.785
-3.2195,-2.9691,2.047
8.3976,-2.7846,1.646
2.5873,3.6564,1.944
2.1744,-3.3892,-3.562
-3.0498,2.0683,-3.949
8.1975,3.0908,-3.651
2.3441,8.9965,-4.323
2.115,-2.6736,2.765
-2.2019,2.7733,2.434
8.5581,3.2873,1.746
2.5095,8.9527,1.678
2.542,-7.9514,8.6237
-2.9154,-2.9988,7.7377
8.2894,-2.8899,8.1997
2.7245,3.5405,7.6907
2.1744,-3.3892,7.9477
-3.0498,2.0683,7.5607
8.1975,3.0908,7.8587
2.3441,8.9965,7.1867
-9.0748,2.7405,-9.9493
-3.2574,8.8704,-10.088
-9.5401,8.9815,-8.9693
-9.113,3.7036,-3.1106
-3.3656,8.7651,-3.5346
-9.0748,2.7405,1.5604
-3.2574,8.8704,1.4214
-9.4807,8.2659,-3.7866
-9.5401,8.9815,2.5404
-9.113,3.7036,8.399
-3.3656,8.7651,7.975
-9.4807,8.2659,7.723
8.8043,8.3323,-9.2349
9.1084,8.3026,-3.5442
8.8043,8.3323,2.2748
9.1084,8.3026,7.9654
-8.6565,-3.3818,-9.3954
-8.8679,-8.5911,-8.7844
-8.6565,-3.3818,2.1142
-9.1967,-8.7007,-2.8958
-8.8679,-8.5911,2.7252
-9.1967,-8.7007,8.6139
8.1711,-9.434,-8.291
2.9781,-8.9334,-8.264
9.3569,-2.8431,-9.02
9.1992,-9.3661,-2.3684
8.1711,-9.434,3.2186
3.2836,-9.0705,-3.3354
8.6039,-3.2016,-4.4274
2.9781,-8.9334,3.2456
9.3569,-2.8431,2.4896
9.1992,-9.3661,9.1413
3.2836,-9.0705,8.1743
8.6039,-3.2016,7.0823
-1.7706,-8.119,-9.1417
3.3672,7.9196,-9.1677
3.3142,-2.7231,-9.6517
-3.4839,2.221,-8.5157
-2.3518,-3.1848,-8.2667
-8.6769,2.7217,-8.4887
3.1558,2.7103,-8.5567
-2.2981,8.812,-9.2447
-2.0725,-9.0092,-3.316
-8.3969,-3.177,-3.269
1.9749,-1.9933,-3.111
-2.4558,2.2889,-2.593
-1.7706,-8.119,2.368
3.3672,7.9196,2.342
3.3142,-2.7231,1.858
-3.4839,2.221,2.994
-3.5179,-2.8475,-2.412
-8.3714,2.5845,-3.56
2.827,2.6007,-2.668
-3.0512,8.4535,-4.652
-2.3518,-3.1848,3.243
-8.6769,2.7217,3.021
3.1558,2.7103,2.953
-2.2981,8.812,2.265
-2.0725,-9.0092,8.1937
-8.3969,-3.177,8.2407
1.9749,-1.9933,8.3987
-2.4558,2.2889,8.9167
-3.5179,-2.8475,9.0977
-8.3714,2.5845,7.9497
2.827,2.6007,8.8417
-3.0512,8.4535,6.8577
-8.3408,8.932,-9.8763
-9.6801,9.6617,-3.3356
-8.3408,8.932,1.6334
-9.6801,9.6617,8.174
10.253,3.1824,-8.9139
9.6719,8.1166,-8.0389
9.9512,2.2922,-3.0882
3.6269,8.1244,-3.0412
10.253,3.1824,2.5958
8.5059,8.4539,-2.1842
9.6719,8.1166,3.4708
9.9512,2.2922,8.4214
3.6269,8.1244,8.4684
8.5059,8.4539,9.3254
-9.3283,-11.546,-12.536
-3.4918,-10.855,-12.617
-9.288,-4.9707,-12.444
-3.2266,-11.142,-6.7924
-9.0369,-5.4551,-7.2334
-11.746,-8.5685,-12.646
-6.7332,-8.0657,-12.43
-12.693,-2.6903,-12.139
-6.2184,-8.21,-6.6034
-12.265,-2.6443,-6.9634
-7.0832,-11.032,-9.6394
-12.292,-5.3518,-9.7574
-11.218,-10.664,-9.2034
-0.99926,-10.823,-9.5584
-6.1477,-5.7605,-9.2434
-9.3283,-11.546,-1.0268
-9.5036,-11.115,-5.9208
-3.4918,-10.855,-1.1078
-9.288,-4.9707,-0.93475
-3.2266,-11.142,4.7172
-9.0369,-5.4551,4.2762
-11.746,-8.5685,-1.1368
-12.285,-8.3302,-5.9978
-6.7332,-8.0657,-0.92075
-12.693,-2.6903,-0.62975
-6.2184,-8.21,4.9062
-12.265,-2.6443,4.5462
-6.2071,-11.27,-3.7088
-12.137,-4.8738,-3.9738
-7.0832,-11.032,1.8702
-12.292,-5.3518,1.7522
-12.624,-11.613,-3.4348
-1.2015,-11.585,-3.9268
-11.218,-10.664,2.3062
-0.99926,-10.823,1.9512
-6.1477,-5.7605,2.2662
-9.3283,-11.546,10.483
-9.5036,-11.115,5.5889
-3.4918,-10.855,10.402
-9.288,-4.9707,10.575
-11.746,-8.5685,10.373
-12.285,-8.3302,5.5119
-6.7332,-8.0657,10.589
-12.693,-2.6903,10.88
-6.2071,-11.27,7.8009
-12.137,-4.8738,7.5359
-12.624,-11.613,8.0749
-1.2015,-11.585,7.5829
-12.654,0.8323,-9.783
-12.857,0.070039,-4.1514
-12.654,0.8323,1.7266
-12.857,0.070039,7.3583
2.6026,-11.723,-12.534
8.613,-6.066,-12.782
2.7038,-11.33,-6.05
8.8181,-5.8921,-6.316
8.326,-11.671,-11.786
8.5473,-11.916,-6.551
11.933,-8.9221,-12.194
5.5838,-8.712,-12.735
10.986,-3.0439,-11.687
5.588,-8.7842,-6.227
11.414,-2.9979,-6.511
5.5555,-10.932,-8.92
11.386,-5.7054,-9.305
12.461,-11.017,-8.751
2.6026,-11.723,-1.0244
8.613,-6.066,-1.2724
2.7038,-11.33,5.4596
8.8181,-5.8921,5.1936
8.326,-11.671,-0.27638
8.5473,-11.916,4.9586
11.933,-8.9221,-0.68438
11.393,-8.6838,-5.5454
5.5838,-8.712,-1.2254
10.986,-3.0439,-0.17738
5.588,-8.7842,5.2826
11.414,-2.9979,4.9986
5.6807,-11.947,-3.2654
11.542,-5.2274,-3.5214
5.5555,-10.932,2.5896
11.386,-5.7054,2.2046
11.055,-11.967,-2.9824
12.461,-11.017,2.7586
2.6026,-11.723,10.485
8.613,-6.066,10.237
8.326,-11.671,11.233
11.933,-8.9221,10.825
11.393,-8.6838,5.9643
5.5838,-8.712,10.284
10.986,-3.0439,11.332
5.6807,-11.947,8.2443
11.542,-5.2274,7.9883
11.055,-11.967,8.5273
-3.0625,-5.6802,-12.032
-9.0524,-0.067882,-12.759
2.6955,-0.24466,-12.309
-2.9013,-5.8669,-6.8077
-8.9513,0.32456,-6.2747
-2.8369,5.7629,-6.5407
2.8348,-5.123,-12.004
-3.3291,-0.015556,-12.011
8.532,0.44689,-12.39
2.7358,6.3307,-12.217
-3.1077,-0.26092,-6.7757
8.7971,0.1591,-6.5647
2.9868,5.8464,-7.0057
-0.0091924,-8.5539,-12.193
-5.9835,-2.7973,-12.054
5.8365,-2.6969,-11.827
0.27789,2.733,-12.419
0.29345,-8.5751,-6.4337
-5.9899,-2.9663,-7.0977
5.6894,-2.4933,-6.7437
-0.19587,-2.7782,-12.168
-6.0712,2.943,-12.96
5.2906,3.2357,-12.203
-0.66892,8.6111,-11.912
0.23476,-2.7393,-6.1697
-6.067,2.8709,-6.4517
5.8053,3.0915,-6.3757
-0.24112,8.6571,-6.7357
0.073539,-5.3684,-9.2327
-6.0995,0.72266,-9.1447
4.9406,0.26941,-9.4117
-0.2687,5.9496,-9.5297
5.2015,-5.6371,-9.0447
0.8061,0.63781,-8.9757
11.025,0.47871,-9.3307
5.8761,5.5409,-9.0157
-3.0625,-5.6802,-0.522
-9.0524,-0.067882,-1.249
2.6955,-0.24466,-0.799
-3.042,5.589,-1.497
-2.9013,-5.8669,4.702
-8.9513,0.32456,5.235
2.5201,0.18668,-5.693
-2.8369,5.7629,4.969
2.8348,-5.123,-0.494
-3.3291,-0.015556,-0.501
8.532,0.44689,-0.88
2.7358,6.3307,-0.707
2.9006,-5.8365,-5.983
-3.1077,-0.26092,4.734
8.7971,0.1591,4.945
2.9868,5.8464,4.504
-0.0091924,-8.5539,-0.683
-5.9835,-2.7973,-0.544
5.8365,-2.6969,-0.317
0.27789,2.733,-0.909
0.29345,-8.5751,5.076
-5.9899,-2.9663,4.412
5.6894,-2.4933,4.766
-0.26163,2.9713,-5.77
-0.19587,-2.7782,-0.658
-6.0712,2.943,-1.45
5.2906,3.2357,-0.693
-0.66892,8.6111,-0.402
0.23476,-2.7393,5.34
-6.067,2.8709,5.058
5.8053,3.0915,5.134
-0.24112,8.6571,4.774
-0.76014,-5.6123,-3.471
-5.9743,-0.29204,-3.49
5.8167,0.031113,-3.481
-0.11314,6.4276,-3.746
0.073539,-5.3684,2.277
-6.0995,0.72266,2.365
4.9406,0.26941,2.098
-0.2687,5.9496,1.98
5.2828,-5.6689,-3.209
-0.60033,-0.31183,-3.207
10.822,-0.28355,-3.699
-5.6003,-5.1916,-3.399
5.2015,-5.6371,2.465
0.8061,0.63781,2.534
11.025,0.47871,2.179
5.8761,5.5409,2.494
-3.0625,-5.6802,10.988
-9.0524,-0.067882,10.261
2.6955,-0.24466,10.711
-3.042,5.589,10.013
2.5201,0.18668,5.8167
2.8348,-5.123,11.016
-3.3291,-0.015556,11.009
8.532,0.44689,10.63
2.7358,6.3307,10.803
2.9006,-5.8365,5.5267
-0.0091924,-8.5539,10.827
-5.9835,-2.7973,10.966
5.8365,-2.6969,11.193
0.27789,2.733,10.601
-0.26163,2.9713,5.7397
-0.19587,-2.7782,10.852
-6.0712,2.943,10.06
5.2906,3.2357,10.817
-0.66892,8.6111,11.108
-0.76014,-5.6123,8.0387
-5.9743,-0.29204,8.0197
5.8167,0.031113,8.0287
-0.11314,6.4276,7.7637
5.2828,-5.6689,8.3007
-0.60033,-0.31183,8.3027
10.822,-0.28355,7.8107
-5.6003,-5.1916,8.1107
-8.9595,11.41,-12.533
-8.8202,6.532,-12.228
-3.1231,12.102,-12.614
-2.8579,11.814,-6.7893
-11.664,3.1012,-12.417
-5.8186,8.9581,-12.051
-11.362,3.0799,-6.6583
-5.9656,9.1618,-6.9683
-11.851,8.8768,-12.392
-11.42,8.9157,-6.3943
-11.581,6.2867,-9.4573
-6.7145,11.924,-9.6363
-6.4535,6.018,-9.2693
-10.849,12.293,-9.2003
-0.63052,12.134,-9.5553
-8.9595,11.41,-1.0236
-9.1349,11.842,-5.9176
-8.8202,6.532,-0.71862
-3.1231,12.102,-1.1046
-8.7545,5.8186,-6.2076
-2.8579,11.814,4.7204
-11.664,3.1012,-0.90762
-5.8186,8.9581,-0.54162
-11.362,3.0799,4.8514
-5.9656,9.1618,4.5414
-11.851,8.8768,-0.88262
-11.42,8.9157,5.1154
-12.415,6.0427,-3.6956
-5.8384,11.686,-3.7056
-11.581,6.2867,2.0524
-6.7145,11.924,1.8734
-6.3722,5.9861,-3.4336
-12.255,11.343,-3.4316
-0.83275,11.371,-3.9236
-6.4535,6.018,2.2404
-10.849,12.293,2.3094
-0.63052,12.134,1.9544
-8.9595,11.41,10.486
-9.1349,11.842,5.592
-8.8202,6.532,10.791
-3.1231,12.102,10.405
-8.7545,5.8186,5.302
-11.664,3.1012,10.602
-5.8186,8.9581,10.968
-11.851,8.8768,10.627
-12.415,6.0427,7.814
-5.8384,11.686,7.804
-6.3722,5.9861,8.076
-12.255,11.343,8.078
-0.83275,11.371,7.586
8.9613,5.6212,-11.804
2.9714,11.234,-12.531
9.1225,5.4346,-6.5799
3.0725,11.626,-6.0469
8.6947,11.286,-11.783
8.916,11.041,-6.5479
12.015,2.7476,-11.965
6.0402,8.5041,-11.826
12.317,2.7263,-6.2059
6.0339,8.3351,-6.8699
11.828,8.5232,-11.94
12.259,8.5621,-5.9419
12.097,5.9331,-9.0049
5.9243,12.024,-8.9169
12.83,11.939,-8.7479
8.9613,5.6212,-0.29425
2.9714,11.234,-1.0212
9.1225,5.4346,4.9298
3.0725,11.626,5.4628
8.6947,11.286,-0.27325
8.916,11.041,4.9618
12.015,2.7476,-0.45525
6.0402,8.5041,-0.31625
12.317,2.7263,5.3038
6.0339,8.3351,4.6398
11.828,8.5232,-0.43025
12.259,8.5621,5.5678
11.264,5.6891,-3.2432
6.0494,11.009,-3.2622
12.097,5.9331,2.5048
5.9243,12.024,2.5928
11.423,10.99,-2.9792
6.4235,6.1099,-3.1712
12.83,11.939,2.7618
8.9613,5.6212,11.215
2.9714,11.234,10.488
8.6947,11.286,11.236
12.015,2.7476,11.054
6.0402,8.5041,11.193
11.828,8.5232,11.079
11.264,5.6891,8.2664
6.0494,11.009,8.2474
11.423,10.99,8.5304
6.4235,6.1099,8.3384
5.7984,6.2032,8.5264
0,0,0
0.08061,-5.5069,-0.581
-0.17607,0.15768,5.5517
5.5706,0.067882,-0.709
-0.36699,5.8669,-0.866
-0.17607,0.15768,-5.958
-6.393,0.21142,-0.622
0.20718,5.8046,4.945
0.28426,-5.613,5.336
-5.9291,-0.078489,5.185
5.8994,-5.3705,-0.763
5.9835,0.15839,5.332
-5.8704,-5.6936,-0.57
6.1534,5.6078,-0.34225
0.28426,-5.613,-6.1737
-5.7556,6.2845,-0.98762
5.9835,0.15839,-6.1777
-5.9291,-0.078489,-6.3247
0.20718,5.8046,-6.5647
-6.0706,-5.5194,4.8842
6.1483,-5.3917,5.032
-5.5067,6.2633,4.8074
5.9531,5.782,5.112
6.1483,-5.3917,-6.4777
5.9531,5.782,-6.3977
-6.0706,-5.5194,-6.6254
-5.5067,6.2633,-6.7023
-0.59974,-10.976,-0.64475
11.424,0.32527,-0.417
0,0,-11.51
0,0,11.51
-0.231,11.98,-0.64162
5.5706,0.067882,10.801
-0.36699,5.8669,10.644
0.08061,-5.5069,10.929
-12.255,0.67886,-0.86937
0.47105,11.146,5.4728
5.2621,-11.444,-0.39738
-6.393,0.21142,10.888
0.47105,11.146,-6.0369
-11.553,-0.15556,5.245
11.288,-5.7882,-0.64138
5.6308,11.513,-0.39425
-6.4532,-11.234,-0.93675
0.10231,-11.811,5.4696
-11.574,6.1481,-0.80562
-11.553,-0.15556,-6.2647
-6.0844,11.723,-0.93362
0.10231,-11.811,-6.04
0.08061,-5.5069,-12.091
5.8994,-5.3705,10.747
12.126,-0.50915,5.6974
12.104,5.7945,-0.35325
5.5706,0.067882,-12.219
12.126,-0.50915,-5.8123
-5.7556,6.2845,10.522
-12.391,-5.4346,-1.0938
-5.8704,-5.6936,10.94
-6.0402,-11.143,5.1042
-0.36699,5.8669,-12.376
-6.393,0.21142,-12.132
-11.371,6.042,5.1114
-11.817,-5.4968,4.7172
6.0947,11.223,5.4128
6.1534,5.6078,11.167
-5.6715,11.813,5.1074
5.7259,-11.734,5.4096
6.0947,11.223,-6.0969
11.862,-5.8504,5.1696
-6.0402,-11.143,-6.4054
-11.371,6.042,-6.3983
5.7259,-11.734,-6.1
6.1534,5.6078,-11.852
-5.6715,11.813,-6.4023
-5.8704,-5.6936,-12.08
5.8994,-5.3705,-12.273
12.308,5.6884,5.5638
11.862,-5.8504,-6.34
-11.817,-5.4968,-6.7924
12.308,5.6884,-5.9459
-5.7556,6.2845,-12.497
-0.59974,-10.976,10.865
11.424,0.32527,11.093
-0.231,11.98,10.868
-12.255,0.67886,10.64
-0.59974,-10.976,-12.154
11.655,-11.655,0.22462
-11.655,11.655,-0.22462
-12.024,-11.301,-0.22775
12.024,11.301,0.22775
11.424,0.32527,-11.927
11.288,-5.7882,10.868
-6.4532,-11.234,10.573
5.2621,-11.444,11.112
-6.0844,11.723,10.576
-11.574,6.1481,10.704
5.6308,11.513,11.115
-0.231,11.98,-12.151
-12.391,-5.4346,10.416
11.479,-11.497,-5.7334
11.479,-11.497,5.7763
5.2621,-11.444,-11.907
-12.2,-11.144,5.3239
-12.255,0.67886,-12.379
11.848,11.459,-5.7302
12.104,5.7945,11.156
11.848,11.459,5.7794
5.6308,11.513,-11.904
-11.831,11.813,5.327
11.288,-5.7882,-12.151
-12.2,-11.144,-6.1858
-11.831,11.813,-6.1826
12.104,5.7945,-11.863
-6.4532,-11.234,-12.446
-11.574,6.1481,-12.315
-6.0844,11.723,-12.443
-12.391,-5.4346,-12.603
11.655,-11.655,-11.285
-11.655,11.655,11.285
-12.024,-11.301,11.282
12.024,11.301,-11.282
11.655,-11.655,11.734
-11.655,11.655,-11.734
-12.024,-11.301,-11.737
12.024,11.301,11.737
