-9.2625,-9.202,-8.6394
-3.4734,-8.5536,-8.6624
-9.5298,-8.328,-2.8568
-9.2625,-9.202,2.8702
-3.7117,-8.0268,-2.3978
-3.4734,-8.5536,2.8472
-9.5298,-8.328,8.6529
-3.7117,-8.0268,9.1119
2.9682,-9.277,-8.42
7.8458,-9.1045,-8.404
2.9682,-9.277,3.0896
8.6838,-8.6724,-2.6824
7.8458,-9.1045,3.1056
8.6838,-8.6724,8.8273
-8.6868,2.378,-8.6447
-3.054,-2.4954,-8.6567
9.0001,-1.8809,-8.5677
2.7613,2.0994,-8.4117
2.9083,-2.4105,-8.4847
-3.8092,2.5505,-8.6287
8.5503,2.7478,-8.4347
-9.0694,-2.5725,-8.6217
2.7301,-8.5086,-3.038
-3.5857,-3.1403,-2.88
8.8707,-2.5293,-2.584
2.494,2.9734,-2.629
-8.6868,2.378,2.865
-3.054,-2.4954,2.853
9.0001,-1.8809,2.942
2.7613,2.0994,3.098
3.4867,-2.9988,-2.687
-2.9713,2.9826,-2.907
8.312,3.2746,-2.17
-8.9986,-2.5597,-3.13
2.9083,-2.4105,3.025
-3.8092,2.5505,2.881
8.5503,2.7478,3.075
-9.0694,-2.5725,2.888
2.7301,-8.5086,8.4717
-3.5857,-3.1403,8.6297
8.8707,-2.5293,8.9257
2.494,2.9734,8.8807
3.4867,-2.9988,8.8227
-2.9713,2.9826,8.6027
8.312,3.2746,9.3397
-8.9986,-2.5597,8.3797
-2.655,9.7741,-8.7923
-8.7467,9.2445,-8.7093
-8.9249,3.1464,-3.2626
-2.7844,9.1257,-2.8086
-2.655,9.7741,2.7174
-8.1683,8.6562,-2.9116
-8.7467,9.2445,2.8004
-8.9249,3.1464,8.247
-2.7844,9.1257,8.701
-8.1683,8.6562,8.598
8.9698,8.8061,-8.4289
2.9544,8.729,-8.3939
8.438,8.1612,-2.6522
8.9698,8.8061,3.0808
3.0251,8.7417,-2.9022
2.9544,8.729,3.1158
8.438,8.1612,8.8574
3.0251,8.7417,8.6074
-8.1262,-8.2298,-8.7444
-9.4025,-3.2227,-2.2698
-8.5632,-8.3712,-1.6998
-8.1262,-8.2298,2.7652
-9.4025,-3.2227,9.2399
-8.5632,-8.3712,9.8099
8.7863,-8.9178,-7.255
8.6647,-3.3218,-7.327
7.9809,-8.8224,-1.3714
8.7863,-8.9178,4.2546
3.2503,-8.6413,-1.6264
9.7465,-3.1973,-1.6004
8.6647,-3.3218,4.1826
7.9809,-8.8224,10.138
3.2503,-8.6413,9.8833
9.7465,-3.1973,9.9093
-2.4996,-8.8749,-7.0737
-8.3997,-2.7881,-7.3057
3.7477,-2.9147,-7.3537
-2.8687,2.7372,-7.4797
-3.0483,-3.5391,-7.5947
2.8256,-8.5899,-7.2697
3.8976,3.0717,-8.5167
-2.9904,8.3333,-7.5517
-1.9898,-8.1883,-2.748
2.6212,8.0787,-2.042
2.506,-2.9882,-1.569
-3.6741,2.8327,-1.596
-2.4996,-8.8749,4.436
-8.3997,-2.7881,4.204
3.7477,-2.9147,4.156
-2.8687,2.7372,4.03
-2.6877,-2.815,-1.723
-8.4047,3.0137,-1.851
3.4606,2.9303,-1.472
-1.9085,8.4577,-1.825
-3.0483,-3.5391,3.915
2.8256,-8.5899,4.24
3.8976,3.0717,2.993
-2.9904,8.3333,3.958
-1.9898,-8.1883,8.7617
2.6212,8.0787,9.4677
2.506,-2.9882,9.9407
-3.6741,2.8327,9.9137
-2.6877,-2.815,9.7867
-8.4047,3.0137,9.6587
3.4606,2.9303,10.038
-1.9085,8.4577,9.6847
-7.9074,8.7403,-7.5783
-8.8294,3.0651,-7.4943
-9.149,8.6668,-1.7936
-7.9074,8.7403,3.9314
-8.8294,3.0651,4.0154
-9.149,8.6668,9.716
9.5241,2.4265,-6.8459
3.624,8.5133,-7.0779
8.9754,7.7624,-7.3669
10.034,3.1131,-2.5202
9.5241,2.4265,4.6638
3.624,8.5133,4.4318
9.336,8.4864,-1.4952
8.9754,7.7624,4.1428
10.034,3.1131,8.9894
9.336,8.4864,10.014
-0.80785,-11.803,-2.5961
-0.80785,-11.803,8.9135
-9.353,-11.287,-11.804
-8.9365,-11.679,-5.6314
-3.1078,-11.441,-11.556
-9.1289,-5.7337,-10.731
-3.0951,-11.371,-5.7814
-8.9288,-5.1814,-5.7634
-12.236,-8.4348,-12.262
-6.1873,-8.3245,-11.151
-12.214,-2.7461,-11.057
-6.4602,-8.4362,-6.0404
-12.143,-2.9632,-6.2794
-6.2128,-10.952,-8.5404
-12.194,-10.712,-8.4064
-6.5302,-5.214,-8.2794
-9.353,-11.287,-0.29475
-8.9365,-11.679,5.8782
-3.1078,-11.441,-0.046752
-9.1289,-5.7337,0.77825
-3.0951,-11.371,5.7282
-8.9288,-5.1814,5.7462
-12.236,-8.4348,-0.75275
-12.352,-8.5282,-5.2658
-6.1873,-8.3245,0.35825
-12.214,-2.7461,0.45225
-6.4602,-8.4362,5.4692
-12.143,-2.9632,5.2302
-6.3351,-10.307,-3.0258
-11.692,-5.1913,-3.0878
-6.2128,-10.952,2.9692
-12.111,-12.347,-2.7958
-12.463,-0.14824,-2.8208
-7.0676,-5.675,-2.4868
-12.194,-10.712,3.1032
-6.5302,-5.214,3.2302
-9.353,-11.287,11.215
-3.1078,-11.441,11.463
-9.1289,-5.7337,12.288
-12.236,-8.4348,10.757
-12.352,-8.5282,6.2439
-6.1873,-8.3245,11.868
-12.214,-2.7461,11.962
-6.3351,-10.307,8.4839
-11.692,-5.1913,8.4219
-12.111,-12.347,8.7139
-12.463,-0.14824,8.6889
-7.0676,-5.675,9.0229
2.621,-11.91,-11.358
8.6208,-6.1431,-11.233
2.6939,-11.731,-5.581
8.688,-6.0675,-5.496
8.4391,-11.825,-11.288
8.7835,-11.486,-5.185
11.443,-8.7884,-11.81
5.4891,-8.8817,-10.801
11.465,-3.0997,-10.605
5.6764,-9.1469,-5.656
11.536,-3.3168,-5.827
5.3632,-11.911,-8.103
10.621,-6.3114,-8.251
11.485,-11.066,-7.954
2.621,-11.91,0.15162
8.6208,-6.1431,0.27662
2.6939,-11.731,5.9286
8.688,-6.0675,6.0136
8.4391,-11.825,0.22162
8.7835,-11.486,6.3246
11.443,-8.7884,-0.30038
11.327,-8.8817,-4.8134
5.4891,-8.8817,0.70862
11.465,-3.0997,0.90462
5.6764,-9.1469,5.8536
11.536,-3.3168,5.6826
5.4282,-10.869,-2.4524
11.987,-5.5449,-2.6354
5.3632,-11.911,3.4066
10.621,-6.3114,3.2586
5.5385,-6.537,-2.5724
11.567,-12.7,-2.3434
11.216,-0.50183,-2.3684
11.485,-11.066,3.5556
2.621,-11.91,11.661
8.6208,-6.1431,11.786
8.4391,-11.825,11.731
11.443,-8.7884,11.209
11.327,-8.8817,6.6963
5.4891,-8.8817,12.218
11.465,-3.0997,12.414
5.4282,-10.869,9.0573
11.987,-5.5449,8.8743
5.5385,-6.537,8.9373
11.567,-12.7,9.1663
11.216,-0.50183,9.1413
-2.8454,-5.4221,-11.279
-9.034,-0.25456,-11.583
2.6707,0.014849,-11.577
-3.0342,5.5119,-11.458
-2.6517,-6.0769,-5.3967
-8.9612,-0.07566,-5.8057
3.0872,-0.3776,-5.4037
-2.967,5.5876,-5.7207
3.0278,-5.7021,-11.457
-3.2159,-0.16971,-11.513
8.9159,-0.1393,-11.329
2.8949,5.5678,-10.504
3.2888,-5.7014,-5.8337
-2.8716,0.169,-5.4097
8.9286,-0.070004,-5.5537
3.095,6.12,-5.5357
0.30476,-8.6896,-11.937
-5.9121,-2.9055,-11.37
5.8046,-2.8433,-11.722
-0.21213,2.8666,-12.035
-0.030406,-8.8608,-5.2827
-5.4688,-3.165,-5.5347
6.4552,-3.0399,-5.5617
0.15981,-2.8595,-10.625
-6.166,2.7733,-11.026
5.8365,2.9769,-10.924
-0.19021,8.5553,-10.83
-0.39244,-3.0554,-6.1067
-5.9786,2.5081,-5.8807
5.5635,2.8652,-5.8127
-0.11879,8.3382,-6.0517
-0.10182,-6.5987,-8.4147
-6.2918,-0.25597,-8.3277
5.811,0.34931,-8.3127
-1.0345,5.3436,-8.4757
6.2749,-4.8805,-8.5997
-0.17041,0.58902,-8.1787
-0.074246,-10.726,-8.3017
5.4935,6.0875,-8.0517
-2.8454,-5.4221,0.231
-9.034,-0.25456,-0.073
2.6707,0.014849,-0.067
-3.0342,5.5119,0.052
-2.6517,-6.0769,6.113
-8.9612,-0.07566,5.704
3.0872,-0.3776,6.106
-2.967,5.5876,5.789
3.0278,-5.7021,0.053
-3.2159,-0.16971,-0.003
8.9159,-0.1393,0.181
2.8949,5.5678,1.006
3.2888,-5.7014,5.676
-2.8716,0.169,6.1
8.9286,-0.070004,5.956
3.095,6.12,5.974
0.30476,-8.6896,-0.427
-5.9121,-2.9055,0.14
5.8046,-2.8433,-0.212
-0.21213,2.8666,-0.525
-0.030406,-8.8608,6.227
-5.4688,-3.165,5.975
6.4552,-3.0399,5.948
-0.3281,2.7733,-5.038
0.15981,-2.8595,0.885
-6.166,2.7733,0.484
5.8365,2.9769,0.586
-0.19021,8.5553,0.68
-0.39244,-3.0554,5.403
-5.9786,2.5081,5.629
5.5635,2.8652,5.697
-0.11879,8.3382,5.458
-0.026163,-5.4879,-2.808
-6.2268,0.7863,-2.677
5.6887,0.9949,-2.798
0.33163,6.1101,-2.86
-0.10182,-6.5987,3.095
-6.2918,-0.25597,3.182
5.811,0.34931,3.197
-1.0345,5.3436,3.034
-6.1165,5.118,-2.797
-0.087681,-1.0451,-2.568
-0.43911,11.153,-2.593
4.9561,5.6264,-2.259
6.2749,-4.8805,2.91
-0.17041,0.58902,3.331
-0.074246,-10.726,3.208
5.4935,6.0875,3.458
-2.8454,-5.4221,11.741
-9.034,-0.25456,11.437
2.6707,0.014849,11.443
-3.0342,5.5119,11.562
3.0278,-5.7021,11.563
-3.2159,-0.16971,11.507
8.9159,-0.1393,11.691
2.8949,5.5678,12.516
0.30476,-8.6896,11.083
-5.9121,-2.9055,11.65
5.8046,-2.8433,11.298
-0.21213,2.8666,10.985
-0.3281,2.7733,6.4717
0.15981,-2.8595,12.395
-6.166,2.7733,11.994
5.8365,2.9769,12.096
-0.19021,8.5553,12.19
-0.026163,-5.4879,8.7017
-6.2268,0.7863,8.8327
5.6887,0.9949,8.7117
0.33163,6.1101,8.6497
-6.1165,5.118,8.7127
-0.087681,-1.0451,8.9417
-0.43911,11.153,8.9167
4.9561,5.6264,9.2507
-8.9843,11.67,-11.801
-8.5678,11.277,-5.6283
-8.6272,5.9529,-11.681
-2.7391,11.516,-11.553
-8.3663,5.9536,-6.0583
-2.7264,11.585,-5.7783
-11.35,2.9654,-12.161
-5.8504,8.8117,-11.946
-11.685,2.7943,-5.5073
-5.1998,8.6152,-5.7863
-11.495,8.7955,-10.849
-12.047,8.5996,-6.3313
-11.757,5.0563,-8.6393
-5.844,12.004,-8.5373
-5.3802,6.7746,-8.8243
-11.825,12.244,-8.4033
-11.729,0.92892,-8.5263
-8.9843,11.67,-0.29162
-8.5678,11.277,5.8814
-8.6272,5.9529,-0.17162
-2.7391,11.516,-0.043623
-8.3663,5.9536,5.4514
-2.7264,11.585,5.7314
-11.35,2.9654,-0.65162
-5.8504,8.8117,-0.43662
-11.685,2.7943,6.0024
-5.1998,8.6152,5.7234
-11.495,8.7955,0.66038
-12.047,8.5996,5.1784
-11.681,6.1672,-3.0326
-5.9663,12.65,-3.0226
-11.757,5.0563,2.8704
-5.844,12.004,2.9724
-11.743,10.61,-2.7926
-5.3802,6.7746,2.6854
-11.825,12.244,3.1064
-11.729,0.92892,2.9834
-8.9843,11.67,11.218
-8.6272,5.9529,11.338
-2.7391,11.516,11.466
-11.35,2.9654,10.858
-5.8504,8.8117,11.073
-11.495,8.7955,12.17
-11.681,6.1672,8.477
-5.9663,12.65,8.487
-11.743,10.61,8.717
9.1784,5.8793,-11.051
2.9898,11.047,-11.355
9.3721,5.2246,-5.1689
3.0626,11.226,-5.5779
8.8078,11.132,-11.285
9.1522,11.47,-5.1819
12.329,2.6118,-11.709
6.1116,8.3959,-11.142
11.993,2.4407,-5.0549
6.555,8.1364,-5.3069
12.184,8.4419,-10.397
11.631,8.246,-5.8789
11.922,4.7027,-8.1869
5.7319,11.045,-8.0999
11.853,11.89,-7.9509
11.95,0.57533,-8.0739
9.1784,5.8793,0.45875
2.9898,11.047,0.15475
9.3721,5.2246,6.3408
3.0626,11.226,5.9318
8.8078,11.132,0.22475
9.1522,11.47,6.3278
12.329,2.6118,-0.19925
6.1116,8.3959,0.36775
11.993,2.4407,6.4548
6.555,8.1364,6.2028
12.184,8.4419,1.1128
11.631,8.246,5.6308
11.998,5.8136,-2.5802
5.797,12.088,-2.4492
11.922,4.7027,3.3228
5.7319,11.045,3.4098
11.936,10.256,-2.3402
11.853,11.89,3.5588
11.95,0.57533,3.4358
9.1784,5.8793,11.968
2.9898,11.047,11.664
8.8078,11.132,11.734
12.329,2.6118,11.31
6.1116,8.3959,11.877
12.184,8.4419,12.622
11.998,5.8136,8.9294
5.797,12.088,9.0604
11.936,10.256,9.1694
0.29449,12.23,-8.2985
0.29449,12.23,3.2111
0.57733,12.229,-8.2675
0.57733,12.229,3.2421
0,0,0
-0.074246,0.030406,-5.4537
0.16546,-5.6229,0.657
-0.034648,5.6477,0.515
6.0189,-0.041012,0.379
-0.074246,0.030406,6.056
-6.1108,-0.13859,0.418
0.17748,5.5557,-5.5227
0.26587,-5.6314,-5.5847
5.881,0.020506,-5.3417
-5.7686,-5.6215,0.469
-5.7573,5.6569,0.254
0.17748,5.5557,5.987
0.26587,-5.6314,5.925
-6.3237,-0.1393,-5.21
5.8978,-5.9982,0.47862
6.2552,5.6799,0.69675
5.881,0.020506,6.168
-6.3237,-0.1393,6.2997
5.6081,5.6349,-5.055
-5.8273,5.4341,-5.6197
-5.8273,5.4341,5.89
-6.4157,-5.6665,-5.2828
5.8278,-6.2209,-5.395
5.6081,5.6349,6.4547
5.8278,-6.2209,6.1146
-6.4157,-5.6665,6.2269
0.14496,-11.375,0.092
0,0,-11.51
0,0,11.51
-11.51,0.27979,-0.13262
0.51369,11.581,0.095129
12.169,-0.073794,0.31975
0.16546,-5.6229,-10.853
-0.034648,5.6477,-10.995
-0.24831,-11.345,5.5622
5.9129,11.163,0.64575
6.0189,-0.041012,-11.131
-6.1108,-0.13859,-11.092
-0.24831,-11.345,-5.9474
-6.0049,-11.342,0.15125
0.12043,11.612,5.5654
-5.6361,11.614,0.15438
-11.49,6.0321,0.43238
0.12043,11.612,-5.9443
5.5442,-11.794,0.64262
-11.903,0.31046,5.3376
11.775,-0.043134,-5.7197
11.62,-6.0074,0.73962
11.775,-0.043134,5.79
-0.034648,5.6477,12.025
-12.058,-5.6538,0.28725
6.0189,-0.041012,11.889
-6.1108,-0.13859,11.928
0.16546,-5.6229,12.167
-11.903,0.31046,-6.172
12.189,5.6785,0.88475
5.7001,11.162,-4.9822
-5.7686,-5.6215,-11.041
6.2552,5.6799,-10.813
-5.7573,5.6569,-11.256
5.3314,-11.794,-4.9854
5.8978,-5.9982,-11.031
-6.1428,-11.281,-5.5694
-11.389,6.0236,5.7004
5.7001,11.162,6.5274
-11.389,6.0236,-5.8093
-6.1428,-11.281,5.9402
-5.774,11.676,-5.5663
-5.7573,5.6569,11.764
-5.774,11.676,5.9434
11.833,-6.0993,-5.298
-11.846,-5.7457,-5.7504
-11.846,-5.7457,5.7592
-5.7686,-5.6215,11.979
5.3314,-11.794,6.5243
12.29,5.67,-5.3569
5.8978,-5.9982,11.988
11.833,-6.0993,6.2116
6.2552,5.6799,12.206
12.29,5.67,6.1528
0.14496,-11.375,-11.418
-11.51,0.27979,11.377
0.14496,-11.375,11.602
0.51369,11.581,-11.415
-11.51,0.27979,-11.642
0.51369,11.581,11.605
11.655,-11.655,0.22462
-11.655,11.655,-0.22462
-12.024,-11.301,-0.22775
12.024,11.301,0.22775
12.169,-0.073794,-11.19
5.9129,11.163,-10.864
11.62,-6.0074,-10.77
5.5442,-11.794,-10.867
12.169,-0.073794,11.829
-11.49,6.0321,-11.077
12.189,5.6785,-10.625
-6.0049,-11.342,-11.358
-5.6361,11.614,-11.355
11.581,-11.625,-5.229
11.95,11.332,-5.2259
-6.0049,-11.342,11.661
-5.6361,11.614,11.664
-12.058,-5.6538,-11.222
-12.098,-11.271,-5.6814
-11.729,11.685,-5.6783
5.9129,11.163,12.155
-12.098,-11.271,5.8282
-11.729,11.685,5.8314
11.581,-11.625,6.2806
11.95,11.332,6.2838
-11.49,6.0321,11.942
-12.058,-5.6538,11.797
5.5442,-11.794,12.152
11.62,-6.0074,12.249
12.189,5.6785,12.394
11.655,-11.655,-11.285
-11.655,11.655,11.285
-12.024,-11.301,11.282
12.024,11.301,-11.282
11.655,-11.655,11.734
-11.655,11.655,-11.734
-12.024,-11.301,-11.737
12.024,11.301,11.737
