-3.2369,-9.5852,-8.9059
-9.4658,-3.5699,-9.8799
-9.2706,-9.395,-9.0779
-9.8087,-2.9243,-2.2867
-3.2369,-9.5852,3.1573
-9.4658,-3.5699,2.1833
-9.8851,-9.3264,-3.2057
-9.2706,-9.395,2.9853
-9.8087,-2.9243,9.7765
-9.8851,-9.3264,8.8575
9.7516,-9.6965,-8.5919
9.5819,-3.1091,-8.8879
8.2639,-9.0431,-3.6167
9.7516,-9.6965,3.4713
9.5819,-3.1091,3.1753
8.2639,-9.0431,8.4465
3.1714,-2.9988,-9.6662
-2.4197,2.4749,-8.7982
9.2292,2.2995,-8.6962
3.0003,8.3149,-9.6702
2.9006,-8.9732,-9.9302
-3.6473,-3.1777,-9.1882
-2.5894,9.0623,-9.0942
3.1954,2.4897,-8.8682
2.873,-2.5265,-2.66
-3.9075,3.1282,-3.823
-2.5272,-9.4314,-3.609
2.6573,8.9605,-2.077
3.1714,-2.9988,2.397
-2.4197,2.4749,3.265
9.2292,2.2995,3.367
3.0003,8.3149,2.393
2.5095,-9.3091,-3.017
-3.5044,-2.8242,-3.175
8.6741,-3.1502,-3.147
2.5809,2.5583,-2.996
2.9006,-8.9732,2.133
-3.6473,-3.1777,2.875
-2.5894,9.0623,2.969
3.1954,2.4897,3.195
2.873,-2.5265,9.4032
-3.9075,3.1282,8.2402
-2.5272,-9.4314,8.4542
2.6573,8.9605,9.9862
2.5095,-9.3091,9.0462
-3.5044,-2.8242,8.8882
8.6741,-3.1502,8.9162
2.5809,2.5583,9.0672
-9,9.1725,-9.8725
-9.2708,3.1982,-10.136
-9.2984,9.6449,-2.8663
-9,9.1725,2.1907
-9.6618,2.8623,-3.2233
-3.4973,9.0212,-3.3533
-9.2708,3.1982,1.9267
-9.2984,9.6449,9.1969
-9.6618,2.8623,8.8399
-3.4973,9.0212,8.7099
8.8188,8.707,-8.9785
9.9388,2.4533,-3.3993
8.9616,9.0605,-2.9653
8.8188,8.707,3.0847
9.9388,2.4533,8.6639
8.9616,9.0605,9.0979
-10.398,-2.4081,-9.7709
-9.6199,-9.354,-7.6199
-3.5063,-9.0103,-2.4877
-10.302,-3.4079,-3.5927
-10.398,-2.4081,2.2923
-8.857,-9.4876,-2.1517
-9.6199,-9.354,4.4433
-3.5063,-9.0103,9.5755
-10.302,-3.4079,8.4705
-8.857,-9.4876,9.9115
8.7829,-8.599,-8.2589
2.4218,-9.8846,-8.3659
8.2787,-9.0523,-2.1237
8.7829,-8.599,3.8043
3.1762,-9.1909,-1.7387
9.1407,-3.3566,-1.6397
2.4218,-9.8846,3.6973
8.2787,-9.0523,9.9395
3.1762,-9.1909,10.324
9.1407,-3.3566,10.423
-3.6876,-8.5878,-8.9452
2.0676,9.4766,-9.5612
2.6545,-2.366,-8.4282
-3.3885,3.5723,-8.4652
-3.1445,-3.2407,-7.7752
-9.7496,2.2868,-8.5722
2.8461,2.5307,-7.4102
8.7441,-2.3434,-8.2272
8.9598,2.8744,-2.278
2.1637,8.4768,-3.383
3.1035,-3.9605,-3.023
-3.8926,3.119,-2.33
-3.6876,-8.5878,3.118
2.0676,9.4766,2.502
2.6545,-2.366,3.635
-3.3885,3.5723,3.598
-2.5102,-3.2781,-2.165
-8.9951,2.9805,-1.945
3.6091,2.3971,-1.942
-3.0307,8.8148,-1.846
-3.1445,-3.2407,4.288
-9.7496,2.2868,3.491
2.8461,2.5307,4.653
8.7441,-2.3434,3.836
8.9598,2.8744,9.7852
2.1637,8.4768,8.6802
3.1035,-3.9605,9.0402
-3.8926,3.119,9.7332
-2.5102,-3.2781,9.8982
-8.9951,2.9805,10.118
3.6091,2.3971,10.121
-3.0307,8.8148,10.217
-9.5169,9.8054,-8.6345
-3.4273,9.828,-8.4335
-9.0679,8.2108,-3.2293
-9.5169,9.8054,3.4287
-3.4273,9.828,3.6297
-9.0679,8.2108,8.8339
8.7785,3.2969,-8.7355
9.3215,8.6441,-7.5655
8.7785,3.2969,3.3277
9.9558,8.6066,-1.9553
9.3215,8.6441,4.4977
9.9558,8.6066,10.108
-9.5096,-11.744,-12.235
-3.5346,-12.235,-11.754
-9.6645,-6.5758,-12.88
-3.157,-12.049,-6.1379
-12.794,-9.0351,-12.829
-6.0681,-8.9205,-12.17
-12.732,-3.2368,-12.176
-6.4061,-9.1511,-6.5849
-11.785,-2.7397,-6.6079
-6.8601,-12.503,-8.9169
-12.231,-6.7653,-9.2899
-12.391,-12.046,-8.9389
-6.6713,-5.81,-9.3949
-9.5096,-11.744,-0.17169
-9.6447,-12.161,-5.7187
-3.5346,-12.235,0.30931
-9.6645,-6.5758,-0.81669
-3.157,-12.049,5.9253
-9.6383,-6.1975,-5.8337
-12.794,-9.0351,-0.76569
-12.959,-8.893,-5.5157
-6.0681,-8.9205,-0.10669
-12.732,-3.2368,-0.11269
-6.4061,-9.1511,5.4783
-11.785,-2.7397,5.4553
-6.2442,-11.502,-2.9587
-13.268,-5.1601,-3.3847
-6.8601,-12.503,3.1463
-12.231,-6.7653,2.7733
-12.962,-12.325,-3.0657
-1.1983,-12.543,-3.2587
-6.8509,-7.0262,-3.2397
-12.391,-12.046,3.1243
-6.6713,-5.81,2.6683
-9.5096,-11.744,11.892
-9.6447,-12.161,6.3445
-3.5346,-12.235,12.373
-9.6645,-6.5758,11.247
-9.6383,-6.1975,6.2295
-12.794,-9.0351,11.298
-12.959,-8.893,6.5475
-6.0681,-8.9205,11.957
-12.732,-3.2368,11.951
-6.2442,-11.502,9.1045
-13.268,-5.1601,8.6785
-12.962,-12.325,8.9975
-1.1983,-12.543,8.8045
-6.8509,-7.0262,8.8235
-13.37,-0.37169,-3.465
-13.37,-0.37169,8.5982
2.9606,-12.467,-11.692
8.7115,-6.6524,-12.113
9.3875,-5.8449,-6.6049
9.0028,-12.596,-11.943
9.0375,-12.391,-6.0479
11.843,-9.3217,-12.413
6.2288,-9.8209,-10.813
11.905,-3.5234,-11.76
6.0754,-9.3026,-6.1999
12.852,-3.0263,-6.1919
4.401,-12.434,-8.2979
12.406,-7.0519,-8.8739
12.246,-12.333,-8.5229
2.9606,-12.467,0.37128
8.7115,-6.6524,-0.049721
2.4734,-12.599,-4.5047
9.3875,-5.8449,5.4583
9.0028,-12.596,0.12028
9.0375,-12.391,6.0153
11.843,-9.3217,-0.34972
11.678,-9.1796,-5.0997
6.2288,-9.8209,1.2503
11.905,-3.5234,0.30328
6.0754,-9.3026,5.8633
12.852,-3.0263,5.8713
6.2027,-11.567,-2.3377
11.369,-5.4468,-2.9687
4.401,-12.434,3.7653
12.406,-7.0519,3.1893
5.393,-6.7804,-2.3997
11.676,-12.612,-2.6497
12.246,-12.333,3.5403
2.9606,-12.467,12.434
8.7115,-6.6524,12.013
2.4734,-12.599,7.5585
9.0028,-12.596,12.183
11.843,-9.3217,11.713
11.678,-9.1796,6.9635
6.2288,-9.8209,13.313
11.905,-3.5234,12.366
6.2027,-11.567,9.7255
11.369,-5.4468,9.0945
5.393,-6.7804,9.6635
11.676,-12.612,9.4135
-3.3333,-6.2947,-12.576
-9.2108,-0.29557,-11.898
2.9564,0.14071,-12.025
-3.4599,5.519,-12.319
-3.1586,-6.2487,-6.1022
-2.7839,6.3265,-6.8112
2.8412,-5.9736,-12.252
-3.1685,-0.42497,-12.149
8.9315,-0.35002,-11.544
2.8016,5.309,-12.67
2.8857,-5.9857,-6.4852
-3.1339,-0.2192,-6.2542
9.3091,-0.16476,-5.9282
-0.16051,-9.5268,-12.669
-5.9609,-3.2781,-12.778
6.1709,-3.03,-12.193
-0.3281,2.8496,-12.619
0.46598,-9.1761,-6.2252
-0.31042,-3.4344,-11.584
-5.9425,2.3504,-11.019
6.3979,2.9642,-11.96
-0.26587,8.6479,-11.966
0.023335,-3.3114,-6.4842
-6.096,2.8687,-6.4062
6.0599,2.7337,-6.3752
0.68094,9.145,-6.3982
-0.66114,-7.3504,-9.0272
-7.7704,-0.26234,-8.5042
5.6059,-0.61801,-8.7072
0.23476,5.1195,-9.0802
5.9736,-4.9158,-8.8912
0.074953,-0.16122,-8.7292
0.36345,-11.874,-9.3982
5.7947,6.0748,-9.1852
-3.3333,-6.2947,-0.513
-9.2108,-0.29557,0.165
2.9564,0.14071,0.038
-3.4599,5.519,-0.256
-3.1586,-6.2487,5.961
-9.698,-0.4278,-4.711
2.8214,-0.27577,-5.509
-2.7839,6.3265,5.252
2.8412,-5.9736,-0.189
-3.1685,-0.42497,-0.086
8.9315,-0.35002,0.519
2.8016,5.309,-0.607
2.8857,-5.9857,5.578
-3.1339,-0.2192,5.809
9.3091,-0.16476,6.135
2.8277,5.6873,-5.624
-0.16051,-9.5268,-0.606
-5.9609,-3.2781,-0.715
6.1709,-3.03,-0.13
-0.3281,2.8496,-0.556
0.46598,-9.1761,5.838
-6.6376,-3.112,-5.285
5.7947,-3.2859,-5.424
-0.49285,2.9918,-5.306
-0.31042,-3.4344,0.479
-5.9425,2.3504,1.044
6.3979,2.9642,0.103
-0.26587,8.6479,0.097
0.023335,-3.3114,5.579
-6.096,2.8687,5.657
6.0599,2.7337,5.688
0.68094,9.145,5.665
-0.08556,-5.7056,-3.097
-5.9687,0.60458,-2.544
6.2218,0.38254,-2.749
-0.80186,6.7246,-3.175
-0.66114,-7.3504,3.036
-7.7704,-0.26234,3.559
5.6059,-0.61801,3.356
0.23476,5.1195,2.983
-6.7783,5.391,-2.606
-0.49568,-0.44053,-2.856
11.268,-0.65832,-3.049
5.6151,4.8585,-3.03
5.9736,-4.9158,3.172
0.074953,-0.16122,3.334
0.36345,-11.874,2.665
5.7947,6.0748,2.878
-3.3333,-6.2947,11.55
-9.2108,-0.29557,12.228
2.9564,0.14071,12.101
-3.4599,5.519,11.807
-9.698,-0.4278,7.3522
2.8214,-0.27577,6.5542
2.8412,-5.9736,11.874
-3.1685,-0.42497,11.977
8.9315,-0.35002,12.582
2.8016,5.309,11.456
2.8277,5.6873,6.4392
-0.16051,-9.5268,11.457
-5.9609,-3.2781,11.348
6.1709,-3.03,11.933
-0.3281,2.8496,11.507
-6.6376,-3.112,6.7782
5.7947,-3.2859,6.6392
-0.49285,2.9918,6.7572
-0.31042,-3.4344,12.542
-5.9425,2.3504,13.107
6.3979,2.9642,12.166
-0.26587,8.6479,12.16
-0.08556,-5.7056,8.9662
-5.9687,0.60458,9.5192
6.2218,0.38254,9.3142
-0.80186,6.7246,8.8882
-6.7783,5.391,9.4572
-0.49568,-0.44053,9.2072
11.268,-0.65832,9.0142
5.6151,4.8585,9.0332
-9.2149,12.312,-12.231
-9.3302,6.1977,-12.458
-3.2399,11.821,-11.75
-9.2857,6.1857,-6.6915
-2.8623,12.007,-6.1345
-12.332,2.6445,-12.875
-6.0004,9.1414,-12.399
-11.705,2.9952,-6.4315
-12.482,8.7369,-11.79
-12.148,8.86,-6.6905
-12.832,4.821,-9.2335
-6.5654,11.553,-8.9135
-6.1977,7.2555,-9.0975
-12.096,12.01,-8.9355
-11.808,0.29762,-9.6045
-9.2149,12.312,-0.16828
-9.35,11.896,-5.7153
-9.3302,6.1977,-0.39528
-3.2399,11.821,0.31272
-9.2857,6.1857,5.3717
-2.8623,12.007,5.9287
-12.332,2.6445,-0.81228
-6.0004,9.1414,-0.33628
-11.705,2.9952,5.6317
-6.3766,8.8854,-5.6303
-12.482,8.7369,0.27272
-12.148,8.86,5.3727
-12.257,6.4657,-3.3033
-5.9495,12.554,-2.9553
-12.832,4.821,2.8297
-6.5654,11.553,3.1497
-12.667,11.731,-3.0623
-0.90361,11.513,-3.2553
-6.1977,7.2555,2.9657
-12.096,12.01,3.1277
-11.808,0.29762,2.4587
-9.2149,12.312,11.895
-9.35,11.896,6.3479
-9.3302,6.1977,11.668
-3.2399,11.821,12.376
-12.332,2.6445,11.251
-6.0004,9.1414,11.727
-6.3766,8.8854,6.4329
-12.482,8.7369,12.336
-12.257,6.4657,8.7599
-5.9495,12.554,9.1079
-12.667,11.731,9.0009
-0.90361,11.513,8.8079
9.1327,5.5901,-12.367
3.2553,11.589,-11.689
9.3074,5.636,-5.8925
9.2975,11.46,-11.94
9.3321,11.666,-6.0445
12.306,2.3579,-12.46
6.5051,8.6066,-12.569
12.932,2.7086,-6.0155
12.156,8.4503,-11.375
12.489,8.5733,-6.2745
11.805,4.5344,-8.8175
4.6957,11.622,-8.2945
12.541,11.724,-8.5195
12.83,0.010992,-9.1885
9.1327,5.5901,-0.30331
3.2553,11.589,0.37469
9.3074,5.636,6.1707
2.7681,11.457,-4.5013
9.2975,11.46,0.12369
9.3321,11.666,6.0187
12.306,2.3579,-0.39631
6.5051,8.6066,-0.50531
12.932,2.7086,6.0477
5.8284,8.7728,-5.0753
12.156,8.4503,0.68869
12.489,8.5733,5.7887
12.38,6.1791,-2.8873
6.4974,12.489,-2.3343
11.805,4.5344,3.2457
4.6957,11.622,3.7687
11.97,11.444,-2.6463
12.541,11.724,3.5437
12.83,0.010992,2.8747
9.1327,5.5901,11.76
3.2553,11.589,12.438
2.7681,11.457,7.5619
9.2975,11.46,12.187
12.306,2.3579,11.667
6.5051,8.6066,11.558
5.8284,8.7728,6.9879
12.156,8.4503,12.752
12.38,6.1791,9.1759
6.4974,12.489,9.7289
11.97,11.444,9.4169
0.65815,12.182,-9.3948
0.65815,12.182,2.6684
0,0,0
-0.18031,5.6307,0.178
-0.2086,0.14779,-5.8742
-6.1037,-0.3281,0.297
-0.2086,0.14779,6.189
6.19,-0.073539,0.452
-0.49356,-6.3244,0.185
5.84,-0.077075,-5.563
-0.042426,5.7615,-5.9492
-0.042426,5.7615,6.114
6.103,-5.8358,0.279
-0.23335,-6.1603,-5.9102
6.1396,5.991,0.15369
-6.3265,-5.8937,-0.056
-0.23335,-6.1603,6.153
5.84,-0.077075,6.5002
-6.516,-0.29911,-5.8572
-6.0683,6.3356,0.072721
-6.516,-0.29911,6.206
5.7898,5.9241,-5.566
5.8923,-6.0875,5.764
-6.279,6.0839,5.5577
5.7898,5.9241,6.4972
5.8923,-6.0875,-6.2992
-6.6763,-5.9606,-5.7757
-6.279,6.0839,-6.5055
-6.6763,-5.9606,6.2875
0.3823,11.525,0.089689
0,0,-12.063
0,0,12.063
-12.084,-0.35992,-0.12
0.087606,-12.531,0.086279
12.554,-0.64654,0.29597
-0.18031,5.6307,-11.885
6.19,-0.073539,-11.611
6.3623,11.557,0.50669
11.972,5.5604,0.39469
-6.1037,-0.3281,-11.766
-0.24724,-11.89,5.9703
-0.24724,-11.89,-6.0929
-0.49356,-6.3244,-11.878
-0.18031,5.6307,12.241
-5.9813,12.098,0.24572
-6.276,-11.958,0.24231
0.047452,12.166,5.9737
12.219,-0.0056569,-5.8832
0.047452,12.166,-6.0895
11.991,-6.5407,0.38428
12.219,-0.0056569,6.18
-12.419,0.28097,5.764
-6.1037,-0.3281,12.36
-0.49356,-6.3244,12.248
6.0676,-12.499,0.50328
-12.419,0.28097,-6.2992
-12.665,5.847,-0.021279
6.19,-0.073539,12.515
-12.646,-6.254,-0.031689
5.9501,11.586,-5.6475
6.103,-5.8358,-11.784
5.9501,11.586,6.4157
12.233,5.7244,-5.7005
6.1396,5.991,-11.91
-6.3265,-5.8937,12.007
5.6554,-12.47,-5.6509
-6.3314,12.094,-5.7693
-6.6261,-11.962,-5.7727
-6.0683,6.3356,-11.99
12.129,-6.4098,-5.7429
-6.3265,-5.8937,-12.119
6.1396,5.991,12.217
12.233,5.7244,6.3627
6.103,-5.8358,12.342
-6.0683,6.3356,12.136
-12.405,6.011,5.9467
-6.3314,12.094,6.2939
-6.6261,-11.962,6.2905
-12.405,6.011,-6.1165
12.129,-6.4098,6.3203
5.6554,-12.47,6.4123
-12.508,-6.1232,5.9043
-12.508,-6.1232,-6.1589
0.3823,11.525,-11.974
0.3823,11.525,12.153
-12.084,-0.35992,11.943
-12.084,-0.35992,-12.183
12.171,-12.171,0.20628
-12.171,12.171,-0.20628
12.554,-0.64654,-11.767
-12.466,-11.885,-0.20969
12.466,11.885,0.20969
0.087606,-12.531,-11.977
0.087606,-12.531,12.149
6.3623,11.557,-11.557
11.972,5.5604,-11.669
12.554,-0.64654,12.359
11.963,-12.024,-5.6679
-5.9813,12.098,-11.817
-6.276,-11.958,-11.821
11.991,-6.5407,-11.679
6.0676,-12.499,-11.56
12.257,12.033,-5.6645
11.963,-12.024,6.3953
11.972,5.5604,12.458
6.3623,11.557,12.57
-5.9813,12.098,12.309
-6.276,-11.958,12.306
-12.675,-11.737,5.9793
-12.675,-11.737,-6.0839
12.257,12.033,6.3987
-12.665,5.847,12.042
-12.665,5.847,-12.084
-12.38,12.319,5.9827
11.991,-6.5407,12.447
-12.38,12.319,-6.0805
-12.646,-6.254,12.032
-12.646,-6.254,-12.095
6.0676,-12.499,12.566
-12.171,12.171,11.857
12.171,-12.171,-11.857
-12.466,-11.885,11.854
12.466,11.885,-11.854
12.171,-12.171,12.269
-12.171,12.171,-12.269
12.466,11.885,12.273
-12.466,-11.885,-12.273
