-9.7631,-8.5359,-9.2244
-10.174,-2.5913,-9.4274
-9.5793,-9.1412,-4.0568
-9.7631,-8.5359,2.2852
-4.1112,-8.8379,-3.5488
-10.174,-2.5913,2.0822
-9.5793,-9.1412,7.4529
-4.1112,-8.8379,7.9609
2.4556,-9.6864,-8.829
7.7681,-9.0324,-8.779
2.4556,-9.6864,2.6806
8.8839,-8.9956,-3.4574
7.7681,-9.0324,2.7306
8.8839,-8.9956,8.0523
-9.1995,1.9686,-9.0537
-3.2329,-2.4975,-9.4927
9.0142,-2.2981,-9.1537
2.2606,2.7655,-8.9967
2.4805,-3.6218,-9.5267
-3.887,2.6227,-9.0037
-3.4125,-8.276,-9.3317
1.8498,8.7101,-9.1997
1.9806,-8.6769,-3.575
-3.4712,-3.2534,-3.507
8.3248,-3.1473,-2.979
2.4445,2.1602,-3.829
-9.1995,1.9686,2.456
-3.2329,-2.4975,2.017
9.0142,-2.2981,2.356
2.2606,2.7655,2.513
2.8426,-3.4196,-3.627
-2.7712,2.6594,-3.682
7.9125,2.4636,-3.321
-8.9513,-2.7033,-3.293
2.4805,-3.6218,1.983
-3.887,2.6227,2.506
-3.4125,-8.276,2.178
1.8498,8.7101,2.31
1.9806,-8.6769,7.9347
-3.4712,-3.2534,8.0027
8.3248,-3.1473,8.5307
2.4445,2.1602,7.6807
2.8426,-3.4196,7.8827
-2.7712,2.6594,7.8277
7.9125,2.4636,8.1887
-8.9513,-2.7033,8.2167
-2.6408,9.3569,-9.3783
-9.1745,8.0332,-9.7513
-9.6744,2.9781,-3.7996
-3.3303,8.5077,-3.2036
-2.6408,9.3569,2.1314
-8.8125,8.2355,-3.8516
-9.1745,8.0332,1.7584
-9.6744,2.9781,7.71
-3.3303,8.5077,8.306
-8.8125,8.2355,7.658
8.7909,8.8039,-9.2649
8.6113,3.0255,-9.1039
8.5526,8.048,-3.2792
8.7909,8.8039,2.2448
3.0725,8.5982,-3.0652
8.6113,3.0255,2.4058
8.5526,8.048,8.2304
3.0725,8.5982,8.4444
-8.4776,-7.7935,-9.1564
-9.5927,-3.6901,-2.9488
-9.312,-8.6109,-2.6968
-8.4776,-7.7935,2.3532
-9.5927,-3.6901,8.5609
-9.312,-8.6109,8.8129
8.7177,-8.944,-7.625
8.6003,-3.7425,-7.884
8.1089,-9.154,-2.1964
8.7177,-8.944,3.8846
2.6429,-9.2813,-2.2844
9.1405,-2.6026,-2.9574
8.6003,-3.7425,3.6256
8.1089,-9.154,9.3133
2.6429,-9.2813,9.2253
9.1405,-2.6026,8.5523
-2.6326,-8.7292,-8.1427
-8.7229,-2.9684,-8.1887
3.5327,-3.5681,-8.4637
-2.9373,2.711,-7.8497
-3.2145,-3.4804,-8.3547
2.2316,-9.0001,-7.7147
3.5461,3.508,-8.9287
-3.0547,7.9125,-8.1087
-2.4409,-8.7031,-2.802
2.431,7.6113,-2.721
2.5512,-2.1623,-2.855
-3.5461,2.501,-2.421
-2.6326,-8.7292,3.367
-8.7229,-2.9684,3.321
3.5327,-3.5681,3.046
-2.9373,2.711,3.66
-2.8829,-2.7556,-2.23
-9.0121,2.3738,-2.509
2.7118,2.6905,-2.469
-2.5145,9.0524,-3.182
-3.2145,-3.4804,3.155
2.2316,-9.0001,3.795
3.5461,3.508,2.581
-3.0547,7.9125,3.401
-2.4409,-8.7031,8.7077
2.431,7.6113,8.7887
2.5512,-2.1623,8.6547
-3.5461,2.501,9.0887
-2.8829,-2.7556,9.2797
-9.0121,2.3738,9.0007
2.7118,2.6905,9.0407
-2.5145,9.0524,8.3277
-8.1223,8.087,-8.6883
-9.4234,2.655,-7.9393
-9.1038,9.4927,-3.0796
-8.1223,8.087,2.8214
-9.4234,2.655,3.5704
-9.1038,9.4927,8.43
9.3912,2.5722,-7.9149
3.3009,8.333,-7.9609
8.8093,7.8211,-8.1269
9.5828,2.5984,-2.5742
9.3912,2.5722,3.5948
3.3009,8.333,3.5488
9.1409,8.5458,-2.0022
8.8093,7.8211,3.3828
9.5828,2.5984,8.9354
9.1409,8.5458,9.5074
-9.2448,-11.463,-11.63
-8.962,-12.017,-7.0784
-3.2592,-11.161,-12.387
-9.3134,-5.4855,-11.343
-3.1284,-11.243,-6.5664
-9.16,-5.5145,-7.0094
-12.128,-8.5586,-12.763
-12.4,-8.5253,-6.2784
-6.8018,-8.5557,-11.891
-12.415,-3.0495,-12.357
-6.4164,-8.6809,-6.8694
-5.9971,-11.537,-9.0884
-12.988,-5.6707,-9.2224
-12.56,-10.577,-9.3864
-9.2448,-11.463,-0.12075
-8.962,-12.017,4.4312
-3.2592,-11.161,-0.87775
-9.3134,-5.4855,0.16625
-3.1284,-11.243,4.9432
-9.16,-5.5145,4.5002
-12.128,-8.5586,-1.2538
-12.4,-8.5253,5.2312
-6.8018,-8.5557,-0.38175
-12.415,-3.0495,-0.84775
-6.4164,-8.6809,4.6402
-12.768,-2.7348,-6.0588
-7.0917,-11.292,-3.2738
-11.635,-5.9585,-3.7658
-5.9971,-11.537,2.4212
-12.988,-5.6707,2.2872
-12.108,-12.269,-3.8108
-0.56439,-11.226,-3.7278
-7.5046,-5.9281,-3.4308
-12.56,-10.577,2.1232
-9.2448,-11.463,11.389
-3.2592,-11.161,10.632
-9.3134,-5.4855,11.676
-12.128,-8.5586,10.256
-6.8018,-8.5557,11.128
-12.415,-3.0495,10.662
-12.768,-2.7348,5.4509
-7.0917,-11.292,8.2359
-11.635,-5.9585,7.7439
-12.108,-12.269,7.6989
-0.56439,-11.226,7.7819
-7.5046,-5.9281,8.0789
-12.219,0.42854,-3.9524
-12.219,0.42854,7.5573
2.4853,-11.822,-11.996
8.3656,-6.5285,-11.816
2.8197,-12.064,-6.04
8.5706,-11.703,-12.016
8.6138,-11.817,-6.013
11.551,-8.9122,-12.311
11.279,-8.8789,-5.826
4.9856,-9.1363,-11.319
11.263,-3.4031,-11.905
5.1624,-8.9397,-6.644
5.4275,-12.277,-8.908
10.691,-6.0243,-8.77
5.9932,-5.7995,-8.724
11.119,-10.931,-8.934
2.4853,-11.822,-0.48638
8.3656,-6.5285,-0.30638
2.8197,-12.064,5.4696
8.1775,-6.199,-5.6624
8.5706,-11.703,-0.50638
8.6138,-11.817,5.4966
11.551,-8.9122,-0.80138
11.279,-8.8789,5.6836
4.9856,-9.1363,0.19062
11.263,-3.4031,-0.39538
5.1624,-8.9397,4.8656
10.91,-3.0884,-5.6064
5.5704,-10.855,-3.3054
12.044,-6.3121,-3.3134
5.4275,-12.277,2.6016
10.691,-6.0243,2.7396
5.7012,-6.7081,-2.9144
11.571,-12.623,-3.3584
5.9932,-5.7995,2.7856
11.119,-10.931,2.5756
2.4853,-11.822,11.023
8.3656,-6.5285,11.203
8.1775,-6.199,5.8473
8.5706,-11.703,11.003
11.551,-8.9122,10.708
4.9856,-9.1363,11.7
11.263,-3.4031,11.114
10.91,-3.0884,5.9033
5.5704,-10.855,8.2043
12.044,-6.3121,8.1963
5.7012,-6.7081,8.5953
11.571,-12.623,8.1513
-3.1799,-5.5374,-12.093
-9.1698,-0.16688,-12.221
2.7789,-0.16122,-11.403
-3.2895,5.1265,-12.041
-3.0582,-6.1257,-5.9347
-8.8353,-0.40941,-6.2647
3.0618,-0.71559,-6.8507
2.8871,-6.103,-12.418
-3.0844,-0.048083,-12.241
8.7646,0.14071,-12.16
2.7103,5.816,-11.116
2.704,-5.8082,-6.3157
-3.0413,-0.16193,-6.2377
8.8954,0.057983,-6.3387
2.8638,5.787,-6.7817
-0.13859,-8.8459,-12.162
-6.4149,-2.9727,-12.415
5.5663,-3.0038,-11.808
-0.10394,2.7429,-12.536
-5.9157,-3.165,-6.2657
6.5195,-2.7634,-6.0237
-0.37618,2.7761,-6.0507
0.0077782,-3.211,-11.921
-6.6694,2.5187,-11.544
5.222,2.7457,-11.664
-0.39174,8.2519,-12.13
-0.2086,-2.9734,-6.9947
-6.4927,2.7153,-6.8687
5.6074,2.6205,-6.6417
-0.17253,-6.7797,-8.7837
-6.2275,-0.62155,-9.1327
6.0267,-0.23547,-8.8607
-0.96379,5.6307,-8.9947
-5.6618,5.8556,-8.9487
-0.53599,0.72408,-9.1587
-0.41224,-11.026,-9.1847
-5.816,-5.2432,-9.3407
-3.1799,-5.5374,-0.583
-9.1698,-0.16688,-0.711
2.7789,-0.16122,0.107
-3.2895,5.1265,-0.531
-3.0582,-6.1257,5.575
-8.8353,-0.40941,5.245
3.0618,-0.71559,4.659
-3.4776,5.456,-5.887
2.8871,-6.103,-0.908
-3.0844,-0.048083,-0.731
8.7646,0.14071,-0.65
2.7103,5.816,0.394
2.704,-5.8082,5.194
-3.0413,-0.16193,5.272
8.8954,0.057983,5.171
2.8638,5.787,4.728
-0.13859,-8.8459,-0.652
-6.4149,-2.9727,-0.905
5.5663,-3.0038,-0.298
-0.10394,2.7429,-1.026
-0.7566,-8.7314,-5.794
-5.9157,-3.165,5.244
6.5195,-2.7634,5.486
-0.37618,2.7761,5.459
0.0077782,-3.211,-0.411
-6.6694,2.5187,-0.034
5.222,2.7457,-0.154
-0.39174,8.2519,-0.62
-0.2086,-2.9734,4.515
-6.4927,2.7153,4.641
5.6074,2.6205,4.868
-0.74458,8.5666,-5.831
-0.58831,-5.8704,-3.248
-6.0847,0.79974,-3.53
4.9321,0.0091924,-3.046
0.38891,5.3429,-3.538
-0.17253,-6.7797,2.726
-6.2275,-0.62155,2.377
6.0267,-0.23547,2.649
-0.96379,5.6307,2.515
-5.9538,4.9469,-3.139
-0.084146,-0.96803,-3.583
11.459,0.074953,-3.5
4.5191,5.3733,-3.203
-5.6618,5.8556,2.561
-0.53599,0.72408,2.351
-0.41224,-11.026,2.325
-5.816,-5.2432,2.169
-3.1799,-5.5374,10.927
-9.1698,-0.16688,10.799
2.7789,-0.16122,11.617
-3.2895,5.1265,10.979
-3.4776,5.456,5.6227
2.8871,-6.103,10.602
-3.0844,-0.048083,10.779
8.7646,0.14071,10.86
2.7103,5.816,11.904
-0.13859,-8.8459,10.858
-6.4149,-2.9727,10.605
5.5663,-3.0038,11.212
-0.10394,2.7429,10.484
-0.7566,-8.7314,5.7157
0.0077782,-3.211,11.099
-6.6694,2.5187,11.476
5.222,2.7457,11.356
-0.39174,8.2519,10.89
-0.74458,8.5666,5.6787
-0.58831,-5.8704,8.2617
-6.0847,0.79974,7.9797
4.9321,0.0091924,8.4637
0.38891,5.3429,7.9717
-5.9538,4.9469,8.3707
-0.084146,-0.96803,7.9267
11.459,0.074953,8.0097
4.5191,5.3733,8.3067
-8.8761,11.494,-11.627
-8.5932,10.939,-7.0753
-8.7679,5.552,-12.642
-2.8904,11.796,-12.384
-8.951,5.8468,-6.5403
-2.7596,11.713,-6.5633
-11.794,2.8091,-12.386
-6.0887,8.6512,-12.032
-5.1355,8.8916,-6.2483
-11.647,8.444,-12.145
-11.864,8.6816,-7.2193
-11.828,4.8753,-9.0083
-5.6284,11.42,-9.0853
-12.191,12.379,-9.3833
-12.067,0.62911,-9.4093
-8.8761,11.494,-0.11762
-8.5932,10.939,4.4344
-8.7679,5.552,-1.1326
-2.8904,11.796,-0.87462
-8.951,5.8468,4.9694
-2.7596,11.713,4.9464
-11.794,2.8091,-0.87662
-6.0887,8.6512,-0.52262
-12.412,2.9237,-6.0186
-5.1355,8.8916,5.2614
-11.647,8.444,-0.63562
-11.864,8.6816,4.2904
-12.243,5.7846,-3.4726
-6.723,11.664,-3.2706
-11.828,4.8753,2.5014
-5.6284,11.42,2.4244
-11.739,10.687,-3.8076
-0.19565,11.73,-3.7246
-12.191,12.379,2.1264
-12.067,0.62911,2.1004
-8.8761,11.494,11.392
-8.7679,5.552,10.377
-2.8904,11.796,10.635
-11.794,2.8091,10.633
-6.0887,8.6512,10.987
-12.412,2.9237,5.491
-11.647,8.444,10.874
-12.243,5.7846,8.037
-6.723,11.664,8.239
-11.739,10.687,7.702
-0.19565,11.73,7.785
8.8439,5.7641,-11.865
2.854,11.135,-11.993
8.9655,5.1758,-5.7069
3.1885,10.892,-6.0369
8.9394,11.253,-12.013
8.9825,11.14,-6.0099
11.885,2.4555,-11.934
5.6089,8.3288,-12.187
6.1081,8.1364,-6.0379
12.032,8.0905,-11.693
11.815,8.328,-6.7669
11.851,4.5217,-8.5559
5.7963,10.68,-8.9049
11.488,12.026,-8.9309
11.612,0.27552,-8.9569
6.2078,6.0582,-9.1129
8.8439,5.7641,-0.35525
2.854,11.135,-0.48325
8.9655,5.1758,5.8028
3.1885,10.892,5.4728
8.9394,11.253,-0.50325
8.9825,11.14,5.4998
11.885,2.4555,-0.42425
5.6089,8.3288,-0.67725
11.267,2.5701,-5.5662
6.1081,8.1364,5.4718
12.032,8.0905,-0.18325
11.815,8.328,4.7428
11.435,5.431,-3.0202
5.9391,12.101,-3.3022
11.851,4.5217,2.9538
5.7963,10.68,2.6048
11.94,10.333,-3.3552
11.488,12.026,2.5788
11.612,0.27552,2.5528
6.2078,6.0582,2.3968
8.8439,5.7641,11.154
2.854,11.135,11.026
8.9394,11.253,11.006
11.885,2.4555,11.085
5.6089,8.3288,10.832
11.267,2.5701,5.9434
12.032,8.0905,11.326
11.435,5.431,8.4894
5.9391,12.101,8.2074
11.94,10.333,8.1544
-0.043505,11.931,-9.1815
-0.043505,11.931,2.3281
0,0,0
0.35638,-0.30264,5.368
-0.37406,5.5869,-0.22
-0.26517,-5.9079,-0.696
5.9553,-0.21355,-0.152
0.35638,-0.30264,-6.1417
-6.1957,-0.24183,-0.375
-0.13647,5.4058,5.5
-0.14708,-5.8209,5.239
5.4815,5.7672,-0.517
-5.9842,-0.10253,5.305
-0.13647,5.4058,-6.0097
6.0953,-0.13576,5.327
-6.2628,5.3464,-0.4
5.3922,-6.3086,-0.17538
-0.14708,-5.8209,-6.2707
-6.5423,-5.5343,-0.74475
-5.9842,-0.10253,-6.2047
6.0953,-0.13576,-6.1827
5.6427,5.5154,5.167
5.6498,-5.8096,5.6677
-6.381,-5.786,4.9392
5.6498,-5.8096,-5.842
-6.0052,5.8454,5.443
5.6427,5.5154,-6.3427
-6.0052,5.8454,-6.0666
-6.381,-5.786,-6.5704
0.31288,11.428,-0.13787
0,0,-11.51
0,0,11.51
-0.055861,-11.528,-0.141
-11.711,0.12706,-0.36562
11.968,-0.22653,0.086752
-0.26517,-5.9079,10.814
5.8281,11.06,-0.14725
-0.16476,11.262,5.463
-0.37406,5.5869,11.29
-6.1957,-0.24183,11.135
-0.16476,11.262,-6.0467
-5.6998,11.441,-0.37662
11.281,-6.0682,0.004623
5.9553,-0.21355,11.358
11.49,-0.39293,5.6876
11.49,-0.39293,-5.822
-0.53349,-11.694,5.4599
11.759,5.3936,-0.46825
-0.37406,5.5869,-11.73
-6.0685,-11.515,-0.37975
5.4594,-11.897,-0.15038
5.9553,-0.21355,-11.662
-0.53349,-11.694,-6.0498
-11.92,5.7471,-0.92062
-12.189,-0.039343,5.2352
-6.1957,-0.24183,-11.885
-0.26517,-5.9079,-12.206
5.4815,5.7672,10.993
-12.398,-5.7146,-0.44775
-12.189,-0.039343,-6.2744
-6.5423,-5.5343,10.765
-5.5598,11.519,5.1024
-6.2628,5.3464,11.11
-5.9285,-11.437,5.0992
6.0395,11.199,5.5328
5.3922,-6.3086,11.334
6.0395,11.199,-5.9769
-11.802,5.8341,5.0144
5.6708,-11.758,5.5296
11.877,5.4805,5.4668
11.519,-6.2492,5.7246
-5.5598,11.519,-6.4073
11.519,-6.2492,-5.785
5.3922,-6.3086,-11.685
5.6708,-11.758,-5.98
-5.9285,-11.437,-6.4104
11.877,5.4805,-6.0429
5.4815,5.7672,-12.027
-6.2628,5.3464,-11.91
-12.16,-5.8956,5.2722
-11.802,5.8341,-6.4953
-12.16,-5.8956,-6.2374
-6.5423,-5.5343,-12.254
0.31288,11.428,11.372
-11.711,0.12706,11.144
-0.055861,-11.528,11.369
0.31288,11.428,-11.648
-0.055861,-11.528,-11.651
11.655,-11.655,0.22462
-11.655,11.655,-0.22462
-12.024,-11.301,-0.22775
12.024,11.301,0.22775
11.968,-0.22653,-11.423
11.968,-0.22653,11.596
-11.711,0.12706,-11.875
-11.299,11.352,5.1434
5.8281,11.06,11.362
-11.92,5.7471,10.589
-5.6998,11.441,11.133
11.759,5.3936,11.041
5.8281,11.06,-11.657
-6.0685,-11.515,11.13
11.281,-6.0682,-11.505
11.281,-6.0682,11.514
-11.299,11.352,-6.3663
-11.667,-11.604,5.1402
5.4594,-11.897,11.359
-5.6998,11.441,-11.886
12.38,10.999,5.5958
5.4594,-11.897,-11.66
-12.398,-5.7146,11.062
12.38,10.999,-5.9139
-6.0685,-11.515,-11.889
11.759,5.3936,-11.978
-11.667,-11.604,-6.3694
12.011,-11.958,5.5926
12.011,-11.958,-5.917
-12.398,-5.7146,-11.957
-11.92,5.7471,-12.43
11.655,-11.655,-11.285
-11.655,11.655,11.285
-12.024,-11.301,11.282
12.024,11.301,-11.282
11.655,-11.655,11.734
-11.655,11.655,-11.734
-12.024,-11.301,-11.737
12.024,11.301,11.737
