-10.107,-9.7082,-10.173
-4.9604,-10.299,-9.6597
-10.711,-3.3068,-10.388
-10.043,-9.6354,-3.2776
-10.107,-9.7082,2.7134
-10.864,-3.8237,-3.5996
-4.9604,-10.299,3.2264
-10.711,-3.3068,2.4984
-10.043,-9.6354,9.6086
-10.864,-3.8237,9.2866
9.1229,-10.268,-9.5258
9.8533,-4.0551,-3.5296
9.0126,-10.041,-4.7176
9.1229,-10.268,3.3604
9.8533,-4.0551,9.3565
9.0126,-10.041,8.1685
2.2557,-9.7906,-10.293
-3.4641,-4.0524,-9.6251
7.9663,-3.1947,-9.4551
3.0554,3.013,-10
0.87257,-4.698,-9.8981
-3.8141,2.6686,-9.7021
8.2024,2.4225,-9.4871
2.4522,9.4144,-10.215
1.9962,-9.4448,-3.792
-3.2654,-2.8737,-2.613
-3.0837,8.882,-3.706
3.1198,3.0858,-3.105
2.2557,-9.7906,2.593
-3.4641,-4.0524,3.261
7.9663,-3.1947,3.431
3.0554,3.013,2.886
2.5548,-2.8843,-3.278
-3.9244,2.8963,-4.894
-3.7823,-9.5877,-4.102
2.2988,8.8975,-3.427
0.87257,-4.698,2.988
-3.8141,2.6686,3.184
8.2024,2.4225,3.399
2.4522,9.4144,2.671
1.9962,-9.4448,9.0941
-3.2654,-2.8737,10.273
-3.0837,8.882,9.1801
3.1198,3.0858,9.7811
2.5548,-2.8843,9.6081
-3.9244,2.8963,7.9921
-3.7823,-9.5877,8.7841
2.2988,8.8975,9.4591
-10.681,3.1464,-10.469
-4.9708,9.7423,-9.6315
-12.064,8.239,-10.074
-10.941,3.4922,-3.9684
-10.681,3.1464,2.4166
-4.9708,9.7423,3.2546
-10.382,10.053,-3.4544
-12.064,8.239,2.8116
-10.941,3.4922,8.9178
-10.382,10.053,9.4318
9.6987,8.6688,-9.4526
9.8974,9.8475,-2.4404
9.6987,8.6688,3.4336
9.3805,3.1335,-3.9294
9.8974,9.8475,10.446
9.3805,3.1335,8.9567
-4.6076,-9.7959,-11.086
-10.111,-4.1327,-9.2877
-8.8615,-10.164,-9.4217
-4.6076,-9.7959,1.8004
-10.111,-4.1327,3.5984
-11.521,-9.3568,-3.1076
-8.8615,-10.164,3.4644
-11.521,-9.3568,9.7786
8.1195,-9.8095,-10.493
2.8643,-10.282,-8.8918
8.3507,-9.6957,-3.3926
8.1195,-9.8095,2.3934
3.0807,-10.384,-3.7316
2.8643,-10.282,3.9944
8.3507,-9.6957,9.4935
3.0807,-10.384,9.1545
8.5553,2.9253,-10.913
3.0519,8.5885,-9.1151
1.8661,-3.5009,-10.038
-4.8175,3.1275,-10.669
-3.6706,-2.5519,-9.8061
-10.073,2.6552,-9.0681
4.3013,2.5576,-9.2491
8.2279,-3.9485,-10.733
-2.7075,-9.4165,-3.052
-9.4597,-3.8382,-2.562
3.0667,-1.5054,-3.294
-4.5863,3.2414,-3.569
8.5553,2.9253,1.973
3.0519,8.5885,3.771
1.8661,-3.5009,2.848
-4.8175,3.1275,2.217
-2.2125,-3.4387,-3.458
-9.8564,2.5534,-3.908
1.6419,3.3644,-2.935
9.2723,-2.5449,-3.495
-3.6706,-2.5519,3.08
-10.073,2.6552,3.818
4.3013,2.5576,3.637
8.2279,-3.9485,2.153
-2.7075,-9.4165,9.8341
-9.4597,-3.8382,10.324
3.0667,-1.5054,9.5921
-4.5863,3.2414,9.3171
-2.2125,-3.4387,9.4281
-9.8564,2.5534,8.9781
1.6419,3.3644,9.9511
9.2723,-2.5449,9.3911
-11.071,9.4362,-10.214
-4.7091,8.9886,-10.909
-9.8703,11.432,-3.4704
-11.071,9.4362,2.6716
-3.6647,10.392,-3.6714
-4.7091,8.9886,1.9766
-9.8703,11.432,9.4158
-3.6647,10.392,9.2148
9.4923,10.169,-9.6336
10.455,3.3047,-2.8794
3.7032,8.883,-2.3894
10.95,9.2825,-3.2854
9.4923,10.169,3.2526
10.455,3.3047,10.007
3.7032,8.883,10.497
10.95,9.2825,9.6007
-0.35663,-13.97,-9.0173
-0.35663,-13.97,3.8688
-10.174,-12.579,-13.477
-10.754,-12.643,-6.4887
-3.904,-13.11,-12.639
-10.391,-6.3403,-13.615
-3.8078,-13.359,-6.7017
-13.19,-9.8348,-12.649
-13.744,-9.4572,-6.8287
-7.4926,-9.8822,-12.829
-14.198,-3.6377,-13.858
-6.859,-9.5286,-6.5227
-12.858,-3.4418,-6.4627
-8.2478,-13.556,-10.154
-13.666,-5.7286,-9.9527
-13.243,-12.916,-9.9037
-13.294,-1.0334,-9.1937
-10.174,-12.579,-0.59055
-10.754,-12.643,6.3974
-3.904,-13.11,0.24745
-10.391,-6.3403,-0.72855
-3.8078,-13.359,6.1844
-10.585,-7.0368,-6.2836
-13.19,-9.8348,0.23745
-13.744,-9.4572,6.0574
-7.4926,-9.8822,0.057449
-14.198,-3.6377,-0.97155
-6.859,-9.5286,6.3634
-12.858,-3.4418,6.4234
-6.4001,-12.342,-3.1296
-14.424,-7.1259,-3.5436
-8.2478,-13.556,2.7324
-13.666,-5.7286,2.9334
-13.114,-12.735,-3.3126
-1.0961,-12.542,-3.1876
-13.243,-12.916,2.9824
-13.294,-1.0334,3.6924
-10.174,-12.579,12.296
-3.904,-13.11,13.134
-10.391,-6.3403,12.158
-10.585,-7.0368,6.6026
-13.19,-9.8348,13.124
-7.4926,-9.8822,12.944
-14.198,-3.6377,11.915
-6.4001,-12.342,9.7566
-14.424,-7.1259,9.3426
-13.114,-12.735,9.5736
-1.0961,-12.542,9.6986
-14.033,0.39473,-3.3639
-14.033,0.39473,9.5222
2.2534,-13.88,-13.48
8.6421,-7.4527,-13.015
8.746,-6.8764,-7.6338
8.5593,-12.614,-13.078
9.1561,-13.201,-6.6888
12.91,-10.051,-12.3
12.356,-9.673,-6.4798
4.7346,-10.21,-13.159
11.902,-3.8535,-13.509
5.3201,-10.16,-6.7938
13.242,-3.6577,-6.1138
5.5216,-12.472,-9.8348
12.434,-5.9445,-9.6038
12.857,-13.131,-9.5548
12.806,-1.2493,-8.8448
2.2534,-13.88,-0.59364
8.6421,-7.4527,-0.12864
2.5723,-14.023,-5.7696
8.746,-6.8764,5.2524
8.5593,-12.614,-0.19164
9.1561,-13.201,6.1974
12.91,-10.051,0.58636
12.356,-9.673,6.4064
4.7346,-10.21,-0.27264
11.902,-3.8535,-0.62264
5.3201,-10.16,6.0924
13.242,-3.6577,6.7724
5.8589,-12.965,-3.0426
11.676,-7.3417,-3.1946
5.5216,-12.472,3.0514
12.434,-5.9445,3.2824
5.7224,-7.568,-3.9396
12.986,-12.95,-2.9636
12.857,-13.131,3.3314
12.806,-1.2493,4.0414
2.2534,-13.88,12.292
8.6421,-7.4527,12.757
2.5723,-14.023,7.1165
8.5593,-12.614,12.694
12.91,-10.051,13.472
4.7346,-10.21,12.613
11.902,-3.8535,12.263
5.8589,-12.965,9.8435
11.676,-7.3417,9.6915
5.7224,-7.568,8.9465
12.986,-12.95,9.9225
-3.7752,-6.4085,-13.769
-10.684,-0.94257,-13.656
2.9889,0.14213,-13.304
-4.295,5.4843,-13.191
-3.8269,-5.8746,-6.3741
2.4091,0.078489,-6.3161
-4.191,6.0606,-7.8101
2.5739,-5.9949,-13.301
-4.3777,0.32315,-13.254
9.2589,-0.38891,-12.466
2.7719,6.3809,-13.442
2.6898,-6.3937,-6.8151
-3.7809,-0.26375,-6.8651
9.355,-0.63781,-6.5291
-0.03182,-9.5834,-13.286
-6.8639,-3.2534,-12.478
6.5634,-3.7547,-13.778
-0.02687,2.8864,-12.476
-0.77287,-9.9653,-6.5271
-7.6912,-3.8205,-6.2871
-0.58124,3.264,-6.6561
-0.43628,-2.938,-12.775
-8.2024,2.7266,-13.335
5.6703,2.839,-12.656
-1.0352,9.0835,-13.685
-0.48437,-3.0102,-6.7431
-7.617,2.7775,-6.9701
6.3039,3.1926,-6.3501
0.30476,9.2794,-6.2901
-1.6921,-7.5144,-9.8271
-7.4154,0.46457,-10.011
4.9151,-0.83509,-9.9811
-0.50275,6.9926,-9.7801
5.3592,-7.2104,-10.328
-0.079903,-0.19445,-9.7311
-0.13081,11.688,-9.0211
-5.985,-6.4785,-9.9261
-3.7752,-6.4085,-0.883
-10.684,-0.94257,-0.77
2.9889,0.14213,-0.418
-4.295,5.4843,-0.305
-3.8269,-5.8746,6.512
-10.365,-1.0861,-5.946
2.4091,0.078489,6.57
-4.191,6.0606,5.076
2.5739,-5.9949,-0.415
-4.3777,0.32315,-0.368
9.2589,-0.38891,0.42
2.7719,6.3809,-0.556
2.6898,-6.3937,6.071
-3.7809,-0.26375,6.021
9.355,-0.63781,6.357
2.5774,5.6844,-6.111
-0.03182,-9.5834,-0.4
-6.8639,-3.2534,0.408
6.5634,-3.7547,-0.892
-0.02687,2.8864,0.41
-0.77287,-9.9653,6.359
-7.6912,-3.8205,6.599
5.8669,-3.0936,-5.693
-0.58124,3.264,6.23
-0.43628,-2.938,0.111
-8.2024,2.7266,-0.449
5.6703,2.839,0.23
-1.0352,9.0835,-0.799
-0.48437,-3.0102,6.143
-7.617,2.7775,5.916
6.3039,3.1926,6.536
0.30476,9.2794,6.596
-0.1294,-6.441,-3.548
-7.0781,-0.028284,-3.219
6.7628,0.37901,-2.957
-1.2608,5.5953,-3.371
-1.6921,-7.5144,3.059
-7.4154,0.46457,2.875
4.9151,-0.83509,2.905
-0.50275,6.9926,3.106
-7.2146,5.3691,-4.116
0.04879,-0.013435,-3.14
12.067,0.1789,-3.015
-6.8816,-5.7898,-3.1
5.3592,-7.2104,2.558
-0.079903,-0.19445,3.155
-0.13081,11.688,3.865
-5.985,-6.4785,2.96
-3.7752,-6.4085,12.003
-10.684,-0.94257,12.116
2.9889,0.14213,12.468
-4.295,5.4843,12.581
-10.365,-1.0861,6.9401
2.5739,-5.9949,12.471
-4.3777,0.32315,12.518
9.2589,-0.38891,13.306
2.7719,6.3809,12.33
2.5774,5.6844,6.7751
-0.03182,-9.5834,12.486
-6.8639,-3.2534,13.294
6.5634,-3.7547,11.994
-0.02687,2.8864,13.296
5.8669,-3.0936,7.1931
-0.43628,-2.938,12.997
-8.2024,2.7266,12.437
5.6703,2.839,13.116
-1.0352,9.0835,12.087
-0.1294,-6.441,9.3381
-7.0781,-0.028284,9.6671
6.7628,0.37901,9.9291
-1.2608,5.5953,9.5151
-7.2146,5.3691,8.7701
0.04879,-0.013435,9.7461
12.067,0.1789,9.8711
-6.8816,-5.7898,9.7861
-9.9481,13.079,-13.48
-10.528,13.016,-6.4925
-10.363,6.9422,-13.477
-3.6782,12.548,-12.642
-10.247,6.5434,-6.9915
-3.582,12.299,-6.7055
-12.969,3.3536,-13.462
-6.3737,9.1823,-13.954
-13.71,2.9718,-6.7035
-13.373,9.999,-12.951
-13.421,9.9269,-6.9195
-8.0219,12.102,-10.157
-7.5779,5.7267,-10.504
-13.017,12.743,-9.9075
-9.9481,13.079,-0.59436
-10.528,13.016,6.3936
-10.363,6.9422,-0.59136
-3.6782,12.548,0.24364
-10.247,6.5434,5.8946
-3.582,12.299,6.1806
-12.969,3.3536,-0.57636
-6.3737,9.1823,-1.0684
-13.71,2.9718,6.1826
-7.0702,9.8434,-5.8694
-13.373,9.999,-0.065357
-13.421,9.9269,5.9666
-13.066,6.496,-3.7244
-6.1743,13.316,-3.1334
-8.0219,12.102,2.7286
-12.888,12.924,-3.3164
-0.87026,13.116,-3.1914
-7.5779,5.7267,2.3816
-13.017,12.743,2.9786
-9.9481,13.079,12.292
-10.363,6.9422,12.295
-3.6782,12.548,13.13
-12.969,3.3536,12.31
-6.3737,9.1823,11.818
-7.0702,9.8434,7.0168
-13.373,9.999,12.821
-13.066,6.496,9.1618
-6.1743,13.316,9.7528
-12.888,12.924,9.5698
-0.87026,13.116,9.6948
9.3876,6.3127,-13.597
2.4792,11.779,-13.484
9.336,6.8466,-6.2016
8.7852,13.044,-13.082
9.382,12.457,-6.6926
13.131,3.1378,-13.114
6.299,9.4678,-12.306
12.39,2.756,-6.3546
5.4717,8.9007,-6.1146
12.727,9.7832,-12.603
12.678,9.7111,-6.5706
11.471,5.2068,-9.6546
5.7474,13.186,-9.8386
13.083,12.527,-9.5586
7.1779,6.2427,-9.7536
9.3876,6.3127,-0.71045
2.4792,11.779,-0.59745
9.336,6.8466,6.6846
2.7981,11.635,-5.7734
8.7852,13.044,-0.19545
9.382,12.457,6.1936
13.131,3.1378,-0.22745
6.299,9.4678,0.58055
12.39,2.756,6.5316
5.4717,8.9007,6.7716
12.727,9.7832,0.28355
12.678,9.7111,6.3156
13.033,6.2802,-3.3754
6.0847,12.693,-3.0464
11.471,5.2068,3.2316
5.7474,13.186,3.0476
13.212,12.708,-2.9674
6.2813,6.9314,-2.9274
13.083,12.527,3.3276
7.1779,6.2427,3.1326
9.3876,6.3127,12.176
2.4792,11.779,12.289
2.7981,11.635,7.1127
8.7852,13.044,12.691
13.131,3.1378,12.659
6.299,9.4678,13.467
12.727,9.7832,13.17
13.033,6.2802,9.5107
6.0847,12.693,9.8397
13.212,12.708,9.9187
6.2813,6.9314,9.9587
13.301,12.829,9.9307
6.2806,6.9972,9.9417
0,0,0
-0.59468,5.8951,-0.394
-0.7361,0.02192,6.038
6.2579,-0.7764,-0.019
-0.3684,-6.68,-0.507
-0.7361,0.02192,-6.8481
-7.4847,-0.38396,0.03
6.1964,0.006364,-5.997
-0.915,6.2466,6.044
-1.0493,-6.5959,5.767
6.4164,6.1289,0.31155
5.519,-7.0605,-0.486
6.1964,0.006364,6.8891
-0.915,6.2466,-6.8421
-6.7465,-6.5924,0.139
-7.4181,5.8766,-0.66236
-7.1899,-0.58407,-6.3641
-7.1899,-0.58407,6.522
-1.0493,-6.5959,-7.1191
5.7566,-6.0408,5.677
5.4871,6.1773,-5.884
5.4871,6.1773,7.0021
5.7566,-6.0408,-7.2091
-7.1805,6.8962,5.5006
-7.6757,-6.5439,-6.0566
-0.2885,11.952,0.508
-7.6757,-6.5439,6.8296
-7.1805,6.8962,-7.3855
12.649,-0.98552,0.68436
0,0,-12.886
0,0,12.886
-13.451,-0.76969,0.33545
5.6781,12.337,0.20255
12.348,-0.55206,-5.8076
-0.51432,-13.707,0.51181
-0.58902,12.385,-5.984
-0.59468,5.8951,12.492
-6.6791,12.161,-0.19536
-0.3684,-6.68,12.379
12.794,6.0412,-0.33445
-0.58902,12.385,6.9021
12.342,-7.0419,-0.21764
12.348,-0.55206,7.0785
6.2579,-0.7764,12.867
6.2579,-0.7764,-12.905
5.4523,-13.321,0.20636
-0.59468,5.8951,-13.28
-0.81484,-13.273,-5.9802
-13.305,6.257,-0.68336
12.114,6.1253,5.9396
5.973,12.137,-6.1916
-7.4847,-0.38396,-12.856
-7.4847,-0.38396,12.916
-0.3684,-6.68,-13.393
-0.81484,-13.273,6.9059
-13.752,-0.33623,-6.1566
5.973,12.137,6.6946
12.022,-6.6905,6.2204
-6.905,-13.498,-0.19155
12.114,6.1253,-6.9466
12.022,-6.6905,-6.6658
5.519,-7.0605,12.4
-13.752,-0.33623,6.7296
-13.758,-6.8261,-0.56655
6.4164,6.1289,-12.575
-7.4181,5.8766,12.224
-6.9665,-12.715,-6.1696
-6.7407,12.943,-6.1734
-6.7465,-6.5924,-12.747
6.4164,6.1289,13.198
5.7472,-13.521,-6.1878
-6.9665,-12.715,6.7166
-6.7407,12.943,6.7128
-6.7465,-6.5924,13.025
5.519,-7.0605,-13.372
5.7472,-13.521,6.6984
-13.986,6.3411,5.5906
-7.4181,5.8766,-13.548
-14.078,-6.4746,5.8714
-13.986,6.3411,-7.2955
-14.078,-6.4746,-7.0147
-0.2885,11.952,-12.378
12.649,-0.98552,-12.202
-0.2885,11.952,13.394
12.937,-12.937,0.17636
-12.937,12.937,-0.17636
-13.163,-12.721,-0.17255
13.163,12.721,0.17255
-13.451,-0.76969,-12.551
-0.51432,-13.707,-12.374
12.649,-0.98552,13.57
5.6781,12.337,-12.684
-6.6791,12.161,12.691
12.201,-12.915,6.2144
12.427,12.743,6.2106
5.6781,12.337,13.089
-13.451,-0.76969,13.222
12.794,6.0412,12.552
12.201,-12.915,-6.6718
12.427,12.743,-6.6756
12.342,-7.0419,12.668
-6.6791,12.161,-13.081
-13.305,6.257,12.203
-0.51432,-13.707,13.398
5.4523,-13.321,-12.68
12.342,-7.0419,-13.104
12.794,6.0412,-13.221
5.4523,-13.321,13.092
-13.758,-6.8261,12.32
-13.899,-12.699,5.8654
-13.673,12.959,5.8616
-6.905,-13.498,12.695
-13.305,6.257,-13.569
-6.905,-13.498,-13.078
-13.899,-12.699,-7.0207
-13.673,12.959,-7.0245
-13.758,-6.8261,-13.453
12.937,-12.937,-12.71
-12.937,12.937,12.71
-13.163,-12.721,12.714
13.163,12.721,-12.714
12.937,-12.937,13.062
-12.937,12.937,-13.062
-13.163,-12.721,-13.059
13.163,12.721,13.059
