-3.6505,-9.7514,-9.3079
-9.2827,-3.3683,-9.7529
-9.5613,-9.3448,-9.0879
-9.6044,-3.2234,-2.5987
-3.6505,-9.7514,2.7553
-9.2827,-3.3683,2.3103
-10.049,-8.9686,-3.6777
-9.5613,-9.3448,2.9753
-9.6044,-3.2234,9.4645
-10.049,-8.9686,8.3855
9.7608,-9.4964,-9.1159
9.4292,-3.4004,-8.9879
8.5361,-8.5531,-3.7157
9.7608,-9.4964,2.9473
9.4292,-3.4004,3.0753
8.5361,-8.5531,8.3475
2.5519,-2.8065,-9.9172
-2.4105,2.675,-9.3222
8.8155,2.1333,-9.0982
3.1834,8.5164,-9.5432
2.5689,-8.4832,-10.04
-3.288,-3.1749,-9.2822
-2.7422,8.771,-9.1942
2.9048,2.5399,-8.8782
2.9126,-3.0384,-2.29
-3.6352,3.6183,-3.922
-2.7139,-8.6932,-3.519
2.8617,8.6614,-2.389
2.5519,-2.8065,2.146
-2.4105,2.675,2.741
8.8155,2.1333,2.965
3.1834,8.5164,2.52
2.699,-8.2258,-3.507
-3.0229,-2.733,-3.751
8.3071,-3.4479,-3.118
2.4169,2.9161,-3.468
2.5689,-8.4832,2.023
-3.288,-3.1749,2.781
-2.7422,8.771,2.869
2.9048,2.5399,3.185
2.9126,-3.0384,9.7732
-3.6352,3.6183,8.1412
-2.7139,-8.6932,8.5442
2.8617,8.6614,9.6742
2.699,-8.2258,8.5562
-3.0229,-2.733,8.3122
8.3071,-3.4479,8.9452
2.4169,2.9161,8.5952
-9.6194,9.3648,-10.123
-9.6024,3.6882,-10.246
-9.2588,9.1329,-2.4963
-9.6194,9.3648,1.9397
-9.4723,3.9456,-3.7133
-3.8643,8.7235,-3.3243
-9.6024,3.6882,1.8167
-9.2588,9.1329,9.5669
-9.4723,3.9456,8.3499
-3.8643,8.7235,8.7389
9.178,8.7098,-9.0725
9.7522,3.1916,-3.3093
9.4432,9.1518,-3.5413
9.178,8.7098,2.9907
9.7522,3.1916,8.7539
9.4432,9.1518,8.5219
-4.352,-8.4362,-9.2159
-10.563,-2.5941,-9.7179
-10.087,-8.8965,-7.7509
-3.8867,-8.9495,-2.6457
-10.526,-3.13,-3.7907
-4.352,-8.4362,2.8473
-10.563,-2.5941,2.3453
-9.0712,-9.0952,-2.5477
-10.087,-8.8965,4.3123
-3.8867,-8.9495,9.4175
-10.526,-3.13,8.2725
-9.0712,-9.0952,9.5155
8.4124,-8.8663,-9.0799
8.7405,-9.0488,-2.3097
8.4124,-8.8663,2.9833
3.0787,-9.0028,-2.0267
8.7129,-3.4577,-1.6177
8.7405,-9.0488,9.7535
3.0787,-9.0028,10.036
8.7129,-3.4577,10.445
8.1141,3.4486,-9.0062
1.9028,9.2907,-9.5082
2.6806,-2.2889,-8.5092
-3.759,3.305,-9.2862
-3.1148,-3.2336,-7.7812
2.7287,-9.1563,-8.7162
2.3787,2.9882,-7.5412
8.5553,-2.7697,-8.3202
8.5793,2.9352,-2.436
1.9396,8.7547,-3.581
3.0759,-4.1705,-3.262
-3.4309,3.1226,-2.516
8.1141,3.4486,3.057
1.9028,9.2907,2.555
2.6806,-2.2889,3.554
-3.759,3.305,2.777
-2.5944,-3.0879,-2.346
-9.0927,3.1685,-2.233
3.3948,2.7895,-2.338
-3.4585,8.7137,-1.824
-3.1148,-3.2336,4.282
2.7287,-9.1563,3.347
2.3787,2.9882,4.522
8.5553,-2.7697,3.743
8.5793,2.9352,9.6272
1.9396,8.7547,8.4822
3.0759,-4.1705,8.8012
-3.4309,3.1226,9.5472
-2.5944,-3.0879,9.7172
-9.0927,3.1685,9.8302
3.3948,2.7895,9.7252
-3.4585,8.7137,10.239
-9.4907,9.8824,-8.7155
-9.4426,3.015,-8.9225
-3.6161,9.4016,-8.5265
-9.0954,8.0008,-3.4683
-9.4907,9.8824,3.3477
-9.4426,3.015,3.1407
-3.6161,9.4016,3.5367
-9.0954,8.0008,8.5949
9.3512,8.6511,-7.5715
9.8717,8.7968,-2.1363
9.3512,8.6511,4.4917
9.8717,8.7968,9.9269
-9.5061,-11.651,-12.331
-9.5026,-11.863,-5.9709
-3.3302,-12.291,-11.674
-9.8172,-6.3707,-12.418
-3.4907,-11.952,-6.4419
-12.893,-9.0832,-13.002
-6.0109,-8.8703,-11.842
-12.835,-3.1901,-12.177
-6.5702,-8.9531,-6.8679
-12.255,-2.9695,-6.8049
-6.7003,-12.482,-9.0159
-12.093,-6.2859,-9.2159
-12.058,-11.815,-8.8049
-9.5061,-11.651,-0.26769
-9.5026,-11.863,6.0923
-3.3302,-12.291,0.38931
-9.8172,-6.3707,-0.35469
-3.4907,-11.952,5.6213
-9.8179,-5.7789,-5.7577
-12.893,-9.0832,-0.93869
-12.876,-8.8583,-5.4527
-6.0109,-8.8703,0.22131
-12.835,-3.1901,-0.11369
-6.5702,-8.9531,5.1953
-12.255,-2.9695,5.2583
-6.5766,-11.441,-2.9897
-13.29,-5.2245,-3.6517
-6.7003,-12.482,3.0473
-12.093,-6.2859,2.8473
-12.952,-12.317,-2.9727
-1.2301,-12.573,-3.3087
-6.4358,-6.9279,-3.0797
-12.058,-11.815,3.2583
-9.5061,-11.651,11.796
-3.3302,-12.291,12.453
-9.8172,-6.3707,11.709
-9.8179,-5.7789,6.3055
-12.893,-9.0832,11.125
-12.876,-8.8583,6.6105
-6.0109,-8.8703,12.285
-12.835,-3.1901,11.95
-6.5766,-11.441,9.0735
-13.29,-5.2245,8.4115
-12.952,-12.317,9.0905
-1.2301,-12.573,8.7545
-6.4358,-6.9279,8.9835
-13.401,-0.4021,-3.515
-13.401,-0.4021,8.5482
2.7315,-12.338,-12.069
8.7567,-6.3483,-11.932
9.0438,-6.1871,-6.7329
9.0212,-12.405,-11.54
8.9908,-12.074,-6.0729
11.744,-9.3698,-12.586
5.8618,-9.4865,-10.769
11.802,-3.4768,-11.761
5.9453,-9.2743,-6.5729
12.382,-3.2562,-6.3889
4.0255,-12.57,-8.1059
12.545,-6.5725,-8.7999
12.579,-12.101,-8.3889
2.7315,-12.338,-0.005721
8.7567,-6.3483,0.13128
2.4451,-12.486,-4.6837
9.0438,-6.1871,5.3303
9.0212,-12.405,0.52328
8.9908,-12.074,5.9903
11.744,-9.3698,-0.52272
11.761,-9.1449,-5.0367
5.8618,-9.4865,1.2943
11.802,-3.4768,0.30228
5.9453,-9.2743,5.4903
12.382,-3.2562,5.6743
6.1977,-11.522,-2.2907
11.348,-5.5111,-3.2357
4.0255,-12.57,3.9573
12.545,-6.5725,3.2633
5.6971,-7.0279,-2.5607
11.686,-12.603,-2.5567
12.579,-12.101,3.6743
2.7315,-12.338,12.057
8.7567,-6.3483,12.194
2.4451,-12.486,7.3795
9.0212,-12.405,12.586
11.744,-9.3698,11.54
11.761,-9.1449,7.0265
5.8618,-9.4865,13.357
11.802,-3.4768,12.365
6.1977,-11.522,9.7725
11.348,-5.5111,8.8275
5.6971,-7.0279,9.5025
11.686,-12.603,9.5065
-3.3241,-6.3138,-12.534
-9.4399,-0.16688,-12.275
2.9599,0.23335,-12.121
-3.4146,5.823,-12.138
-3.2456,-6.1561,-6.0542
2.9635,0.02192,-5.7612
-3.1275,5.9842,-6.9392
2.88,-5.9772,-12.388
-3.1502,-0.23405,-11.746
9.1358,-0.40588,-11.464
2.6488,5.514,-12.208
2.9479,-6.0196,-6.3102
-3.1806,0.097581,-6.2792
8.9753,-0.067175,-6.2322
-0.17253,-9.017,-12.787
-5.8966,-3.2294,-12.737
6.1066,-3.0561,-12.288
-0.42709,2.8016,-12.792
0.35992,-9.1719,-6.0262
-0.45467,-3.0795,-11.491
-6.3095,2.6849,-10.975
6.4552,3.0144,-11.632
-0.36911,8.6946,-11.967
-0.1393,-3.1261,-6.5142
-6.2261,2.897,-6.7792
5.8959,2.9317,-6.6582
0.21072,8.9152,-6.5952
-0.8952,-7.0781,-9.1992
-8.1459,-0.39881,-8.3122
5.7657,-0.5968,-8.8062
0.37335,5.5989,-9.0062
6.0627,-4.7885,-8.8672
0.408,0.070004,-8.5952
0.35992,-11.702,-9.0082
-6.4424,-5.8457,-9.1202
-3.3241,-6.3138,-0.471
-9.4399,-0.16688,-0.212
2.9599,0.23335,-0.058
-3.4146,5.823,-0.075
-3.2456,-6.1561,6.009
-9.7263,-0.31466,-4.89
2.9635,0.02192,6.302
-3.1275,5.9842,5.124
2.88,-5.9772,-0.325
-3.1502,-0.23405,0.317
9.1358,-0.40588,0.599
2.6488,5.514,-0.145
2.9479,-6.0196,5.753
-3.1806,0.097581,5.784
8.9753,-0.067175,5.831
2.6481,6.1059,-5.548
-0.17253,-9.017,-0.724
-5.8966,-3.2294,-0.674
6.1066,-3.0561,-0.225
-0.42709,2.8016,-0.729
0.35992,-9.1719,6.037
-6.7564,-3.2774,-5.356
5.9319,-3.2081,-5.175
-0.41012,3.0264,-5.243
-0.45467,-3.0795,0.572
-6.3095,2.6849,1.088
6.4552,3.0144,0.431
-0.36911,8.6946,0.096
-0.1393,-3.1261,5.549
-6.2261,2.897,5.284
5.8959,2.9317,5.405
0.21072,8.9152,5.468
-0.066468,-5.5946,-3.037
-5.9736,0.64912,-2.497
5.8895,0.44336,-2.78
-0.82378,6.6602,-3.442
-0.8952,-7.0781,2.864
-8.1459,-0.39881,3.751
5.7657,-0.5968,3.257
0.37335,5.5989,3.057
-6.4743,5.1435,-2.767
-0.48578,-0.43204,-2.763
11.236,-0.68872,-3.099
6.0302,4.9568,-2.87
6.0627,-4.7885,3.196
0.408,0.070004,3.468
0.35992,-11.702,3.055
-6.4424,-5.8457,2.943
-3.3241,-6.3138,11.592
-9.4399,-0.16688,11.851
2.9599,0.23335,12.005
-3.4146,5.823,11.988
-9.7263,-0.31466,7.1732
2.88,-5.9772,11.738
-3.1502,-0.23405,12.38
9.1358,-0.40588,12.662
2.6488,5.514,11.918
2.6481,6.1059,6.5152
-0.17253,-9.017,11.339
-5.8966,-3.2294,11.389
6.1066,-3.0561,11.838
-0.42709,2.8016,11.334
-6.7564,-3.2774,6.7072
5.9319,-3.2081,6.8882
-0.41012,3.0264,6.8202
-0.45467,-3.0795,12.635
-6.3095,2.6849,13.151
6.4552,3.0144,12.494
-0.36911,8.6946,12.159
-0.066468,-5.5946,9.0262
-5.9736,0.64912,9.5662
5.8895,0.44336,9.2832
-0.82378,6.6602,8.6212
-6.4743,5.1435,9.2962
-0.48578,-0.43204,9.3002
11.236,-0.68872,8.9642
6.0302,4.9568,9.1932
-9.2114,12.405,-12.327
-9.2079,12.193,-5.9675
-9.2913,6.1942,-12.594
-3.0355,11.765,-11.67
-9.2234,6.1518,-6.5165
-3.196,12.104,-6.4385
-12.344,3.1543,-12.993
-6.0648,9.1152,-12.494
-11.811,2.9995,-6.2325
-12.626,9.0919,-11.697
-12.311,9.0452,-6.7205
-13.067,5.0932,-9.4055
-6.4056,11.575,-9.0125
-6.1086,7.3828,-9.0735
-11.763,12.241,-8.8015
-11.811,0.46944,-9.2145
-9.2114,12.405,-0.26428
-9.2079,12.193,6.0957
-9.2913,6.1942,-0.53128
-3.0355,11.765,0.39272
-9.2234,6.1518,5.5467
-3.196,12.104,5.6247
-12.344,3.1543,-0.93028
-6.0648,9.1152,-0.43128
-11.811,2.9995,5.8307
-6.2394,8.9632,-5.3813
-12.626,9.0919,0.36572
-12.311,9.0452,5.3427
-12.238,6.5767,-3.2433
-6.2819,12.615,-2.9863
-13.067,5.0932,2.6577
-6.4056,11.575,3.0507
-12.657,11.739,-2.9693
-0.93543,11.483,-3.3053
-6.1086,7.3828,2.9897
-11.763,12.241,3.2617
-11.811,0.46944,2.8487
-9.2114,12.405,11.799
-9.2913,6.1942,11.532
-3.0355,11.765,12.456
-12.344,3.1543,11.133
-6.0648,9.1152,11.632
-6.2394,8.9632,6.6819
-12.626,9.0919,12.429
-12.238,6.5767,8.8199
-6.2819,12.615,9.0769
-12.657,11.739,9.0939
-0.93543,11.483,8.7579
9.1419,5.571,-12.325
3.0262,11.718,-12.066
9.2204,5.7287,-5.8445
9.3159,11.651,-11.537
9.2855,11.982,-6.0695
12.294,2.8677,-12.578
6.5695,8.6554,-12.528
12.826,2.7128,-5.8165
12.011,8.8053,-11.282
12.327,8.7586,-6.3045
11.571,4.8066,-8.9895
4.3202,11.486,-8.1025
12.874,11.955,-8.3855
12.826,0.18282,-8.7985
6.0236,6.0391,-8.9105
9.1419,5.571,-0.26131
3.0262,11.718,-0.002311
9.2204,5.7287,6.2187
2.7398,11.57,-4.6803
9.3159,11.651,0.52669
9.2855,11.982,5.9937
12.294,2.8677,-0.51431
6.5695,8.6554,-0.46431
12.826,2.7128,6.2467
5.7096,8.6073,-5.1463
12.011,8.8053,0.78169
12.327,8.7586,5.7587
12.4,6.2901,-2.8273
6.4924,12.534,-2.2873
11.571,4.8066,3.0737
4.3202,11.486,3.9607
11.98,11.453,-2.5533
12.874,11.955,3.6777
12.826,0.18282,3.2647
6.0236,6.0391,3.1527
9.1419,5.571,11.802
3.0262,11.718,12.061
2.7398,11.57,7.3829
9.3159,11.651,12.59
12.294,2.8677,11.549
6.5695,8.6554,11.599
5.7096,8.6073,6.9169
12.011,8.8053,12.845
12.4,6.2901,9.2359
6.4924,12.534,9.7759
11.98,11.453,9.5099
0.65461,12.354,-9.0048
0.65461,12.354,3.0584
0,0,0
-0.32527,0.11031,-5.7072
-0.19445,5.7226,0.331
-6.05,-0.25456,0.146
-0.53245,-6.062,0.324
6.137,0.21001,0.548
-0.32527,0.11031,6.356
5.6993,-0.2687,-5.563
5.7226,6.0097,0.134
6.0154,-5.898,0.388
-0.15839,6.1646,5.972
5.6993,-0.2687,6.5002
-0.15839,6.1646,-6.0912
-0.12445,-6.2607,-6.0172
-0.12445,-6.2607,6.046
-6.156,6.2734,0.18172
-6.7434,-5.875,-0.075689
-6.8526,-0.23829,-5.7872
-6.8526,-0.23829,6.276
5.4666,5.6915,-5.635
5.4666,5.6915,6.4282
5.8527,-6.1059,5.746
-6.3186,6.0655,5.5397
5.8527,-6.1059,-6.3172
-6.3186,6.0655,-6.5235
-6.9994,-6.1932,-5.8447
-6.9994,-6.1932,6.2185
0.17936,11.752,0.11669
0,0,-12.063
0,0,12.063
-12.287,-0.13294,-0.093
-0.11533,-12.304,0.11328
12.351,-0.41956,0.32297
6.137,0.21001,-11.515
-0.19445,5.7226,-11.732
-0.53245,-6.062,-11.739
-6.3291,-11.675,0.33831
6.416,11.63,0.35569
11.934,5.8227,0.53369
-0.25007,-11.875,6.0203
-0.25007,-11.875,-6.0429
-6.05,-0.25456,-11.917
12.216,0.0098995,-5.8332
0.044623,12.181,6.0237
0.044623,12.181,-6.0395
11.977,-6.4487,0.53728
-6.05,-0.25456,12.209
-0.19445,5.7226,12.394
12.216,0.0098995,6.23
-12.421,0.29652,5.814
-6.0344,12.381,0.34172
-0.53245,-6.062,12.387
6.1213,-12.426,0.35228
-12.421,0.29652,-6.2492
6.137,0.21001,12.611
5.6135,11.646,-5.5775
-12.661,-6.1621,0.12131
-12.704,6.1093,0.11772
6.0154,-5.898,-11.675
5.6135,11.646,6.4857
5.7226,6.0097,-11.929
5.3188,-12.41,-5.5809
12.013,-6.0068,-5.8849
-6.4721,11.903,-5.7693
5.7226,6.0097,12.197
12.342,5.624,-5.8075
-6.156,6.2734,-11.881
12.013,-6.0068,6.1783
-12.296,5.9106,5.8397
12.342,5.624,6.2557
-6.4721,11.903,6.2939
-6.7434,-5.875,11.988
5.3188,-12.41,6.4823
-12.296,5.9106,-6.2235
-12.624,-5.7202,5.7623
6.0154,-5.898,12.451
-6.7668,-12.153,-5.7727
-6.156,6.2734,12.245
-6.7434,-5.875,-12.139
-12.624,-5.7202,-6.3009
-6.7668,-12.153,6.2905
0.17936,11.752,-11.947
0.17936,11.752,12.18
12.351,-0.41956,-11.74
-0.11533,-12.304,-11.95
-12.287,-0.13294,11.97
12.171,-12.171,0.20628
-12.171,12.171,-0.20628
-12.466,-11.885,-0.20969
12.466,11.885,0.20969
-12.287,-0.13294,-12.156
-0.11533,-12.304,12.176
12.351,-0.41956,12.386
11.934,5.8227,-11.53
6.416,11.63,-11.708
-6.3291,-11.675,-11.725
11.846,-12.061,-5.5009
11.977,-6.4487,-11.526
12.141,11.995,-5.4975
-6.0344,12.381,-11.721
11.846,-12.061,6.5623
6.1213,-12.426,-11.711
-6.3291,-11.675,12.402
6.416,11.63,12.419
12.141,11.995,6.5657
11.934,5.8227,12.597
-12.791,-11.774,-5.9169
-12.791,-11.774,6.1463
-12.661,-6.1621,-11.942
-12.704,6.1093,-11.945
-12.497,12.282,-5.9135
-6.0344,12.381,12.405
11.977,-6.4487,12.6
-12.497,12.282,6.1497
6.1213,-12.426,12.415
-12.661,-6.1621,12.185
-12.704,6.1093,12.181
-12.171,12.171,11.857
12.171,-12.171,-11.857
-12.466,-11.885,11.854
12.466,11.885,-11.854
12.171,-12.171,12.269
-12.171,12.171,-12.269
-12.466,-11.885,-12.273
12.466,11.885,12.273
