-9.878,-3.0954,-9.9579
-9.8363,-8.1859,-9.5779
-9.878,-3.0954,2.1053
-9.9374,-9.1779,-3.8897
-9.8363,-8.1859,2.4853
-9.9374,-9.1779,8.1735
9.4865,-9.3535,-9.0809
9.49,-3.0101,-9.1919
9.3479,-9.4356,-3.2037
9.4865,-9.3535,2.9823
9.2963,-3.3382,-3.1447
9.49,-3.0101,2.8713
9.3479,-9.4356,8.8595
9.2963,-3.3382,8.9185
3.0236,-3.6006,-9.8412
-2.6849,2.8178,-9.2872
-2.5725,-9.273,-9.5392
2.588,8.7893,-9.7482
2.5887,-8.8678,-9.7682
-2.8001,-3.148,-9.5362
-2.6813,9.1613,-9.3982
2.6297,3.6989,-9.3682
2.5831,-2.8206,-3.657
-2.8235,2.7358,-3.41
-2.7683,-8.7787,-3.527
-9.8564,-2.7881,-3.706
3.0236,-3.6006,2.222
-2.6849,2.8178,2.776
-2.5725,-9.273,2.524
2.588,8.7893,2.315
2.5237,-9.1309,-3.718
-2.9196,-3.2067,-3.474
-2.8751,8.8332,-3.351
2.5286,2.7068,-3.68
2.5887,-8.8678,2.295
-2.8001,-3.148,2.527
-2.6813,9.1613,2.665
2.6297,3.6989,2.695
2.5831,-2.8206,8.4062
-2.8235,2.7358,8.6532
-2.7683,-8.7787,8.5362
-9.8564,-2.7881,8.3572
2.5237,-9.1309,8.3452
-2.9196,-3.2067,8.5892
-2.8751,8.8332,8.7122
2.5286,2.7068,8.3832
-9.1478,8.5708,-10.047
-9.5826,3.3035,-9.9745
-9.5883,9.3507,-3.8633
-9.1478,8.5708,2.0157
-9.6477,3.0405,-3.9243
-9.5826,3.3035,2.0887
-9.5883,9.3507,8.1999
-9.6477,3.0405,8.1389
9.8936,2.6117,-9.3295
9.6659,8.7367,-9.3265
9.6977,3.106,-3.3173
2.6097,9.0966,-3.4963
9.8936,2.6117,2.7337
9.5464,8.678,-3.2643
9.6659,8.7367,2.7367
9.6977,3.106,8.7459
2.6097,9.0966,8.5669
9.5464,8.678,8.7989
-3.7941,-8.929,-8.5769
-9.8872,-9.139,-8.4239
-3.5777,-8.8498,-2.3787
-9.9438,-3.3012,-2.6727
-3.7941,-8.929,3.4863
-9.4601,-8.7459,-2.5407
-9.8872,-9.139,3.6393
-3.5777,-8.8498,9.6845
-9.9438,-3.3012,9.3905
-9.4601,-8.7459,9.5225
8.7907,-9.2107,-7.7629
2.4465,-9.9192,-8.2829
8.4534,-9.2722,-2.0127
8.7907,-9.2107,4.3003
3.0016,-9.466,-2.2297
2.4465,-9.9192,3.7803
8.4534,-9.2722,10.05
3.0016,-9.466,9.8335
8.672,2.9557,-8.3672
-8.9039,-3.1707,-8.4352
3.1636,-2.8949,-8.5282
-3.3807,2.9607,-7.9692
-3.5476,-3.1784,-8.2392
-9.7248,2.2521,-8.4892
2.5788,2.7457,-8.2142
9.1082,-3.0413,-8.0982
8.8883,3.0349,-2.169
2.5222,8.5836,-2.463
2.5442,-3.4068,-2.283
-3.718,2.8991,-2.219
8.672,2.9557,3.696
-8.9039,-3.1707,3.628
3.1636,-2.8949,3.535
-3.3807,2.9607,4.094
-3.3856,-3.0929,-2.055
-9.1698,2.7054,-2.436
3.0059,3.1388,-2.331
8.7957,-2.9493,-2.083
-3.5476,-3.1784,3.824
-9.7248,2.2521,3.574
2.5788,2.7457,3.849
9.1082,-3.0413,3.965
8.8883,3.0349,9.8942
2.5222,8.5836,9.6002
2.5442,-3.4068,9.7802
-3.718,2.8991,9.8442
-3.3856,-3.0929,10.008
-9.1698,2.7054,9.6272
3.0059,3.1388,9.7322
8.7957,-2.9493,9.9802
-9.0078,9.2765,-8.7345
-3.0631,9.1301,-8.3045
-9.6272,8.7645,-2.4893
-9.0078,9.2765,3.3287
-3.3757,9.222,-2.2893
-3.0631,9.1301,3.7587
-9.6272,8.7645,9.5739
-3.3757,9.222,9.7739
3.5622,8.7141,-8.2255
8.9185,8.7063,-8.0295
3.5622,8.7141,3.8377
9.0804,8.7918,-1.8453
8.9185,8.7063,4.0337
9.0804,8.7918,10.218
-9.6793,-11.655,-12.989
-9.4912,-12.228,-6.2549
-3.6859,-12.1,-12.458
-9.808,-6.1508,-12.325
-3.3748,-11.769,-6.7479
-9.7607,-5.5957,-6.7019
-12.962,-8.9637,-12.531
-12.616,-8.9474,-6.5239
-6.3029,-8.9347,-11.496
-12.648,-2.9328,-12.7
-6.8021,-8.9446,-6.8349
-13.032,-2.9787,-6.4139
-6.4804,-12.905,-9.0019
-13.022,-5.8376,-9.3769
-11.265,-12.088,-9.5779
-9.6793,-11.655,-0.92569
-9.4912,-12.228,5.8083
-3.6859,-12.1,-0.39469
-9.808,-6.1508,-0.26169
-3.3748,-11.769,5.3153
-9.7607,-5.5957,5.3613
-12.962,-8.9637,-0.46769
-12.616,-8.9474,5.5393
-6.3029,-8.9347,0.56731
-12.648,-2.9328,-0.63669
-6.8021,-8.9446,5.2283
-13.032,-2.9787,5.6493
-6.2958,-10.908,-3.0967
-11.747,-5.9585,-3.4597
-6.4804,-12.905,3.0613
-13.022,-5.8376,2.6863
-12.939,-12.433,-3.4557
-0.84121,-11.465,-3.5107
-6.8,-6.8098,-2.9597
-11.265,-12.088,2.4853
-9.6793,-11.655,11.138
-3.6859,-12.1,11.669
-9.808,-6.1508,11.802
-12.962,-8.9637,11.596
-6.3029,-8.9347,12.631
-12.648,-2.9328,11.427
-6.2958,-10.908,8.9665
-11.747,-5.9585,8.6035
-12.939,-12.433,8.6075
-0.84121,-11.465,8.5525
-6.8,-6.8098,9.1035
-13.013,0.70665,-3.717
-13.013,0.70665,8.3462
2.5363,-12.031,-12.293
8.814,-6.3024,-12.278
2.8248,-12.673,-6.0919
8.756,-6.4806,-5.8339
8.6577,-12.28,-12.161
9.0898,-12.412,-6.2399
11.676,-9.2503,-12.115
12.021,-9.234,-6.1079
6.0216,-9.3069,-11.057
11.989,-3.2194,-12.284
5.5613,-9.3839,-6.6679
11.605,-3.2653,-5.9979
6.0125,-13.338,-8.8029
11.616,-6.1242,-8.9609
13.372,-12.375,-9.1619
0.22903,-12.219,-9.1179
2.5363,-12.031,-0.22972
8.814,-6.3024,-0.21472
2.8248,-12.673,5.9713
8.756,-6.4806,6.2293
8.6577,-12.28,-0.097721
9.0898,-12.412,5.8233
11.676,-9.2503,-0.051721
12.021,-9.234,5.9553
6.0216,-9.3069,1.0063
11.989,-3.2194,-0.22072
5.5613,-9.3839,5.3953
11.605,-3.2653,6.0653
5.8675,-11.466,-2.8047
12.89,-6.2451,-3.0437
6.0125,-13.338,3.2603
11.616,-6.1242,3.1023
5.6879,-7.3524,-2.6037
11.698,-12.719,-3.0397
13.372,-12.375,2.9013
0.22903,-12.219,2.9453
2.5363,-12.031,11.833
8.814,-6.3024,11.848
8.6577,-12.28,11.965
11.676,-9.2503,12.011
6.0216,-9.3069,13.069
11.989,-3.2194,11.842
5.8675,-11.466,9.2585
12.89,-6.2451,9.0195
5.6879,-7.3524,9.4595
11.698,-12.719,9.0235
-3.2979,-6.1363,-12.528
-9.635,0.14001,-12.499
2.7867,0.22981,-12.779
-3.3573,5.869,-12.484
-3.2888,-6.3477,-6.4892
-9.3465,-0.50205,-6.2982
2.9748,-0.34295,-6.0452
-3.4153,5.6908,-6.0402
2.8305,-6.4877,-12.365
-3.5136,-0.10819,-12.367
8.7801,-0.21567,-12.248
2.658,5.7339,-12.115
2.967,-5.7064,-6.6292
-3.0816,-0.24042,-6.4462
9.0913,0.11526,-6.5382
2.7054,6.289,-6.4922
-0.47235,-9.1443,-12.335
-6.7295,-3.1643,-12.805
5.5925,-3.0427,-12.771
-0.49568,2.9211,-12.321
0.1492,-9.0856,-6.3812
-0.14991,2.9373,-6.3142
-0.23759,-3.0278,-12.29
-6.1497,2.8645,-11.263
6.1631,2.95,-11.286
-0.18243,8.952,-12.49
-0.32951,-3.1297,-6.4242
-6.61,2.7874,-6.8742
5.6639,2.9401,-6.6252
-0.56639,8.906,-6.2042
-0.26022,-5.9977,-9.3782
-6.1589,-1.1667,-9.0092
5.9857,-1.0204,-8.7922
-0.55579,6.0472,-9.1672
6.4877,-5.0749,-8.8912
1.2007,-0.20365,-9.3682
-11.942,-0.047376,-9.3242
-6.1985,-5.3655,-9.0062
-3.2979,-6.1363,-0.465
-9.635,0.14001,-0.436
2.7867,0.22981,-0.716
-3.3573,5.869,-0.421
-3.2888,-6.3477,5.574
-9.3465,-0.50205,5.765
2.9748,-0.34295,6.018
-3.4153,5.6908,6.023
2.8305,-6.4877,-0.302
-3.5136,-0.10819,-0.304
8.7801,-0.21567,-0.185
2.658,5.7339,-0.052
2.967,-5.7064,5.434
-3.0816,-0.24042,5.617
9.0913,0.11526,5.525
2.7054,6.289,5.571
-0.47235,-9.1443,-0.272
-6.7295,-3.1643,-0.742
5.5925,-3.0427,-0.708
-0.49568,2.9211,-0.258
0.1492,-9.0856,5.682
-6.2706,-3.1891,-5.427
6.1271,-3.0964,-5.294
-0.14991,2.9373,5.749
-0.23759,-3.0278,-0.227
-6.1497,2.8645,0.8
6.1631,2.95,0.777
-0.18243,8.952,-0.427
-0.32951,-3.1297,5.639
-6.61,2.7874,5.189
5.6639,2.9401,5.438
-0.56639,8.906,5.859
0.51265,-5.7184,-3.287
-6.3039,0.70499,-3.011
6.1702,0.97722,-2.887
0.71913,5.9263,-3.25
-0.26022,-5.9977,2.685
-6.1589,-1.1667,3.054
5.9857,-1.0204,3.271
-0.55579,6.0472,2.896
-6.4835,4.8189,-2.81
-0.47305,-0.54801,-3.246
11.625,0.42002,-3.301
5.666,5.0749,-2.75
6.4877,-5.0749,3.172
1.2007,-0.20365,2.695
-11.942,-0.047376,2.739
-6.1985,-5.3655,3.057
-3.2979,-6.1363,11.598
-9.635,0.14001,11.627
2.7867,0.22981,11.347
-3.3573,5.869,11.642
2.8305,-6.4877,11.761
-3.5136,-0.10819,11.759
8.7801,-0.21567,11.878
2.658,5.7339,12.011
-0.47235,-9.1443,11.791
-6.7295,-3.1643,11.321
5.5925,-3.0427,11.355
-0.49568,2.9211,11.805
-6.2706,-3.1891,6.6362
6.1271,-3.0964,6.7692
-0.23759,-3.0278,11.836
-6.1497,2.8645,12.863
6.1631,2.95,12.84
-0.18243,8.952,11.636
0.51265,-5.7184,8.7762
-6.3039,0.70499,9.0522
6.1702,0.97722,9.1762
0.71913,5.9263,8.8132
-6.4835,4.8189,9.2532
-0.47305,-0.54801,8.8172
11.625,0.42002,8.7622
5.666,5.0749,9.3132
-9.3846,12.401,-12.985
-9.1966,11.828,-6.2515
-9.3408,5.6836,-12.571
-3.3912,11.956,-12.454
-9.2043,6.465,-6.8355
-3.0801,12.287,-6.7445
-12.644,3.027,-12.541
-6.5788,9.1287,-12.977
-12.022,3.0857,-6.5875
-12.409,9.1435,-12.496
-12.501,9.0417,-6.6305
-12.432,6.1737,-9.5845
-6.1857,11.151,-8.9985
-5.6836,7.0964,-9.0975
-10.971,11.968,-9.5745
-9.3846,12.401,-0.92228
-9.1966,11.828,5.8117
-9.3408,5.6836,-0.50828
-3.3912,11.956,-0.39128
-9.2043,6.465,5.2277
-3.0801,12.287,5.3187
-12.644,3.027,-0.47828
-6.5788,9.1287,-0.91428
-12.022,3.0857,5.4757
-6.0443,9.0749,-5.5003
-12.409,9.1435,-0.43328
-12.501,9.0417,5.4327
-11.659,6.453,-3.4933
-6.0011,13.149,-3.0933
-12.432,6.1737,2.4787
-6.1857,11.151,3.0647
-12.644,11.623,-3.4523
-0.54652,12.591,-3.5073
-5.6836,7.0964,2.9657
-10.971,11.968,2.4887
-9.3846,12.401,11.141
-9.3408,5.6836,11.555
-3.3912,11.956,11.672
-12.644,3.027,11.585
-6.5788,9.1287,11.149
-6.0443,9.0749,6.5629
-12.409,9.1435,11.63
-11.659,6.453,8.5699
-6.0011,13.149,8.9699
-12.644,11.623,8.6109
-0.54652,12.591,8.5559
12.695,-0.334,-8.9082
12.695,-0.334,3.155
9.1681,5.7485,-12.319
2.831,12.025,-12.29
9.1773,5.537,-6.2795
3.1195,11.383,-6.0885
8.9524,11.777,-12.158
9.3845,11.644,-6.2365
11.994,2.7404,-12.126
5.7365,8.7204,-12.596
12.615,2.7991,-6.1715
12.228,8.8569,-12.081
12.137,8.7551,-6.2145
12.206,5.887,-9.1685
6.3071,10.718,-8.7995
13.667,11.681,-9.1585
0.52372,11.837,-9.1145
6.2675,6.5192,-8.7965
9.1681,5.7485,-0.25531
2.831,12.025,-0.22631
9.1773,5.537,5.7837
3.1195,11.383,5.9747
8.9524,11.777,-0.094311
9.3845,11.644,5.8267
11.994,2.7404,-0.062311
5.7365,8.7204,-0.53231
12.615,2.7991,5.8917
6.1954,8.6957,-5.2173
12.228,8.8569,-0.017311
12.137,8.7551,5.8487
12.979,6.1664,-3.0773
6.1622,12.59,-2.8013
12.206,5.887,2.8947
6.3071,10.718,3.2637
11.993,11.337,-3.0363
13.667,11.681,2.9047
0.52372,11.837,2.9487
6.2675,6.5192,3.2667
9.1681,5.7485,11.808
2.831,12.025,11.837
8.9524,11.777,11.969
11.994,2.7404,12.001
5.7365,8.7204,11.531
6.1954,8.6957,6.8459
12.228,8.8569,12.046
12.979,6.1664,8.9859
6.1622,12.59,9.2619
11.993,11.337,9.0269
0,0,0
-0.2093,5.8916,-0.008
5.9227,-0.060811,-0.233
0.035355,-0.21213,5.969
0.035355,-0.21213,-6.0942
-0.17253,-6.224,-0.153
-6.3753,-0.20506,-0.249
5.811,5.869,-0.035
-0.14425,5.951,-5.9772
0.14637,-6.0507,5.913
6.0026,-0.21567,-5.9642
-0.14425,5.951,6.086
-6.3788,5.6406,-0.021
6.0026,-0.21567,6.099
-6.1964,-0.32315,5.972
0.14637,-6.0507,-6.1502
-6.1964,-0.32315,-6.0912
5.7925,-6.5308,0.18528
-6.655,-6.0157,-0.24469
6.0055,5.9135,5.752
-6.0082,6.103,5.6127
-6.4606,-5.9712,5.5423
6.1631,-6.0684,5.819
6.0055,5.9135,-6.3112
6.1631,-6.0684,-6.2442
-6.0082,6.103,-6.4505
-6.4606,-5.9712,-6.5209
-0.37947,-11.822,-0.27369
0,0,-12.063
0,0,12.063
12.087,0.062933,-0.064
-0.084777,12.234,-0.27028
-12.551,0.34956,-0.47997
6.0908,11.68,-0.039311
5.9227,-0.060811,11.83
-0.23664,-11.966,5.7283
0.058058,12.09,5.7317
-0.2093,5.8916,12.055
-6.3753,-0.20506,11.814
-0.2093,5.8916,-12.071
-0.17253,-6.224,11.91
11.962,-6.2797,0.19828
12.294,5.6608,0.056689
-0.23664,-11.966,-6.3349
-12.408,0.20531,5.522
12.229,-0.081317,5.938
-6.5433,-11.946,-0.44269
-6.2486,12.111,-0.43928
0.058058,12.09,-6.3315
5.9227,-0.060811,-12.296
5.7961,-12.376,-0.042721
12.229,-0.081317,-6.1252
-12.344,5.9474,-0.35928
-0.17253,-6.224,-12.216
-6.3753,-0.20506,-12.312
-12.675,-5.9931,-0.21769
-12.408,0.20531,-6.5412
6.2697,11.562,-5.8815
6.2697,11.562,6.1817
5.811,5.869,12.028
5.811,5.869,-12.098
-12.025,6.1206,5.7067
-6.1687,11.956,5.8927
12.027,-6.2203,-5.7709
5.7925,-6.5308,-11.878
-6.3788,5.6406,12.042
-6.3788,5.6406,-12.084
-6.1687,11.956,-6.1705
-6.655,-6.0157,11.819
-12.025,6.1206,-6.3565
-6.4634,-12.1,5.8893
12.027,-6.2203,6.2923
5.7925,-6.5308,12.248
-6.4634,-12.1,-6.1739
5.975,-12.495,-5.8849
12.612,5.834,-5.9405
-12.61,-5.9337,5.8763
5.975,-12.495,6.1783
12.612,5.834,6.1227
-6.655,-6.0157,-12.308
-12.61,-5.9337,-6.1869
-0.37947,-11.822,11.79
-0.084777,12.234,11.793
12.087,0.062933,11.999
-12.551,0.34956,11.583
-0.37947,-11.822,-12.337
12.087,0.062933,-12.127
12.171,-12.171,0.20628
-12.171,12.171,-0.20628
-12.466,-11.885,-0.20969
12.466,11.885,0.20969
-0.084777,12.234,-12.333
-12.551,0.34956,-12.543
6.0908,11.68,12.024
6.0908,11.68,-12.103
-6.5433,-11.946,11.621
-6.2486,12.111,11.624
11.962,-6.2797,-11.865
-12.136,11.959,5.7627
-12.344,5.9474,11.704
12.501,11.673,-5.8845
12.294,5.6608,-12.007
-12.136,11.959,-6.3005
12.294,5.6608,12.12
12.501,11.673,6.1787
5.7961,-12.376,12.02
11.962,-6.2797,12.261
5.7961,-12.376,-12.106
-12.431,-12.097,5.7593
-12.675,-5.9931,11.846
12.207,-12.383,-5.8879
12.207,-12.383,6.1753
-12.431,-12.097,-6.3039
-6.5433,-11.946,-12.506
-6.2486,12.111,-12.502
-12.344,5.9474,-12.422
-12.675,-5.9931,-12.281
-12.171,12.171,11.857
12.171,-12.171,-11.857
-12.466,-11.885,11.854
12.466,11.885,-11.854
12.171,-12.171,12.269
-12.171,12.171,-12.269
-12.466,-11.885,-12.273
12.466,11.885,12.273
