-9.493,-9.1984,-9.8817
-9.447,-8.847,-3.1226
-9.493,-9.1984,3.0044
-3.3171,-10.105,-3.7216
-10.063,-3.823,-3.2426
-9.447,-8.847,9.7636
-3.3171,-10.105,9.1646
-10.063,-3.823,9.6436
3.3897,-10.53,-9.5308
9.9488,-4.217,-9.9238
9.4906,-9.2813,-9.7068
9.7105,-4.4581,-3.2266
3.3897,-10.53,3.3554
9.9488,-4.217,2.9624
9.7572,-10.782,-3.1696
9.4906,-9.2813,3.1794
9.7105,-4.4581,9.6595
9.7572,-10.782,9.7165
-9.5474,2.407,-9.7071
-2.2465,-4.4343,-9.4981
-2.9882,8.72,-10.1
3.6699,3.5228,-9.7091
3.4259,-3.2152,-10.752
-3.4464,3.6557,-9.8831
-2.4035,-10.298,-9.3821
-8.8494,-3.0483,-9.6521
3.4464,-9.7623,-3.079
-3.2032,-3.6388,-4.004
-3.2265,8.4789,-3.403
3.7158,3.8742,-2.95
-9.5474,2.407,3.179
-2.2465,-4.4343,3.388
-2.9882,8.72,2.786
3.6699,3.5228,3.177
2.8864,-2.745,-2.585
-3.1799,2.1546,-3.346
9.8458,2.6163,-3.549
3.1,8.8982,-3.07
3.4259,-3.2152,2.134
-3.4464,3.6557,3.003
-2.4035,-10.298,3.504
-8.8494,-3.0483,3.234
3.4464,-9.7623,9.8071
-3.2032,-3.6388,8.8821
-3.2265,8.4789,9.4831
3.7158,3.8742,9.9361
2.8864,-2.745,10.301
-3.1799,2.1546,9.5401
9.8458,2.6163,9.3371
3.1,8.8982,9.8161
-9.5111,9.7218,-10.928
-9.4906,3.1747,-3.2554
-10.051,10.192,-2.7614
-9.5111,9.7218,1.9576
-9.4906,3.1747,9.6308
-10.051,10.192,10.125
10.916,8.2869,-9.3256
10.759,2.4236,-9.2096
4.3134,9.6729,-9.4796
9.9597,9.0824,-3.8314
10.916,8.2869,3.5606
10.759,2.4236,3.6766
4.3134,9.6729,3.4066
9.9597,9.0824,9.0547
-2.581,-11.545,-9.9077
-10.279,-10.389,-9.4347
-2.581,-11.545,2.9784
-10.073,-9.7146,-2.0836
-10.279,-10.389,3.4514
-10.073,-9.7146,10.803
9.2884,-10.7,-9.2448
10.211,-10.009,-1.9726
9.2884,-10.7,3.6414
3.6937,-10.817,-4.0526
10.211,-10.009,10.913
3.6937,-10.817,8.8335
10.582,1.1759,-9.7351
-8.7589,-4.0468,-8.5541
3.4415,-3.8431,-9.3871
-3.6487,2.2373,-9.4211
-2.9896,-3.7717,-10.625
4.1528,-8.9074,-9.7121
2.8836,2.332,-9.2621
10.09,-3.3248,-8.7651
-2.955,-9.5891,-2.252
-9.2447,-2.7351,-3.462
3.3086,-3.7795,-3.595
-2.7259,2.9281,-2.149
10.582,1.1759,3.151
-8.7589,-4.0468,4.332
3.4415,-3.8431,3.499
-3.6487,2.2373,3.465
-2.5541,-4.7206,-3.206
-9.2433,2.1199,-4.229
3.0901,3.0066,-1.911
10.332,-2.8122,-3.138
-2.9896,-3.7717,2.261
4.1528,-8.9074,3.174
2.8836,2.332,3.624
10.09,-3.3248,4.121
-2.955,-9.5891,10.634
-9.2447,-2.7351,9.4241
3.3086,-3.7795,9.2911
-2.7259,2.9281,10.737
-2.5541,-4.7206,9.6801
-9.2433,2.1199,8.6571
3.0901,3.0066,10.975
10.332,-2.8122,9.7481
-9.4956,9.0939,-9.5635
-8.7842,4.0296,-9.8885
-2.8466,9.6122,-8.9415
-9.6285,9.1576,-3.7714
-9.4956,9.0939,3.3226
-2.6055,10.125,-3.3144
-8.7842,4.0296,2.9976
-2.8466,9.6122,3.9446
-9.6285,9.1576,9.1148
-2.6055,10.125,9.5718
4.4039,8.6744,-8.3816
10.173,8.9495,-10.453
10.208,3.1321,-2.0794
3.9181,9.9861,-3.2894
4.4039,8.6744,4.5046
10.609,8.0006,-3.0334
10.173,8.9495,2.4336
10.208,3.1321,10.807
3.9181,9.9861,9.5967
10.609,8.0006,9.8527
-0.15652,-13.953,-9.7263
-0.15652,-13.953,3.1598
-9.534,-12.392,-12.524
-9.2985,-13.245,-7.3537
-2.9522,-12.874,-13.249
-9.6365,-6.3509,-13.088
-2.7931,-13.08,-6.3267
-12.816,-9.6022,-12.208
-13.275,-10.05,-7.6817
-6.1052,-9.6418,-12.825
-13.086,-3.3075,-13.682
-6.6299,-10.067,-6.9167
-5.833,-14.243,-9.7967
-12.227,-5.5483,-9.4997
-12.879,-13.949,-9.9157
-13.094,-1.0158,-9.9027
-9.534,-12.392,0.36245
-9.2985,-13.245,5.5324
-2.9522,-12.874,-0.36255
-9.6365,-6.3509,-0.20155
-2.7931,-13.08,6.5594
-9.8748,-6.6853,-6.0376
-12.816,-9.6022,0.67845
-13.275,-10.05,5.2044
-6.1052,-9.6418,0.061449
-13.086,-3.3075,-0.79555
-6.6299,-10.067,5.9694
-13.1,-3.4744,-6.2546
-7.0994,-12.105,-3.1516
-13.462,-7.2588,-3.0906
-5.833,-14.243,3.0894
-12.227,-5.5483,3.3864
-12.466,-11.934,-2.9216
-12.879,-13.949,2.9704
-13.094,-1.0158,2.9834
-9.534,-12.392,13.249
-2.9522,-12.874,12.524
-9.6365,-6.3509,12.685
-9.8748,-6.6853,6.8486
-12.816,-9.6022,13.565
-6.1052,-9.6418,12.948
-13.086,-3.3075,12.091
-13.1,-3.4744,6.6316
-7.0994,-12.105,9.7346
-13.462,-7.2588,9.7956
-12.466,-11.934,9.9646
3.4745,-13.916,-12.311
9.456,-6.9104,-12.612
3.7185,-13.874,-6.3498
10.101,-6.7025,-6.6528
9.8576,-12.55,-12.479
10.381,-13.434,-6.2908
13.284,-9.818,-11.859
12.825,-10.266,-7.3328
6.1,-9.9849,-12.259
13.014,-3.5233,-13.333
6.4133,-10.362,-6.8318
7.662,-14.278,-9.5188
13.873,-5.7641,-9.1508
13.221,-14.165,-9.5668
13.006,-1.2316,-9.5538
3.4745,-13.916,0.57536
9.456,-6.9104,0.27436
3.7185,-13.874,6.5364
10.101,-6.7025,6.2334
9.8576,-12.55,0.40736
10.381,-13.434,6.5954
13.284,-9.818,1.0274
12.825,-10.266,5.5534
6.1,-9.9849,0.62736
13.014,-3.5233,-0.44664
6.4133,-10.362,6.0544
13,-3.6902,-5.9056
6.397,-12.726,-2.8446
12.638,-7.4746,-2.7416
7.662,-14.278,3.3674
13.873,-5.7641,3.7354
6.8382,-8.2213,-3.1656
13.634,-12.15,-2.5726
1.1962,-13.029,-2.9446
13.221,-14.165,3.3194
13.006,-1.2316,3.3324
3.4745,-13.916,13.461
9.456,-6.9104,13.16
9.8576,-12.55,13.293
13.284,-9.818,13.913
6.1,-9.9849,13.513
13.014,-3.5233,12.439
13,-3.6902,6.9805
6.397,-12.726,10.041
12.638,-7.4746,10.144
6.8382,-8.2213,9.7205
13.634,-12.15,10.313
1.1962,-13.029,9.9415
-2.827,-6.5379,-12.634
-9.4625,-0.97864,-12.487
3.6289,0.32951,-12.351
-3.4811,6.0267,-12.788
-2.7598,-7.1524,-6.4331
-9.2186,-0.93692,-6.5261
3.8643,-0.52397,-7.1811
-2.8362,6.2346,-6.8291
3.4217,-6.0125,-13.863
-3.0795,0.38679,-12.655
10.211,-0.15274,-13.076
3.5263,6.3703,-12.915
-2.5562,-0.4971,-6.4671
10.37,-0.3585,-6.1541
0.3776,-9.9066,-12.731
-5.7686,-3.3743,-13.422
6.8066,-3.2725,-13.578
0.34719,3.119,-12.035
0.71701,-10.032,-7.0401
-0.11243,2.6707,-7.5091
-0.29133,-3.4917,-13.634
-6.837,2.9522,-12.435
7.0576,3.0795,-12.652
0.077075,9.4137,-13.509
-6.5238,2.5753,-7.0081
6.533,2.6538,-6.7441
1.2742,-6.7868,-9.5081
-5.275,-1.3407,-9.6951
7.3299,-1.5217,-9.6241
0.93621,7.1729,-9.3271
6.5648,-5.9043,-9.4391
0.28426,-1.2275,-9.7431
0.069296,11.705,-9.7301
-5.9871,-6.0182,-9.2091
-2.827,-6.5379,0.252
-9.4625,-0.97864,0.399
3.6289,0.32951,0.535
-3.4811,6.0267,0.098
-2.7598,-7.1524,6.453
-9.2186,-0.93692,6.36
3.8643,-0.52397,5.705
-2.8362,6.2346,6.057
3.4217,-6.0125,-0.977
-3.0795,0.38679,0.231
10.211,-0.15274,-0.19
3.5263,6.3703,-0.029
3.3722,-6.6178,-5.863
-2.5562,-0.4971,6.419
10.37,-0.3585,6.732
3.288,6.0359,-5.865
0.3776,-9.9066,0.155
-5.7686,-3.3743,-0.536
6.8066,-3.2725,-0.692
0.34719,3.119,0.851
0.71701,-10.032,5.846
-6.5301,-3.9195,-5.769
6.5676,-3.7957,-5.259
-0.11243,2.6707,5.377
-0.29133,-3.4917,-0.748
-6.837,2.9522,0.451
7.0576,3.0795,0.234
0.077075,9.4137,-0.623
0.28638,-3.45,-5.396
-6.5238,2.5753,5.878
6.533,2.6538,6.142
0.062933,9.2468,-6.082
-0.18031,-7.5413,-3.316
-6.54,0.21142,-3.021
6.0634,0.61589,-2.979
-0.29911,5.4624,-2.918
1.2742,-6.7868,3.378
-5.275,-1.3407,3.191
7.3299,-1.5217,3.262
0.93621,7.1729,3.559
-6.0988,4.7157,-3.342
0.6965,0.78701,-2.749
-11.741,-0.091924,-3.121
-5.4624,-6.9219,-2.943
6.5648,-5.9043,3.447
0.28426,-1.2275,3.143
0.069296,11.705,3.156
-5.9871,-6.0182,3.677
-2.827,-6.5379,13.138
-9.4625,-0.97864,13.285
3.6289,0.32951,13.421
-3.4811,6.0267,12.984
3.4217,-6.0125,11.909
-3.0795,0.38679,13.117
10.211,-0.15274,12.696
3.5263,6.3703,12.857
3.3722,-6.6178,7.0231
3.288,6.0359,7.0211
0.3776,-9.9066,13.041
-5.7686,-3.3743,12.35
6.8066,-3.2725,12.194
0.34719,3.119,13.737
-6.5301,-3.9195,7.1171
6.5676,-3.7957,7.6271
-0.29133,-3.4917,12.138
-6.837,2.9522,13.337
7.0576,3.0795,13.12
0.077075,9.4137,12.263
0.28638,-3.45,7.4901
0.062933,9.2468,6.8041
-0.18031,-7.5413,9.5701
-6.54,0.21142,9.8651
6.0634,0.61589,9.9071
-0.29911,5.4624,9.9681
-6.0988,4.7157,9.5441
0.6965,0.78701,10.137
-11.741,-0.091924,9.7651
-5.4624,-6.9219,9.9431
-9.3082,13.267,-12.527
-9.0727,12.413,-7.3575
-9.5153,6.9245,-14.039
-2.7264,12.784,-13.252
-2.5673,12.579,-6.3305
-12.559,3.0305,-12.907
-6.1304,9.6645,-13.754
-12.22,2.9046,-7.2165
-13.228,9.4453,-13.81
-11.663,6.1502,-9.6845
-5.6072,11.415,-9.8005
-6.3723,7.0327,-9.6155
-12.653,11.71,-9.9195
-9.3082,13.267,0.35864
-9.0727,12.413,5.5286
-9.5153,6.9245,-1.1534
-2.7264,12.784,-0.36636
-9.5648,6.3192,-6.0394
-2.5673,12.579,6.5556
-12.559,3.0305,-0.021357
-6.1304,9.6645,-0.86836
-12.22,2.9046,5.6696
-6.3694,9.1413,-5.4354
-13.228,9.4453,-0.92436
-12.651,9.4871,-5.5724
-13.117,5.3957,-3.4924
-6.8736,13.553,-3.1554
-11.663,6.1502,3.2016
-5.6072,11.415,3.0856
-12.241,13.724,-2.9254
-6.3723,7.0327,3.2706
-12.653,11.71,2.9666
-9.3082,13.267,13.245
-9.5153,6.9245,11.733
-2.7264,12.784,12.52
-9.5648,6.3192,6.8468
-12.559,3.0305,12.865
-6.1304,9.6645,12.018
-6.3694,9.1413,7.4508
-13.228,9.4453,11.962
-12.651,9.4871,7.3138
-13.117,5.3957,9.3938
-6.8736,13.553,9.7308
-12.241,13.724,9.9608
14.359,-0.30775,-2.7721
14.359,-0.30775,10.114
10.336,6.1833,-12.462
3.7004,11.743,-12.315
10.403,5.5688,-6.2606
3.9443,11.784,-6.3536
10.083,13.108,-12.483
10.607,12.224,-6.2946
13.54,2.8146,-12.559
7.3943,9.3469,-13.25
13.88,2.6888,-6.8676
12.872,9.2295,-13.462
14.437,5.9344,-9.3356
7.8878,11.381,-9.5226
13.447,11.494,-9.5706
7.1758,6.703,-9.0366
10.336,6.1833,0.42455
3.7004,11.743,0.57155
10.403,5.5688,6.6256
3.9443,11.784,6.5326
10.083,13.108,0.40355
10.607,12.224,6.5916
13.54,2.8146,0.32755
7.3943,9.3469,-0.36345
13.88,2.6888,6.0186
6.6327,8.8017,-5.5964
12.872,9.2295,-0.57545
13.449,9.2712,-5.2234
12.983,5.1799,-3.1434
6.6228,12.933,-2.8484
14.437,5.9344,3.5506
7.8878,11.381,3.3636
13.859,13.508,-2.5764
1.4221,12.629,-2.9484
7.7005,5.7993,-2.7704
13.447,11.494,3.3156
7.1758,6.703,3.8496
10.336,6.1833,13.311
3.7004,11.743,13.458
10.083,13.108,13.29
13.54,2.8146,13.214
7.3943,9.3469,12.523
6.6327,8.8017,7.2897
12.872,9.2295,12.311
13.449,9.2712,7.6627
12.983,5.1799,9.7427
6.6228,12.933,10.038
13.859,13.508,10.31
1.4221,12.629,9.9377
7.7005,5.7993,10.116
0,0,0
-0.36204,6.0797,0.079
0.41295,-0.67317,6.099
-6.5853,-0.26234,-0.094
6.6765,-0.08061,-0.096
0.19233,-6.7727,-0.288
0.41295,-0.67317,-6.7871
-5.7636,-0.84924,6.098
0.54518,5.8273,6.14
0.54518,5.8273,-6.7461
-5.7636,-0.84924,-6.7881
-6.3213,6.4628,-0.88436
6.4934,6.4311,0.046
-6.6695,-6.2901,-0.12655
6.6157,-6.4743,-0.708
6.9261,-0.70923,6.216
0.72832,-7.0103,6.404
0.72832,-7.0103,-6.4821
6.9261,-0.70923,-6.6701
-5.796,6.3291,6.3236
-5.796,6.3291,-6.5625
7.0315,5.6809,-6.2311
7.0315,5.6809,6.655
-6.1314,-7.0403,-6.4037
-6.1314,-7.0403,6.4824
7.1411,-6.6079,-6.3861
7.1411,-6.6079,6.5
0.36062,12.4,-0.14
-12.802,-0.32138,-0.31255
0,0,12.886
0,0,-12.886
0.13481,-13.258,-0.13619
13.298,-0.53721,0.036357
0.43275,12.24,6.161
0.43275,12.24,-6.7251
-12.73,-0.48119,5.9884
6.5776,12.459,0.078551
-12.745,6.1644,-0.46436
-0.36204,6.0797,-12.807
-6.2605,12.856,-0.27236
0.19233,-6.7727,12.598
-0.36204,6.0797,12.965
12.575,-6.8573,0.25536
-6.4864,-12.802,-0.26855
-6.5853,-0.26234,12.792
6.6765,-0.08061,12.79
-12.73,-0.48119,-6.8977
-6.5853,-0.26234,-12.98
6.6765,-0.08061,-12.982
13.355,5.9485,-0.11545
6.3518,-13.199,0.082357
0.20693,-13.418,6.1648
13.37,-0.69702,6.3374
0.19233,-6.7727,-13.174
13.37,-0.69702,-6.5488
-6.0109,12.228,6.0396
-12.209,5.9268,6.2276
0.20693,-13.418,-6.7213
-6.3213,6.4628,12.002
-13.525,-6.6415,-0.093551
-12.209,5.9268,-6.6585
-6.0109,12.228,-6.8465
6.6157,-6.4743,12.178
7.3992,11.872,6.2706
7.3992,11.872,-6.6156
-12.618,-6.8939,5.9674
-6.6695,-6.2901,12.76
6.4934,6.4311,-12.84
6.4934,6.4311,12.932
-6.6695,-6.2901,-13.013
-12.618,-6.8939,-6.9187
-6.2367,-13.43,6.0434
13.891,5.711,-6.3096
-6.2367,-13.43,-6.8427
13.891,5.711,6.5766
6.6157,-6.4743,-13.594
-6.3213,6.4628,-13.77
13.482,-7.1098,6.3164
13.482,-7.1098,-6.5698
7.1734,-13.786,6.2744
7.1734,-13.786,-6.6118
0.36062,12.4,12.746
-12.802,-0.32138,12.574
0.36062,12.4,-13.026
-12.937,12.937,-0.17636
12.937,-12.937,0.17636
-13.163,-12.721,-0.17255
13.163,12.721,0.17255
-12.802,-0.32138,-13.199
0.13481,-13.258,12.75
13.298,-0.53721,-12.85
-12.524,12.264,5.9226
13.298,-0.53721,12.922
0.13481,-13.258,-13.022
-12.745,6.1644,12.422
-12.524,12.264,-6.9635
6.5776,12.459,-12.808
-6.2605,12.856,12.614
12.575,-6.8573,-12.631
-6.4864,-12.802,12.618
6.5776,12.459,12.965
13.576,12.048,6.2716
13.576,12.048,-6.6146
13.355,5.9485,12.771
-12.75,-13.394,5.9264
-6.2605,12.856,-13.158
12.575,-6.8573,13.141
6.3518,-13.199,-12.804
-12.745,6.1644,-13.35
-6.4864,-12.802,-13.155
6.3518,-13.199,12.968
13.355,5.9485,-13.002
-12.75,-13.394,-6.9597
-13.525,-6.6415,12.793
-13.525,-6.6415,-12.98
13.35,-13.61,6.2754
13.35,-13.61,-6.6108
12.937,-12.937,-12.71
-12.937,12.937,12.71
-13.163,-12.721,12.714
13.163,12.721,-12.714
-12.937,12.937,-13.062
12.937,-12.937,13.062
-13.163,-12.721,-13.059
13.163,12.721,13.059
