-9.1034,-8.5112,-9.6154
-3.7612,-7.8741,-9.6234
-9.4464,-2.8819,-9.5384
-9.4711,-7.7475,-3.2448
-9.1034,-8.5112,1.8942
-10.196,-2.4237,-3.5918
-3.7612,-7.8741,1.8862
-9.4464,-2.8819,1.9712
-9.4711,-7.7475,8.2649
-10.196,-2.4237,7.9179
2.4506,-9.4906,-9.139
7.9363,-9.195,-8.993
8.2574,-3.3614,-2.8474
2.4506,-9.4906,2.3706
7.8253,-8.4363,-2.9784
7.9363,-9.195,2.5166
8.2574,-3.3614,8.6623
7.8253,-8.4363,8.5313
-9.2044,2.1645,-9.3637
-3.3821,-3.3269,-9.4637
8.6012,-2.7153,-8.8187
2.9204,2.7902,-9.3877
2.4218,-3.1912,-8.4587
-3.7187,2.46,-9.2177
8.2625,3.4273,-9.3957
2.5774,8.4195,-9.3107
2.5428,-8.4471,-3.039
-2.1991,-2.728,-3.308
-3.3976,8.2937,-3.072
2.5527,3.5539,-3.017
-9.2044,2.1645,2.146
-3.3821,-3.3269,2.046
8.6012,-2.7153,2.691
2.9204,2.7902,2.122
2.2684,-3.1961,-2.612
-3.8297,3.2188,-3.203
-3.1954,-8.3007,-3.847
1.8279,8.8777,-3.364
2.4218,-3.1912,3.051
-3.7187,2.46,2.292
8.2625,3.4273,2.114
2.5774,8.4195,2.199
2.5428,-8.4471,8.4707
-2.1991,-2.728,8.2017
-3.3976,8.2937,8.4377
2.5527,3.5539,8.4927
2.2684,-3.1961,8.8977
-3.8297,3.2188,8.3067
-3.1954,-8.3007,7.6627
1.8279,8.8777,8.1457
-3.0538,8.9397,-9.0433
-9.2332,8.4638,-8.6833
-9.1123,3.2079,-3.2636
-3.0538,8.9397,2.4664
-9.3866,8.4589,-2.8366
-9.2332,8.4638,2.8264
-9.1123,3.2079,8.246
-9.3866,8.4589,8.673
8.6417,7.9745,-9.2359
9.8247,8.5734,-3.0802
8.6417,7.9745,2.2738
8.8283,3.0007,-3.6192
9.8247,8.5734,8.4294
8.8283,3.0007,7.8904
-8.3871,-3.6215,-8.7924
-8.5321,-8.5225,-8.2434
-8.3871,-3.6215,2.7172
-9.2667,-8.618,-2.0278
-8.5321,-8.5225,3.2662
-9.2667,-8.618,9.4819
8.9291,-8.9617,-7.914
3.6294,-8.9807,-8.394
9.7154,-2.9795,-8.855
9.0437,-8.5148,-2.1154
8.9291,-8.9617,3.5956
3.5813,-9.1236,-3.1994
3.6294,-8.9807,3.1156
9.7154,-2.9795,2.6546
9.0437,-8.5148,9.3943
3.5813,-9.1236,8.3103
-2.3504,-8.7441,-8.4537
3.6367,7.6799,-8.5647
3.2576,-2.7499,-9.6357
-2.7259,2.6934,-8.1387
-2.4629,-3.2605,-8.2887
-8.0257,2.6743,-8.6187
3.4917,2.7789,-8.0157
-1.9396,8.6755,-9.0797
-2.7747,-8.621,-2.437
-8.6953,-2.9083,-2.412
3.1424,-2.0846,-3.005
-2.6113,3.1403,-2.34
-2.3504,-8.7441,3.056
3.6367,7.6799,2.945
3.2576,-2.7499,1.874
-2.7259,2.6934,3.371
-3.1891,-2.7209,-2.186
-8.0737,2.5314,-3.424
2.757,2.6835,-1.8
8.8982,-2.5215,-4.496
-2.4629,-3.2605,3.221
-8.0257,2.6743,2.891
3.4917,2.7789,3.494
-1.9396,8.6755,2.43
-2.7747,-8.621,9.0727
-8.6953,-2.9083,9.0977
3.1424,-2.0846,8.5047
-2.6113,3.1403,9.1697
-3.1891,-2.7209,9.3237
-8.0737,2.5314,8.0857
2.757,2.6835,9.7097
8.8982,-2.5215,7.0137
-8.3974,8.9051,-9.8603
-8.5126,9.5705,-3.2296
-8.3974,8.9051,1.6494
-2.7568,9.1335,-4.7206
-8.5126,9.5705,8.28
-2.7568,9.1335,6.789
9.6733,2.5573,-8.2259
9.5609,8.041,-8.0609
9.2491,2.6804,-2.2092
3.3285,8.3931,-2.1842
9.6733,2.5573,3.2838
8.8347,8.5805,-1.9582
9.5609,8.041,3.4488
9.2491,2.6804,9.3004
3.3285,8.3931,9.3254
8.8347,8.5805,9.5514
-9.3403,-11.489,-12.174
-9.2123,-11.251,-6.6554
-3.1078,-10.818,-11.7
-9.1833,-5.2592,-12.489
-3.3971,-11.082,-6.4874
-9.1218,-5.6276,-6.1754
-11.806,-8.1859,-11.614
-6.1279,-8.2623,-12.862
-12.213,-2.324,-12.072
-5.838,-8.4829,-6.5904
-12.125,-2.5849,-6.0694
-6.5585,-10.626,-9.3154
-12.397,-5.7351,-9.0594
-12.081,-9.9968,-8.6834
-0.33246,-11.286,-8.9614
-6.3351,-5.7047,-9.4684
-9.3403,-11.489,-0.66475
-9.2123,-11.251,4.8542
-3.1078,-10.818,-0.19075
-9.1833,-5.2592,-0.97975
-3.3971,-11.082,5.0222
-9.1218,-5.6276,5.3342
-11.806,-8.1859,-0.10475
-12.398,-8.4087,-5.4228
-6.1279,-8.2623,-1.3528
-12.213,-2.324,-0.56275
-5.838,-8.4829,4.9192
-12.125,-2.5849,5.4402
-6.6073,-11.423,-3.3108
-12.782,-5.8129,-3.1768
-6.5585,-10.626,2.1942
-12.397,-5.7351,2.4502
-11.682,-11.091,-2.9488
-1.2878,-10.97,-3.2668
-12.081,-9.9968,2.8262
-0.33246,-11.286,2.5482
-6.3351,-5.7047,2.0412
-9.3403,-11.489,10.845
-3.1078,-10.818,11.319
-9.1833,-5.2592,10.53
-11.806,-8.1859,11.405
-12.398,-8.4087,6.0869
-6.1279,-8.2623,10.157
-12.213,-2.324,10.947
-6.6073,-11.423,8.1989
-12.782,-5.8129,8.3329
-11.682,-11.091,8.5609
-1.2878,-10.97,8.2429
-11.987,0.36915,-9.186
-12.943,0.68522,-3.4914
-11.987,0.36915,2.3236
-12.943,0.68522,8.0183
2.8989,-11.999,-12.082
8.8082,-5.6573,-11.441
8.6845,-5.8758,-6.04
8.6081,-11.49,-11.652
8.5515,-12.187,-6.417
11.873,-8.5395,-11.162
5.3717,-9.0642,-11.893
11.466,-2.6776,-11.62
5.8278,-9.1653,-6.058
11.554,-2.9385,-5.617
5.4636,-11.726,-8.659
11.282,-6.0887,-8.607
11.598,-10.35,-8.231
2.8989,-11.999,-0.57238
8.8082,-5.6573,0.068623
2.44,-11.533,-5.4264
8.6845,-5.8758,5.4696
8.6081,-11.49,-0.14238
8.5515,-12.187,5.0926
11.873,-8.5395,0.34762
11.281,-8.7622,-4.9704
5.3717,-9.0642,-0.38338
11.466,-2.6776,-0.11038
5.8278,-9.1653,5.4516
11.554,-2.9385,5.8926
6.3729,-11.927,-2.7534
10.897,-6.1665,-2.7244
5.4636,-11.726,2.8506
11.282,-6.0887,2.9026
11.997,-11.444,-2.4964
11.598,-10.35,3.2786
2.8989,-11.999,10.937
8.8082,-5.6573,11.578
2.44,-11.533,6.0833
8.6081,-11.49,11.367
11.873,-8.5395,11.857
11.281,-8.7622,6.5393
5.3717,-9.0642,11.126
11.466,-2.6776,11.399
6.3729,-11.927,8.7563
10.897,-6.1665,8.7853
11.997,-11.444,9.0133
-2.4247,-5.7056,-12.567
-8.7561,-0.34436,-12.307
2.6835,-0.18738,-11.947
-2.8468,5.9977,-11.666
-2.7832,-5.3471,-5.8647
2.8115,0.050912,-6.4277
-2.9706,5.7792,-6.2647
3.1572,-5.4553,-11.362
-3.0469,0.16476,-11.877
8.9159,0.48295,-11.473
2.8404,6.0422,-12.262
3.1615,-6.1412,-6.3217
-3.1035,-0.53245,-6.6417
8.6267,0.2192,-6.2597
2.902,5.6738,-5.9477
-0.019092,-8.6529,-11.387
-5.7594,-3.078,-11.392
5.8103,-2.7867,-11.378
0.21779,3.1155,-11.387
0.23547,-8.6854,-6.1557
-5.9185,-3.0745,-6.4307
5.7212,-2.7202,-5.9947
-0.21284,-2.6821,-11.219
-6.2834,2.5908,-12.118
5.8959,3.0391,-12.635
-0.1895,8.9774,-11.845
0.73893,-2.8984,-5.8347
-5.8273,2.4897,-6.2827
6.1858,2.8185,-6.3627
-0.10112,8.7165,-5.8417
-0.51195,-5.7657,-8.9057
-6.1914,-0.070711,-8.8837
5.4652,0.67529,-9.0877
-0.37335,5.5663,-8.8317
5.7191,-5.8704,-8.9447
-0.057276,1.3046,-8.4557
11.691,0.015556,-8.7337
5.6887,5.5968,-9.2407
-2.4247,-5.7056,-1.057
-8.7561,-0.34436,-0.797
2.6835,-0.18738,-0.437
-2.8468,5.9977,-0.156
-2.7832,-5.3471,5.645
-9.215,0.12162,-5.651
2.8115,0.050912,5.082
-2.9706,5.7792,5.245
3.1572,-5.4553,0.148
-3.0469,0.16476,-0.367
8.9159,0.48295,0.037
2.8404,6.0422,-0.752
3.1615,-6.1412,5.188
-3.1035,-0.53245,4.868
8.6267,0.2192,5.25
2.902,5.6738,5.562
-0.019092,-8.6529,0.123
-5.7594,-3.078,0.118
5.8103,-2.7867,0.132
0.21779,3.1155,0.123
0.23547,-8.6854,5.354
-5.9185,-3.0745,5.079
5.7212,-2.7202,5.515
-0.37406,2.8928,-5.195
-0.21284,-2.6821,0.291
-6.2834,2.5908,-0.608
5.8959,3.0391,-1.125
-0.1895,8.9774,-0.335
0.73893,-2.8984,5.675
-5.8273,2.4897,5.227
6.1858,2.8185,5.147
-0.10112,8.7165,5.668
0.12304,-6.1787,-3.331
-5.2821,-0.27153,-2.978
5.4164,-0.12162,-3.083
-0.75802,5.4886,-2.949
-0.51195,-5.7657,2.604
-6.1914,-0.070711,2.626
5.4652,0.67529,2.422
-0.37335,5.5663,2.678
5.6873,-5.6646,-3.471
0.34224,0.21072,-2.721
10.736,0.33163,-3.039
-6.3385,-5.0007,-3.385
5.7191,-5.8704,2.565
-0.057276,1.3046,3.054
11.691,0.015556,2.776
5.6887,5.5968,2.269
-2.4247,-5.7056,10.453
-8.7561,-0.34436,10.713
2.6835,-0.18738,11.073
-2.8468,5.9977,11.354
-9.215,0.12162,5.8587
3.1572,-5.4553,11.658
-3.0469,0.16476,11.143
8.9159,0.48295,11.547
2.8404,6.0422,10.758
-0.019092,-8.6529,11.633
-5.7594,-3.078,11.628
5.8103,-2.7867,11.642
0.21779,3.1155,11.633
-0.37406,2.8928,6.3147
-0.21284,-2.6821,11.801
-6.2834,2.5908,10.902
5.8959,3.0391,10.385
-0.1895,8.9774,11.175
0.12304,-6.1787,8.1787
-5.2821,-0.27153,8.5317
5.4164,-0.12162,8.4267
-0.75802,5.4886,8.5607
5.6873,-5.6646,8.0387
0.34224,0.21072,8.7887
10.736,0.33163,8.4707
-6.3385,-5.0007,8.1247
-8.9716,11.468,-12.171
-8.8436,11.706,-6.6523
-8.4978,6.1997,-11.586
-2.7391,12.138,-11.697
-8.4935,5.5138,-6.5463
-3.0283,11.874,-6.4843
-11.674,3.0022,-11.611
-5.8447,8.8683,-11.602
-11.42,2.9696,-6.3803
-5.9338,8.9348,-6.2193
-11.868,8.973,-11.443
-10.916,8.7566,-6.0593
-12.167,5.8893,-9.1303
-6.1898,12.33,-9.3123
-5.9359,5.7846,-9.1693
-11.712,12.96,-8.6803
0.036282,11.671,-8.9583
-8.9716,11.468,-0.66162
-8.8436,11.706,4.8574
-8.4978,6.1997,-0.076623
-2.7391,12.138,-0.18762
-8.4935,5.5138,4.9634
-3.0283,11.874,5.0254
-11.674,3.0022,-0.10162
-5.8447,8.8683,-0.092623
-11.42,2.9696,5.1294
-5.9338,8.9348,5.2904
-11.868,8.973,0.066377
-10.916,8.7566,5.4504
-11.532,5.4763,-3.5556
-6.2386,11.533,-3.3076
-12.167,5.8893,2.3794
-6.1898,12.33,2.1974
-5.9678,5.9904,-3.6956
-11.313,11.866,-2.9456
-0.91902,11.987,-3.2636
-5.9359,5.7846,2.3404
-11.712,12.96,2.8294
0.036282,11.671,2.5514
-8.9716,11.468,10.848
-8.4978,6.1997,11.433
-2.7391,12.138,11.322
-11.674,3.0022,11.408
-5.8447,8.8683,11.417
-11.868,8.973,11.576
-11.532,5.4763,7.954
-6.2386,11.533,8.202
-5.9678,5.9904,7.814
-11.313,11.866,8.564
-0.91902,11.987,8.246
9.5991,5.5958,-12.339
3.2677,10.957,-12.079
9.2406,5.9543,-5.6369
8.9768,11.466,-11.649
8.9203,10.769,-6.4139
12.005,2.6486,-11.159
6.2644,8.2234,-11.164
12.259,2.616,-5.9279
6.1053,8.2269,-6.2029
11.811,8.6194,-10.991
12.763,8.403,-5.6069
11.512,5.5357,-8.6779
5.8323,11.231,-8.6559
11.966,12.606,-8.2279
9.5991,5.5958,-0.82925
3.2677,10.957,-0.56925
9.2406,5.9543,5.8728
2.8087,11.423,-5.4232
8.9768,11.466,-0.13925
8.9203,10.769,5.0958
12.005,2.6486,0.35075
6.2644,8.2234,0.34575
12.259,2.616,5.5818
6.1053,8.2269,5.3068
11.811,8.6194,0.51875
12.763,8.403,5.9028
12.147,5.1227,-3.1032
6.7417,11.03,-2.7502
11.512,5.5357,2.8318
5.8323,11.231,2.8538
12.366,11.512,-2.4932
5.6853,6.3008,-3.1572
11.966,12.606,3.2818
9.5991,5.5958,10.68
3.2677,10.957,10.94
2.8087,11.423,6.0864
8.9768,11.466,11.37
12.005,2.6486,11.86
6.2644,8.2234,11.855
11.811,8.6194,12.028
12.147,5.1227,8.4064
6.7417,11.03,8.7594
12.366,11.512,9.0164
5.6853,6.3008,8.3524
0,0,0
0.010607,0.10677,5.475
0.17466,-5.7806,-0.081
0.0077782,5.8499,-0.274
-5.893,-0.38467,-0.359
0.010607,0.10677,-6.0347
6.207,-0.045255,-0.348
-5.7742,-0.28284,5.313
0.0098995,5.729,5.535
0.53104,-5.7269,5.588
5.9065,0.21001,5.462
-5.811,5.5975,-0.31
5.7764,5.7608,-0.625
0.53104,-5.7269,-5.9217
0.0098995,5.729,-5.9747
-6.2474,-5.5406,-0.85275
5.844,-6.0576,-0.085377
5.9065,0.21001,-6.0477
-5.7742,-0.28284,-6.1967
-5.724,5.7438,5.3
-5.9681,-5.4819,5.3492
5.931,-5.9112,5.5246
6.0557,5.8195,5.577
-5.9681,-5.4819,-6.1604
-5.724,5.7438,-6.2097
6.0557,5.8195,-5.9327
5.931,-5.9112,-5.985
0.13152,-11.358,-0.425
0,0,11.51
0,0,-11.51
-11.523,0.29747,-0.64962
0.50026,11.599,-0.42187
12.155,-0.056117,-0.19725
-11.235,0.28899,5.3924
6.1307,10.917,-0.13125
-5.893,-0.38467,11.151
0.0077782,5.8499,11.236
0.42002,-11.366,5.617
-5.8168,-11.347,-0.57575
6.207,-0.045255,11.162
-11.235,0.28899,-6.1173
0.17466,-5.7806,11.429
0.42002,-11.366,-5.8927
-5.448,11.61,-0.57262
-11.48,5.8744,-0.30562
0.78876,11.59,5.6201
0.17466,-5.7806,-11.591
0.78876,11.59,-5.8895
11.663,-5.8051,-0.049377
0.0077782,5.8499,-11.784
-12.016,-5.4515,-0.50175
-5.893,-0.38467,-11.869
5.762,-12.04,-0.13438
6.207,-0.045255,-11.858
12.198,5.5208,0.14675
-6.2474,-5.5406,10.657
5.7764,5.7608,10.885
12.444,-0.064602,-5.6649
-11.124,5.9282,5.3634
-6.1173,-11.091,5.2342
12.444,-0.064602,5.8448
-5.811,5.5975,11.2
6.2495,11.019,5.5408
6.2495,11.019,-5.9689
-11.124,5.9282,-6.1463
-6.1173,-11.091,-6.2754
-5.7486,11.865,5.2374
5.844,-6.0576,11.424
-12.014,-5.5725,5.3072
11.665,-5.926,-5.75
11.665,-5.926,5.7596
-5.811,5.5975,-11.82
5.844,-6.0576,-11.595
5.8808,-11.938,5.5376
5.8808,-11.938,-5.972
-5.7486,11.865,-6.2723
5.7764,5.7608,-12.135
-12.014,-5.5725,-6.2024
12.555,5.5746,-5.6939
12.555,5.5746,5.8158
-6.2474,-5.5406,-12.362
-11.523,0.29747,10.86
0.13152,-11.358,11.085
0.50026,11.599,11.088
0.13152,-11.358,-11.935
11.655,-11.655,0.22462
-11.655,11.655,-0.22462
-12.024,-11.301,-0.22775
12.024,11.301,0.22775
12.155,-0.056117,11.312
0.50026,11.599,-11.932
-11.523,0.29747,-12.159
-5.8168,-11.347,10.934
-5.448,11.61,10.937
12.155,-0.056117,-11.707
6.1307,10.917,11.378
-11.48,5.8744,11.204
6.1307,10.917,-11.641
-12.016,-5.4515,11.008
-12.013,-11.195,5.2472
11.663,-5.8051,11.46
-11.644,11.762,5.2504
11.666,-11.548,5.6996
11.666,-11.548,-5.81
11.663,-5.8051,-11.559
-11.48,5.8744,-11.815
12.034,11.408,5.7028
5.762,-12.04,11.375
12.198,5.5208,-11.363
-5.8168,-11.347,-12.085
12.034,11.408,-5.8069
-12.013,-11.195,-6.2624
-5.448,11.61,-12.082
-11.644,11.762,-6.2593
5.762,-12.04,-11.644
12.198,5.5208,11.656
-12.016,-5.4515,-12.011
11.655,-11.655,-11.285
-11.655,11.655,11.285
-12.024,-11.301,11.282
12.024,11.301,-11.282
11.655,-11.655,11.734
-11.655,11.655,-11.734
-12.024,-11.301,-11.737
12.024,11.301,11.737
