-8.4317,-8.8633,-9.1004
-3.8051,-8.2517,-8.6144
-9.411,-2.9753,-8.7184
-9.4605,-9.0069,-3.3708
-8.4317,-8.8633,2.4092
-9.6408,-2.6974,-3.2878
-3.8051,-8.2517,2.8952
-9.411,-2.9753,2.7912
-9.4605,-9.0069,8.1389
-9.6408,-2.6974,8.2219
3.1959,-8.7566,-8.643
8.6392,-3.9214,-8.613
8.1541,-9.0126,-8.503
3.1959,-8.7566,2.8666
8.6392,-3.9214,2.8966
8.7919,-8.8358,-2.9704
8.1541,-9.0126,3.0066
8.7919,-8.8358,8.5393
-8.4591,2.8984,-8.8677
-2.6453,-2.7712,-8.6987
-3.0158,7.7336,-8.8377
3.5921,2.4381,-8.8727
2.7167,-3.0363,-8.6127
-3.5009,2.6425,-8.7277
8.2187,3.0498,-8.3867
2.6128,8.3262,-8.4907
2.5534,-8.6048,-3.219
-3.3347,-3.2272,-3.088
8.4301,-2.8949,-2.865
2.5633,2.2946,-3.143
-8.4591,2.8984,2.642
-2.6453,-2.7712,2.811
-3.0158,7.7336,2.672
3.5921,2.4381,2.637
2.9338,-2.6976,-3.194
-2.8631,2.8192,-3.195
-2.9317,-8.5574,-2.589
2.3829,8.6041,-3.06
2.7167,-3.0363,2.897
-3.5009,2.6425,2.782
8.2187,3.0498,3.123
2.6128,8.3262,3.019
2.5534,-8.6048,8.2907
-3.3347,-3.2272,8.4217
8.4301,-2.8949,8.6447
2.5633,2.2946,8.3667
2.9338,-2.6976,8.3157
-2.8631,2.8192,8.3147
-2.9317,-8.5574,8.9207
2.3829,8.6041,8.4497
-8.9383,8.6187,-8.8373
-9.1017,3.0502,-3.4436
-3.2249,8.7601,-3.0896
-8.7212,8.9574,-3.4186
-8.9383,8.6187,2.6724
-9.1017,3.0502,8.066
-3.2249,8.7601,8.42
-8.7212,8.9574,8.091
9.3785,8.5303,-8.4709
8.689,8.0742,-2.8602
9.3785,8.5303,3.0388
9.0921,2.744,-2.3612
8.689,8.0742,8.6494
9.0921,2.744,9.1484
-9.8042,-8.5925,-8.5734
-2.9707,-8.6788,-1.4418
-9.4379,-3.1803,-1.8808
-8.8545,-8.6003,-2.0518
-9.8042,-8.5925,2.9362
-2.9707,-8.6788,10.068
-9.4379,-3.1803,9.6289
-8.8545,-8.6003,9.4579
8.9518,-9.0281,-7.231
7.9554,-8.9553,-1.7344
8.9518,-9.0281,4.2786
3.2009,-9.0218,-1.8884
9.4743,-3.2687,-2.0944
7.9554,-8.9553,9.7753
3.2009,-9.0218,9.6213
9.4743,-3.2687,9.4153
-2.4812,-8.4931,-7.2567
-7.6742,-3.1473,-7.9527
3.619,-2.9925,-7.4257
-2.7033,2.6269,-7.4557
-3.0908,-3.0667,-7.3037
2.6665,-8.3587,-7.6537
2.2196,2.7089,-8.3457
8.7915,-2.7457,-7.5997
9.0531,2.6227,-1.214
2.5859,8.1211,-1.653
2.5512,-2.9896,-1.784
-3.6996,2.6997,-1.959
-2.4812,-8.4931,4.253
-7.6742,-3.1473,3.557
3.619,-2.9925,4.084
-2.7033,2.6269,4.054
-2.6382,-3.037,-1.771
-8.4542,2.6333,-2.113
3.1693,2.7011,-1.824
-2.1807,8.3863,-2.319
-3.0908,-3.0667,4.206
2.6665,-8.3587,3.856
2.2196,2.7089,3.164
8.7915,-2.7457,3.91
9.0531,2.6227,10.296
2.5859,8.1211,9.8567
2.5512,-2.9896,9.7257
-3.6996,2.6997,9.5507
-2.6382,-3.037,9.7387
-8.4542,2.6333,9.3967
3.1693,2.7011,9.6857
-2.1807,8.3863,9.1907
-8.036,8.6625,-7.6503
-8.9885,3.2963,-7.8783
-2.8636,8.9093,-7.8243
-9.1038,8.6654,-2.0086
-8.036,8.6625,3.8594
-8.9885,3.2963,3.6314
-2.8636,8.9093,3.6854
-9.1038,8.6654,9.501
9.5425,2.8084,-7.0289
4.3495,8.1541,-7.7249
8.933,8.2347,-7.0759
9.5425,2.8084,4.4808
4.3495,8.1541,3.7848
9.3855,8.2644,-1.5432
8.933,8.2347,4.4338
9.3855,8.2644,9.9664
-9.2363,-11.453,-11.903
-9.1876,-11.502,-6.2274
-3.0343,-11.492,-11.479
-9.4548,-5.996,-11.379
-3.052,-10.951,-5.7904
-8.8078,-5.7945,-6.0264
-12.162,-8.432,-12.264
-11.749,-8.7311,-5.7024
-5.6952,-8.3358,-11.526
-12.099,-2.8246,-11.475
-6.2085,-8.4999,-6.0024
-12.353,-2.9151,-6.3184
-5.6838,-12.223,-8.6424
-12.43,-6.3694,-8.5694
-12.015,-10.749,-8.8694
-9.2363,-11.453,-0.39375
-9.1876,-11.502,5.2822
-3.0343,-11.492,0.030248
-9.4548,-5.996,0.13025
-3.052,-10.951,5.7192
-8.8078,-5.7945,5.4832
-12.162,-8.432,-0.75475
-11.749,-8.7311,5.8072
-5.6952,-8.3358,-0.016752
-12.099,-2.8246,0.034248
-6.2085,-8.4999,5.5072
-12.353,-2.9151,5.1912
-6.4397,-10.912,-2.8938
-12.053,-5.4077,-2.9918
-5.6838,-12.223,2.8672
-12.43,-6.3694,2.9402
-12.053,-12.457,-2.9298
-0.42791,-11.294,-3.1928
-7.3378,-5.7994,-2.6828
-12.015,-10.749,2.6402
-9.2363,-11.453,11.116
-3.0343,-11.492,11.54
-9.4548,-5.996,11.64
-12.162,-8.432,10.755
-5.6952,-8.3358,11.493
-12.099,-2.8246,11.544
-6.4397,-10.912,8.6159
-12.053,-5.4077,8.5179
-12.053,-12.457,8.5799
-0.42791,-11.294,8.3169
-7.3378,-5.7994,8.8269
-12.083,0.36137,-3.4174
-12.083,0.36137,8.0923
2.7646,-12.093,-11.573
8.4794,-5.9847,-11.584
2.6677,-11.74,-5.869
8.5876,-6.1622,-5.36
8.7432,-11.71,-11.37
8.5218,-11.961,-5.386
11.516,-8.7856,-11.812
11.93,-9.0847,-5.25
5.6107,-8.7884,-10.881
11.58,-3.1782,-11.023
5.8928,-9.1299,-5.871
11.326,-3.2687,-5.866
5.9296,-12.493,-8.187
11.248,-6.723,-8.117
11.664,-11.103,-8.417
2.7646,-12.093,-0.063377
8.4794,-5.9847,-0.074377
2.6677,-11.74,5.6406
8.5876,-6.1622,6.1496
8.7432,-11.71,0.13962
8.5218,-11.961,6.1236
11.516,-8.7856,-0.30238
11.93,-9.0847,6.2596
5.6107,-8.7884,0.62862
11.58,-3.1782,0.48662
5.8928,-9.1299,5.6386
11.326,-3.2687,5.6436
5.827,-11.19,-2.4214
11.626,-5.7613,-2.5394
5.9296,-12.493,3.3226
11.248,-6.723,3.3926
5.4325,-6.94,-2.5854
11.625,-12.81,-2.4774
11.664,-11.103,3.0926
2.7646,-12.093,11.446
8.4794,-5.9847,11.435
8.7432,-11.71,11.649
11.516,-8.7856,11.207
5.6107,-8.7884,12.138
11.58,-3.1782,11.996
5.827,-11.19,9.0883
11.626,-5.7613,8.9703
5.4325,-6.94,8.9243
11.625,-12.81,9.0323
-3.1777,-5.7049,-11.521
-8.8905,-0.4377,-11.798
2.7874,-0.15132,-11.676
-3.1756,5.6703,-11.809
-2.7634,-5.927,-5.3587
-8.9873,-0.084853,-6.0937
2.8362,-0.20011,-5.9997
-3.0674,5.4928,-5.5847
3.0879,-5.4101,-11.333
-2.9119,-0.055154,-11.595
8.9894,-0.19021,-11.252
2.5689,5.3054,-11.152
3.3269,-5.8075,-5.8097
-3.1332,-0.30618,-5.6107
8.9718,0.35072,-5.5627
3.2159,5.5069,-5.7987
0.44901,-8.6387,-11.874
-6.0429,-2.9288,-11.821
5.7396,-2.6792,-11.717
-0.13859,2.8694,-12.037
0.05869,-8.7349,-5.6007
6.4092,-2.9105,-5.3227
0.27506,2.5703,-5.4747
0.067175,-3.0102,-11.032
-6.0443,2.8666,-11.106
6.3286,2.9656,-11.299
-0.074953,8.4768,-11.248
0.10253,-3.1247,-6.1697
-5.7622,2.5251,-6.0957
5.8152,2.8016,-5.7747
-0.32951,8.3863,-6.0907
-0.25314,-6.6228,-8.3677
-5.7254,-0.83792,-8.4117
6.3399,-0.92207,-8.4147
-0.40659,4.9321,-8.3417
6.0847,-5.5204,-8.6307
0.0091924,0.55225,-8.6417
-0.020506,-10.558,-8.5927
-5.5395,-5.4009,-8.2597
-3.1777,-5.7049,-0.011
-8.8905,-0.4377,-0.288
2.7874,-0.15132,-0.166
-3.1756,5.6703,-0.299
-2.7634,-5.927,6.151
-8.9873,-0.084853,5.416
2.8362,-0.20011,5.51
-3.0674,5.4928,5.925
3.0879,-5.4101,0.177
-2.9119,-0.055154,-0.085
8.9894,-0.19021,0.258
2.5689,5.3054,0.358
3.3269,-5.8075,5.7
-3.1332,-0.30618,5.899
8.9718,0.35072,5.947
3.2159,5.5069,5.711
0.44901,-8.6387,-0.364
-6.0429,-2.9288,-0.311
5.7396,-2.6792,-0.207
-0.13859,2.8694,-0.527
0.05869,-8.7349,5.909
-6.294,-3.1289,-5.284
6.4092,-2.9105,6.187
0.27506,2.5703,6.035
0.067175,-3.0102,0.478
-6.0443,2.8666,0.404
6.3286,2.9656,0.211
-0.074953,8.4768,0.262
0.10253,-3.1247,5.34
-5.7622,2.5251,5.414
5.8152,2.8016,5.735
-0.32951,8.3863,5.419
0.006364,-5.0947,-2.62
-5.828,0.46528,-2.646
5.584,0.38962,-2.666
-0.028991,5.8937,-2.764
-0.25314,-6.6228,3.142
-5.7254,-0.83792,3.098
6.3399,-0.92207,3.095
-0.40659,4.9321,3.168
-6.2225,4.715,-2.81
-0.029698,-1.1554,-2.702
11.596,0.0077782,-2.965
4.686,5.502,-2.455
6.0847,-5.5204,2.879
0.0091924,0.55225,2.868
-0.020506,-10.558,2.917
-5.5395,-5.4009,3.25
-3.1777,-5.7049,11.499
-8.8905,-0.4377,11.222
2.7874,-0.15132,11.344
-3.1756,5.6703,11.211
3.0879,-5.4101,11.687
-2.9119,-0.055154,11.425
8.9894,-0.19021,11.768
2.5689,5.3054,11.868
0.44901,-8.6387,11.146
-6.0429,-2.9288,11.199
5.7396,-2.6792,11.303
-0.13859,2.8694,10.983
-6.294,-3.1289,6.2257
0.067175,-3.0102,11.988
-6.0443,2.8666,11.914
6.3286,2.9656,11.721
-0.074953,8.4768,11.772
0.006364,-5.0947,8.8897
-5.828,0.46528,8.8637
5.584,0.38962,8.8437
-0.028991,5.8937,8.7457
-6.2225,4.715,8.6997
-0.029698,-1.1554,8.8077
11.596,0.0077782,8.5447
4.686,5.502,9.0547
-8.8676,11.504,-11.9
-8.8188,11.455,-6.2243
-8.5671,6.2449,-11.557
-2.6656,11.465,-11.476
-8.3281,5.8476,-6.0343
-2.6833,12.006,-5.7873
-11.206,3.0163,-12.098
-5.9154,8.9758,-11.941
-11.596,2.9201,-5.8253
-5.2458,8.7446,-5.5473
-11.588,8.6449,-11.256
-11.552,8.5303,-6.3943
-11.908,5.0323,-8.5923
-5.3151,10.733,-8.6393
-5.5704,6.1346,-8.8553
-11.646,12.207,-8.8663
-11.676,1.0972,-8.8173
-8.8676,11.504,-0.39062
-8.8188,11.455,5.2854
-8.5671,6.2449,-0.047623
-2.6656,11.465,0.033377
-8.3281,5.8476,5.4754
-2.6833,12.006,5.7224
-11.206,3.0163,-0.58862
-5.9154,8.9758,-0.43162
-11.596,2.9201,5.6844
-5.2458,8.7446,5.9624
-11.588,8.6449,0.25338
-11.552,8.5303,5.1154
-11.649,6.5603,-2.8446
-6.071,12.045,-2.8906
-11.908,5.0323,2.9174
-5.3151,10.733,2.8704
-11.685,10.5,-2.9266
-0.059177,11.663,-3.1896
-5.5704,6.1346,2.6544
-11.646,12.207,2.6434
-11.676,1.0972,2.6924
-8.8676,11.504,11.119
-8.5671,6.2449,11.462
-2.6656,11.465,11.543
-11.206,3.0163,10.921
-5.9154,8.9758,11.078
-11.588,8.6449,11.763
-11.649,6.5603,8.665
-6.071,12.045,8.619
-11.685,10.5,8.583
-0.059177,11.663,8.32
8.846,5.5965,-11.293
3.1333,10.864,-11.57
9.2604,5.3745,-5.1309
3.0364,11.217,-5.8659
9.1119,11.246,-11.367
8.8906,10.995,-5.3829
12.473,2.6627,-11.646
5.9808,8.3726,-11.593
12.082,2.5665,-5.3729
12.091,8.2913,-10.804
12.126,8.1767,-5.9419
11.771,4.6787,-8.1399
6.2983,10.464,-8.1839
12.033,11.854,-8.4139
12.003,0.74362,-8.3649
6.4843,5.9006,-8.0319
8.846,5.5965,0.21675
3.1333,10.864,-0.060248
9.2604,5.3745,6.3788
3.0364,11.217,5.6438
9.1119,11.246,0.14275
8.8906,10.995,6.1268
12.473,2.6627,-0.13625
5.9808,8.3726,-0.083248
12.082,2.5665,6.1368
5.7298,8.1725,-5.0562
12.091,8.2913,0.70575
12.126,8.1767,5.5678
12.03,6.2067,-2.3922
6.1958,11.767,-2.4182
11.771,4.6787,3.3698
6.2983,10.464,3.3258
11.994,10.146,-2.4742
12.033,11.854,3.0958
12.003,0.74362,3.1448
6.4843,5.9006,3.4778
8.846,5.5965,11.726
3.1333,10.864,11.449
9.1119,11.246,11.652
12.473,2.6627,11.373
5.9808,8.3726,11.426
5.7298,8.1725,6.4534
12.091,8.2913,12.215
12.03,6.2067,9.1174
6.1958,11.767,9.0914
11.994,10.146,9.0354
0.34823,12.399,-8.5895
0.34823,12.399,2.9201
0,0,0
-0.20435,5.3846,0.219
0.17395,-0.40871,-5.5007
0.28496,-5.7269,0.053
-5.8711,-0.18173,0.425
0.17395,-0.40871,6.009
6.0953,-0.059397,0.449
0.26517,5.3818,-5.6237
0.26517,5.3818,5.886
5.9637,0.065054,-5.314
-5.9595,-0.19516,-5.3327
5.6194,5.7184,0.143
0.14637,-5.9347,-5.4827
6.0726,-5.5253,0.102
-5.5824,6.1297,-0.12262
0.14637,-5.9347,6.027
-6.4044,-5.5831,-0.084752
-5.9595,-0.19516,6.177
5.9637,0.065054,6.1957
5.6618,5.6123,-5.279
-5.7771,5.3443,-5.5387
-5.7771,5.3443,5.971
5.6618,5.6123,6.2307
5.878,-6.3107,-5.314
-6.362,-5.6891,-5.5068
-6.362,-5.6891,6.0029
5.878,-6.3107,6.1956
0.40741,11.094,0.67175
0,0,-11.51
0,0,11.51
-11.616,-0.20789,0.444
0.038671,-11.863,0.66862
12.062,-0.56148,0.89637
-0.20435,5.3846,-11.291
-5.8711,-0.18173,-11.085
6.0953,-0.059397,-11.061
-0.13234,-11.352,5.6202
6.1527,11.12,0.65275
-0.13234,-11.352,-5.8894
0.28496,-5.7269,-11.457
-5.9285,-11.361,0.22125
-11.37,5.9282,-0.17162
-5.5598,11.596,0.22438
0.23639,11.605,5.6234
0.28496,-5.7269,11.563
-0.20435,5.3846,11.729
-11.787,0.30338,5.3956
0.23639,11.605,-5.8863
11.451,-6.2704,0.44362
11.891,-0.050205,-5.6617
5.7839,-11.837,0.64962
11.891,-0.050205,5.848
-11.787,0.30338,-6.114
-5.8711,-0.18173,11.935
6.0953,-0.059397,11.959
12.309,5.5746,0.28075
-12.228,-5.9168,-0.008752
6.0643,11.106,-5.1049
5.6194,5.7184,-11.367
-6.06,-11.236,-5.5418
6.0726,-5.5253,-11.408
-11.509,5.7203,-5.7073
-5.5824,6.1297,11.387
-6.06,-11.236,5.9679
-11.509,5.7203,5.8024
5.6955,-11.85,-5.108
5.6194,5.7184,11.653
-5.6913,11.72,-5.5386
6.0643,11.106,6.4048
6.0726,-5.5253,11.612
-6.4044,-5.5831,11.425
-5.5824,6.1297,-11.632
12.17,5.3667,-5.2549
-11.759,-5.9196,5.6582
-5.6913,11.72,5.971
-6.4044,-5.5831,-11.594
-11.759,-5.9196,-5.8514
11.92,-6.2732,-5.399
5.6955,-11.85,6.4016
12.17,5.3667,6.2548
11.92,-6.2732,6.1106
0.40741,11.094,-10.838
-11.616,-0.20789,-11.066
0.038671,-11.863,-10.841
12.062,-0.56148,-10.613
0.40741,11.094,12.181
11.655,-11.655,0.22462
-11.655,11.655,-0.22462
-12.024,-11.301,-0.22775
12.024,11.301,0.22775
-11.616,-0.20789,11.954
6.1527,11.12,-10.857
0.038671,-11.863,12.178
-11.481,11.246,-5.7253
5.7839,-11.837,-10.86
-5.9285,-11.361,-11.288
-11.481,11.246,5.7844
-5.5598,11.596,-11.285
11.451,-6.2704,-11.066
-11.37,5.9282,11.338
12.198,10.893,-5.2729
12.062,-0.56148,12.406
-11.37,5.9282,-11.681
-5.9285,-11.361,11.731
-5.5598,11.596,11.734
12.198,10.893,6.2368
12.309,5.5746,-11.229
6.1527,11.12,12.162
-11.85,-11.71,-5.7284
-11.85,-11.71,5.7812
11.829,-12.064,-5.276
11.451,-6.2704,11.953
-12.228,-5.9168,11.501
-12.228,-5.9168,-11.518
5.7839,-11.837,12.159
12.309,5.5746,11.79
11.829,-12.064,6.2336
11.655,-11.655,-11.285
-11.655,11.655,11.285
-12.024,-11.301,11.282
12.024,11.301,-11.282
11.655,-11.655,11.734
-11.655,11.655,-11.734
-12.024,-11.301,-11.737
12.024,11.301,11.737
