-10.355,-9.9331,-10.279
-10.579,-3.311,-10.819
-10.931,-9.8051,-3.3506
-10.355,-9.9331,2.6074
-3.6735,-9.5194,-3.8816
-11.182,-3.6801,-3.5126
-10.579,-3.311,2.0674
-10.931,-9.8051,9.5356
-3.6735,-9.5194,9.0046
-11.182,-3.6801,9.3736
9.8463,-10.027,-9.6988
9.4743,-9.7628,-3.7116
9.8463,-10.027,3.1874
9.4743,-9.7628,9.1745
2.6432,-9.727,-9.8841
-3.3814,-3.4719,-10.007
9.4038,-3.3298,-10.159
2.8079,2.7881,-10.106
2.7245,-3.2152,-10.667
-3.0908,2.9097,-9.8751
-2.8991,-9.3663,-9.7691
2.5838,9.4102,-10.646
2.5003,-10.031,-3.34
-3.6536,-3.1954,-3.395
9.2779,-3.4429,-4.013
2.2316,2.9161,-3.178
2.6432,-9.727,3.002
-3.3814,-3.4719,2.879
9.4038,-3.3298,2.727
2.8079,2.7881,2.78
2.4225,-3.7463,-3.463
-3.4627,3.1742,-3.888
9.4894,3.2018,-3.709
1.9813,9.0411,-3.34
2.7245,-3.2152,2.219
-3.0908,2.9097,3.011
-2.8991,-9.3663,3.117
2.5838,9.4102,2.24
2.5003,-10.031,9.5461
-3.6536,-3.1954,9.4911
9.2779,-3.4429,8.8731
2.2316,2.9161,9.7081
2.4225,-3.7463,9.4231
-3.4627,3.1742,8.9981
9.4894,3.2018,9.1771
1.9813,9.0411,9.5461
-10.294,3.2101,-10.06
-3.5332,9.6073,-10.335
-10.213,9.7218,-10.843
-10.437,2.906,-3.5164
-3.6591,9.4941,-4.1894
-10.294,3.2101,2.8256
-3.5332,9.6073,2.5506
-10.514,9.1908,-3.6394
-10.213,9.7218,2.0426
-10.437,2.906,9.3698
-3.6591,9.4941,8.6968
-10.514,9.1908,9.2468
9.7815,9.2493,-9.8346
10.264,3.3549,-9.5966
9.5092,9.5258,-3.2224
9.7815,9.2493,3.0516
10.264,3.3549,3.2896
9.5092,9.5258,9.6637
-3.0774,-10.066,-8.7607
-9.1126,-9.6552,-9.4877
-9.8897,-3.5069,-2.7616
-3.0774,-10.066,4.1254
-10.016,-9.7464,-2.1676
-9.1126,-9.6552,3.3984
-9.8897,-3.5069,10.125
-10.016,-9.7464,10.719
9.8463,-10.385,-8.2498
3.7807,-9.9891,-9.0678
10.126,-3.6626,-8.8188
9.9856,-10.048,-2.3296
9.8463,-10.385,4.6364
3.389,-9.7756,-2.2746
10.286,-3.7326,-2.9716
3.7807,-9.9891,3.8184
10.126,-3.6626,4.0674
9.9856,-10.048,10.556
3.389,-9.7756,10.611
10.286,-3.7326,9.9145
10.085,2.6552,-8.5881
-9.1627,-3.4167,-9.7411
3.7554,-3.0936,-9.5831
-3.0908,2.5519,-8.4261
-2.523,-3.5299,-8.7801
-9.1563,2.9479,-9.2441
4.0503,3.066,-9.3151
-2.8115,9.2744,-8.9951
-2.9317,-9.5841,-2.311
3.2732,9.2143,-2.589
3.7851,-3.5207,-2.884
-2.9515,2.8892,-2.506
10.085,2.6552,4.298
-9.1627,-3.4167,3.145
3.7554,-3.0936,3.303
-3.0908,2.5519,4.46
-3.3234,-3.561,-1.979
-9.5481,3.1615,-2.451
3.1473,2.9748,-1.995
-2.6509,9.2044,-3.148
-2.523,-3.5299,4.106
-9.1563,2.9479,3.642
4.0503,3.066,3.571
-2.8115,9.2744,3.891
-2.9317,-9.5841,10.575
3.2732,9.2143,10.297
3.7851,-3.5207,10.002
-2.9515,2.8892,10.38
-3.3234,-3.561,10.907
-9.5481,3.1615,10.435
3.1473,2.9748,10.891
-2.6509,9.2044,9.7381
-9.1816,9.8434,-9.7595
-9.1519,9.4164,-3.0604
-9.1816,9.8434,3.1266
-9.1519,9.4164,9.8258
4.0002,9.3045,-9.5686
10.64,9.1913,-8.6076
10.231,3.1371,-2.1384
4.0002,9.3045,3.3176
9.8395,9.1602,-1.8064
10.64,9.1913,4.2786
10.231,3.1371,10.748
9.8395,9.1602,11.08
-10.065,-12.985,-13.387
-9.8472,-12.595,-6.8277
-3.4649,-12.483,-13.189
-10.168,-6.5022,-13.381
-3.3496,-13.092,-6.9397
-9.761,-6.7723,-6.8807
-13.246,-9.4841,-12.951
-13.326,-9.3702,-6.9667
-7.2225,-9.4282,-12.384
-13.678,-2.9829,-13.158
-6.2431,-9.4911,-7.4757
-13.318,-3.072,-6.5557
-6.9785,-13.218,-9.8517
-13.938,-6.237,-9.9647
-13.799,-13.075,-9.9417
-0.6202,-12.426,-9.9097
-10.065,-12.985,-0.50055
-9.8472,-12.595,6.0584
-3.4649,-12.483,-0.30255
-10.168,-6.5022,-0.49455
-3.3496,-13.092,5.9464
-9.761,-6.7723,6.0054
-13.246,-9.4841,-0.064551
-13.326,-9.3702,5.9194
-7.2225,-9.4282,0.50245
-13.678,-2.9829,-0.27155
-6.2431,-9.4911,5.4104
-13.318,-3.072,6.3304
-7.0322,-11.595,-3.4746
-13.9,-6.696,-3.6466
-6.9785,-13.218,3.0344
-13.938,-6.237,2.9214
-13.884,-12.564,-3.5436
-0.9384,-12.527,-3.4756
-7.0556,-7.461,-3.5076
-13.799,-13.075,2.9444
-0.6202,-12.426,2.9764
-10.065,-12.985,12.386
-3.4649,-12.483,12.584
-10.168,-6.5022,12.392
-13.246,-9.4841,12.822
-7.2225,-9.4282,13.389
-13.678,-2.9829,12.615
-7.0322,-11.595,9.4116
-13.9,-6.696,9.2396
-13.884,-12.564,9.3426
-0.9384,-12.527,9.4106
-7.0556,-7.461,9.3786
-13.557,0.5114,-10.086
-13.875,0.40958,-3.6519
-13.557,0.5114,2.8001
-13.875,0.40958,9.2342
3.0241,-13.426,-13.06
9.5549,-7.2908,-12.897
3.1896,-13.038,-6.3938
9.521,-6.6289,-6.5888
9.3534,-13.18,-13.063
9.6447,-13.424,-6.4908
12.854,-9.6999,-12.602
12.774,-9.5861,-6.6178
5.6553,-9.7862,-12.118
12.422,-3.1988,-12.809
6.6813,-9.7643,-7.0228
12.781,-3.2879,-6.2068
6.0328,-13.411,-9.5398
12.162,-6.4529,-9.6158
12.301,-13.291,-9.5928
3.0241,-13.426,-0.17364
9.5549,-7.2908,-0.010643
3.1896,-13.038,6.4924
9.521,-6.6289,6.2974
9.3534,-13.18,-0.17664
9.6447,-13.424,6.3954
12.854,-9.6999,0.28436
12.774,-9.5861,6.2684
5.6553,-9.7862,0.76836
12.422,-3.1988,0.077357
6.6813,-9.7643,5.8634
12.781,-3.2879,6.6794
6.0548,-12.002,-3.1006
12.2,-6.9118,-3.2976
6.0328,-13.411,3.3464
12.162,-6.4529,3.2704
6.1835,-7.452,-3.0846
12.216,-12.78,-3.1946
12.301,-13.291,3.2934
3.0241,-13.426,12.712
9.5549,-7.2908,12.875
9.3534,-13.18,12.709
12.854,-9.6999,13.17
5.6553,-9.7862,13.654
12.422,-3.1988,12.963
6.0548,-12.002,9.7855
12.2,-6.9118,9.5885
6.1835,-7.452,9.8015
12.216,-12.78,9.6915
-3.445,-6.7656,-12.96
-9.9129,-0.48861,-13.236
3.0978,-0.26375,-13.214
-3.3821,5.6462,-13.073
-3.1997,-6.5273,-7.0311
-9.7475,-0.10112,-6.5701
3.3156,0.12657,-6.6551
-3.416,6.3081,-6.7651
3.3616,-6.3145,-13.373
-3.5836,-0.24324,-13.239
9.698,0.23829,-13.016
2.9946,6.219,-13.208
3.3411,-6.9374,-6.5511
-3.2923,-0.48649,-6.6671
9.8132,-0.37052,-6.7671
3.4019,5.9489,-6.7081
0.10112,-9.4901,-13.078
-6.6906,-3.3347,-13.486
6.3986,-3.0554,-13.398
-0.083439,3.2371,-12.778
-0.14001,-9.4964,-6.4231
-0.16334,3.351,-6.7941
-0.26163,-3.1198,-13.093
-7.2818,3.1509,-12.294
5.9404,3.293,-12.211
-0.51477,9.7383,-12.985
0.055154,-3.0872,-6.2901
-6.2558,3.1728,-7.1991
6.9197,3.2301,-7.3031
-0.15556,9.6492,-6.3831
-0.28001,-6.3894,-9.8491
-6.9042,-0.47376,-9.7161
6.1844,-0.49639,-9.6791
-0.77499,6.4842,-9.7921
6.0154,-5.8697,-9.7301
-0.6364,-0.35355,-9.7691
12.543,0.29557,-9.7371
-6.8674,-6.0641,-9.7661
-3.445,-6.7656,-0.074
-9.9129,-0.48861,-0.35
3.0978,-0.26375,-0.328
-3.3821,5.6462,-0.187
-3.1997,-6.5273,5.855
-9.7475,-0.10112,6.316
3.3156,0.12657,6.231
-3.416,6.3081,6.121
3.3616,-6.3145,-0.487
-3.5836,-0.24324,-0.353
9.698,0.23829,-0.13
2.9946,6.219,-0.322
3.3411,-6.9374,6.335
-3.2923,-0.48649,6.219
9.8132,-0.37052,6.119
3.4019,5.9489,6.178
0.10112,-9.4901,-0.192
-6.6906,-3.3347,-0.6
6.3986,-3.0554,-0.512
-0.083439,3.2371,0.108
-0.14001,-9.4964,6.463
-7.2146,-3.2548,-5.714
5.7813,-3.066,-5.621
-0.16334,3.351,6.092
-0.26163,-3.1198,-0.207
-7.2818,3.1509,0.592
5.9404,3.293,0.675
-0.51477,9.7383,-0.099
0.055154,-3.0872,6.596
-6.2558,3.1728,5.687
6.9197,3.2301,5.583
-0.15556,9.6492,6.503
-0.94187,-6.4403,-3.346
-6.8823,0.9355,-3.277
6.1306,1.1257,-3.302
-0.73751,6.0253,-3.474
-0.28001,-6.3894,3.037
-6.9042,-0.47376,3.17
6.1844,-0.49639,3.207
-0.77499,6.4842,3.094
-6.7536,5.485,-3.261
-0.72125,0.15698,-3.371
12.224,0.19375,-3.303
6.1073,5.2602,-3.335
6.0154,-5.8697,3.156
-0.6364,-0.35355,3.117
12.543,0.29557,3.149
-6.8674,-6.0641,3.12
-3.445,-6.7656,12.812
-9.9129,-0.48861,12.536
3.0978,-0.26375,12.558
-3.3821,5.6462,12.699
3.3616,-6.3145,12.399
-3.5836,-0.24324,12.533
9.698,0.23829,12.756
2.9946,6.219,12.564
0.10112,-9.4901,12.694
-6.6906,-3.3347,12.286
6.3986,-3.0554,12.374
-0.083439,3.2371,12.994
-7.2146,-3.2548,7.1721
5.7813,-3.066,7.2651
-0.26163,-3.1198,12.679
-7.2818,3.1509,13.478
5.9404,3.293,13.561
-0.51477,9.7383,12.787
-0.94187,-6.4403,9.5401
-6.8823,0.9355,9.6091
6.1306,1.1257,9.5841
-0.73751,6.0253,9.4121
-6.7536,5.485,9.6251
-0.72125,0.15698,9.5151
12.224,0.19375,9.5831
6.1073,5.2602,9.5511
-9.8392,12.673,-13.39
-9.6214,13.064,-6.8315
-9.5755,6.6226,-13.549
-3.2391,13.175,-13.192
-9.596,5.9996,-6.7275
-3.1238,12.567,-6.9435
-12.836,3.447,-13.254
-6.5384,9.8816,-13.574
-13.077,3.4406,-6.5995
-13.199,9.8173,-13.269
-12.882,9.8498,-6.4665
-13.217,6.5476,-10.025
-6.7527,12.441,-9.8555
-6.9217,7.0673,-9.9065
-13.573,12.583,-9.9455
-0.39438,13.233,-9.9135
-9.8392,12.673,-0.50436
-9.6214,13.064,6.0546
-9.5755,6.6226,-0.66336
-3.2391,13.175,-0.30636
-9.596,5.9996,6.1586
-3.1238,12.567,5.9426
-12.836,3.447,-0.36836
-6.5384,9.8816,-0.68836
-13.077,3.4406,6.2866
-7.1557,9.871,-5.7974
-13.199,9.8173,-0.38336
-12.882,9.8498,6.4196
-13.879,6.4967,-3.5224
-6.8064,14.063,-3.4784
-13.217,6.5476,2.8606
-6.7527,12.441,3.0306
-13.658,13.094,-3.5474
-0.71258,13.131,-3.4794
-6.9217,7.0673,2.9796
-13.573,12.583,2.9406
-0.39438,13.233,2.9726
-9.8392,12.673,12.382
-9.5755,6.6226,12.223
-3.2391,13.175,12.58
-12.836,3.447,12.518
-6.5384,9.8816,12.198
-7.1557,9.871,7.0888
-13.199,9.8173,12.503
-13.879,6.4967,9.3638
-6.8064,14.063,9.4078
-13.658,13.094,9.3388
-0.71258,13.131,9.4068
9.7178,5.9556,-12.788
3.2499,12.233,-13.064
9.9632,6.1939,-6.8586
3.4154,12.62,-6.3976
9.5792,12.478,-13.067
9.8706,12.235,-6.4946
13.264,3.2311,-12.906
6.4722,9.3865,-13.314
13.023,3.2248,-6.2506
12.901,9.6015,-12.921
13.218,9.634,-6.1176
12.883,6.3318,-9.6766
6.2587,12.247,-9.5436
12.526,12.368,-9.5966
6.2954,6.6571,-9.5936
9.7178,5.9556,0.098551
3.2499,12.233,-0.17745
9.9632,6.1939,6.0276
3.4154,12.62,6.4886
9.5792,12.478,-0.18045
9.8706,12.235,6.3916
13.264,3.2311,-0.019449
6.4722,9.3865,-0.42745
13.023,3.2248,6.6356
5.9482,9.4664,-5.5414
12.901,9.6015,-0.034449
13.218,9.634,6.7686
12.221,6.2809,-3.1734
6.2806,13.657,-3.1044
12.883,6.3318,3.2096
6.2587,12.247,3.3426
12.442,12.878,-3.1984
12.526,12.368,3.2896
6.2954,6.6571,3.2926
9.7178,5.9556,12.985
3.2499,12.233,12.709
9.5792,12.478,12.706
13.264,3.2311,12.867
6.4722,9.3865,12.459
5.9482,9.4664,7.3447
12.901,9.6015,12.852
12.221,6.2809,9.7127
6.2806,13.657,9.7817
12.442,12.878,9.6877
0,0,0
-0.21213,6.3597,0.015
0.23829,0.088388,6.365
0.21567,-6.3901,-0.088
0.23829,0.088388,-6.5211
6.6001,0.14001,-0.008
-6.6348,0.010607,-0.109
0.3578,6.4432,6.295
0.21708,-6.3449,-6.4011
6.4014,6.4029,-0.015
-6.4106,-0.059397,6.407
0.21708,-6.3449,6.485
-6.4453,6.4212,-0.101
-6.4106,-0.059397,-6.4791
6.6574,0.10536,-6.3271
6.4918,-6.5158,0.075357
0.3578,6.4432,-6.5911
-6.7614,-6.3184,-0.18755
6.6574,0.10536,6.559
-6.2812,-6.5004,-6.2451
6.8816,6.2208,-6.0726
-6.2931,6.6664,6.2636
6.644,-6.2706,6.44
6.644,-6.2706,-6.4461
-6.2812,-6.5004,6.641
-6.2931,6.6664,-6.6225
6.8816,6.2208,6.8136
0.14785,12.648,0.15355
0,0,-12.886
0,0,12.886
-0.077968,-13.011,0.15736
-13.015,-0.073539,-0.019
13.085,-0.28937,0.32991
0.33735,12.649,-6.3306
-6.5627,-12.581,-0.18055
0.33735,12.649,6.5556
0.21567,-6.3901,12.798
6.5281,12.732,0.063551
-12.721,6.5469,-0.26436
12.725,-6.5773,0.19136
-12.826,-0.072125,6.383
-0.21213,6.3597,-12.871
-12.826,-0.072125,-6.5031
6.3023,-12.926,0.067357
-0.21213,6.3597,12.901
-6.6348,0.010607,12.777
0.21567,-6.3901,-12.974
0.11154,-13.009,-6.3268
6.6001,0.14001,12.878
6.6001,0.14001,-12.894
-6.3369,13.077,-0.18436
0.11154,-13.009,6.5594
-6.6348,0.010607,-12.995
13.274,-0.28796,-6.1542
13.379,6.3311,0.084551
-13.375,-6.3615,-0.15755
13.274,-0.28796,6.7319
-12.805,-6.2781,6.1224
-6.5054,-12.616,6.3864
-6.5054,-12.616,-6.4997
-12.72,6.5922,6.3086
6.7522,12.662,-6.3066
-6.4453,6.4212,12.785
-6.7614,-6.3184,12.699
6.4014,6.4029,12.871
6.4014,6.4029,-12.901
-12.72,6.5922,-6.5775
6.4918,-6.5158,-12.811
-12.805,-6.2781,-6.7637
6.7522,12.662,6.5796
-6.2796,13.042,6.3826
6.5264,-12.996,-6.3028
-6.4453,6.4212,-12.987
-6.2796,13.042,-6.5035
6.4918,-6.5158,12.961
6.5264,-12.996,6.5834
-6.7614,-6.3184,-13.074
13.38,6.3763,-6.2286
13.295,-6.4939,-6.4148
13.295,-6.4939,6.4714
13.38,6.3763,6.6576
0.14785,12.648,-12.733
13.085,-0.28937,-12.556
0.14785,12.648,13.04
-0.077968,-13.011,-12.729
-12.937,12.937,-0.17636
12.937,-12.937,0.17636
-13.015,-0.073539,12.867
-13.163,-12.721,-0.17255
13.163,12.721,0.17255
-13.015,-0.073539,-12.905
-0.077968,-13.011,13.043
13.085,-0.28937,13.216
-6.5627,-12.581,12.706
-12.721,6.5469,12.622
-12.925,-12.633,6.1924
12.725,-6.5773,-12.695
6.5281,12.732,-12.823
-12.699,13.025,6.1886
6.3023,-12.926,-12.819
-12.925,-12.633,-6.6937
-6.5627,-12.581,-13.067
6.5281,12.732,12.95
-6.3369,13.077,12.702
6.3023,-12.926,12.953
-12.699,13.025,-6.6975
12.725,-6.5773,13.077
-12.721,6.5469,-13.15
13.175,-12.849,-6.3448
-13.375,-6.3615,12.729
13.175,-12.849,6.5414
-6.3369,13.077,-13.07
13.379,6.3311,-12.802
13.401,12.81,-6.3486
13.401,12.81,6.5376
13.379,6.3311,12.971
-13.375,-6.3615,-13.044
12.937,-12.937,-12.71
-12.937,12.937,12.71
-13.163,-12.721,12.714
13.163,12.721,-12.714
-12.937,12.937,-13.062
12.937,-12.937,13.062
-13.163,-12.721,-13.059
13.163,12.721,13.059
