-9.3127,-9.6389,-9.8117
-9.9045,-9.9988,-4.6466
-9.3127,-9.6389,3.0744
-10.581,-3.4143,-4.1296
-9.9045,-9.9988,8.2396
-10.581,-3.4143,8.7566
10.384,-3.7468,-10.299
10.348,-9.6419,-9.5138
9.8597,-4.0402,-3.5606
10.384,-3.7468,2.5874
9.7939,-9.6115,-2.9466
10.348,-9.6419,3.3724
9.8597,-4.0402,9.3255
9.7939,-9.6115,9.9395
3.7922,-8.5298,-10.162
-3.0773,-3.2994,-9.8441
-2.5534,9.1903,-10.475
3.8502,3.0823,-9.6391
3.9937,-3.3885,-9.4021
-2.5894,3.2951,-9.6901
-2.0004,-9.7248,-10.433
-8.8148,-2.9472,-10.06
4.2037,-9.2299,-3.004
-3.025,-3.7279,-3.486
-3.0773,8.8968,-3.737
3.2583,2.7224,-4.474
3.7922,-8.5298,2.724
-3.0773,-3.2994,3.042
-2.5534,9.1903,2.411
3.8502,3.0823,3.247
4.0517,-2.4211,-3.319
-3.1431,3.3255,-3.123
-2.0145,-9.7362,-3.547
2.5824,9.3069,-3.957
3.9937,-3.3885,3.484
-2.5894,3.2951,3.196
-2.0004,-9.7248,2.453
-8.8148,-2.9472,2.826
4.2037,-9.2299,9.8821
-3.025,-3.7279,9.4001
-3.0773,8.8968,9.1491
3.2583,2.7224,8.4121
4.0517,-2.4211,9.5671
-3.1431,3.3255,9.7631
-2.0145,-9.7362,9.3391
2.5824,9.3069,8.9291
-9.1448,4.4072,-10.338
-8.9433,9.5486,-9.5785
-8.7333,3.7072,-3.1804
-9.1448,4.4072,2.5476
-8.8853,10.516,-3.4954
-8.9433,9.5486,3.3076
-8.7333,3.7072,9.7058
-8.8853,10.516,9.3908
10.086,9.4218,-9.6716
11.162,2.9964,-10.261
4.3481,9.774,-9.8876
10.138,8.9933,-3.3134
10.086,9.4218,3.2146
11.148,2.9851,-3.3744
11.162,2.9964,2.6256
4.3481,9.774,2.9986
10.138,8.9933,9.5727
11.148,2.9851,9.5117
-3.3659,-9.7167,-11.573
-10.278,-10.765,-10.158
-3.3659,-9.7167,1.3134
-9.691,-9.354,-3.2846
-10.278,-10.765,2.7284
-9.691,-9.354,9.6016
9.9686,-10.748,-10.462
4.3846,-9.8887,-9.4158
10.626,-10.616,-3.7416
9.9686,-10.748,2.4244
4.3846,-9.8887,3.4704
10.626,-10.616,9.1445
9.797,3.0045,-11.4
-8.2915,-3.7151,-8.8771
4.7419,-3.1127,-10.655
-2.9684,2.1892,-10.638
-3.3078,-3.5369,-11.321
-8.5525,3.0483,-9.5921
2.885,1.9559,-9.9851
10.054,-2.972,-9.1811
-2.7938,-9.3557,-4.762
-9.5742,-2.8214,-2.924
2.7464,-3.0674,-2.984
-2.3108,2.3207,-3.918
9.797,3.0045,1.486
-8.2915,-3.7151,4.009
4.7419,-3.1127,2.231
-2.9684,2.1892,2.248
-1.5981,-3.7802,-4.004
2.7704,-9.2108,-3.418
3.4719,3.3672,-3.112
9.4484,-2.5541,-3.288
-3.3078,-3.5369,1.565
-8.5525,3.0483,3.294
2.885,1.9559,2.901
10.054,-2.972,3.705
-2.7938,-9.3557,8.1241
-9.5742,-2.8214,9.9621
2.7464,-3.0674,9.9021
-2.3108,2.3207,8.9681
-1.5981,-3.7802,8.8821
2.7704,-9.2108,9.4681
3.4719,3.3672,9.7741
9.4484,-2.5541,9.5981
-8.1952,9.8244,-10.831
-2.8827,9.9651,-9.3575
-10.191,9.8696,-3.1604
-8.1952,9.8244,2.0546
-10.167,3.7263,-3.5944
-3.4887,10.383,-3.4644
-2.8827,9.9651,3.5286
-10.191,9.8696,9.7258
-10.167,3.7263,9.2918
-3.4887,10.383,9.4218
4.8713,9.0061,-8.7046
9.855,9.1843,-11.149
10.369,3.3655,-4.5894
3.5886,9.8999,-2.7514
4.8713,9.0061,4.1816
11.565,8.941,-3.8314
9.855,9.1843,1.7376
10.369,3.3655,8.2967
3.5886,9.8999,10.135
11.565,8.941,9.0547
-0.18693,-13.97,-10.091
-0.18693,-13.97,2.7948
-9.6669,-12.602,-13.612
-9.6796,-12.793,-7.3227
-3.0944,-12.419,-13.735
-9.43,-5.9492,-13.373
-2.6941,-11.917,-6.8577
-9.1281,-6.4195,-6.8227
-12.651,-9.7259,-13.317
-12.653,-10.134,-7.3107
-6.7918,-9.3681,-12.786
-13.242,-3.0536,-14.03
-5.4717,-9.4424,-8.0517
-13.014,-3.2693,-6.7277
-6.3251,-13.007,-10.465
-12.059,-6.5899,-9.7367
-13.685,-13.309,-10.132
-13.124,-1.0334,-10.268
-9.6669,-12.602,-0.72555
-9.6796,-12.793,5.5634
-3.0944,-12.419,-0.84855
-9.43,-5.9492,-0.48655
-2.6941,-11.917,6.0284
-9.1281,-6.4195,6.0634
-12.651,-9.7259,-0.43055
-12.653,-10.134,5.5754
-6.7918,-9.3681,0.10045
-13.242,-3.0536,-1.1436
-5.4717,-9.4424,4.8344
-13.014,-3.2693,6.1584
-6.4461,-11.822,-3.8196
-12.843,-7.4066,-3.3796
-6.3251,-13.007,2.4214
-12.059,-6.5899,3.1494
-12.588,-12.708,-3.7816
-6.4354,-7.5197,-3.7376
-13.685,-13.309,2.7544
-13.124,-1.0334,2.6184
-9.6669,-12.602,12.161
-3.0944,-12.419,12.038
-9.43,-5.9492,12.4
-12.651,-9.7259,12.456
-6.7918,-9.3681,12.987
-13.242,-3.0536,11.743
-6.4461,-11.822,9.0666
-12.843,-7.4066,9.5066
-12.588,-12.708,9.1046
-6.4354,-7.5197,9.1486
3.4752,-12.983,-12.602
10.473,-7.0369,-12.375
3.937,-13.407,-6.6348
10.155,-12.971,-13.281
13.449,-9.9417,-12.968
13.447,-10.35,-6.9618
7.1918,-9.842,-12.232
12.858,-3.2695,-13.681
7.1557,-10.087,-6.9848
13.086,-3.4851,-6.3788
7.3304,-13.083,-9.8788
14.041,-6.8057,-9.3878
12.414,-13.525,-9.7828
12.976,-1.2493,-9.9188
3.4752,-12.983,0.28436
10.473,-7.0369,0.51136
3.937,-13.407,6.2514
10.063,-7.1218,-6.1296
10.155,-12.971,-0.39464
10.024,-13.222,-6.0026
13.449,-9.9417,-0.081643
13.447,-10.35,5.9244
7.1918,-9.842,0.65436
12.858,-3.2695,-0.79464
7.1557,-10.087,5.9014
13.086,-3.4851,6.5074
6.3871,-12.69,-3.1926
13.257,-7.6224,-3.0306
7.3304,-13.083,3.0074
14.041,-6.8057,3.4984
6.9549,-6.9167,-3.0986
13.512,-12.924,-3.4326
0.8936,-12.773,-3.5136
12.414,-13.525,3.1034
12.976,-1.2493,2.9674
3.4752,-12.983,13.17
10.473,-7.0369,13.397
10.063,-7.1218,6.7565
10.155,-12.971,12.491
10.024,-13.222,6.8835
13.449,-9.9417,12.804
7.1918,-9.842,13.54
12.858,-3.2695,12.091
6.3871,-12.69,9.6935
13.257,-7.6224,9.8555
6.9549,-6.9167,9.7875
13.512,-12.924,9.4535
0.8936,-12.773,9.3725
-2.8588,-6.7649,-13.546
-9.4618,-0.045962,-12.778
3.4959,0.11879,-13.439
-2.4636,5.9001,-12.551
-2.3278,-6.1575,-6.7331
-9.0001,-0.46952,-6.8111
3.4832,-0.072125,-7.1501
3.4684,-5.4808,-13.116
-2.7818,-0.033941,-13.457
10.068,0.30193,-13.562
3.7328,6.772,-13.2
3.9881,-6.8731,-6.4861
10.469,0.80398,-6.6851
4.0348,6.3017,-6.6501
0.64205,-9.5657,-13.321
-6.1108,-3.3418,-13.213
7.728,-3.3255,-13.388
0.51195,2.9953,-13.144
0.82519,-9.8069,-7.8411
0.50982,2.5873,-7.1381
-0.15274,-3.626,-13.669
-5.7452,3.095,-12.408
6.371,3.3531,-12.613
-0.079196,9.6676,-13.857
1.398,-3.3623,-6.6651
-5.7813,2.8496,-7.1611
7.6912,3.2789,-7.8791
0.1492,9.4519,-6.5551
0.10889,-5.6569,-9.9691
-5.6066,-0.14637,-10.055
6.8377,-0.28567,-10.292
1.1038,6.1313,-9.5641
7.3504,-5.4313,-9.4851
-0.52255,-0.58761,-9.9591
0.038891,11.688,-10.095
-5.5161,-5.7608,-9.6981
-2.8588,-6.7649,-0.66
-9.4618,-0.045962,0.108
3.4959,0.11879,-0.553
-2.4636,5.9001,0.335
-2.3278,-6.1575,6.153
-9.0001,-0.46952,6.075
3.4832,-0.072125,5.736
-2.8737,5.8152,-6.306
3.4684,-5.4808,-0.23
-2.7818,-0.033941,-0.571
10.068,0.30193,-0.676
3.7328,6.772,-0.314
3.9881,-6.8731,6.4
-2.9126,-0.28496,-6.179
10.469,0.80398,6.201
4.0348,6.3017,6.236
0.64205,-9.5657,-0.435
-6.1108,-3.3418,-0.327
7.728,-3.3255,-0.502
0.51195,2.9953,-0.258
0.82519,-9.8069,5.045
-6.3145,-3.5666,-5.573
7.0025,-2.8362,-6.067
0.50982,2.5873,5.748
-0.15274,-3.626,-0.783
-5.7452,3.095,0.478
6.371,3.3531,0.273
-0.079196,9.6676,-0.971
1.398,-3.3623,6.221
-5.7813,2.8496,5.725
7.6912,3.2789,5.007
0.1492,9.4519,6.331
0.70852,-6.5973,-3.833
-6.5499,0.24678,-3.369
6.7168,0.89873,-3.647
0.31961,5.3146,-3.207
0.10889,-5.6569,2.917
-5.6066,-0.14637,2.831
6.8377,-0.28567,2.594
1.1038,6.1313,3.322
-5.9821,6.0203,-3.275
0.57488,0.013435,-3.609
-12.043,0.16405,-3.69
6.7274,5.2015,-3.565
7.3504,-5.4313,3.401
-0.52255,-0.58761,2.927
0.038891,11.688,2.791
-5.5161,-5.7608,3.188
-2.8588,-6.7649,12.226
-9.4618,-0.045962,12.994
3.4959,0.11879,12.333
-2.4636,5.9001,13.221
-2.8737,5.8152,6.5801
3.4684,-5.4808,12.656
-2.7818,-0.033941,12.315
10.068,0.30193,12.21
3.7328,6.772,12.572
-2.9126,-0.28496,6.7071
0.64205,-9.5657,12.451
-6.1108,-3.3418,12.559
7.728,-3.3255,12.384
0.51195,2.9953,12.628
-6.3145,-3.5666,7.3131
7.0025,-2.8362,6.8191
-0.15274,-3.626,12.103
-5.7452,3.095,13.364
6.371,3.3531,13.159
-0.079196,9.6676,11.915
0.70852,-6.5973,9.0531
-6.5499,0.24678,9.5171
6.7168,0.89873,9.2391
0.31961,5.3146,9.6791
-5.9821,6.0203,9.6111
0.57488,0.013435,9.2771
-12.043,0.16405,9.1961
6.7274,5.2015,9.3211
-9.4411,13.056,-13.615
-9.4538,12.865,-7.3265
-9.4687,7.4563,-13.292
-2.8685,13.239,-13.738
-8.949,6.064,-6.6625
-2.4683,13.741,-6.8615
-12.295,3.3713,-13.497
-5.2091,9.6115,-13.564
-12.112,3.1302,-8.0175
-13.09,9.311,-13.845
-11.539,9.5747,-6.8415
-12.828,7.2802,-10.145
-6.0993,12.651,-10.468
-5.5867,7.5058,-9.6615
-13.46,12.349,-10.135
-9.4411,13.056,-0.72936
-9.4538,12.865,5.5596
-9.4687,7.4563,-0.40636
-2.8685,13.239,-0.85236
-8.949,6.064,6.2236
-2.4683,13.741,6.0246
-12.295,3.3713,-0.61136
-5.2091,9.6115,-0.67836
-12.112,3.1302,4.8686
-5.9346,10.101,-6.2434
-13.09,9.311,-0.95936
-11.539,9.5747,6.0446
-12.229,6.3397,-4.0094
-6.2202,13.836,-3.8234
-12.828,7.2802,2.7406
-6.0993,12.651,2.4176
-12.362,12.95,-3.7854
-5.5867,7.5058,3.2246
-13.46,12.349,2.7506
-9.4411,13.056,12.157
-9.4687,7.4563,12.48
-2.8685,13.239,12.034
-12.295,3.3713,12.275
-5.2091,9.6115,12.208
-5.9346,10.101,6.6428
-13.09,9.311,11.927
-12.229,6.3397,8.8768
-6.2202,13.836,9.0628
-12.362,12.95,9.1008
14.056,-0.051781,-3.3411
14.056,-0.051781,9.545
10.304,5.9563,-13.374
3.7011,12.675,-12.606
10.835,6.5637,-6.5606
4.1628,12.252,-6.6386
10.381,12.687,-13.285
13.805,3.1555,-13.149
7.052,9.3794,-13.041
13.988,2.9143,-7.6686
13.01,9.0952,-13.497
14.561,9.3589,-6.4926
13.272,7.0644,-9.7966
7.5562,12.575,-9.8826
12.64,12.134,-9.7866
7.6467,6.9604,-9.5256
10.304,5.9563,-0.48745
3.7011,12.675,0.28055
10.835,6.5637,6.3256
4.1628,12.252,6.2476
10.381,12.687,-0.39845
10.25,12.436,-6.0064
13.805,3.1555,-0.26245
7.052,9.3794,-0.15445
13.988,2.9143,5.2176
6.8484,9.1546,-5.4004
13.01,9.0952,-0.61045
14.561,9.3589,6.3936
13.871,6.1239,-3.6604
6.6129,12.968,-3.1964
13.272,7.0644,3.0896
7.5562,12.575,3.0036
13.738,12.735,-3.4364
1.1194,12.885,-3.5174
12.64,12.134,3.0996
7.6467,6.9604,3.3606
10.304,5.9563,12.399
3.7011,12.675,13.167
10.381,12.687,12.488
10.25,12.436,6.8797
13.805,3.1555,12.624
7.052,9.3794,12.732
6.8484,9.1546,7.4857
13.01,9.0952,12.276
13.871,6.1239,9.2257
6.6129,12.968,9.6897
13.738,12.735,9.4497
1.1194,12.885,9.3687
0,0,0
-6.2395,-0.27011,-0.374
0.54377,-0.41649,6.401
0.54377,-0.41649,-6.4851
0.39457,-6.5365,-0.079
0.73256,6.6454,0.2
6.8497,-0.024749,-0.559
-5.5437,6.1957,0.574
-5.8442,-0.31608,6.09
1.1384,-6.6015,5.929
-5.8442,-0.31608,-6.7961
0.79903,6.265,-6.4231
0.79903,6.265,6.463
-6.2254,-6.6493,-0.73855
6.8731,0.23193,6.127
6.9374,6.0719,-0.566
6.8731,0.23193,-6.7591
1.1384,-6.6015,-6.9571
7.3933,-6.7414,0.75036
-5.8647,5.8605,-6.193
-5.3966,-6.3498,6.279
-5.3966,-6.3498,-6.6071
-5.8647,5.8605,6.6931
7.0723,-7.0765,-6.0166
7.7662,6.3714,-6.4346
7.7662,6.3714,6.4516
7.0723,-7.0765,6.8695
0.25944,-12.689,-0.80855
-12.678,0.24836,-0.98491
0,0,12.886
0,0,-12.886
0.48526,12.97,-0.81236
-12.186,-0.089803,5.624
13.422,0.032527,-0.636
-12.43,-6.0758,0.027449
0.97729,12.631,5.7966
-6.2395,-0.27011,12.512
-12.542,6.4005,-0.25536
6.8497,-0.024749,12.327
-12.186,-0.089803,-7.2621
-6.3131,-12.746,-0.73155
6.9233,12.451,-0.20145
0.75147,-13.027,5.8004
-6.0873,12.912,-0.73536
0.73256,6.6454,-12.686
0.39457,-6.5365,12.807
0.97729,12.631,-7.0896
0.39457,-6.5365,-12.965
-11.799,6.3355,5.7526
-6.2395,-0.27011,-13.26
0.73256,6.6454,13.086
6.6975,-13.207,-0.19764
0.75147,-13.027,-7.0858
-5.5437,6.1957,-12.312
13.557,6.1847,0.093551
13.67,-6.2916,0.37636
6.8497,-0.024749,-13.445
13.914,-0.30563,5.9729
-11.799,6.3355,-7.1335
-6.2254,-6.6493,12.148
-6.2898,-12.489,5.9544
-12.364,-6.4562,6.2904
6.9374,6.0719,12.32
-12.364,-6.4562,-6.5957
13.914,-0.30563,-6.9132
-6.2898,-12.489,-6.9317
-6.064,13.169,5.9506
7.3186,12.405,6.2626
7.3933,-6.7414,-12.136
-5.5437,6.1957,13.46
7.3186,12.405,-6.6236
-6.064,13.169,-6.9355
7.0928,-13.253,6.2664
6.9374,6.0719,-13.452
-6.2254,-6.6493,-13.625
7.0928,-13.253,-6.6198
13.736,-6.6721,-6.2468
13.736,-6.6721,6.6394
14.301,6.1197,6.1016
7.3933,-6.7414,13.636
14.301,6.1197,-6.7846
-12.678,0.24836,11.901
0.25944,-12.689,12.078
0.48526,12.97,12.074
13.422,0.032527,12.25
12.937,-12.937,0.17636
-12.937,12.937,-0.17636
-13.163,-12.721,-0.17255
13.163,12.721,0.17255
0.25944,-12.689,-13.695
-12.393,12.521,6.2246
-6.3131,-12.746,12.155
-6.0873,12.912,12.151
-12.678,0.24836,-13.871
-12.393,12.521,-6.6615
0.48526,12.97,-13.698
-12.43,-6.0758,-12.859
-12.542,6.4005,12.631
-12.43,-6.0758,12.914
13.422,0.032527,-13.522
6.9233,12.451,12.685
-12.619,-13.138,6.2284
-12.542,6.4005,-13.141
6.9233,12.451,-13.088
-12.619,-13.138,-6.6577
13.707,12.305,-6.3126
6.6975,-13.207,12.688
13.707,12.305,6.5736
13.67,-6.2916,-12.51
13.557,6.1847,-12.793
-6.3131,-12.746,-13.618
-6.0873,12.912,-13.621
6.6975,-13.207,-13.084
13.557,6.1847,12.98
13.481,-13.354,-6.3088
13.67,-6.2916,13.262
13.481,-13.354,6.5774
12.937,-12.937,-12.71
-12.937,12.937,12.71
-13.163,-12.721,12.714
13.163,12.721,-12.714
12.937,-12.937,13.062
-12.937,12.937,-13.062
-13.163,-12.721,-13.059
13.163,12.721,13.059
