-9.6111,-9.2486,-9.4777
-2.3689,-10.147,-9.0757
-10.182,-9.3009,-3.4316
-9.6111,-9.2486,3.4084
-3.3949,-10.296,-3.5396
-2.3689,-10.147,3.8104
-10.182,-9.3009,9.4546
-3.3949,-10.296,9.3466
9.8152,-3.5587,-9.5578
9.4892,-10.489,-8.9978
9.7579,-4.0841,-2.3846
9.8152,-3.5587,3.3284
9.3195,-9.6363,-2.8736
9.4892,-10.489,3.8884
9.7579,-4.0841,10.501
9.3195,-9.6363,10.012
2.9762,-10.36,-9.2941
-3.0059,-4.0524,-9.4891
-3.1219,9.3784,-9.7341
3.5518,3.4726,-9.3051
3.0795,-2.8249,-9.6191
-3.4479,2.448,-9.1741
10.794,2.5746,-8.9031
-9.1917,-3.1954,-9.9251
3.7597,-9.425,-2.277
-1.7289,-3.3284,-2.998
-3.1792,8.853,-2.561
2.9805,3.4203,-3.259
2.9762,-10.36,3.592
-3.0059,-4.0524,3.397
-3.1219,9.3784,3.152
3.5518,3.4726,3.581
3.8919,-2.6078,-2.502
-3.6176,3.3008,-3.05
9.768,2.4254,-3.367
-9.2716,-3.5285,-2.883
3.0795,-2.8249,3.267
-3.4479,2.448,3.712
10.794,2.5746,3.983
-9.1917,-3.1954,2.961
3.7597,-9.425,10.609
-1.7289,-3.3284,9.8881
-3.1792,8.853,10.325
2.9805,3.4203,9.6271
3.8919,-2.6078,10.384
-3.6176,3.3008,9.8361
9.768,2.4254,9.5191
-9.2716,-3.5285,10.003
-9.9608,2.5772,-9.4705
-9.8576,10.112,-9.7955
-9.1774,3.512,-2.4534
-9.9608,2.5772,3.4156
-9.0451,10.329,-2.6784
-9.8576,10.112,3.0906
-9.1774,3.512,10.433
-9.0451,10.329,10.208
10.157,8.6688,-9.3166
3.9712,9.5258,-9.7526
11.434,9.3929,-2.8254
10.157,8.6688,3.5696
3.8913,9.1927,-2.7104
3.9712,9.5258,3.1336
11.434,9.3929,10.061
3.8913,9.1927,10.176
-3.4854,-9.2705,-9.5307
-9.6259,-3.2926,-8.6787
-9.8168,-8.1731,-10.5
-3.3051,-10.336,-2.0496
-3.4854,-9.2705,3.3554
-9.6259,-3.2926,4.2074
-8.718,-9.0598,-3.5716
-9.8168,-8.1731,2.3864
-3.3051,-10.336,10.837
-8.718,-9.0598,9.3146
9.8894,-10.154,-10.402
10.524,-3.1436,-8.2998
10.676,-10.254,-2.7676
9.8894,-10.154,2.4844
3.6966,-10.02,-3.5566
10.524,-3.1436,4.5864
10.676,-10.254,10.118
3.6966,-10.02,9.3295
9.6775,3.4507,-9.3581
3.5369,9.4286,-8.5061
3.8304,-3.4726,-8.4961
-3.0476,2.7832,-10.578
-2.9953,-2.9034,-10.478
3.7406,-9.3494,-8.4961
3.346,4.5481,-10.327
-2.4126,9.7934,-8.4761
9.8578,2.3851,-1.877
-10.001,-2.1892,-2.876
3.5235,-3.8417,-3.242
-2.2606,2.6835,-2.944
9.6775,3.4507,3.528
3.5369,9.4286,4.38
3.8304,-3.4726,4.39
-3.0476,2.7832,2.308
-2.7061,-4.1741,-3.748
-9.2405,2.9175,-3.733
4.4449,3.6614,-3.399
9.4915,-2.6905,-1.807
-2.9953,-2.9034,2.408
3.7406,-9.3494,4.39
3.346,4.5481,2.559
-2.4126,9.7934,4.41
9.8578,2.3851,11.009
-10.001,-2.1892,10.01
3.5235,-3.8417,9.6441
-2.2606,2.6835,9.9421
-2.7061,-4.1741,9.1381
-9.2405,2.9175,9.1531
4.4449,3.6614,9.4871
9.4915,-2.6905,11.079
-9.1066,9.4644,-8.6725
-9.1964,3.5877,-8.6725
-9.4135,9.0953,-3.4184
-9.1066,9.4644,4.2136
-3.4455,10.246,-1.9834
-9.1964,3.5877,4.2136
-9.4135,9.0953,9.4678
-3.4455,10.246,10.903
10.168,9.8178,-10.306
3.1615,10.532,-2.7034
10.457,8.5472,-3.5754
10.168,9.8178,2.5806
3.1615,10.532,10.183
10.457,8.5472,9.3107
0.2437,-14.323,-9.1843
0.2437,-14.323,3.7018
-9.8091,-11.804,-12.523
-9.8472,-12.39,-7.1217
-3.2499,-12.979,-12.54
-9.7157,-6.4117,-13.551
-13.002,-9.2903,-11.858
-12.838,-9.5718,-6.8167
-6.5408,-9.2161,-11.794
-13.227,-3.1293,-13.359
-6.2961,-9.6036,-6.4697
-6.1894,-13.448,-9.2017
-12.48,-5.2223,-9.7627
-14.091,-13.343,-9.4887
-12.693,-1.3863,-9.3607
-7.2076,-5.6332,-9.5427
-9.8091,-11.804,0.36345
-9.8472,-12.39,5.7644
-3.2499,-12.979,0.34645
-9.7157,-6.4117,-0.66455
-3.3645,-13.115,-5.8026
-9.5898,-6.5503,-5.7606
-13.002,-9.2903,1.0284
-12.838,-9.5718,6.0694
-6.5408,-9.2161,1.0924
-13.227,-3.1293,-0.47255
-6.2961,-9.6036,6.4164
-12.903,-3.0932,-5.3406
-6.9495,-12.415,-2.7106
-13.513,-6.8275,-3.2016
-6.1894,-13.448,3.6844
-12.48,-5.2223,3.1234
-12.389,-12.279,-3.0136
-5.4844,-7.3168,-3.0366
-14.091,-13.343,3.3974
-12.693,-1.3863,3.5254
-7.2076,-5.6332,3.3434
-9.8091,-11.804,13.25
-3.2499,-12.979,13.233
-9.7157,-6.4117,12.222
-3.3645,-13.115,7.0836
-9.5898,-6.5503,7.1256
-13.002,-9.2903,13.915
-6.5408,-9.2161,13.979
-13.227,-3.1293,12.414
-12.903,-3.0932,7.5456
-6.9495,-12.415,10.176
-13.513,-6.8275,9.6846
-12.389,-12.279,9.8726
-5.4844,-7.3168,9.8496
3.4639,-13.474,-12.127
9.8173,-7.0864,-12.545
3.6831,-13.187,-6.0888
10.215,-6.4331,-7.0208
9.8258,-12.353,-13.027
13.098,-9.5062,-11.509
13.262,-9.7876,-6.4678
6.3334,-9.8279,-11.417
12.873,-3.3451,-13.01
6.3086,-9.9106,-6.4378
6.9167,-14.109,-9.1588
13.619,-5.4382,-9.4138
12.009,-13.559,-9.1398
13.407,-1.6021,-9.0118
3.4639,-13.474,0.75936
9.8173,-7.0864,0.34136
3.6831,-13.187,6.7974
10.215,-6.4331,5.8654
9.8258,-12.353,-0.14064
9.8201,-13.035,-4.9586
13.098,-9.5062,1.3774
13.262,-9.7876,6.4184
6.3334,-9.8279,1.4694
12.873,-3.3451,-0.12364
6.3086,-9.9106,6.4484
13.197,-3.3091,-4.9916
5.697,-13.143,-2.3026
12.587,-7.0433,-2.8526
6.9167,-14.109,3.7274
13.619,-5.4382,3.4724
13.711,-12.495,-2.6646
12.009,-13.559,3.7464
13.407,-1.6021,3.8744
3.4639,-13.474,13.645
9.8173,-7.0864,13.227
9.8258,-12.353,12.745
9.8201,-13.035,7.9275
13.098,-9.5062,14.263
6.3334,-9.8279,14.355
12.873,-3.3451,12.762
13.197,-3.3091,7.8945
5.697,-13.143,10.583
12.587,-7.0433,10.033
13.711,-12.495,10.221
-2.9401,-7.4232,-11.906
-9.4731,-0.53669,-12.303
3.3538,0.91712,-12.35
-3.1198,5.8506,-12.721
-2.8956,-6.8342,-6.9491
-9.2539,-0.24961,-6.2651
3.3156,0.33163,-6.9491
-2.7224,6.504,-7.1971
3.5065,-5.7778,-13.197
-3.1113,0.58407,-13.203
9.9129,-0.25809,-12.367
3.4471,6.3095,-13.378
3.578,-6.965,-6.0111
0.091924,-9.6789,-12.449
-5.4659,-3.2994,-13.224
6.5973,-3.0717,-12.606
0.16122,3.4309,-11.685
0.6074,-9.7475,-6.3981
-6.5351,-3.4224,-5.8941
0.32527,3.1495,-6.6441
0.48861,-3.1134,-12.517
-6.6037,3.1091,-11.593
6.6221,3.5051,-11.621
-0.064347,9.5919,-13.186
-6.6284,3.0264,-6.6141
6.8667,3.1176,-6.2971
1.3584,-6.4396,-9.5661
-6.0203,-1.1724,-9.3351
6.9735,-0.72691,-9.0291
0.68236,7.4989,-9.5901
6.2657,-5.6703,-9.2151
-0.92772,-0.62225,-9.3161
0.46952,11.335,-9.1881
5.9553,7.088,-9.3701
-2.9401,-7.4232,0.98
-9.4731,-0.53669,0.583
3.3538,0.91712,0.536
-3.1198,5.8506,0.165
-2.8956,-6.8342,5.937
-9.2539,-0.24961,6.621
3.3156,0.33163,5.937
-2.7224,6.504,5.689
3.5065,-5.7778,-0.311
-3.1113,0.58407,-0.317
9.9129,-0.25809,0.519
3.4471,6.3095,-0.492
3.578,-6.965,6.875
-3.1169,-0.097581,-5.135
9.7984,-0.39386,-5.63
3.573,6.1709,-5.588
0.091924,-9.6789,0.437
-5.4659,-3.2994,-0.338
6.5973,-3.0717,0.28
0.16122,3.4309,1.201
0.6074,-9.7475,6.488
-6.5351,-3.4224,6.992
5.9199,-3.4521,-5.697
0.32527,3.1495,6.242
0.48861,-3.1134,0.369
-6.6037,3.1091,1.293
6.6221,3.5051,1.265
-0.064347,9.5919,-0.3
0.97156,-3.2909,-5.589
-6.6284,3.0264,6.272
6.8667,3.1176,6.589
0.26022,9.628,-5.168
-0.48295,-6.639,-2.939
-7.2401,-0.20577,-2.479
6.2133,0.30618,-2.538
-0.35002,5.8937,-3.029
1.3584,-6.4396,3.32
-6.0203,-1.1724,3.551
6.9735,-0.72691,3.857
0.68236,7.4989,3.296
6.6397,-6.5436,-2.894
0.77428,0.44194,-2.841
0.46598,-12.183,-2.68
7.6785,5.4044,-2.864
6.2657,-5.6703,3.671
-0.92772,-0.62225,3.57
0.46952,11.335,3.698
5.9553,7.088,3.516
-2.9401,-7.4232,13.866
-9.4731,-0.53669,13.469
3.3538,0.91712,13.422
-3.1198,5.8506,13.051
3.5065,-5.7778,12.575
-3.1113,0.58407,12.569
9.9129,-0.25809,13.405
3.4471,6.3095,12.394
-3.1169,-0.097581,7.7511
9.7984,-0.39386,7.2561
3.573,6.1709,7.2981
0.091924,-9.6789,13.323
-5.4659,-3.2994,12.548
6.5973,-3.0717,13.166
0.16122,3.4309,14.087
5.9199,-3.4521,7.1891
0.48861,-3.1134,13.255
-6.6037,3.1091,14.179
6.6221,3.5051,14.151
-0.064347,9.5919,12.586
0.97156,-3.2909,7.2971
0.26022,9.628,7.7181
-0.48295,-6.639,9.9471
-7.2401,-0.20577,10.407
6.2133,0.30618,10.348
-0.35002,5.8937,9.8571
6.6397,-6.5436,9.9921
0.77428,0.44194,10.045
0.46598,-12.183,10.206
7.6785,5.4044,10.022
-9.5832,13.854,-12.526
-9.6214,13.269,-7.1255
-9.4305,7.1593,-13.373
-3.0241,12.679,-12.543
-9.3591,5.972,-6.1875
-12.845,3.2582,-12.625
-6.3397,9.8654,-12.782
-12.33,3.1896,-6.5745
-12.448,9.8236,-12.693
-11.579,6.4974,-9.7425
-5.9636,12.21,-9.2055
-6.6714,7.2667,-9.3915
-13.865,12.315,-9.4925
-9.5832,13.854,0.35964
-9.6214,13.269,5.7606
-9.4305,7.1593,-0.48736
-3.0241,12.679,0.34264
-9.3591,5.972,6.6986
-3.1387,12.543,-5.8064
-12.845,3.2582,0.26064
-6.3397,9.8654,0.10364
-12.33,3.1896,6.3116
-7.0171,9.4849,-5.8734
-12.448,9.8236,0.19264
-11.965,9.6462,-5.7654
-13.42,6.298,-3.1154
-6.7237,13.243,-2.7144
-11.579,6.4974,3.1436
-5.9636,12.21,3.6806
-6.2973,6.3935,-3.0704
-12.163,13.379,-3.0174
-12.471,0.7543,-2.8564
-6.6714,7.2667,3.4946
-13.865,12.315,3.3936
-9.5832,13.854,13.246
-9.4305,7.1593,12.399
-3.0241,12.679,13.229
-3.1387,12.543,7.0798
-12.845,3.2582,13.147
-6.3397,9.8654,12.99
-7.0171,9.4849,7.0128
-12.448,9.8236,13.079
-11.965,9.6462,7.1208
-13.42,6.298,9.7708
-6.7237,13.243,10.172
-6.2973,6.3935,9.8158
-12.163,13.379,9.8688
-12.471,0.7543,10.03
10.223,5.298,-11.734
3.6897,12.185,-12.131
10.267,5.887,-6.7766
3.909,12.472,-6.0926
10.052,13.305,-13.031
13.255,3.0423,-12.277
7.6969,9.4218,-13.052
13.77,2.9737,-6.2256
6.6278,9.2988,-5.7216
13.651,9.6078,-12.345
14.521,6.2816,-9.3936
7.1426,11.549,-9.1626
12.235,12.099,-9.1436
10.223,5.298,1.1526
3.6897,12.185,0.75555
10.267,5.887,6.1096
3.909,12.472,6.7936
10.052,13.305,-0.14445
10.046,12.624,-4.9624
13.255,3.0423,0.60955
7.6969,9.4218,-0.16545
13.77,2.9737,6.6606
6.6278,9.2988,7.1646
13.651,9.6078,0.54155
14.134,9.4303,-5.4164
12.68,6.0822,-2.7664
5.9228,12.515,-2.3064
14.521,6.2816,3.4926
7.1426,11.549,3.7236
13.937,13.163,-2.6684
13.629,0.53847,-2.5074
12.235,12.099,3.7426
10.223,5.298,14.039
3.6897,12.185,13.642
10.052,13.305,12.742
10.046,12.624,7.9237
13.255,3.0423,13.496
7.6969,9.4218,12.721
13.651,9.6078,13.428
14.134,9.4303,7.4697
12.68,6.0822,10.12
5.9228,12.515,10.58
13.937,13.163,10.218
13.629,0.53847,10.379
0.6918,13.476,-2.6838
0.6918,13.476,10.202
0,0,0
6.2501,0.51265,0.446
0.16758,-6.2841,0.124
-6.3173,-0.050912,0.904
-0.0014142,-0.025456,6.431
0.29345,6.417,0.487
-0.0014142,-0.025456,-6.4551
0.076368,6.3215,-5.719
-5.8011,-6.3823,-0.012
-6.5825,-0.11526,-5.633
6.2324,-0.077782,-6.1331
-6.0484,6.8163,0.36164
0.61306,-6.4877,6.415
0.61306,-6.4877,-6.4711
6.2324,-0.077782,6.753
6.8886,-6.1207,0.538
0.076368,6.3215,7.1671
7.3618,6.3389,0.16055
-6.5825,-0.11526,7.2531
-5.654,6.5011,-6.1051
-6.3973,-6.2441,6.1294
-5.654,6.5011,6.781
-6.3973,-6.2441,-6.7567
6.7656,6.4771,6.302
7.283,-6.4359,-5.9288
6.7656,6.4771,-6.5841
7.283,-6.4359,6.9574
0.067175,12.485,0.371
0,0,-12.886
0,0,12.886
13.004,-0.45165,0.54736
-13.096,-0.23582,0.19845
-0.15864,-13.173,0.37481
-6.3173,-0.050912,-11.982
6.2501,0.51265,-12.44
0.29345,6.417,-12.399
0.0077131,-12.704,-5.9547
-6.9127,-12.209,0.27345
0.16758,-6.2841,-12.762
0.23353,12.954,-5.9585
-12.929,0.2328,-6.131
-12.869,-6.3042,0.31445
13.171,0.016971,-5.7821
-12.769,6.653,-0.052357
6.8456,12.67,1.0766
0.16758,-6.2841,13.01
0.0077131,-12.704,6.9314
-12.929,0.2328,6.7551
6.6197,-12.988,1.0804
0.23353,12.954,6.9276
6.2501,0.51265,13.332
13.23,-6.52,0.66336
13.33,6.4372,0.29655
0.29345,6.417,13.373
13.171,0.016971,7.104
-6.6869,13.45,0.26964
-6.3173,-0.050912,13.79
6.5804,12.606,-5.4604
-12.324,6.4493,6.2386
6.8886,-6.1207,-12.348
-12.324,6.4493,-6.6475
-6.0484,6.8163,-12.524
-5.8011,-6.3823,12.874
6.3546,-13.052,-5.4566
-5.8011,-6.3823,-12.898
13.013,-6.6155,-5.5426
-13.086,-6.3997,-5.8916
-6.7046,12.859,-6.3095
-6.9304,-12.799,-6.3057
-6.7046,12.859,6.5766
-6.9304,-12.799,6.5804
7.3618,6.3389,-12.726
6.5804,12.606,7.4257
-6.0484,6.8163,13.248
-13.086,-6.3997,6.9946
7.3618,6.3389,13.047
6.8886,-6.1207,13.424
6.3546,-13.052,7.4295
13.013,-6.6155,7.3435
13.776,6.2335,-6.2986
13.776,6.2335,6.5876
0.067175,12.485,-12.515
13.004,-0.45165,-12.339
-0.15864,-13.173,-12.511
0.067175,12.485,13.257
-13.096,-0.23582,-12.688
12.937,-12.937,0.17636
-12.937,12.937,-0.17636
-13.163,-12.721,-0.17255
13.163,12.721,0.17255
-13.096,-0.23582,13.085
6.8456,12.67,-11.81
-0.15864,-13.173,13.261
13.004,-0.45165,13.433
6.6197,-12.988,-11.806
-6.9127,-12.209,-12.613
-12.869,-6.3042,-12.572
13.23,-6.52,-12.223
-6.9127,-12.209,13.16
-12.769,6.653,12.834
-12.938,12.912,6.2546
13.161,12.696,-6.2826
-12.769,6.653,-12.938
12.936,-12.962,-6.2788
-13.164,-12.747,6.2584
13.33,6.4372,-12.59
13.161,12.696,6.6036
-12.938,12.912,-6.6315
12.936,-12.962,6.6074
-12.869,-6.3042,13.201
-13.164,-12.747,-6.6277
-6.6869,13.45,-12.616
13.33,6.4372,13.183
-6.6869,13.45,13.156
13.23,-6.52,13.549
6.8456,12.67,13.963
6.6197,-12.988,13.966
12.937,-12.937,-12.71
-12.937,12.937,12.71
-13.163,-12.721,12.714
13.163,12.721,-12.714
12.937,-12.937,13.062
-12.937,12.937,-13.062
-13.163,-12.721,-13.059
13.163,12.721,13.059
