-9.3488,-8.3082,-8.9354
-3.3263,-8.6894,-8.9114
-9.6762,-2.6266,-9.0554
-9.7575,-8.3903,-3.4258
-9.3488,-8.3082,2.5742
-3.6544,-8.1166,-3.2298
-9.725,-2.6316,-3.2838
-3.3263,-8.6894,2.5982
-9.6762,-2.6266,2.4542
-9.7575,-8.3903,8.0839
-3.6544,-8.1166,8.2799
-9.725,-2.6316,8.2259
2.7865,-9.5436,-8.809
8.4292,-8.6526,-8.68
2.382,-9.1151,-2.7904
2.7865,-9.5436,2.7006
7.9795,-8.4066,-2.7064
8.4292,-8.6526,2.8296
2.382,-9.1151,8.7193
7.9795,-8.4066,8.8033
-8.8685,2.1114,-9.0337
-3.1282,-3.1155,-8.7837
8.4711,-2.9741,-8.5847
2.675,2.9932,-8.7077
2.4784,-2.897,-8.6047
-3.2258,3.0024,-8.9047
8.6974,2.6121,-8.6837
2.3476,8.6748,-8.8277
-9.273,2.5399,-3.015
-3.4648,-3.0038,-3.059
8.3637,-2.8313,-2.845
2.2663,2.9112,-3.198
-8.8685,2.1114,2.476
-3.1282,-3.1155,2.726
8.4711,-2.9741,2.925
2.675,2.9932,2.802
2.3221,-2.7238,-3.081
-3.6755,3.2484,-2.931
8.3693,3.1848,-3.002
2.2988,8.6698,-3.056
2.4784,-2.897,2.905
-3.2258,3.0024,2.605
8.6974,2.6121,2.826
2.3476,8.6748,2.682
-9.273,2.5399,8.4947
-3.4648,-3.0038,8.4507
8.3637,-2.8313,8.6647
2.2663,2.9112,8.3117
2.3221,-2.7238,8.4287
-3.6755,3.2484,8.5787
8.3693,3.1848,8.5077
2.2988,8.6698,8.4537
-3.1839,8.6809,-8.8093
-9.1766,8.758,-8.8293
-3.2914,8.8238,-3.0696
-3.1839,8.6809,2.7004
-9.3329,8.9312,-3.3056
-9.1766,8.758,2.6804
-3.2914,8.8238,8.44
-9.3329,8.9312,8.204
8.8955,8.1859,-8.5559
8.5589,8.2976,-2.8312
8.8955,8.1859,2.9538
8.5589,8.2976,8.6784
-8.6926,-8.3493,-7.5904
-8.9273,-8.3917,-2.1838
-8.6926,-8.3493,3.9192
-8.9273,-8.3917,9.3259
9.0309,-8.7792,-7.316
8.7905,-3.2694,-7.027
8.8803,-8.903,-1.6124
9.0309,-8.7792,4.1936
3.0014,-9.166,-1.4244
8.8909,-3.2072,-1.4124
8.7905,-3.2694,4.4826
8.8803,-8.903,9.8973
3.0014,-9.166,10.085
8.8909,-3.2072,10.097
-2.5746,-8.8452,-7.2527
-8.515,-3.1509,-7.5707
3.3248,-2.4607,-7.4477
-2.6241,2.8758,-7.5407
-2.74,-2.9621,-7.3437
3.4832,-8.1473,-8.0027
3.3312,2.9522,-7.3627
-2.8645,8.3856,-7.2517
-2.6304,-8.5418,-1.662
-8.5723,-3.0922,-1.791
3.0165,-2.9246,-1.768
-2.7747,2.7521,-1.837
-2.5746,-8.8452,4.257
-8.515,-3.1509,3.939
3.3248,-2.4607,4.062
-2.6241,2.8758,3.969
-2.7061,-2.7726,-1.787
-8.6536,2.489,-1.649
3.0964,2.9097,-1.956
-2.7641,8.4478,-1.637
-2.74,-2.9621,4.166
3.4832,-8.1473,3.507
3.3312,2.9522,4.147
-2.8645,8.3856,4.258
-2.6304,-8.5418,9.8477
-8.5723,-3.0922,9.7187
3.0165,-2.9246,9.7417
-2.7747,2.7521,9.6727
-2.7061,-2.7726,9.7227
-8.6536,2.489,9.8607
3.0964,2.9097,9.5537
-2.7641,8.4478,9.8727
-8.3302,9.1943,-7.6723
-8.1718,3.5077,-8.2273
-8.6385,8.7304,-1.9926
-8.3302,9.1943,3.8374
-8.1718,3.5077,3.2824
-8.6385,8.7304,9.517
9.4492,2.4562,-7.0249
3.5088,8.1506,-7.3429
9.2837,8.3394,-7.1159
9.3933,2.7596,-1.4342
3.4515,8.2093,-1.5632
9.4492,2.4562,4.4848
3.5088,8.1506,4.1668
9.3177,8.5289,-1.5592
9.2837,8.3394,4.3938
9.3933,2.7596,10.075
3.4515,8.2093,9.9464
9.3177,8.5289,9.9504
-1.0469,-12.085,-8.6818
-1.0469,-12.085,2.8279
-9.2554,-11.466,-11.34
-9.1692,-11.171,-5.9344
-3.2698,-11.118,-12.064
-9.1727,-5.4607,-11.744
-3.1043,-11.275,-5.7754
-9.2045,-5.3639,-5.9844
-11.818,-8.4313,-11.731
-11.805,-8.3316,-6.2314
-6.2488,-8.205,-11.666
-12.034,-2.7278,-11.981
-5.9243,-8.3839,-6.0504
-11.931,-2.5397,-5.9124
-6.3393,-11.575,-8.5224
-12.735,-5.4098,-8.8114
-12.7,-11.162,-8.9994
-12.702,-0.42967,-8.9064
-6.6787,-5.5562,-8.7624
-9.2554,-11.466,0.16925
-9.1692,-11.171,5.5752
-3.2698,-11.118,-0.55475
-9.1727,-5.4607,-0.23475
-3.1043,-11.275,5.7342
-9.2045,-5.3639,5.5252
-11.818,-8.4313,-0.22175
-11.805,-8.3316,5.2782
-6.2488,-8.205,-0.15675
-12.034,-2.7278,-0.47175
-5.9243,-8.3839,5.4592
-11.931,-2.5397,5.5972
-7.2034,-10.871,-2.8458
-12.755,-5.9755,-3.0718
-6.3393,-11.575,2.9872
-12.735,-5.4098,2.6982
-12.813,-11.225,-3.1728
-6.8385,-5.8221,-3.0678
-12.7,-11.162,2.5102
-12.702,-0.42967,2.6032
-6.6787,-5.5562,2.7472
-9.2554,-11.466,11.679
-3.2698,-11.118,10.955
-9.1727,-5.4607,11.275
-11.818,-8.4313,11.288
-6.2488,-8.205,11.353
-12.034,-2.7278,11.038
-7.2034,-10.871,8.6639
-12.755,-5.9755,8.4379
-12.813,-11.225,8.3369
-6.8385,-5.8221,8.4419
2.6168,-12.024,-11.108
8.6625,-6.0646,-11.253
2.8671,-11.689,-5.446
8.6237,-5.9791,-5.477
8.5749,-11.593,-11.408
8.6696,-11.61,-5.634
11.861,-8.7849,-11.279
11.874,-8.6852,-5.779
5.5767,-8.8266,-11.131
11.644,-3.0814,-11.529
5.651,-8.8443,-5.794
11.748,-2.8933,-5.46
5.4459,-12.781,-8.249
10.944,-5.7634,-8.359
10.978,-11.516,-8.547
10.977,-0.78325,-8.454
2.6168,-12.024,0.40162
8.6625,-6.0646,0.25662
2.8671,-11.689,6.0636
8.6237,-5.9791,6.0326
8.5749,-11.593,0.10162
8.6696,-11.61,5.8756
11.861,-8.7849,0.23062
11.874,-8.6852,5.7306
5.5767,-8.8266,0.37862
11.644,-3.0814,-0.019377
5.651,-8.8443,5.7156
11.748,-2.8933,6.0496
5.2253,-11.497,-2.5394
10.924,-6.3291,-2.6194
5.4459,-12.781,3.2606
10.944,-5.7634,3.1506
10.866,-11.579,-2.7204
10.978,-11.516,2.9626
10.977,-0.78325,3.0556
2.6168,-12.024,11.911
8.6625,-6.0646,11.766
8.5749,-11.593,11.611
11.861,-8.7849,11.74
5.5767,-8.8266,11.888
11.644,-3.0814,11.49
5.2253,-11.497,8.9703
10.924,-6.3291,8.8903
10.866,-11.579,8.7893
-2.8511,-5.7601,-11.419
-9.0382,-0.36911,-11.333
2.7683,-0.16476,-11.113
-2.9925,5.5904,-11.478
-2.8037,-5.816,-5.5177
-8.7879,-0.033941,-5.6707
2.8546,0.13081,-5.7067
-3.0314,5.6759,-5.7017
2.9706,-5.8527,-11.753
-3.0802,0.062225,-11.633
8.754,0.18385,-11.837
2.8511,5.8407,-11.517
3.1289,-5.3563,-5.9457
-2.9854,0.045255,-5.8587
8.9194,0.02687,-5.5477
2.8192,5.9376,-5.7567
-0.031113,-8.7101,-11.348
-5.7459,-2.8624,-11.891
6.0627,-2.6262,-11.725
0.20577,2.8701,-11.504
0.47659,-8.4966,-6.2237
0.2192,2.9698,-6.0037
0.047376,-2.8956,-11.405
-6.0783,2.8284,-11.356
5.7749,3.0964,-11.439
-0.010607,8.5737,-11.754
0.012021,-2.7853,-5.6797
-6.004,2.8107,-6.0187
6.0995,2.9175,-5.8227
0.092631,8.7618,-5.6847
-0.49851,-5.5077,-8.4537
-6.2091,-1.1264,-8.4737
5.6844,-0.27365,-8.2947
-0.71135,5.8916,-8.5837
5.3521,-5.6858,-8.7887
-0.6767,0.1393,-8.7717
-0.67812,10.872,-8.6787
5.345,5.7452,-8.5347
-2.8511,-5.7601,0.091
-9.0382,-0.36911,0.177
2.7683,-0.16476,0.397
-2.9925,5.5904,0.032
-2.8037,-5.816,5.992
-8.7879,-0.033941,5.839
2.8546,0.13081,5.803
-3.0314,5.6759,5.808
2.9706,-5.8527,-0.243
-3.0802,0.062225,-0.123
8.754,0.18385,-0.327
2.8511,5.8407,-0.007
3.1289,-5.3563,5.564
-2.9854,0.045255,5.651
8.9194,0.02687,5.962
2.8192,5.9376,5.753
-0.031113,-8.7101,0.162
-5.7459,-2.8624,-0.381
6.0627,-2.6262,-0.215
0.20577,2.8701,0.006
0.47659,-8.4966,5.286
-6.1158,-3.0073,-5.253
5.5791,-2.7902,-5.294
0.2192,2.9698,5.506
0.047376,-2.8956,0.105
-6.0783,2.8284,0.154
5.7749,3.0964,0.071
-0.010607,8.5737,-0.244
0.012021,-2.7853,5.83
-6.004,2.8107,5.491
6.0995,2.9175,5.687
0.092631,8.7618,5.825
-0.24537,-6.1695,-2.783
-6.4297,0.15768,-2.764
4.8203,0.43063,-2.618
-0.73115,5.3259,-2.844
-0.49851,-5.5077,3.056
-6.2091,-1.1264,3.036
5.6844,-0.27365,3.215
-0.71135,5.8916,2.926
5.2036,-5.8301,-2.895
-0.78913,0.076368,-2.945
-0.20365,-10.929,-3.041
5.1852,5.4794,-2.84
5.3521,-5.6858,2.721
-0.6767,0.1393,2.738
-0.67812,10.872,2.831
5.345,5.7452,2.975
-2.8511,-5.7601,11.601
-9.0382,-0.36911,11.687
2.7683,-0.16476,11.907
-2.9925,5.5904,11.542
2.9706,-5.8527,11.267
-3.0802,0.062225,11.387
8.754,0.18385,11.183
2.8511,5.8407,11.503
-0.031113,-8.7101,11.672
-5.7459,-2.8624,11.129
6.0627,-2.6262,11.295
0.20577,2.8701,11.516
-6.1158,-3.0073,6.2567
5.5791,-2.7902,6.2157
0.047376,-2.8956,11.615
-6.0783,2.8284,11.664
5.7749,3.0964,11.581
-0.010607,8.5737,11.266
-0.24537,-6.1695,8.7267
-6.4297,0.15768,8.7457
4.8203,0.43063,8.8917
-0.73115,5.3259,8.6657
5.2036,-5.8301,8.6147
-0.78913,0.076368,8.5647
-0.20365,-10.929,8.4687
5.1852,5.4794,8.6697
-8.8867,11.49,-11.337
-8.8004,11.786,-5.9313
-8.6845,5.8023,-11.977
-2.901,11.839,-12.061
-8.5261,6.2987,-6.1703
-2.7356,11.682,-5.7723
-11.686,2.9449,-11.572
-5.5923,9.0288,-11.949
-11.178,3.1584,-6.4483
-11.608,8.7594,-11.629
-11.643,8.8697,-5.9043
-12.154,6.1474,-8.6783
-5.9706,11.381,-8.5193
-6.3029,5.9692,-9.0133
-12.332,11.794,-8.9963
-8.8867,11.49,0.17238
-8.8004,11.786,5.5784
-8.6845,5.8023,-0.46762
-2.901,11.839,-0.55162
-8.5261,6.2987,5.3394
-2.7356,11.682,5.7374
-11.686,2.9449,-0.062623
-5.5923,9.0288,-0.43962
-11.178,3.1584,5.0614
-6.0759,8.8648,-5.5186
-11.608,8.7594,-0.11962
-11.643,8.8697,5.6054
-11.9,5.4855,-3.0076
-6.8347,12.086,-2.8426
-12.154,6.1474,2.8314
-5.9706,11.381,2.9904
-6.4514,5.8249,-3.1196
-12.444,11.731,-3.1696
-11.859,0.72598,-3.2656
-6.3029,5.9692,2.4964
-12.332,11.794,2.5134
-8.8867,11.49,11.682
-8.6845,5.8023,11.042
-2.901,11.839,10.958
-11.686,2.9449,11.447
-5.5923,9.0288,11.07
-6.0759,8.8648,5.991
-11.608,8.7594,11.39
-11.9,5.4855,8.502
-6.8347,12.086,8.667
-6.4514,5.8249,8.39
-12.444,11.731,8.34
-11.859,0.72598,8.244
9.1727,5.5413,-11.191
2.9855,10.932,-11.105
9.2201,5.4855,-5.2899
3.2358,11.267,-5.4429
8.9436,11.364,-11.405
9.0384,11.347,-5.6309
11.993,2.5913,-11.12
6.2778,8.4391,-11.663
12.5,2.8048,-5.9959
12.071,8.4058,-11.177
12.036,8.5161,-5.4519
11.525,5.7938,-8.2259
5.8147,10.175,-8.2459
11.347,11.441,-8.5439
9.1727,5.5413,0.31875
2.9855,10.932,0.40475
9.2201,5.4855,6.2198
3.2358,11.267,6.0668
8.9436,11.364,0.10475
9.0384,11.347,5.8788
11.993,2.5913,0.38975
6.2778,8.4391,-0.15325
12.5,2.8048,5.5138
5.908,8.2941,-5.0252
12.071,8.4058,0.33275
12.036,8.5161,6.0578
11.778,5.1319,-2.5552
5.594,11.459,-2.5362
11.525,5.7938,3.2838
5.8147,10.175,3.2638
11.235,11.378,-2.7172
11.82,0.37239,-2.8132
11.347,11.441,2.9658
9.1727,5.5413,11.828
2.9855,10.932,11.914
8.9436,11.364,11.614
11.993,2.5913,11.899
6.2778,8.4391,11.356
5.908,8.2941,6.4844
12.071,8.4058,11.842
11.778,5.1319,8.9544
5.594,11.459,8.9734
11.235,11.378,8.7924
11.82,0.37239,8.6964
0.16509,12.027,-3.0379
0.16509,12.027,8.4718
0,0,0
-0.074246,0.095459,5.685
5.6929,0.010607,0.405
-0.11597,5.7049,0.315
-0.051619,-5.7438,0.485
-0.074246,0.095459,-5.8247
-5.9729,-0.27224,0.561
5.6597,0.15132,-5.283
0.31466,-5.683,-5.3957
-0.087681,5.77,-5.4537
-6.0083,-0.064347,-5.4457
5.5385,-6.018,0.19062
6.13,5.4883,0.43275
-5.8937,-5.8131,0.205
-6.1165,5.6371,-0.034
0.31466,-5.683,6.114
-0.087681,5.77,6.056
5.6597,0.15132,6.2267
-6.0083,-0.064347,6.064
5.9284,-5.5918,-5.5627
-5.741,-5.7481,-5.6137
6.2828,5.5534,-5.3859
-5.741,-5.7481,5.896
5.9284,-5.5918,5.947
-5.7266,6.0632,5.7224
-5.7266,6.0632,-5.7873
6.2828,5.5534,6.1238
-0.38266,-11.206,-0.079752
0,0,-11.51
0,0,11.51
11.641,0.095459,0.148
-0.013922,11.75,-0.076623
-12.038,0.44905,-0.30438
-0.051619,-5.7438,-11.025
-5.9729,-0.27224,-10.949
5.6929,0.010607,-11.105
-0.11597,5.7049,-11.195
-11.318,0.36323,5.5234
6.0508,11.029,0.78875
0.33729,-11.292,5.748
0.33729,-11.292,-5.7617
-11.318,0.36323,-5.9863
-6.3308,-11.291,0.17725
11.539,-5.9501,0.53962
0.70603,11.665,5.7511
0.70603,11.665,-5.7585
-5.9621,11.666,0.18038
-11.707,5.9112,0.26038
-0.11597,5.7049,11.825
5.6929,0.010607,11.915
11.972,5.5576,0.71275
5.6821,-11.927,0.78562
-0.051619,-5.7438,11.995
-12.14,-5.5965,0.087248
-5.9729,-0.27224,12.071
12.361,0.0096442,-5.5339
12.361,0.0096442,5.9758
6.0155,11.237,-5.2179
6.13,5.4883,-11.077
5.5385,-6.018,-11.319
-6.3641,-11.15,-5.5108
11.567,-5.885,-5.229
-11.34,5.972,-5.6203
-5.8937,-5.8131,-11.305
5.6467,-11.719,-5.221
-11.34,5.972,5.8894
-6.3641,-11.15,5.9989
-6.1165,5.6371,11.476
6.0155,11.237,6.2918
-6.1165,5.6371,-11.544
5.5385,-6.018,11.7
-5.9953,11.806,-5.5076
-5.8937,-5.8131,11.715
11.567,-5.885,6.2806
5.6467,-11.719,6.2886
-12.111,-5.5314,-5.6814
6.13,5.4883,11.942
12.338,5.6184,-5.1679
-12.111,-5.5314,5.8282
-5.9953,11.806,6.002
12.338,5.6184,6.3418
-0.38266,-11.206,11.43
-0.38266,-11.206,-11.589
11.641,0.095459,-11.362
-0.013922,11.75,11.433
-12.038,0.44905,11.205
11.641,0.095459,11.658
11.655,-11.655,0.22462
-11.655,11.655,-0.22462
-0.013922,11.75,-11.586
-12.024,-11.301,-0.22775
12.024,11.301,0.22775
6.0508,11.029,-10.721
-12.038,0.44905,-11.814
11.539,-5.9501,-10.97
5.6821,-11.927,-10.724
11.972,5.5576,-10.797
-6.3308,-11.291,-11.332
-11.707,5.9112,-11.249
11.581,-11.56,-5.6
-5.9621,11.666,-11.329
-12.098,-11.206,5.4572
11.581,-11.56,5.9096
11.95,11.397,-5.5969
-6.3308,-11.291,11.687
-11.729,11.75,5.4604
11.95,11.397,5.9128
-5.9621,11.666,11.69
-12.098,-11.206,-6.0524
-12.14,-5.5965,-11.422
6.0508,11.029,12.298
-11.707,5.9112,11.77
-11.729,11.75,-6.0493
-12.14,-5.5965,11.597
11.539,-5.9501,12.049
11.972,5.5576,12.222
5.6821,-11.927,12.295
11.655,-11.655,-11.285
-11.655,11.655,11.285
-12.024,-11.301,11.282
12.024,11.301,-11.282
11.655,-11.655,11.734
-11.655,11.655,-11.734
-12.024,-11.301,-11.737
12.024,11.301,11.737
