-9.475,-9.1072,-8.3789
-8.8718,-8.9594,-3.3707
-9.475,-9.1072,3.6843
-8.8718,-8.9594,8.6925
9.094,-9.5409,-9.1049
3.4697,-9.7007,-8.6779
8.7037,-4.075,-9.9569
9.1124,-8.7603,-3.4987
9.094,-9.5409,2.9583
2.5512,-10.028,-2.6607
3.4697,-9.7007,3.3853
8.7037,-4.075,2.1063
9.1124,-8.7603,8.5645
2.5512,-10.028,9.4025
3.0102,-2.3285,-9.5392
-3.0773,2.6304,-9.3112
-2.7888,-8.8657,-9.8452
-9.0856,-2.7061,-9.2142
-8.7017,2.4706,-8.8842
-3.2315,-3.2018,-9.2772
-3.4677,8.0964,-10.163
2.9911,2.7775,-8.1692
3.696,-3.153,-2.763
-3.0589,3.4111,-3.705
-3.3121,-8.7427,-2.995
-9.4095,-2.419,-2.475
3.0102,-2.3285,2.524
-3.0773,2.6304,2.752
-2.7888,-8.8657,2.218
-9.0856,-2.7061,2.849
-9.6202,2.1432,-2.867
-2.6262,-2.6743,-3.402
8.6119,-2.6623,-2.871
3.5942,2.9253,-3.161
-8.7017,2.4706,3.179
-3.2315,-3.2018,2.786
-3.4677,8.0964,1.9
2.9911,2.7775,3.894
3.696,-3.153,9.3002
-3.0589,3.4111,8.3582
-3.3121,-8.7427,9.0682
-9.4095,-2.419,9.5882
-9.6202,2.1432,9.1962
-2.6262,-2.6743,8.6612
8.6119,-2.6623,9.1922
3.5942,2.9253,8.9022
-9.1612,9.8429,-9.7455
-8.4753,9.0184,-2.9693
-9.1612,9.8429,2.3177
-3.5595,9.5091,-3.0773
-8.4753,9.0184,9.0939
-3.5595,9.5091,8.9859
9.6772,3.019,-9.6355
3.3804,9.1786,-9.0045
9.2346,8.6829,-9.0675
9.154,3.1421,-2.7853
3.0566,9.4657,-2.2653
9.6772,3.019,2.4277
3.3804,9.1786,3.0587
9.8399,9.2105,-3.1923
9.2346,8.6829,2.9957
9.154,3.1421,9.2779
3.0566,9.4657,9.7979
9.8399,9.2105,8.8709
-3.6916,-9.4912,-9.0249
-9.2494,-3.2927,-10.637
-8.9369,-8.3174,-9.5489
-9.3915,-3.4786,-3.3147
-3.6916,-9.4912,3.0383
-9.2494,-3.2927,1.4263
-10.025,-8.1427,-3.8267
-8.9369,-8.3174,2.5143
-9.3915,-3.4786,8.7485
-10.025,-8.1427,8.2365
10.071,-8.4209,-9.2709
7.9478,-9.6194,-3.0377
10.071,-8.4209,2.7923
8.7065,-4.3918,-2.9817
7.9478,-9.6194,9.0255
8.7065,-4.3918,9.0815
8.7745,2.3936,-8.8152
3.2166,8.5921,-10.427
2.5279,-3.6409,-10.124
-2.1001,3.7505,-9.4772
-2.494,-3.0724,-10.566
2.9225,-8.4874,-8.0632
3.5292,3.5674,-9.3392
7.7817,-3.5009,-9.3672
-2.3129,-9.7432,-3.559
3.0745,8.4061,-3.105
2.5088,-2.472,-3.394
-4.2235,2.5519,-3.244
8.7745,2.3936,3.248
3.2166,8.5921,1.636
2.5279,-3.6409,1.939
-2.1001,3.7505,2.586
-3.5681,-1.5217,-3.33
3.404,-8.621,-3.737
2.4409,3.742,-3.617
-3.4648,7.7796,-3.188
-2.494,-3.0724,1.497
2.9225,-8.4874,4
3.5292,3.5674,2.724
7.7817,-3.5009,2.696
-2.3129,-9.7432,8.5042
3.0745,8.4061,8.9582
2.5088,-2.472,8.6692
-4.2235,2.5519,8.8192
-3.5681,-1.5217,8.7332
3.404,-8.621,8.3262
2.4409,3.742,8.4462
-3.4648,7.7796,8.8752
-9.6434,8.5305,-10.33
-9.2489,3.684,-8.2695
-4.3896,8.6705,-9.5735
-9.6625,9.6993,-3.6003
-9.6434,8.5305,1.7327
-8.7673,3.5503,-3.9433
-9.2489,3.684,3.7937
-4.3896,8.6705,2.4897
-9.6625,9.6993,8.4629
-8.7673,3.5503,8.1199
9.9721,8.8124,-10.357
10.153,2.1415,-3.3493
8.898,10.363,-3.1203
9.9721,8.8124,1.7067
10.153,2.1415,8.7139
8.898,10.363,8.9429
-0.97634,-12.711,-2.8864
-0.97634,-12.711,9.1768
-9.4375,-12.003,-12.951
-3.2722,-12.371,-11.635
-9.3654,-6.0292,-12.867
-3.1068,-11.584,-6.4299
-12.053,-8.748,-12.503
-12.24,-8.4538,-6.1819
-6.5313,-8.7459,-11.909
-12.696,-3.1244,-11.836
-6.4422,-8.5847,-6.9539
-13.331,-2.8331,-7.6629
-6.3043,-12.194,-9.4089
-11.438,-5.7881,-9.1329
-12.384,-11.6,-9.2219
-7.0383,-5.3355,-9.1989
-9.4375,-12.003,-0.88769
-9.4043,-11.777,-5.4427
-3.2722,-12.371,0.42831
-9.3654,-6.0292,-0.80369
-3.1068,-11.584,5.6333
-9.8978,-5.665,-5.7447
-12.053,-8.748,-0.43969
-12.24,-8.4538,5.8813
-6.5313,-8.7459,0.15431
-12.696,-3.1244,0.22731
-6.4422,-8.5847,5.1093
-13.331,-2.8331,4.4003
-5.5923,-11.441,-3.2687
-12.587,-4.7818,-3.4877
-6.3043,-12.194,2.6543
-11.438,-5.7881,2.9303
-13.323,-11.641,-3.2457
-13.148,-0.53991,-3.0927
-12.384,-11.6,2.8413
-7.0383,-5.3355,2.8643
-9.4375,-12.003,11.176
-9.4043,-11.777,6.6205
-3.2722,-12.371,12.492
-9.3654,-6.0292,11.26
-9.8978,-5.665,6.3185
-12.053,-8.748,11.624
-6.5313,-8.7459,12.218
-12.696,-3.1244,12.291
-5.5923,-11.441,8.7945
-12.587,-4.7818,8.5755
-13.323,-11.641,8.8175
-13.148,-0.53991,8.9705
3.0348,-12.171,-11.423
9.3012,-7.0569,-12.537
3.1614,-12.535,-6.4759
9.1513,-6.4926,-6.4489
9.1796,-12.526,-12.255
12.584,-9.0346,-12.087
12.398,-8.7405,-5.7659
5.5931,-9.3196,-12.508
11.942,-3.411,-11.42
6.0365,-9.1661,-5.9049
11.307,-3.1197,-7.2469
6.8978,-12.632,-8.5809
13.199,-6.0747,-8.7169
12.253,-11.887,-8.8059
3.0348,-12.171,0.64028
9.3012,-7.0569,-0.47372
3.1614,-12.535,5.5873
9.1513,-6.4926,5.6143
9.1796,-12.526,-0.19172
9.0594,-11.78,-5.6477
12.584,-9.0346,-0.023721
12.398,-8.7405,6.2973
5.5931,-9.3196,-0.44472
11.942,-3.411,0.64328
6.0365,-9.1661,6.1583
11.307,-3.1197,4.8163
5.5804,-12.366,-2.4287
12.05,-5.0685,-3.0717
6.8978,-12.632,3.4823
13.199,-6.0747,3.3463
5.9481,-6.4799,-3.0147
11.314,-11.928,-2.8297
11.49,-0.82653,-2.6767
12.253,-11.887,3.2573
3.0348,-12.171,12.703
9.3012,-7.0569,11.589
9.1796,-12.526,11.871
9.0594,-11.78,6.4155
12.584,-9.0346,12.039
5.5931,-9.3196,11.618
11.942,-3.411,12.706
5.5804,-12.366,9.6345
12.05,-5.0685,8.9915
5.9481,-6.4799,9.0485
11.314,-11.928,9.2335
11.49,-0.82653,9.3865
-3.1424,-5.9369,-12.039
-9.1365,0.00070711,-11.629
3.0285,-0.11809,-12.741
-2.8701,5.1145,-12.743
-2.8341,-6.2282,-6.7702
-9.01,-0.36345,-6.6822
-3.0201,5.6788,-6.6552
2.9416,-6.7373,-12.146
-2.9918,-0.35426,-12.461
9.1938,-0.48649,-11.425
3.1007,5.8556,-12.657
9.3593,0.30123,-6.2202
-0.068589,-9.3204,-13.214
-6.3477,-3.1247,-12.225
6.0196,-3.037,-11.923
0.41295,3.1367,-12.293
7.2726,-2.996,-6.1392
0.22627,3.4309,-5.9722
0.37194,-3.0391,-12.678
-6.5782,2.8518,-12.714
5.9347,3.1388,-11.699
-0.22981,8.7603,-11.626
0.75024,-2.9394,-6.1812
-6.1349,3.0052,-6.1112
6.0238,3.3001,-6.7442
-0.86479,9.0517,-7.4532
0.30264,-5.7247,-8.9242
-5.2736,-0.46103,-8.7872
6.1617,-0.30971,-9.1992
1.0281,6.0967,-8.9232
4.6125,-5.666,-9.0572
0.082024,0.28426,-9.0122
0.042426,-10.854,-8.9902
5.4278,6.5492,-8.9892
-3.1424,-5.9369,0.024
-9.1365,0.00070711,0.434
3.0285,-0.11809,-0.678
-2.8701,5.1145,-0.68
-2.8341,-6.2282,5.293
-9.01,-0.36345,5.381
3.0618,0.10748,-5.233
-3.0201,5.6788,5.408
2.9416,-6.7373,-0.083
-2.9918,-0.35426,-0.398
9.1938,-0.48649,0.638
3.1007,5.8556,-0.594
3.0123,-5.9496,-5.5
-3.112,0.39103,-5.854
9.3593,0.30123,5.843
2.5682,6.2197,-5.535
-0.068589,-9.3204,-1.151
-6.3477,-3.1247,-0.162
6.0196,-3.037,0.14
0.41295,3.1367,-0.23
0.26234,-9.0163,-5.707
-5.5904,-3.0971,-5.629
7.2726,-2.996,5.924
0.22627,3.4309,6.091
0.37194,-3.0391,-0.615
-6.5782,2.8518,-0.651
5.9347,3.1388,0.364
-0.22981,8.7603,0.437
0.75024,-2.9394,5.882
-6.1349,3.0052,5.952
6.0238,3.3001,5.319
-0.86479,9.0517,4.61
-0.72832,-5.6088,-3.196
-6.5909,-0.19445,-2.635
6.8738,0.44336,-3.059
-0.12092,7.1029,-3.278
0.30264,-5.7247,3.139
-5.2736,-0.46103,3.276
6.1617,-0.30971,2.864
1.0281,6.0967,3.14
-6.2232,5.6915,-3.221
-0.85701,0.24324,-3.036
-0.68165,11.345,-2.883
-6.2657,-5.9277,-3.445
4.6125,-5.666,3.006
0.082024,0.28426,3.051
0.042426,-10.854,3.073
5.4278,6.5492,3.074
-3.1424,-5.9369,12.087
-9.1365,0.00070711,12.497
3.0285,-0.11809,11.385
-2.8701,5.1145,11.383
3.0618,0.10748,6.8302
2.9416,-6.7373,11.98
-2.9918,-0.35426,11.665
9.1938,-0.48649,12.701
3.1007,5.8556,11.469
3.0123,-5.9496,6.5632
-3.112,0.39103,6.2092
2.5682,6.2197,6.5282
-0.068589,-9.3204,10.912
-6.3477,-3.1247,11.901
6.0196,-3.037,12.203
0.41295,3.1367,11.833
0.26234,-9.0163,6.3562
-5.5904,-3.0971,6.4342
0.37194,-3.0391,11.448
-6.5782,2.8518,11.412
5.9347,3.1388,12.427
-0.22981,8.7603,12.5
-0.72832,-5.6088,8.8672
-6.5909,-0.19445,9.4282
6.8738,0.44336,9.0042
-0.12092,7.1029,8.7852
-6.2232,5.6915,8.8422
-0.85701,0.24324,9.0272
-0.68165,11.345,9.1802
-6.2657,-5.9277,8.6182
-9.1428,12.053,-12.947
-9.2298,5.434,-12.352
-2.9776,11.685,-11.631
-2.8121,12.473,-6.4265
-12.24,2.851,-13.42
-6.1518,9.1343,-12.129
-4.8988,9.1753,-6.3455
-11.799,9.1322,-12.884
-11.421,9.2319,-6.3875
-11.869,6.4466,-9.1305
-6.0096,11.862,-9.4055
-7.5589,6.5053,-9.2635
-12.089,12.456,-9.2185
-12.129,1.3173,-9.1965
-9.1428,12.053,-0.88428
-9.1096,12.279,-5.4393
-9.2298,5.434,-0.28928
-2.9776,11.685,0.43172
-9.1591,6.2218,-5.7063
-2.8121,12.473,5.6367
-12.24,2.851,-1.3573
-6.1518,9.1343,-0.066279
-11.909,3.155,-5.9133
-4.8988,9.1753,5.7177
-11.799,9.1322,-0.82128
-11.421,9.2319,5.6757
-12.9,6.5626,-3.4023
-5.2976,12.615,-3.2653
-11.869,6.4466,2.9327
-6.0096,11.862,2.6577
-13.028,12.415,-3.2423
-7.5589,6.5053,2.7997
-12.089,12.456,2.8447
-12.129,1.3173,2.8667
-9.1428,12.053,11.179
-9.1096,12.279,6.6239
-9.2298,5.434,11.774
-2.9776,11.685,12.495
-9.1591,6.2218,6.3569
-12.24,2.851,10.706
-6.1518,9.1343,11.997
-11.909,3.155,6.1499
-11.799,9.1322,11.242
-12.9,6.5626,8.6609
-5.2976,12.615,8.7979
-13.028,12.415,8.8209
9.3237,5.9479,-11.83
3.3295,11.885,-11.42
9.632,5.6565,-6.5605
3.4561,11.521,-6.4725
9.4743,11.53,-12.252
12.397,2.5644,-13.005
6.1183,8.76,-12.016
12.838,8.8456,-12.469
13.216,8.9453,-5.9715
12.769,6.16,-8.7145
7.1924,11.424,-8.5775
12.548,12.169,-8.8025
12.508,1.0306,-8.7805
9.3237,5.9479,0.23369
3.3295,11.885,0.64369
9.632,5.6565,5.5027
3.4561,11.521,5.5907
9.4743,11.53,-0.18831
9.3541,12.276,-5.6443
12.397,2.5644,-0.94131
6.1183,8.76,0.047689
12.728,2.8684,-5.4973
6.8757,8.7876,-5.4193
12.838,8.8456,-0.40531
13.216,8.9453,6.0917
11.738,6.276,-2.9863
5.8751,11.69,-2.4253
12.769,6.16,3.3487
7.1924,11.424,3.4857
11.609,12.128,-2.8263
6.2004,5.9571,-3.2353
12.548,12.169,3.2607
12.508,1.0306,3.2827
9.3237,5.9479,12.297
3.3295,11.885,12.707
9.4743,11.53,11.875
9.3541,12.276,6.4189
12.397,2.5644,11.122
6.1183,8.76,12.111
12.728,2.8684,6.5659
6.8757,8.7876,6.6439
12.838,8.8456,11.658
11.738,6.276,9.0769
5.8751,11.69,9.6379
11.609,12.128,9.2369
6.2004,5.9571,8.8279
0.33712,13.202,-8.9868
0.33712,13.202,3.0764
0,0,0
0.2687,-0.011314,-6.0262
0.2687,-0.011314,6.037
6.0903,0.1789,-0.29
-0.15274,6.1221,-0.652
-6.2409,0.066468,0.091
-0.068589,-6.4538,-0.61
-5.9517,-0.25385,5.776
-5.9623,-5.9199,-0.558
-0.055861,6.1822,5.719
0.02192,-6.0352,5.889
5.6731,-6.2473,0.33
0.02192,-6.0352,-6.1742
6.4686,0.15698,5.755
-5.9517,-0.25385,-6.2872
-6.4982,5.9241,0.12372
6.5037,5.9648,-0.34831
-0.055861,6.1822,-6.3442
6.4686,0.15698,-6.3082
-5.7509,-6.1257,5.539
6.0776,-5.7438,5.89
6.0776,-5.7438,-6.1732
-6.0938,6.4275,5.6837
6.7151,5.7591,5.7487
-5.7509,-6.1257,-6.5242
6.7151,5.7591,-6.3145
-6.0938,6.4275,-6.3795
11.864,-0.12162,-0.213
-0.60221,-12.006,-0.42269
-0.30752,12.05,-0.41928
0,0,-12.063
0,0,12.063
-0.014142,11.493,5.241
-12.774,0.165,-0.62897
-0.15274,6.1221,11.411
-0.068589,-6.4538,11.453
6.0903,0.1789,11.773
-6.3757,-11.706,-0.49969
12.157,-0.67804,5.4473
-0.014142,11.493,-6.8222
-12.48,-0.39142,5.0313
12.019,-6.0492,-0.44572
6.2251,11.951,0.30069
5.9304,-12.105,0.29728
-6.2409,0.066468,-11.972
-12.24,5.7176,-0.81628
12.397,5.431,-0.40031
-0.30884,-12.563,5.2376
-6.2409,0.066468,12.154
6.0903,0.1789,-12.353
-6.081,12.35,-0.49628
12.157,-0.67804,-6.6159
-12.619,-5.7626,-0.86169
-0.15274,6.1221,-12.715
-0.068589,-6.4538,-12.673
-5.9623,-5.9199,11.505
-5.9974,-11.728,5.5453
-0.30884,-12.563,-6.8256
-12.48,-0.39142,-7.0319
5.6731,-6.2473,-11.733
6.5143,11.631,5.9857
6.5143,11.631,-6.0775
6.5037,5.9648,11.715
-5.7027,12.328,5.5487
-5.9974,-11.728,-6.5179
-12.149,6.1362,5.6827
12.115,-5.9891,5.9253
-12.522,-5.7025,5.5093
-6.4982,5.9241,-11.939
12.115,-5.9891,-6.1379
5.6731,-6.2473,12.393
12.488,5.8496,-5.9645
-6.4982,5.9241,12.187
-12.149,6.1362,-6.3805
-5.7027,12.328,-6.5145
12.488,5.8496,6.0987
6.2196,-12.425,5.9823
-5.9623,-5.9199,-12.621
6.2196,-12.425,-6.0809
6.5037,5.9648,-12.412
-12.522,-5.7025,-6.5539
-0.60221,-12.006,11.641
-0.30752,12.05,11.644
11.864,-0.12162,11.85
11.864,-0.12162,-12.276
-12.774,0.165,11.434
12.171,-12.171,0.20628
-12.171,12.171,-0.20628
12.466,11.885,0.20969
-12.466,-11.885,-0.20969
-0.60221,-12.006,-12.486
-0.30752,12.05,-12.482
-12.24,5.7176,11.247
-6.3757,-11.706,11.564
12.019,-6.0492,11.617
-12.619,-5.7626,11.202
12.397,5.431,11.663
6.2251,11.951,-11.763
5.9304,-12.105,-11.766
-6.081,12.35,11.567
-11.903,12.16,5.8307
-12.197,-11.896,5.8273
-12.774,0.165,-12.692
-11.903,12.16,-6.2325
-12.197,-11.896,-6.2359
6.2251,11.951,12.364
5.9304,-12.105,12.36
-6.3757,-11.706,-12.563
12.735,11.873,-5.8165
12.44,-12.183,-5.8199
12.019,-6.0492,-12.509
12.397,5.431,-12.464
12.44,-12.183,6.2433
12.735,11.873,6.2467
-6.081,12.35,-12.559
-12.24,5.7176,-12.879
-12.619,-5.7626,-12.925
12.171,-12.171,-11.857
-12.171,12.171,11.857
12.466,11.885,-11.854
-12.466,-11.885,11.854
12.171,-12.171,12.269
-12.171,12.171,-12.269
12.466,11.885,12.273
-12.466,-11.885,-12.273
