-3.5607,-8.6023,-9.7667
-9.7493,-2.6994,-9.7497
-3.3769,-8.6349,-3.7327
-9.6525,-2.6761,-3.7417
-9.7359,-8.6851,-9.7687
-9.54,-8.7056,-3.7227
-3.5607,-8.6023,2.2965
-9.7493,-2.6994,2.3135
-3.3769,-8.6349,8.3305
-9.6525,-2.6761,8.3215
-9.7359,-8.6851,2.2945
-9.54,-8.7056,8.3405
8.7553,-9.0367,-9.3547
8.937,-9.0771,-3.3147
8.7553,-9.0367,2.7085
8.937,-9.0771,8.7485
2.8525,-2.8369,-9.541
-3.416,3.1346,-9.561
8.9053,3.2824,-9.557
2.7167,9.1853,-9.54
2.9522,-2.8277,-3.532
-3.2343,3.0943,-3.521
9.0892,3.2499,-3.523
2.8136,9.2087,-3.532
2.8815,-8.8466,-9.558
-3.3156,-2.9126,-9.557
9.0029,-2.769,-9.557
2.7301,3.1997,-9.559
3.0759,-8.8431,-3.514
-3.1997,-2.88,-3.527
9.1146,-2.7252,-3.519
2.926,3.1792,-3.513
2.8525,-2.8369,2.5222
-3.416,3.1346,2.5022
8.9053,3.2824,2.5062
2.7167,9.1853,2.5232
2.9522,-2.8277,8.5312
-3.2343,3.0943,8.5422
9.0892,3.2499,8.5402
2.8136,9.2087,8.5312
2.8815,-8.8466,2.5052
-3.3156,-2.9126,2.5062
9.0029,-2.769,2.5062
2.7301,3.1997,2.5042
3.0759,-8.8431,8.5492
-3.1997,-2.88,8.5362
9.1146,-2.7252,8.5442
2.926,3.1792,8.5502
-9.3189,9.3344,-9.7473
-9.2192,9.3436,-3.7383
-9.2899,3.3247,-9.7643
-3.1685,9.4023,-9.7633
-9.0954,3.3283,-3.7203
-3.0567,9.4462,-3.7253
-9.3189,9.3344,2.3159
-9.2192,9.3436,8.3249
-9.2899,3.3247,2.2989
-3.1685,9.4023,2.2999
-9.0954,3.3283,8.3429
-3.0567,9.4462,8.3379
9.1504,8.9722,-9.3473
9.2664,9.0047,-3.3173
9.1504,8.9722,2.7159
9.2664,9.0047,8.7459
-9.1745,-8.9439,-8.4067
-9.0281,-8.963,-2.3417
-9.1745,-8.9439,3.6565
-9.0281,-8.963,9.7215
9.3033,-9.2991,-7.9877
9.4462,-9.3146,-1.9287
3.1465,-9.379,-7.9837
9.2312,-3.3,-7.9687
3.2901,-9.3953,-1.9247
9.3839,-3.276,-1.9497
9.3033,-9.2991,4.0755
9.4462,-9.3146,10.134
3.1465,-9.379,4.0795
9.2312,-3.3,4.0945
3.2901,-9.3953,10.138
9.3839,-3.276,10.113
-2.7217,-9.1507,-8.19
-8.9612,-3.2463,-8.154
3.3623,-3.0936,-8.159
-2.868,2.8723,-8.194
-2.5753,-9.1683,-2.139
-8.8063,-3.2202,-2.166
3.5072,-3.0717,-2.165
-2.7252,2.8567,-2.135
-2.7987,-3.1495,-8.174
-9.0248,2.7924,-8.19
3.2916,2.9409,-8.197
-2.9401,8.8714,-8.175
-2.6453,-3.1388,-2.162
-8.8813,2.7761,-2.131
3.438,2.9218,-2.132
-2.7874,8.8954,-2.156
-2.7217,-9.1507,3.8732
-8.9612,-3.2463,3.9092
3.3623,-3.0936,3.9042
-2.868,2.8723,3.8692
-2.5753,-9.1683,9.9242
-8.8063,-3.2202,9.8972
3.5072,-3.0717,9.8982
-2.7252,2.8567,9.9282
-2.7987,-3.1495,3.8892
-9.0248,2.7924,3.8732
3.2916,2.9409,3.8662
-2.9401,8.8714,3.8882
-2.6453,-3.1388,9.9012
-8.8813,2.7761,9.9322
3.438,2.9218,9.9312
-2.7874,8.8954,9.9072
-8.8091,9.0778,-8.3653
-8.6641,9.0997,-2.3713
-8.8091,9.0778,3.6979
-8.6641,9.0997,9.6919
9.7444,2.7341,-7.9803
3.5049,8.6384,-7.9443
9.8908,2.7164,-1.9293
3.6597,8.6646,-1.9563
9.6673,8.7353,-7.9643
9.8208,8.7459,-1.9523
9.7444,2.7341,4.0829
3.5049,8.6384,4.1189
9.8908,2.7164,10.134
3.6597,8.6646,10.107
9.6673,8.7353,4.0989
9.8208,8.7459,10.111
-9.2961,-12.003,-12.633
-3.1365,-11.917,-12.638
-9.3668,-5.9811,-12.656
-12.216,-8.9106,-12.724
-6.0519,-8.8279,-12.729
-12.287,-2.8981,-12.672
-9.4453,-11.992,-6.6257
-9.2961,-12.003,-0.56969
-3.2871,-11.907,-6.6237
-9.5146,-5.9974,-6.5967
-3.1365,-11.917,-0.57469
-9.3668,-5.9811,-0.59269
-12.372,-8.9113,-6.6437
-12.216,-8.9106,-0.66069
-6.2138,-8.83,-6.6497
-12.434,-2.8981,-6.6897
-6.0519,-8.8279,-0.66569
-12.287,-2.8981,-0.60869
-6.4302,-11.101,-9.5487
-12.658,-5.2535,-9.5387
-6.2845,-11.193,-3.5097
-12.508,-5.1616,-3.5127
-12.583,-11.189,-9.5427
-12.434,-11.261,-3.5057
-9.4453,-11.992,5.4375
-9.2961,-12.003,11.494
-3.2871,-11.907,5.4395
-9.5146,-5.9974,5.4665
-3.1365,-11.917,11.489
-9.3668,-5.9811,11.471
-12.372,-8.9113,5.4195
-12.216,-8.9106,11.403
-6.2138,-8.83,5.4135
-12.434,-2.8981,5.3735
-6.0519,-8.8279,11.398
-12.287,-2.8981,11.455
-6.4302,-11.101,2.5145
-12.658,-5.2535,2.5245
-6.2845,-11.193,8.5535
-12.508,-5.1616,8.5505
-12.583,-11.189,2.5205
-12.434,-11.261,8.5575
3.0235,-12.441,-12.215
9.1103,-6.3243,-12.237
9.1831,-12.355,-12.226
12.422,-9.1973,-12.308
6.2684,-9.2623,-12.313
12.35,-3.1847,-12.256
2.8708,-12.427,-6.2067
8.9632,-6.3398,-6.1927
3.0235,-12.441,-0.15172
9.1103,-6.3243,-0.17372
9.0332,-12.342,-6.1957
9.1831,-12.355,-0.16272
12.265,-9.198,-6.2277
12.422,-9.1973,-0.24472
6.1065,-9.2659,-6.2307
12.203,-3.1847,-6.2737
6.2684,-9.2623,-0.24972
12.35,-3.1847,-0.19272
5.9014,-11.536,-9.1337
11.979,-5.5401,-9.1227
6.0188,-11.643,-3.0917
12.129,-5.4482,-3.0967
12.054,-11.476,-9.1267
12.204,-11.548,-3.0897
2.8708,-12.427,5.8565
8.9632,-6.3398,5.8705
3.0235,-12.441,11.911
9.1103,-6.3243,11.889
9.0332,-12.342,5.8675
9.1831,-12.355,11.9
12.265,-9.198,5.8355
12.422,-9.1973,11.818
6.1065,-9.2659,5.8325
12.203,-3.1847,5.7895
6.2684,-9.2623,11.813
12.35,-3.1847,11.87
5.9014,-11.536,2.9295
11.979,-5.5401,2.9405
6.0188,-11.643,8.9715
12.129,-5.4482,8.9665
12.054,-11.476,2.9365
12.204,-11.548,8.9735
-2.9175,-6.1844,-12.446
-9.1478,-0.26941,-12.421
3.17,-0.11809,-12.423
-3.0611,5.8471,-12.443
3.2428,-6.1207,-12.441
-2.9882,-0.18385,-12.432
9.3296,-0.032527,-12.428
3.0992,5.9036,-12.446
0.39881,-9.0538,-12.515
-5.8464,-3.107,-12.477
6.4679,-2.9578,-12.48
0.25032,2.9741,-12.514
0.31678,-3.0434,-12.465
-5.9029,2.909,-12.519
6.4142,3.0568,-12.519
0.1789,8.9866,-12.462
-3.0674,-6.1928,-6.402
-9.3006,-0.25527,-6.413
3.0208,-0.10748,-6.416
-3.2081,5.8315,-6.399
-2.9175,-6.1844,-0.383
-9.1478,-0.26941,-0.358
3.17,-0.11809,-0.36
-3.0611,5.8471,-0.38
3.0943,-6.1349,-6.392
-3.1381,-0.17112,-6.402
9.179,-0.02192,-6.414
2.9515,5.8874,-6.387
3.2428,-6.1207,-0.378
-2.9882,-0.18385,-0.369
9.3296,-0.032527,-0.365
3.0992,5.9036,-0.383
0.23829,-9.0573,-6.432
-5.9828,-3.1049,-6.488
6.342,-2.9607,-6.485
0.094045,2.9734,-6.434
0.39881,-9.0538,-0.452
-5.8464,-3.107,-0.414
6.4679,-2.9578,-0.417
0.25032,2.9741,-0.451
0.17253,-3.0406,-6.478
-6.0649,2.9055,-6.437
6.2522,3.0547,-6.44
0.03182,8.9866,-6.48
0.31678,-3.0434,-0.402
-5.9029,2.909,-0.456
6.4142,3.0568,-0.456
0.1789,8.9866,-0.399
-0.054447,-5.3931,-9.327
-6.2699,0.63569,-9.34
6.0359,0.78347,-9.339
-0.19233,6.6312,-9.329
0.098995,-5.3203,-3.3
-6.1525,0.52821,-3.298
6.1815,0.69155,-3.3
-0.042426,6.7232,-3.303
6.1016,-5.3351,-9.33
-0.11738,0.69579,-9.333
0.02192,-11.336,-9.336
-6.2169,-5.4843,-9.331
6.2515,-5.2347,-3.308
0.032527,0.62367,-3.296
0.17607,-11.406,-3.298
-6.062,-5.379,-3.307
-3.0674,-6.1928,5.6612
-9.3006,-0.25527,5.6502
3.0208,-0.10748,5.6472
-3.2081,5.8315,5.6642
-2.9175,-6.1844,11.68
-9.1478,-0.26941,11.705
3.17,-0.11809,11.703
-3.0611,5.8471,11.683
3.0943,-6.1349,5.6712
-3.1381,-0.17112,5.6612
9.179,-0.02192,5.6492
2.9515,5.8874,5.6762
3.2428,-6.1207,11.685
-2.9882,-0.18385,11.694
9.3296,-0.032527,11.698
3.0992,5.9036,11.68
0.23829,-9.0573,5.6312
-5.9828,-3.1049,5.5752
6.342,-2.9607,5.5782
0.094045,2.9734,5.6292
0.39881,-9.0538,11.611
-5.8464,-3.107,11.649
6.4679,-2.9578,11.646
0.25032,2.9741,11.612
0.17253,-3.0406,5.5852
-6.0649,2.9055,5.6262
6.2522,3.0547,5.6232
0.03182,8.9866,5.5832
0.31678,-3.0434,11.661
-5.9029,2.909,11.607
6.4142,3.0568,11.607
0.1789,8.9866,11.664
-0.054447,-5.3931,2.7362
-6.2699,0.63569,2.7232
6.0359,0.78347,2.7242
-0.19233,6.6312,2.7342
0.098995,-5.3203,8.7632
-6.1525,0.52821,8.7652
6.1815,0.69155,8.7632
-0.042426,6.7232,8.7602
6.1016,-5.3351,2.7332
-0.11738,0.69579,2.7302
0.02192,-11.336,2.7272
-6.2169,-5.4843,2.7322
6.2515,-5.2347,8.7552
0.032527,0.62367,8.7672
0.17607,-11.406,8.7652
-6.062,-5.379,8.7562
-9.0014,12.053,-12.629
-8.9286,6.0506,-12.647
-2.8418,12.139,-12.634
-11.773,3.1176,-12.721
-5.7034,9.2135,-12.686
-11.855,9.128,-12.671
-9.1506,12.064,-6.6223
-9.0014,12.053,-0.56628
-9.0771,6.0365,-6.5983
-2.9924,12.149,-6.6203
-8.9286,6.0506,-0.58428
-2.8418,12.139,-0.57128
-11.933,3.114,-6.6383
-5.8293,9.2107,-6.6913
-11.773,3.1176,-0.65828
-5.7034,9.2135,-0.62328
-11.999,9.1308,-6.6843
-11.855,9.128,-0.60828
-12.226,6.7782,-9.5333
-6.1355,12.955,-9.5453
-12.072,6.8511,-3.5063
-5.9898,12.863,-3.5063
-6.0697,6.8362,-9.5363
-12.289,12.867,-9.5393
-12.149,0.83572,-9.5423
-5.9198,6.9366,-3.5143
-12.139,12.795,-3.5023
-11.995,0.76501,-3.5043
-9.1506,12.064,5.4409
-9.0014,12.053,11.497
-9.0771,6.0365,5.4649
-2.9924,12.149,5.4429
-8.9286,6.0506,11.479
-2.8418,12.139,11.492
-11.933,3.114,5.4249
-5.8293,9.2107,5.3719
-11.773,3.1176,11.405
-5.7034,9.2135,11.44
-11.999,9.1308,5.3789
-11.855,9.128,11.455
-12.226,6.7782,2.5299
-6.1355,12.955,2.5179
-12.072,6.8511,8.5569
-5.9898,12.863,8.5569
-6.0697,6.8362,2.5269
-12.289,12.867,2.5239
-12.149,0.83572,2.5209
-5.9198,6.9366,8.5489
-12.139,12.795,8.5609
-11.995,0.76501,8.5589
9.5485,5.7004,-12.237
3.3182,11.615,-12.212
9.4778,11.701,-12.223
12.865,2.8309,-12.306
6.6197,8.7777,-12.268
12.783,8.8413,-12.256
9.3986,5.6919,-6.1923
3.1655,11.629,-6.2033
9.5485,5.7004,-0.17331
3.3182,11.615,-0.14831
9.3279,11.714,-6.1923
9.4778,11.701,-0.15931
12.704,2.8274,-6.2223
6.4832,8.7798,-6.2783
12.865,2.8309,-0.24231
6.6197,8.7777,-0.20431
12.639,8.8442,-6.2683
12.783,8.8413,-0.19231
12.412,6.4916,-9.1173
6.1961,12.52,-9.1303
12.565,6.5645,-3.0903
6.3135,12.413,-3.0883
12.349,12.581,-9.1233
12.488,0.5491,-9.1263
6.2492,6.4004,-9.1213
12.499,12.508,-3.0863
12.642,0.47839,-3.0883
6.404,6.5058,-3.0973
9.3986,5.6919,5.8709
3.1655,11.629,5.8599
9.5485,5.7004,11.89
3.3182,11.615,11.915
9.3279,11.714,5.8709
9.4778,11.701,11.904
12.704,2.8274,5.8409
6.4832,8.7798,5.7849
12.865,2.8309,11.821
6.6197,8.7777,11.859
12.639,8.8442,5.7949
12.783,8.8413,11.871
12.412,6.4916,2.9459
6.1961,12.52,2.9329
12.565,6.5645,8.9729
6.3135,12.413,8.9749
12.349,12.581,2.9399
12.488,0.5491,2.9369
6.2492,6.4004,2.9419
12.499,12.508,8.9769
12.642,0.47839,8.9749
6.404,6.5058,8.9659
0.31661,12.72,-9.3326
0.47076,12.65,-3.2946
0.31661,12.72,2.7306
0.47076,12.65,8.7686
0,0,0
0.07566,-6.0125,-0.01
-0.065761,6.0168,-0.013
-0.14213,0.00070711,6.0222
-0.14213,0.00070711,-6.041
-6.1596,-0.068589,-0.001
6.1596,0.082731,-0.003
6.0189,0.082024,6.0172
-0.077782,-6.0147,-6.03
-0.21991,6.0125,-6.029
-0.077782,-6.0147,6.0332
-0.21991,6.0125,6.0342
6.0189,0.082024,-6.046
6.2374,-5.9319,-0.014
-6.3722,-5.7895,-0.22369
-5.934,6.2394,-0.22028
6.0938,6.0953,-0.014
-6.306,-0.067882,6.0172
-6.306,-0.067882,-6.046
6.0882,-5.9369,6.0282
6.0882,-5.9369,-6.035
5.9432,6.0931,-6.031
5.9432,6.0931,6.0322
-6.0832,6.2345,5.8219
-6.5228,-5.7916,5.8225
-6.0832,6.2345,-6.2413
-6.5228,-5.7916,-6.2407
-0.14683,-11.736,-0.20869
0,0,-12.063
0,0,12.063
12.319,0.14849,0.001
0.14786,12.32,-0.20528
-12.318,0.43512,-0.41497
-0.29108,-11.738,5.8145
-0.29108,-11.738,-6.2487
-6.3064,-11.802,-0.21269
6.3064,11.816,0.20869
-0.065761,6.0168,12.05
0.07566,-6.0125,12.053
0.07566,-6.0125,-12.073
-0.065761,6.0168,-12.076
6.1596,0.082731,12.06
-6.1596,-0.068589,12.062
-6.1596,-0.068589,-12.064
6.1596,0.082731,-12.066
-12.096,6.1588,-0.21628
12.106,-6.1546,0.19328
12.175,0.14708,6.0242
12.175,0.14708,-6.039
0.0036112,12.318,5.8179
6.0117,-12.24,0.20528
-6.0117,12.254,-0.20928
-12.462,0.4337,5.6082
0.0036112,12.318,-6.2453
-12.532,-5.868,-0.22269
12.542,5.8722,0.19969
-12.462,0.4337,-6.455
6.1601,11.817,-5.8363
-6.3722,-5.7895,11.84
-5.934,6.2394,11.843
-6.4472,-11.803,5.8075
11.951,-6.1588,-5.8227
6.1601,11.817,6.2269
5.8654,-12.239,-5.8397
6.2374,-5.9319,12.049
6.0938,6.0953,12.049
11.951,-6.1588,6.2405
6.2374,-5.9319,-12.077
-6.4472,-11.803,-6.2557
6.0938,6.0953,-12.077
-6.1525,12.253,5.8109
12.388,5.8701,-5.8203
-12.249,6.1567,5.8269
5.8654,-12.239,6.2235
-5.934,6.2394,-12.283
-6.3722,-5.7895,-12.287
-12.249,6.1567,-6.2363
12.388,5.8701,6.2429
-6.1525,12.253,-6.2523
-12.686,-5.8722,5.8245
-12.686,-5.8722,-6.2387
-0.14683,-11.736,11.855
-12.318,0.43512,11.648
-0.14683,-11.736,-12.272
0.14786,12.32,11.858
12.171,-12.171,0.20628
-12.171,12.171,-0.20628
-12.466,-11.885,-0.20969
12.466,11.885,0.20969
12.319,0.14849,-12.062
12.319,0.14849,12.064
0.14786,12.32,-12.268
-12.318,0.43512,-12.478
-6.3064,-11.802,11.851
6.3064,11.816,-11.855
-12.096,6.1588,11.847
12.106,-6.1546,-11.87
6.0117,-12.24,-11.858
-6.0117,12.254,11.854
12.029,-12.171,-5.8347
12.324,11.885,-5.8313
-6.3064,-11.802,-12.276
6.3064,11.816,12.272
12.029,-12.171,6.2285
-12.532,-5.868,11.841
12.324,11.885,6.2319
12.542,5.8722,-11.864
-12.313,12.172,5.8159
-12.608,-11.884,5.8125
12.106,-6.1546,12.256
-12.096,6.1588,-12.279
6.0117,-12.24,12.268
-6.0117,12.254,-12.272
-12.313,12.172,-6.2473
-12.608,-11.884,-6.2507
12.542,5.8722,12.263
-12.532,-5.868,-12.286
-12.171,12.171,11.857
12.171,-12.171,-11.857
-12.466,-11.885,11.854
12.466,11.885,-11.854
12.171,-12.171,12.269
-12.171,12.171,-12.269
-12.466,-11.885,-12.273
12.466,11.885,12.273
