-8.904,-8.4617,-8.8094
-9.2201,-2.5991,-8.7144
-9.662,-6.6218,-2.8558
-8.904,-8.4617,2.7002
-3.7577,-8.0742,-1.9258
-9.976,-2.3961,-2.6338
-9.2201,-2.5991,2.7952
-9.662,-6.6218,8.6539
-3.7577,-8.0742,9.5839
-9.976,-2.3961,8.8759
3.6591,-8.5819,-8.293
8.6654,-9.1476,-7.878
3.2023,-9.3216,-2.6024
3.6591,-8.5819,3.2166
9.3202,-8.2821,-2.6424
8.6654,-9.1476,3.6316
3.2023,-9.3216,8.9073
9.3202,-8.2821,8.8673
-7.996,3.0731,-8.5177
-2.9536,-3.136,-7.8207
8.4337,-1.9721,-8.1127
3.1198,2.8397,-8.5817
3.0809,-3.3425,-8.4547
-2.9896,2.5074,-8.1027
-2.2974,-8.2159,-7.5347
2.8037,8.7024,-8.4867
-8.4528,2.3335,-2.827
-3.0257,-3.3269,-2.599
8.8516,-1.7282,-2.716
2.3617,4.6796,-2.628
-7.996,3.0731,2.992
-2.9536,-3.136,3.689
8.4337,-1.9721,3.397
3.1198,2.8397,2.928
1.801,-2.9041,-2.44
-2.3349,3.3729,-2.867
8.2661,3.2272,-1.698
2.0478,8.9053,-2.406
3.0809,-3.3425,3.055
-2.9896,2.5074,3.407
-2.2974,-8.2159,3.975
2.8037,8.7024,3.023
-8.4528,2.3335,8.6827
-3.0257,-3.3269,8.9107
8.8516,-1.7282,8.7937
2.3617,4.6796,8.8817
1.801,-2.9041,9.0697
-2.3349,3.3729,8.6427
8.2661,3.2272,9.8117
2.0478,8.9053,9.1037
-3.2214,9.6829,-8.3373
-8.5742,8.3125,-8.6793
-2.8035,9.9269,-2.9406
-3.2214,9.6829,3.1724
-9.854,8.7509,-2.6646
-8.5742,8.3125,2.8304
-2.8035,9.9269,8.569
-9.854,8.7509,8.845
9.0702,8.1654,-7.5929
9.7264,3.0856,-7.3069
8.998,7.9745,-2.3712
9.0702,8.1654,3.9168
9.7264,3.0856,4.2028
8.998,7.9745,9.1384
-3.3143,-8.2432,-9.0404
-10.446,-1.7364,-8.6534
-9.7575,-7.5488,-7.9284
-3.3143,-8.2432,2.4692
-10.446,-1.7364,2.8562
-9.3608,-7.8366,-2.0438
-9.7575,-7.5488,3.5812
-9.3608,-7.8366,9.4659
9.067,-8.8026,-9.264
3.2016,-9.8328,-7.639
8.4094,-3.7779,-7.807
8.0106,-8.7078,-2.0304
9.067,-8.8026,2.2456
7.9717,-3.5099,-2.5274
3.2016,-9.8328,3.8706
8.4094,-3.7779,3.7026
8.0106,-8.7078,9.4793
7.9717,-3.5099,8.9823
8.7094,3.0582,-8.8127
1.5776,9.565,-8.4257
2.8037,-1.8788,-8.3937
-2.588,2.8525,-9.4887
-3.2569,-2.1878,-8.9407
-8.4535,1.8222,-7.8637
2.2663,3.7526,-7.7007
-3.2456,7.8772,-8.0317
-2.6064,-8.0681,-2.931
-9.1295,-2.7301,-3.803
3.1565,-3.5228,-2.583
-3.6444,2.9472,-2.255
8.7094,3.0582,2.697
1.5776,9.565,3.084
2.8037,-1.8788,3.116
-2.588,2.8525,2.021
-3.4634,-2.8595,-3.949
2.4819,-8.1685,-2.123
2.663,3.4648,-1.816
-3.6833,8.1452,-2.752
-3.2569,-2.1878,2.569
-8.4535,1.8222,3.646
2.2663,3.7526,3.809
-3.2456,7.8772,3.478
-2.6064,-8.0681,8.5787
-9.1295,-2.7301,7.7067
3.1565,-3.5228,8.9267
-3.6444,2.9472,9.2547
-3.4634,-2.8595,7.5607
2.4819,-8.1685,9.3867
2.663,3.4648,9.6937
-3.6833,8.1452,8.7577
-8.8513,9.7762,-8.6183
-8.4985,8.1322,-2.8076
-8.8513,9.7762,2.8914
-9.1731,3.4865,-2.3476
-8.4985,8.1322,8.702
-9.1731,3.4865,9.162
8.7668,9.1136,-8.7129
9.4174,3.2333,-2.7032
2.8943,8.5713,-3.5752
8.5603,8.4419,-3.7212
8.7668,9.1136,2.7968
9.4174,3.2333,8.8064
2.8943,8.5713,7.9344
8.5603,8.4419,7.7884
-9.2512,-11.794,-11.612
-8.9719,-11.275,-5.9814
-3.0923,-10.732,-11.304
-9.0652,-5.6361,-11.043
-9.1077,-4.8342,-6.3174
-12.227,-8.5034,-12.154
-11.967,-8.2637,-5.6414
-6.637,-8.2906,-11.528
-12.044,-2.5913,-11.146
-12.179,-2.5241,-5.8724
-6.4129,-11.387,-8.8224
-12.568,-6.194,-8.8584
-11.865,-10.343,-9.1044
-6.0438,-6.5575,-8.3804
-9.2512,-11.794,-0.10275
-8.9719,-11.275,5.5282
-3.0923,-10.732,0.20525
-9.0652,-5.6361,0.46625
-3.5385,-9.948,-5.2868
-9.1077,-4.8342,5.1922
-12.227,-8.5034,-0.64475
-11.967,-8.2637,5.8682
-6.637,-8.2906,-0.018752
-12.044,-2.5913,0.36325
-7.2423,-7.9384,-4.7538
-12.179,-2.5241,5.6372
-6.8131,-11.395,-3.1398
-12.582,-4.4729,-3.0478
-6.4129,-11.387,2.6872
-12.568,-6.194,2.6512
-12.997,-11.719,-2.9748
-11.865,-10.343,2.4052
-6.0438,-6.5575,3.1292
-9.2512,-11.794,11.407
-3.0923,-10.732,11.715
-9.0652,-5.6361,11.976
-3.5385,-9.948,6.2229
-12.227,-8.5034,10.865
-6.637,-8.2906,11.491
-12.044,-2.5913,11.873
-7.2423,-7.9384,6.7559
-6.8131,-11.395,8.3699
-12.582,-4.4729,8.4619
-12.997,-11.719,8.5349
2.8819,-10.872,-10.712
8.6244,-5.605,-10.984
8.4836,-5.2904,-5.248
8.6526,-11.536,-10.918
8.6187,-11.686,-5.816
11.452,-8.857,-11.702
11.712,-8.6173,-5.189
5.9381,-8.7891,-11.286
11.635,-2.9449,-10.694
5.7874,-8.903,-5.478
11.5,-2.8777,-5.42
5.9006,-11.622,-8.231
11.111,-6.5476,-8.406
6.0703,-5.9826,-8.052
11.813,-10.696,-8.652
2.8819,-10.872,0.79762
8.6244,-5.605,0.52562
2.2965,-11.777,-4.9904
8.4836,-5.2904,6.2616
8.6526,-11.536,0.59162
8.6187,-11.686,5.6936
11.452,-8.857,-0.19238
11.712,-8.6173,6.3206
5.9381,-8.7891,0.22362
11.635,-2.9449,0.81562
5.7874,-8.903,6.0316
11.5,-2.8777,6.0896
6.1912,-11.835,-2.4354
11.097,-4.8265,-2.5954
5.9006,-11.622,3.2786
11.111,-6.5476,3.1036
6.0088,-6.1516,-2.4994
10.681,-12.073,-2.5224
6.0703,-5.9826,3.4576
11.813,-10.696,2.8576
2.8819,-10.872,12.307
8.6244,-5.605,12.035
2.2965,-11.777,6.5193
8.6526,-11.536,12.101
11.452,-8.857,11.317
5.9381,-8.7891,11.733
11.635,-2.9449,12.325
6.1912,-11.835,9.0743
11.097,-4.8265,8.9143
6.0088,-6.1516,9.0103
10.681,-12.073,8.9873
-2.9331,-5.7714,-10.563
-8.7731,0.78277,-10.937
2.7726,-0.49285,-11.385
-3.0307,6.05,-11.209
-3.0738,-5.9263,-5.3447
3.0519,0.02687,-5.7537
-3.1714,6.3647,-5.4727
3.107,-5.6031,-11.741
-3.0024,0.11879,-11.143
8.9315,0.56922,-11.077
2.9585,5.6653,-10.816
2.7895,-5.3634,-5.2977
-3.0363,-0.031113,-6.0407
2.9161,6.4672,-6.0897
-0.33588,-8.5044,-10.818
-5.8711,-2.9875,-10.639
6.0663,-2.5067,-11.888
-0.20294,2.798,-11.927
-5.9362,-2.7655,-5.4967
0.056569,3.0377,-5.4137
-0.10536,-2.9592,-10.491
-5.717,2.8659,-11.511
5.3867,3.0109,-11.301
-0.019799,8.7101,-10.919
0.55649,-2.617,-6.0077
-5.8676,2.7521,-5.7027
-0.15486,8.7773,-5.6447
0.69226,-6.335,-8.2667
-5.7544,0.032527,-8.4557
5.6109,-0.08556,-8.5947
-0.54377,5.1074,-8.6307
-5.5847,5.6724,-8.2767
0.15839,0.95884,-8.8767
0.51477,-10.662,-7.9737
5.98,4.744,-8.1527
-2.9331,-5.7714,0.947
-8.7731,0.78277,0.573
2.7726,-0.49285,0.125
-3.0307,6.05,0.301
-3.0738,-5.9263,6.165
-9.3586,-0.12233,-5.215
3.0519,0.02687,5.756
-3.1714,6.3647,6.037
3.107,-5.6031,-0.231
-3.0024,0.11879,0.367
8.9315,0.56922,0.433
2.9585,5.6653,0.694
2.7895,-5.3634,6.212
-3.0363,-0.031113,5.469
8.4853,1.3534,-5.059
2.9161,6.4672,5.42
-0.33588,-8.5044,0.692
-5.8711,-2.9875,0.871
6.0663,-2.5067,-0.378
-0.20294,2.798,-0.417
0.34153,-8.206,-4.913
-5.9362,-2.7655,6.013
5.2283,-2.8298,-5.281
0.056569,3.0377,6.096
-0.10536,-2.9592,1.019
-5.717,2.8659,-0.001
5.3867,3.0109,0.209
-0.019799,8.7101,0.591
0.55649,-2.617,5.502
-5.8676,2.7521,5.807
4.7815,3.363,-4.526
-0.15486,8.7773,5.865
-0.7467,-5.6059,-2.518
-5.4638,-0.18031,-2.66
5.2107,-0.094045,-2.912
-0.55791,6.8285,-2.82
0.69226,-6.335,3.243
-5.7544,0.032527,3.054
5.6109,-0.08556,2.915
-0.54377,5.1074,2.879
-5.6462,5.5034,-2.724
-0.97369,-0.4179,-2.747
0.10607,-10.8,-2.415
-6.4898,-5.036,-2.613
-5.5847,5.6724,3.233
0.15839,0.95884,2.633
0.51477,-10.662,3.536
5.98,4.744,3.357
-2.9331,-5.7714,12.457
-8.7731,0.78277,12.083
2.7726,-0.49285,11.635
-3.0307,6.05,11.811
-9.3586,-0.12233,6.2947
3.107,-5.6031,11.279
-3.0024,0.11879,11.877
8.9315,0.56922,11.943
2.9585,5.6653,12.204
8.4853,1.3534,6.4507
-0.33588,-8.5044,12.202
-5.8711,-2.9875,12.381
6.0663,-2.5067,11.132
-0.20294,2.798,11.093
0.34153,-8.206,6.5967
5.2283,-2.8298,6.2287
-0.10536,-2.9592,12.529
-5.717,2.8659,11.509
5.3867,3.0109,11.719
-0.019799,8.7101,12.101
4.7815,3.363,6.9837
-0.7467,-5.6059,8.9917
-5.4638,-0.18031,8.8497
5.2107,-0.094045,8.5977
-0.55791,6.8285,8.6897
-5.6462,5.5034,8.7857
-0.97369,-0.4179,8.7627
0.10607,-10.8,9.0947
-6.4898,-5.036,8.8967
-8.8825,11.162,-11.609
-8.6031,11.682,-5.9783
-8.548,6.0519,-11.965
-2.7236,12.224,-11.301
-8.8655,6.2916,-5.5223
-11.991,3.1506,-11.042
-5.5888,9.1483,-12.112
-11.76,8.6958,-10.715
-11.099,9.038,-6.2323
-10.963,5.3201,-8.4913
-6.0441,11.569,-8.8193
-11.497,12.614,-9.1013
-11.14,0.99327,-8.1983
-8.8825,11.162,-0.099623
-8.6031,11.682,5.5314
-8.548,6.0519,-0.45562
-2.7236,12.224,0.20838
-8.8655,6.2916,5.9874
-11.991,3.1506,0.46738
-5.5888,9.1483,-0.60262
-11.313,3.449,-5.1376
-6.4267,8.8252,-5.5056
-11.76,8.6958,0.79438
-11.099,9.038,5.2774
-12.402,6.0491,-2.7426
-6.4444,11.561,-3.1366
-10.963,5.3201,3.0184
-6.0441,11.569,2.6904
-12.629,11.237,-2.9716
-11.549,0.85467,-2.6396
-11.497,12.614,2.4084
-11.14,0.99327,3.3114
-8.8825,11.162,11.41
-8.548,6.0519,11.054
-2.7236,12.224,11.718
-11.991,3.1506,11.977
-5.5888,9.1483,10.907
-11.313,3.449,6.372
-6.4267,8.8252,6.004
-11.76,8.6958,12.304
-12.402,6.0491,8.767
-6.4444,11.561,8.373
-12.629,11.237,8.538
-11.549,0.85467,8.87
9.0907,5.53,-10.335
3.2507,12.084,-10.709
8.95,5.3752,-5.1169
9.0214,11.42,-10.915
8.9874,11.27,-5.8129
11.688,2.7971,-10.59
6.1527,8.3139,-10.411
6.0876,8.5359,-5.2689
11.918,8.3422,-10.263
12.58,8.6844,-5.7799
12.716,4.9665,-8.0389
6.2693,11.334,-8.2279
12.182,12.26,-8.6489
12.539,0.63968,-7.7459
9.0907,5.53,1.1748
3.2507,12.084,0.80075
8.95,5.3752,6.3928
2.6652,11.179,-4.9872
9.0214,11.42,0.59475
8.9874,11.27,5.6968
11.688,2.7971,0.91975
6.1527,8.3139,1.0988
12.365,3.0955,-4.6852
6.0876,8.5359,6.2408
11.918,8.3422,1.2468
12.58,8.6844,5.7298
11.277,5.6955,-2.2902
6.5599,11.121,-2.4322
12.716,4.9665,3.4708
6.2693,11.334,3.2818
11.05,10.884,-2.5192
12.13,0.50108,-2.1872
5.5339,6.2654,-2.3852
12.182,12.26,2.8608
12.539,0.63968,3.7638
9.0907,5.53,12.684
3.2507,12.084,12.31
2.6652,11.179,6.5224
9.0214,11.42,12.104
11.688,2.7971,12.429
6.1527,8.3139,12.608
12.365,3.0955,6.8244
11.918,8.3422,12.756
11.277,5.6955,9.2194
6.5599,11.121,9.0774
11.05,10.884,8.9904
12.13,0.50108,9.3224
5.5339,6.2654,9.1244
0.88351,12.295,-7.9705
0.4748,12.156,-2.4119
0.88351,12.295,3.5391
0.4748,12.156,9.0978
0.85806,12.247,3.5891
0.52854,12.269,9.2508
0,0,0
-0.13576,0.041012,-5.5927
5.6363,0.17607,0.224
-0.36416,-5.6788,0.163
-0.28355,5.8852,0.38
-0.13576,0.041012,5.917
-6.2855,-0.28779,0.158
0.095459,-5.3464,5.651
0.095459,-5.3464,-5.8587
5.8881,0.84641,-5.3237
-5.7368,0.094045,-5.5937
-0.41083,6.0224,-5.3347
5.4997,-5.9352,0.16962
5.6936,5.8237,0.425
-5.7368,0.094045,5.916
-6.3301,-5.4777,0.19725
-6.1554,5.7198,-0.055
5.8881,0.84641,6.186
-0.41083,6.0224,6.175
5.6003,-5.4645,5.742
5.6003,-5.4645,-5.7677
5.6632,5.8768,-5.4017
-6.3605,-5.4247,-5.6294
5.6632,5.8768,6.108
-6.3605,-5.4247,5.8802
-6.0547,6.1905,5.5174
-6.0547,6.1905,-5.9923
0.053033,-11.186,0.363
0,0,-11.51
0,0,11.51
-11.602,0.4693,0.13838
0.42177,11.771,0.36613
12.077,0.11571,0.59075
-0.02687,-11.034,-5.058
5.7383,11.014,0.38575
-0.28355,5.8852,-11.13
5.6363,0.17607,-11.286
-0.36416,-5.6788,-11.347
11.371,-5.7698,0.60462
-0.02687,-11.034,6.4517
-6.3874,-11.125,-0.003752
-11.682,0.62133,-5.2826
11.997,0.26774,-4.8302
11.66,5.6227,0.39075
0.34187,11.923,-5.0549
-6.2855,-0.28779,-11.352
-0.36416,-5.6788,11.673
5.6363,0.17607,11.734
5.3695,-11.943,0.38262
-11.682,0.62133,6.227
-6.2855,-0.28779,11.668
-0.28355,5.8852,11.89
-6.0187,11.831,-0.000623
-6.1357,-10.455,-5.5514
-12.019,5.9762,-0.061623
-12.307,-5.4162,0.15225
-6.1357,-10.455,5.9582
0.34187,11.923,6.4548
11.244,-5.6326,-5.11
11.997,0.26774,6.6794
5.6936,5.8237,-11.085
5.4997,-5.9352,-11.34
5.9183,-11.561,-5.369
-6.3301,-5.4777,-11.312
6.287,11.395,-5.3659
11.244,-5.6326,6.3996
-6.1554,5.7198,11.455
5.4997,-5.9352,11.679
-11.56,6.3086,5.4264
-6.1554,5.7198,-11.565
5.9183,-11.561,6.1406
-6.3301,-5.4777,11.707
6.287,11.395,6.1438
5.6936,5.8237,11.935
-11.56,6.3086,-6.0833
-12.435,-5.279,-5.5624
12.119,5.955,-5.6309
12.119,5.955,5.8788
-12.435,-5.279,5.9472
-5.7669,12.501,-5.5483
-5.7669,12.501,5.9614
0.053033,-11.186,-11.147
0.42177,11.771,-11.144
-11.602,0.4693,-11.371
12.077,0.11571,-10.919
0.053033,-11.186,11.873
-11.602,0.4693,11.648
11.655,-11.655,0.22462
-11.655,11.655,-0.22462
-12.024,-11.301,-0.22775
12.024,11.301,0.22775
5.7383,11.014,-11.124
0.42177,11.771,11.876
11.371,-5.7698,-10.905
11.66,5.6227,-11.119
12.077,0.11571,12.1
5.3695,-11.943,-11.127
5.7383,11.014,11.895
11.519,-11.614,-5.368
-6.3874,-11.125,11.506
-6.3874,-11.125,-11.513
11.888,11.342,-5.3649
11.519,-11.614,6.1416
-12.16,-11.26,5.6892
11.888,11.342,6.1448
-11.791,11.696,5.6924
-12.16,-11.26,-5.8204
-6.0187,11.831,11.509
-6.0187,11.831,-11.51
11.66,5.6227,11.9
11.371,-5.7698,12.114
-11.791,11.696,-5.8173
-12.307,-5.4162,-11.357
-12.019,5.9762,11.448
5.3695,-11.943,11.892
-12.019,5.9762,-11.571
-12.307,-5.4162,11.662
11.655,-11.655,-11.285
-11.655,11.655,11.285
-12.024,-11.301,11.282
12.024,11.301,-11.282
11.655,-11.655,11.734
-11.655,11.655,-11.734
-12.024,-11.301,-11.737
12.024,11.301,11.737
