-9.2102,-8.6279,-9.6154
-3.349,-8.2184,-9.4834
-9.7638,-2.6804,-9.4234
-9.7066,-8.6519,-3.7838
-9.2102,-8.6279,1.8942
-3.8546,-8.4511,-3.6638
-9.626,-2.6853,-3.7448
-3.349,-8.2184,2.0262
-9.7638,-2.6804,2.0862
-9.7066,-8.6519,7.7259
-3.8546,-8.4511,7.8459
-9.626,-2.6853,7.7649
2.6917,-9.1476,-9.164
8.5932,-9.0444,-9.047
2.6917,-9.1476,2.3456
8.1075,-9.0748,-3.2554
8.5932,-9.0444,2.4626
8.1075,-9.0748,8.2543
-8.9633,2.5074,-9.3887
-3.2803,-3.0399,-9.2677
8.4535,-2.9168,-9.1617
2.8136,2.6736,-9.3877
2.6432,-3.0886,-9.2637
-3.0618,2.6106,-9.2717
8.6748,3.083,-9.2557
2.2599,8.621,-9.1957
2.4876,-8.4711,-3.411
-3.2025,-3.112,-3.614
8.5708,-2.9451,-3.621
2.3172,2.6495,-3.556
-8.9633,2.5074,2.121
-3.2803,-3.0399,2.242
8.4535,-2.9168,2.348
2.8136,2.6736,2.122
2.7096,-2.7294,-3.52
-3.5476,2.5802,-3.48
8.1692,2.8503,-3.436
2.3978,8.6161,-3.517
2.6432,-3.0886,2.246
-3.0618,2.6106,2.238
8.6748,3.083,2.254
2.2599,8.621,2.314
2.4876,-8.4711,8.0987
-3.2025,-3.112,7.8957
8.5708,-2.9451,7.8887
2.3172,2.6495,7.9537
2.7096,-2.7294,7.9897
-3.5476,2.5802,8.0297
8.1692,2.8503,8.0737
2.3978,8.6161,7.9927
-3.2016,8.7382,-9.3863
-9.0119,8.5664,-9.4883
-9.1674,3.1839,-3.6356
-3.0842,8.7099,-3.8456
-3.2016,8.7382,2.1234
-8.9454,8.9256,-3.7446
-9.0119,8.5664,2.0214
-9.1674,3.1839,7.874
-3.0842,8.7099,7.664
-8.9454,8.9256,7.765
8.7435,8.2616,-9.0399
8.8213,8.1895,-3.3862
8.7435,8.2616,2.4698
8.8213,8.1895,8.1234
-8.7244,-8.3245,-8.2344
-8.9811,-8.4256,-2.4948
-8.7244,-8.3245,3.2752
-8.9811,-8.4256,9.0149
9.1731,-8.927,-7.678
3.3168,-8.8662,-7.841
8.9433,-3.0814,-7.726
8.9355,-8.8832,-2.0204
9.1731,-8.927,3.8316
2.9484,-8.8542,-1.9394
8.9963,-3.1485,-2.1374
3.3168,-8.8662,3.6686
8.9433,-3.0814,3.7836
8.9355,-8.8832,9.4893
2.9484,-8.8542,9.5703
8.9963,-3.1485,9.3723
-2.209,-8.6705,-7.9837
-8.5008,-2.9783,-8.0007
3.3255,-2.8221,-7.9567
-2.4819,2.728,-7.9027
-2.4289,-2.9239,-8.0447
-8.3382,2.7888,-8.0657
3.2994,2.9769,-8.0067
-2.7118,8.5737,-7.9507
-2.7125,-8.5305,-2.192
-8.6168,-2.8921,-2.179
3.5023,-2.815,-2.259
-2.7195,2.7719,-2.245
-2.209,-8.6705,3.526
-8.5008,-2.9783,3.509
3.3255,-2.8221,3.553
-2.4819,2.728,3.607
-2.6135,-2.8864,-2.258
-8.7066,2.8008,-2.164
3.0427,2.8758,-2.267
-2.6587,8.5065,-2.362
-2.4289,-2.9239,3.465
-8.3382,2.7888,3.444
3.2994,2.9769,3.503
-2.7118,8.5737,3.559
-2.7125,-8.5305,9.3177
-8.6168,-2.8921,9.3307
3.5023,-2.815,9.2507
-2.7195,2.7719,9.2647
-2.6135,-2.8864,9.2517
-8.7066,2.8008,9.3457
3.0427,2.8758,9.2427
-2.6587,8.5065,9.1477
-8.3295,8.833,-8.1813
-8.1527,8.84,-2.4836
-8.3295,8.833,3.3284
-8.1527,8.84,9.026
9.8148,2.6309,-7.7559
3.5229,8.3231,-7.7729
9.5948,8.3775,-7.8169
9.3113,2.7709,-1.9642
3.407,8.4094,-1.9512
9.8148,2.6309,3.7538
3.5229,8.3231,3.7368
9.4103,8.415,-2.0302
9.5948,8.3775,3.6928
9.3113,2.7709,9.5454
3.407,8.4094,9.5584
9.4103,8.415,9.4794
-9.0574,-11.278,-12.348
-8.9585,-11.169,-6.6654
-3.1729,-11.169,-12.412
-9.1755,-5.3999,-12.386
-3.0081,-11.201,-6.6174
-9.0136,-5.4869,-6.7114
-11.898,-8.4362,-12.013
-11.824,-8.4758,-6.5204
-6.0876,-8.3266,-12.039
-12.081,-2.6429,-12.218
-5.6556,-8.2778,-6.9054
-11.941,-2.6938,-6.5484
-6.5324,-11.376,-9.4304
-12.647,-5.5937,-9.4904
-12.638,-11.762,-9.2174
-0.61176,-11.352,-9.1564
-6.5755,-5.1857,-9.1774
-9.0574,-11.278,-0.83875
-8.9585,-11.169,4.8442
-3.1729,-11.169,-0.90275
-9.1755,-5.3999,-0.87675
-3.0081,-11.201,4.8922
-9.0136,-5.4869,4.7982
-11.898,-8.4362,-0.50375
-11.824,-8.4758,4.9892
-6.0876,-8.3266,-0.52975
-12.081,-2.6429,-0.70875
-5.6556,-8.2778,4.6042
-11.941,-2.6938,4.9612
-6.7509,-11.114,-3.7418
-12.744,-5.7125,-3.7998
-6.5324,-11.376,2.0792
-12.647,-5.5937,2.0192
-12.609,-11.209,-3.4318
-0.95471,-11.225,-3.4968
-7.0528,-5.9797,-3.4538
-12.638,-11.762,2.2922
-0.61176,-11.352,2.3532
-6.5755,-5.1857,2.3322
-9.0574,-11.278,10.671
-3.1729,-11.169,10.607
-9.1755,-5.3999,10.633
-11.898,-8.4362,11.006
-6.0876,-8.3266,10.98
-12.081,-2.6429,10.801
-6.7509,-11.114,7.7679
-12.744,-5.7125,7.7099
-12.609,-11.209,8.0779
-0.95471,-11.225,8.0129
-7.0528,-5.9797,8.0559
-12.267,0.30338,-9.381
-12.61,0.42996,-3.7214
-12.267,0.30338,2.1286
-12.61,0.42996,7.7883
2.6988,-11.761,-11.905
8.618,-5.8051,-12.073
2.9088,-11.659,-6.289
8.7007,-6.0081,-6.148
8.717,-11.719,-11.965
8.833,-11.739,-6.205
11.781,-8.7898,-11.561
11.854,-8.8294,-6.068
5.7012,-8.8308,-11.729
11.598,-2.9965,-11.766
5.948,-8.8216,-6.115
11.738,-3.0474,-6.096
5.3257,-12.009,-9.138
11.031,-5.9473,-9.038
11.041,-12.116,-8.765
2.6988,-11.761,-0.39538
8.618,-5.8051,-0.56338
2.9088,-11.659,5.2206
8.7007,-6.0081,5.3616
8.717,-11.719,-0.45538
8.833,-11.739,5.3046
11.781,-8.7898,-0.051377
11.854,-8.8294,5.4416
5.7012,-8.8308,-0.21938
11.598,-2.9965,-0.25638
5.948,-8.8216,5.3946
11.738,-3.0474,5.4136
4.9545,-11.685,-3.3364
10.935,-6.066,-3.3474
5.3257,-12.009,2.3716
11.031,-5.9473,2.4716
11.07,-11.562,-2.9794
11.041,-12.116,2.7446
2.6988,-11.761,11.114
8.618,-5.8051,10.946
8.717,-11.719,11.054
11.781,-8.7898,11.458
5.7012,-8.8308,11.29
11.598,-2.9965,11.253
4.9545,-11.685,8.1733
10.935,-6.066,8.1623
11.07,-11.562,8.5303
-2.8864,-5.7474,-12.184
-8.9562,-0.10607,-12.13
2.9663,0.023335,-12.121
-3.037,5.8499,-12.298
-2.7195,-5.7813,-6.4317
-8.7462,-0.0035355,-6.5137
3.0653,0.13223,-6.4377
-2.9543,5.647,-6.3727
3.0738,-5.7424,-12.159
-2.938,-0.064347,-12.19
8.8509,0.13223,-12.185
2.8482,5.9015,-12.159
3.1855,-5.6901,-6.3787
-2.8221,-0.084146,-6.4297
9.0156,0.10041,-6.3897
3.0102,5.8145,-6.4837
0.25527,-8.5355,-11.966
-5.6675,-2.9493,-12.123
5.9376,-2.7895,-11.945
0.12587,2.8652,-11.786
0.35072,-8.6097,-6.2847
-5.5946,-2.9642,-5.9197
6.2473,-2.7613,-6.0807
0.1994,2.8256,-6.2927
0.29416,-2.7591,-12.303
-5.9538,2.8242,-11.954
5.9362,2.9748,-11.812
-0.057276,8.6585,-11.991
0.27011,-2.8567,-5.9847
-5.7071,2.8334,-6.3397
6.3682,3.0236,-6.6777
0.082731,8.6076,-6.3207
-0.30971,-5.654,-9.3047
-6.3293,-0.35426,-9.3627
5.4914,-0.074953,-9.2027
-0.62367,5.7078,-9.2627
5.345,-5.8513,-9.0497
-0.61377,-0.46103,-8.9897
11.412,-0.050205,-8.9287
5.4483,6.1158,-8.9497
-2.8864,-5.7474,-0.674
-8.9562,-0.10607,-0.62
2.9663,0.023335,-0.611
-3.037,5.8499,-0.788
-2.7195,-5.7813,5.078
-8.7462,-0.0035355,4.996
3.0653,0.13223,5.072
-2.9543,5.647,5.137
3.0738,-5.7424,-0.649
-2.938,-0.064347,-0.68
8.8509,0.13223,-0.675
2.8482,5.9015,-0.649
3.1855,-5.6901,5.131
-2.8221,-0.084146,5.08
9.0156,0.10041,5.12
3.0102,5.8145,5.026
0.25527,-8.5355,-0.456
-5.6675,-2.9493,-0.613
5.9376,-2.7895,-0.435
0.12587,2.8652,-0.276
0.35072,-8.6097,5.225
-5.5946,-2.9642,5.59
6.2473,-2.7613,5.429
0.1994,2.8256,5.217
0.29416,-2.7591,-0.793
-5.9538,2.8242,-0.444
5.9362,2.9748,-0.302
-0.057276,8.6585,-0.481
0.27011,-2.8567,5.525
-5.7071,2.8334,5.17
6.3682,3.0236,4.832
0.082731,8.6076,5.189
-0.61872,-5.9305,-3.537
-6.7005,-0.029698,-3.561
5.2729,0.18738,-3.514
-0.71983,5.589,-3.572
-0.30971,-5.654,2.205
-6.3293,-0.35426,2.147
5.4914,-0.074953,2.307
-0.62367,5.7078,2.247
5.4348,-5.8605,-3.211
-0.58478,0.092631,-3.204
11.069,0.076368,-3.269
4.971,5.3217,-3.226
5.345,-5.8513,2.46
-0.61377,-0.46103,2.52
11.412,-0.050205,2.581
5.4483,6.1158,2.56
-2.8864,-5.7474,10.836
-8.9562,-0.10607,10.89
2.9663,0.023335,10.899
-3.037,5.8499,10.722
3.0738,-5.7424,10.861
-2.938,-0.064347,10.83
8.8509,0.13223,10.835
2.8482,5.9015,10.861
0.25527,-8.5355,11.054
-5.6675,-2.9493,10.897
5.9376,-2.7895,11.075
0.12587,2.8652,11.234
0.29416,-2.7591,10.717
-5.9538,2.8242,11.066
5.9362,2.9748,11.208
-0.057276,8.6585,11.029
-0.61872,-5.9305,7.9727
-6.7005,-0.029698,7.9487
5.2729,0.18738,7.9957
-0.71983,5.589,7.9377
5.4348,-5.8605,8.2987
-0.58478,0.092631,8.3057
11.069,0.076368,8.2407
4.971,5.3217,8.2837
-8.6887,11.678,-12.345
-8.5897,11.787,-6.6623
-8.5812,5.9126,-12.383
-2.8042,11.787,-12.409
-8.4695,5.9649,-6.6033
-2.6394,11.755,-6.6143
-11.4,3.1195,-12.19
-5.7174,8.8655,-12.169
-11.304,3.0453,-6.5093
-5.4077,8.8938,-6.3053
-11.361,8.8959,-12.527
-11.385,8.7983,-6.2093
-11.965,6.001,-9.5293
-6.1636,11.58,-9.4273
-6.31,5.8037,-9.2743
-12.269,11.194,-9.2143
-0.24302,11.605,-9.1533
-8.6887,11.678,-0.83562
-8.5897,11.787,4.8474
-8.5812,5.9126,-0.87362
-2.8042,11.787,-0.89962
-8.4695,5.9649,4.9064
-2.6394,11.755,4.8954
-11.4,3.1195,-0.68062
-5.7174,8.8655,-0.65962
-11.304,3.0453,5.0004
-5.4077,8.8938,5.2044
-11.361,8.8959,-1.0176
-11.385,8.7983,5.3004
-12.274,5.7245,-3.7616
-6.3821,11.842,-3.7386
-11.965,6.001,1.9804
-6.1636,11.58,2.0824
-6.2202,5.7945,-3.4356
-12.24,11.748,-3.4286
-0.58597,11.731,-3.4936
-6.31,5.8037,2.2354
-12.269,11.194,2.2954
-0.24302,11.605,2.3564
-8.6887,11.678,10.674
-8.5812,5.9126,10.636
-2.8042,11.787,10.61
-11.4,3.1195,10.829
-5.7174,8.8655,10.85
-11.361,8.8959,10.492
-12.274,5.7245,7.748
-6.3821,11.842,7.771
-6.2202,5.7945,8.074
-12.24,11.748,8.081
-0.58597,11.731,8.016
9.1373,5.5541,-11.956
3.0675,11.195,-11.902
9.3042,5.5201,-6.2039
3.2776,11.298,-6.2859
9.0857,11.237,-11.962
9.2017,11.217,-6.2019
12.279,2.7659,-11.738
6.3563,8.3521,-11.895
12.374,2.6917,-6.0569
6.4291,8.3372,-5.6919
12.318,8.5423,-12.075
12.294,8.4447,-5.7569
11.714,5.6474,-9.0769
5.6944,10.947,-9.1349
11.41,10.84,-8.7619
9.1373,5.5541,-0.44625
3.0675,11.195,-0.39225
9.3042,5.5201,5.3058
3.2776,11.298,5.2238
9.0857,11.237,-0.45225
9.2017,11.217,5.3078
12.279,2.7659,-0.22825
6.3563,8.3521,-0.38525
12.374,2.6917,5.4528
6.4291,8.3372,5.8178
12.318,8.5423,-0.56525
12.294,8.4447,5.7528
11.405,5.3709,-3.3092
5.3232,11.272,-3.3332
11.714,5.6474,2.4328
5.6944,10.947,2.3748
11.439,11.394,-2.9762
11.41,10.84,2.7478
9.1373,5.5541,11.063
3.0675,11.195,11.117
9.0857,11.237,11.057
12.279,2.7659,11.281
6.3563,8.3521,11.124
12.318,8.5423,10.944
11.405,5.3709,8.2004
5.3232,11.272,8.1764
11.439,11.394,8.5334
0,0,0
0.15627,-5.6462,-0.506
-0.22627,-0.049497,5.6977
-0.22627,-0.049497,-5.812
-0.094752,5.8011,-0.45
-5.8492,-0.065054,-0.499
5.992,0.17395,-0.411
0.30335,-5.6915,5.285
-5.7361,-0.050912,5.296
0.11031,5.7742,5.26
6.1653,0.16051,5.269
5.7262,5.8577,-0.063
5.9821,-5.6682,-0.021
-5.6729,5.9869,-0.24562
-6.2976,-5.4438,-0.29075
0.30335,-5.6915,-6.2247
-5.7361,-0.050912,-6.2137
0.11031,5.7742,-6.2497
6.1653,0.16051,-6.2407
5.6173,5.8209,5.7287
5.7785,-5.688,5.7377
5.6173,5.8209,-5.781
5.7785,-5.688,-5.772
-5.8765,5.9671,5.513
-6.4065,-5.4805,5.5009
-5.8765,5.9671,-5.9966
-6.4065,-5.4805,-6.0088
-0.2476,-11.091,-0.23775
0,0,-11.51
0,0,11.51
11.776,0.21072,-0.01
0.12114,11.866,-0.23462
-11.903,0.56431,-0.46237
0.15627,-5.6462,11.004
-0.37135,-11.127,5.4709
-5.8492,-0.065054,11.011
-0.094752,5.8011,11.06
5.992,0.17395,11.099
-0.37135,-11.127,-6.0388
-6.0317,-11.127,-0.63875
6.1746,11.236,-0.27125
11.56,-5.8539,-0.22538
11.652,0.17466,5.6987
-11.499,6.0088,-0.73062
11.652,0.17466,-5.811
-0.0026085,11.83,5.474
5.8058,-11.72,-0.27438
-5.663,11.829,-0.63562
-12.026,0.52824,5.2463
0.15627,-5.6462,-12.016
-0.0026085,11.83,-6.0356
-0.094752,5.8011,-11.96
-12.119,-5.5003,-0.67775
5.992,0.17395,-11.921
-5.8492,-0.065054,-12.009
12.18,5.6552,-0.27825
-5.8585,-11.141,5.0412
-12.026,0.52824,-6.2634
-11.352,5.9635,5.0604
-5.6729,5.9869,11.264
-6.2976,-5.4438,11.219
-5.4898,11.816,5.0444
6.2877,11.251,5.5238
-11.913,-5.5272,5.0322
5.7262,5.8577,11.447
5.9821,-5.6682,11.489
-5.8585,-11.141,-6.4684
5.9821,-5.6682,-11.531
5.7262,5.8577,-11.573
6.2877,11.251,-5.9859
5.919,-11.706,5.5206
11.765,-5.8808,5.4846
-11.352,5.9635,-6.4493
-5.6729,5.9869,-11.755
5.919,-11.706,-5.989
-6.2976,-5.4438,-11.8
11.765,-5.8808,-6.025
-5.4898,11.816,-6.4653
12.327,5.6099,5.5128
-11.913,-5.5272,-6.4774
12.327,5.6099,-5.9969
-0.2476,-11.091,11.272
-0.2476,-11.091,-11.747
-11.903,0.56431,11.047
0.12114,11.866,11.275
11.776,0.21072,11.5
11.776,0.21072,-11.52
11.655,-11.655,0.22462
-11.655,11.655,-0.22462
-12.024,-11.301,-0.22775
12.024,11.301,0.22775
-6.0317,-11.127,10.871
0.12114,11.866,-11.744
-11.499,6.0088,10.779
-11.903,0.56431,-11.972
-5.663,11.829,10.874
6.1746,11.236,11.238
-12.119,-5.5003,10.832
11.56,-5.8539,11.284
11.797,11.252,-5.5842
5.8058,-11.72,11.235
11.429,-11.705,-5.5874
11.797,11.252,5.9254
11.429,-11.705,5.9223
6.1746,11.236,-11.781
11.56,-5.8539,-11.735
-11.881,11.606,5.473
12.18,5.6552,11.231
-6.0317,-11.127,-12.148
-12.25,-11.351,5.4699
5.8058,-11.72,-11.784
-11.881,11.606,-6.0366
-12.25,-11.351,-6.0398
-11.499,6.0088,-12.24
12.18,5.6552,-11.788
-5.663,11.829,-12.145
-12.119,-5.5003,-12.187
11.655,-11.655,-11.285
-11.655,11.655,11.285
-12.024,-11.301,11.282
12.024,11.301,-11.282
11.655,-11.655,11.734
-11.655,11.655,-11.734
-12.024,-11.301,-11.737
12.024,11.301,11.737
