-9.2667,-9.5194,-9.0737
-3.909,-9.803,-9.2837
-9.7794,-10.188,-2.9416
-9.2667,-9.5194,3.8124
-3.909,-9.803,3.6024
-9.7794,-10.188,9.9446
9.456,-4.3931,-9.4548
10.36,-10.061,-8.7288
3.1061,-11.064,-3.1816
9.456,-4.3931,3.4314
10.094,-10.017,-2.3296
10.36,-10.061,4.1574
3.1061,-11.064,9.7045
10.094,-10.017,10.556
3.3135,-10.006,-9.9281
-3.3036,-3.6133,-8.5101
-3.4811,8.544,-9.6311
3.8962,3.2018,-8.9011
3.7342,-4.4116,-9.5761
-2.5767,2.8765,-8.9051
9.2539,2.9182,-9.1111
-9.681,-3.1883,-10.281
-9.8309,1.8731,-3.358
-3.614,-3.6805,-2.85
8.8982,-3.7547,-3.239
3.3835,2.5336,-2.769
3.3135,-10.006,2.958
-3.3036,-3.6133,4.376
-3.4811,8.544,3.255
3.8962,3.2018,3.985
3.1106,-3.7597,-3.084
-2.8426,2.9204,-2.506
-2.8298,-10.048,-1.815
-9.6464,-3.1565,-4.331
3.7342,-4.4116,3.31
-2.5767,2.8765,3.981
9.2539,2.9182,3.775
-9.681,-3.1883,2.605
-9.8309,1.8731,9.5281
-3.614,-3.6805,10.036
8.8982,-3.7547,9.6471
3.3835,2.5336,10.117
3.1106,-3.7597,9.8021
-2.8426,2.9204,10.38
-2.8298,-10.048,11.071
-9.6464,-3.1565,8.5551
-9.6235,2.9315,-10.104
-9.2028,8.5254,-9.7525
-4.0388,9.1823,-3.4154
-9.6235,2.9315,2.7816
-9.8265,9.1774,-3.2604
-9.2028,8.5254,3.1336
-4.0388,9.1823,9.4708
-9.8265,9.1774,9.6258
9.8593,9.1079,-8.3376
3.4819,9.5329,-10.109
9.5488,9.0407,-2.6774
9.8593,9.1079,4.5486
10.333,2.6732,-1.6424
3.5165,9.5647,-4.1584
3.4819,9.5329,2.7776
9.5488,9.0407,10.209
10.333,2.6732,11.244
3.5165,9.5647,8.7277
-9.2278,-9.9444,-10.522
-10.284,-4.0231,-3.5316
-9.9222,-9.9911,-4.4486
-9.2278,-9.9444,2.3644
-10.284,-4.0231,9.3546
-9.9222,-9.9911,8.4376
10.879,-11.46,-8.8838
4.2375,-9.9622,-8.8388
8.7531,-9.381,-2.4516
10.879,-11.46,4.0024
4.2375,-9.9622,4.0474
8.7531,-9.381,10.434
-2.2436,-10.402,-9.2701
-9.0757,-3.6013,-8.9681
4.208,-3.7809,-8.2471
-2.0584,1.4771,-9.0601
-1.9643,-4.2964,-8.3411
-8.6995,2.9748,-9.0151
3.935,2.7768,-10.349
8.387,-3.4811,-9.3251
-2.197,-10.142,-3.155
2.8786,8.6981,-3.359
2.5717,-3.5532,-1.712
-4.184,3.556,-2.628
-2.2436,-10.402,3.616
-9.0757,-3.6013,3.918
4.208,-3.7809,4.639
-2.0584,1.4771,3.826
-3.5122,-3.4189,-1.411
3.5461,-9.9851,-2.151
3.2407,2.7301,-4.276
9.7878,-3.0717,-2.216
-1.9643,-4.2964,4.545
-8.6995,2.9748,3.871
3.935,2.7768,2.537
8.387,-3.4811,3.561
-2.197,-10.142,9.7311
2.8786,8.6981,9.5271
2.5717,-3.5532,11.174
-4.184,3.556,10.258
-3.5122,-3.4189,11.475
3.5461,-9.9851,10.735
3.2407,2.7301,8.6101
9.7878,-3.0717,10.67
-8.729,9.1561,-8.4235
-4.55,9.456,-9.5015
-10.365,9.3838,-1.8884
-8.729,9.1561,4.4626
-9.3909,2.952,-2.3274
-3.1493,9.8654,-2.3924
-4.55,9.456,3.3846
-10.365,9.3838,10.998
-9.3909,2.952,10.559
-3.1493,9.8654,10.494
10.919,2.319,-9.0976
4.0871,9.1199,-8.7956
11.199,8.4248,-8.1686
10.966,2.5792,-2.9824
10.919,2.319,3.7886
4.0871,9.1199,4.0906
9.6507,9.3023,-1.2384
11.199,8.4248,4.7176
10.966,2.5792,9.9037
9.6507,9.3023,11.648
-10.414,-13.771,-12.229
-9.3657,-13.147,-6.1187
-3.6579,-13.131,-12.219
-9.7504,-6.7674,-11.86
-3.5575,-12.95,-7.6287
-9.5679,-6.5595,-6.8787
-12.943,-9.8822,-11.688
-13.375,-10.419,-6.3717
-6.323,-9.9585,-12.802
-12.422,-3.5868,-13.126
-7.4869,-13.063,-9.5787
-13.605,-5.8375,-9.3657
-12.55,-14.419,-9.1317
-10.414,-13.771,0.65745
-9.3657,-13.147,6.7674
-3.6579,-13.131,0.66745
-9.7504,-6.7674,1.0264
-3.5575,-12.95,5.2574
-9.5679,-6.5595,6.0074
-12.943,-9.8822,1.1984
-13.375,-10.419,6.5144
-6.323,-9.9585,0.084449
-12.422,-3.5868,-0.23955
-6.5521,-9.3405,-4.7436
-13.211,-3.6858,-5.5616
-7.967,-13.481,-2.6376
-12.133,-7.3104,-2.5696
-7.4869,-13.063,3.3074
-13.605,-5.8375,3.5204
-12.495,-13.003,-3.0546
-1.7685,-13.191,-3.3286
-7.5894,-5.8764,-2.9676
-12.55,-14.419,3.7544
-10.414,-13.771,13.544
-3.6579,-13.131,13.554
-9.7504,-6.7674,13.913
-12.943,-9.8822,14.085
-6.323,-9.9585,12.971
-12.422,-3.5868,12.647
-6.5521,-9.3405,8.1426
-13.211,-3.6858,7.3246
-7.967,-13.481,10.249
-12.133,-7.3104,10.317
-12.495,-13.003,9.8316
-1.7685,-13.191,9.5576
-7.5894,-5.8764,9.9186
3.3253,-13.741,-13.78
9.8215,-6.4472,-13.102
3.6124,-13.242,-7.0468
10.01,-12.779,-12.606
10.113,-13.763,-5.8228
13.157,-10.098,-11.339
12.725,-10.635,-6.0228
6.2117,-10.388,-12.619
13.678,-3.8026,-12.777
7.4082,-12.389,-9.0988
12.495,-6.0534,-9.0168
3.3253,-13.741,-0.89364
9.8215,-6.4472,-0.21564
3.6124,-13.242,5.8394
9.6907,-7.049,-5.0136
10.01,-12.779,0.28036
10.113,-13.763,7.0634
13.157,-10.098,1.5474
12.725,-10.635,6.8634
6.2117,-10.388,0.26736
13.678,-3.8026,0.10936
6.9719,-10.362,-5.0566
12.889,-3.9016,-5.2126
6.0435,-13.935,-3.0056
13.967,-7.5263,-2.2206
7.4082,-12.389,3.7874
12.495,-6.0534,3.8694
13.605,-13.218,-2.7056
3.3253,-13.741,11.992
9.8215,-6.4472,12.67
9.6907,-7.049,7.8725
10.01,-12.779,13.166
13.157,-10.098,14.433
6.2117,-10.388,13.153
13.678,-3.8026,12.995
6.9719,-10.362,7.8295
12.889,-3.9016,7.6735
6.0435,-13.935,9.8805
13.967,-7.5263,10.665
13.605,-13.218,10.18
-3.3411,-6.9671,-12.966
-9.6117,-0.80398,-13.956
2.7485,-1.0501,-12.056
-3.1155,6.4898,-13.278
-2.7648,-6.7302,-5.7791
-9.3246,-0.30476,-7.2231
3.7972,-0.42568,-5.9461
3.1021,-7.0194,-12.201
-2.9267,0.15768,-12.782
9.5049,-0.41012,-12.046
3.4125,5.9538,-11.687
4.1048,-7.2302,-6.3591
-2.8242,-0.8259,-5.9991
9.6053,-0.2291,-7.4561
3.5949,6.1617,-6.7061
0.95672,-10.402,-13.096
-6.3229,-3.5327,-12.36
6.7995,-3.6077,-12.794
0.21991,2.839,-11.515
0.24607,-10.27,-6.8091
-6.4679,-3.5235,-6.5101
6.7196,-3.3807,-6.2041
-0.21213,2.3023,-6.1991
-0.11809,-3.6748,-12.171
-6.7253,2.5491,-12.795
6.8398,2.7627,-12.629
0.74105,9.1344,-12.953
-0.34295,-7.315,-9.3251
-5.5289,0.54801,-9.2751
5.6759,-0.34153,-9.4061
-0.44194,6.8837,-9.1931
6.6595,-6.9466,-9.3501
0.61306,-1.6978,-8.9591
0.60599,-12.876,-9.4391
-5.8004,-6.878,-9.1121
-3.3411,-6.9671,-0.08
-9.6117,-0.80398,-1.07
2.7485,-1.0501,0.83
-3.1155,6.4898,-0.392
-2.7648,-6.7302,7.107
-9.3246,-0.30476,5.663
3.7972,-0.42568,6.94
-3.2463,5.8881,-5.19
3.1021,-7.0194,0.685
-2.9267,0.15768,0.104
9.5049,-0.41012,0.84
3.4125,5.9538,1.199
4.1048,-7.2302,6.527
-2.8242,-0.8259,6.887
9.6053,-0.2291,5.43
3.5949,6.1617,6.18
0.95672,-10.402,-0.21
-6.3229,-3.5327,0.526
6.7995,-3.6077,0.092
0.21991,2.839,1.371
0.24607,-10.27,6.077
-6.4679,-3.5235,6.376
6.7196,-3.3807,6.682
-0.21213,2.3023,6.687
-0.11809,-3.6748,0.715
-6.7253,2.5491,0.091
6.8398,2.7627,0.257
0.74105,9.1344,-0.067
-0.099702,-4.1514,-5.461
-5.9652,2.5753,-5.233
6.6107,3.3807,-4.571
-0.048083,9.0354,-5.389
0.81529,-7.8581,-2.759
-6.8936,-0.99773,-3.182
5.1958,-0.75943,-2.465
1.0295,5.4108,-2.397
-0.34295,-7.315,3.561
-5.5289,0.54801,3.611
5.6759,-0.34153,3.48
-0.44194,6.8837,3.693
5.956,-6.82,-2.572
0.66751,-0.28143,-2.882
11.394,-0.46952,-3.156
5.5734,6.8448,-2.795
6.6595,-6.9466,3.536
0.61306,-1.6978,3.927
0.60599,-12.876,3.447
-5.8004,-6.878,3.774
-3.3411,-6.9671,12.806
-9.6117,-0.80398,11.816
2.7485,-1.0501,13.716
-3.1155,6.4898,12.494
-3.2463,5.8881,7.6961
3.1021,-7.0194,13.571
-2.9267,0.15768,12.99
9.5049,-0.41012,13.726
3.4125,5.9538,14.085
0.95672,-10.402,12.676
-6.3229,-3.5327,13.412
6.7995,-3.6077,12.978
0.21991,2.839,14.257
-0.11809,-3.6748,13.601
-6.7253,2.5491,12.977
6.8398,2.7627,13.143
0.74105,9.1344,12.819
-0.099702,-4.1514,7.4251
-5.9652,2.5753,7.6531
6.6107,3.3807,8.3151
-0.048083,9.0354,7.4971
0.81529,-7.8581,10.127
-6.8936,-0.99773,9.7041
5.1958,-0.75943,10.421
1.0295,5.4108,10.489
5.956,-6.82,10.314
0.66751,-0.28143,10.004
11.394,-0.46952,9.7301
5.5734,6.8448,10.091
-10.189,11.887,-12.232
-9.1399,12.511,-6.1225
-9.835,5.9176,-12.377
-3.4321,12.527,-12.222
-8.8323,5.7069,-6.5355
-3.3317,12.708,-7.6325
-11.98,2.5348,-13.272
-6.1375,9.3294,-12.97
-12.691,2.667,-6.9855
-6.2174,9.5564,-6.3805
-13.055,9.2622,-12.347
-13.28,5.622,-9.5015
-7.2611,12.596,-9.5825
-6.2775,5.9904,-9.5265
-12.324,11.239,-9.1355
-12.331,0.061332,-9.6155
-10.189,11.887,0.65364
-9.1399,12.511,6.7636
-9.835,5.9176,0.50864
-3.4321,12.527,0.66364
-8.8323,5.7069,6.3506
-3.3317,12.708,5.2536
-11.98,2.5348,-0.38636
-6.1375,9.3294,-0.084357
-12.691,2.667,5.9006
-6.2174,9.5564,6.5056
-13.055,9.2622,0.53864
-13.037,8.7856,-5.6374
-12.122,5.079,-2.9354
-7.7412,12.178,-2.6414
-13.28,5.622,3.3846
-7.2611,12.596,3.3036
-6.9811,6.117,-2.7484
-12.27,12.656,-3.0584
-1.5427,12.468,-3.3324
-6.2775,5.9904,3.3596
-12.324,11.239,3.7506
-12.331,0.061332,3.2706
-10.189,11.887,13.54
-9.835,5.9176,13.395
-3.4321,12.527,13.55
-11.98,2.5348,12.5
-6.1375,9.3294,12.802
-13.055,9.2622,13.425
-13.037,8.7856,7.2488
-12.122,5.079,9.9508
-7.7412,12.178,10.245
-6.9811,6.117,10.138
-12.27,12.656,9.8278
-1.5427,12.468,9.5538
9.8218,5.7541,-12.794
3.5512,11.917,-13.784
10.398,5.991,-5.6066
3.8382,12.416,-7.0506
10.236,12.879,-12.61
10.339,11.895,-5.8266
14.12,2.319,-12.924
6.8399,9.1885,-12.188
13.409,2.4512,-6.6366
6.695,9.1977,-6.3376
13.045,9.0464,-11.999
12.82,5.4062,-9.1526
7.634,13.269,-9.1026
13.776,11.023,-8.7866
13.769,-0.1545,-9.2666
7.3625,5.8432,-8.9396
9.8218,5.7541,0.092551
3.5512,11.917,-0.89745
10.398,5.991,7.2796
3.8382,12.416,5.8356
10.236,12.879,0.27655
10.339,11.895,7.0596
14.12,2.319,-0.037449
6.8399,9.1885,0.69855
13.409,2.4512,6.2496
6.695,9.1977,6.5486
13.045,9.0464,0.88755
13.063,8.5698,-5.2884
13.978,4.8631,-2.5864
6.2693,11.723,-3.0094
12.82,5.4062,3.7336
7.634,13.269,3.7836
13.83,12.44,-2.7094
13.776,11.023,4.0996
13.769,-0.1545,3.6196
7.3625,5.8432,3.9466
9.8218,5.7541,12.979
3.5512,11.917,11.989
10.236,12.879,13.163
14.12,2.319,12.849
6.8399,9.1885,13.585
13.045,9.0464,13.774
13.063,8.5698,7.5977
13.978,4.8631,10.3
6.2693,11.723,9.8767
13.83,12.44,10.177
0.83181,12.783,-9.4429
0.83181,12.783,3.4432
0.80989,12.772,-9.6269
0.80989,12.772,3.2592
0.80918,12.754,-9.7349
0.80918,12.754,3.1512
0,0,0
0.23264,-0.72478,-6.0521
0.054447,6.0889,0.411
-6.0691,-0.3387,0.698
6.364,-0.48225,0.481
0.23264,-0.72478,6.834
-0.18455,-7.1425,0.67
-5.9164,5.6081,0.703
6.3244,-0.48083,-5.306
-5.9878,-0.46386,-5.8641
0.22557,6.1214,-6.2551
6.5301,6.0111,0.712
0.35002,-7.0223,-5.608
0.22557,6.1214,6.631
-5.9878,-0.46386,7.022
-6.6327,-6.7101,0.53945
6.3244,-0.48083,7.5801
-6.2826,5.6236,-5.578
0.35002,-7.0223,7.2781
7.0207,-7.329,0.87936
6.7635,5.9556,-5.3894
-6.3993,-6.7656,-5.562
-6.2826,5.6236,7.3081
6.6544,-7.3134,-5.4016
6.7635,5.9556,7.4967
-6.3993,-6.7656,7.3241
0.30971,12.066,0.265
6.6544,-7.3134,7.4845
-12.853,-0.65514,0.092449
0,0,-12.886
0,0,12.886
13.247,-0.87097,0.44136
0.083894,-13.592,0.26881
-6.0691,-0.3387,-12.188
0.054447,6.0889,-12.475
6.364,-0.48225,-12.405
-0.37034,12.554,6.2476
-6.5731,12.455,0.30464
12.567,-0.38325,6.424
12.567,-0.38325,-6.4621
12.978,5.5787,0.84255
-0.18455,-7.1425,-12.216
-0.37034,12.554,-6.6385
7.0938,12.383,0.87055
-13.122,5.7946,0.49364
-0.59616,-13.104,6.2514
0.054447,6.0889,13.297
-5.9164,5.6081,-12.183
-13.108,-6.6323,0.23845
12.991,-6.8481,0.58736
-0.59616,-13.104,-6.6347
6.364,-0.48225,13.367
-13.533,-0.16742,6.0751
-6.7989,-13.203,0.30845
-6.0691,-0.3387,13.584
6.8679,-13.276,0.87436
-12.587,5.9148,-5.7844
6.5301,6.0111,-12.174
-6.6127,12.456,-5.4824
-13.533,-0.16742,-6.811
7.1751,12.257,-5.6916
-0.18455,-7.1425,13.556
-6.6327,-6.7101,-12.347
-12.587,5.9148,7.1018
13.513,5.6989,-5.4354
7.0207,-7.329,-12.007
-6.8385,-13.202,-5.4786
-5.9164,5.6081,13.589
-12.937,-6.5998,-6.4277
-12.937,-6.5998,6.4584
7.1751,12.257,7.1946
-6.6127,12.456,7.4038
13.163,-6.8156,-6.0788
6.9493,-13.401,-5.6878
6.5301,6.0111,13.598
13.163,-6.8156,6.8074
-6.6327,-6.7101,13.426
13.513,5.6989,7.4507
-6.8385,-13.202,7.4076
6.9493,-13.401,7.1984
7.0207,-7.329,13.765
0.30971,12.066,-12.621
0.30971,12.066,13.151
-12.853,-0.65514,-12.794
13.247,-0.87097,-12.445
-12.853,-0.65514,12.979
12.937,-12.937,0.17636
-12.937,12.937,-0.17636
-13.163,-12.721,-0.17255
13.163,12.721,0.17255
0.083894,-13.592,-12.617
12.978,5.5787,-12.044
7.0938,12.383,-12.016
-12.704,12.212,-6.2285
13.247,-0.87097,13.327
-12.704,12.212,6.6576
-6.5731,12.455,-12.581
0.083894,-13.592,13.155
13.395,11.996,-5.8796
-13.122,5.7946,-12.392
12.991,-6.8481,-12.299
6.8679,-13.276,-12.012
-6.5731,12.455,13.191
13.395,11.996,7.0066
-13.108,-6.6323,-12.648
-6.7989,-13.203,-12.578
-13.122,5.7946,13.38
-12.93,-13.446,-6.2247
12.978,5.5787,13.729
-13.108,-6.6323,13.125
-12.93,-13.446,6.6614
7.0938,12.383,13.757
13.17,-13.662,-5.8758
-6.7989,-13.203,13.195
12.991,-6.8481,13.473
13.17,-13.662,7.0104
6.8679,-13.276,13.76
12.937,-12.937,-12.71
-12.937,12.937,12.71
-13.163,-12.721,12.714
13.163,12.721,-12.714
12.937,-12.937,13.062
-12.937,12.937,-13.062
-13.163,-12.721,-13.059
13.163,12.721,13.059
