-9.9947,-2.8514,-9.8579
-9.5323,-8.6342,-9.6929
-10.261,-2.884,-3.4257
-9.9947,-2.8514,2.2053
-9.8201,-8.7678,-3.4647
-9.5323,-8.6342,2.3703
-10.261,-2.884,8.6375
-9.8201,-8.7678,8.5985
9.4377,-9.6993,-8.7099
9.4575,-9.3514,-2.9837
9.4377,-9.6993,3.3533
8.8175,-4.0714,-3.1207
9.4575,-9.3514,9.0795
8.8175,-4.0714,8.9425
3.1176,-3.4457,-9.6032
-2.7337,2.472,-8.9162
-2.4282,-9.1995,-9.5232
2.4713,9.0333,-9.6482
2.9946,-8.4916,-9.2572
-2.7853,-2.7217,-9.4472
8.9004,-2.8376,-9.5942
2.9338,3.2506,-9.4832
2.9797,-3.1084,-3.334
-2.7139,2.8199,-3.19
-2.6326,-8.8509,-3.513
2.2055,9.0008,-3.216
3.1176,-3.4457,2.46
-2.7337,2.472,3.147
-2.4282,-9.1995,2.54
2.4713,9.0333,2.415
2.6043,-9.4236,-3.599
-3.0038,-3.725,-3.577
-3.3538,8.0999,-3.327
2.646,3.1169,-3.255
2.9946,-8.4916,2.806
-2.7853,-2.7217,2.616
8.9004,-2.8376,2.469
2.9338,3.2506,2.58
2.9797,-3.1084,8.7292
-2.7139,2.8199,8.8732
-2.6326,-8.8509,8.5502
2.2055,9.0008,8.8472
2.6043,-9.4236,8.4642
-3.0038,-3.725,8.4862
-3.3538,8.0999,8.7362
2.646,3.1169,8.8082
-9.0537,8.7256,-9.8095
-9.1768,3.6797,-9.4635
-3.271,9.3337,-9.8005
-9.1916,9.0629,-3.5403
-9.0537,8.7256,2.2537
-9.5671,2.7477,-3.8053
-9.1768,3.6797,2.5997
-3.271,9.3337,2.2627
-9.1916,9.0629,8.5229
-9.5671,2.7477,8.2579
10.038,2.6853,-9.3135
9.6808,9.1631,-9.2375
9.8335,3.0339,-3.3033
10.038,2.6853,2.7497
9.4623,8.1597,-3.3673
9.6808,9.1631,2.8257
9.8335,3.0339,8.7599
9.4623,8.1597,8.6959
-3.5876,-8.9842,-8.5139
-9.6744,-9.6078,-8.5639
-3.3974,-9.0075,-2.3737
-9.569,-3.1484,-2.1207
-3.5876,-8.9842,3.5493
-8.8888,-8.7374,-2.2927
-9.6744,-9.6078,3.4993
-3.3974,-9.0075,9.6895
-9.569,-3.1484,9.9425
-8.8888,-8.7374,9.7705
8.7652,-8.3692,-8.8769
8.7893,-3.6231,-7.9859
8.6577,-9.5204,-1.7307
8.7652,-8.3692,3.1863
3.1119,-9.5522,-2.1357
9.2531,-3.2724,-1.9277
8.7893,-3.6231,4.0773
8.6577,-9.5204,10.332
3.1119,-9.5522,9.9275
9.2531,-3.2724,10.135
8.8784,2.9006,-8.3042
-9.268,-3.037,-8.2242
3.2407,-3.0144,-8.1752
-3.4061,3.8021,-9.0832
-3.4266,-3.2484,-8.1992
2.8772,-9.4151,-8.0832
2.7917,2.2769,-8.3542
-3.3821,8.5482,-8.1922
9.0686,2.8772,-2.164
2.897,8.7363,-1.911
2.9967,-3.4153,-1.875
-3.5136,2.6509,-1.937
8.8784,2.9006,3.759
-9.268,-3.037,3.839
3.2407,-3.0144,3.888
-3.4061,3.8021,2.98
-2.8263,-3.078,-2.238
-9.0595,2.6191,-2.342
3.5773,3.1473,-2.083
-2.9182,8.8989,-2.134
-3.4266,-3.2484,3.864
2.8772,-9.4151,3.98
2.7917,2.2769,3.709
-3.3821,8.5482,3.871
9.0686,2.8772,9.8992
2.897,8.7363,10.152
2.9967,-3.4153,10.188
-3.5136,2.6509,10.126
-2.8263,-3.078,9.8252
-9.0595,2.6191,9.7212
3.5773,3.1473,9.9802
-2.9182,8.8989,9.9292
-8.9307,9.157,-8.3815
-9.2941,2.7562,-8.2895
-9.1746,8.756,-2.0813
-8.9307,9.157,3.6817
-9.2941,2.7562,3.7737
-9.1746,8.756,9.9819
3.198,8.8477,-8.0145
9.0394,8.6363,-7.9895
3.198,8.8477,4.0487
9.6397,8.8067,-2.0283
9.0394,8.6363,4.0737
9.6397,8.8067,10.035
-9.2862,-11.953,-12.748
-3.273,-11.689,-11.977
-9.3739,-6.2003,-12.312
-3.3338,-11.994,-6.9649
-9.6023,-5.7131,-6.7859
-12.5,-9.0365,-12.202
-12.316,-8.9587,-6.4029
-6.2591,-8.7607,-11.544
-12.547,-3.0749,-12.707
-6.8325,-8.9594,-6.7229
-12.904,-3.1046,-6.3939
-6.8742,-12.071,-9.1319
-13.339,-5.438,-9.3499
-11.769,-12.449,-9.3699
-9.2862,-11.953,-0.68469
-9.7387,-12.199,-5.7967
-3.273,-11.689,0.086311
-9.3739,-6.2003,-0.24869
-3.3338,-11.994,5.0983
-9.6023,-5.7131,5.2773
-12.5,-9.0365,-0.13869
-12.316,-8.9587,5.6603
-6.2591,-8.7607,0.51931
-12.547,-3.0749,-0.64369
-6.8325,-8.9594,5.3403
-12.904,-3.1046,5.6693
-5.9854,-10.859,-3.1787
-12.359,-6.0398,-3.3867
-6.8742,-12.071,2.9313
-13.339,-5.438,2.7133
-13.106,-12.311,-3.1417
-1.4246,-11.88,-3.3347
-6.1063,-6.7851,-3.0207
-11.769,-12.449,2.6933
-9.2862,-11.953,11.379
-9.7387,-12.199,6.2665
-3.273,-11.689,12.15
-9.3739,-6.2003,11.815
-12.5,-9.0365,11.925
-6.2591,-8.7607,12.583
-12.547,-3.0749,11.42
-5.9854,-10.859,8.8845
-12.359,-6.0398,8.6765
-13.106,-12.311,8.9215
-1.4246,-11.88,8.7285
-6.1063,-6.7851,9.0425
-13.596,0.29157,-3.541
-13.596,0.29157,8.5222
2.9365,-12.504,-12.337
9.0827,-6.506,-12.212
2.8284,-12.64,-5.6689
8.9045,-6.7295,-5.9429
9.1711,-12.19,-11.781
9.1379,-12.603,-6.1509
12.137,-9.3231,-11.786
12.321,-9.2453,-5.9869
6.1708,-9.3132,-11.132
12.09,-3.3615,-12.291
5.8774,-9.5742,-6.4429
11.734,-3.3912,-5.9779
5.4984,-13.227,-8.7269
11.298,-5.7247,-8.9339
12.869,-12.736,-8.9539
0.49773,-12.312,-8.8999
2.9365,-12.504,-0.27372
9.0827,-6.506,-0.14872
2.8284,-12.64,6.3943
8.9045,-6.7295,6.1203
9.1711,-12.19,0.28228
9.1379,-12.603,5.9123
12.137,-9.3231,0.27728
12.321,-9.2453,6.0763
6.1708,-9.3132,0.93128
12.09,-3.3615,-0.22772
5.8774,-9.5742,5.6203
11.734,-3.3912,6.0853
6.115,-11.449,-2.5447
12.279,-6.3264,-2.9707
5.4984,-13.227,3.3363
11.298,-5.7247,3.1293
5.9085,-7.467,-2.8197
11.531,-12.598,-2.7257
12.869,-12.736,3.1093
0.49773,-12.312,3.1633
2.9365,-12.504,11.789
9.0827,-6.506,11.914
9.1711,-12.19,12.345
12.137,-9.3231,12.34
6.1708,-9.3132,12.994
12.09,-3.3615,11.835
6.115,-11.449,9.5185
12.279,-6.3264,9.0925
5.9085,-7.467,9.2435
11.531,-12.598,9.3375
-2.967,-6.2197,-12.628
-9.2348,-0.33234,-12.543
3.1799,-0.068589,-12.538
-3.0886,5.6653,-12.418
-3.0618,-6.2848,-6.6042
-9.343,-0.46881,-5.8752
-3.2668,5.4419,-6.1492
3.2089,-6.4248,-12.25
-3.0003,-0.019092,-11.987
9.1931,0.19587,-11.767
3.0922,5.6844,-12.102
3.0116,-6.1158,-6.4322
-3.0335,-0.43134,-6.3572
9.1323,-0.1096,-6.7552
2.8638,6.1716,-6.5762
0.14991,-9.314,-12.451
-5.8867,-3.1968,-12.829
6.2515,-2.8998,-12.665
-0.033941,2.8482,-11.992
-0.094045,-9.1846,-6.4202
6.0663,-3.0102,-5.9202
0.14991,2.926,-6.1932
0.23052,-3.223,-12.385
-6.0005,2.8581,-11.338
6.207,3.124,-11.334
-0.081317,8.8098,-12.497
0.043134,-3.2492,-6.1372
-6.294,2.5972,-6.6492
5.6335,2.9253,-6.5132
-0.4377,8.7801,-6.1842
-0.070004,-5.7877,-9.2512
-6.673,-1.0557,-8.9332
5.5918,-0.18668,-8.9222
-0.87328,6.4467,-9.1402
6.3958,-5.6052,-9.1382
0.69721,-0.56427,-9.1602
-11.674,-0.14071,-9.1062
-6.3682,-5.1195,-8.9132
-2.967,-6.2197,-0.565
-9.2348,-0.33234,-0.48
3.1799,-0.068589,-0.475
-3.0886,5.6653,-0.355
-3.0618,-6.2848,5.459
-9.343,-0.46881,6.188
2.7273,-0.31466,-5.587
-3.2668,5.4419,5.914
3.2089,-6.4248,-0.187
-3.0003,-0.019092,0.076
9.1931,0.19587,0.296
3.0922,5.6844,-0.039
3.0116,-6.1158,5.631
-3.0335,-0.43134,5.706
9.1323,-0.1096,5.308
2.8638,6.1716,5.487
0.14991,-9.314,-0.388
-5.8867,-3.1968,-0.766
6.2515,-2.8998,-0.602
-0.033941,2.8482,0.071
-0.094045,-9.1846,5.643
-6.7232,-3.3842,-5.338
6.0663,-3.0102,6.143
0.14991,2.926,5.87
0.23052,-3.223,-0.322
-6.0005,2.8581,0.725
6.207,3.124,0.729
-0.081317,8.8098,-0.434
0.043134,-3.2492,5.926
-6.294,2.5972,5.414
5.6335,2.9253,5.55
-0.4377,8.7801,5.879
0.55437,-6.2452,-3.117
-6.0564,0.72196,-2.751
6.4806,1.026,-2.969
0.10748,5.8449,-3.177
-0.070004,-5.7877,2.812
-6.673,-1.0557,3.13
5.5918,-0.18668,3.141
-0.87328,6.4467,2.923
-6.2628,4.7044,-3.026
-0.63993,-0.42639,-2.932
11.041,0.0049497,-3.125
6.3597,5.0997,-2.811
6.3958,-5.6052,2.925
0.69721,-0.56427,2.903
-11.674,-0.14071,2.957
-6.3682,-5.1195,3.15
-2.967,-6.2197,11.498
-9.2348,-0.33234,11.583
3.1799,-0.068589,11.588
-3.0886,5.6653,11.708
2.7273,-0.31466,6.4762
3.2089,-6.4248,11.876
-3.0003,-0.019092,12.139
9.1931,0.19587,12.359
3.0922,5.6844,12.024
0.14991,-9.314,11.675
-5.8867,-3.1968,11.297
6.2515,-2.8998,11.461
-0.033941,2.8482,12.134
-6.7232,-3.3842,6.7252
0.23052,-3.223,11.741
-6.0005,2.8581,12.788
6.207,3.124,12.792
-0.081317,8.8098,11.629
0.55437,-6.2452,8.9462
-6.0564,0.72196,9.3122
6.4806,1.026,9.0942
0.10748,5.8449,8.8862
-6.2628,4.7044,9.0372
-0.63993,-0.42639,9.1312
11.041,0.0049497,8.9382
6.3597,5.0997,9.2522
-8.9915,12.103,-12.744
-8.9625,5.7466,-12.456
-2.9783,12.367,-11.973
-9.1598,6.0556,-6.6385
-3.0391,12.062,-6.9615
-12.021,2.8573,-12.657
-5.9198,9.2715,-12.871
-12.265,2.9867,-6.6265
-6.1051,9.1612,-6.1265
-11.941,8.9484,-12.591
-12.128,8.9222,-6.3435
-12.241,6.3837,-9.4575
-6.5796,11.985,-9.1285
-5.7756,6.5661,-9.3445
-11.474,11.607,-9.3665
-8.9915,12.103,-0.68128
-9.444,11.857,-5.7933
-8.9625,5.7466,-0.39328
-2.9783,12.367,0.089721
-9.1598,6.0556,5.4247
-3.0391,12.062,5.1017
-12.021,2.8573,-0.59428
-5.9198,9.2715,-0.80828
-12.265,2.9867,5.4367
-6.1051,9.1612,5.9367
-11.941,8.9484,-0.52828
-12.128,8.9222,5.7197
-11.617,5.9262,-3.3233
-5.6907,13.197,-3.1753
-12.241,6.3837,2.6057
-6.5796,11.985,2.9347
-12.811,11.745,-3.1383
-1.1299,12.176,-3.3313
-5.7756,6.5661,2.7187
-11.474,11.607,2.6967
-8.9915,12.103,11.382
-9.444,11.857,6.2699
-8.9625,5.7466,11.67
-2.9783,12.367,12.153
-12.021,2.8573,11.469
-5.9198,9.2715,11.255
-11.941,8.9484,11.535
-11.617,5.9262,8.7399
-5.6907,13.197,8.8879
-12.811,11.745,8.9249
-1.1299,12.176,8.7319
12.964,-0.42734,-8.6902
12.964,-0.42734,3.373
9.499,5.665,-12.419
3.2312,11.552,-12.334
9.4043,5.6,-6.3945
3.123,11.416,-5.6655
9.4658,11.866,-11.778
9.4326,11.453,-6.1475
12.616,2.5707,-12.242
6.5794,8.6879,-12.62
12.372,2.7001,-6.2105
12.697,8.6617,-12.176
12.509,8.6356,-5.9275
12.396,6.0971,-9.0415
5.7931,10.829,-8.7235
13.163,11.32,-8.9505
0.79242,11.744,-8.8965
6.0978,6.7653,-8.7035
9.499,5.665,-0.35531
3.2312,11.552,-0.27031
9.4043,5.6,5.6687
3.123,11.416,6.3977
9.4658,11.866,0.28569
9.4326,11.453,5.9157
12.616,2.5707,-0.17831
6.5794,8.6879,-0.55631
12.372,2.7001,5.8527
5.7429,8.5005,-5.1283
12.697,8.6617,-0.11231
12.509,8.6356,6.1357
13.02,5.6396,-2.9073
6.4097,12.607,-2.5413
12.396,6.0971,3.0217
5.7931,10.829,3.3397
11.826,11.458,-2.7223
13.163,11.32,3.1127
0.79242,11.744,3.1667
6.0978,6.7653,3.3597
9.499,5.665,11.708
3.2312,11.552,11.793
9.4658,11.866,12.349
12.616,2.5707,11.885
6.5794,8.6879,11.507
5.7429,8.5005,6.9349
12.697,8.6617,11.951
13.02,5.6396,9.1559
6.4097,12.607,9.5219
11.826,11.458,9.3409
0,0,0
-0.15556,5.8336,-0.024
0.070004,-0.30052,-5.8972
6.1419,0.072125,-0.041
-6.1674,-0.17961,0.03
0.070004,-0.30052,6.166
0.012021,-6.2558,0.093
-0.047376,5.8145,5.865
-0.23759,-6.1886,-5.749
-0.047376,5.8145,-6.1982
6.1009,0.0028284,-5.9272
-5.999,6.0372,-0.22228
-5.9538,-6.1363,-0.066
6.1009,0.0028284,6.136
6.5122,5.7485,0.14369
6.1723,-6.1342,-0.016
-6.3364,-0.54942,5.98
-6.3364,-0.54942,-6.0832
-0.23759,-6.1886,6.3142
-6.318,5.5119,-5.9242
6.0684,5.9355,5.799
-6.3977,-5.9493,5.5893
-6.318,5.5119,6.139
6.0684,5.9355,-6.2642
5.8534,-6.6595,-5.7179
-6.3977,-5.9493,-6.4739
5.8534,-6.6595,6.3453
-0.29038,-11.835,0.079311
0,0,-12.063
0,0,12.063
12.176,0.050205,0.289
0.0043183,12.222,0.082721
-12.462,0.33683,-0.12697
6.2987,11.705,0.23969
-0.3229,-12.01,5.8253
-0.15556,5.8336,12.039
-0.028209,12.046,5.8287
-6.3241,-11.813,-0.25069
-0.15556,5.8336,-12.087
6.1419,0.072125,12.022
0.012021,-6.2558,-11.97
-12.159,5.9156,-0.11328
-6.1674,-0.17961,-12.033
-0.3229,-12.01,-6.2379
12.143,-0.12516,-6.0282
12.143,-0.12516,6.035
-0.028209,12.046,-6.2345
6.1419,0.072125,-12.104
-6.1674,-0.17961,12.093
12.016,-6.3377,0.18228
-6.0294,12.243,-0.24728
0.012021,-6.2558,12.156
12.478,5.629,0.30269
-12.494,0.16147,5.619
6.004,-12.351,0.23628
-12.622,-6.0511,-0.23369
-12.494,0.16147,-6.4442
6.1297,11.335,-5.8735
6.1297,11.335,6.1897
-5.999,6.0372,11.841
12.228,5.6961,-5.5393
-6.3651,-11.882,5.9263
-5.9538,-6.1363,11.997
6.5122,5.7485,-11.92
-6.3651,-11.882,-6.1369
-5.9538,-6.1363,-12.129
-6.0704,12.174,5.9297
6.1723,-6.1342,12.047
6.1723,-6.1342,-12.079
-6.0704,12.174,-6.1335
12.124,-6.3568,-5.9919
-5.999,6.0372,-12.285
12.124,-6.3568,6.0713
6.5122,5.7485,12.207
12.228,5.6961,6.5239
-12.409,5.9828,-5.9553
-12.513,-6.0702,5.6553
-12.409,5.9828,6.1079
5.835,-12.721,-5.8769
5.835,-12.721,6.1863
-12.513,-6.0702,-6.4079
-0.29038,-11.835,-11.984
12.176,0.050205,-11.774
-0.29038,-11.835,12.143
0.0043183,12.222,-11.98
12.171,-12.171,0.20628
-12.171,12.171,-0.20628
-12.466,-11.885,-0.20969
12.466,11.885,0.20969
0.0043183,12.222,12.146
-12.462,0.33683,11.936
12.176,0.050205,12.352
-12.462,0.33683,-12.19
6.2987,11.705,-11.824
-6.3241,-11.813,11.813
-12.101,11.871,5.9597
12.536,11.584,-5.6875
-12.101,11.871,-6.1035
-12.159,5.9156,11.95
12.478,5.629,-11.761
12.016,-6.3377,-11.881
-6.0294,12.243,11.816
6.2987,11.705,12.303
6.004,-12.351,-11.827
-12.159,5.9156,-12.176
-6.3241,-11.813,-12.314
12.536,11.584,6.3757
12.016,-6.3377,12.245
-12.622,-6.0511,11.83
-12.396,-12.185,5.9563
12.241,-12.472,-5.6909
-6.0294,12.243,-12.31
-12.396,-12.185,-6.1069
6.004,-12.351,12.299
12.478,5.629,12.366
12.241,-12.472,6.3723
-12.622,-6.0511,-12.297
12.171,-12.171,-11.857
-12.171,12.171,11.857
-12.466,-11.885,11.854
12.466,11.885,-11.854
12.171,-12.171,12.269
-12.171,12.171,-12.269
-12.466,-11.885,-12.273
12.466,11.885,12.273
