-10.734,-10.178,-10.48
-3.7131,-9.873,-10.892
-9.6478,-3.0459,-10.424
-10.434,-9.5781,-3.2076
-10.734,-10.178,2.4064
-2.7408,-9.9981,-3.6916
-3.7131,-9.873,1.9944
-9.6478,-3.0459,2.4624
-10.434,-9.5781,9.6786
-2.7408,-9.9981,9.1946
4.0848,-9.2565,-10.701
10.148,-3.2235,-10.199
10.176,-9.1901,-9.9978
4.8117,-9.4234,-4.1756
10.08,-3.2942,-3.1976
4.0848,-9.2565,2.1854
10.148,-3.2235,2.6874
10.087,-9.7381,-3.5176
10.176,-9.1901,2.8884
4.8117,-9.4234,8.7105
10.08,-3.2942,9.6885
10.087,-9.7381,9.3685
-8.8523,3.6805,-10.877
-3.0922,-3.3086,-11.132
-2.7895,9.7135,-10.375
2.4289,2.5435,-10.307
2.5753,-2.4621,-10.281
-2.7613,3.747,-10.174
9.4498,2.8482,-10.719
3.515,9.6753,-10.251
-8.1254,3.5136,-4.352
-3.0625,-2.4233,-4.242
-2.8574,9.6428,-3.374
2.7287,3.1431,-3.035
-8.8523,3.6805,2.009
-3.0922,-3.3086,1.754
-2.7895,9.7135,2.511
2.4289,2.5435,2.579
3.4125,-3.3856,-3.972
-2.8496,3.199,-3.694
10.422,2.7231,-3.519
-9.232,-2.5767,-4.309
2.5753,-2.4621,2.605
-2.7613,3.747,2.712
9.4498,2.8482,2.167
3.515,9.6753,2.635
-8.1254,3.5136,8.5341
-3.0625,-2.4233,8.6441
-2.8574,9.6428,9.5121
2.7287,3.1431,9.8511
3.4125,-3.3856,8.9141
-2.8496,3.199,9.1921
10.422,2.7231,9.3671
-9.232,-2.5767,8.5771
-10.362,10.475,-10.457
-9.5245,9.5514,-4.1484
-10.362,10.475,2.4286
-9.5245,9.5514,8.7378
10.071,9.4127,-10.96
10.1,10.298,-4.0694
10.071,9.4127,1.9266
3.9309,10.145,-4.1364
10.1,10.298,8.8167
3.9309,10.145,8.7497
-8.8856,-4.2762,-10.045
-9.3105,-9.8829,-10.08
-3.7095,-9.4537,-4.6836
-10.893,-2.7651,-4.5556
-8.8856,-4.2762,2.8414
-9.6775,-10.075,-4.3826
-9.3105,-9.8829,2.8064
-3.7095,-9.4537,8.2026
-10.893,-2.7651,8.3306
-9.6775,-10.075,8.5036
9.2862,-10.214,-10.686
9.7211,-9.7409,-2.0556
9.2862,-10.214,2.2004
3.4455,-9.7331,-3.6366
11.547,-3.6655,-3.2896
9.7211,-9.7409,10.83
3.4455,-9.7331,9.2495
11.547,-3.6655,9.5965
-2.1835,-10.086,-9.9201
4.2773,8.445,-9.8721
3.8933,-2.6531,-9.5021
-3.6508,2.7231,-10.862
-2.4324,-3.223,-9.7751
4.3155,-8.7618,-9.4121
3.8523,2.8383,-9.9071
9.1853,-2.1892,-10.768
9.4533,3.2675,-4.511
2.2698,9.9561,-4.383
3.4224,-2.8426,-2.594
-3.2159,3.1961,-2.232
-2.1835,-10.086,2.966
4.2773,8.445,3.014
3.8933,-2.6531,3.384
-3.6508,2.7231,2.024
-3.5737,-3.5652,-3.396
-9.4915,3.2039,-3.813
3.4853,2.6467,-4.21
-1.3902,9.2716,-3.466
-2.4324,-3.223,3.111
4.3155,-8.7618,3.474
3.8523,2.8383,2.979
9.1853,-2.1892,2.118
9.4533,3.2675,8.3751
2.2698,9.9561,8.5031
3.4224,-2.8426,10.292
-3.2159,3.1961,10.654
-3.5737,-3.5652,9.4901
-9.4915,3.2039,9.0731
3.4853,2.6467,8.6761
-1.3902,9.2716,9.4201
-9.0437,10.284,-9.6785
-8.6216,4.1753,-9.5885
-3.7517,10.748,-10.944
-9.5146,10.094,-2.7704
-9.0437,10.284,3.2076
-8.6216,4.1753,3.2976
-3.7517,10.748,1.9416
-9.5146,10.094,10.116
10.979,2.635,-9.7476
10.73,9.4982,-9.6026
10.979,2.635,3.1386
9.5891,9.156,-3.2234
10.73,9.4982,3.2836
9.5891,9.156,9.6627
0.37169,-13.273,-10.706
-0.12117,-13.28,-3.9702
0.37169,-13.273,2.1798
-0.12117,-13.28,8.9159
-9.7914,-11.941,-13.082
-10.052,-13.145,-7.5507
-2.9331,-12.931,-13.713
-9.5184,-7.087,-12.414
-3.3291,-12.364,-7.6497
-9.7086,-6.4881,-7.7317
-13.527,-9.5611,-13.496
-11.989,-3.1951,-13.985
-13.062,-3.5331,-7.7347
-6.7402,-12.465,-10.232
-13.889,-5.9266,-10.954
-13.828,-12.144,-10.028
-12.565,-0.33623,-10.883
-5.729,-6.8119,-10.902
-9.7914,-11.941,-0.19555
-10.052,-13.145,5.3354
-2.9331,-12.931,-0.82655
-9.5184,-7.087,0.47245
-3.3291,-12.364,5.2364
-9.7086,-6.4881,5.1544
-13.527,-9.5611,-0.60955
-12.246,-9.8949,-6.6076
-6.1116,-9.4247,-1.6846
-11.989,-3.1951,-1.0986
-7.1652,-9.552,-6.8536
-13.062,-3.5331,5.1514
-7.7917,-13.055,-3.8606
-12.479,-6.0596,-4.1336
-6.7402,-12.465,2.6544
-13.889,-5.9266,1.9324
-12.16,-12.502,-3.6376
-13.058,-0.3426,-4.1466
-13.828,-12.144,2.8584
-12.565,-0.33623,2.0034
-5.729,-6.8119,1.9844
-9.7914,-11.941,12.691
-2.9331,-12.931,12.06
-9.5184,-7.087,13.359
-13.527,-9.5611,12.277
-12.246,-9.8949,6.2786
-6.1116,-9.4247,11.202
-11.989,-3.1951,11.788
-7.1652,-9.552,6.0326
-7.7917,-13.055,9.0256
-12.479,-6.0596,8.7526
-12.16,-12.502,9.2486
-13.058,-0.3426,8.7396
3.0694,-11.99,-13.539
10.123,-6.1615,-14.01
3.1995,-12.614,-7.0968
9.9389,-13.31,-13.707
9.8859,-13.206,-6.8088
12.573,-9.777,-13.147
7.2646,-9.1215,-13.091
14.111,-3.4109,-13.636
7.2667,-9.8632,-7.3398
13.037,-3.7489,-7.3858
7.0709,-13.067,-10.408
12.211,-6.1424,-10.605
12.272,-12.36,-9.6788
13.535,-0.55206,-10.534
3.0694,-11.99,-0.65264
10.123,-6.1615,-1.1236
3.1995,-12.614,5.7894
10.405,-6.5809,-5.6586
9.9389,-13.31,-0.82064
9.8859,-13.206,6.0774
12.573,-9.777,-0.26064
13.854,-10.111,-6.2586
7.2646,-9.1215,-0.20464
14.111,-3.4109,-0.74964
7.2667,-9.8632,5.5464
13.037,-3.7489,5.5004
7.0688,-12.924,-3.8136
13.621,-6.2754,-3.7846
7.0709,-13.067,2.4784
12.211,-6.1424,2.2814
13.94,-12.718,-3.2886
13.042,-0.55843,-3.7976
12.272,-12.36,3.2074
13.535,-0.55206,2.3524
3.0694,-11.99,12.233
10.123,-6.1615,11.762
10.405,-6.5809,7.2275
9.9389,-13.31,12.065
12.573,-9.777,12.625
13.854,-10.111,6.6275
7.2646,-9.1215,12.681
14.111,-3.4109,12.136
7.0688,-12.924,9.0725
13.621,-6.2754,9.1015
13.94,-12.718,9.5975
13.042,-0.55843,9.0885
-3.0222,-6.3866,-14.067
-9.8677,0.94682,-13.715
3.3715,0.78065,-12.909
-2.8143,6.7755,-14.186
-9.7376,0.32315,-7.2731
3.1113,-0.42426,-7.3781
3.5758,-6.0309,-13.892
-2.9981,-0.37335,-13.883
10.23,-0.21001,-13.54
3.6444,5.6342,-12.241
3.7272,-6.0394,-7.5991
-3.0512,-0.26941,-6.9851
9.8337,0.35709,-7.4771
3.4542,6.2331,-7.5591
-0.12587,-9.3918,-12.813
-7.2394,-3.2555,-13.08
5.9758,-2.6283,-13.08
-0.36416,3.1601,-13.323
0.019799,-10.031,-7.3761
-5.6576,-3.648,-7.9371
7.1326,-3.0342,-7.2231
0.19304,-3.0766,-13.612
-5.6724,3.8155,-13.267
7.0513,3.2965,-14.398
1.1738,9.5261,-13.812
-5.6703,3.0738,-7.5161
0.10041,9.1881,-7.5621
-0.51619,-6.1872,-10.496
-5.8662,-0.13011,-10.584
6.4227,0.25668,-10.059
-0.7262,6.7946,-10.781
7.1552,-5.5982,-10.677
-0.66468,0.577,-9.8551
0.59751,12.385,-10.71
7.4338,5.9093,-10.729
-3.0222,-6.3866,-1.181
-9.8677,0.94682,-0.829
3.3715,0.78065,-0.023
-2.8143,6.7755,-1.3
-3.2074,-6.2819,-5.659
-9.7376,0.32315,5.613
3.1113,-0.42426,5.508
-2.5321,6.3562,-5.835
3.5758,-6.0309,-1.006
-2.9981,-0.37335,-0.997
10.23,-0.21001,-0.654
3.6444,5.6342,0.645
3.7272,-6.0394,5.287
-3.0512,-0.26941,5.901
9.8337,0.35709,5.409
3.4542,6.2331,5.327
-0.12587,-9.3918,0.073
-7.2394,-3.2555,-0.194
5.9758,-2.6283,-0.194
-0.36416,3.1601,-0.437
0.019799,-10.031,5.51
-5.6576,-3.648,4.949
7.1326,-3.0342,5.663
0.91712,2.8263,-6.435
0.19304,-3.0766,-0.726
-5.6724,3.8155,-0.381
7.0513,3.2965,-1.512
1.1738,9.5261,-0.926
0.40234,-3.5235,-6.76
-5.6703,3.0738,5.37
5.9977,3.1693,-6.681
0.10041,9.1881,5.324
0.70004,-7.3143,-4.19
-5.8683,0.013435,-3.99
5.3712,-0.33375,-3.688
0.68377,6.6617,-3.961
-0.51619,-6.1872,2.39
-5.8662,-0.13011,2.302
6.4227,0.25668,2.827
-0.7262,6.7946,2.105
6.4205,-6.132,-4.24
1.0027,0.2192,-3.465
0.10465,12.379,-3.974
-6.8243,-5.0664,-4.139
7.1552,-5.5982,2.209
-0.66468,0.577,3.031
0.59751,12.385,2.176
7.4338,5.9093,2.157
-3.0222,-6.3866,11.705
-9.8677,0.94682,12.057
3.3715,0.78065,12.863
-2.8143,6.7755,11.586
-3.2074,-6.2819,7.2271
-2.5321,6.3562,7.0511
3.5758,-6.0309,11.88
-2.9981,-0.37335,11.889
10.23,-0.21001,12.232
3.6444,5.6342,13.531
-0.12587,-9.3918,12.959
-7.2394,-3.2555,12.692
5.9758,-2.6283,12.692
-0.36416,3.1601,12.449
0.91712,2.8263,6.4511
0.19304,-3.0766,12.16
-5.6724,3.8155,12.505
7.0513,3.2965,11.374
1.1738,9.5261,11.96
0.40234,-3.5235,6.1261
5.9977,3.1693,6.2051
0.70004,-7.3143,8.6961
-5.8683,0.013435,8.8961
5.3712,-0.33375,9.1981
0.68377,6.6617,8.9251
6.4205,-6.132,8.6461
1.0027,0.2192,9.4211
0.10465,12.379,8.9121
-6.8243,-5.0664,8.7471
-9.5656,13.718,-13.085
-9.8258,12.513,-7.5545
-9.3612,6.9061,-14.068
-2.7073,12.727,-13.716
-9.2099,6.8976,-7.7755
-3.1033,13.294,-7.6535
-13.063,3.5452,-12.989
-6.9613,10.309,-13.256
-12.917,2.906,-7.5525
-5.8045,9.9028,-7.3995
-12.744,9.8604,-13.788
-13.453,6.7499,-10.672
-6.5144,13.194,-10.235
-5.7818,7.3389,-10.853
-13.602,13.514,-10.031
-9.5656,13.718,-0.19936
-9.8258,12.513,5.3316
-9.3612,6.9061,-1.1824
-2.7073,12.727,-0.83036
-9.2099,6.8976,5.1106
-3.1033,13.294,5.2326
-13.063,3.5452,-0.10336
-6.9613,10.309,-0.37036
-12.917,2.906,5.3336
-5.8045,9.9028,5.4866
-12.744,9.8604,-0.90236
-12.535,9.4135,-6.9364
-12.237,5.6227,-4.3664
-7.5659,12.603,-3.8644
-13.453,6.7499,2.2136
-6.5144,13.194,2.6506
-6.5165,6.805,-4.4164
-11.934,13.156,-3.6414
-5.7818,7.3389,2.0326
-13.602,13.514,2.8546
-9.5656,13.718,12.687
-9.3612,6.9061,11.704
-2.7073,12.727,12.056
-13.063,3.5452,12.783
-6.9613,10.309,12.516
-12.744,9.8604,11.984
-12.535,9.4135,5.9498
-12.237,5.6227,8.5198
-7.5659,12.603,9.0218
-6.5165,6.805,8.4698
-11.934,13.156,9.2448
10.141,6.3346,-13.895
3.2952,13.668,-13.543
3.4253,13.044,-7.1006
10.165,12.348,-13.711
10.112,12.452,-6.8126
13.037,3.3294,-12.641
5.9235,9.4657,-12.908
13.183,2.6902,-7.2036
7.5053,9.0732,-7.7646
13.356,9.6446,-13.44
12.647,6.534,-10.324
7.2967,12.591,-10.412
12.498,13.298,-9.6826
10.141,6.3346,-1.0084
3.2952,13.668,-0.65645
9.9554,6.4393,-5.4864
3.4253,13.044,5.7856
10.165,12.348,-0.82445
10.112,12.452,6.0736
13.037,3.3294,0.24555
5.9235,9.4657,-0.021449
13.183,2.6902,5.6826
7.5053,9.0732,5.1216
13.356,9.6446,-0.55345
13.565,9.1977,-6.5874
13.863,5.4069,-4.0174
7.2946,12.735,-3.8174
12.647,6.534,2.5626
7.2967,12.591,2.4746
14.166,12.94,-3.2924
6.3386,7.6548,-3.9664
12.498,13.298,3.2036
10.141,6.3346,11.878
3.2952,13.668,12.23
9.9554,6.4393,7.3997
10.165,12.348,12.062
13.037,3.3294,13.132
5.9235,9.4657,12.865
13.356,9.6446,12.333
13.565,9.1977,6.2987
13.863,5.4069,8.8687
7.2946,12.735,9.0687
14.166,12.94,9.5937
6.3386,7.6548,8.9197
0.47331,13.178,9.9573
0,0,0
0.38396,-6.0422,-0.78
-0.13011,0.0028284,6.3871
6.364,0.41719,-0.815
-0.13011,0.0028284,-6.499
0.75165,6.441,-0.813
-7.0598,-0.32527,-1.251
0.41649,6.0606,5.107
-6.1745,-0.30123,5.163
0.51619,-6.3767,5.778
6.4919,-0.034648,5.966
-6.2396,-6.4216,-0.79255
-5.6305,7.2667,-0.93236
7.3065,-5.6703,-0.756
6.9233,6.2996,-0.62
6.4919,-0.034648,-6.9201
0.51619,-6.3767,-7.1081
0.41649,6.0606,-7.7791
-6.1745,-0.30123,-7.7231
-5.0735,6.7479,5.896
-5.0735,6.7479,-6.9901
-6.381,-6.5192,6.2056
6.7819,6.202,6.3781
6.7819,6.202,-6.508
-6.381,-6.5192,-6.6806
7.8635,-6.1891,6.0724
7.8635,-6.1891,-6.8138
-0.065761,-12.162,-0.936
0,0,-12.886
0,0,12.886
-13.003,0.77551,-1.1124
13.097,0.55968,-0.76345
0.16006,13.497,-0.93981
0.38396,-6.0422,12.106
0.10819,12.615,5.095
-7.0598,-0.32527,11.635
6.364,0.41719,12.071
0.75165,6.441,12.073
6.1031,12.396,-1.0784
-12.411,-6.2802,-0.98555
-13.055,-0.10572,4.9224
-0.11763,-13.043,5.0988
13.045,-0.32155,5.2714
-6.7989,-12.304,-0.98755
-12.553,6.8948,-0.95636
5.8773,-13.262,-1.0746
0.10819,12.615,-7.7911
-6.5731,13.354,-0.99136
0.38396,-6.0422,-13.666
-6.2396,-6.4216,12.094
-5.6305,7.2667,11.954
13.045,-0.32155,-7.6148
6.364,0.41719,-13.701
13.547,6.679,-0.60745
-12.421,6.5604,5.6016
0.75165,6.441,-13.699
13.689,-6.496,-0.63664
-0.11763,-13.043,-7.7873
-12.746,-6.6606,4.9344
6.9884,12.42,5.3356
7.3065,-5.6703,12.13
-13.055,-0.10572,-7.9637
6.9233,6.2996,12.266
-6.6709,-12.756,5.7934
-6.4451,12.902,5.7896
6.7626,-13.238,5.3394
-7.0598,-0.32527,-14.137
-12.421,6.5604,-7.2845
13.354,-6.8764,5.2834
-6.6709,-12.756,-7.0927
-6.4451,12.902,-7.0965
6.9884,12.42,-7.5506
13.679,6.3445,5.9506
-6.2396,-6.4216,-13.679
6.9233,6.2996,-13.506
-12.746,-6.6606,-7.9517
7.3065,-5.6703,-13.642
-5.6305,7.2667,-13.818
13.679,6.3445,-6.9356
6.7626,-13.238,-7.5468
13.354,-6.8764,-7.6028
-0.065761,-12.162,11.95
-13.003,0.77551,11.774
13.097,0.55968,12.123
0.16006,13.497,11.946
6.1031,12.396,11.808
12.937,-12.937,0.17636
-12.937,12.937,-0.17636
-12.411,-6.2802,11.901
-13.163,-12.721,-0.17255
13.163,12.721,0.17255
-0.065761,-12.162,-13.822
-6.7989,-12.304,11.899
-12.553,6.8948,11.93
5.8773,-13.262,11.811
13.097,0.55968,-13.65
-6.5731,13.354,11.895
-13.003,0.77551,-13.998
12.807,-12.934,-6.3226
13.033,12.724,-6.3264
0.16006,13.497,-13.826
12.807,-12.934,6.5635
13.033,12.724,6.5597
-13.067,12.94,6.2108
-13.293,-12.718,6.2146
13.547,6.679,12.279
13.689,-6.496,12.249
-13.067,12.94,-6.6754
-13.293,-12.718,-6.6716
-12.411,-6.2802,-13.872
6.1031,12.396,-13.965
-6.7989,-12.304,-13.874
-12.553,6.8948,-13.842
5.8773,-13.262,-13.961
13.547,6.679,-13.494
13.689,-6.496,-13.523
-6.5731,13.354,-13.877
12.937,-12.937,-12.71
-12.937,12.937,12.71
-13.163,-12.721,12.714
13.163,12.721,-12.714
12.937,-12.937,13.062
-12.937,12.937,-13.062
-13.163,-12.721,-13.059
13.163,12.721,13.059
