-9.2491,-9.1419,-8.5724
-3.6226,-8.765,-8.5644
-9.312,-8.3478,-3.1548
-9.2491,-9.1419,2.9372
-3.6877,-8.2644,-2.2938
-3.6226,-8.765,2.9452
-9.312,-8.3478,8.3549
-3.6877,-8.2644,9.2159
8.2531,-8.8924,-8.378
8.6328,-8.7446,-2.7054
8.2531,-8.8924,3.1316
8.6328,-8.7446,8.8043
3.1042,-8.7469,-8.6397
-2.9416,-2.4084,-8.7157
8.6988,-2.2104,-8.7397
2.7747,2.1595,-8.3447
2.9479,-2.3554,-8.4567
-3.4019,2.7627,-8.6027
8.4011,2.5364,-8.3367
-8.9237,-2.6488,-8.6727
2.7754,-8.6458,-2.973
-3.4075,-3.136,-2.848
8.8226,-2.8659,-2.966
2.7118,2.9536,-2.927
3.1042,-8.7469,2.87
-2.9416,-2.4084,2.794
8.6988,-2.2104,2.77
2.7747,2.1595,3.165
3.2654,-2.762,-2.701
-3.0222,2.9105,-2.93
8.3361,3.037,-2.066
-9.0184,-2.7987,-2.998
2.9479,-2.3554,3.053
-3.4019,2.7627,2.907
8.4011,2.5364,3.173
-8.9237,-2.6488,2.837
2.7754,-8.6458,8.5367
-3.4075,-3.136,8.6617
8.8226,-2.8659,8.5437
2.7118,2.9536,8.5827
3.2654,-2.762,8.8087
-3.0222,2.9105,8.5797
8.3361,3.037,9.4437
-9.0184,-2.7987,8.5117
-8.5508,2.9081,-8.8643
-2.9562,9.4446,-8.9643
-8.7071,9.2996,-8.6813
-8.8796,3.0092,-3.1976
-2.8324,8.7891,-3.1906
-8.5508,2.9081,2.6454
-2.9562,9.4446,2.5454
-8.3896,8.8931,-2.9256
-8.7071,9.2996,2.8284
-8.8796,3.0092,8.312
-2.8324,8.7891,8.319
-8.3896,8.8931,8.584
9.0822,8.893,-8.4879
3.1001,8.6526,-8.4449
8.6162,8.1654,-2.6202
9.0822,8.893,3.0218
3.0053,8.5027,-2.7702
3.1001,8.6526,3.0648
8.6162,8.1654,8.8894
3.0053,8.5027,8.7394
-2.9643,-8.5494,-7.2444
-8.2103,-8.1004,-8.8614
-9.1876,-3.4278,-2.1308
-2.9643,-8.5494,4.2652
-8.6622,-8.63,-1.8128
-8.2103,-8.1004,2.6482
-9.1876,-3.4278,9.3789
-8.6622,-8.63,9.6969
9.1915,-9.0529,-7.228
8.565,-3.4285,-7.309
8.2135,-9.0493,-1.3034
9.1915,-9.0529,4.2816
3.1379,-8.6958,-1.4834
9.4595,-3.1761,-1.6304
8.565,-3.4285,4.2006
8.2135,-9.0493,10.206
3.1379,-8.6958,10.026
9.4595,-3.1761,9.8793
9.0595,2.7521,-7.0167
-8.3757,-2.9706,-7.3247
3.7731,-2.7181,-7.2527
-2.4636,2.6022,-7.4527
-3.083,-3.387,-7.5907
2.5725,-8.5928,-7.2397
3.8134,3.2011,-8.6337
-3.0901,8.2265,-7.5337
-1.941,-8.2357,-2.455
2.8362,7.8736,-1.903
2.3745,-2.9401,-1.518
-3.4415,2.6057,-1.528
9.0595,2.7521,4.493
-8.3757,-2.9706,4.185
3.7731,-2.7181,4.257
-2.4636,2.6022,4.057
-2.5088,-2.9981,-1.657
-8.5171,2.9592,-1.708
3.3616,2.6714,-1.585
-2.1956,8.4789,-1.855
-3.083,-3.387,3.919
2.5725,-8.5928,4.27
3.8134,3.2011,2.876
-3.0901,8.2265,3.976
-1.941,-8.2357,9.0547
2.8362,7.8736,9.6067
2.3745,-2.9401,9.9917
-3.4415,2.6057,9.9817
-2.5088,-2.9981,9.8527
-8.5171,2.9592,9.8017
3.3616,2.6714,9.9247
-2.1956,8.4789,9.6547
-7.8819,8.9369,-7.4773
-9.0826,3.0623,-7.4643
-9.2806,8.7149,-1.7426
-7.8819,8.9369,4.0324
-9.0826,3.0623,4.0454
-9.2806,8.7149,9.767
3.6481,8.3309,-7.0969
8.9408,7.9144,-7.3629
10.083,3.0658,-2.2272
3.6481,8.3309,4.4128
9.5149,8.3033,-1.4292
8.9408,7.9144,4.1468
10.083,3.0658,9.2824
9.5149,8.3033,10.08
-9.114,-11.5,-11.559
-8.933,-11.675,-5.5804
-3.349,-11.628,-11.528
-9.0065,-5.6962,-10.757
-3.0895,-11.417,-5.6484
-9.0277,-5.3441,-5.8674
-12.054,-8.6307,-12.29
-5.961,-8.497,-11.314
-11.935,-3.0728,-11.114
-6.1491,-8.5593,-6.1044
-12.122,-2.9809,-6.3374
-6.4991,-11.234,-8.6274
-12.944,-6.042,-8.5334
-12.336,-10.745,-8.4504
-9.114,-11.5,-0.049752
-8.933,-11.675,5.9292
-3.349,-11.628,-0.018752
-9.0065,-5.6962,0.75225
-3.0895,-11.417,5.8612
-9.0277,-5.3441,5.6422
-12.054,-8.6307,-0.78075
-12.142,-8.6717,-5.0498
-5.961,-8.497,0.19525
-11.935,-3.0728,0.39525
-6.1491,-8.5593,5.4052
-12.122,-2.9809,5.1722
-6.1611,-10.203,-2.8848
-11.602,-5.2458,-2.8278
-6.4991,-11.234,2.8822
-12.944,-6.042,2.9762
-12.089,-12.446,-2.7858
-0.53115,-11.48,-2.7598
-6.9291,-5.4926,-2.4778
-12.336,-10.745,3.0592
-9.114,-11.5,11.46
-3.349,-11.628,11.491
-9.0065,-5.6962,12.262
-12.054,-8.6307,10.729
-12.142,-8.6717,6.4599
-5.961,-8.497,11.705
-11.935,-3.0728,11.905
-6.1611,-10.203,8.6249
-11.602,-5.2458,8.6819
-12.089,-12.446,8.7239
-0.53115,-11.48,8.7499
-6.9291,-5.4926,9.0319
-12.186,0.17469,-2.9844
-12.186,0.17469,8.5253
2.5503,-11.972,-11.174
8.7955,-6.0491,-11.396
2.7667,-11.907,-5.464
8.7099,-6.2407,-5.373
8.4766,-11.663,-11.127
8.763,-11.389,-5.201
11.625,-8.9843,-11.838
5.7705,-9.0345,-10.737
11.743,-3.4264,-10.662
5.8115,-9.241,-5.563
11.557,-3.3345,-5.885
5.6326,-11.868,-8.214
10.734,-6.3956,-8.081
11.343,-11.099,-7.998
2.5503,-11.972,0.33562
8.7955,-6.0491,0.11362
2.7667,-11.907,6.0456
8.7099,-6.2407,6.1366
8.4766,-11.663,0.38262
8.763,-11.389,6.3086
11.625,-8.9843,-0.32838
11.537,-9.0253,-4.5974
5.7705,-9.0345,0.77262
11.743,-3.4264,0.84762
5.8115,-9.241,5.9466
11.557,-3.3345,5.6246
5.2734,-11.251,-2.3104
12.076,-5.5994,-2.3754
5.6326,-11.868,3.2956
10.734,-6.3956,3.4286
5.5018,-6.4564,-2.4644
11.59,-12.799,-2.3334
11.343,-11.099,3.5116
2.5503,-11.972,11.845
8.7955,-6.0491,11.623
8.4766,-11.663,11.892
11.625,-8.9843,11.181
11.537,-9.0253,6.9123
5.7705,-9.0345,12.282
11.743,-3.4264,12.357
5.2734,-11.251,9.1993
12.076,-5.5994,9.1343
5.5018,-6.4564,9.0453
11.59,-12.799,9.1763
-2.7902,-5.5621,-11.248
-9.1047,-0.31678,-11.399
2.9097,-0.1987,-11.332
-2.8595,5.6059,-11.621
-2.7125,-6.1985,-5.3417
-8.8883,-0.25173,-5.6887
3.0908,-0.37406,-5.3527
-2.9451,5.4143,-5.5977
3.0787,-5.8605,-11.388
-3.1784,-0.0077782,-11.352
8.6748,-0.32668,-11.301
3.0172,5.6052,-10.53
3.1749,-5.7078,-5.5687
-2.8921,0.26587,-5.4257
8.9343,-0.11526,-5.4207
2.996,5.9574,-5.6397
0.38749,-8.7059,-11.807
-5.7693,-3.1332,-11.518
5.8704,-2.8454,-11.415
-0.030406,2.6707,-12.063
-5.4504,-3.1594,-5.4537
6.4375,-3.1169,-5.2997
0.35567,-2.8843,-10.569
-5.8845,2.6205,-10.962
6.0627,2.8044,-11.087
0.088388,8.2286,-10.887
-0.13647,-3.1106,-6.0337
-5.8435,2.4141,-5.7877
5.8746,2.7422,-5.8767
-0.098288,8.3205,-6.1097
0.1888,-6.8342,-8.2927
-6.0224,-0.21284,-8.4387
5.5246,0.067175,-8.3997
-0.92065,5.2595,-8.3057
6.4163,-5.0176,-8.5717
-0.31183,0.55649,-8.2227
0.2086,-10.728,-8.2707
-5.8414,-5.5699,-7.9767
-2.7902,-5.5621,0.262
-9.1047,-0.31678,0.111
2.9097,-0.1987,0.178
-2.8595,5.6059,-0.111
-2.7125,-6.1985,6.168
-8.8883,-0.25173,5.821
3.0908,-0.37406,6.157
-2.9451,5.4143,5.912
3.0787,-5.8605,0.122
-3.1784,-0.0077782,0.158
8.6748,-0.32668,0.209
3.0172,5.6052,0.98
3.1749,-5.7078,5.941
-2.8921,0.26587,6.084
8.9343,-0.11526,6.089
2.996,5.9574,5.87
0.38749,-8.7059,-0.297
-5.7693,-3.1332,-0.008
5.8704,-2.8454,0.095
-0.030406,2.6707,-0.553
-0.32527,-8.9095,-5.106
-5.4504,-3.1594,6.056
6.4375,-3.1169,6.21
-0.11809,2.6297,-4.822
0.35567,-2.8843,0.941
-5.8845,2.6205,0.548
6.0627,2.8044,0.423
0.088388,8.2286,0.623
-0.13647,-3.1106,5.476
-5.8435,2.4141,5.722
5.8746,2.7422,5.633
-0.098288,8.3205,5.4
0.018385,-5.5748,-2.689
-6.3816,0.40376,-2.535
5.8626,1.0981,-2.657
0.42144,6.0557,-2.6
0.1888,-6.8342,3.217
-6.0224,-0.21284,3.071
5.5246,0.067175,3.11
-0.92065,5.2595,3.204
-6.1532,5.1986,-2.689
-0.065054,-1.1441,-2.558
11.493,-0.1789,-2.532
5.0947,5.8089,-2.25
6.4163,-5.0176,2.938
-0.31183,0.55649,3.287
0.2086,-10.728,3.239
-5.8414,-5.5699,3.533
-2.7902,-5.5621,11.772
-9.1047,-0.31678,11.621
2.9097,-0.1987,11.688
-2.8595,5.6059,11.399
3.0787,-5.8605,11.632
-3.1784,-0.0077782,11.668
8.6748,-0.32668,11.719
3.0172,5.6052,12.49
0.38749,-8.7059,11.213
-5.7693,-3.1332,11.502
5.8704,-2.8454,11.605
-0.030406,2.6707,10.957
-0.32527,-8.9095,6.4037
-0.11809,2.6297,6.6877
0.35567,-2.8843,12.451
-5.8845,2.6205,12.058
6.0627,2.8044,11.933
0.088388,8.2286,12.133
0.018385,-5.5748,8.8207
-6.3816,0.40376,8.9747
5.8626,1.0981,8.8527
0.42144,6.0557,8.9097
-6.1532,5.1986,8.8207
-0.065054,-1.1441,8.9517
11.493,-0.1789,8.9777
5.0947,5.8089,9.2597
-8.7453,11.456,-11.556
-8.5643,11.281,-5.5773
-8.5763,5.7945,-11.612
-2.9802,11.328,-11.525
-8.4801,5.9473,-5.7933
-2.7207,11.54,-5.6453
-11.268,2.9491,-12.031
-5.7846,8.8096,-11.639
-5.2175,8.5381,-5.5243
-11.299,8.7707,-10.793
-11.791,8.5445,-6.2583
-11.466,4.8208,-8.5173
-6.1304,11.722,-8.6243
-5.2387,6.6374,-8.7963
-11.967,12.212,-8.4473
-11.446,0.9275,-8.4953
-8.7453,11.456,-0.046623
-8.5643,11.281,5.9324
-8.5763,5.7945,-0.10262
-2.9802,11.328,-0.015623
-8.4801,5.9473,5.7164
-2.7207,11.54,5.8644
-11.268,2.9491,-0.52162
-5.7846,8.8096,-0.12962
-11.98,2.7455,-5.3306
-5.2175,8.5381,5.9854
-11.299,8.7707,0.71638
-11.791,8.5445,5.2514
-11.637,6.0802,-2.9136
-5.7924,12.753,-2.8816
-11.466,4.8208,2.9924
-6.1304,11.722,2.8854
-11.72,10.511,-2.7826
-0.16241,11.476,-2.7566
-5.2387,6.6374,2.7134
-11.967,12.212,3.0624
-11.446,0.9275,3.0144
-8.7453,11.456,11.463
-8.5763,5.7945,11.407
-2.9802,11.328,11.494
-11.268,2.9491,10.988
-5.7846,8.8096,11.38
-11.98,2.7455,6.179
-11.299,8.7707,12.226
-11.637,6.0802,8.596
-5.7924,12.753,8.628
-11.72,10.511,8.727
-0.16241,11.476,8.753
9.2335,5.7393,-11.02
2.9191,10.985,-11.171
9.3113,5.1029,-5.1139
3.1354,11.05,-5.4609
8.8453,11.294,-11.124
9.1317,11.567,-5.1979
12.411,2.5955,-11.579
6.2545,8.1682,-11.29
6.5734,8.1421,-5.2259
12.379,8.4171,-10.341
11.887,8.1909,-5.8059
12.213,4.4672,-8.0649
6.0013,11.089,-8.2109
11.712,11.858,-7.9949
12.232,0.57392,-8.0429
6.1823,5.7316,-7.7489
9.2335,5.7393,0.48975
2.9191,10.985,0.33875
9.3113,5.1029,6.3958
3.1354,11.05,6.0488
8.8453,11.294,0.38575
9.1317,11.567,6.3118
12.411,2.5955,-0.069248
6.2545,8.1682,0.21975
11.698,2.3919,-4.8782
6.5734,8.1421,6.2838
12.379,8.4171,1.1688
11.887,8.1909,5.7038
12.042,5.7266,-2.4612
5.6421,11.705,-2.3072
12.213,4.4672,3.4448
6.0013,11.089,3.2988
11.959,10.157,-2.3302
11.712,11.858,3.5148
12.232,0.57392,3.4668
6.1823,5.7316,3.7608
9.2335,5.7393,11.999
2.9191,10.985,11.848
8.8453,11.294,11.895
12.411,2.5955,11.44
6.2545,8.1682,11.729
11.698,2.3919,6.6314
12.379,8.4171,12.678
12.042,5.7266,9.0484
5.6421,11.705,9.2024
11.959,10.157,9.1794
0.57733,12.229,-8.2675
0.57733,12.229,3.2421
0,0,0
0.047376,0.060104,-5.4617
0.0042426,5.6229,0.612
0.19304,-5.7905,0.682
0.047376,0.060104,6.048
-6.0903,-0.17183,0.481
6.1448,-0.11172,0.419
0.26092,5.4751,-5.5347
0.40588,-5.6781,-5.4447
5.9708,-0.06364,-5.2297
-5.7474,5.5975,0.259
-6.2303,-0.25102,-5.142
-5.6979,-5.7346,0.549
0.26092,5.4751,5.975
0.40588,-5.6781,6.065
6.3259,5.5668,0.77675
5.9077,-6.0576,0.48362
5.9708,-0.06364,6.28
-6.2303,-0.25102,6.3677
5.7,5.519,-5.147
-5.7601,5.408,-5.5287
-5.7601,5.408,5.981
5.8949,-6.2471,-5.304
-6.3238,-5.7825,-5.3748
5.7,5.519,6.3627
-6.3238,-5.7825,6.1349
5.8949,-6.2471,6.2056
0.17819,-11.474,0.206
-11.477,0.18151,-0.018623
0.54693,11.483,0.20913
0,0,-11.51
0,0,11.51
12.202,-0.17208,0.43375
0.0042426,5.6229,-10.898
0.19304,-5.7905,-10.828
-6.0903,-0.17183,-11.029
5.9334,11.13,0.70875
-0.16063,-11.363,5.5292
6.1448,-0.11172,-11.091
-5.5103,11.543,0.19438
-5.879,-11.413,0.19125
-0.16063,-11.363,-5.9804
0.20811,11.594,5.5324
-11.462,5.8645,0.45738
-11.816,0.29207,5.3046
0.20811,11.594,-5.9773
5.5647,-11.827,0.70562
11.659,-6.0321,0.83662
11.863,-0.061518,-5.7527
11.863,-0.061518,5.757
-12.02,-5.6785,0.38425
-11.816,0.29207,-6.205
0.0042426,5.6229,12.122
5.7934,11.05,-4.9142
6.1448,-0.11172,11.929
12.217,5.5109,0.90975
-6.0903,-0.17183,11.991
0.19304,-5.7905,12.192
-5.6979,-5.7346,-10.961
6.3259,5.5668,-10.733
-5.7474,5.5975,-11.251
5.9077,-6.0576,-11.026
-11.249,5.977,-5.6693
5.4247,-11.906,-4.9174
-6.0529,-11.365,-5.4574
-11.249,5.977,5.8404
-5.6842,11.591,-5.4543
5.7934,11.05,6.5954
-6.0529,-11.365,6.0522
-5.7474,5.5975,11.769
-5.6842,11.591,6.0554
-11.763,-5.8263,5.7472
-11.763,-5.8263,-5.7624
11.916,-6.1799,-5.31
-5.6979,-5.7346,12.059
12.43,5.6234,-5.2169
5.4247,-11.906,6.5923
5.9077,-6.0576,11.993
11.916,-6.1799,6.1996
6.3259,5.5668,12.286
12.43,5.6234,6.2928
0.17819,-11.474,-11.304
0.54693,11.483,-11.301
-11.477,0.18151,11.491
-11.477,0.18151,-11.528
0.17819,-11.474,11.716
0.54693,11.483,11.719
12.202,-0.17208,-11.076
11.655,-11.655,0.22462
-11.655,11.655,-0.22462
-12.024,-11.301,-0.22775
12.024,11.301,0.22775
5.9334,11.13,-10.801
11.659,-6.0321,-10.673
5.5647,-11.827,-10.804
-11.462,5.8645,-11.052
12.202,-0.17208,11.943
-5.5103,11.543,-11.315
12.217,5.5109,-10.6
-5.879,-11.413,-11.318
11.702,-11.595,-5.237
-12.02,-5.6785,-11.125
-5.5103,11.543,11.704
-5.879,-11.413,11.701
-11.976,-11.241,-5.6894
12.071,11.362,-5.2339
-11.976,-11.241,5.8202
-11.608,11.715,-5.6863
-11.608,11.715,5.8234
5.9334,11.13,12.218
-11.462,5.8645,11.967
11.702,-11.595,6.2726
12.071,11.362,6.2758
-12.02,-5.6785,11.894
5.5647,-11.827,12.215
11.659,-6.0321,12.346
12.217,5.5109,12.419
11.655,-11.655,-11.285
-11.655,11.655,11.285
-12.024,-11.301,11.282
12.024,11.301,-11.282
11.655,-11.655,11.734
-11.655,11.655,-11.734
-12.024,-11.301,-11.737
12.024,11.301,11.737
