1.9138,-8.4608,-9.1828
1.7533,-8.4629,-3.4281
1.9138,-8.4608,2.3269
1.7533,-8.4629,8.0815
-3.3928,-8.2312,-9.4544
-9.399,-2.5885,-9.4554
-9.5609,-8.2856,-9.4074
-3.7329,-2.4506,-9.4074
-9.7412,3.1943,-9.4074
-3.5505,-8.2361,-3.7008
-9.5595,-2.5892,-3.7008
-3.3928,-8.2312,2.0552
-9.399,-2.5885,2.0542
-9.7193,-8.2842,-3.6528
-3.892,-2.4527,-3.6528
-9.9017,3.1921,-3.6528
-9.5609,-8.2856,2.1022
-3.7329,-2.4506,2.1022
-9.7412,3.1943,2.1022
-3.5505,-8.2361,7.8089
-9.5595,-2.5892,7.8089
-9.7193,-8.2842,7.8569
-3.892,-2.4527,7.8569
-9.9017,3.1921,7.8569
8.449,-8.7729,-9.003
8.1053,-2.9901,-8.955
8.2864,-8.7729,-3.2474
8.449,-8.7729,2.5066
7.9477,-2.9908,-3.2004
8.1053,-2.9901,2.5546
8.2864,-8.7729,8.2623
7.9477,-2.9908,8.3093
2.8008,-2.7627,-9.2297
-3.206,2.8822,-9.2277
8.6309,3.0703,-9.2267
2.6248,8.713,-9.2277
2.4629,3.0158,-9.1797
-3.5497,8.6649,-9.1797
8.2908,8.8509,-9.1797
2.6368,-2.7598,-3.473
-3.3687,2.8822,-3.472
8.4733,3.0653,-3.473
2.4643,8.7123,-3.473
2.8008,-2.7627,2.28
-3.206,2.8822,2.282
8.6309,3.0703,2.283
2.6248,8.713,2.282
2.3045,3.0172,-3.425
-3.7074,8.6642,-3.425
8.1317,8.8487,-3.425
2.4629,3.0158,2.33
-3.5497,8.6649,2.33
8.2908,8.8509,2.33
2.6368,-2.7598,8.0367
-3.3687,2.8822,8.0377
8.4733,3.0653,8.0367
2.4643,8.7123,8.0367
2.3045,3.0172,8.0847
-3.7074,8.6642,8.0847
8.1317,8.8487,8.0847
-8.8542,8.8924,-9.4543
-9.0182,8.8952,-3.6976
-8.8542,8.8924,2.0554
-9.0182,8.8952,7.812
-3.1979,-8.6793,-7.8458
-3.3563,-8.6793,-2.0911
-3.1979,-8.6793,3.6639
-3.3563,-8.6793,9.4185
-8.7689,-8.2757,-8.1394
-8.8439,-2.6712,-8.0714
-8.9288,-8.2771,-2.3828
-8.7689,-8.2757,3.3702
-9.0037,-2.6712,-2.3158
-8.8439,-2.6712,3.4382
-8.9288,-8.2771,9.1269
-9.0037,-2.6712,9.1939
3.07,-8.8132,-7.689
8.9008,-2.9824,-7.689
9.0041,-8.8556,-7.618
2.9951,-3.2086,-7.621
8.8259,2.6222,-7.618
2.9095,-8.8139,-1.9344
8.741,-2.9838,-1.9334
3.07,-8.8132,3.8206
8.9008,-2.9824,3.8206
8.8436,-8.8577,-1.8644
2.8353,-3.2086,-1.8664
8.6675,2.6222,-1.8634
9.0041,-8.8556,3.8916
2.9951,-3.2086,3.8886
8.8259,2.6222,3.8916
2.9095,-8.8139,9.5753
8.741,-2.9838,9.5763
8.8436,-8.8577,9.6453
2.8353,-3.2086,9.6433
8.6675,2.6222,9.6463
-2.5774,-2.8051,-7.9127
-8.585,2.8419,-7.9137
3.2548,3.0257,-7.9117
-2.7542,8.6727,-7.9137
-2.6509,2.7994,-7.8427
-8.6599,8.4464,-7.8457
3.1799,8.6302,-7.8437
-2.7379,-2.8058,-2.158
-8.7455,2.8412,-2.159
3.095,3.0243,-2.155
-2.914,8.6713,-2.158
-2.5774,-2.8051,3.597
-8.585,2.8419,3.596
3.2548,3.0257,3.598
-2.7542,8.6727,3.596
-2.8115,2.7973,-2.089
-8.8197,8.4464,-2.091
3.0201,8.6302,-2.088
-2.6509,2.7994,3.667
-8.6599,8.4464,3.664
3.1799,8.6302,3.666
-2.7379,-2.8058,9.3517
-8.7455,2.8412,9.3507
3.095,3.0243,9.3547
-2.914,8.6713,9.3517
-2.8115,2.7973,9.4207
-8.8197,8.4464,9.4187
3.0201,8.6302,9.4217
9.4464,8.4963,-7.6849
9.2858,8.4956,-1.9302
9.4464,8.4963,3.8248
9.2858,8.4956,9.5794
-3.6561,-11.519,-11.927
-3.4977,-11.518,-6.1698
2.2773,-11.404,-12.125
2.4371,-11.404,-6.3718
-0.57168,-8.5888,-11.896
-0.41187,-8.5888,-6.1448
-1.1367,-11.496,-8.8518
4.8172,-11.077,-9.2128
-3.6561,-11.519,-0.41713
-3.4977,-11.518,5.3399
2.2773,-11.404,-0.61513
2.4371,-11.404,5.1379
-0.57168,-8.5888,-0.38613
-0.41187,-8.5888,5.3649
-1.288,-11.496,-3.0971
-1.1367,-11.496,2.6579
4.656,-11.081,-3.4591
4.8172,-11.077,2.2969
-3.6561,-11.519,11.093
2.2773,-11.404,10.895
-0.57168,-8.5888,11.124
-1.288,-11.496,8.4125
4.656,-11.081,8.0505
-9.3049,-5.5109,-12.151
-9.1458,-5.5102,-6.3974
-9.201,-11.229,-12.349
-3.3716,-5.3971,-12.35
-9.3778,0.25128,-12.349
-9.0412,-11.228,-6.5964
-3.2118,-5.3957,-6.5984
-9.218,0.25128,-6.5964
-6.0982,-8.2793,-12.185
-12.104,-2.6316,-12.182
-5.9384,-8.2793,-6.4264
-11.945,-2.6309,-6.4304
-12.049,-8.4129,-12.122
-6.2177,-2.5821,-12.118
-12.227,3.0663,-12.12
-11.889,-8.4122,-6.3674
-6.0572,-2.5828,-6.3704
-12.067,3.0663,-6.3694
-12.61,-11.321,-9.0764
-6.7827,-5.489,-9.0784
-12.792,0.15935,-9.0764
-6.6681,-10.913,-9.4394
-12.675,-5.2564,-9.4374
-0.83026,-5.0633,-9.4384
-6.8378,0.57796,-9.4374
-9.3049,-5.5109,-0.64175
-9.1458,-5.5102,5.1122
-9.201,-11.229,-0.83975
-3.3716,-5.3971,-0.84075
-9.3778,0.25128,-0.83975
-9.0412,-11.228,4.9132
-3.2118,-5.3957,4.9112
-9.218,0.25128,4.9132
-6.0982,-8.2793,-0.67575
-12.104,-2.6316,-0.67275
-5.9384,-8.2793,5.0832
-11.945,-2.6309,5.0792
-12.049,-8.4129,-0.61275
-6.2177,-2.5821,-0.60875
-12.227,3.0663,-0.61075
-11.889,-8.4122,5.1422
-6.0572,-2.5828,5.1392
-12.067,3.0663,5.1402
-12.773,-11.318,-3.3218
-6.9418,-5.4756,-3.3228
-12.943,0.15935,-3.3218
-12.61,-11.321,2.4332
-6.7827,-5.489,2.4312
-12.792,0.15935,2.4332
-6.8322,-10.914,-3.6838
-12.83,-5.2543,-3.6818
-0.99431,-5.0747,-3.6838
-6.9991,0.57372,-3.6838
-6.6681,-10.913,2.0702
-12.675,-5.2564,2.0722
-0.83026,-5.0633,2.0712
-6.8378,0.57796,2.0722
-9.3049,-5.5109,10.868
-9.201,-11.229,10.67
-3.3716,-5.3971,10.669
-9.3778,0.25128,10.67
-6.0982,-8.2793,10.834
-12.104,-2.6316,10.837
-12.049,-8.4129,10.897
-6.2177,-2.5821,10.901
-12.227,3.0663,10.899
-12.773,-11.318,8.1879
-6.9418,-5.4756,8.1869
-12.943,0.15935,8.1879
-6.8322,-10.914,7.8259
-12.83,-5.2543,7.8279
-0.99431,-5.0747,7.8259
-6.9991,0.57372,7.8259
-12.485,6.5917,-9.663
-12.649,6.5804,-3.9084
-12.485,6.5917,1.8466
-12.649,6.5804,7.6013
8.543,-11.695,-11.698
2.5341,-6.047,-11.699
8.3677,-0.21757,-11.699
8.7029,-11.694,-5.943
2.6939,-6.047,-5.945
8.5261,-0.21615,-5.942
8.4688,-5.9345,-11.899
8.6279,-5.9324,-6.142
5.7436,-8.8167,-11.733
11.575,-2.9852,-11.73
5.9034,-8.8167,-5.977
11.734,-2.9845,-5.978
11.63,-8.7665,-11.67
5.6227,-3.1209,-11.674
11.452,2.7127,-11.668
11.789,-8.7658,-5.915
5.7811,-3.1209,-5.916
11.612,2.7127,-5.917
11.069,-11.674,-8.624
5.0605,-6.0279,-8.624
10.887,-0.19423,-8.624
11.004,-5.61,-8.985
8.543,-11.695,-0.18838
2.5341,-6.047,-0.18938
8.3677,-0.21757,-0.18938
8.7029,-11.694,5.5666
2.6939,-6.047,5.5646
8.5261,-0.21615,5.5676
8.4688,-5.9345,-0.38938
8.6279,-5.9324,5.3676
5.7436,-8.8167,-0.22338
11.575,-2.9852,-0.22038
5.9034,-8.8167,5.5326
11.734,-2.9845,5.5316
11.63,-8.7665,-0.16038
5.6227,-3.1209,-0.16438
11.452,2.7127,-0.15838
11.789,-8.7658,5.5946
5.7811,-3.1209,5.5936
11.612,2.7127,5.5926
10.906,-11.671,-2.8694
4.8951,-6.0279,-2.8694
10.736,-0.19423,-2.8694
11.069,-11.674,2.8856
5.0605,-6.0279,2.8856
10.887,-0.19423,2.8856
10.849,-5.6078,-3.2294
11.004,-5.61,2.5246
8.543,-11.695,11.321
2.5341,-6.047,11.32
8.3677,-0.21757,11.32
8.4688,-5.9345,11.12
5.7436,-8.8167,11.286
11.575,-2.9852,11.289
11.63,-8.7665,11.349
5.6227,-3.1209,11.345
11.452,2.7127,11.351
10.906,-11.671,8.6403
4.8951,-6.0279,8.6403
10.736,-0.19423,8.6403
10.849,-5.6078,8.2803
-3.112,-0.040305,-11.923
-9.121,5.6081,-11.924
2.7188,5.7905,-11.924
-3.2873,11.437,-11.924
-2.9522,-0.038891,-6.1677
-8.9612,5.6081,-6.1697
2.8779,5.7912,-6.1697
-3.1289,11.439,-6.1667
2.8228,0.072125,-12.122
-3.1862,5.7205,-12.124
8.6522,5.9043,-12.123
2.646,11.553,-12.122
2.9826,0.073539,-6.3687
-3.0271,5.7226,-6.3667
8.812,5.9058,-6.3707
2.8058,11.553,-6.3687
0.096167,-2.8086,-11.962
-5.9114,2.8383,-11.958
5.9256,3.0222,-11.958
-0.079903,8.6698,-11.955
0.25527,-2.8079,-6.1997
-5.7516,2.8383,-6.2017
6.0854,3.0222,-6.1987
0.079196,8.6705,-6.2027
-0.024749,2.8885,-11.895
-6.0323,8.5341,-11.899
5.8061,8.7193,-11.891
0.13435,2.8892,-6.1397
-5.8739,8.5341,-6.1407
5.9666,8.7186,-6.1427
-0.58619,-0.019092,-8.8487
-6.5945,5.6272,-8.8487
5.2411,5.8124,-8.8507
-0.76792,11.461,-8.8487
5.3556,0.38891,-9.2117
-0.65125,6.0451,-9.2097
11.194,6.2381,-9.2107
5.1859,11.879,-9.2097
-3.112,-0.040305,-0.413
-9.121,5.6081,-0.414
2.7188,5.7905,-0.414
-3.2873,11.437,-0.414
-2.9522,-0.038891,5.342
-8.9612,5.6081,5.34
2.8779,5.7912,5.34
-3.1289,11.439,5.343
2.8228,0.072125,-0.612
-3.1862,5.7205,-0.614
8.6522,5.9043,-0.613
2.646,11.553,-0.612
2.9826,0.073539,5.141
-3.0271,5.7226,5.143
8.812,5.9058,5.139
2.8058,11.553,5.141
0.096167,-2.8086,-0.452
-5.9114,2.8383,-0.448
5.9256,3.0222,-0.448
-0.079903,8.6698,-0.445
0.25527,-2.8079,5.31
-5.7516,2.8383,5.308
6.0854,3.0222,5.311
0.079196,8.6705,5.307
-0.024749,2.8885,-0.385
-6.0323,8.5341,-0.389
5.8061,8.7193,-0.381
0.13435,2.8892,5.37
-5.8739,8.5341,5.369
5.9666,8.7186,5.367
-0.74883,-0.016263,-3.094
-6.7599,5.6272,-3.094
5.082,5.8259,-3.095
-0.91924,11.461,-3.094
-0.58619,-0.019092,2.661
-6.5945,5.6272,2.661
5.2411,5.8124,2.659
-0.76792,11.461,2.661
5.1916,0.38749,-3.456
-0.8061,6.0472,-3.454
11.029,6.2268,-3.456
5.0247,11.875,-3.456
5.3556,0.38891,2.298
-0.65125,6.0451,2.3
11.194,6.2381,2.299
5.1859,11.879,2.3
-3.112,-0.040305,11.097
-9.121,5.6081,11.096
2.7188,5.7905,11.096
-3.2873,11.437,11.096
2.8228,0.072125,10.898
-3.1862,5.7205,10.896
8.6522,5.9043,10.897
2.646,11.553,10.898
0.096167,-2.8086,11.058
-5.9114,2.8383,11.062
5.9256,3.0222,11.062
-0.079903,8.6698,11.065
-0.024749,2.8885,11.125
-6.0323,8.5341,11.121
5.8061,8.7193,11.129
-0.74883,-0.016263,8.4157
-6.7599,5.6272,8.4157
5.082,5.8259,8.4147
-0.91924,11.461,8.4157
5.1916,0.38749,8.0537
-0.8061,6.0472,8.0557
11.029,6.2268,8.0537
5.0247,11.875,8.0537
-8.8323,11.727,-12.346
-8.6724,11.729,-6.5933
-11.559,8.8464,-12.186
-11.4,8.8471,-6.4243
-12.241,11.636,-9.0733
-6.2994,12.044,-9.4363
-8.8323,11.727,-0.83662
-8.6724,11.729,4.9164
-11.559,8.8464,-0.67662
-11.4,8.8471,5.0854
-12.404,11.639,-3.3186
-12.241,11.636,2.4364
-6.4634,12.043,-3.6806
-6.2994,12.044,2.0734
-8.8323,11.727,10.673
-11.559,8.8464,10.833
-12.404,11.639,8.191
-6.4634,12.043,7.829
8.9118,11.261,-11.695
9.0716,11.263,-5.9399
12.12,8.4928,-11.734
12.279,8.4935,-5.9719
11.438,11.282,-8.6209
8.9118,11.261,-0.18525
9.0716,11.263,5.5698
12.12,8.4928,-0.22425
12.279,8.4935,5.5378
11.275,11.285,-2.8662
11.438,11.282,2.8888
8.9118,11.261,11.324
12.12,8.4928,11.285
11.275,11.285,8.6434
0,0,0
0.036062,-5.683,-0.364
-0.15981,-0.0014142,-5.754
-0.15981,-0.0014142,5.7557
-0.14142,5.794,-0.363
5.8683,0.14354,-0.364
-5.9708,-0.03677,-0.363
0.19375,-5.6837,5.39
0.017678,5.7947,5.391
-5.8103,-0.036062,5.391
6.0281,0.14496,5.392
5.8287,5.8315,-0.002
-6.0097,5.6462,-0.001
5.6453,-6.0088,0.22362
-6.1951,-5.4699,-0.22975
0.19375,-5.6837,-6.1197
0.017678,5.7947,-6.1187
-5.8103,-0.036062,-6.1187
6.0281,0.14496,-6.1177
5.4827,-6.0102,-5.5304
5.6668,5.8308,5.7527
5.6668,5.8308,-5.757
-6.357,-5.4706,5.5249
5.4827,-6.0102,5.9793
-6.1723,5.6448,5.7547
-6.1723,5.6448,-5.755
-6.357,-5.4706,-5.9848
-0.17748,11.478,0
11.478,-0.17656,0.22462
-0.54622,-11.478,-0.003129
0,0,-11.51
0,0,11.51
-12.201,0.17703,-0.22775
0.036062,-5.683,11.146
-0.14142,5.794,11.147
5.8683,0.14354,11.146
11.318,-0.17797,-5.5314
-5.9708,-0.03677,11.147
-6.1555,-11.158,-0.59175
6.0529,11.265,-0.13525
11.318,-0.17797,5.9783
-0.33729,11.477,5.7537
-0.33729,11.477,-5.756
-0.70603,-11.479,5.7505
-0.70603,-11.479,-5.7591
11.514,-5.861,-0.13838
5.6842,-11.692,-0.13838
-11.619,5.972,-0.58862
-5.7867,11.799,-0.58862
0.036062,-5.683,-11.874
-0.14142,5.794,-11.873
5.8683,0.14354,-11.874
-5.9708,-0.03677,-11.873
12.06,5.6184,-0.13625
-12.165,-5.5074,-0.59075
-12.361,0.17562,5.5259
-5.9957,-11.156,5.1642
-12.361,0.17562,-5.9838
-11.461,5.9713,5.1654
5.6453,-6.0088,-11.286
-6.1951,-5.4699,11.28
6.2135,11.265,5.6188
-5.6269,11.8,5.1674
6.2135,11.265,-5.8909
5.8287,5.8315,11.508
-6.0097,5.6462,11.509
-6.0097,5.6462,-11.511
5.8287,5.8315,-11.512
-5.9957,-11.156,-6.3454
-12.006,-5.5067,5.1632
11.673,-5.8603,5.6156
5.8447,-11.691,5.6156
11.673,-5.8603,-5.894
5.8447,-11.691,-5.894
5.6453,-6.0088,11.733
-6.1951,-5.4699,-11.739
-11.461,5.9713,-6.3443
-5.6269,11.8,-6.3423
12.218,5.6177,5.6178
-12.006,-5.5067,-6.3464
12.218,5.6177,-5.8919
11.478,-0.17656,-11.285
-0.17748,11.478,-11.51
-0.17748,11.478,11.51
-0.54622,-11.478,11.507
-0.54622,-11.478,-11.513
11.478,-0.17656,11.734
11.655,-11.655,0.22462
-11.655,11.655,-0.22462
-12.024,-11.301,-0.22775
12.024,11.301,0.22775
-12.201,0.17703,11.282
-6.1555,-11.158,10.918
-12.201,0.17703,-11.737
-11.619,5.972,10.921
-5.7867,11.799,10.921
6.0529,11.265,11.374
11.514,-5.861,11.371
-12.165,-5.5074,10.919
5.6842,-11.692,11.371
11.495,-11.656,-5.5294
11.864,11.3,-5.5262
6.0529,11.265,-11.645
11.514,-5.861,-11.648
11.495,-11.656,5.9803
11.864,11.3,5.9834
5.6842,-11.692,-11.648
-11.815,11.654,5.531
12.06,5.6184,11.373
-12.184,-11.303,5.5279
-6.1555,-11.158,-12.101
-11.815,11.654,-5.9786
-12.184,-11.303,-5.9818
12.06,5.6184,-11.646
-11.619,5.972,-12.098
-5.7867,11.799,-12.098
-12.165,-5.5074,-12.1
11.655,-11.655,-11.285
-11.655,11.655,11.285
-12.024,-11.301,11.282
12.024,11.301,-11.282
11.655,-11.655,11.734
-11.655,11.655,-11.734
-12.024,-11.301,-11.737
12.024,11.301,11.737
