-2.7327,-9.4417,-9.4279
-9.1872,-3.222,-9.7479
-9.1115,-8.1724,-9.6309
-9.8809,-2.7263,-3.3347
-2.7327,-9.4417,2.6353
-9.1872,-3.222,2.3153
-10.086,-8.6504,-3.2407
-9.1115,-8.1724,2.4323
-9.8809,-2.7263,8.7285
-10.086,-8.6504,8.8225
9.6109,-9.28,-8.6919
9.5466,-2.8517,-9.2499
9.5947,-8.4562,-3.2707
9.6109,-9.28,3.3713
9.5466,-2.8517,2.8133
9.5947,-8.4562,8.7925
2.9656,-2.8383,-9.3812
-2.5604,2.8914,-8.8982
9.7333,2.4431,-9.2182
3.2789,8.6628,-9.5382
2.9734,-8.1141,-8.9402
-2.2741,-2.6955,-9.2452
-2.6248,9.3197,-9.4562
3.3545,3.7123,-9.4212
2.6912,-2.3858,-3.507
-2.5767,3.7151,-3.477
-2.4551,-9.0962,-3.273
2.5852,9.1584,-3.125
2.9656,-2.8383,2.682
-2.5604,2.8914,3.165
9.7333,2.4431,2.845
3.2789,8.6628,2.525
2.7011,-9.1867,-3.114
-2.4692,-3.1466,-3.75
9.0899,-2.8037,-3.157
2.3801,3.2343,-3.031
2.9734,-8.1141,3.123
-2.2741,-2.6955,2.818
-2.6248,9.3197,2.607
3.3545,3.7123,2.642
2.6912,-2.3858,8.5562
-2.5767,3.7151,8.5862
-2.4551,-9.0962,8.7902
2.5852,9.1584,8.9382
2.7011,-9.1867,8.9492
-2.4692,-3.1466,8.3132
9.0899,-2.8037,8.9062
2.3801,3.2343,9.0322
-9.2057,9.333,-9.5875
-9.198,4.0573,-9.1465
-9.4801,9.7856,-3.7133
-9.2057,9.333,2.4757
-9.4702,2.9846,-3.3203
-3.0815,9.3677,-3.3633
-9.198,4.0573,2.9167
-9.4801,9.7856,8.3499
-9.4702,2.9846,8.7429
-3.0815,9.3677,8.6999
10.192,9.1892,-9.0355
10.011,2.7885,-3.0633
9.9968,8.7381,-3.5403
10.192,9.1892,3.0277
10.011,2.7885,8.9999
9.9968,8.7381,8.5229
-3.8379,-8.4355,-9.3899
-9.1207,-9.0103,-8.3889
-3.1591,-8.9418,-2.0557
-9.0656,-3.9786,-3.2687
-3.8379,-8.4355,2.6733
-9.0804,-8.8074,-2.1417
-9.1207,-9.0103,3.6743
-3.1591,-8.9418,10.008
-9.0656,-3.9786,8.7945
-9.0804,-8.8074,9.9215
8.9172,-7.9627,-8.7169
9.234,-9.1294,-1.9857
8.9172,-7.9627,3.3463
3.3983,-8.9533,-1.9097
9.6823,-2.962,-1.7517
9.234,-9.1294,10.077
3.3983,-8.9533,10.153
9.6823,-2.962,10.311
8.6281,3.4493,-9.1802
-9.0531,-2.5321,-8.4192
3.6098,-2.6269,-8.0452
-3.2541,4.2087,-8.9232
-2.972,-3.2152,-8.0292
3.3489,-8.9138,-7.7312
3.3453,2.8744,-8.1792
9.0397,-2.4805,-8.1892
9.3069,2.943,-1.846
3.4005,7.9062,-3.059
3.0031,-3.3213,-2.382
-2.9373,3.042,-2.192
8.6281,3.4493,2.883
-9.0531,-2.5321,3.644
3.6098,-2.6269,4.018
-3.2541,4.2087,3.14
-2.7209,-2.4381,-2.454
-8.7731,3.218,-2.116
3.3856,3.0773,-1.932
-2.489,9.2094,-1.958
-2.972,-3.2152,4.034
3.3489,-8.9138,4.332
3.3453,2.8744,3.884
9.0397,-2.4805,3.874
9.3069,2.943,10.217
3.4005,7.9062,9.0042
3.0031,-3.3213,9.6812
-2.9373,3.042,9.8712
-2.7209,-2.4381,9.6092
-8.7731,3.218,9.9472
3.3856,3.0773,10.131
-2.489,9.2094,10.105
-8.5616,9.5445,-8.2515
-8.8225,3.2576,-7.9375
-3.1317,9.6908,-8.3955
-9.1683,8.8501,-2.5883
-8.5616,9.5445,3.8117
-8.8225,3.2576,4.1257
-3.1317,9.6908,3.6677
-9.1683,8.8501,9.4749
3.413,9.3526,-8.2095
9.4941,8.6695,-7.8195
3.413,9.3526,3.8537
9.7451,9.4466,-2.2443
9.4941,8.6695,4.2437
9.7451,9.4466,9.8189
-9.673,-11.92,-12.923
-9.0026,-11.68,-6.0029
-3.531,-11.965,-12.24
-9.2013,-5.7817,-12.529
-2.814,-11.569,-6.4759
-9.0967,-5.67,-6.3279
-12.262,-8.6893,-12.251
-11.873,-8.6893,-6.5379
-5.8277,-8.6716,-12.099
-12.545,-2.6414,-11.909
-6.1862,-8.6002,-7.1509
-12.108,-2.7588,-6.5469
-6.9506,-12.18,-9.4979
-12.055,-5.9889,-9.0449
-11.408,-11.674,-9.1469
-9.673,-11.92,-0.85969
-9.0026,-11.68,6.0603
-3.531,-11.965,-0.17669
-9.2013,-5.7817,-0.46569
-2.814,-11.569,5.5873
-9.0967,-5.67,5.7353
-12.262,-8.6893,-0.18769
-11.873,-8.6893,5.5253
-5.8277,-8.6716,-0.035689
-12.545,-2.6414,0.15431
-6.1862,-8.6002,4.9123
-12.108,-2.7588,5.5163
-5.8822,-10.936,-3.4887
-12.721,-5.035,-2.8487
-6.9506,-12.18,2.5653
-12.055,-5.9889,3.0183
-13.221,-11.598,-3.0557
-0.42897,-12.065,-3.0717
-6.5568,-6.7151,-3.3577
-11.408,-11.674,2.9163
-9.673,-11.92,11.204
-3.531,-11.965,11.887
-9.2013,-5.7817,11.598
-12.262,-8.6893,11.876
-5.8277,-8.6716,12.028
-12.545,-2.6414,12.218
-5.8822,-10.936,8.5745
-12.721,-5.035,9.2145
-13.221,-11.598,9.0075
-0.42897,-12.065,8.9915
-6.5568,-6.7151,8.7055
-12.6,0.10631,-3.278
-12.6,0.10631,8.7852
3.1112,-12.47,-12.589
9.2913,-6.4572,-11.61
9.2461,-5.8887,-6.3239
9.111,-12.002,-11.483
9.536,-12.352,-6.1459
12.376,-8.9759,-11.835
12.765,-8.9759,-6.1219
5.9714,-9.0431,-11.07
12.092,-2.9281,-11.493
6.3116,-8.9321,-6.8589
12.529,-3.0454,-6.1309
6.0959,-13.084,-8.5099
12.583,-6.2755,-8.6289
13.229,-11.961,-8.7309
1.3958,-11.879,-8.9239
3.1112,-12.47,-0.52572
9.2913,-6.4572,0.45328
3.0327,-12.287,-5.3607
9.2461,-5.8887,5.7393
9.111,-12.002,0.58028
9.536,-12.352,5.9173
12.376,-8.9759,0.22828
12.765,-8.9759,5.9413
5.9714,-9.0431,0.99328
12.092,-2.9281,0.57028
6.3116,-8.9321,5.2043
12.529,-3.0454,5.9323
6.5428,-11.03,-2.5097
11.916,-5.3216,-2.4327
6.0959,-13.084,3.5533
12.583,-6.2755,3.4343
6.1171,-6.9345,-2.9147
11.417,-11.885,-2.6397
13.229,-11.961,3.3323
1.3958,-11.879,3.1393
3.1112,-12.47,11.537
9.2913,-6.4572,12.516
3.0327,-12.287,6.7025
9.111,-12.002,12.643
12.376,-8.9759,12.291
5.9714,-9.0431,13.056
12.092,-2.9281,12.633
6.5428,-11.03,9.5535
11.916,-5.3216,9.6305
6.1171,-6.9345,9.1485
11.417,-11.885,9.4235
-2.8765,-5.9058,-12.631
-9.0602,-0.29911,-12.795
2.7931,-0.035355,-12.713
-2.88,5.7141,-11.816
-2.6439,-6.1935,-5.8992
3.4634,0.20506,-5.7932
-2.9253,6.2826,-6.5302
3.3262,-6.0203,-12.122
-3.0604,0.16971,-11.689
8.935,-0.08061,-12.03
3.2647,6.103,-12.319
3.3001,-5.9291,-6.0692
-2.6354,-0.18031,-6.3522
9.652,0.31537,-6.2662
3.3694,6.2148,-6.1182
0.038184,-8.8176,-12.34
-5.9588,-2.9889,-13.362
5.8895,-2.8178,-12.814
0.20435,3.1954,-12.041
0.51336,-8.8883,-5.9432
0.59326,3.1954,-6.3282
0.14566,-3.0321,-12.474
-6.1999,3.1282,-11.276
6.6383,3.2131,-11.889
-0.079196,9.2433,-11.699
0.52397,-3.0314,-6.3282
-5.8598,3.2393,-7.0652
6.2798,3.2845,-6.9412
0.3578,9.1259,-6.3372
-0.94682,-6.1836,-9.2882
-6.0755,-0.91217,-8.7162
5.5154,-0.29557,-9.2882
0.41154,5.8959,-8.8352
6.3088,-4.7249,-8.9822
1.0578,0.21072,-8.9372
-10.776,0.29204,-9.1302
-5.3945,-5.2559,-9.2582
-2.8765,-5.9058,-0.568
-9.0602,-0.29911,-0.732
2.7931,-0.035355,-0.65
-2.88,5.7141,0.247
-2.6439,-6.1935,6.164
-9.1386,-0.11597,-5.567
3.4634,0.20506,6.27
-2.9253,6.2826,5.533
3.3262,-6.0203,-0.059
-3.0604,0.16971,0.374
8.935,-0.08061,0.033
3.2647,6.103,-0.256
3.3001,-5.9291,5.994
-2.6354,-0.18031,5.711
9.652,0.31537,5.797
3.3694,6.2148,5.945
0.038184,-8.8176,-0.277
-5.9588,-2.9889,-1.299
5.8895,-2.8178,-0.751
0.20435,3.1954,0.022
0.51336,-8.8883,6.12
-5.9496,-2.8369,-5.419
6.2155,-2.7436,-5.465
0.59326,3.1954,5.735
0.14566,-3.0321,-0.411
-6.1999,3.1282,0.787
6.6383,3.2131,0.174
-0.079196,9.2433,0.364
0.52397,-3.0314,5.735
-5.8598,3.2393,4.998
6.2798,3.2845,5.122
0.3578,9.1259,5.726
0.75024,-5.6844,-3.153
-5.6286,1.1413,-2.716
6.5839,0.94823,-3.279
-0.25527,6.8497,-2.639
-0.94682,-6.1836,2.775
-6.0755,-0.91217,3.347
5.5154,-0.29557,2.775
0.41154,5.8959,3.228
-6.0542,5.2368,-3.121
-0.75448,0.28638,-2.846
12.037,-0.18031,-2.862
5.9093,5.1697,-3.148
6.3088,-4.7249,3.081
1.0578,0.21072,3.126
-10.776,0.29204,2.933
-5.3945,-5.2559,2.805
-2.8765,-5.9058,11.495
-9.0602,-0.29911,11.331
2.7931,-0.035355,11.413
-2.88,5.7141,12.31
-9.1386,-0.11597,6.4962
3.3262,-6.0203,12.004
-3.0604,0.16971,12.437
8.935,-0.08061,12.096
3.2647,6.103,11.807
0.038184,-8.8176,11.786
-5.9588,-2.9889,10.764
5.8895,-2.8178,11.312
0.20435,3.1954,12.085
-5.9496,-2.8369,6.6442
6.2155,-2.7436,6.5982
0.14566,-3.0321,11.652
-6.1999,3.1282,12.85
6.6383,3.2131,12.237
-0.079196,9.2433,12.427
0.75024,-5.6844,8.9102
-5.6286,1.1413,9.3472
6.5839,0.94823,8.7842
-0.25527,6.8497,9.4242
-6.0542,5.2368,8.9422
-0.75448,0.28638,9.2172
12.037,-0.18031,9.2012
5.9093,5.1697,8.9152
-9.3783,12.136,-12.919
-8.7079,12.376,-5.9995
-8.8451,6.151,-12.328
-3.2364,12.091,-12.236
-8.8713,6.2423,-6.2755
-2.5193,12.487,-6.4725
-12.133,3.3537,-12.546
-6.2819,9.3535,-13.02
-11.658,3.283,-6.1495
-12.026,9.1393,-12.68
-11.647,9.14,-6.5345
-13.118,5.9877,-9.4945
-6.6559,11.876,-9.4945
-5.8625,7.4465,-9.1885
-11.114,12.382,-9.1435
-9.3783,12.136,-0.85628
-8.7079,12.376,6.0637
-8.8451,6.151,-0.26528
-3.2364,12.091,-0.17328
-8.8713,6.2423,5.7877
-2.5193,12.487,5.5907
-12.133,3.3537,-0.48328
-6.2819,9.3535,-0.95728
-11.658,3.283,5.9137
-5.9559,9.4278,-5.6713
-12.026,9.1393,-0.61728
-11.647,9.14,5.5287
-11.421,6.4869,-3.3593
-5.5875,13.12,-3.4853
-13.118,5.9877,2.5687
-6.6559,11.876,2.5687
-12.926,12.458,-3.0523
-0.13427,11.991,-3.0683
-5.8625,7.4465,2.8747
-11.114,12.382,2.9197
-9.3783,12.136,11.207
-8.8451,6.151,11.798
-3.2364,12.091,11.89
-12.133,3.3537,11.58
-6.2819,9.3535,11.106
-5.9559,9.4278,6.3919
-12.026,9.1393,11.446
-11.421,6.4869,8.7039
-5.5875,13.12,8.5779
-12.926,12.458,9.0109
-0.13427,11.991,8.9949
13.862,0.0054108,-8.7142
13.862,0.0054108,3.349
9.5895,5.979,-12.422
3.4059,11.586,-12.586
9.8222,5.6912,-5.6895
9.4057,12.054,-11.48
9.8307,11.704,-6.1425
12.504,3.0671,-12.131
6.5073,8.8958,-13.153
12.979,2.9964,-5.7335
12.612,8.8527,-12.265
12.99,8.8534,-6.1185
11.519,5.7011,-9.0785
6.3906,10.973,-8.5065
13.524,12.095,-8.7275
1.6904,12.177,-8.9205
7.0715,6.6288,-9.0485
9.5895,5.979,-0.35831
3.4059,11.586,-0.52231
9.8222,5.6912,6.3737
3.3274,11.769,-5.3573
9.4057,12.054,0.58369
9.8307,11.704,5.9207
12.504,3.0671,-0.067311
6.5073,8.8958,-1.0893
12.979,2.9964,6.3297
6.5165,9.0478,-5.2093
12.612,8.8527,-0.20131
12.99,8.8534,5.9447
13.216,6.2003,-2.9433
6.8375,13.026,-2.5063
11.519,5.7011,2.9847
6.3906,10.973,3.5567
11.712,12.171,-2.6363
13.524,12.095,3.3357
1.6904,12.177,3.1427
7.0715,6.6288,3.0147
9.5895,5.979,11.705
3.4059,11.586,11.541
3.3274,11.769,6.7059
9.4057,12.054,12.647
12.504,3.0671,11.996
6.5073,8.8958,10.974
6.5165,9.0478,6.8539
12.612,8.8527,11.862
13.216,6.2003,9.1199
6.8375,13.026,9.5569
11.712,12.171,9.4269
0,0,0
0.35709,0.25244,5.853
-5.8782,-0.028991,-0.114
0.016263,-5.9729,0.117
0.16546,6.1009,0.095
6.1136,-0.043841,-0.036
0.35709,0.25244,-6.2102
-5.799,-0.038891,-5.9552
0.44336,-5.8881,-5.8802
-5.799,-0.038891,6.108
-6.1134,-5.8036,-0.76069
0.44336,-5.8881,6.183
6.1214,-5.9715,0.321
-6.0499,6.1998,0.11472
0.23617,6.2961,-6.0052
0.23617,6.2961,6.058
6.5004,0.16758,-5.8872
6.3526,6.0811,-0.551
6.5004,0.16758,6.176
-5.7269,-5.823,5.588
-5.7269,-5.823,-6.4752
-5.707,6.3816,5.9657
6.4644,-5.7898,-5.8912
-5.707,6.3816,-6.0975
6.4644,-5.7898,6.172
6.7392,6.0617,5.7977
6.7392,6.0617,-6.2655
-11.628,-0.044548,0.258
0.83768,11.84,0.46769
0,0,12.063
0,0,-12.063
0.54298,-12.216,0.46428
-0.15744,-11.555,-5.9457
13.009,-0.33117,0.67397
-0.15744,-11.555,6.1175
-5.8782,-0.028991,11.949
0.016263,-5.9729,-11.946
0.16546,6.1009,-11.968
6.1136,-0.043841,12.027
-6.3524,-11.929,-0.24569
-5.8782,-0.028991,-12.177
6.1136,-0.043841,-12.099
-6.0577,12.128,-0.24228
6.5879,11.856,0.095689
0.016263,-5.9729,12.18
12.309,0.33022,-5.736
-12.301,-5.7838,-0.11469
0.16546,6.1009,12.158
-12.155,6.1984,-0.089279
-12.329,0.61684,5.9112
6.2932,-12.2,0.092279
12.337,-6.0704,0.30128
-12.329,0.61684,-6.152
12.482,5.9118,0.32669
0.13725,12.502,-5.9423
12.309,0.33022,6.3272
0.13725,12.502,6.1209
-6.1134,-5.8036,11.303
-5.9656,-11.717,5.9663
6.3526,6.0811,11.512
-5.9656,-11.717,-6.0969
6.1214,-5.9715,-11.742
-11.728,6.2833,5.9767
-11.728,6.2833,-6.0865
-12.23,-5.5887,5.8483
6.6671,11.846,-5.7455
-6.0499,6.1998,-11.948
-12.23,-5.5887,-6.2149
-5.6709,12.339,5.9697
-5.6709,12.339,-6.0935
12.408,-5.8753,-5.7989
6.3724,-12.21,-5.7489
-6.0499,6.1998,12.178
6.6671,11.846,6.3177
6.1214,-5.9715,12.384
12.408,-5.8753,6.2643
6.3724,-12.21,6.3143
12.909,5.9967,-5.6705
-6.1134,-5.8036,-12.824
6.3526,6.0811,-12.614
12.909,5.9967,6.3927
-11.628,-0.044548,-11.805
0.83768,11.84,-11.596
0.54298,-12.216,-11.599
-11.628,-0.044548,12.321
12.171,-12.171,0.20628
-12.171,12.171,-0.20628
12.466,11.885,0.20969
-12.466,-11.885,-0.20969
0.83768,11.84,12.531
13.009,-0.33117,-11.389
0.54298,-12.216,12.527
-12.109,-11.632,5.6433
-6.3524,-11.929,11.818
-12.109,-11.632,-6.4199
-6.0577,12.128,11.821
-11.814,12.424,5.6467
6.5879,11.856,-11.968
12.337,-6.0704,-11.762
-12.301,-5.7838,11.949
12.482,5.9118,-11.737
-12.155,6.1984,11.974
13.009,-0.33117,12.737
6.2932,-12.2,-11.971
6.5879,11.856,12.159
-12.301,-5.7838,-12.178
-12.155,6.1984,-12.152
-6.3524,-11.929,-12.309
12.528,-11.919,-6.0039
-11.814,12.424,-6.4165
-6.0577,12.128,-12.305
12.528,-11.919,6.0593
6.2932,-12.2,12.155
12.337,-6.0704,12.364
12.482,5.9118,12.39
12.823,12.137,-6.0005
12.823,12.137,6.0627
12.171,-12.171,-11.857
-12.171,12.171,11.857
12.466,11.885,-11.854
-12.466,-11.885,11.854
12.171,-12.171,12.269
-12.171,12.171,-12.269
12.466,11.885,12.273
-12.466,-11.885,-12.273
