-3.4858,-9.5286,-9.0389
-8.9595,-3.5246,-9.6329
-8.5996,-8.5981,-9.6959
-3.4858,-9.5286,3.0243
-8.9595,-3.5246,2.4303
-10.096,-9.1694,-3.4807
-8.5996,-8.5981,2.3673
-10.096,-9.1694,8.5825
9.3691,-9.2079,-8.3989
8.9618,-8.5559,-2.5197
9.3691,-9.2079,3.6643
8.9618,-8.5559,9.5435
2.4784,-3.4669,-9.2012
-2.8023,2.9635,-8.6052
8.9803,2.3561,-8.8292
3.5065,8.3601,-9.4232
3.3432,-8.7101,-9.0792
-3.8516,-2.8786,-9.2372
9.6223,-2.605,-9.1072
3.8665,3.2866,-9.4862
2.7308,-2.7153,-2.287
-3.2096,3.6154,-2.726
-3.0179,-8.5008,-3.236
-8.6062,-3.4471,-2.719
2.4784,-3.4669,2.862
-2.8023,2.9635,3.458
8.9803,2.3561,3.234
3.5065,8.3601,2.64
3.1664,-8.6423,-2.74
-2.8617,-3.4203,-3.631
8.6196,-3.0434,-3.271
2.3702,2.7153,-3.271
3.3432,-8.7101,2.984
-3.8516,-2.8786,2.826
9.6223,-2.605,2.956
3.8665,3.2866,2.577
2.7308,-2.7153,9.7762
-3.2096,3.6154,9.3372
-3.0179,-8.5008,8.8272
-8.6062,-3.4471,9.3442
3.1664,-8.6423,9.3232
-2.8617,-3.4203,8.4322
8.6196,-3.0434,8.7922
2.3702,2.7153,8.7922
-9.6929,8.7044,-9.4075
-8.8282,3.4612,-9.2855
-2.549,9.5664,-9.3135
-9.4405,9.4561,-2.4933
-9.6929,8.7044,2.6557
-9.0049,3.5291,-2.9463
-3.5517,9.128,-3.4773
-8.8282,3.4612,2.7777
-2.549,9.5664,2.7497
-9.4405,9.4561,9.5699
-9.0049,3.5291,9.1169
-3.5517,9.128,8.5859
8.6144,9.0061,-9.0275
9.4481,3.3839,-3.0263
3.8599,8.4376,-2.5093
9.6044,8.4645,-3.4213
8.6144,9.0061,3.0357
9.4481,3.3839,9.0369
3.8599,8.4376,9.5539
9.6044,8.4645,8.6419
-8.852,-9.0415,-8.2849
-3.2814,-9.3512,-2.4847
-9.7444,-3.3082,-4.1737
-8.845,-9.0033,-2.6357
-8.852,-9.0415,3.7783
-3.2814,-9.3512,9.5785
-9.7444,-3.3082,7.8895
-8.845,-9.0033,9.4275
8.6287,-7.9018,-8.4129
3.1847,-9.2277,-7.4109
8.7454,-9.8414,-1.7757
8.6287,-7.9018,3.6503
3.4181,-9.2008,-1.1567
3.1847,-9.2277,4.6523
8.7454,-9.8414,10.287
3.4181,-9.2008,10.906
-3.0773,-8.5418,-9.5882
-9.5424,-2.6014,-9.5532
2.8192,-2.1701,-8.4992
-3.5426,4.2695,-8.6192
-2.6679,-3.1643,-8.3452
-8.9866,2.9437,-7.6172
3.614,2.8433,-8.0752
8.6302,-2.5124,-7.9982
9.1846,2.5336,-2.275
2.7217,8.5765,-3.964
2.8737,-4.1521,-2.699
-3.4259,2.3299,-1.982
-3.0773,-8.5418,2.475
-9.5424,-2.6014,2.51
2.8192,-2.1701,3.564
-3.5426,4.2695,3.444
-2.4409,-3.2103,-2.197
-8.7533,2.9706,-1.363
3.6211,2.8815,-2.426
9.2376,-2.8694,-1.918
-2.6679,-3.1643,3.718
-8.9866,2.9437,4.446
3.614,2.8433,3.988
8.6302,-2.5124,4.065
9.1846,2.5336,9.7882
2.7217,8.5765,8.0992
2.8737,-4.1521,9.3642
-3.4259,2.3299,10.081
-2.4409,-3.2103,9.8662
-8.7533,2.9706,10.7
3.6211,2.8815,9.6372
9.2376,-2.8694,10.145
-9.3521,10.001,-8.7055
-3.5411,9.659,-8.2045
-9.2977,8.0192,-2.9053
-9.3521,10.001,3.3577
-2.9337,9.3019,-2.1243
-3.5411,9.659,3.8587
-9.2977,8.0192,9.1579
-2.9337,9.3019,9.9389
9.3887,3.3429,-9.3785
2.9236,9.2833,-9.3435
9.7981,8.7204,-8.1355
9.3887,3.3429,2.6847
2.9236,9.2833,2.7197
10.025,8.6745,-1.9873
9.7981,8.7204,3.9277
10.025,8.6745,10.076
-9.4495,-11.953,-11.909
-9.1992,-11.921,-6.0769
-3.273,-11.917,-12.251
-9.5506,-6.0108,-12.901
-3.1386,-12.085,-6.2029
-9.2317,-6.341,-6.1919
-13.027,-8.9347,-12.968
-6.1452,-8.9594,-11.892
-12.38,-3.1329,-11.875
-6.0491,-8.7515,-6.4179
-11.747,-3.1201,-6.7689
-6.5384,-12.396,-9.1349
-12.035,-7.1478,-9.6829
-12.331,-12.105,-9.5479
-9.4495,-11.953,0.15431
-9.1992,-11.921,5.9863
-3.273,-11.917,-0.18769
-9.5506,-6.0108,-0.83769
-3.1386,-12.085,5.8603
-9.2317,-6.341,5.8713
-13.027,-8.9347,-0.90469
-12.759,-8.8795,-5.9107
-6.1452,-8.9594,0.17131
-12.38,-3.1329,0.18831
-6.0491,-8.7515,5.6453
-11.747,-3.1201,5.2943
-5.8574,-11.277,-3.1207
-12.905,-5.1637,-3.3097
-6.5384,-12.396,2.9283
-12.035,-7.1478,2.3803
-12.843,-12.752,-3.4467
-0.79949,-12.29,-3.2847
-6.3262,-6.6231,-3.2377
-12.331,-12.105,2.5153
-9.4495,-11.953,12.218
-3.273,-11.917,11.876
-9.5506,-6.0108,11.226
-13.027,-8.9347,11.159
-12.759,-8.8795,6.1525
-6.1452,-8.9594,12.235
-12.38,-3.1329,12.252
-5.8574,-11.277,8.9425
-12.905,-5.1637,8.7535
-12.843,-12.752,8.6165
-0.79949,-12.29,8.7785
-6.3262,-6.6231,8.8255
-12.971,-0.11855,-3.491
-12.971,-0.11855,8.5722
3.1713,-12.219,-11.675
8.884,-6.0499,-11.905
9.3967,-5.7197,-6.0099
9.1563,-12.563,-12.014
9.1266,-12.464,-5.8249
11.61,-9.2213,-12.552
6.6128,-9.0438,-11.182
12.257,-3.4195,-11.459
6.04,-9.3634,-6.0209
12.89,-3.4068,-6.3529
5.398,-12.615,-8.5299
12.602,-7.4344,-9.2669
12.306,-12.391,-9.1319
3.1713,-12.219,0.38828
8.884,-6.0499,0.15828
2.9882,-12.357,-4.8127
9.3967,-5.7197,6.0533
9.1563,-12.563,0.049279
9.1266,-12.464,6.2383
11.61,-9.2213,-0.48872
11.879,-9.1661,-5.4947
6.6128,-9.0438,0.88128
12.257,-3.4195,0.60428
6.04,-9.3634,6.0423
12.89,-3.4068,5.7103
5.6646,-11.541,-2.2697
11.732,-5.4503,-2.8937
5.398,-12.615,3.5333
12.602,-7.4344,2.7963
11.794,-13.039,-3.0307
12.306,-12.391,2.9313
3.1713,-12.219,12.451
8.884,-6.0499,12.221
2.9882,-12.357,7.2505
9.1563,-12.563,12.112
11.61,-9.2213,11.574
11.879,-9.1661,6.5685
6.6128,-9.0438,12.944
12.257,-3.4195,12.667
5.6646,-11.541,9.7935
11.732,-5.4503,9.1695
11.794,-13.039,9.0325
-3.3397,-6.0776,-12.571
-9.0001,-0.048083,-11.881
3.0165,-0.067882,-11.699
-3.2873,6.1214,-12.111
-2.8171,-6.0175,-6.2462
3.2668,-0.03677,-5.8672
-2.7747,6.4516,-6.2162
3.008,-6.125,-11.866
-3.0151,-0.39174,-12.22
9.1931,-0.03182,-12.041
2.9154,5.8739,-12.691
3.0384,-5.9701,-6.6592
-3.0448,-0.29274,-6.0312
9.3274,-0.20011,-5.9932
3.2343,5.5437,-5.9822
-0.067175,-9.227,-12.561
-6.1193,-2.9515,-12.693
6.1186,-2.9706,-12.422
-0.56144,2.95,-12.758
0.47518,-9.1471,-5.8252
-0.31254,-3.3644,-11.805
-5.5586,3.1275,-11.388
6.3208,2.9253,-11.682
0.08556,8.7519,-11.665
0.1096,-2.9691,-6.3472
-6.1313,2.8079,-6.2272
6.417,3.1332,-6.2082
0.71913,8.7646,-6.5592
-0.37618,-6.8292,-9.3252
-6.7734,-0.44336,-8.7362
5.9277,-0.51124,-8.9252
0.43063,4.7369,-9.4732
6.6461,-5.0396,-9.0232
0.13506,-0.21991,-9.3382
0.10819,-11.86,-9.3082
-5.8478,-6.1122,-9.3272
-3.3397,-6.0776,-0.508
-9.0001,-0.048083,0.182
3.0165,-0.067882,0.364
-3.2873,6.1214,-0.048
-2.8171,-6.0175,5.817
-9.1832,-0.18597,-5.019
3.2668,-0.03677,6.196
-2.7747,6.4516,5.847
3.008,-6.125,0.197
-3.0151,-0.39174,-0.157
9.1931,-0.03182,0.022
2.9154,5.8739,-0.628
3.0384,-5.9701,5.404
-3.0448,-0.29274,6.032
9.3274,-0.20011,6.07
3.2343,5.5437,6.081
-0.067175,-9.227,-0.498
-6.1193,-2.9515,-0.63
6.1186,-2.9706,-0.359
-0.56144,2.95,-0.695
0.47518,-9.1471,6.238
-6.2084,-3.066,-5.452
5.4101,-2.8885,-5.55
-0.29274,3.0052,-5.701
-0.31254,-3.3644,0.258
-5.5586,3.1275,0.675
6.3208,2.9253,0.381
0.08556,8.7519,0.398
0.1096,-2.9691,5.716
-6.1313,2.8079,5.836
6.417,3.1332,5.855
0.71913,8.7646,5.504
-0.021213,-5.3698,-3.28
-6.5068,0.63074,-2.476
6.6086,0.60811,-2.911
-0.43911,6.721,-3.1
-0.37618,-6.8292,2.738
-6.7734,-0.44336,3.327
5.9277,-0.51124,3.138
0.43063,4.7369,2.59
5.7085,-6.0818,-3.078
-0.37689,-0.86762,-3.237
11.667,-0.40517,-3.075
6.1398,5.2616,-3.028
6.6461,-5.0396,3.04
0.13506,-0.21991,2.725
0.10819,-11.86,2.755
-5.8478,-6.1122,2.736
-3.3397,-6.0776,11.555
-9.0001,-0.048083,12.245
3.0165,-0.067882,12.427
-3.2873,6.1214,12.015
-9.1832,-0.18597,7.0442
3.008,-6.125,12.26
-3.0151,-0.39174,11.906
9.1931,-0.03182,12.085
2.9154,5.8739,11.435
-0.067175,-9.227,11.565
-6.1193,-2.9515,11.433
6.1186,-2.9706,11.704
-0.56144,2.95,11.368
-6.2084,-3.066,6.6112
5.4101,-2.8885,6.5132
-0.29274,3.0052,6.3622
-0.31254,-3.3644,12.321
-5.5586,3.1275,12.738
6.3208,2.9253,12.444
0.08556,8.7519,12.461
-0.021213,-5.3698,8.7832
-6.5068,0.63074,9.5872
6.6086,0.60811,9.1522
-0.43911,6.721,8.9632
5.7085,-6.0818,8.9852
-0.37689,-0.86762,8.8262
11.667,-0.40517,8.9882
6.1398,5.2616,9.0352
-9.1548,12.103,-11.905
-8.9045,12.135,-6.0735
-9.1633,6.0464,-12.072
-2.9783,12.14,-12.247
-9.1329,6.2013,-6.8655
-2.8439,11.971,-6.1995
-12.239,2.9443,-12.767
-6.0528,9.2008,-12.628
-11.696,3.0242,-6.0315
-12.484,8.8069,-12.011
-12.062,9.2022,-6.5535
-12.548,5.3421,-9.5315
-6.2437,11.66,-9.1315
-5.5253,7.1318,-9.2295
-12.036,11.951,-9.5445
-12.063,0.31105,-9.5145
-9.1548,12.103,0.15772
-8.9045,12.135,5.9897
-9.1633,6.0464,-0.009279
-2.9783,12.14,-0.18428
-9.1329,6.2013,5.1977
-2.8439,11.971,5.8637
-12.239,2.9443,-0.70428
-6.0528,9.2008,-0.56528
-11.696,3.0242,6.0317
-6.7613,9.2828,-5.7563
-12.484,8.8069,0.051721
-12.062,9.2022,5.5097
-12.193,6.8016,-3.4863
-5.5627,12.779,-3.1173
-12.548,5.3421,2.5317
-6.2437,11.66,2.9317
-6.4629,6.0895,-3.2843
-12.548,11.304,-3.4433
-0.5048,11.766,-3.2813
-5.5253,7.1318,2.8337
-12.036,11.951,2.5187
-12.063,0.31105,2.5487
-9.1548,12.103,12.221
-9.1633,6.0464,12.054
-2.9783,12.14,11.879
-12.239,2.9443,11.359
-6.0528,9.2008,11.498
-6.7613,9.2828,6.3069
-12.484,8.8069,12.115
-12.193,6.8016,8.5769
-5.5627,12.779,8.9459
-6.4629,6.0895,8.7789
-12.548,11.304,8.6199
-0.5048,11.766,8.7819
9.1264,5.8071,-12.362
3.466,11.837,-11.672
9.6489,5.8673,-6.0365
9.4509,11.493,-12.011
9.4212,11.592,-5.8215
12.399,2.6577,-12.352
6.3467,8.9333,-12.484
12.941,2.7376,-5.6155
12.154,8.5203,-11.596
12.576,8.9156,-6.1375
12.09,5.0555,-9.1155
5.6927,11.441,-8.5265
12.601,11.665,-9.1285
12.574,0.024427,-9.0985
6.6183,5.7725,-9.1175
9.1264,5.8071,-0.29831
3.466,11.837,0.39169
9.6489,5.8673,6.0267
3.2829,11.699,-4.8093
9.4509,11.493,0.052689
9.4212,11.592,6.2417
12.399,2.6577,-0.28831
6.3467,8.9333,-0.42031
12.941,2.7376,6.4477
6.2576,8.8187,-5.2423
12.154,8.5203,0.46769
12.576,8.9156,5.9257
12.445,6.515,-3.0703
5.9593,12.515,-2.2663
12.09,5.0555,2.9477
5.6927,11.441,3.5367
12.089,11.017,-3.0273
12.601,11.665,2.9347
12.574,0.024427,2.9647
6.6183,5.7725,2.9457
9.1264,5.8071,11.765
3.466,11.837,12.455
3.2829,11.699,7.2539
9.4509,11.493,12.116
12.399,2.6577,11.775
6.3467,8.9333,11.643
6.2576,8.8187,6.8209
12.154,8.5203,12.531
12.445,6.515,8.9929
5.9593,12.515,9.7969
12.089,11.017,9.0359
0.40288,12.196,-9.3048
0.40288,12.196,2.7584
0,0,0
0.097581,5.7954,-0.065
-5.8358,-0.051619,0.222
-0.011314,-0.055154,-5.9582
-0.011314,-0.055154,6.105
6.2042,-0.048083,0.254
0.15132,-6.3357,-0.042
6.0691,0.25385,-5.724
0.091924,-5.927,-5.9982
0.19092,6.0472,-5.8872
-6.1547,-0.033941,-5.8302
0.091924,-5.927,6.065
-6.1582,-5.9305,-0.215
6.2077,-5.9291,-0.085
-5.9637,6.2423,-0.29128
0.19092,6.0472,6.176
6.3079,5.9542,-0.005311
-6.1547,-0.033941,6.233
6.0691,0.25385,6.3392
6.0663,-5.625,5.921
-5.9857,-5.8838,-5.8702
6.0663,-5.625,-6.1422
-5.9857,-5.8838,6.193
6.4804,6.0009,-5.6605
-6.1051,6.5463,5.7147
6.4804,6.0009,6.4027
-6.1051,6.5463,-6.3485
0.61989,11.475,-0.023311
-11.846,-0.40941,-0.233
0,0,-12.063
0,0,12.063
0.32519,-12.581,-0.026721
12.791,-0.69604,0.18297
0.482,11.698,-5.5965
-5.8358,-0.051619,-11.841
-11.984,-0.18668,-5.8062
0.097581,5.7954,11.998
6.2042,-0.048083,-11.809
-12.02,5.8357,-0.24828
0.482,11.698,6.4667
0.097581,5.7954,-12.128
-6.2619,-11.933,0.044311
-5.9672,12.123,0.047721
-11.984,-0.18668,6.257
0.18731,-12.358,-5.5999
6.6303,11.833,0.43169
0.15132,-6.3357,12.021
-5.8358,-0.051619,12.285
0.15132,-6.3357,-12.105
12.653,-0.4733,-5.3902
6.3356,-12.223,0.42828
12.617,5.5491,0.16769
-12.368,-6.0893,-0.27469
6.2042,-0.048083,12.317
12.269,-6.3759,0.14128
0.18731,-12.358,6.4633
12.653,-0.4733,6.673
-6.3969,-11.631,-5.9337
6.3114,11.851,-5.6205
-5.9637,6.2423,11.772
-6.1582,-5.9305,11.848
-6.3969,-11.631,6.1295
6.0167,-12.205,-5.6239
6.2077,-5.9291,11.978
-12.079,6.2444,5.8587
-12.275,-5.8376,5.9663
6.3079,5.9542,12.058
6.3079,5.9542,-12.069
6.2077,-5.9291,-12.148
6.3114,11.851,6.4427
-12.275,-5.8376,-6.0969
12.362,-6.1242,-5.6809
-12.079,6.2444,-6.2045
-6.1582,-5.9305,-12.278
6.0167,-12.205,6.4393
12.558,5.9578,-5.7885
-6.1023,12.425,-5.9303
-5.9637,6.2423,-12.354
-6.1023,12.425,6.1329
12.362,-6.1242,6.3823
12.558,5.9578,6.2747
0.61989,11.475,12.04
0.61989,11.475,-12.087
-11.846,-0.40941,11.83
-11.846,-0.40941,-12.296
12.171,-12.171,0.20628
-12.171,12.171,-0.20628
12.466,11.885,0.20969
-12.466,-11.885,-0.20969
0.32519,-12.581,12.036
0.32519,-12.581,-12.09
12.791,-0.69604,-11.88
12.791,-0.69604,12.246
-12.02,5.8357,11.815
6.6303,11.833,-11.632
6.3356,-12.223,-11.635
-6.2619,-11.933,-12.019
-5.9672,12.123,-12.015
12.455,11.83,-5.7485
-6.2619,-11.933,12.108
-12.368,-6.0893,11.789
-5.9672,12.123,12.111
-12.183,12.116,5.8987
-12.02,5.8357,-12.311
12.16,-12.227,-5.7519
12.617,5.5491,-11.896
-12.477,-11.94,5.8953
-12.183,12.116,-6.1645
12.269,-6.3759,-11.922
12.455,11.83,6.3147
-12.477,-11.94,-6.1679
12.16,-12.227,6.3113
12.617,5.5491,12.231
6.6303,11.833,12.495
12.269,-6.3759,12.204
-12.368,-6.0893,-12.338
6.3356,-12.223,12.491
12.171,-12.171,-11.857
-12.171,12.171,11.857
12.466,11.885,-11.854
-12.466,-11.885,11.854
12.171,-12.171,12.269
-12.171,12.171,-12.269
12.466,11.885,12.273
-12.466,-11.885,-12.273
