-3.7856,-8.9856,-9.6917
-10.017,-3.0409,-9.6937
-3.6399,-8.9813,-3.6617
-9.8731,-3.0438,-3.6597
-9.9459,-9.0577,-9.6927
-9.7974,-9.0535,-3.6627
-3.7856,-8.9856,2.3715
-10.017,-3.0409,2.3695
-3.6399,-8.9813,8.4015
-9.8731,-3.0438,8.4035
-9.9459,-9.0577,2.3705
-9.7974,-9.0535,8.4005
8.5312,-9.4179,-9.2767
8.6818,-9.4129,-3.2477
8.5312,-9.4179,2.7865
8.6818,-9.4129,8.8155
2.5951,-3.1834,-9.484
-3.6402,2.7535,-9.483
8.6804,2.8991,-9.482
2.4487,8.8438,-9.484
2.7393,-3.1848,-3.452
-3.4896,2.7584,-3.454
8.8261,2.9034,-3.452
2.593,8.841,-3.45
2.6615,-9.198,-9.481
-3.5596,-3.2583,-9.486
8.7526,-3.1127,-9.483
2.5201,2.827,-9.483
2.8164,-9.1917,-3.452
-3.4196,-3.2583,-3.452
8.8954,-3.1127,-3.451
2.6686,2.8313,-3.453
2.5951,-3.1834,2.5792
-3.6402,2.7535,2.5802
8.6804,2.8991,2.5812
2.4487,8.8438,2.5792
2.7393,-3.1848,8.6112
-3.4896,2.7584,8.6092
8.8261,2.9034,8.6112
2.593,8.841,8.6132
2.6615,-9.198,2.5822
-3.5596,-3.2583,2.5772
8.7526,-3.1127,2.5802
2.5201,2.827,2.5802
2.8164,-9.1917,8.6112
-3.4196,-3.2583,8.6112
8.8954,-3.1127,8.6122
2.6686,2.8313,8.6102
-9.5763,8.988,-9.6903
-9.432,8.9865,-3.6583
-9.5098,2.9733,-9.6873
-3.4188,9.0587,-9.6893
-9.3549,2.9797,-3.6583
-3.276,9.0587,-3.6573
-9.5763,8.988,2.3729
-9.432,8.9865,8.4049
-9.5098,2.9733,2.3759
-3.4188,9.0587,2.3739
-9.3549,2.9797,8.4049
-3.276,9.0587,8.4059
8.9065,8.6264,-9.2763
9.0465,8.6264,-3.2423
8.9065,8.6264,2.7869
9.0465,8.6264,8.8209
-9.3838,-8.9156,-8.3127
-9.2388,-8.9106,-2.2817
-9.3838,-8.9156,3.7505
-9.2388,-8.9106,9.7815
9.094,-9.2736,-7.8977
9.2411,-9.2708,-1.8667
2.9344,-9.3493,-7.8957
9.0219,-3.2604,-7.8967
3.0794,-9.3443,-1.8627
9.1654,-3.2569,-1.8657
9.094,-9.2736,4.1655
9.2411,-9.2708,10.196
2.9344,-9.3493,4.1675
9.0219,-3.2604,4.1665
3.0794,-9.3443,10.2
9.1654,-3.2569,10.197
-2.9359,-9.1302,-8.102
-9.1648,-3.1898,-8.104
3.1537,-3.042,-8.103
-3.0773,2.8977,-8.104
-2.7888,-9.1273,-2.072
-9.0191,-3.1912,-2.071
3.3015,-3.0427,-2.073
-2.9303,2.9006,-2.073
-3.0052,-3.1155,-8.103
-9.2369,2.8221,-8.102
3.0823,2.9691,-8.103
-3.1495,8.911,-8.103
-2.8617,-3.112,-2.072
-9.092,2.827,-2.069
3.2272,2.9741,-2.072
-3.0059,8.9145,-2.072
-2.9359,-9.1302,3.9612
-9.1648,-3.1898,3.9592
3.1537,-3.042,3.9602
-3.0773,2.8977,3.9592
-2.7888,-9.1273,9.9912
-9.0191,-3.1912,9.9922
3.3015,-3.0427,9.9902
-2.9303,2.9006,9.9902
-3.0052,-3.1155,3.9602
-9.2369,2.8221,3.9612
3.0823,2.9691,3.9602
-3.1495,8.911,3.9602
-2.8617,-3.112,9.9912
-9.092,2.827,9.9942
3.2272,2.9741,9.9912
-3.0059,8.9145,9.9912
-9.0177,9.1294,-8.3093
-8.8699,9.1287,-2.2793
-9.0177,9.1294,3.7539
-8.8699,9.1287,9.7839
9.5301,2.7546,-7.8923
3.3012,8.695,-7.8943
9.6772,2.7574,-1.8623
3.4469,8.6936,-1.8613
9.4608,8.7692,-7.8933
9.6044,8.7728,-1.8623
9.5301,2.7546,4.1709
3.3012,8.695,4.1689
9.6772,2.7574,10.201
3.4469,8.6936,10.202
9.4608,8.7692,4.1699
9.6044,8.7728,10.201
-9.5181,-11.898,-12.621
-3.3599,-11.823,-12.618
-9.5902,-5.8849,-12.615
-12.485,-8.9128,-12.597
-6.3248,-8.8378,-12.595
-12.559,-2.8995,-12.593
-9.6624,-11.901,-6.5837
-9.5181,-11.898,-0.55769
-3.5042,-11.827,-6.5867
-9.7352,-5.887,-6.5887
-3.3599,-11.823,-0.55469
-9.5902,-5.8849,-0.55169
-12.631,-8.9142,-6.5617
-12.485,-8.9128,-0.53369
-6.4705,-8.8392,-6.5607
-12.702,-2.9009,-6.5647
-6.3248,-8.8378,-0.53169
-12.559,-2.8995,-0.52969
-6.9966,-12.372,-9.4737
-13.236,-6.4379,-9.4747
-6.8474,-12.378,-3.4427
-13.081,-6.4294,-3.4427
-13.16,-12.44,-9.4737
-0.84475,-12.301,-9.4747
-7.068,-6.3636,-9.4737
-13.018,-12.448,-3.4427
-0.69838,-12.305,-3.4437
-6.928,-6.3566,-3.4417
-9.6624,-11.901,5.4795
-9.5181,-11.898,11.506
-3.5042,-11.827,5.4765
-9.7352,-5.887,5.4745
-3.3599,-11.823,11.509
-9.5902,-5.8849,11.512
-12.631,-8.9142,5.5015
-12.485,-8.9128,11.53
-6.4705,-8.8392,5.5025
-12.702,-2.9009,5.4985
-6.3248,-8.8378,11.532
-12.559,-2.8995,11.534
-6.9966,-12.372,2.5895
-13.236,-6.4379,2.5885
-6.8474,-12.378,8.6205
-13.081,-6.4294,8.6205
-13.16,-12.44,2.5895
-0.84475,-12.301,2.5885
-7.068,-6.3636,2.5895
-13.018,-12.448,8.6205
-0.69838,-12.305,8.6195
-6.928,-6.3566,8.6215
-13.016,-0.12986,-9.681
-12.87,-0.1334,-3.65
-13.016,-0.12986,2.3822
-12.87,-0.1334,8.4132
2.8001,-12.335,-12.2
8.8883,-6.2437,-12.203
8.959,-12.255,-12.202
12.152,-9.1994,-12.181
5.9955,-9.2722,-12.183
12.079,-3.1861,-12.177
2.6558,-12.336,-6.1667
8.7433,-6.2458,-6.1697
2.8001,-12.335,-0.13672
8.8883,-6.2437,-0.13972
8.8147,-12.258,-6.1707
8.959,-12.255,-0.13872
12.007,-9.2008,-6.1457
12.152,-9.1994,-0.11772
5.8491,-9.2729,-6.1417
11.936,-3.1876,-6.1487
5.9955,-9.2722,-0.11972
12.079,-3.1861,-0.11372
5.3202,-12.81,-9.0577
11.401,-6.7245,-9.0587
5.468,-12.815,-3.0267
11.557,-6.716,-3.0267
11.478,-12.726,-9.0577
11.62,-12.734,-3.0267
2.6558,-12.336,5.8965
8.7433,-6.2458,5.8935
2.8001,-12.335,11.926
8.8883,-6.2437,11.923
8.8147,-12.258,5.8925
8.959,-12.255,11.924
12.007,-9.2008,5.9175
12.152,-9.1994,11.945
5.8491,-9.2729,5.9215
11.936,-3.1876,5.9145
5.9955,-9.2722,11.943
12.079,-3.1861,11.949
5.3202,-12.81,3.0055
11.401,-6.7245,3.0045
5.468,-12.815,9.0365
11.557,-6.716,9.0365
11.478,-12.726,3.0055
11.62,-12.734,9.0365
-3.1396,-6.0995,-12.41
-9.3713,-0.16334,-12.406
2.9479,-0.013435,-12.411
-3.2831,5.9277,-12.409
3.0186,-6.0267,-12.408
-3.2124,-0.084146,-12.408
9.1061,0.062225,-12.408
2.8758,5.9998,-12.405
0.12445,-9.0566,-12.385
-6.1059,-3.1148,-12.381
6.2119,-2.9677,-12.38
-0.019092,2.972,-12.387
0.050912,-3.042,-12.384
-6.1759,2.8991,-12.389
6.1412,3.0469,-12.385
-0.092631,8.9852,-12.383
-3.2852,-6.1023,-6.376
-9.5155,-0.16476,-6.373
2.8037,-0.016263,-6.374
-3.4281,5.9256,-6.376
-3.1396,-6.0995,-0.347
-9.3713,-0.16334,-0.343
2.9479,-0.013435,-0.348
-3.2831,5.9277,-0.346
2.8737,-6.0302,-6.377
-3.3566,-0.086974,-6.377
8.9619,0.057983,-6.377
2.7308,5.9977,-6.379
3.0186,-6.0267,-0.345
-3.2124,-0.084146,-0.345
9.1061,0.062225,-0.345
2.8758,5.9998,-0.342
-0.021213,-9.058,-6.354
-6.2508,-3.1169,-6.355
6.0677,-2.9691,-6.356
-0.16476,2.9706,-6.352
0.12445,-9.0566,-0.322
-6.1059,-3.1148,-0.318
6.2119,-2.9677,-0.317
-0.019092,2.972,-0.324
-0.092631,-3.0427,-6.357
-6.3222,2.8984,-6.348
5.9956,3.0455,-6.351
-0.23547,8.9838,-6.355
0.050912,-3.042,-0.321
-6.1759,2.8991,-0.326
6.1412,3.0469,-0.322
-0.092631,8.9852,-0.32
-0.62508,-6.5789,-9.265
-6.8512,-0.63852,-9.264
5.4695,-0.4872,-9.264
-0.77004,5.4468,-9.265
-0.47518,-6.5789,-3.234
-6.7034,-0.64347,-3.233
5.6187,-0.49356,-3.233
-0.61448,5.4553,-3.233
5.5338,-6.511,-9.265
-0.69367,-0.55508,-9.264
11.621,-0.41649,-9.265
5.3981,5.5211,-9.264
5.6837,-6.4884,-3.232
-0.55154,-0.56286,-3.233
11.768,-0.42002,-3.234
5.5381,5.5282,-3.232
-3.2852,-6.1023,5.6872
-9.5155,-0.16476,5.6902
2.8037,-0.016263,5.6892
-3.4281,5.9256,5.6872
-3.1396,-6.0995,11.716
-9.3713,-0.16334,11.72
2.9479,-0.013435,11.715
-3.2831,5.9277,11.717
2.8737,-6.0302,5.6862
-3.3566,-0.086974,5.6862
8.9619,0.057983,5.6862
2.7308,5.9977,5.6842
3.0186,-6.0267,11.718
-3.2124,-0.084146,11.718
9.1061,0.062225,11.718
2.8758,5.9998,11.721
-0.021213,-9.058,5.7092
-6.2508,-3.1169,5.7082
6.0677,-2.9691,5.7072
-0.16476,2.9706,5.7112
0.12445,-9.0566,11.741
-6.1059,-3.1148,11.745
6.2119,-2.9677,11.746
-0.019092,2.972,11.739
-0.092631,-3.0427,5.7062
-6.3222,2.8984,5.7152
5.9956,3.0455,5.7122
-0.23547,8.9838,5.7082
0.050912,-3.042,11.742
-6.1759,2.8991,11.737
6.1412,3.0469,11.741
-0.092631,8.9852,11.743
-0.62508,-6.5789,2.7982
-6.8512,-0.63852,2.7992
5.4695,-0.4872,2.7992
-0.77004,5.4468,2.7982
-0.47518,-6.5789,8.8292
-6.7034,-0.64347,8.8302
5.6187,-0.49356,8.8302
-0.61448,5.4553,8.8302
5.5338,-6.511,2.7982
-0.69367,-0.55508,2.7992
11.621,-0.41649,2.7982
5.3981,5.5211,2.7992
5.6837,-6.4884,8.8312
-0.55154,-0.56286,8.8302
11.768,-0.42002,8.8292
5.5381,5.5282,8.8312
-9.2234,12.158,-12.617
-9.1527,6.1447,-12.614
-3.0652,12.234,-12.614
-12.047,3.1147,-12.591
-5.9594,9.2036,-12.586
-12.12,9.1294,-12.59
-9.3677,12.155,-6.5803
-9.2234,12.158,-0.55428
-9.2977,6.1411,-6.5833
-3.2095,12.229,-6.5833
-9.1527,6.1447,-0.55128
-3.0652,12.234,-0.55128
-12.193,3.1133,-6.5603
-6.1037,9.2022,-6.5623
-12.047,3.1147,-0.52828
-5.9594,9.2036,-0.52328
-12.264,9.1287,-6.5633
-12.12,9.1294,-0.52728
-12.796,5.5924,-9.4713
-6.7019,11.684,-9.4703
-12.647,5.5924,-3.4403
-6.5527,11.678,-3.4393
-6.6375,5.6603,-9.4713
-12.865,11.616,-9.4703
-0.55005,11.755,-9.4713
-6.4876,5.6829,-3.4383
-12.723,11.608,-3.4393
-0.40368,11.751,-3.4403
-9.3677,12.155,5.4829
-9.2234,12.158,11.509
-9.2977,6.1411,5.4799
-3.2095,12.229,5.4799
-9.1527,6.1447,11.512
-3.0652,12.234,11.512
-12.193,3.1133,5.5029
-6.1037,9.2022,5.5009
-12.047,3.1147,11.535
-5.9594,9.2036,11.54
-12.264,9.1287,5.4999
-12.12,9.1294,11.536
-12.796,5.5924,2.5919
-6.7019,11.684,2.5929
-12.647,5.5924,8.6229
-6.5527,11.678,8.6239
-6.6375,5.6603,2.5919
-12.865,11.616,2.5929
-0.55005,11.755,2.5919
-6.4876,5.6829,8.6249
-12.723,11.608,8.6239
-0.40368,11.751,8.6229
9.3265,5.7852,-12.201
3.0948,11.721,-12.197
9.2537,11.801,-12.199
12.59,2.8281,-12.176
6.3602,8.7699,-12.172
12.517,8.8428,-12.175
9.1808,5.7824,-6.1663
2.9505,11.72,-6.1633
9.3265,5.7852,-0.13731
3.0948,11.721,-0.13331
9.1094,11.798,-6.1673
9.2537,11.801,-0.13531
12.445,2.8267,-6.1443
6.2152,8.7678,-6.1453
12.59,2.8281,-0.11231
6.3602,8.7699,-0.10831
12.373,8.842,-6.1473
12.517,8.8428,-0.11131
11.841,5.3058,-9.0553
5.6149,11.246,-9.0543
11.991,5.3058,-3.0243
5.7627,11.241,-3.0233
11.772,11.33,-9.0543
11.915,11.322,-3.0233
9.1808,5.7824,5.8969
2.9505,11.72,5.8999
9.3265,5.7852,11.926
3.0948,11.721,11.93
9.1094,11.798,5.8959
9.2537,11.801,11.928
12.445,2.8267,5.9189
6.2152,8.7678,5.9179
12.59,2.8281,11.951
6.3602,8.7699,11.955
12.373,8.842,5.9159
12.517,8.8428,11.952
11.841,5.3058,3.0079
5.6149,11.246,3.0089
11.991,5.3058,9.0389
5.7627,11.241,9.0399
11.772,11.33,3.0089
11.915,11.322,9.0399
0,0,0
-0.072125,6.0132,0.001
0.071418,-6.0154,0
-0.14566,-0.0014142,-6.03
-0.14566,-0.0014142,6.0332
6.1589,0.074953,0.002
-6.1603,-0.073539,0.002
6.0147,0.073539,-6.029
-0.21708,6.0111,-6.031
-0.21708,6.0111,6.0322
-0.074246,-6.0168,-6.031
6.0147,0.073539,6.0342
-0.074246,-6.0168,6.0322
-6.0868,-6.0868,0.002
6.231,-5.9397,0.003
-5.9403,6.2317,-0.20328
6.3793,5.798,0.21169
-6.3046,-0.074953,-6.029
-6.3046,-0.074953,6.0342
6.2322,5.7965,-5.8203
6.0861,-5.9404,-6.031
6.0861,-5.9404,6.0322
-6.0853,6.2309,5.8259
6.2322,5.7965,6.2429
-6.2339,-6.0882,-6.03
-6.2339,-6.0882,6.0332
-6.0853,6.2309,-6.2373
0.14213,-12.03,0.001
-12.029,0.14135,-0.20528
0.43682,12.026,0.00441
0,0,12.063
0,0,-12.063
12.608,-0.14528,0.21069
-6.3071,-11.81,-0.20769
6.3057,11.811,0.21169
0.29187,12.024,-6.0266
0.29187,12.024,6.0366
-0.0028284,-12.032,-6.03
-0.0028284,-12.032,6.0332
-0.072125,6.0132,-12.062
-0.072125,6.0132,12.064
0.071418,-6.0154,12.063
0.071418,-6.0154,-12.063
-12.174,0.13922,5.8269
6.1589,0.074953,-12.061
-6.1603,-0.073539,-12.061
6.1589,0.074953,12.065
-6.1603,-0.073539,12.065
-12.1,6.156,-0.20628
12.099,-6.1581,0.20728
6.011,-12.245,0.20828
-6.0125,12.246,-0.20428
-12.174,0.13922,-6.2363
12.463,-0.1474,-5.8203
12.537,5.8694,0.20969
-12.538,-5.8715,-0.20869
12.463,-0.1474,6.2429
6.1615,11.81,-5.8193
6.3793,5.798,-11.852
-5.9403,6.2317,11.86
11.954,-6.1602,-5.8247
-6.4514,-11.811,5.8245
6.1615,11.81,6.2439
5.8668,-12.246,-5.8227
6.231,-5.9397,-12.06
-6.0868,-6.0868,-12.061
-6.0868,-6.0868,12.065
6.231,-5.9397,12.066
11.954,-6.1602,6.2385
-6.4514,-11.811,-6.2387
-12.246,6.1546,5.8259
-6.1567,12.245,5.8279
12.392,5.868,-5.8213
5.8668,-12.246,6.2405
-5.9403,6.2317,-12.266
6.3793,5.798,12.275
-6.1567,12.245,-6.2353
-12.246,6.1546,-6.2373
12.392,5.868,6.2419
-12.683,-5.8736,5.8225
-12.683,-5.8736,-6.2407
-12.029,0.14135,11.858
0.43682,12.026,-12.059
0.14213,-12.03,-12.062
0.14213,-12.03,12.064
0.43682,12.026,12.068
-12.029,0.14135,-12.268
12.171,-12.171,0.20628
-12.171,12.171,-0.20628
-12.466,-11.885,-0.20969
12.466,11.885,0.20969
12.608,-0.14528,-11.853
12.608,-0.14528,12.274
6.3057,11.811,-11.852
-6.3071,-11.81,11.856
12.099,-6.1581,-11.856
-12.1,6.156,11.857
6.011,-12.245,-11.855
12.026,-12.173,-5.8237
-6.0125,12.246,11.859
12.32,11.883,-5.8203
-6.3071,-11.81,-12.271
6.3057,11.811,12.275
12.026,-12.173,6.2395
12.32,11.883,6.2429
12.537,5.8694,-11.854
-12.538,-5.8715,11.855
-12.317,12.17,5.8269
-12.612,-11.886,5.8235
-12.1,6.156,-12.269
12.099,-6.1581,12.27
-6.0125,12.246,-12.267
6.011,-12.245,12.271
-12.317,12.17,-6.2363
-12.612,-11.886,-6.2397
12.537,5.8694,12.273
-12.538,-5.8715,-12.272
12.171,-12.171,-11.857
-12.171,12.171,11.857
-12.466,-11.885,11.854
12.466,11.885,-11.854
12.171,-12.171,12.269
-12.171,12.171,-12.269
-12.466,-11.885,-12.273
12.466,11.885,12.273
