-4.3134,-9.4834,-10.408
-4.1819,-9.4919,-3.9866
-10.835,-9.5406,-10.413
2.2096,-9.4303,-10.424
-4.3587,-3.0812,-10.433
-10.694,-9.5413,-3.9656
2.3447,-9.4325,-3.9646
-4.2356,-3.0855,-3.9756
-4.3134,-9.4834,2.4786
-4.1819,-9.4919,8.8996
-10.835,-9.5406,2.4736
2.2096,-9.4303,2.4626
-4.3587,-3.0812,2.4536
-10.694,-9.5413,8.9206
2.3447,-9.4325,8.9216
-4.2356,-3.0855,8.9106
-10.66,-2.906,-10.58
-10.538,-2.9096,-4.1609
-10.727,3.5067,-10.6
-10.592,3.5046,-4.1409
-10.66,-2.906,2.3062
-10.538,-2.9096,8.7252
-10.727,3.5067,2.2862
-10.592,3.5046,8.7452
8.9668,-9.6032,-10.248
2.3985,-3.2357,-10.247
8.8494,3.2378,-10.235
9.1033,-9.6039,-3.82
2.5095,-3.2407,-3.796
8.981,3.2294,-3.814
8.9223,-3.1806,-10.244
2.3278,3.1806,-10.24
8.8042,9.64,-10.26
9.0227,-3.1707,-3.789
2.4685,3.1799,-3.793
8.9272,9.6357,-3.803
8.9668,-9.6032,2.6381
2.3985,-3.2357,2.6391
8.8494,3.2378,2.6511
9.1033,-9.6039,9.0661
2.5095,-3.2407,9.0901
8.981,3.2294,9.0721
8.9223,-3.1806,2.6421
2.3278,3.1806,2.6461
8.8042,9.64,2.6261
9.0227,-3.1707,9.0971
2.4685,3.1799,9.0931
8.9272,9.6357,9.0831
-3.9702,3.3338,-10.424
-10.539,9.7013,-10.423
2.5026,9.8152,-10.407
-3.8337,3.3331,-3.9964
-10.428,9.6964,-3.9724
2.625,9.8116,-3.9884
-4.0148,9.7565,-10.42
-3.9144,9.7664,-3.9654
-3.9702,3.3338,2.4618
-10.539,9.7013,2.4628
2.5026,9.8152,2.4788
-3.8337,3.3331,8.8898
-10.428,9.6964,8.9138
2.625,9.8116,8.8978
-4.0148,9.7565,2.4658
-3.9144,9.7664,8.9208
-9.9172,-9.5845,-9.2226
-9.7829,-9.5859,-2.7716
-3.3977,-9.5307,-9.2166
-9.9696,-3.1767,-9.2096
-3.2754,-9.5272,-2.7876
-9.8515,-3.1717,-2.7866
-9.9172,-9.5845,3.6636
-9.7829,-9.5859,10.115
-3.3977,-9.5307,3.6696
-9.9696,-3.1767,3.6766
-3.2754,-9.5272,10.099
-9.8515,-3.1717,10.1
9.6596,-9.8661,-8.8786
9.7876,-9.8625,-2.4436
9.6596,-9.8661,4.0075
9.7876,-9.8625,10.442
3.3489,-9.6902,-9.061
-3.2223,-3.3383,-9.068
9.8415,-3.2202,-9.054
3.2456,3.1367,-9.05
3.4818,-9.7029,-2.601
-3.1063,-3.351,-2.606
9.9412,-3.2237,-2.601
3.38,3.1353,-2.599
3.31,-3.2845,-9.053
-3.2774,3.071,-9.055
9.7651,3.1905,-9.044
3.1933,9.5445,-9.037
3.4288,-3.2859,-2.607
-3.1495,3.0745,-2.62
9.8875,3.194,-2.615
3.3114,9.5495,-2.614
3.3489,-9.6902,3.8251
-3.2223,-3.3383,3.8181
9.8415,-3.2202,3.8321
3.2456,3.1367,3.8361
3.4818,-9.7029,10.285
-3.1063,-3.351,10.28
9.9412,-3.2237,10.285
3.38,3.1353,10.287
3.31,-3.2845,3.8331
-3.2774,3.071,3.8311
9.7651,3.1905,3.8421
3.1933,9.5445,3.8491
3.4288,-3.2859,10.279
-3.1495,3.0745,10.266
9.8875,3.194,10.271
3.3114,9.5495,10.272
-9.5882,3.2468,-9.2374
-3.0955,9.7169,-9.2304
-9.4552,3.2341,-2.7774
-2.9958,9.7133,-2.7774
-9.6271,9.6525,-9.2294
-9.5083,9.6511,-2.7834
-9.5882,3.2468,3.6488
-3.0955,9.7169,3.6558
-9.4552,3.2341,10.109
-2.9958,9.7133,10.109
-9.6271,9.6525,3.6568
-9.5083,9.6511,10.103
9.9406,9.383,-8.8954
10.057,9.3702,-2.4334
9.9406,9.383,3.9907
10.057,9.3702,10.453
-3.7046,-12.764,-13.595
-10.291,-6.4124,-13.6
-10.223,-12.824,-13.606
2.817,-12.709,-13.609
-3.7668,-6.3516,-13.602
-6.7148,-9.5329,-13.31
-13.229,-9.5887,-13.361
-0.20725,-9.4685,-13.406
-6.7642,-3.1166,-13.379
-3.8234,-12.766,-7.1576
-10.403,-6.4075,-7.1496
-3.7046,-12.764,-0.70855
-10.291,-6.4124,-0.71355
-10.346,-12.816,-7.1706
2.7039,-12.706,-7.1566
-3.8814,-6.3431,-7.1566
-10.223,-12.824,-0.71955
2.817,-12.709,-0.72255
-3.7668,-6.3516,-0.71555
-6.8215,-9.5322,-6.8976
-6.7148,-9.5329,-0.42355
-13.363,-9.5923,-6.8206
-0.31543,-9.4777,-6.8226
-6.9021,-3.1187,-6.8306
-13.229,-9.5887,-0.47455
-0.20725,-9.4685,-0.51955
-6.7642,-3.1166,-0.49255
-14.092,-12.696,-10.08
-1.0268,-12.552,-10.097
-7.6142,-6.2151,-10.105
-13.988,-12.773,-3.6376
-0.92567,-12.645,-3.6586
-7.4961,-6.2795,-3.6656
-7.5647,-12.646,-10.096
5.4687,-12.593,-10.103
-1.0933,-6.2123,-10.097
-7.4558,-12.675,-3.6536
5.6115,-12.535,-3.6526
-0.96456,-6.1586,-3.6476
-3.8234,-12.766,5.7286
-10.403,-6.4075,5.7366
-3.7046,-12.764,12.178
-10.291,-6.4124,12.173
-10.346,-12.816,5.7156
2.7039,-12.706,5.7296
-3.8814,-6.3431,5.7296
-10.223,-12.824,12.167
2.817,-12.709,12.164
-3.7668,-6.3516,12.171
-6.8215,-9.5322,5.9886
-6.7148,-9.5329,12.463
-13.363,-9.5923,6.0656
-0.31543,-9.4777,6.0636
-6.9021,-3.1187,6.0556
-13.229,-9.5887,12.412
-0.20725,-9.4685,12.367
-6.7642,-3.1166,12.394
-14.092,-12.696,2.8066
-1.0268,-12.552,2.7896
-7.6142,-6.2151,2.7816
-13.988,-12.773,9.2486
-0.92567,-12.645,9.2276
-7.4961,-6.2795,9.2206
-7.5647,-12.646,2.7906
5.4687,-12.593,2.7836
-1.0933,-6.2123,2.7896
-7.4558,-12.675,9.2326
5.6115,-12.535,9.2336
-0.96456,-6.1586,9.2386
-10.12,0.22785,-13.785
-13.073,-2.9513,-13.445
-13.144,3.4685,-13.582
-10.233,0.23068,-7.3329
-10.12,0.22785,-0.89891
-13.178,-2.9499,-7.0929
-13.073,-2.9513,-0.55891
-13.252,3.4593,-6.9989
-13.144,3.4685,-0.69591
-13.964,0.38483,-10.273
-13.863,0.2922,-3.8349
-13.925,-6.1368,-10.267
-7.4683,0.34382,-10.279
-14.03,6.7247,-10.273
-13.803,-6.0392,-3.8179
-7.3255,0.4018,-3.8289
-13.902,6.7785,-3.8239
-10.233,0.23068,5.5532
-10.12,0.22785,11.987
-13.178,-2.9499,5.7932
-13.073,-2.9513,12.327
-13.252,3.4593,5.8872
-13.144,3.4685,12.19
-13.964,0.38483,2.6132
-13.863,0.2922,9.0512
-13.925,-6.1368,2.6192
-7.4683,0.34382,2.6072
-14.03,6.7247,2.6132
-13.803,-6.0392,9.0682
-7.3255,0.4018,9.0572
-13.902,6.7785,9.0622
9.3407,-13.1,-13.26
12.871,-9.8046,-13.012
9.2212,-13.096,-6.8236
9.3407,-13.1,-0.37364
12.737,-9.8081,-6.4716
12.871,-9.8046,-0.12564
12.008,-12.912,-9.7306
12.112,-12.989,-3.2886
9.2212,-13.096,6.0625
9.3407,-13.1,12.512
12.737,-9.8081,6.4145
12.871,-9.8046,12.76
12.008,-12.912,3.1555
12.112,-12.989,9.5975
2.9854,-6.5181,-13.426
-3.5963,-0.16263,-13.436
9.4583,-0.042426,-13.422
2.8723,6.3088,-13.427
9.5085,-6.4552,-13.435
2.9394,-0.10253,-13.433
9.396,6.3696,-13.429
6.5521,-9.6464,-13.094
-0.0070711,-3.2838,-13.134
13.027,-3.1671,-13.096
6.4481,3.1883,-13.137
6.5061,-3.2265,-13.152
-0.066468,3.1325,-13.188
12.956,3.2527,-13.233
6.3986,9.6046,-13.206
2.8595,-6.5209,-6.996
-3.7158,-0.1591,-7
9.3395,-0.045255,-6.985
2.7598,6.3138,-6.977
2.9854,-6.5181,-0.54
-3.5963,-0.16263,-0.55
9.4583,-0.042426,-0.536
2.8723,6.3088,-0.541
9.3939,-6.4495,-6.989
2.8171,-0.094752,-6.998
9.2815,6.3781,-6.984
9.5085,-6.4552,-0.549
2.9394,-0.10253,-0.547
9.396,6.3696,-0.543
6.4538,-9.6456,-6.739
-0.12657,-3.2789,-6.727
12.922,-3.1657,-6.744
6.3413,3.1891,-6.725
6.5521,-9.6464,-0.208
-0.0070711,-3.2838,-0.248
13.027,-3.1671,-0.21
6.4481,3.1883,-0.251
6.3845,-3.2294,-6.69
-0.20011,3.1289,-6.648
12.847,3.2435,-6.65
6.2607,9.6025,-6.658
6.5061,-3.2265,-0.266
-0.066468,3.1325,-0.302
12.956,3.2527,-0.347
6.3986,9.6046,-0.32
5.6533,-6.3406,-9.919
-0.92914,0.025456,-9.907
12.136,0.169,-9.924
5.5487,6.5061,-9.932
5.7587,-6.412,-3.484
-0.82519,-0.051619,-3.465
12.237,0.076368,-3.486
5.6668,6.4417,-3.493
12.175,-6.3526,-9.918
5.5982,0.07566,-9.923
12.07,6.5089,-9.924
12.297,-6.2551,-3.469
5.7071,0.045962,-3.481
12.198,6.5627,-3.475
2.8595,-6.5209,5.8901
-3.7158,-0.1591,5.8861
9.3395,-0.045255,5.9011
2.7598,6.3138,5.9091
2.9854,-6.5181,12.346
-3.5963,-0.16263,12.336
9.4583,-0.042426,12.35
2.8723,6.3088,12.345
9.3939,-6.4495,5.8971
2.8171,-0.094752,5.8881
9.2815,6.3781,5.9021
9.5085,-6.4552,12.337
2.9394,-0.10253,12.339
9.396,6.3696,12.343
6.4538,-9.6456,6.1471
-0.12657,-3.2789,6.1591
12.922,-3.1657,6.1421
6.3413,3.1891,6.1611
6.5521,-9.6464,12.678
-0.0070711,-3.2838,12.638
13.027,-3.1671,12.676
6.4481,3.1883,12.635
6.3845,-3.2294,6.1961
-0.20011,3.1289,6.2381
12.847,3.2435,6.2361
6.2607,9.6025,6.2281
6.5061,-3.2265,12.62
-0.066468,3.1325,12.584
12.956,3.2527,12.539
6.3986,9.6046,12.566
5.6533,-6.3406,2.9671
-0.92914,0.025456,2.9791
12.136,0.169,2.9621
5.5487,6.5061,2.9541
5.7587,-6.412,9.4021
-0.82519,-0.051619,9.4211
12.237,0.076368,9.4001
5.6668,6.4417,9.3931
12.175,-6.3526,2.9681
5.5982,0.07566,2.9631
12.07,6.5089,2.9621
12.297,-6.2551,9.4171
5.7071,0.045962,9.4051
12.198,6.5627,9.4111
-9.9516,6.4189,-13.602
-3.4788,12.895,-13.598
-3.4286,6.4819,-13.611
-9.9976,12.835,-13.609
3.0429,12.949,-13.612
-6.385,3.2907,-13.27
-12.944,9.6532,-13.31
0.089989,9.7699,-13.272
-6.4309,9.7105,-13.328
-10.077,6.4161,-7.1724
-3.5976,12.892,-7.1614
-9.9516,6.4189,-0.71636
-3.4788,12.895,-0.71236
-3.5431,6.4875,-7.1654
-10.12,12.842,-7.1744
2.9297,12.952,-7.1604
-3.4286,6.4819,-0.72536
-9.9976,12.835,-0.72336
3.0429,12.949,-0.72636
-6.4833,3.2914,-6.9154
-13.064,9.6582,-6.9034
-0.014663,9.7713,-6.9204
-6.385,3.2907,-0.38436
-12.944,9.6532,-0.42436
0.089989,9.7699,-0.38636
-6.5526,9.7077,-6.8664
-6.4309,9.7105,-0.44236
-7.2837,6.5964,-10.095
-13.866,12.962,-10.083
-0.80097,13.106,-10.1
-7.1784,6.525,-3.6604
-13.762,12.885,-3.6414
-0.69985,13.013,-3.6624
-0.76207,6.5844,-10.094
-7.3389,13.013,-10.099
5.6945,13.065,-10.106
-0.64045,6.682,-3.6454
-7.23,12.983,-3.6574
5.8374,13.123,-3.6564
-10.077,6.4161,5.7138
-3.5976,12.892,5.7248
-9.9516,6.4189,12.17
-3.4788,12.895,12.174
-3.5431,6.4875,5.7208
-10.12,12.842,5.7118
2.9297,12.952,5.7258
-3.4286,6.4819,12.161
-9.9976,12.835,12.163
3.0429,12.949,12.16
-6.4833,3.2914,5.9708
-13.064,9.6582,5.9828
-0.014663,9.7713,5.9658
-6.385,3.2907,12.502
-12.944,9.6532,12.462
0.089989,9.7699,12.5
-6.5526,9.7077,6.0198
-6.4309,9.7105,12.444
-7.2837,6.5964,2.7908
-13.866,12.962,2.8028
-0.80097,13.106,2.7858
-7.1784,6.525,9.2258
-13.762,12.885,9.2448
-0.69985,13.013,9.2238
-0.76207,6.5844,2.7918
-7.3389,13.013,2.7868
5.6945,13.065,2.7798
-0.64045,6.682,9.2408
-7.23,12.983,9.2288
5.8374,13.123,9.2298
9.5665,12.559,-13.264
13.156,9.4374,-12.962
9.447,12.562,-6.8274
9.5665,12.559,-0.37745
13.036,9.4424,-6.5544
13.156,9.4374,-0.075449
12.234,12.747,-9.7344
12.338,12.67,-3.2924
9.447,12.562,6.0587
9.5665,12.559,12.509
13.036,9.4424,6.3317
13.156,9.4374,12.811
12.234,12.747,3.1517
12.338,12.67,9.5937
0,0,0
-0.057983,6.4149,0.003
0.05374,-6.4177,0
-0.12374,0.00070711,-6.432
-0.12374,0.00070711,6.4541
6.5195,0.067882,0.006
-6.5301,-0.054447,0.006
-0.070711,-6.4064,-6.43
6.3972,0.05869,-6.44
6.3972,0.05869,6.4461
-0.1789,6.4241,-6.433
-0.070711,-6.4064,6.4561
-0.1789,6.4241,6.4531
6.5754,-6.3519,0
6.4644,6.4828,-0.002
-6.6985,-6.2385,-0.17455
-6.3617,6.5851,-0.17636
-6.6546,-0.054447,-6.437
-6.6546,-0.054447,6.4491
6.4552,-6.3604,6.4391
6.3413,6.4771,-6.438
6.4552,-6.3604,-6.447
6.3413,6.4771,6.4481
-6.4819,6.5766,6.2628
-6.8215,-6.2441,6.2756
-6.4819,6.5766,-6.6234
-6.8215,-6.2441,-6.6106
-0.11957,-12.601,-0.17455
0,0,-12.886
0,0,12.886
13.043,0.12021,-0.002
0.10625,13.057,-0.17836
-13.057,0.33604,-0.35091
-0.23977,-12.604,6.2716
-0.23977,-12.604,-6.6146
-6.6433,-12.653,-0.16655
6.6327,12.667,0.17855
-0.057983,6.4149,-12.883
0.05374,-6.4177,-12.886
0.05374,-6.4177,12.886
-0.057983,6.4149,12.889
6.5195,0.067882,-12.88
12.879,-6.5222,0.17936
-12.883,6.5193,-0.17636
12.923,0.11738,-6.442
-6.5301,-0.054447,-12.88
12.923,0.11738,6.4441
6.5195,0.067882,12.892
-6.5301,-0.054447,12.892
-0.013955,13.054,6.2678
6.4069,-12.991,0.18236
-6.4175,13.005,-0.17036
-13.177,0.33321,6.0952
-0.013955,13.054,-6.6184
13.217,6.3035,0.17255
-13.221,-6.3063,-0.16955
-13.177,0.33321,-6.7909
6.5083,12.667,-6.2644
12.758,-6.513,-6.2566
-6.6985,-6.2385,12.712
-6.3617,6.5851,12.71
-6.7657,-12.663,6.2736
6.5083,12.667,6.6217
6.2825,-12.991,-6.2606
12.758,-6.513,6.6295
6.5754,-6.3519,-12.886
6.5754,-6.3519,12.886
6.4644,6.4828,12.884
-6.7657,-12.663,-6.6126
6.4644,6.4828,-12.888
13.092,6.3148,-6.2574
-6.5398,12.996,6.2698
-13.008,6.5307,6.2798
6.2825,-12.991,6.6255
-6.6985,-6.2385,-13.061
-6.3617,6.5851,-13.062
13.092,6.3148,6.6287
-6.5398,12.996,-6.6164
-13.008,6.5307,-6.6064
-13.342,-6.2971,6.2806
-13.342,-6.2971,-6.6056
-0.11957,-12.601,12.712
-13.057,0.33604,12.535
-0.11957,-12.601,-13.061
0.10625,13.057,12.708
-12.937,12.937,-0.17636
12.937,-12.937,0.17636
-13.163,-12.721,-0.17255
13.163,12.721,0.17255
13.043,0.12021,12.884
13.043,0.12021,-12.888
0.10625,13.057,-13.064
-13.057,0.33604,-13.237
6.6327,12.667,-12.708
-6.6433,-12.653,12.72
12.879,-6.5222,-12.707
-12.883,6.5193,12.71
12.813,-12.936,-6.2556
13.039,12.722,-6.2594
6.4069,-12.991,-12.704
-6.4175,13.005,12.716
-6.6433,-12.653,-13.053
6.6327,12.667,13.065
12.813,-12.936,6.6305
13.039,12.722,6.6267
13.217,6.3035,-12.714
-13.221,-6.3063,12.717
-13.061,12.938,6.2778
-13.287,-12.721,6.2816
-12.883,6.5193,-13.062
12.879,-6.5222,13.065
6.4069,-12.991,13.068
-6.4175,13.005,-13.056
-13.061,12.938,-6.6084
-13.287,-12.721,-6.6046
13.217,6.3035,13.059
-13.221,-6.3063,-13.056
12.937,-12.937,-12.71
-12.937,12.937,12.71
-13.163,-12.721,12.714
13.163,12.721,-12.714
-12.937,12.937,-13.062
12.937,-12.937,13.062
-13.163,-12.721,-13.059
13.163,12.721,13.059
