-8.7028,-3.3005,-2.9367
-9.5231,-9.1058,-9.8717
-9.1009,-8.9425,-4.0267
-8.7028,-3.3005,9.1265
-9.5231,-9.1058,2.1915
-9.1009,-8.9425,8.0365
9.6696,-8.5227,-9.3847
9.4808,-8.5983,-2.7027
9.5445,-2.9952,-3.4507
9.6696,-8.5227,2.6785
9.4808,-8.5983,9.3605
9.5445,-2.9952,8.6125
3.1339,-2.4155,-8.938
-2.5017,3.6487,-9.591
-2.122,-9.5028,-9.476
-8.2321,-2.9571,-9.194
3.5065,-2.0046,-3.228
-2.6905,3.573,-2.909
-2.4508,-9.0679,-3.924
3.7632,8.5843,-2.727
2.6319,-8.8699,-10
-3.3899,-2.7492,-9.623
8.9774,-2.7464,-9.663
2.943,2.7789,-9.662
2.6976,-8.4322,-4.035
-2.0994,-3.3976,-3.91
-2.6269,9.1761,-3.657
3.3651,2.9423,-3.817
3.1339,-2.4155,3.1252
-2.5017,3.6487,2.4722
-2.122,-9.5028,2.5872
-8.2321,-2.9571,2.8692
3.5065,-2.0046,8.8352
-2.6905,3.573,9.1542
-2.4508,-9.0679,8.1392
3.7632,8.5843,9.3362
2.6319,-8.8699,2.0632
-3.3899,-2.7492,2.4402
8.9774,-2.7464,2.4002
2.943,2.7789,2.4012
2.6976,-8.4322,8.0282
-2.0994,-3.3976,8.1532
-2.6269,9.1761,8.4062
3.3651,2.9423,8.2462
-9.0375,9.7559,-9.1443
-8.6648,10.167,-3.4343
-9.5395,3.3014,-10.206
-3.1939,9.425,-9.8693
-9.4737,3.7391,-4.2413
-9.0375,9.7559,2.9189
-8.6648,10.167,8.6289
-9.5395,3.3014,1.8569
-3.1939,9.425,2.1939
-9.4737,3.7391,7.8219
10.344,2.3819,-9.2663
4.2339,8.9276,-8.9843
10.015,2.8168,-3.7143
9.0762,9.1355,-9.4133
10.367,8.4871,-3.7003
10.344,2.3819,2.7969
4.2339,8.9276,3.0789
10.015,2.8168,8.3489
9.0762,9.1355,2.6499
10.367,8.4871,8.3629
-3.1471,-9.3469,-8.3807
-9.7204,-2.7086,-10.291
-3.8287,-9.2677,-3.2247
-9.6673,-2.3034,-3.4677
-8.6378,-8.6504,-8.7667
-10.427,-8.7388,-3.3767
-3.1471,-9.3469,3.6825
-9.7204,-2.7086,1.7725
-3.8287,-9.2677,8.8385
-9.6673,-2.3034,8.5955
-8.6378,-8.6504,3.2965
-10.427,-8.7388,8.6865
9.0141,-8.918,-8.0857
8.8571,-9.9249,-3.0157
3.4853,-9.2298,-8.8107
9.5996,-2.9655,-8.2507
3.6514,-9.2715,-3.2047
9.0141,-8.918,3.9775
8.8571,-9.9249,9.0475
3.4853,-9.2298,3.2525
9.5996,-2.9655,3.8125
3.6514,-9.2715,8.8585
9.319,2.5378,-8.171
2.7457,9.1761,-10.081
3.899,-3.5992,-9.414
-3.1572,3.2534,-8.292
8.6373,2.617,-3.015
2.7987,9.5813,-3.258
2.7422,-2.5088,-2.04
-3.3142,2.2465,-3.222
-2.2861,-3.0681,-8.679
-8.6861,2.9416,-9.017
3.8283,3.2343,-8.557
-2.5717,9.2058,-8.457
-2.6403,-4.1238,-2.726
-8.5199,2.8998,-3.411
2.0386,3.1459,-3.167
9.389,-2.9204,-2.248
9.319,2.5378,3.8922
2.7457,9.1761,1.9822
3.899,-3.5992,2.6492
-3.1572,3.2534,3.7712
8.6373,2.617,9.0482
2.7987,9.5813,8.8052
2.7422,-2.5088,10.023
-3.3142,2.2465,8.8412
-2.2861,-3.0681,3.3842
-8.6861,2.9416,3.0462
3.8283,3.2343,3.5062
-2.5717,9.2058,3.6062
-2.6403,-4.1238,9.3372
-8.5199,2.8998,8.6522
2.0386,3.1459,8.8962
9.389,-2.9204,9.8152
-8.2724,8.5722,-9.6203
-9.4292,9.6625,-2.2463
-2.7824,9.251,-2.4543
-8.2724,8.5722,2.4429
-9.4292,9.6625,9.8169
-2.7824,9.251,9.6089
10.18,8.8166,-8.4693
9.8257,7.7609,-2.5163
10.18,8.8166,3.5939
9.8257,7.7609,9.5469
-0.20913,-12.947,-8.9964
-0.20913,-12.947,3.0668
-9.0239,-11.513,-12.722
-2.8494,-11.664,-12.836
-6.3998,-8.6667,-12.895
-12.145,-2.6485,-13.058
-9.0182,-11.838,-6.8317
-9.0239,-11.513,-0.65869
-3.2524,-11.979,-6.2077
-8.8838,-5.3907,-5.9147
-2.8494,-11.664,-0.77269
-9.516,-5.6183,-12.029
-12.048,-8.7416,-6.5857
-12.33,-8.731,-12.158
-6.0236,-8.6554,-6.3947
-11.89,-2.7652,-5.7867
-6.3998,-8.6667,-0.83169
-12.145,-2.6485,-0.99469
-6.0604,-10.621,-9.5367
-12.284,-5.1403,-9.2277
-5.9395,-11.8,-3.4577
-12.496,-5.7909,-3.4857
-13.167,-11.461,-9.2517
-12.38,-0.77537,-9.2027
-6.8891,-5.8849,-9.3697
-11.846,-11.69,-3.2277
-9.0182,-11.838,5.2315
-9.0239,-11.513,11.405
-3.2524,-11.979,5.8555
-8.8838,-5.3907,6.1485
-2.8494,-11.664,11.291
-9.516,-5.6183,0.034526
-12.048,-8.7416,5.4775
-12.33,-8.731,-0.094474
-6.0236,-8.6554,5.6685
-11.89,-2.7652,6.2765
-6.3998,-8.6667,11.232
-12.145,-2.6485,11.069
-6.0604,-10.621,2.5265
-12.284,-5.1403,2.8355
-5.9395,-11.8,8.6055
-12.496,-5.7909,8.5775
-13.167,-11.461,2.8115
-12.38,-0.77537,2.8605
-6.8891,-5.8849,2.6935
-11.846,-11.69,8.8355
-9.516,-5.6183,12.098
-12.33,-8.731,11.969
3.2993,-12.681,-12.252
9.3542,-5.7749,-12.012
9.3627,-12.156,-12.74
5.9311,-8.9816,-12.196
12.492,-2.9351,-12.642
3.0744,-11.934,-6.0167
9.4143,-5.9905,-6.2357
3.2993,-12.681,-0.18872
9.3542,-5.7749,0.051279
9.1485,-12.029,-5.5997
9.3627,-12.156,-0.67672
12.589,-9.0283,-6.1697
12.307,-9.0177,-11.742
6.1185,-9.1053,-5.1757
12.748,-3.0518,-5.3707
5.9311,-8.9816,-0.13272
12.492,-2.9351,-0.57872
5.8611,-11.59,-9.0367
12.354,-5.427,-8.8117
5.6865,-12.866,-3.0367
12.142,-6.0775,-3.0697
6.1716,-7.2209,-8.5257
11.471,-11.748,-8.8357
12.257,-1.062,-8.7867
12.791,-11.977,-2.8117
3.0744,-11.934,6.0465
9.4143,-5.9905,5.8275
3.2993,-12.681,11.874
9.3542,-5.7749,12.114
9.1485,-12.029,6.4635
9.3627,-12.156,11.386
12.589,-9.0283,5.8935
12.307,-9.0177,0.32149
6.1185,-9.1053,6.8875
12.748,-3.0518,6.6925
5.9311,-8.9816,11.93
12.492,-2.9351,11.484
5.8611,-11.59,3.0265
12.354,-5.427,3.2515
5.6865,-12.866,9.0265
12.142,-6.0775,8.9935
6.1716,-7.2209,3.5375
11.471,-11.748,3.2275
12.257,-1.062,3.2765
12.791,-11.977,9.2515
12.307,-9.0177,12.385
-8.8721,-0.50982,-12.458
3.4422,0.37194,-12.512
-2.8171,6.3965,-12.218
3.3192,-5.3486,-12.203
-2.8086,0.015556,-12.946
9.6167,0.22062,-12.626
0.31042,-9.0333,-12.528
-5.7148,-3.0406,-12.186
-0.26517,-2.9621,-12.182
-6.2402,3.1898,-12.402
6.0663,3.218,-12.685
0.32103,9.2362,-12.848
-2.4918,-6.0132,-6.815
-9.0969,0.23688,-6.223
3.4479,0.046669,-6.622
-2.757,6.1808,-6.442
-3.001,-6.2537,-11.452
-8.8721,-0.50982,-0.395
3.4422,0.37194,-0.449
-2.8171,6.3965,-0.155
3.5787,-5.9291,-6.99
-3.0229,0.14213,-5.806
9.2136,-0.094752,-5.998
3.5822,6.4941,-5.705
3.3192,-5.3486,-0.14
-2.8086,0.015556,-0.883
9.6167,0.22062,-0.563
2.95,6.2664,-11.819
0.21072,-9.0991,-6.753
-5.8817,-3.0052,-6.679
6.5959,-2.7832,-7.183
0.4179,3.1431,-6.376
0.31042,-9.0333,-0.465
-5.7148,-3.0406,-0.123
5.9602,-2.6948,-11.872
0.13576,3.1537,-11.948
0.64912,-2.7351,-6.031
-6.0528,3.066,-5.382
6.4424,3.2294,-6.185
0.57629,9.1196,-5.577
-0.26517,-2.9621,-0.119
-6.2402,3.1898,-0.339
6.0663,3.218,-0.622
0.32103,9.2362,-0.785
0.45396,-5.0431,-9.271
-6.3102,0.58124,-9.243
6.4057,1.2636,-9.327
0.18243,6.7444,-9.018
-0.022627,-6.0924,-2.904
-6.4849,-0.69509,-3.243
6.5266,0.084853,-3.248
-0.029698,6.0938,-3.276
-5.9998,4.9505,-8.732
-0.70074,0.42356,-9.042
0.08556,11.109,-8.993
5.577,5.9998,-9.16
6.651,-5.2199,-2.87
0.62013,0.19445,-3.018
0.48013,-11.792,-3.21
-5.0127,-6.1978,-3.224
-2.4918,-6.0132,5.2482
-9.0969,0.23688,5.8402
3.4479,0.046669,5.4412
-2.757,6.1808,5.6212
-3.001,-6.2537,0.61121
-8.8721,-0.50982,11.668
3.4422,0.37194,11.614
-2.8171,6.3965,11.908
3.5787,-5.9291,5.0732
-3.0229,0.14213,6.2572
9.2136,-0.094752,6.0652
3.5822,6.4941,6.3582
3.3192,-5.3486,11.923
-2.8086,0.015556,11.18
9.6167,0.22062,11.5
2.95,6.2664,0.24422
0.21072,-9.0991,5.3102
-5.8817,-3.0052,5.3842
6.5959,-2.7832,4.8802
0.4179,3.1431,5.6872
0.31042,-9.0333,11.598
-5.7148,-3.0406,11.94
5.9602,-2.6948,0.19121
0.13576,3.1537,0.11521
0.64912,-2.7351,6.0322
-6.0528,3.066,6.6812
6.4424,3.2294,5.8782
0.57629,9.1196,6.4862
-0.26517,-2.9621,11.944
-6.2402,3.1898,11.724
6.0663,3.218,11.441
0.32103,9.2362,11.278
0.45396,-5.0431,2.7922
-6.3102,0.58124,2.8202
6.4057,1.2636,2.7362
0.18243,6.7444,3.0452
-0.022627,-6.0924,9.1592
-6.4849,-0.69509,8.8202
6.5266,0.084853,8.8152
-0.029698,6.0938,8.7872
-5.9998,4.9505,3.3312
-0.70074,0.42356,3.0212
0.08556,11.109,3.0702
5.577,5.9998,2.9032
6.651,-5.2199,9.1932
0.62013,0.19445,9.0452
0.48013,-11.792,8.8532
-5.0127,-6.1978,8.8392
-3.001,-6.2537,12.674
2.95,6.2664,12.307
5.9602,-2.6948,12.254
0.13576,3.1537,12.178
-8.7292,12.543,-12.718
-8.8522,6.8228,-12.409
-2.5547,12.392,-12.832
-11.861,3.1381,-12.734
-12.437,9.2093,-12.388
-8.7235,12.218,-6.8283
-8.7292,12.543,-0.65528
-8.5927,6.2423,-7.1963
-2.9578,12.077,-6.2043
-8.8522,6.8228,-0.34628
-2.5547,12.392,-0.76928
-11.961,3.0723,-6.9593
-5.5755,9.3882,-7.3893
-11.861,3.1381,-0.67128
-6.2112,9.4766,-12.078
-11.522,9.4363,-6.2373
-12.437,9.2093,-0.32528
-11.717,7.1283,-9.4773
-5.7657,13.435,-9.5333
-12.194,6.0789,-3.1103
-5.6448,12.256,-3.4543
-12.872,12.595,-9.2483
-5.5203,6.9515,-3.0763
-11.551,12.366,-3.2243
-11.691,0.37893,-3.4163
-8.7235,12.218,5.2349
-8.7292,12.543,11.408
-8.5927,6.2423,4.8669
-2.9578,12.077,5.8589
-8.8522,6.8228,11.717
-2.5547,12.392,11.294
-11.961,3.0723,5.1039
-5.5755,9.3882,4.6739
-11.861,3.1381,11.392
-6.2112,9.4766,-0.015064
-11.522,9.4363,5.8259
-12.437,9.2093,11.738
-11.717,7.1283,2.5859
-5.7657,13.435,2.5299
-12.194,6.0789,8.9529
-5.6448,12.256,8.6089
-12.872,12.595,2.8149
-5.5203,6.9515,8.9869
-11.551,12.366,8.8389
-11.691,0.37893,8.6469
-6.2112,9.4766,12.048
3.594,11.375,-12.249
9.6574,11.9,-12.737
12.776,2.8514,-12.319
6.7512,8.8442,-11.977
12.201,8.9227,-11.973
9.9742,5.8715,-6.6053
3.3691,12.122,-6.0133
9.4651,5.6311,-11.242
3.594,11.375,-0.18531
9.4432,12.027,-5.5963
9.6574,11.9,-0.67331
12.677,2.7857,-6.5433
6.5843,8.8795,-6.4693
12.776,2.8514,-0.25531
6.7512,8.8442,0.086689
13.115,9.1496,-5.8213
12.201,8.9227,0.090689
12.92,6.8416,-9.0613
6.1558,12.466,-9.0333
12.443,5.7923,-2.6943
5.9812,11.19,-3.0333
11.765,12.308,-8.8323
13.086,12.079,-2.8083
12.946,0.092309,-3.0003
7.4534,5.6869,-3.0143
9.9742,5.8715,5.4579
3.3691,12.122,6.0499
9.4651,5.6311,0.8209
3.594,11.375,11.878
9.4432,12.027,6.4669
9.6574,11.9,11.39
12.677,2.7857,5.5199
6.5843,8.8795,5.5939
12.776,2.8514,11.808
6.7512,8.8442,12.15
13.115,9.1496,6.2419
12.201,8.9227,12.154
12.92,6.8416,3.0019
6.1558,12.466,3.0299
12.443,5.7923,9.3689
5.9812,11.19,9.0299
11.765,12.308,3.2309
13.086,12.079,9.2549
12.946,0.092309,9.0629
7.4534,5.6869,9.0489
9.4651,5.6311,12.884
0.77482,12.264,-3.2066
0.77482,12.264,8.8566
0,0,0
0.50063,0.22062,5.6242
-6.0613,-0.12728,-0.429
0.38467,6.166,0
0.408,-6.2812,-0.068
6.371,0.42568,-0.218
0.50063,0.22062,-6.439
0.51972,-5.9475,5.4732
-5.7056,6.0394,-0.087
-5.8871,-5.8984,-0.16269
-6.1363,0.0084853,5.8172
0.6371,6.1186,5.9942
6.2664,0.25173,5.9102
0.6371,6.1186,-6.069
-6.1363,0.0084853,-6.246
6.2664,0.25173,-6.153
0.51972,-5.9475,-6.59
6.5789,5.9864,0.047
6.4657,-6.132,0.11928
-5.6024,-5.8725,5.7302
-5.5224,6.5803,5.5979
-5.6024,-5.8725,-6.333
6.6489,-5.5911,5.8042
6.6489,-5.5911,-6.259
-5.5224,6.5803,-6.4653
6.8636,6.0122,5.9399
6.8636,6.0122,-6.1233
0.044086,-11.588,-0.54169
0,0,-12.063
0,0,12.063
-12.127,0.58361,-0.74797
0.33878,12.468,-0.53828
12.51,0.29698,-0.332
-6.095,-11.459,-0.42769
-6.0613,-0.12728,11.634
-11.763,5.8901,-0.27428
0.5612,11.839,-5.9163
-11.905,-0.045255,5.9372
0.5612,11.839,6.1469
-12.081,-5.7188,-0.20969
-11.905,-0.045255,-6.126
6.4047,11.757,-0.21931
6.371,0.42568,11.845
0.408,-6.2812,11.995
0.38467,6.166,-12.063
0.38467,6.166,12.063
0.2665,-12.217,-5.9197
0.408,-6.2812,-12.131
0.2665,-12.217,6.1435
6.11,-12.299,-0.22272
6.371,0.42568,-12.281
-5.8003,12.597,-0.42428
-6.0613,-0.12728,-12.492
12.556,-6.0054,0.20628
12.733,-0.33188,-5.71
12.874,5.6035,0.14169
-11.652,6.2239,5.2669
12.733,-0.33188,6.3532
-6.1997,-11.633,5.7005
-11.829,-5.7661,5.7845
-5.8871,-5.8984,11.901
-5.7056,6.0394,11.976
-11.829,-5.7661,-6.2787
-6.1997,-11.633,-6.3627
-5.7056,6.0394,-12.15
6.3298,11.893,6.0269
6.3298,11.893,-6.0363
-5.8871,-5.8984,-12.226
6.0351,-12.163,6.0235
-11.652,6.2239,-6.7963
6.0351,-12.163,-6.0397
-5.905,12.423,5.7039
6.4657,-6.132,-11.944
6.5789,5.9864,-12.016
6.5789,5.9864,12.11
6.4657,-6.132,12.182
-5.905,12.423,-6.3593
12.808,-6.0528,-5.8627
12.986,5.9373,5.6829
12.808,-6.0528,6.2005
12.986,5.9373,-6.3803
0.044086,-11.588,11.522
-12.127,0.58361,11.315
0.33878,12.468,11.525
0.044086,-11.588,-12.605
12.51,0.29698,11.731
12.171,-12.171,0.20628
-12.171,12.171,-0.20628
-12.466,-11.885,-0.20969
12.466,11.885,0.20969
-6.095,-11.459,11.636
-11.965,-11.664,5.4145
12.51,0.29698,-12.395
-12.127,0.58361,-12.811
-11.763,5.8901,11.789
0.33878,12.468,-12.601
-11.671,12.392,5.4179
-12.081,-5.7188,11.854
6.4047,11.757,11.844
-11.965,-11.664,-6.6487
-6.095,-11.459,-12.491
-11.763,5.8901,-12.337
-5.8003,12.597,11.639
6.11,-12.299,11.84
-12.081,-5.7188,-12.273
6.4047,11.757,-12.283
-11.671,12.392,-6.6453
12.556,-6.0054,-11.857
12.672,-11.951,5.8305
12.874,5.6035,-11.922
6.11,-12.299,-12.286
12.672,-11.951,-6.2327
12.556,-6.0054,12.269
12.874,5.6035,12.205
-5.8003,12.597,-12.487
12.967,12.105,5.8339
12.967,12.105,-6.2293
12.171,-12.171,-11.857
-12.171,12.171,11.857
-12.466,-11.885,11.854
12.466,11.885,-11.854
12.171,-12.171,12.269
-12.171,12.171,-12.269
-12.466,-11.885,-12.273
12.466,11.885,12.273
