-9.4096,-8.4553,-9.2474
-3.4784,-8.2446,-9.2494
-9.486,-2.5977,-9.2494
-9.5694,-8.4567,-3.4928
-9.4096,-8.4553,2.2622
-3.6382,-8.246,-3.4938
-9.6465,-2.5984,-3.4938
-3.4784,-8.2446,2.2602
-9.486,-2.5977,2.2602
-9.5694,-8.4567,8.0169
-3.6382,-8.246,8.0159
-9.6465,-2.5984,8.0159
8.3613,-8.7828,-8.797
8.2008,-8.7835,-3.0414
8.3613,-8.7828,2.7126
8.2008,-8.7835,8.4683
2.7917,-8.6324,-9.0207
-3.2173,-2.9854,-9.0197
8.6218,-2.8008,-9.0197
2.6142,2.8461,-9.0197
2.7139,-2.7747,-9.0217
-3.2937,2.8723,-9.0217
8.5454,3.0568,-9.0217
2.5378,8.7038,-9.0217
2.6311,-8.6331,-3.265
-3.3771,-2.9868,-3.265
8.4619,-2.8023,-3.265
2.4544,2.8447,-3.265
2.7917,-8.6324,2.489
-3.2173,-2.9854,2.49
8.6218,-2.8008,2.49
2.6142,2.8461,2.49
2.5541,-2.7761,-3.266
-3.4542,2.8716,-3.266
8.3856,3.0554,-3.266
2.3773,8.7031,-3.266
2.7139,-2.7747,2.488
-3.2937,2.8723,2.488
8.5454,3.0568,2.488
2.5378,8.7038,2.488
2.6311,-8.6331,8.2447
-3.3771,-2.9868,8.2447
8.4619,-2.8023,8.2447
2.4544,2.8447,8.2447
2.5541,-2.7761,8.2437
-3.4542,2.8716,8.2437
8.3856,3.0554,8.2437
2.3773,8.7031,8.2437
-8.8634,3.0227,-9.2453
-3.0333,8.8542,-9.2443
-8.9411,8.8803,-9.2463
-9.0239,3.022,-3.4896
-3.1931,8.8528,-3.4896
-8.8634,3.0227,2.2644
-3.0333,8.8542,2.2654
-9.101,8.8789,-3.4906
-8.9411,8.8803,2.2634
-9.0239,3.022,8.02
-3.1931,8.8528,8.02
-9.101,8.8789,8.019
8.8064,8.316,-8.7919
8.6466,8.3146,-3.0372
8.8064,8.316,2.7178
8.6466,8.3146,8.4724
-8.7216,-8.4249,-7.9204
-8.8821,-8.4256,-2.1658
-8.7216,-8.4249,3.5892
-8.8821,-8.4256,9.3439
9.0373,-8.7856,-7.463
3.1174,-8.9624,-7.468
8.9489,-3.1308,-7.468
8.8775,-8.787,-1.7084
9.0373,-8.7856,4.0466
2.9576,-8.9638,-1.7134
8.7891,-3.1323,-1.7134
3.1174,-8.9624,4.0416
8.9489,-3.1308,4.0416
8.8775,-8.787,9.8013
2.9576,-8.9638,9.7963
8.7891,-3.1323,9.7963
-2.4416,-8.609,-7.6877
-8.4492,-2.9621,-7.6877
3.3899,-2.7775,-7.6877
-2.6177,2.8694,-7.6877
-2.5293,-2.955,-7.6927
-8.5376,2.6927,-7.6927
3.3022,2.8765,-7.6927
-2.7061,8.5242,-7.6927
-2.6007,-8.6097,-1.933
-8.609,-2.9635,-1.933
3.2301,-2.7789,-1.933
-2.7775,2.868,-1.933
-2.4416,-8.609,3.822
-8.4492,-2.9621,3.822
3.3899,-2.7775,3.822
-2.6177,2.8694,3.822
-2.6898,-2.9557,-1.938
-8.6974,2.6912,-1.938
3.1417,2.8758,-1.938
-2.8659,8.5228,-1.938
-2.5293,-2.955,3.817
-8.5376,2.6927,3.817
3.3022,2.8765,3.817
-2.7061,8.5242,3.817
-2.6007,-8.6097,9.5767
-8.609,-2.9635,9.5767
3.2301,-2.7789,9.5767
-2.7775,2.868,9.5767
-2.6898,-2.9557,9.5717
-8.6974,2.6912,9.5717
3.1417,2.8758,9.5717
-2.8659,8.5228,9.5717
-8.2652,8.8775,-7.9123
-8.425,8.8761,-2.1576
-8.2652,8.8775,3.5974
-8.425,8.8761,9.352
9.5821,2.6924,-7.4599
3.5745,8.3394,-7.4599
9.4944,8.3464,-7.4649
9.423,2.6917,-1.7052
3.4147,8.3379,-1.7052
9.5821,2.6924,4.0498
3.5745,8.3394,4.0498
9.3339,8.3457,-1.7102
9.4944,8.3464,4.0448
9.423,2.6917,9.8044
3.4147,8.3379,9.8044
9.3339,8.3457,9.7994
-9.1395,-11.255,-12.003
-8.979,-11.255,-6.2484
-3.2139,-11.168,-12.038
-9.2215,-5.5208,-12.038
-3.0534,-11.167,-6.2834
-9.0624,-5.5201,-6.2834
-11.97,-8.4292,-12.03
-11.81,-8.4278,-6.2754
-6.0466,-8.3408,-12.033
-12.055,-2.6945,-12.033
-5.8861,-8.3401,-6.2784
-11.895,-2.6931,-6.2784
-6.6137,-11.217,-9.0534
-12.623,-5.5703,-9.0534
-12.531,-11.311,-9.0714
-0.69167,-11.126,-9.0714
-6.6992,-5.4791,-9.0714
-9.1395,-11.255,-0.49375
-8.979,-11.255,5.2612
-3.2139,-11.168,-0.52875
-9.2215,-5.5208,-0.52875
-3.0534,-11.167,5.2262
-9.0624,-5.5201,5.2262
-11.97,-8.4292,-0.52075
-11.81,-8.4278,5.2342
-6.0466,-8.3408,-0.52375
-12.055,-2.6945,-0.52375
-5.8861,-8.3401,5.2312
-11.895,-2.6931,5.2312
-6.7742,-11.218,-3.2988
-12.782,-5.571,-3.2988
-6.6137,-11.217,2.4562
-12.623,-5.5703,2.4562
-12.691,-11.311,-3.3158
-0.85147,-11.127,-3.3158
-6.8598,-5.4798,-3.3158
-12.531,-11.311,2.4382
-0.69167,-11.126,2.4382
-6.6992,-5.4791,2.4382
-9.1395,-11.255,11.016
-3.2139,-11.168,10.981
-9.2215,-5.5208,10.981
-11.97,-8.4292,10.989
-6.0466,-8.3408,10.986
-12.055,-2.6945,10.986
-6.7742,-11.218,8.2109
-12.782,-5.571,8.2109
-12.691,-11.311,8.1939
-0.85147,-11.127,8.1939
-6.8598,-5.4798,8.1939
-12.347,0.52895,-9.296
-12.506,0.52754,-3.5404
-12.347,0.52895,2.2136
-12.506,0.52754,7.9693
2.7002,-11.794,-11.551
8.5317,-5.9621,-11.551
2.86,-11.792,-5.796
8.6915,-5.9607,-5.796
8.6258,-11.706,-11.586
8.7856,-11.705,-5.831
11.709,-8.7828,-11.578
11.869,-8.7813,-5.823
5.7931,-8.8789,-11.581
11.624,-3.0481,-11.581
5.9529,-8.8775,-5.826
11.784,-3.0467,-5.826
5.2253,-11.755,-8.601
11.056,-5.9239,-8.601
11.148,-11.664,-8.619
2.7002,-11.794,-0.041377
8.5317,-5.9621,-0.041377
2.86,-11.792,5.7136
8.6915,-5.9607,5.7136
8.6258,-11.706,-0.076377
8.7856,-11.705,5.6786
11.709,-8.7828,-0.068377
11.869,-8.7813,5.6866
5.7931,-8.8789,-0.071377
11.624,-3.0481,-0.071377
5.9529,-8.8775,5.6836
11.784,-3.0467,5.6836
5.0655,-11.756,-2.8464
10.897,-5.9246,-2.8464
5.2253,-11.755,2.9086
11.056,-5.9239,2.9086
10.988,-11.665,-2.8634
11.148,-11.664,2.8906
2.7002,-11.794,11.468
8.5317,-5.9621,11.468
8.6258,-11.706,11.433
11.709,-8.7828,11.441
5.7931,-8.8789,11.438
11.624,-3.0481,11.438
5.0655,-11.756,8.6633
10.897,-5.9246,8.6633
10.988,-11.665,8.6463
-2.9472,-5.7855,-11.776
-8.9548,-0.13859,-11.776
2.8843,0.045962,-11.776
-3.1233,5.6929,-11.776
-2.7867,-5.7848,-6.0207
-8.795,-0.13718,-6.0207
3.0448,0.046669,-6.0207
-2.9635,5.6943,-6.0207
2.9783,-5.6979,-11.811
-3.0292,-0.050912,-11.811
8.8098,0.13364,-11.811
2.8023,5.7806,-11.811
3.1381,-5.6965,-6.0557
-2.8694,-0.049497,-6.0557
8.9704,0.13435,-6.0557
2.9614,5.7813,-6.0557
0.23052,-8.6055,-11.803
-5.7778,-2.9592,-11.803
6.0613,-2.7747,-11.803
0.05374,2.8723,-11.803
0.39032,-8.6041,-6.0477
-5.618,-2.9578,-6.0477
6.2211,-2.7733,-6.0477
0.21355,2.8737,-6.0477
0.14566,-2.8709,-11.806
-5.8619,2.7761,-11.806
5.9772,2.9607,-11.806
-0.031113,8.6069,-11.806
0.30618,-2.8701,-6.0507
-5.7021,2.7775,-6.0507
6.1377,2.9614,-6.0507
0.12869,8.6083,-6.0507
-0.42144,-5.7474,-8.8257
-6.4297,-0.099702,-8.8257
5.4101,0.084146,-8.8257
-0.59892,5.7311,-8.8257
5.5006,-5.6561,-8.8437
-0.507,-0.0091924,-8.8437
11.332,0.17536,-8.8437
5.3245,5.8223,-8.8437
-2.9472,-5.7855,-0.266
-8.9548,-0.13859,-0.266
2.8843,0.045962,-0.266
-3.1233,5.6929,-0.266
-2.7867,-5.7848,5.489
-8.795,-0.13718,5.489
3.0448,0.046669,5.489
-2.9635,5.6943,5.489
2.9783,-5.6979,-0.301
-3.0292,-0.050912,-0.301
8.8098,0.13364,-0.301
2.8023,5.7806,-0.301
3.1381,-5.6965,5.454
-2.8694,-0.049497,5.454
8.9704,0.13435,5.454
2.9614,5.7813,5.454
0.23052,-8.6055,-0.293
-5.7778,-2.9592,-0.293
6.0613,-2.7747,-0.293
0.05374,2.8723,-0.293
0.39032,-8.6041,5.462
-5.618,-2.9578,5.462
6.2211,-2.7733,5.462
0.21355,2.8737,5.462
0.14566,-2.8709,-0.296
-5.8619,2.7761,-0.296
5.9772,2.9607,-0.296
-0.031113,8.6069,-0.296
0.30618,-2.8701,5.459
-5.7021,2.7775,5.459
6.1377,2.9614,5.459
0.12869,8.6083,5.459
-0.58195,-5.7481,-3.071
-6.5895,-0.10112,-3.071
5.2496,0.083439,-3.071
-0.75802,5.7304,-3.071
-0.42144,-5.7474,2.684
-6.4297,-0.099702,2.684
5.4101,0.084146,2.684
-0.59892,5.7311,2.684
5.3408,-5.6576,-3.088
-0.66751,-0.0098995,-3.088
11.172,0.17395,-3.088
5.164,5.8216,-3.088
5.5006,-5.6561,2.666
-0.507,-0.0091924,2.666
11.332,0.17536,2.666
5.3245,5.8223,2.666
-2.9472,-5.7855,11.244
-8.9548,-0.13859,11.244
2.8843,0.045962,11.244
-3.1233,5.6929,11.244
2.9783,-5.6979,11.209
-3.0292,-0.050912,11.209
8.8098,0.13364,11.209
2.8023,5.7806,11.209
0.23052,-8.6055,11.217
-5.7778,-2.9592,11.217
6.0613,-2.7747,11.217
0.05374,2.8723,11.217
0.14566,-2.8709,11.214
-5.8619,2.7761,11.214
5.9772,2.9607,11.214
-0.031113,8.6069,11.214
-0.58195,-5.7481,8.4387
-6.5895,-0.10112,8.4387
5.2496,0.083439,8.4387
-0.75802,5.7304,8.4387
5.3408,-5.6576,8.4217
-0.66751,-0.0098995,8.4217
11.172,0.17395,8.4217
5.164,5.8216,8.4217
-8.7707,11.701,-12
-8.6102,11.702,-6.2453
-8.6767,5.9572,-12.035
-2.8452,11.789,-12.035
-8.5169,5.9586,-6.2803
-2.6847,11.789,-6.2803
-11.425,3.0495,-12.027
-5.5937,8.8803,-12.027
-11.265,3.0509,-6.2723
-5.4339,8.8817,-6.2723
-11.509,8.7842,-12.03
-11.349,8.7849,-6.2753
-12.076,5.9077,-9.0503
-6.2449,11.739,-9.0503
-6.1544,5.9989,-9.0683
-12.162,11.646,-9.0683
-0.32293,11.83,-9.0683
-8.7707,11.701,-0.49062
-8.6102,11.702,5.2644
-8.6767,5.9572,-0.52562
-2.8452,11.789,-0.52562
-8.5169,5.9586,5.2294
-2.6847,11.789,5.2294
-11.425,3.0495,-0.51762
-5.5937,8.8803,-0.51762
-11.265,3.0509,5.2374
-5.4339,8.8817,5.2374
-11.509,8.7842,-0.52062
-11.349,8.7849,5.2344
-12.237,5.907,-3.2956
-6.4055,11.738,-3.2956
-12.076,5.9077,2.4594
-6.2449,11.739,2.4594
-6.3142,5.9975,-3.3126
-12.323,11.645,-3.3126
-0.48273,11.829,-3.3126
-6.1544,5.9989,2.4414
-12.162,11.646,2.4414
-0.32293,11.83,2.4414
-8.7707,11.701,11.019
-8.6767,5.9572,10.984
-2.8452,11.789,10.984
-11.425,3.0495,10.992
-5.5937,8.8803,10.992
-11.509,8.7842,10.989
-12.237,5.907,8.214
-6.4055,11.738,8.214
-6.3142,5.9975,8.197
-12.323,11.645,8.197
-0.48273,11.829,8.197
9.0765,5.5159,-11.548
3.069,11.163,-11.548
9.2371,5.5166,-5.7929
3.2288,11.164,-5.7929
8.9945,11.251,-11.583
9.1543,11.252,-5.8279
12.254,2.6959,-11.575
6.246,8.3422,-11.575
12.414,2.6974,-5.8199
6.4058,8.3436,-5.8199
12.169,8.4306,-11.578
12.33,8.4313,-5.8229
11.602,5.5541,-8.5979
5.594,11.202,-8.5979
11.517,11.292,-8.6159
9.0765,5.5159,-0.038248
3.069,11.163,-0.038248
9.2371,5.5166,5.7168
3.2288,11.164,5.7168
8.9945,11.251,-0.073248
9.1543,11.252,5.6818
12.254,2.6959,-0.065248
6.246,8.3422,-0.065248
12.414,2.6974,5.6898
6.4058,8.3436,5.6898
12.169,8.4306,-0.068248
12.33,8.4313,5.6868
11.442,5.5534,-2.8432
5.4342,11.2,-2.8432
11.602,5.5541,2.9118
5.594,11.202,2.9118
11.356,11.292,-2.8602
11.517,11.292,2.8938
9.0765,5.5159,11.471
3.069,11.163,11.471
8.9945,11.251,11.436
12.254,2.6959,11.444
6.246,8.3422,11.444
12.169,8.4306,11.441
11.442,5.5534,8.6664
5.4342,11.2,8.6664
11.356,11.292,8.6494
0,0,0
0.11102,-5.7382,-0.005
-0.065761,5.7396,-0.005
0.16051,0.00070711,-5.7547
0.16051,0.00070711,5.755
-5.8973,-0.091924,-0.005
5.9425,0.093338,-0.005
-5.7375,-0.09051,5.75
0.094045,5.741,5.75
0.27082,-5.7368,5.75
-5.7375,-0.09051,-5.7597
0.094045,5.741,-5.7597
0.27082,-5.7368,-5.7597
-6.0076,5.647,0
5.8315,5.8315,0
5.6474,-6.0081,0.22462
-6.1922,-5.4699,-0.22775
6.1016,0.094045,5.75
6.1016,0.094045,-5.7597
-6.0317,-5.4692,5.5272
-5.8478,5.6484,-5.7547
-5.8478,5.6484,5.755
5.8072,-6.0067,-5.53
-6.0317,-5.4692,-5.9824
5.992,5.8322,-5.7547
5.992,5.8322,5.755
5.8072,-6.0067,5.9796
-0.17678,11.478,0
11.478,-0.17726,0.22462
-0.54551,-11.479,-0.003129
0,0,-11.51
0,0,11.51
-12.201,0.17632,-0.22775
-6.0812,-11.208,-0.23275
6.1265,11.21,0.22275
-0.016971,11.479,-5.7547
-0.016971,11.479,5.755
-0.38571,-11.477,5.7519
-0.38571,-11.477,-5.7578
0.11102,-5.7382,11.505
-0.065761,5.7396,11.505
0.11102,-5.7382,-11.515
-0.065761,5.7396,-11.515
11.638,-0.17585,-5.53
-5.8973,-0.091924,11.505
-5.8973,-0.091924,-11.515
5.9425,0.093338,11.505
5.9425,0.093338,-11.515
-11.544,5.9168,-0.22962
11.589,-5.9154,0.21962
-5.7125,11.748,-0.22962
5.7578,-11.747,0.21962
11.638,-0.17585,5.9796
-12.041,0.17774,5.5272
-12.09,-5.5618,-0.23275
12.135,5.5633,0.22275
-12.041,0.17774,-5.9824
-5.9221,-11.207,5.5222
-11.384,5.9183,5.5254
5.6474,-6.0081,-11.285
-6.1922,-5.4699,11.282
6.2863,11.211,-5.5319
-5.9221,-11.207,-5.9874
-5.5534,11.749,5.5254
-11.384,5.9183,-5.9843
-6.0076,5.647,-11.51
-6.0076,5.647,11.51
5.8315,5.8315,-11.51
5.8315,5.8315,11.51
6.2863,11.211,5.9778
5.9176,-11.746,-5.535
11.749,-5.914,-5.535
-11.93,-5.5604,5.5222
-5.5534,11.749,-5.9843
5.6474,-6.0081,11.734
-6.1922,-5.4699,-11.737
5.9176,-11.746,5.9746
11.749,-5.914,5.9746
-11.93,-5.5604,-5.9874
12.295,5.5647,-5.5319
12.295,5.5647,5.9778
11.478,-0.17726,-11.285
-0.17678,11.478,-11.51
-0.17678,11.478,11.51
-0.54551,-11.479,11.507
-0.54551,-11.479,-11.513
11.478,-0.17726,11.734
11.655,-11.655,0.22462
-11.655,11.655,-0.22462
-12.024,-11.301,-0.22775
12.024,11.301,0.22775
-12.201,0.17632,11.282
-12.201,0.17632,-11.737
-6.0812,-11.208,11.277
6.1265,11.21,-11.287
-11.544,5.9168,11.28
11.589,-5.9154,-11.29
-5.7125,11.748,11.28
-11.495,11.656,5.5304
5.7578,-11.747,-11.29
-11.863,-11.301,5.5272
-6.0812,-11.208,-11.742
6.1265,11.21,11.732
-11.495,11.656,-5.9793
-11.863,-11.301,-5.9824
-12.09,-5.5618,11.277
12.135,5.5633,-11.287
11.816,-11.654,-5.53
-11.544,5.9168,-11.739
12.184,11.302,-5.5269
11.589,-5.9154,11.729
-5.7125,11.748,-11.739
5.7578,-11.747,11.729
11.816,-11.654,5.9796
12.184,11.302,5.9828
-12.09,-5.5618,-11.742
12.135,5.5633,11.732
11.655,-11.655,-11.285
-11.655,11.655,11.285
-12.024,-11.301,11.282
12.024,11.301,-11.282
11.655,-11.655,11.734
-11.655,11.655,-11.734
-12.024,-11.301,-11.737
12.024,11.301,11.737
