-3.5141,-9.3109,-9.4769
-9.5676,-3.3266,-9.8609
-9.3611,-8.5535,-9.6439
-3.7425,-9.313,-4.0557
-3.5141,-9.3109,2.5863
-9.5676,-3.3266,2.2023
-10.097,-9.5697,-3.8877
-9.3611,-8.5535,2.4193
-3.7425,-9.313,8.0075
-10.097,-9.5697,8.1755
9.2736,-9.5989,-8.9469
8.9979,-3.498,-9.0949
9.2475,-9.1456,-3.4667
9.2736,-9.5989,3.1163
2.1064,-10.016,-3.1897
8.3905,-3.7349,-3.4287
8.9979,-3.498,2.9683
9.2475,-9.1456,8.5965
2.1064,-10.016,8.8735
8.3905,-3.7349,8.6345
2.3137,-3.4012,-9.5732
-2.8977,2.5725,-9.1532
8.952,2.5739,-9.2672
2.8984,8.5581,-9.6512
3.037,-8.7094,-9.3882
-2.8737,-3.3545,-9.5752
-3.1735,8.6734,-9.3012
3.1049,3.3312,-9.4342
2.5802,-2.5788,-2.926
-2.9239,3.0257,-3.673
8.7236,2.5717,-3.846
-9.7305,-2.2012,-3.168
2.3137,-3.4012,2.49
-2.8977,2.5725,2.91
8.952,2.5739,2.796
2.8984,8.5581,2.412
-10.065,2.1553,-3.396
-3.4811,-2.7004,-3.911
-3.7809,8.4365,-3.635
2.3688,2.3151,-3.678
3.037,-8.7094,2.675
-2.8737,-3.3545,2.488
-3.1735,8.6734,2.762
3.1049,3.3312,2.629
2.5802,-2.5788,9.1372
-2.9239,3.0257,8.3902
8.7236,2.5717,8.2172
-9.7305,-2.2012,8.8952
-10.065,2.1553,8.6672
-3.4811,-2.7004,8.1522
-3.7809,8.4365,8.4282
2.3688,2.3151,8.3852
-9.8577,8.7702,-9.7795
-9.1343,3.4619,-9.5945
-9.5911,9.5925,-3.1323
-9.8577,8.7702,2.2837
-9.1343,3.4619,2.4687
-9.5911,9.5925,8.9309
9.5924,8.5302,-9.3655
2.7356,9.6835,-2.9583
8.985,9.1843,-3.7013
9.5924,8.5302,2.6977
2.7356,9.6835,9.1049
8.985,9.1843,8.3619
-10.648,-2.5926,-9.1339
-10.299,-8.6391,-8.4789
-3.9539,-9.366,-2.5787
-10.648,-2.5926,2.9293
-8.9906,-9.5746,-2.8807
-10.299,-8.6391,3.5843
-3.9539,-9.366,9.4845
-8.9906,-9.5746,9.1825
9.0488,-8.1196,-8.9249
3.3247,-10.373,-9.1329
8.6917,-9.584,-2.1457
9.0488,-8.1196,3.1383
3.0815,-9.7764,-2.0827
9.4334,-3.3184,-2.4377
3.3247,-10.373,2.9303
8.6917,-9.584,9.9175
3.0815,-9.7764,9.9805
9.4334,-3.3184,9.6255
-2.7874,-8.2576,-9.7532
1.818,9.2921,-8.9242
3.1565,-3.5285,-8.3412
-3.1226,4.0517,-9.1312
-3.7434,-3.3121,-8.3472
-8.8466,1.7982,-9.3392
2.1666,3.2456,-8.2692
8.527,-3.1926,-8.0132
8.5122,2.5187,-2.369
-8.795,-3.3093,-2.795
3.2873,-3.8544,-3.263
-3.4797,2.5873,-2.352
-2.7874,-8.2576,2.31
1.818,9.2921,3.139
3.1565,-3.5285,3.722
-3.1226,4.0517,2.932
-2.9571,-3.0094,-2.539
-9.0899,2.395,-2.289
3.4754,2.3101,-2.671
-2.7379,8.853,-2.644
-3.7434,-3.3121,3.716
-8.8466,1.7982,2.724
2.1666,3.2456,3.794
8.527,-3.1926,4.05
8.5122,2.5187,9.6942
-8.795,-3.3093,9.2682
3.2873,-3.8544,8.8002
-3.4797,2.5873,9.7112
-2.9571,-3.0094,9.5242
-9.0899,2.395,9.7742
3.4754,2.3101,9.3922
-2.7379,8.853,9.4192
-9.0148,8.6429,-8.5475
-3.6444,8.9788,-8.2195
-8.884,8.3169,-3.4693
-9.0148,8.6429,3.5157
-3.6444,8.9788,3.8437
-8.884,8.3169,8.5939
9.6786,3.6271,-9.5435
8.7226,8.5726,-8.1375
3.6711,8.5755,-2.5853
9.6786,3.6271,2.5197
9.5089,8.8753,-2.3293
8.7226,8.5726,3.9257
3.6711,8.5755,9.4779
9.5089,8.8753,9.7339
-9.4594,-11.75,-12.321
-9.5782,-12.48,-6.3459
-3.3154,-12.034,-12.465
-9.6914,-5.5646,-12.723
-3.524,-12.125,-6.8229
-9.8342,-5.8927,-6.4299
-12.787,-9.0506,-12.809
-12.769,-8.8456,-6.2289
-6.474,-9.0294,-12.012
-12.438,-2.9243,-11.716
-7.1599,-9.0521,-6.6689
-12.868,-2.9808,-6.6989
-6.7038,-13.083,-9.2169
-12.528,-6.3863,-9.3489
-12.425,-11.332,-9.4009
-9.4594,-11.75,-0.25769
-9.5782,-12.48,5.7173
-3.3154,-12.034,-0.40169
-9.6914,-5.5646,-0.65969
-3.524,-12.125,5.2403
-9.8342,-5.8927,5.6333
-12.787,-9.0506,-0.74569
-12.769,-8.8456,5.8343
-6.474,-9.0294,0.051311
-12.438,-2.9243,0.34731
-7.1599,-9.0521,5.3943
-12.868,-2.9808,5.3643
-6.2159,-11.591,-3.1367
-12.615,-5.0852,-3.1947
-6.7038,-13.083,2.8463
-12.528,-6.3863,2.7143
-13.263,-11.89,-3.4827
-0.9395,-12.016,-3.5777
-6.8035,-7.0099,-3.2807
-12.425,-11.332,2.6623
-9.4594,-11.75,11.806
-3.3154,-12.034,11.662
-9.6914,-5.5646,11.404
-12.787,-9.0506,11.318
-6.474,-9.0294,12.115
-12.438,-2.9243,12.411
-6.2159,-11.591,8.9265
-12.615,-5.0852,8.8685
-13.263,-11.89,8.5805
-0.9395,-12.016,8.4855
-6.8035,-7.0099,8.7825
-13.111,0.15581,-3.784
-13.111,0.15581,8.2792
2.9323,-12.212,-11.975
8.6507,-6.0853,-12.061
2.7817,-12.435,-6.6899
8.7985,-6.5796,-5.9899
9.053,-12.344,-11.918
8.9059,-12.668,-6.3059
11.85,-9.3373,-12.393
11.869,-9.1322,-5.8129
6.2027,-9.2743,-11.399
12.2,-3.2109,-11.3
5.982,-9.5063,-6.9989
11.77,-3.2675,-6.2829
5.7537,-13.098,-8.9099
12.109,-6.6729,-8.9329
12.212,-11.618,-8.9849
2.9323,-12.212,0.088279
8.6507,-6.0853,0.002279
2.7817,-12.435,5.3733
8.7985,-6.5796,6.0733
9.053,-12.344,0.14528
8.9059,-12.668,5.7573
11.85,-9.3373,-0.32972
11.869,-9.1322,6.2503
6.2027,-9.2743,0.66428
12.2,-3.2109,0.76328
5.982,-9.5063,5.0643
11.77,-3.2675,5.7803
5.9601,-11.552,-2.9747
12.023,-5.3718,-2.7787
5.7537,-13.098,3.1533
12.109,-6.6729,3.1303
5.9531,-7.3362,-2.8887
11.374,-12.176,-3.0667
12.212,-11.618,3.0783
2.9323,-12.212,12.151
8.6507,-6.0853,12.065
9.053,-12.344,12.208
11.85,-9.3373,11.733
6.2027,-9.2743,12.727
12.2,-3.2109,12.826
5.9601,-11.552,9.0885
12.023,-5.3718,9.2845
5.9531,-7.3362,9.1745
11.374,-12.176,8.9965
-3.3757,-6.1646,-12.578
-9.2391,-0.041012,-12.181
3.0066,0.13435,-12.111
-3.5207,6.0861,-12.267
-3.3934,-6.1384,-6.3392
-9.3897,-0.26375,-6.8962
2.8878,-0.59538,-6.1362
-3.3729,5.5918,-6.1962
2.8998,-6.3265,-12.956
-3.1183,-0.17253,-12.124
9.1507,-0.1492,-12.255
2.7747,6.3201,-12.513
2.786,-6.0062,-6.0192
-3.2654,-0.49639,-6.5122
8.9421,-0.24042,-6.6132
2.6319,5.992,-6.2202
-0.7467,-9.1033,-12.629
-6.3442,-2.9204,-12.742
5.8803,-2.861,-13.006
-0.32103,2.8341,-12.599
-0.055154,-9.215,-6.1542
-0.30264,3.0391,-6.0192
-0.30901,-3.0512,-12.346
-5.9687,2.897,-11.605
5.992,2.8553,-11.802
0.028284,8.9605,-11.506
-0.29981,-3.2555,-6.6302
-6.1893,2.6651,-7.2052
5.3061,2.8327,-6.4592
-0.40164,8.9039,-6.4892
0.041012,-6.7119,-9.3112
-6.4177,-0.92631,-9.1162
5.7622,-1.1985,-9.0072
-0.062225,5.4985,-9.1392
6.1363,-5.3005,-9.0802
0.041012,0.55296,-9.1912
0.11314,-10.993,-9.5412
-5.4935,-6.3293,-9.1342
-3.3757,-6.1646,-0.515
-9.2391,-0.041012,-0.118
3.0066,0.13435,-0.048
-3.5207,6.0861,-0.204
-3.3934,-6.1384,5.724
-9.3897,-0.26375,5.167
2.8878,-0.59538,5.927
-3.3729,5.5918,5.867
2.8998,-6.3265,-0.893
-3.1183,-0.17253,-0.061
9.1507,-0.1492,-0.192
2.7747,6.3201,-0.45
2.786,-6.0062,6.044
-3.2654,-0.49639,5.551
8.9421,-0.24042,5.45
2.6319,5.992,5.843
-0.7467,-9.1033,-0.566
-6.3442,-2.9204,-0.679
5.8803,-2.861,-0.943
-0.32103,2.8341,-0.536
-0.055154,-9.215,5.909
-6.8116,-3.2647,-5.527
5.5911,-3.4429,-5.471
-0.30264,3.0391,6.044
-0.30901,-3.0512,-0.283
-5.9687,2.897,0.458
5.992,2.8553,0.261
0.028284,8.9605,0.557
-0.29981,-3.2555,5.433
-6.1893,2.6651,4.858
5.3061,2.8327,5.604
-0.40164,8.9039,5.574
-0.38467,-5.1887,-3.364
-6.2112,0.61943,-3.181
6.2501,0.29345,-2.927
-0.14849,6.7995,-2.985
0.041012,-6.7119,2.752
-6.4177,-0.92631,2.947
5.7622,-1.1985,3.056
-0.062225,5.4985,2.924
-6.2183,4.8352,-3.095
-0.79691,-0.0049497,-3.273
11.527,-0.13081,-3.368
5.6625,4.8748,-3.071
6.1363,-5.3005,2.983
0.041012,0.55296,2.872
0.11314,-10.993,2.522
-5.4935,-6.3293,2.929
-3.3757,-6.1646,11.548
-9.2391,-0.041012,11.945
3.0066,0.13435,12.015
-3.5207,6.0861,11.859
2.8998,-6.3265,11.17
-3.1183,-0.17253,12.002
9.1507,-0.1492,11.871
2.7747,6.3201,11.613
-0.7467,-9.1033,11.497
-6.3442,-2.9204,11.384
5.8803,-2.861,11.12
-0.32103,2.8341,11.527
-6.8116,-3.2647,6.5362
5.5911,-3.4429,6.5922
-0.30901,-3.0512,11.78
-5.9687,2.897,12.521
5.992,2.8553,12.324
0.028284,8.9605,12.62
-0.38467,-5.1887,8.6992
-6.2112,0.61943,8.8822
6.2501,0.29345,9.1362
-0.14849,6.7995,9.0782
-6.2183,4.8352,8.9682
-0.79691,-0.0049497,8.7902
11.527,-0.13081,8.6952
5.6625,4.8748,8.9922
-9.1647,12.306,-12.317
-9.2835,11.576,-6.3425
-9.2715,5.8449,-13.162
-3.0207,12.022,-12.461
-9.3854,6.1652,-6.2255
-3.2293,11.931,-6.8195
-12.918,3.0681,-12.835
-6.2911,9.3104,-13.212
-12.227,2.9563,-6.3605
-12.48,9.1202,-12.552
-12.471,8.9158,-6.8365
-12.13,5.4595,-9.5175
-6.4091,10.973,-9.2135
-6.0351,6.8709,-9.2865
-12.13,12.724,-9.3975
-12.058,1.1787,-9.7475
-9.1647,12.306,-0.25428
-9.2835,11.576,5.7207
-9.2715,5.8449,-1.0993
-3.0207,12.022,-0.39828
-9.3854,6.1652,5.8377
-3.2293,11.931,5.2437
-12.918,3.0681,-0.77228
-6.2911,9.3104,-1.1493
-12.227,2.9563,5.7027
-6.5803,8.7285,-5.6773
-12.48,9.1202,-0.48928
-12.471,8.9158,5.2267
-12.556,6.9826,-3.5703
-5.9212,12.465,-3.1333
-12.13,5.4595,2.5457
-6.4091,10.973,2.8497
-12.968,12.166,-3.4793
-0.64481,12.041,-3.5743
-6.0351,6.8709,2.7767
-12.13,12.724,2.6657
-12.058,1.1787,2.3157
-9.1647,12.306,11.809
-9.2715,5.8449,10.964
-3.0207,12.022,11.665
-12.918,3.0681,11.291
-6.2911,9.3104,10.914
-6.5803,8.7285,6.3859
-12.48,9.1202,11.574
-12.556,6.9826,8.4929
-5.9212,12.465,8.9299
-12.968,12.166,8.5839
-0.64481,12.041,8.4889
9.0903,5.7202,-12.369
3.227,11.844,-11.972
9.0726,5.7463,-6.1295
3.0764,11.621,-6.6865
9.3477,11.712,-11.915
9.2006,11.388,-6.3025
11.719,2.7814,-12.42
6.1219,8.9644,-12.533
12.411,2.6697,-5.9445
12.157,8.8336,-12.137
12.166,8.6292,-6.4205
12.507,5.1729,-9.1015
6.0483,10.958,-8.9065
12.507,12.438,-8.9815
12.579,0.89205,-9.3315
6.9725,5.5554,-8.9245
9.0903,5.7202,-0.30531
3.227,11.844,0.091689
9.0726,5.7463,5.9337
3.0764,11.621,5.3767
9.3477,11.712,0.14869
9.2006,11.388,5.7607
11.719,2.7814,-0.35631
6.1219,8.9644,-0.46931
12.411,2.6697,6.1187
5.6545,8.62,-5.3173
12.157,8.8336,-0.073311
12.166,8.6292,5.6427
12.081,6.696,-3.1543
6.2548,12.504,-2.9713
12.507,5.1729,2.9617
6.0483,10.958,3.1567
11.669,11.88,-3.0633
12.507,12.438,3.0817
12.579,0.89205,2.7317
6.9725,5.5554,3.1387
9.0903,5.7202,11.758
3.227,11.844,12.155
9.3477,11.712,12.212
11.719,2.7814,11.707
6.1219,8.9644,11.594
5.6545,8.62,6.7459
12.157,8.8336,11.99
12.081,6.696,8.9089
6.2548,12.504,9.0919
11.669,11.88,8.9999
0.40783,13.063,-9.5378
0.40783,13.063,2.5254
0,0,0
0.0077782,5.9545,-0.11
-0.14779,-0.42073,-5.9812
6.0118,-0.28991,0.301
-0.16546,-6.0104,-0.809
-0.14779,-0.42073,6.082
-6.1653,-0.20718,-0.068
6.033,5.7587,0.159
-0.15768,5.898,6.017
-0.15768,5.898,-6.0462
5.9588,0.04879,-6.0222
5.9588,0.04879,6.041
-6.2303,-0.13647,5.767
-0.14001,-6.3526,5.791
-6.3442,5.8152,-0.109
5.8272,-6.3561,0.097279
-6.2303,-0.13647,-6.2962
-6.433,-6.1261,-0.050689
-0.14001,-6.3526,-6.2722
5.6081,5.9036,-5.87
5.6081,5.9036,6.1932
-6.4085,5.3408,-5.9262
-6.4085,5.3408,6.137
5.7628,-6.8306,-5.7199
-6.858,-5.9811,5.9835
-6.858,-5.9811,-6.0797
5.7628,-6.8306,6.3433
-0.19304,-11.992,-0.061
0,0,12.063
0,0,-12.063
0.10165,12.064,-0.05759
12.273,-0.10709,0.14869
-12.364,0.17953,-0.26728
-0.16546,-6.0104,11.254
-0.56403,-11.9,5.5513
6.0118,-0.28991,-11.762
11.902,-0.015556,5.761
6.3008,11.678,0.14169
0.0077782,5.9545,11.953
-0.26933,12.156,5.5547
-6.1595,11.881,0.094721
11.902,-0.015556,-6.3022
-6.1653,-0.20718,11.995
0.0077782,5.9545,-12.173
-0.56403,-11.9,-6.5119
-6.1653,-0.20718,-12.131
12.301,5.8743,-0.59931
12.179,-6.2168,0.096279
6.0118,-0.28991,12.364
6.0061,-12.379,0.13828
-6.4542,-12.175,0.091311
-0.26933,12.156,-6.5085
-12.458,-5.9302,-0.31969
-12.735,0.27107,5.345
-12.337,6.1609,-1.0153
-0.16546,-6.0104,-12.872
-12.735,0.27107,-6.7182
6.033,5.7587,-11.904
6.2357,11.748,5.9767
6.2357,11.748,-6.0865
-6.5073,-11.836,5.8313
-12.311,5.8187,5.5847
-6.3442,5.8152,11.954
5.8272,-6.3561,-11.966
12.014,-6.2734,-5.8399
12.326,5.5321,6.0007
6.033,5.7587,12.222
12.326,5.5321,-6.0625
-6.5073,-11.836,-6.2319
-6.2126,12.22,5.8347
-6.3442,5.8152,-12.172
5.8272,-6.3561,12.16
12.014,-6.2734,6.2233
5.941,-12.308,5.9733
-6.433,-6.1261,12.013
5.941,-12.308,-6.0899
-6.433,-6.1261,-12.114
-6.2126,12.22,-6.2285
-12.311,5.8187,-6.4785
-12.624,-5.9868,5.8073
-12.624,-5.9868,-6.2559
-0.19304,-11.992,12.002
0.10165,12.064,12.006
-0.19304,-11.992,-12.124
-12.364,0.17953,11.796
0.10165,12.064,-12.121
12.273,-0.10709,-11.915
12.171,-12.171,0.20628
-12.171,12.171,-0.20628
-12.466,-11.885,-0.20969
12.466,11.885,0.20969
12.273,-0.10709,12.212
-12.364,0.17953,-12.33
-12.337,6.1609,11.048
12.318,11.464,-5.7715
12.301,5.8743,11.464
6.3008,11.678,-11.922
-6.1595,11.881,-11.968
12.318,11.464,6.2917
-12.319,11.751,5.8757
6.3008,11.678,12.205
-6.1595,11.881,12.158
-12.319,11.751,-6.1875
-12.458,-5.9302,11.744
12.179,-6.2168,-11.967
6.0061,-12.379,-11.925
-6.4542,-12.175,-11.972
12.179,-6.2168,12.159
12.024,-12.592,-5.7749
-6.4542,-12.175,12.155
6.0061,-12.379,12.201
12.024,-12.592,6.2883
-12.458,-5.9302,-12.383
-12.614,-12.305,5.8723
12.301,5.8743,-12.663
-12.614,-12.305,-6.1909
-12.337,6.1609,-13.078
12.171,-12.171,-11.857
-12.171,12.171,11.857
-12.466,-11.885,11.854
12.466,11.885,-11.854
12.171,-12.171,12.269
-12.171,12.171,-12.269
-12.466,-11.885,-12.273
12.466,11.885,12.273
