-3.6852,-8.7621,-9.6877
-9.9162,-2.821,-9.6877
-3.5381,-8.7607,-3.6557
-9.7698,-2.8189,-3.6557
-9.8441,-8.8357,-9.6877
-9.6977,-8.835,-3.6557
-3.6852,-8.7621,2.3755
-9.9162,-2.821,2.3755
-3.5381,-8.7607,8.4075
-9.7698,-2.8189,8.4075
-9.8441,-8.8357,2.3755
-9.6977,-8.835,8.4075
8.6337,-9.1951,-9.2717
8.7808,-9.1937,-3.2397
8.6337,-9.1951,2.7915
8.7808,-9.1937,8.8235
2.6941,-2.9642,-9.478
-3.5377,2.9762,-9.478
8.7809,3.1226,-9.478
2.5498,9.0637,-9.478
2.8397,-2.9628,-3.446
-3.3906,2.9776,-3.446
8.9279,3.124,-3.446
2.6962,9.0658,-3.446
2.7648,-8.9788,-9.478
-3.4662,-3.0377,-9.478
8.853,-2.8907,-9.478
2.622,3.049,-9.478
2.9126,-8.9781,-3.446
-3.3192,-3.0363,-3.446
8.9993,-2.8899,-3.446
2.7683,3.0498,-3.446
2.6941,-2.9642,2.5852
-3.5377,2.9762,2.5852
8.7809,3.1226,2.5852
2.5498,9.0637,2.5852
2.8397,-2.9628,8.6172
-3.3906,2.9776,8.6172
8.9279,3.124,8.6172
2.6962,9.0658,8.6172
2.7648,-8.9788,2.5852
-3.4662,-3.0377,2.5852
8.853,-2.8907,2.5852
2.622,3.049,2.5852
2.9126,-8.9781,8.6172
-3.3192,-3.0363,8.6172
8.9993,-2.8899,8.6172
2.7683,3.0498,8.6172
-9.4773,9.2072,-9.6843
-9.3316,9.2086,-3.6523
-9.4066,3.1925,-9.6843
-3.3184,9.2807,-9.6843
-9.2588,3.1932,-3.6523
-3.172,9.2814,-3.6523
-9.4773,9.2072,2.3789
-9.3316,9.2086,8.4109
-9.4066,3.1925,2.3789
-3.3184,9.2807,2.3789
-9.2588,3.1932,8.4109
-3.172,9.2814,8.4109
8.9998,8.847,-9.2683
9.1469,8.8484,-3.2363
8.9998,8.847,2.7949
9.1469,8.8484,8.8269
-9.2289,-8.8314,-8.3197
-9.0825,-8.8307,-2.2877
-9.2289,-8.8314,3.7435
-9.0825,-8.8307,9.7755
9.2503,-9.1923,-7.9037
9.3974,-9.1909,-1.8727
3.09,-9.2659,-7.9037
9.1782,-3.1777,-7.9037
3.2364,-9.2651,-1.8717
9.326,-3.177,-1.8727
9.2503,-9.1923,4.1595
9.3974,-9.1909,10.19
3.09,-9.2659,4.1595
9.1782,-3.1777,4.1595
3.2364,-9.2651,10.191
9.326,-3.177,10.19
-2.7782,-9.0488,-8.11
-9.01,-3.1084,-8.11
3.3086,-2.9607,-8.11
-2.9211,2.979,-8.11
-2.6311,-9.0474,-2.079
-8.8636,-3.1063,-2.078
3.4556,-2.9592,-2.078
-2.774,2.9805,-2.079
-2.8496,-3.0349,-8.11
-9.0814,2.9055,-8.11
3.2371,3.0533,-8.11
-2.9932,8.9937,-8.11
-2.7026,-3.0335,-2.079
-8.935,2.9062,-2.078
3.3835,3.054,-2.078
-2.8454,8.9944,-2.079
-2.7782,-9.0488,3.9532
-9.01,-3.1084,3.9532
3.3086,-2.9607,3.9532
-2.9211,2.979,3.9532
-2.6311,-9.0474,9.9842
-8.8636,-3.1063,9.9852
3.4556,-2.9592,9.9852
-2.774,2.9805,9.9842
-2.8496,-3.0349,3.9532
-9.0814,2.9055,3.9532
3.2371,3.0533,3.9532
-2.9932,8.9937,3.9532
-2.7026,-3.0335,9.9842
-8.935,2.9062,9.9852
3.3835,3.054,9.9852
-2.8454,8.9944,9.9842
-8.8628,9.2107,-8.3163
-8.7157,9.2121,-2.2843
-8.8628,9.2107,3.7469
-8.7157,9.2121,9.7789
9.6878,2.8359,-7.9003
3.4561,8.7763,-7.9003
9.8349,2.8373,-1.8693
3.6025,8.7784,-1.8683
9.6164,8.8498,-7.9003
9.7635,8.8512,-1.8693
9.6878,2.8359,4.1629
3.4561,8.7763,4.1629
9.8349,2.8373,10.194
3.6025,8.7784,10.195
9.6164,8.8498,4.1629
9.7635,8.8512,10.194
-9.3555,-11.843,-12.642
-3.1966,-11.768,-12.643
-9.4269,-5.8291,-12.641
-12.302,-8.8725,-12.646
-6.1445,-8.7975,-12.646
-12.375,-2.8585,-12.645
-9.5019,-11.844,-6.6097
-9.3555,-11.843,-0.57869
-3.343,-11.77,-6.6107
-9.5747,-5.8298,-6.6097
-3.1966,-11.768,-0.57969
-9.4269,-5.8291,-0.57769
-12.449,-8.8739,-6.6137
-12.302,-8.8725,-0.58269
-6.2916,-8.7989,-6.6137
-12.521,-2.8592,-6.6137
-6.1445,-8.7975,-0.58269
-12.375,-2.8585,-0.58169
-7.039,-11.843,-9.5337
-13.27,-5.9033,-9.5337
-6.8912,-11.842,-3.5027
-13.123,-5.9019,-3.5027
-13.198,-11.917,-9.5337
-0.8794,-11.77,-9.5337
-7.1104,-5.8291,-9.5337
-13.052,-11.916,-3.5027
-0.73302,-11.769,-3.5027
-6.964,-5.8284,-3.5027
-9.5019,-11.844,5.4535
-9.3555,-11.843,11.485
-3.343,-11.77,5.4525
-9.5747,-5.8298,5.4535
-3.1966,-11.768,11.484
-9.4269,-5.8291,11.486
-12.449,-8.8739,5.4495
-12.302,-8.8725,11.481
-6.2916,-8.7989,5.4495
-12.521,-2.8592,5.4495
-6.1445,-8.7975,11.481
-12.375,-2.8585,11.482
-7.039,-11.843,2.5295
-13.27,-5.9033,2.5295
-6.8912,-11.842,8.5605
-13.123,-5.9019,8.5605
-13.198,-11.917,2.5295
-0.8794,-11.77,2.5295
-7.1104,-5.8291,2.5295
-13.052,-11.916,8.5605
-0.73302,-11.769,8.5605
-6.964,-5.8284,8.5605
-13.051,0.40118,-9.74
-12.904,0.40188,-3.709
-13.051,0.40118,2.3232
-12.904,0.40188,8.3542
2.9627,-12.277,-12.225
9.0509,-6.1885,-12.227
9.1223,-12.202,-12.227
12.335,-9.1591,-12.23
6.1737,-9.2312,-12.23
12.263,-3.1451,-12.229
2.8163,-12.277,-6.1937
8.9038,-6.1899,-6.1947
2.9627,-12.277,-0.16172
9.0509,-6.1885,-0.16372
8.9752,-12.204,-6.1947
9.1223,-12.202,-0.16372
12.188,-9.1605,-6.1977
12.335,-9.1591,-0.16672
6.0273,-9.2333,-6.1977
12.116,-3.1458,-6.1977
6.1737,-9.2312,-0.16672
12.263,-3.1451,-0.16572
5.2799,-12.277,-9.1177
11.367,-6.1899,-9.1177
5.4263,-12.277,-3.0867
11.514,-6.1885,-3.0867
11.439,-12.203,-9.1177
11.586,-12.202,-3.0867
2.8163,-12.277,5.8695
8.9038,-6.1899,5.8685
2.9627,-12.277,11.901
9.0509,-6.1885,11.899
8.9752,-12.204,5.8685
9.1223,-12.202,11.899
12.188,-9.1605,5.8655
12.335,-9.1591,11.896
6.0273,-9.2333,5.8655
12.116,-3.1458,5.8655
6.1737,-9.2312,11.896
12.263,-3.1451,11.897
5.2799,-12.277,2.9455
11.367,-6.1899,2.9455
5.4263,-12.277,8.9765
11.514,-6.1885,8.9765
11.439,-12.203,2.9455
11.586,-12.202,8.9765
-2.9776,-6.0451,-12.433
-9.2087,-0.10536,-12.431
3.1106,0.041719,-12.432
-3.1205,5.9828,-12.433
3.182,-5.9722,-12.432
-3.049,-0.031113,-12.433
9.2695,0.11667,-12.433
3.0391,6.0557,-12.431
0.30688,-9.0156,-12.436
-5.9256,-3.0745,-12.436
6.393,-2.9267,-12.436
0.16405,3.0123,-12.436
0.23547,-3.0017,-12.435
-5.9977,2.9401,-12.436
6.3215,3.0872,-12.436
0.091217,9.0262,-12.435
-3.1247,-6.0465,-6.401
-9.355,-0.10607,-6.4
2.9642,0.041012,-6.4
-3.2675,5.9814,-6.401
-2.9776,-6.0451,-0.37
-9.2087,-0.10536,-0.368
3.1106,0.041719,-0.369
-3.1205,5.9828,-0.37
3.0349,-5.9736,-6.4
-3.1961,-0.032527,-6.401
9.1231,0.11455,-6.401
2.8914,6.055,-6.4
3.182,-5.9722,-0.369
-3.049,-0.031113,-0.37
9.2695,0.11667,-0.37
3.0391,6.0557,-0.368
0.15981,-9.017,-6.404
-6.0719,-3.0752,-6.404
6.2459,-2.9281,-6.405
0.016971,3.0109,-6.404
0.30688,-9.0156,-0.373
-5.9256,-3.0745,-0.373
6.393,-2.9267,-0.373
0.16405,3.0123,-0.373
0.088388,-3.0031,-6.404
-6.1441,2.938,-6.404
6.1745,3.0858,-6.404
-0.055154,9.0255,-6.404
0.23547,-3.0017,-0.372
-5.9977,2.9401,-0.373
6.3215,3.0872,-0.373
0.091217,9.0262,-0.372
-0.66114,-6.0465,-9.325
-6.8915,-0.10607,-9.324
5.427,0.041719,-9.324
-0.80398,5.9814,-9.324
-0.51407,-6.0451,-3.293
-6.7451,-0.10536,-3.293
5.5748,0.042426,-3.293
-0.6569,5.9828,-3.293
5.4985,-5.9722,-9.324
-0.73186,-0.03182,-9.324
11.587,0.11455,-9.324
5.3556,6.0557,-9.324
5.6455,-5.9708,-3.293
-0.58548,-0.031113,-3.293
11.733,0.11526,-3.293
5.502,6.0564,-3.293
-3.1247,-6.0465,5.6622
-9.355,-0.10607,5.6632
2.9642,0.041012,5.6632
-3.2675,5.9814,5.6622
-2.9776,-6.0451,11.693
-9.2087,-0.10536,11.695
3.1106,0.041719,11.694
-3.1205,5.9828,11.693
3.0349,-5.9736,5.6632
-3.1961,-0.032527,5.6622
9.1231,0.11455,5.6622
2.8914,6.055,5.6632
3.182,-5.9722,11.694
-3.049,-0.031113,11.693
9.2695,0.11667,11.693
3.0391,6.0557,11.695
0.15981,-9.017,5.6592
-6.0719,-3.0752,5.6592
6.2459,-2.9281,5.6582
0.016971,3.0109,5.6592
0.30688,-9.0156,11.69
-5.9256,-3.0745,11.69
6.393,-2.9267,11.69
0.16405,3.0123,11.69
0.088388,-3.0031,5.6592
-6.1441,2.938,5.6592
6.1745,3.0858,5.6592
-0.055154,9.0255,5.6592
0.23547,-3.0017,11.691
-5.9977,2.9401,11.69
6.3215,3.0872,11.69
0.091217,9.0262,11.691
-0.66114,-6.0465,2.7382
-6.8915,-0.10607,2.7392
5.427,0.041719,2.7392
-0.80398,5.9814,2.7392
-0.51407,-6.0451,8.7702
-6.7451,-0.10536,8.7702
5.5748,0.042426,8.7702
-0.6569,5.9828,8.7702
5.4985,-5.9722,2.7392
-0.73186,-0.03182,2.7392
11.587,0.11455,2.7392
5.3556,6.0557,2.7392
5.6455,-5.9708,8.7702
-0.58548,-0.031113,8.7702
11.733,0.11526,8.7702
5.502,6.0564,8.7702
-9.0608,12.213,-12.638
-8.9894,6.1991,-12.638
-2.9019,12.288,-12.639
-11.864,3.1557,-12.642
-5.7784,9.2446,-12.642
-11.936,9.1697,-12.641
-9.2072,12.212,-6.6063
-9.0608,12.213,-0.57528
-9.1365,6.1977,-6.6063
-3.0483,12.286,-6.6073
-8.9894,6.1991,-0.57528
-2.9019,12.288,-0.57628
-12.012,3.1543,-6.6103
-5.9255,9.2432,-6.6113
-11.864,3.1557,-0.57928
-5.7784,9.2446,-0.57928
-12.083,9.1683,-6.6103
-11.936,9.1697,-0.57828
-12.832,6.1249,-9.5313
-6.7443,12.213,-9.5303
-12.685,6.1263,-3.4993
-6.5965,12.214,-3.4993
-6.6729,6.1991,-9.5303
-12.903,12.14,-9.5303
-0.5847,12.286,-9.5303
-6.5258,6.2005,-3.4993
-12.757,12.14,-3.4993
-0.43833,12.287,-3.4993
-9.2072,12.212,5.4569
-9.0608,12.213,11.488
-9.1365,6.1977,5.4569
-3.0483,12.286,5.4559
-8.9894,6.1991,11.488
-2.9019,12.288,11.487
-12.012,3.1543,5.4529
-5.9255,9.2432,5.4519
-11.864,3.1557,11.484
-5.7784,9.2446,11.484
-12.083,9.1683,5.4529
-11.936,9.1697,11.485
-12.832,6.1249,2.5319
-6.7443,12.213,2.5329
-12.685,6.1263,8.5639
-6.5965,12.214,8.5639
-6.6729,6.1991,2.5329
-12.903,12.14,2.5329
-0.5847,12.286,2.5329
-6.5258,6.2005,8.5639
-12.757,12.14,8.5639
-0.43833,12.287,8.5639
9.4884,5.8397,-12.224
3.2574,11.779,-12.222
9.417,11.854,-12.224
12.773,2.8691,-12.227
6.5405,8.8102,-12.227
12.702,8.8831,-12.226
9.3413,5.8383,-6.1913
3.111,11.779,-6.1903
9.4884,5.8397,-0.16031
3.2574,11.779,-0.15831
9.2699,11.852,-6.1913
9.417,11.854,-0.16031
12.626,2.8677,-6.1943
6.3941,8.8095,-6.1943
12.773,2.8691,-0.16331
6.5405,8.8102,-0.16331
12.554,8.8816,-6.1943
12.702,8.8831,-0.16231
11.805,5.8383,-9.1153
5.5746,11.779,-9.1143
11.952,5.8397,-3.0833
5.721,11.779,-3.0833
11.734,11.853,-9.1143
11.881,11.854,-3.0833
9.3413,5.8383,5.8719
3.111,11.779,5.8729
9.4884,5.8397,11.903
3.2574,11.779,11.905
9.2699,11.852,5.8719
9.417,11.854,11.903
12.626,2.8677,5.8689
6.3941,8.8095,5.8689
12.773,2.8691,11.9
6.5405,8.8102,11.9
12.554,8.8816,5.8689
12.702,8.8831,11.901
11.805,5.8383,2.9479
5.5746,11.779,2.9489
11.952,5.8397,8.9799
5.721,11.779,8.9799
11.734,11.853,2.9489
11.881,11.854,8.9799
0,0,0
-0.070711,6.0132,0
0.072125,-6.0147,0
-0.14637,-0.0021213,-6.031
-0.14637,-0.0021213,6.0322
6.1589,0.073539,0
-6.1596,-0.074246,0
6.0132,0.072125,-6.031
6.0132,0.072125,6.0322
-0.074953,-6.0161,-6.031
-0.2185,6.0125,6.0312
-0.2185,6.0125,-6.032
-0.074953,-6.0161,6.0322
6.0875,6.0875,0
6.2317,-5.9404,0.001
-5.9396,6.2309,-0.20528
-6.3786,-5.7972,-0.20969
-6.306,-0.074953,-6.031
-6.306,-0.074953,6.0322
6.0839,-5.9411,-6.031
6.0839,-5.9411,6.0322
5.9411,6.0868,-6.031
5.9411,6.0868,6.0322
-6.0874,6.2302,5.8259
-6.5249,-5.798,5.8225
-6.0874,6.2302,-6.2373
-6.5249,-5.798,-6.2407
-0.14754,-11.738,-0.20969
0,0,-12.063
0,0,12.063
12.319,0.14637,0
0.14715,12.318,-0.20628
-12.319,0.433,-0.41597
-0.29391,-11.739,5.8225
-0.29391,-11.739,-6.2407
6.3064,11.81,0.20969
-6.3071,-11.811,-0.20969
-0.070711,6.0132,-12.063
-0.070711,6.0132,12.063
0.072125,-6.0147,-12.063
0.072125,-6.0147,12.063
6.1589,0.073539,-12.063
6.1589,0.073539,12.063
-6.1596,-0.074246,-12.063
-6.1596,-0.074246,12.063
-12.099,6.1567,-0.20628
12.101,-6.1581,0.20628
12.172,0.14566,-6.031
12.172,0.14566,6.0322
0.00078277,12.317,5.8259
-6.0125,12.245,-0.20628
6.0117,-12.246,0.20628
-12.465,0.43229,5.6162
0.00078277,12.317,-6.2373
-12.537,-5.8715,-0.20969
12.538,5.8701,0.20969
-12.465,0.43229,-6.447
6.1601,11.81,-5.8213
-5.9396,6.2309,11.858
11.953,-6.1588,-5.8257
-6.3786,-5.7972,11.854
-6.4528,-11.813,5.8225
6.1601,11.81,6.2419
5.8654,-12.246,-5.8247
6.2317,-5.9404,-12.062
6.0875,6.0875,-12.063
6.0875,6.0875,12.063
6.2317,-5.9404,12.064
11.953,-6.1588,6.2375
-6.4528,-11.813,-6.2407
-6.1581,12.243,5.8259
-12.246,6.1553,5.8259
12.391,5.8687,-5.8213
5.8654,-12.246,6.2385
-5.9396,6.2309,-12.268
-6.3786,-5.7972,-12.273
-6.1581,12.243,-6.2373
-12.246,6.1553,-6.2373
12.391,5.8687,6.2419
-12.685,-5.8722,5.8215
-12.685,-5.8722,-6.2417
-0.14754,-11.738,11.854
-12.319,0.433,11.647
-0.14754,-11.738,-12.273
0.14715,12.318,11.857
12.171,-12.171,0.20628
-12.171,12.171,-0.20628
-12.466,-11.885,-0.20969
12.466,11.885,0.20969
12.319,0.14637,-12.063
12.319,0.14637,12.063
0.14715,12.318,-12.269
-12.319,0.433,-12.479
6.3064,11.81,-11.854
-6.3071,-11.811,11.854
-12.099,6.1567,11.857
12.101,-6.1581,-11.857
-6.0125,12.245,11.857
6.0117,-12.246,-11.857
12.025,-12.173,-5.8247
12.32,11.883,-5.8213
6.3064,11.81,12.273
-6.3071,-11.811,-12.273
12.025,-12.173,6.2385
12.32,11.883,6.2419
-12.537,-5.8715,11.854
12.538,5.8701,-11.854
-12.318,12.169,5.8259
-12.612,-11.887,5.8225
-12.099,6.1567,-12.269
12.101,-6.1581,12.269
-6.0125,12.245,-12.269
6.0117,-12.246,12.269
-12.318,12.169,-6.2373
-12.612,-11.887,-6.2407
-12.537,-5.8715,-12.273
12.538,5.8701,12.273
12.171,-12.171,-11.857
-12.171,12.171,11.857
-12.466,-11.885,11.854
12.466,11.885,-11.854
12.171,-12.171,12.269
-12.171,12.171,-12.269
-12.466,-11.885,-12.273
12.466,11.885,12.273
