-10,-9.4508,-10.427
-10.226,-2.8458,-9.6157
-10.139,-9.6057,-3.7236
-10,-9.4508,2.4594
-3.3122,-9.4622,-3.8496
-10.846,-3.0975,-3.6156
-10.226,-2.8458,3.2704
-10.139,-9.6057,9.1626
-3.3122,-9.4622,9.0366
-10.846,-3.0975,9.2706
10.029,-9.7904,-9.9248
3.0078,-10.07,-3.2696
10.037,-9.7558,-4.0056
10.029,-9.7904,2.9614
3.0078,-10.07,9.6165
10.037,-9.7558,8.8805
2.9783,-9.4187,-9.9861
-3.2923,-3.2555,-10.355
9.6216,-3.2647,-10.304
3.1629,3.2704,-10.254
3.0879,-2.8914,-9.7681
-2.9076,3.1466,-10.101
-2.5725,-9.2518,-9.8181
2.9373,9.8755,-9.4431
-9.9292,2.8666,-3.446
-3.0653,-2.9324,-3.72
9.8019,-3.2697,-2.952
3.0236,3.1155,-3.551
2.9783,-9.4187,2.9
-3.2923,-3.2555,2.531
9.6216,-3.2647,2.582
3.1629,3.2704,2.632
2.7803,-2.5696,-3.402
-2.8998,3.1813,-4.182
9.8507,3.2591,-3.677
2.3165,9.6237,-3.443
3.0879,-2.8914,3.118
-2.9076,3.1466,2.785
-2.5725,-9.2518,3.068
2.9373,9.8755,3.443
-9.9292,2.8666,9.4401
-3.0653,-2.9324,9.1661
9.8019,-3.2697,9.9341
3.0236,3.1155,9.3351
2.7803,-2.5696,9.4841
-2.8998,3.1813,8.7041
9.8507,3.2591,9.2091
2.3165,9.6237,9.4431
-9.9587,3.5184,-10.162
-3.3154,9.6723,-10.48
-9.8491,10.046,-9.9445
-3.1351,9.6674,-3.1284
-9.9587,3.5184,2.7236
-3.3154,9.6723,2.4056
-10.157,10.367,-3.5784
-9.8491,10.046,2.9416
-3.1351,9.6674,9.7578
-10.157,10.367,9.3078
9.8706,9.4657,-10.183
10.59,3.4694,-9.6456
10.098,9.7888,-3.5474
9.8706,9.4657,2.7036
10.59,3.4694,3.2406
10.098,9.7888,9.3387
-2.844,-10.336,-9.2467
-8.9167,-9.564,-9.3877
-2.844,-10.336,3.6394
-9.4986,-9.5703,-2.3676
-8.9167,-9.564,3.4984
-9.4986,-9.5703,10.519
10.18,-10.723,-8.7658
3.8125,-9.8145,-8.7508
10.33,-3.2857,-8.9628
9.5917,-9.8152,-2.5756
10.18,-10.723,4.1204
3.6145,-9.7381,-1.9386
10.716,-3.5247,-3.7556
3.8125,-9.8145,4.1354
10.33,-3.2857,3.9234
9.5917,-9.8152,10.31
3.6145,-9.7381,10.947
10.716,-3.5247,9.1305
10.319,2.3851,-9.0741
-8.836,-3.3022,-8.5371
4.0602,-3.0505,-8.6431
-2.757,2.214,-8.9421
-2.6163,-3.2979,-9.0161
-9.1245,3.1226,-8.9271
4.2462,3.1572,-9.2151
-2.6071,9.6513,-9.1391
-2.6057,-9.64,-2.259
-9.4208,-3.4288,-2.561
3.9732,-3.1176,-2.67
-3.3453,3.1219,-2.752
10.319,2.3851,3.812
-8.836,-3.3022,4.349
4.0602,-3.0505,4.243
-2.757,2.214,3.944
-3.0215,-3.7781,-2.483
-9.3225,3.199,-2.115
3.6642,3.1509,-2.195
-2.221,9.4123,-3.932
-2.6163,-3.2979,3.87
-9.1245,3.1226,3.959
4.2462,3.1572,3.671
-2.6071,9.6513,3.747
-2.6057,-9.64,10.627
-9.4208,-3.4288,10.325
3.9732,-3.1176,10.216
-3.3453,3.1219,10.134
-3.0215,-3.7781,10.403
-9.3225,3.199,10.771
3.6642,3.1509,10.691
-2.221,9.4123,8.9541
-8.8768,9.8866,-8.8195
-8.9638,9.8194,-2.8464
-8.8768,9.8866,4.0666
-8.9638,9.8194,10.04
4.3269,9.419,-8.3646
10.547,9.4233,-8.8436
10.557,3.0812,-2.0864
3.7421,9.2924,-2.3884
4.3269,9.419,4.5216
10.141,8.9431,-2.3104
10.547,9.4233,4.0426
10.557,3.0812,10.8
3.7421,9.2924,10.498
10.141,8.9431,10.576
-9.9349,-12.786,-13.528
-9.7461,-12.368,-6.9067
-3.3701,-12.04,-13.087
-10.012,-6.1451,-13.718
-3.3023,-13.085,-6.5797
-9.6111,-6.8077,-6.9047
-12.731,-9.6319,-13.233
-13.104,-9.6446,-7.3797
-6.8922,-9.5208,-12.465
-13.358,-3.2658,-13.394
-5.7856,-9.5597,-7.3657
-12.567,-3.2149,-6.8837
-6.7211,-13.283,-10.003
-13.546,-6.0673,-10.119
-13.589,-13.179,-10.066
-0.46393,-12.869,-10.056
-9.9349,-12.786,-0.64155
-9.7461,-12.368,5.9794
-3.3701,-12.04,-0.20055
-10.012,-6.1451,-0.83155
-3.3023,-13.085,6.3064
-9.6111,-6.8077,5.9814
-12.731,-9.6319,-0.34655
-13.104,-9.6446,5.5064
-6.8922,-9.5208,0.42145
-13.358,-3.2658,-0.50755
-5.7856,-9.5597,5.5204
-12.567,-3.2149,6.0024
-6.6341,-11.615,-3.5176
-13.696,-6.6627,-3.8576
-6.7211,-13.283,2.8834
-13.546,-6.0673,2.7674
-13.568,-12.445,-3.6866
-0.86486,-12.703,-3.5816
-6.5825,-7.2949,-3.4556
-13.589,-13.179,2.8204
-0.46393,-12.869,2.8304
-9.9349,-12.786,12.245
-3.3701,-12.04,12.686
-10.012,-6.1451,12.055
-12.731,-9.6319,12.54
-6.8922,-9.5208,13.308
-13.358,-3.2658,12.379
-6.6341,-11.615,9.3686
-13.696,-6.6627,9.0286
-13.568,-12.445,9.1996
-0.86486,-12.703,9.3046
-6.5825,-7.2949,9.4306
-13.401,0.068045,-10.232
-13.802,0.23421,-3.7579
-13.401,0.068045,2.6541
-13.802,0.23421,9.1282
3.1599,-13.488,-13.301
9.6377,-7.1147,-13.2
3.2002,-12.698,-6.4968
9.6893,-5.9275,-6.5178
9.6759,-12.671,-12.827
9.673,-13.634,-6.4948
13.369,-9.8477,-12.884
12.996,-9.8604,-7.0308
6.0053,-9.9495,-11.941
12.742,-3.4816,-13.045
7.201,-10.093,-6.8998
13.532,-3.4307,-6.5348
6.3871,-13.741,-9.2578
12.554,-6.2832,-9.7698
12.511,-13.395,-9.7168
3.1599,-13.488,-0.41464
9.6377,-7.1147,-0.31364
3.2002,-12.698,6.3894
9.6893,-5.9275,6.3684
9.6759,-12.671,0.059357
9.673,-13.634,6.3914
13.369,-9.8477,0.002357
12.996,-9.8604,5.8554
6.0053,-9.9495,0.94536
12.742,-3.4816,-0.15864
7.201,-10.093,5.9864
13.532,-3.4307,6.3514
6.5356,-11.778,-2.9636
12.404,-6.8785,-3.5086
6.3871,-13.741,3.6284
12.554,-6.2832,3.1164
6.3489,-7.6104,-2.9876
12.532,-12.661,-3.3376
12.511,-13.395,3.1694
3.1599,-13.488,12.471
9.6377,-7.1147,12.572
9.6759,-12.671,12.945
13.369,-9.8477,12.888
6.0053,-9.9495,13.831
12.742,-3.4816,12.727
6.5356,-11.778,9.9225
12.404,-6.8785,9.3775
6.3489,-7.6104,9.8985
12.532,-12.661,9.5485
-3.2994,-6.6553,-13.158
-9.7772,-0.55084,-13.477
3.2279,-0.064347,-13.355
-3.2994,5.8223,-13.376
-2.9394,-6.0267,-6.7421
-9.7369,0.239,-6.6731
3.4167,0.35355,-6.7341
-3.2477,7.0095,-6.6941
3.3828,-6.0359,-13.48
-3.2612,0.26587,-13.003
9.7927,0.68094,-12.914
3.1509,6.5761,-13.545
3.4429,-6.7522,-6.3491
-3.264,-0.69721,-6.6711
9.8606,-0.36416,-6.4071
3.5518,5.9135,-6.7321
0.74953,-9.7666,-13.273
-5.9482,-3.3192,-13.666
7.1432,-3.2965,-13.433
0.43204,3.0893,-13.06
0.18102,-9.6633,-6.8181
0.05869,3.0766,-7.2071
-0.057983,-3.2697,-13.348
-6.9318,2.9875,-12.117
6.2706,3.2004,-12.292
-0.19516,9.4554,-13.221
0.69933,-3.3114,-6.6761
-5.7361,2.844,-7.0761
7.3772,3.1615,-7.1931
0.59538,9.5063,-6.7111
0.10394,-6.0295,-9.9821
-6.5499,-0.80398,-9.4341
6.4417,-0.56144,-9.8301
-0.38325,6.6539,-9.9461
6.0748,-5.8612,-9.4201
-0.42568,-0.45821,-9.8931
12.699,-0.14779,-9.8831
-6.5973,-5.869,-9.8261
-3.2994,-6.6553,-0.272
-9.7772,-0.55084,-0.591
3.2279,-0.064347,-0.469
-3.2994,5.8223,-0.49
-2.9394,-6.0267,6.144
-9.7369,0.239,6.213
3.4167,0.35355,6.152
-3.2477,7.0095,6.192
3.3828,-6.0359,-0.594
-3.2612,0.26587,-0.117
9.7927,0.68094,-0.028
3.1509,6.5761,-0.659
3.4429,-6.7522,6.537
-3.264,-0.69721,6.215
9.8606,-0.36416,6.479
3.5518,5.9135,6.154
0.74953,-9.7666,-0.387
-5.9482,-3.3192,-0.78
7.1432,-3.2965,-0.547
0.43204,3.0893,-0.174
0.18102,-9.6633,6.068
-6.9997,-3.4981,-5.484
6.1342,-3.2591,-5.589
0.05869,3.0766,5.679
-0.057983,-3.2697,-0.462
-6.9318,2.9875,0.769
6.2706,3.2004,0.594
-0.19516,9.4554,-0.335
0.69933,-3.3114,6.21
-5.7361,2.844,5.81
7.3772,3.1615,5.693
0.59538,9.5063,6.175
-0.71135,-6.5266,-3.458
-6.4014,1.1589,-3.14
6.5287,1.1066,-3.345
-0.53316,6.0585,-3.685
0.10394,-6.0295,2.904
-6.5499,-0.80398,3.452
6.4417,-0.56144,3.056
-0.38325,6.6539,2.94
-6.5881,5.3266,-3.164
-0.40517,0.27648,-3.514
12.298,0.018385,-3.409
6.5803,5.4263,-3.283
6.0748,-5.8612,3.466
-0.42568,-0.45821,2.993
12.699,-0.14779,3.003
-6.5973,-5.869,3.06
-3.2994,-6.6553,12.614
-9.7772,-0.55084,12.295
3.2279,-0.064347,12.417
-3.2994,5.8223,12.396
3.3828,-6.0359,12.292
-3.2612,0.26587,12.769
9.7927,0.68094,12.858
3.1509,6.5761,12.227
0.74953,-9.7666,12.499
-5.9482,-3.3192,12.106
7.1432,-3.2965,12.339
0.43204,3.0893,12.712
-6.9997,-3.4981,7.4021
6.1342,-3.2591,7.2971
-0.057983,-3.2697,12.424
-6.9318,2.9875,13.655
6.2706,3.2004,13.48
-0.19516,9.4554,12.551
-0.71135,-6.5266,9.4281
-6.4014,1.1589,9.7461
6.5287,1.1066,9.5411
-0.53316,6.0585,9.2011
-6.5881,5.3266,9.7221
-0.40517,0.27648,9.3721
12.298,0.018385,9.4771
6.5803,5.4263,9.6031
-9.7091,12.873,-13.531
-9.5203,13.291,-6.9105
-9.5542,6.9012,-13.656
-3.1443,13.618,-13.09
-9.4941,6.1849,-6.5255
-3.0764,12.573,-6.5835
-12.188,3.1705,-13.449
-5.7938,9.6405,-13.609
-12.756,3.2737,-6.9945
-12.995,9.6674,-13.524
-12.238,9.6257,-6.8525
-12.833,6.9075,-10.158
-6.4953,12.376,-10.006
-6.8623,7.0758,-9.5965
-13.363,12.479,-10.069
-0.23811,12.789,-10.059
-9.7091,12.873,-0.64536
-9.5203,13.291,5.9756
-9.5542,6.9012,-0.77036
-3.1443,13.618,-0.20436
-9.4941,6.1849,6.3606
-3.0764,12.573,6.3026
-12.188,3.1705,-0.56336
-5.7938,9.6405,-0.72336
-12.756,3.2737,5.8916
-6.8029,9.678,-5.7654
-12.995,9.6674,-0.63836
-12.238,9.6257,6.0336
-13.648,6.4104,-3.6344
-6.4083,14.044,-3.5214
-12.833,6.9075,2.7276
-6.4953,12.376,2.8796
-13.342,13.214,-3.6904
-0.63904,12.955,-3.5854
-6.8623,7.0758,3.2896
-13.363,12.479,2.8166
-0.23811,12.789,2.8266
-9.7091,12.873,12.241
-9.5542,6.9012,12.116
-3.1443,13.618,12.682
-12.188,3.1705,12.323
-5.7938,9.6405,12.163
-6.8029,9.678,7.1208
-12.995,9.6674,12.248
-13.648,6.4104,9.2518
-6.4083,14.044,9.3648
-13.342,13.214,9.1958
-0.63904,12.955,9.3008
9.8635,6.0659,-12.986
3.3857,12.17,-13.305
10.223,6.6945,-6.5696
3.426,12.96,-6.5006
9.9017,12.987,-12.831
9.8989,12.024,-6.4986
13.912,2.9546,-13.101
7.2147,9.402,-13.494
13.344,3.0579,-6.6456
13.105,9.4515,-13.176
13.862,9.4098,-6.5036
13.267,6.6917,-9.8096
6.6129,11.917,-9.2616
12.737,12.263,-9.7206
6.5656,6.8522,-9.6536
9.8635,6.0659,-0.099449
3.3857,12.17,-0.41845
10.223,6.6945,6.3166
3.426,12.96,6.3856
9.9017,12.987,0.055551
9.8989,12.024,6.3876
13.912,2.9546,-0.21445
7.2147,9.402,-0.60745
13.344,3.0579,6.2406
6.1632,9.2232,-5.3114
13.105,9.4515,-0.28945
13.862,9.4098,6.3826
12.452,6.1946,-3.2854
6.7614,13.88,-2.9674
13.267,6.6917,3.0766
6.6129,11.917,3.6246
12.758,12.998,-3.3414
12.737,12.263,3.1656
6.5656,6.8522,3.2326
9.8635,6.0659,12.787
3.3857,12.17,12.468
9.9017,12.987,12.942
13.912,2.9546,12.672
7.2147,9.402,12.279
6.1632,9.2232,7.5747
13.105,9.4515,12.597
12.452,6.1946,9.6007
6.7614,13.88,9.9187
12.758,12.998,9.5447
0,0,0
0.29698,-6.3074,-0.029
0.36062,0.035355,-6.3711
-0.0070711,6.3993,0.011
-6.4007,0.10607,-0.295
0.36062,0.035355,6.515
6.5471,0.0035355,0.093
-6.2395,-0.13576,6.343
0.4674,6.294,6.302
-6.3831,6.3491,-0.317
0.37406,-6.4,-6.3321
-6.2395,-0.13576,-6.5431
-6.3972,-6.393,0.07
6.6327,0.2291,-6.159
0.4674,6.294,-6.5841
0.37406,-6.4,6.554
6.7657,6.3283,0.24255
6.554,-6.5879,-0.14064
6.6327,0.2291,6.7271
-6.2501,-6.574,-6.175
-6.1142,6.7449,6.1956
6.9127,6.1472,-6.0024
6.8229,-6.1921,6.372
-6.2501,-6.574,6.7111
6.8229,-6.1921,-6.5141
-6.1142,6.7449,-6.6905
6.9127,6.1472,6.8837
0.016971,12.727,-0.164
0,0,12.886
0,0,-12.886
-0.20885,-12.932,-0.16019
12.954,-0.21053,0.012357
-13.146,0.0052991,-0.33655
-12.515,0.22114,6.2926
-6.4007,0.10607,12.591
-12.515,0.22114,-6.5935
0.42214,-12.716,-6.4171
0.42214,-12.716,6.469
-12.64,6.6296,-0.20536
0.29698,-6.3074,12.857
-6.6158,-12.718,-0.079551
6.5471,0.0035355,-12.793
0.29698,-6.3074,-12.915
-0.0070711,6.3993,-12.875
-0.0070711,6.3993,12.897
6.5363,-12.831,-0.11864
-6.3899,12.941,-0.083357
0.64796,12.942,-6.4209
0.64796,12.942,6.4652
12.93,-6.5377,0.18736
6.7621,12.827,-0.12245
6.5471,0.0035355,12.979
-13.17,-6.3219,-0.16155
-6.4007,0.10607,-13.181
13.46,6.4138,0.14355
13.585,0.0053075,-6.2446
13.585,0.0053075,6.6416
-6.5302,-12.492,-6.3316
-6.3831,6.3491,12.569
-12.695,-6.4273,6.1294
-12.563,6.537,6.3776
-6.5302,-12.492,6.5546
-12.563,6.537,-6.5085
6.7657,6.3283,-12.644
-6.3972,-6.393,-12.816
6.9233,12.585,-6.3706
-12.695,-6.4273,-6.7567
6.9233,12.585,6.5156
6.554,-6.5879,12.745
-6.3972,-6.393,12.956
-6.3044,13.166,-6.3354
-6.3831,6.3491,-13.203
-6.3044,13.166,6.5508
6.554,-6.5879,-13.027
6.6975,-13.073,-6.3668
6.7657,6.3283,13.129
6.6975,-13.073,6.5194
13.537,6.3212,-6.1596
13.404,-6.6431,-6.4078
13.404,-6.6431,6.4784
13.537,6.3212,6.7266
0.016971,12.727,12.722
-0.20885,-12.932,12.726
-13.146,0.0052991,12.55
0.016971,12.727,-13.05
12.954,-0.21053,-12.874
12.954,-0.21053,12.898
12.937,-12.937,0.17636
-12.937,12.937,-0.17636
-13.163,-12.721,-0.17255
13.163,12.721,0.17255
-0.20885,-12.932,-13.046
-13.146,0.0052991,-13.223
-12.64,6.6296,12.681
-12.802,-12.686,6.3424
-12.576,12.972,6.3386
-12.802,-12.686,-6.5437
-12.576,12.972,-6.5475
-6.6158,-12.718,12.807
6.5363,-12.831,12.767
12.93,-6.5377,-12.699
-6.3899,12.941,12.803
6.7621,12.827,12.764
-6.6158,-12.718,-12.966
-12.64,6.6296,-13.091
-13.17,-6.3219,12.725
6.5363,-12.831,-13.005
-6.3899,12.941,-12.969
6.7621,12.827,-13.009
12.93,-6.5377,13.073
13.298,-12.902,-6.1948
-13.17,-6.3219,-13.048
13.523,12.757,-6.1986
13.46,6.4138,-12.743
13.298,-12.902,6.6914
13.523,12.757,6.6876
13.46,6.4138,13.03
12.937,-12.937,-12.71
-12.937,12.937,12.71
-13.163,-12.721,12.714
13.163,12.721,-12.714
12.937,-12.937,13.062
-12.937,12.937,-13.062
-13.163,-12.721,-13.059
13.163,12.721,13.059
