-9.2809,-8.4384,-9.2644
-9.4407,-8.4398,-3.5098
-9.2809,-8.4384,2.2452
-9.4407,-8.4398,7.9999
8.4745,-8.7856,-8.812
2.5588,-8.9765,-8.812
8.3903,-3.145,-8.812
8.3146,-8.787,-3.0574
8.4745,-8.7856,2.6976
2.3983,-8.9772,-3.0574
8.2298,-3.1457,-3.0574
2.5588,-8.9765,2.6976
8.3903,-3.145,2.6976
8.3146,-8.787,8.4523
2.3983,-8.9772,8.4523
8.2298,-3.1457,8.4523
-3.0038,-8.6097,-9.0367
-9.0121,-2.9621,-9.0367
2.8277,-2.7782,-9.0367
-3.1806,2.8694,-9.0367
-3.0886,-2.9684,-9.0367
-9.0962,2.6785,-9.0367
2.7429,2.8631,-9.0367
-3.2647,8.51,-9.0367
-3.1643,-8.6104,-3.282
-9.1719,-2.9635,-3.282
2.6672,-2.7789,-3.282
-3.3404,2.868,-3.282
-3.0038,-8.6097,2.473
-9.0121,-2.9621,2.473
2.8277,-2.7782,2.473
-3.1806,2.8694,2.473
-3.2477,-2.9691,-3.282
-9.2567,2.6778,-3.282
2.5831,2.8617,-3.282
-3.4252,8.5093,-3.282
-3.0886,-2.9684,2.473
-9.0962,2.6785,2.473
2.7429,2.8631,2.473
-3.2647,8.51,2.473
-3.1643,-8.6104,8.2277
-9.1719,-2.9635,8.2277
2.6672,-2.7789,8.2277
-3.3404,2.868,8.2277
-3.2477,-2.9691,8.2277
-9.2567,2.6778,8.2277
2.5831,2.8617,8.2277
-3.4252,8.5093,8.2277
-8.8273,8.8768,-9.2613
-8.9878,8.8761,-3.5066
-8.8273,8.8768,2.2484
-8.9878,8.8761,8.003
9.02,2.6917,-8.8089
3.0117,8.3394,-8.8089
8.9351,8.333,-8.8089
8.8595,2.691,-3.0542
2.8519,8.3379,-3.0542
9.02,2.6917,2.7008
3.0117,8.3394,2.7008
8.776,8.3323,-3.0542
8.9351,8.333,2.7008
8.8595,2.691,8.4554
2.8519,8.3379,8.4554
8.776,8.3323,8.4554
3.162,-8.8952,-7.453
-2.7615,-9.0373,-7.452
9.0783,-8.8535,-7.452
3.07,-3.2058,-7.452
3.0022,-8.8966,-1.6984
3.162,-8.8952,4.0566
-2.9213,-9.0387,-1.6974
8.9178,-8.8542,-1.6974
2.9102,-3.2072,-1.6974
-2.7615,-9.0373,4.0576
9.0783,-8.8535,4.0576
3.07,-3.2058,4.0576
3.0022,-8.8966,9.8113
-2.9213,-9.0387,9.8123
8.9178,-8.8542,9.8123
2.9102,-3.2072,9.8123
-8.3156,-8.7186,-7.6777
-2.4848,-2.8878,-7.6777
-8.4931,2.7598,-7.6777
-8.4075,-3.0292,-7.6767
-2.5767,2.8016,-7.6767
-8.585,8.4492,-7.6767
-8.4761,-8.7193,-1.923
-2.6446,-2.8878,-1.923
-8.6529,2.7584,-1.923
-8.3156,-8.7186,3.832
-2.4848,-2.8878,3.832
-8.4931,2.7598,3.832
-8.568,-3.03,-1.922
-2.7372,2.8008,-1.922
-8.7448,8.4478,-1.922
-8.4075,-3.0292,3.833
-2.5767,2.8016,3.833
-8.585,8.4492,3.833
-8.4761,-8.7193,9.5867
-2.6446,-2.8878,9.5867
-8.6529,2.7584,9.5867
-8.568,-3.03,9.5877
-2.7372,2.8008,9.5877
-8.7448,8.4478,9.5877
9.3542,-3.4253,-7.2253
9.2623,2.2641,-7.2243
9.1944,-3.4267,-1.4706
9.3542,-3.4253,4.2844
9.1025,2.2627,-1.4696
9.2623,2.2641,4.2854
9.1944,-3.4267,10.039
9.1025,2.2627,10.04
3.7082,2.5828,-7.4499
-2.3008,8.2298,-7.4499
9.539,8.4136,-7.4499
3.6163,8.2722,-7.4489
3.5477,2.5821,-1.6952
-2.4606,8.2283,-1.6952
9.3792,8.4136,-1.6952
3.7082,2.5828,4.0598
-2.3008,8.2298,4.0598
9.539,8.4136,4.0598
3.4557,8.2715,-1.6942
3.6163,8.2722,4.0608
3.5477,2.5821,9.8144
-2.4606,8.2283,9.8144
9.3792,8.4136,9.8144
3.4557,8.2715,9.8154
-9.1451,-11.257,-12.001
-8.986,-11.256,-6.2464
-11.955,-8.4313,-11.986
-11.795,-8.4306,-6.2324
-12.411,-11.309,-8.9934
-6.4807,-11.216,-8.9934
-12.489,-5.5696,-8.9934
-9.1451,-11.257,-0.49175
-8.986,-11.256,5.2632
-11.955,-8.4313,-0.47675
-11.795,-8.4306,5.2772
-12.57,-11.309,-3.2388
-12.411,-11.309,2.5162
-6.6406,-11.217,-3.2378
-12.649,-5.5696,-3.2378
-6.4807,-11.216,2.5162
-12.489,-5.5696,2.5162
-9.1451,-11.257,11.018
-11.955,-8.4313,11.033
-12.57,-11.309,8.2709
-6.6406,-11.217,8.2719
-12.649,-5.5696,8.2719
-3.2232,-11.888,-11.544
8.6159,-11.703,-11.544
2.6076,-6.0569,-11.544
-3.0634,-11.886,-5.789
8.7757,-11.702,-5.789
2.7674,-6.0554,-5.789
2.6939,-11.794,-11.549
8.5247,-5.9635,-11.549
2.8537,-11.794,-5.794
8.6852,-5.9628,-5.794
5.8051,-8.874,-11.534
5.9649,-8.874,-5.779
-0.11548,-8.9694,-11.534
11.724,-8.7849,-11.534
5.716,-3.1379,-11.534
0.044328,-8.968,-5.78
11.884,-8.7842,-5.78
5.8758,-3.1365,-5.78
-0.57156,-11.847,-8.541
11.268,-11.663,-8.541
5.2599,-6.0151,-8.541
5.3589,-11.754,-8.541
11.19,-5.9232,-8.541
-3.2232,-11.888,-0.034377
8.6159,-11.703,-0.034377
2.6076,-6.0569,-0.034377
-3.0634,-11.886,5.7206
8.7757,-11.702,5.7206
2.7674,-6.0554,5.7206
2.6939,-11.794,-0.039377
8.5247,-5.9635,-0.039377
2.8537,-11.794,5.7156
8.6852,-5.9628,5.7156
5.8051,-8.874,-0.024377
5.9649,-8.874,5.7306
-0.11548,-8.9694,-0.024377
11.724,-8.7849,-0.024377
5.716,-3.1379,-0.024377
0.044328,-8.968,5.7296
11.884,-8.7842,5.7296
5.8758,-3.1365,5.7296
-0.73137,-11.848,-2.7864
11.108,-11.663,-2.7864
5.1001,-6.0166,-2.7864
-0.57156,-11.847,2.9686
11.268,-11.663,2.9686
5.2599,-6.0151,2.9686
5.1984,-11.755,-2.7854
11.03,-5.9232,-2.7854
5.3589,-11.754,2.9686
11.19,-5.9232,2.9686
-3.2232,-11.888,11.475
8.6159,-11.703,11.475
2.6076,-6.0569,11.475
2.6939,-11.794,11.47
8.5247,-5.9635,11.47
5.8051,-8.874,11.485
-0.11548,-8.9694,11.485
11.724,-8.7849,11.485
5.716,-3.1379,11.485
-0.73137,-11.848,8.7233
11.108,-11.663,8.7233
5.1001,-6.0166,8.7233
5.1984,-11.755,8.7243
11.03,-5.9232,8.7243
-8.8707,-5.8796,-11.769
-3.0391,-0.048083,-11.769
-9.0474,5.5982,-11.769
-8.7108,-5.8782,-6.0137
-2.8793,-0.046669,-6.0137
-8.8876,5.5996,-6.0137
-2.9529,-5.787,-11.774
-8.9612,-0.1393,-11.774
2.8786,0.044548,-11.774
-3.1304,5.6915,-11.774
-2.7931,-5.7855,-6.0187
-8.8014,-0.1393,-6.0187
3.0377,0.045255,-6.0187
-2.9698,5.6922,-6.0187
-5.6731,-8.6981,-11.759
-11.681,-3.0505,-11.759
0.15839,-2.8666,-11.759
-5.8499,2.7811,-11.759
-5.5133,-8.6967,-6.0037
-11.521,-3.0498,-6.0037
0.3182,-2.8652,-6.0037
-5.6901,2.7811,-6.0037
-5.7622,-2.9607,-11.759
-11.77,2.6856,-11.759
0.068589,2.8701,-11.759
-5.939,8.5171,-11.759
-5.6017,-2.9599,-6.0047
-11.611,2.687,-6.0047
0.2291,2.8709,-6.0047
-5.7792,8.5185,-6.0047
-6.2183,-5.8379,-8.7657
-12.227,-0.19163,-8.7657
-0.38679,-0.0077782,-8.7657
-6.3951,5.6399,-8.7657
-0.2885,-5.7459,-8.7657
-6.2961,-0.098995,-8.7657
5.543,0.08556,-8.7657
-0.46528,5.7318,-8.7657
-8.8707,-5.8796,-0.259
-3.0391,-0.048083,-0.259
-9.0474,5.5982,-0.259
-8.7108,-5.8782,5.496
-2.8793,-0.046669,5.496
-8.8876,5.5996,5.496
-2.9529,-5.787,-0.264
-8.9612,-0.1393,-0.264
2.8786,0.044548,-0.264
-3.1304,5.6915,-0.264
-2.7931,-5.7855,5.491
-8.8014,-0.1393,5.491
3.0377,0.045255,5.491
-2.9698,5.6922,5.491
-5.6731,-8.6981,-0.249
-11.681,-3.0505,-0.249
0.15839,-2.8666,-0.249
-5.8499,2.7811,-0.249
-5.5133,-8.6967,5.506
-11.521,-3.0498,5.506
0.3182,-2.8652,5.506
-5.6901,2.7811,5.506
-5.7622,-2.9607,-0.249
-11.77,2.6856,-0.249
0.068589,2.8701,-0.249
-5.939,8.5171,-0.249
-5.6017,-2.9599,5.505
-11.611,2.687,5.505
0.2291,2.8709,5.505
-5.7792,8.5185,5.505
-6.3781,-5.8393,-3.011
-12.386,-0.19304,-3.011
-0.54659,-0.0077782,-3.011
-6.5549,5.6385,-3.011
-6.2183,-5.8379,2.744
-12.227,-0.19163,2.744
-0.38679,-0.0077782,2.744
-6.3951,5.6399,2.744
-0.44831,-5.7474,-3.01
-6.4566,-0.099702,-3.01
5.3832,0.084146,-3.01
-0.62508,5.7318,-3.01
-0.2885,-5.7459,2.744
-6.2961,-0.098995,2.744
5.543,0.08556,2.744
-0.46528,5.7318,2.744
-8.8707,-5.8796,11.251
-3.0391,-0.048083,11.251
-9.0474,5.5982,11.251
-2.9529,-5.787,11.246
-8.9612,-0.1393,11.246
2.8786,0.044548,11.246
-3.1304,5.6915,11.246
-5.6731,-8.6981,11.261
-11.681,-3.0505,11.261
0.15839,-2.8666,11.261
-5.8499,2.7811,11.261
-5.7622,-2.9607,11.261
-11.77,2.6856,11.261
0.068589,2.8701,11.261
-5.939,8.5171,11.261
-6.3781,-5.8393,8.4987
-12.386,-0.19304,8.4987
-0.54659,-0.0077782,8.4987
-6.5549,5.6385,8.4987
-0.44831,-5.7474,8.4997
-6.4566,-0.099702,8.4997
5.3832,0.084146,8.4997
-0.62508,5.7318,8.4997
-8.7764,11.7,-11.998
-8.6173,11.7,-6.2433
-11.497,8.7884,-11.983
-11.337,8.7898,-6.2283
-12.042,11.647,-8.9903
-11.944,5.9091,-8.9903
-6.112,11.741,-8.9903
-8.7764,11.7,-0.48862
-8.6173,11.7,5.2664
-11.497,8.7884,-0.47362
-11.337,8.7898,5.2814
-12.202,11.647,-3.2356
-12.042,11.647,2.5194
-12.103,5.9077,-3.2346
-6.2718,11.739,-3.2346
-11.944,5.9091,2.5194
-6.112,11.741,2.5194
-8.7764,11.7,11.021
-11.497,8.7884,11.036
-12.202,11.647,8.274
-12.103,5.9077,8.275
-6.2718,11.739,8.275
8.8005,-0.58623,-11.316
8.9604,-0.58481,-5.5613
11.997,-3.404,-11.306
12.158,-3.4033,-5.5513
11.908,2.332,-11.306
12.068,2.3334,-5.5523
11.452,-0.54521,-8.3133
8.8005,-0.58623,0.19337
8.9604,-0.58481,5.9484
11.997,-3.404,0.20337
12.158,-3.4033,5.9584
11.908,2.332,0.20337
12.068,2.3334,5.9574
11.292,-0.54663,-2.5586
11.452,-0.54521,3.1964
8.8005,-0.58623,11.703
11.997,-3.404,11.713
11.908,2.332,11.713
11.292,-0.54663,8.951
3.1531,5.4218,-11.541
-2.8545,11.069,-11.541
8.9846,11.253,-11.541
3.3129,5.4233,-5.7859
-2.6947,11.07,-5.7859
9.1444,11.255,-5.7859
9.0709,5.5145,-11.546
3.0626,11.162,-11.546
9.2307,5.5159,-5.7909
3.2224,11.162,-5.7909
6.3506,2.6033,-11.531
0.34235,8.251,-11.531
12.182,8.4348,-11.531
6.5104,2.6047,-5.7759
0.50287,8.2517,-5.7759
12.342,8.4362,-5.7759
6.2615,8.3408,-11.531
6.4221,8.3415,-5.7769
5.8055,5.4636,-8.5379
-0.20282,11.11,-8.5379
11.637,11.294,-8.5379
11.735,5.5555,-8.5379
5.7277,11.202,-8.5379
3.1531,5.4218,-0.031248
-2.8545,11.069,-0.031248
8.9846,11.253,-0.031248
3.3129,5.4233,5.7238
-2.6947,11.07,5.7238
9.1444,11.255,5.7238
9.0709,5.5145,-0.036248
3.0626,11.162,-0.036248
9.2307,5.5159,5.7188
3.2224,11.162,5.7188
6.3506,2.6033,-0.021248
0.34235,8.251,-0.021248
12.182,8.4348,-0.021248
6.5104,2.6047,5.7338
0.50287,8.2517,5.7338
12.342,8.4362,5.7338
6.2615,8.3408,-0.021248
6.4221,8.3415,5.7328
5.6457,5.4621,-2.7832
-0.36263,11.108,-2.7832
11.477,11.294,-2.7832
5.8055,5.4636,2.9718
-0.20282,11.11,2.9718
11.637,11.294,2.9718
11.575,5.5541,-2.7822
5.5672,11.202,-2.7822
11.735,5.5555,2.9718
5.7277,11.202,2.9718
3.1531,5.4218,11.478
-2.8545,11.069,11.478
8.9846,11.253,11.478
9.0709,5.5145,11.473
3.0626,11.162,11.473
6.3506,2.6033,11.488
0.34235,8.251,11.488
12.182,8.4348,11.488
6.2615,8.3408,11.488
5.6457,5.4621,8.7264
-0.36263,11.108,8.7264
11.477,11.294,8.7264
11.575,5.5541,8.7274
5.5672,11.202,8.7274
0,0,0
-0.089095,5.7389,-0.001
0.086974,-5.7396,-0.001
0.16051,0.00070711,5.754
0.16051,0.00070711,-5.7557
5.9185,0.091924,-0.001
-5.9206,-0.092631,-0.001
0.070004,5.7396,5.754
0.070004,5.7396,-5.7557
0.24678,-5.7382,5.754
0.24678,-5.7382,-5.7557
-5.7608,-0.091217,5.754
-5.7608,-0.091217,-5.7557
-6.0076,5.647,0
-5.8308,-5.8308,0
5.6474,-6.0081,0.22462
6.193,5.4706,0.22775
6.0783,0.093338,5.754
6.0783,0.093338,-5.7557
-5.8478,5.6484,5.754
-5.8478,5.6484,-5.7557
-5.671,-5.8308,5.754
-5.671,-5.8308,-5.7557
5.8072,-6.0067,-5.531
6.3528,5.4706,-5.5279
5.8072,-6.0067,5.9786
6.3528,5.4706,5.9818
0.18467,11.117,0.22775
0,0,-11.51
0,0,11.51
-11.839,-0.18455,0
-0.18407,-11.84,0.22462
11.84,-0.53814,0.45237
0.34448,11.118,-5.5279
0.34448,11.118,5.9818
6.1032,11.209,0.22675
-6.1053,-11.21,-0.22875
-0.089095,5.7389,11.509
0.086974,-5.7396,11.509
-0.089095,5.7389,-11.511
0.086974,-5.7396,-11.511
5.9185,0.091924,11.509
-5.9206,-0.092631,11.509
5.9185,0.091924,-11.511
-5.9206,-0.092631,-11.511
11.566,-5.9161,0.22362
-11.568,5.9154,-0.22562
-11.679,-0.18314,5.754
-11.679,-0.18314,-5.7557
-0.024262,-11.838,-5.531
5.7344,-11.748,0.22362
-5.7365,11.747,-0.22562
11.999,-0.53673,-5.3033
-0.024262,-11.838,5.9786
12.111,5.5618,0.22675
-12.113,-5.5626,-0.22875
11.999,-0.53673,6.2064
-5.9455,-11.208,5.5262
5.6474,-6.0081,-11.285
6.263,11.21,-5.5279
6.193,5.4706,-11.282
-11.408,5.9168,5.5294
-5.9455,-11.208,-5.9834
-5.5767,11.748,5.5294
-6.0076,5.647,-11.51
-6.0076,5.647,11.51
-5.8308,-5.8308,-11.51
-5.8308,-5.8308,11.51
6.263,11.21,5.9818
-11.408,5.9168,-5.9803
11.725,-5.9154,-5.531
5.8942,-11.746,-5.531
-11.954,-5.5618,5.5262
-5.5767,11.748,-5.9803
5.6474,-6.0081,11.734
6.193,5.4706,11.737
11.725,-5.9154,5.9786
5.8942,-11.746,5.9786
-11.954,-5.5618,-5.9834
12.271,5.5633,-5.5279
12.271,5.5633,5.9818
0.18467,11.117,-11.282
0.18467,11.117,11.737
11.84,-0.53814,-11.057
-0.18407,-11.84,-11.285
11.655,-11.655,0.22462
-11.655,11.655,-0.22462
-12.024,-11.301,-0.22775
12.024,11.301,0.22775
-11.839,-0.18455,-11.51
-11.839,-0.18455,11.51
-0.18407,-11.84,11.734
11.84,-0.53814,11.962
-6.1053,-11.21,11.281
6.1032,11.209,-11.283
-11.568,5.9154,11.284
11.566,-5.9161,-11.286
-5.7365,11.747,11.284
5.7344,-11.748,-11.286
-11.495,11.656,5.5294
-11.863,-11.301,5.5262
6.1032,11.209,11.736
-6.1053,-11.21,-11.738
-11.495,11.656,-5.9803
-11.863,-11.301,-5.9834
12.111,5.5618,-11.283
-12.113,-5.5626,11.281
11.816,-11.654,-5.531
11.566,-5.9161,11.733
-11.568,5.9154,-11.735
12.184,11.302,-5.5279
5.7344,-11.748,11.733
-5.7365,11.747,-11.735
11.816,-11.654,5.9786
12.184,11.302,5.9818
12.111,5.5618,11.736
-12.113,-5.5626,-11.738
11.655,-11.655,-11.285
-11.655,11.655,11.285
-12.024,-11.301,11.282
12.024,11.301,-11.282
11.655,-11.655,11.734
-11.655,11.655,-11.734
-12.024,-11.301,-11.737
12.024,11.301,11.737
