-9.1204,-8.8718,-9.1344
-2.8455,-8.6866,-8.6164
-9.0949,-8.3457,-3.0978
-9.1204,-8.8718,2.3752
-4.0674,-8.7375,-2.9098
-2.8455,-8.6866,2.8932
-9.0949,-8.3457,8.4119
-4.0674,-8.7375,8.5999
8.3154,-8.7538,-7.498
3.1591,-8.7538,-2.6344
9.0925,-8.9454,-2.7634
8.3154,-8.7538,4.0116
3.1591,-8.7538,8.8753
9.0925,-8.9454,8.7463
3.4217,-8.0349,-8.2547
-3.4005,-3.0512,-7.9257
8.7745,-2.1107,-7.9917
2.9034,2.4296,-8.9067
3.7597,-3.1742,-8.1857
-3.3397,2.9013,-7.7227
9.1782,2.6149,-8.3887
-8.4457,-2.2953,-8.2297
-8.4959,2.9013,-2.859
-3.5893,-3.2569,-2.14
9.0566,-2.2175,-2.985
2.9288,2.9557,-2.87
3.4217,-8.0349,3.255
-3.4005,-3.0512,3.584
8.7745,-2.1107,3.518
2.9034,2.4296,2.603
2.4579,-2.5852,-2.759
-2.5626,2.7096,-2.988
7.9564,2.564,-2.682
-8.1925,-2.6941,-2.011
3.7597,-3.1742,3.324
-3.3397,2.9013,3.787
9.1782,2.6149,3.121
-8.4457,-2.2953,3.28
-8.4959,2.9013,8.6507
-3.5893,-3.2569,9.3697
9.0566,-2.2175,8.5247
2.9288,2.9557,8.6397
2.4579,-2.5852,8.7507
-2.5626,2.7096,8.5217
7.9564,2.564,8.8277
-8.1925,-2.6941,9.4987
-8.2333,3.6202,-8.4793
-2.8805,9.5443,-8.2163
-7.8953,8.4808,-8.4103
-2.5984,9.4375,-3.2096
-8.2333,3.6202,3.0304
-2.8805,9.5443,3.2934
-9.1971,9.0698,-2.9836
-7.8953,8.4808,3.0994
-2.5984,9.4375,8.3
-9.1971,9.0698,8.526
8.6233,8.2503,-7.6979
3.5781,9.0062,-8.0019
8.4345,8.0445,-1.9122
8.6233,8.2503,3.8118
3.8312,8.6074,-1.7832
3.5781,9.0062,3.5078
8.4345,8.0445,9.5974
3.8312,8.6074,9.7264
-3.2974,-8.6844,-10.041
-8.7088,-3.4271,-8.3114
-9.0985,-7.9844,-7.9474
-8.7484,-3.5063,-3.1588
-3.2974,-8.6844,1.4682
-8.7088,-3.4271,3.1982
-9.0765,-8.6837,-1.6298
-9.0985,-7.9844,3.5622
-8.7484,-3.5063,8.3509
-9.0765,-8.6837,9.8799
9.3732,-8.6053,-8.574
3.1344,-9.7416,-7.395
9.1038,-3.7043,-8.324
8.4144,-8.6831,-1.4624
9.3732,-8.6053,2.9356
3.1344,-9.7416,4.1146
9.1038,-3.7043,3.1856
8.4144,-8.6831,10.047
8.7264,2.617,-9.8137
3.3149,7.8743,-8.0837
2.4911,-2.361,-8.3707
-2.2818,3.0498,-8.7987
-2.5859,-2.8206,-9.1617
-8.5206,1.9134,-7.6197
2.9253,3.317,-7.7197
-2.5512,7.9507,-8.5487
-2.4579,-8.2661,-2.608
3.2753,7.7951,-2.931
3.7095,-3.2598,-2.203
-3.2407,2.972,-1.687
8.7264,2.617,1.696
3.3149,7.8743,3.426
2.4911,-2.361,3.139
-2.2818,3.0498,2.711
-2.5215,-3.2188,-3.187
2.2981,-8.573,-2.007
2.9472,2.6177,-1.402
8.4931,-3.1205,-1.98
-2.5859,-2.8206,2.348
-8.5206,1.9134,3.89
2.9253,3.317,3.79
-2.5512,7.9507,2.961
-2.4579,-8.2661,8.9017
3.2753,7.7951,8.5787
3.7095,-3.2598,9.3067
-3.2407,2.972,9.8227
-2.5215,-3.2188,8.3227
2.2981,-8.573,9.5027
2.9472,2.6177,10.108
8.4931,-3.1205,9.5297
-9.1639,9.294,-8.5953
-7.9455,8.3953,-2.4276
-9.1639,9.294,2.9144
-9.3569,3.0821,-2.2316
-3.162,8.5346,-2.2046
-7.9455,8.3953,9.082
-9.3569,3.0821,9.278
-3.162,8.5346,9.305
9.4379,8.4808,-8.9339
9.5659,3.0354,-2.3802
9.5022,8.0827,-2.9592
9.4379,8.4808,2.5758
9.5659,3.0354,9.1294
9.5022,8.0827,8.5504
-9.1154,-11.896,-11.302
-8.4536,-11.309,-5.7664
-3.233,-11.371,-11.465
-9.0886,-5.4713,-12.368
-2.6822,-11.561,-5.6624
-8.6947,-5.233,-5.9654
-12.175,-8.3061,-12.273
-11.574,-8.2538,-5.9654
-6.5069,-8.1152,-11.071
-5.7256,-8.5218,-6.0354
-11.55,-2.6521,-6.3014
-6.0621,-11.472,-8.6924
-11.235,-5.419,-9.1184
-12.349,-11.171,-9.0114
-9.1154,-11.896,0.20725
-8.4536,-11.309,5.7432
-3.233,-11.371,0.044248
-9.0886,-5.4713,-0.85875
-2.6822,-11.561,5.8472
-8.6947,-5.233,5.5442
-12.175,-8.3061,-0.76375
-11.574,-8.2538,5.5442
-6.5069,-8.1152,0.43825
-5.7256,-8.5218,5.4742
-11.55,-2.6521,5.2082
-6.9382,-11.118,-2.7738
-11.861,-4.1809,-2.9978
-6.0621,-11.472,2.8172
-11.235,-5.419,2.3912
-11.604,-11.108,-3.2858
-6.4751,-5.9295,-3.3168
-12.349,-11.171,2.4982
-9.1154,-11.896,11.717
-3.233,-11.371,11.554
-9.0886,-5.4713,10.651
-12.175,-8.3061,10.746
-6.5069,-8.1152,11.948
-6.9382,-11.118,8.7359
-11.861,-4.1809,8.5119
-11.604,-11.108,8.2239
-6.4751,-5.9295,8.1929
2.6592,-11.416,-11.064
8.869,-6.0491,-10.584
3.3345,-11.874,-5.098
9.12,-5.3837,-5.691
8.6123,-11.639,-10.561
11.504,-8.6597,-11.821
12.105,-8.6074,-5.513
5.7585,-8.9574,-10.378
10.679,-3.2878,-11.108
5.9784,-9.1038,-5.228
12.129,-3.0057,-5.849
5.7775,-11.642,-8.148
12.443,-5.7726,-8.666
6.5928,-5.6708,-7.926
11.33,-11.525,-8.559
2.6592,-11.416,0.44562
8.869,-6.0491,0.92562
3.3345,-11.874,6.4116
9.12,-5.3837,5.8186
8.6123,-11.639,0.94862
8.5409,-11.898,-4.8474
11.504,-8.6597,-0.31138
12.105,-8.6074,5.9966
5.7585,-8.9574,1.1316
10.679,-3.2878,0.40162
5.9784,-9.1038,6.2816
12.129,-3.0057,5.6606
6.1643,-11.267,-2.0994
11.818,-4.5345,-2.5454
5.7775,-11.642,3.3616
12.443,-5.7726,2.8436
6.5837,-6.3291,-2.1784
12.074,-11.462,-2.8334
6.5928,-5.6708,3.5836
11.33,-11.525,2.9506
2.6592,-11.416,11.955
8.869,-6.0491,12.435
8.6123,-11.639,12.458
8.5409,-11.898,6.6623
11.504,-8.6597,11.198
5.7585,-8.9574,12.641
10.679,-3.2878,11.911
6.1643,-11.267,9.4103
11.818,-4.5345,8.9643
6.5837,-6.3291,9.3313
12.074,-11.462,8.6763
-2.5527,-6.125,-11.132
-8.9958,0.239,-11.289
2.9083,-0.59468,-11.075
-2.786,5.6059,-10.809
-8.3205,-0.2185,-5.3227
3.5702,-0.0077782,-5.5387
-2.535,6.2713,-5.9157
3.1438,-6.0443,-11.613
-3.0427,0.016263,-10.786
8.7908,-0.069296,-11.238
2.9352,5.8301,-12.141
9.3416,-0.25951,-5.4347
3.3291,6.0684,-5.7377
0.070004,-8.6189,-10.912
-5.6866,-3.0391,-10.838
6.3039,-2.8192,-11.057
-0.15132,2.9953,-12.046
0.58195,-8.3403,-6.0527
0.44972,3.0476,-5.7377
-0.35143,-2.8433,-11.7
-5.8966,2.6976,-10.603
5.5168,3.1862,-10.844
-0.97651,8.3672,-11.333
0.13223,-2.7033,-5.6457
-5.6767,2.5512,-5.4527
6.2982,2.7796,-5.8077
0.47376,8.6493,-6.0737
0.24183,-4.8196,-8.3317
-5.8775,0.012728,-8.3727
5.9616,-0.17041,-8.4647
0.78842,5.8824,-8.8907
-5.0622,5.9842,-8.1507
-0.32527,0.13011,-8.7837
0.72337,-11.227,-8.3037
-5.6837,-5.6484,-8.7317
-2.5527,-6.125,0.378
-8.9958,0.239,0.221
2.9083,-0.59468,0.435
-2.786,5.6059,0.701
-2.9642,-5.9142,-4.841
-8.3205,-0.2185,6.187
3.5702,-0.0077782,5.971
-2.535,6.2713,5.594
3.1438,-6.0443,-0.103
-3.0427,0.016263,0.724
8.7908,-0.069296,0.272
2.9352,5.8301,-0.631
3.3581,-6.0903,-5.093
-3.1141,-0.24324,-5.072
9.3416,-0.25951,6.075
3.3291,6.0684,5.772
0.070004,-8.6189,0.598
-5.6866,-3.0391,0.672
6.3039,-2.8192,0.453
-0.15132,2.9953,-0.536
0.58195,-8.3403,5.457
-5.7361,-2.9034,-4.836
5.7396,-2.996,-4.693
0.44972,3.0476,5.772
-0.35143,-2.8433,-0.19
-5.8966,2.6976,0.907
5.5168,3.1862,0.666
-0.97651,8.3672,0.177
0.13223,-2.7033,5.864
-5.6767,2.5512,6.057
6.2982,2.7796,5.702
0.47376,8.6493,5.436
0.16405,-5.5663,-2.914
-5.4907,0.3882,-2.324
5.0855,0.18385,-2.546
0.16263,7.1206,-2.77
0.24183,-4.8196,3.178
-5.8775,0.012728,3.137
5.9616,-0.17041,3.045
0.78842,5.8824,2.619
-5.0714,5.3259,-2.403
0.41931,0.19304,-3.058
-0.54801,-10.662,-2.568
5.5487,5.3719,-3.089
-5.0622,5.9842,3.359
-0.32527,0.13011,2.726
0.72337,-11.227,3.206
-5.6837,-5.6484,2.778
-2.5527,-6.125,11.888
-8.9958,0.239,11.731
2.9083,-0.59468,11.945
-2.786,5.6059,12.211
-2.9642,-5.9142,6.6687
3.1438,-6.0443,11.407
-3.0427,0.016263,12.234
8.7908,-0.069296,11.782
2.9352,5.8301,10.879
3.3581,-6.0903,6.4167
-3.1141,-0.24324,6.4377
0.070004,-8.6189,12.108
-5.6866,-3.0391,12.182
6.3039,-2.8192,11.963
-0.15132,2.9953,10.974
-5.7361,-2.9034,6.6737
5.7396,-2.996,6.8167
-0.35143,-2.8433,11.32
-5.8966,2.6976,12.417
5.5168,3.1862,12.176
-0.97651,8.3672,11.687
0.16405,-5.5663,8.5957
-5.4907,0.3882,9.1857
5.0855,0.18385,8.9637
0.16263,7.1206,8.7397
-5.0714,5.3259,9.1067
0.41931,0.19304,8.4517
-0.54801,-10.662,8.9417
5.5487,5.3719,8.4207
-8.7467,11.06,-11.299
-8.0848,11.647,-5.7633
-8.5112,5.6107,-11.837
-2.8643,11.586,-11.462
-2.3134,11.396,-5.6593
-11.585,3.0361,-11.136
-5.3512,8.8358,-11.281
-11.073,3.3147,-6.2773
-12.006,8.8117,-11.924
-11.523,8.9518,-5.8703
-11.413,6.8354,-8.5563
-5.6934,11.485,-8.6893
-11.98,11.785,-9.0083
-10.932,0.42829,-8.5283
-8.7467,11.06,0.21038
-8.0848,11.647,5.7464
-8.5112,5.6107,-0.32762
-2.8643,11.586,0.047377
-8.297,5.5647,-5.3176
-2.3134,11.396,5.8504
-11.585,3.0361,0.37338
-5.3512,8.8358,0.22838
-11.073,3.3147,5.2324
-5.9154,8.659,-4.9176
-12.006,8.8117,-0.41462
-11.523,8.9518,5.6394
-11.491,6.0887,-3.1386
-6.5695,11.839,-2.7706
-11.413,6.8354,2.9534
-5.6934,11.485,2.8204
-11.236,11.848,-3.2826
-12.203,0.99256,-2.7926
-11.98,11.785,2.5014
-10.932,0.42829,2.9814
-8.7467,11.06,11.72
-8.5112,5.6107,11.182
-2.8643,11.586,11.557
-8.297,5.5647,6.192
-11.585,3.0361,11.883
-5.3512,8.8358,11.738
-5.9154,8.659,6.592
-12.006,8.8117,11.095
-11.491,6.0887,8.371
-6.5695,11.839,8.739
-11.236,11.848,8.227
-12.203,0.99256,8.717
9.4711,5.1765,-10.904
3.0279,11.54,-11.061
3.7032,11.083,-5.0949
8.9811,11.318,-10.558
12.094,2.6825,-10.684
6.3372,8.2623,-10.61
12.606,2.9611,-5.8249
11.672,8.4582,-11.472
12.156,8.5982,-5.4179
12.266,6.4818,-8.1039
6.1463,11.314,-8.1449
11.698,11.432,-8.5559
12.747,0.074698,-8.0759
6.34,5.6531,-8.5039
9.4711,5.1765,0.60575
3.0279,11.54,0.44875
9.0596,5.3872,-4.6132
3.7032,11.083,6.4148
8.9811,11.318,0.95175
8.9097,11.058,-4.8442
12.094,2.6825,0.82575
6.3372,8.2623,0.89975
12.606,2.9611,5.6848
6.2877,8.3981,-4.6082
11.672,8.4582,0.037752
12.156,8.5982,6.0918
12.188,5.7351,-2.6862
6.5331,11.69,-2.0962
12.266,6.4818,3.4058
6.1463,11.314,3.3648
12.443,11.494,-2.8302
11.476,0.63897,-2.3402
11.698,11.432,2.9538
12.747,0.074698,3.4338
6.34,5.6531,3.0058
9.4711,5.1765,12.115
3.0279,11.54,11.958
9.0596,5.3872,6.8964
8.9811,11.318,12.461
8.9097,11.058,6.6654
12.094,2.6825,12.335
6.3372,8.2623,12.409
6.2877,8.3981,6.9014
11.672,8.4582,11.547
12.188,5.7351,8.8234
6.5331,11.69,9.4134
12.443,11.494,8.6794
11.476,0.63897,9.1694
1.0921,11.73,-8.3005
-0.17927,12.294,-2.5649
1.0921,11.73,3.2091
-0.17927,12.294,8.9448
-0.064719,12.284,-2.4809
1.061,11.858,3.2151
-0.064719,12.284,9.0288
0,0,0
-0.14071,0.079903,-5.6367
0.38679,-5.6462,0.609
-0.14071,0.079903,5.873
0.17748,5.939,0.026
-5.9963,-0.26587,0.607
6.074,0.033941,0.394
-5.9772,-0.26092,-5.161
-5.4384,-5.823,0.059
-5.8322,5.4504,0.582
1.067,-5.8188,-5.4497
6.0967,-0.052326,-5.3537
0.41295,6.0953,-5.4127
1.067,-5.8188,6.06
5.8228,-6.2046,0.80662
6.5854,5.4784,0.28675
0.41295,6.0953,6.097
6.0967,-0.052326,6.156
-5.9772,-0.26092,6.3487
-5.5303,5.4695,-5.3117
-5.5233,-5.798,5.7122
-5.5233,-5.798,-5.7974
-5.5303,5.4695,6.198
6.1247,-6.1856,-5.087
6.5004,5.5034,-5.5697
6.5004,5.5034,5.94
6.1247,-6.1856,6.4226
0.070711,11.311,0.506
0,0,-11.51
0,0,11.51
-0.29803,-11.646,0.50287
11.726,-0.34414,0.73062
-11.953,0.0094477,0.27825
0.38679,-5.6462,-10.901
-0.00011526,-11.118,-5.5454
-5.9963,-0.26587,-10.903
6.0275,11.036,0.83475
-0.00011526,-11.118,5.9642
6.074,0.033941,-11.116
-5.9497,-11.267,0.16625
-11.268,6.0088,0.38438
0.17748,5.939,-11.484
-5.581,11.689,0.16938
0.17748,5.939,11.536
-11.655,0.53744,5.7396
-11.846,-5.3624,-0.20175
-11.655,0.53744,-5.77
0.36862,11.839,-5.5423
11.833,-5.716,0.25062
12.024,0.18385,-5.3177
5.6588,-11.921,0.83162
0.36862,11.839,5.9674
-10.588,5.8362,-5.6743
6.074,0.033941,11.904
0.38679,-5.6462,12.119
-10.588,5.8362,5.8354
6.0466,11.041,-4.9332
-5.9963,-0.26587,12.117
12.024,0.18385,6.192
-5.8322,5.4504,-10.928
12.411,5.6552,0.83675
5.8228,-6.2046,-10.703
-11.611,-5.2062,-5.6404
-5.4384,-5.823,-11.451
-5.9271,-11.354,-5.5814
-11.611,-5.2062,5.8692
-5.5583,11.603,-5.5783
-5.4384,-5.823,11.569
5.6778,-11.916,-4.9364
-5.9271,-11.354,5.9282
6.5854,5.4784,-11.223
-5.5583,11.603,5.9314
6.0466,11.041,6.5764
12.068,-5.5598,-5.188
-5.8322,5.4504,12.092
6.5854,5.4784,11.796
12.068,-5.5598,6.3216
5.6778,-11.916,6.5733
5.8228,-6.2046,12.316
0.070711,11.311,-11.004
11.726,-0.34414,-10.779
-0.29803,-11.646,-11.007
-11.953,0.0094477,-11.231
11.655,-11.655,0.22462
-11.655,11.655,-0.22462
6.0275,11.036,-10.675
0.070711,11.311,12.016
-12.024,-11.301,-0.22775
12.024,11.301,0.22775
-0.29803,-11.646,12.013
-11.953,0.0094477,11.788
-11.268,6.0088,-11.125
11.726,-0.34414,12.24
5.6588,-11.921,-10.678
-5.9497,-11.267,-11.343
11.514,-11.575,-5.412
-5.581,11.689,-11.34
-11.846,-5.3624,11.308
-5.9497,-11.267,11.676
11.833,-5.716,-11.259
12.411,5.6552,-10.673
11.883,11.381,-5.4089
11.514,-11.575,6.0976
-5.581,11.689,11.679
-11.268,6.0088,11.894
-12.164,-11.222,5.6452
-11.846,-5.3624,-11.711
11.883,11.381,6.1008
-12.164,-11.222,-5.8644
-11.796,11.735,5.6484
6.0275,11.036,12.344
11.833,-5.716,11.76
-11.796,11.735,-5.8613
5.6588,-11.921,12.341
12.411,5.6552,12.346
11.655,-11.655,-11.285
-11.655,11.655,11.285
-12.024,-11.301,11.282
12.024,11.301,-11.282
11.655,-11.655,11.734
-11.655,11.655,-11.734
-12.024,-11.301,-11.737
12.024,11.301,11.737
-12.024,-11.301,-11.737
12.024,11.301,11.737
