-10.309,-9.74,-10.244
-9.8776,-8.8929,-2.8756
-10.309,-9.74,2.6426
-9.8776,-8.8929,10.011
2.8933,-11.09,-2.0946
9.8272,-3.6923,-2.7576
9.6299,-9.1081,-8.9666
9.8222,-8.6216,-2.3356
2.8933,-11.09,10.791
9.8272,-3.6923,10.128
9.6299,-9.1081,3.9195
9.8222,-8.6216,10.55
3.2513,-9.1061,-9.096
-3.771,-2.8871,-8.855
10.091,-2.6227,-9.29
2.8539,2.9812,-10.071
-10.044,1.847,-2.271
-2.7139,-2.9967,-2.696
-3.1099,9.2447,-2.934
3.2852,3.8283,-2.703
2.7669,-2.4275,-9.102
-3.3071,3.829,-9.143
-3.0356,-9.2864,-10.558
-9.4851,-2.8426,-8.996
2.6361,-2.6856,-2.75
-3.1148,4.3155,-2.512
-1.953,-9.2023,-2.413
-9.2928,-2.5116,-2.718
3.2513,-9.1061,3.7901
-3.771,-2.8871,4.0311
10.091,-2.6227,3.5961
2.8539,2.9812,2.8151
-10.044,1.847,10.615
-2.7139,-2.9967,10.19
-3.1099,9.2447,9.9521
3.2852,3.8283,10.183
2.7669,-2.4275,3.7841
-3.3071,3.829,3.7431
-3.0356,-9.2864,2.3281
-9.4851,-2.8426,3.8901
2.6361,-2.6856,10.136
-3.1148,4.3155,10.374
-1.953,-9.2023,10.473
-9.2928,-2.5116,10.168
-9.6858,3.8309,-9.2724
-2.8459,10.314,-9.4664
-10.17,10.51,-9.2784
-10.301,10.251,-2.9264
-9.6858,3.8309,3.6138
-2.8459,10.314,3.4198
-10.17,10.51,3.6078
-10.301,10.251,9.9598
9.3919,9.8341,-8.6824
10.449,9.7245,-2.5234
10.127,3.4348,-10.385
3.6777,9.8786,-8.8234
11.21,3.5189,-2.2404
3.8701,10.21,-2.5454
9.3919,9.8341,4.2037
10.449,9.7245,10.363
10.127,3.4348,2.5007
3.6777,9.8786,4.0627
11.21,3.5189,10.646
3.8701,10.21,10.341
-3.6403,-8.854,-2.9316
-9.6648,-3.1024,-1.6486
-9.2038,-8.7777,-9.9836
-10.971,-9.9041,-2.9836
-3.6403,-8.854,9.9546
-9.6648,-3.1024,11.238
-9.2038,-8.7777,2.9026
-10.971,-9.9041,9.9026
9.9488,-9.1639,-7.4866
9.3534,-9.8965,-2.9526
3.2398,-9.7282,-10.34
3.2263,-9.6667,-2.4766
11.03,-3.8444,-1.8906
9.9488,-9.1639,5.3995
9.3534,-9.8965,9.9335
3.2398,-9.7282,2.5465
3.2263,-9.6667,10.409
11.03,-3.8444,10.995
-2.1538,-9.5219,-9.363
-10.029,-1.4474,-8.809
3.9867,-3.3163,-9.079
-2.9882,3.7731,-7.663
9.5226,3.8672,-2.759
3.4981,9.6188,-1.476
3.4295,-3.2697,-1.6
-3.5836,3.0406,-3.129
-2.4565,-2.2147,-9.167
-9.6973,3.2089,-10.516
3.9591,3.9435,-9.811
9.3536,-1.3336,-9.348
-3.4457,-2.9819,-4.033
-9.7107,3.2704,-2.653
2.192,2.8171,-2.811
-1.9071,9.0927,-2.067
-2.1538,-9.5219,3.5231
-10.029,-1.4474,4.0771
3.9867,-3.3163,3.8071
-2.9882,3.7731,5.2231
9.5226,3.8672,10.127
3.4981,9.6188,11.41
3.4295,-3.2697,11.286
-3.5836,3.0406,9.7571
-2.4565,-2.2147,3.7191
-9.6973,3.2089,2.3701
3.9591,3.9435,3.0751
9.3536,-1.3336,3.5381
-3.4457,-2.9819,8.8531
-9.7107,3.2704,10.233
2.192,2.8171,10.075
-1.9071,9.0927,10.819
-8.9504,9.6207,-9.2554
-9.5076,9.6674,-1.7764
-3.5834,11.603,-9.5244
-8.9504,9.6207,3.6308
-9.5076,9.6674,11.11
-3.5834,11.603,3.3618
11.009,3.1993,-9.1904
3.134,11.274,-8.6364
10.706,10.507,-8.9944
9.7171,9.7393,-3.8604
11.009,3.1993,3.6957
3.134,11.274,4.2497
10.706,10.507,3.8917
9.7171,9.7393,9.0257
-9.6386,-12.69,-12.732
-3.327,-12.622,-12.669
-13.205,-9.3052,-13.33
-5.9546,-9.1913,-13.09
-9.9993,-12.428,-5.4566
-9.6386,-12.69,0.15445
-3.2605,-11.577,-7.0666
-9.6549,-6.2024,-7.4966
-3.327,-12.622,0.21745
-9.8296,-5.6204,-12.005
-12.971,-9.0421,-5.8666
-13.205,-9.3052,-0.44355
-6.3004,-9.4282,-5.3206
-13.02,-2.6336,-7.3316
-5.9546,-9.1913,-0.20355
-13.108,-2.826,-12.24
-6.5394,-11.132,-9.0936
-13.581,-7.1718,-9.7546
-6.0586,-13.674,-3.1346
-12.115,-5.3772,-2.9096
-13.148,-12.108,-9.4236
-14.049,-12.018,-3.2016
-0.81324,-12.999,-3.0156
-9.9993,-12.428,7.4296
-9.6386,-12.69,13.041
-3.2605,-11.577,5.8196
-9.6549,-6.2024,5.3896
-3.327,-12.622,13.104
-9.8296,-5.6204,0.88159
-12.971,-9.0421,7.0196
-13.205,-9.3052,12.443
-6.3004,-9.4282,7.5656
-13.02,-2.6336,5.5546
-5.9546,-9.1913,12.683
-13.108,-2.826,0.64659
-6.5394,-11.132,3.7926
-13.581,-7.1718,3.1316
-6.0586,-13.674,9.7516
-12.115,-5.3772,9.9766
-13.148,-12.108,3.4626
-14.049,-12.018,9.6846
-0.81324,-12.999,9.8706
-9.8296,-5.6204,13.768
-13.108,-2.826,13.533
-13.75,-0.062063,-3.1919
-13.75,-0.062063,9.6942
3.4455,-12.976,-12.078
9.7635,-5.8193,-12.126
12.895,-9.521,-12.981
6.2747,-9.3478,-13.029
3.0199,-12.977,-5.4596
9.5712,-6.5717,-5.2716
3.4455,-12.976,0.80836
9.7635,-5.8193,0.76036
9.3075,-12.85,-6.2826
9.8307,-12.564,-11.571
13.129,-9.258,-5.5176
12.895,-9.521,-0.094643
6.0321,-9.6752,-5.0006
13.08,-2.8495,-6.9826
6.2747,-9.3478,-0.14264
12.992,-3.0418,-11.891
6.298,-11.91,-8.8556
12.518,-7.3877,-9.4056
7.2837,-12.777,-2.4086
13.985,-5.593,-2.5606
6.0873,-7.1055,-8.9986
12.952,-12.324,-9.0746
12.051,-12.233,-2.8526
3.0199,-12.977,7.4265
9.5712,-6.5717,7.6145
3.4455,-12.976,13.694
9.7635,-5.8193,13.646
9.3075,-12.85,6.6035
9.8307,-12.564,1.3155
13.129,-9.258,7.3685
12.895,-9.521,12.791
6.0321,-9.6752,7.8855
13.08,-2.8495,5.9035
6.2747,-9.3478,12.743
12.992,-3.0418,0.9955
6.298,-11.91,4.0305
12.518,-7.3877,3.4805
7.2837,-12.777,10.477
13.985,-5.593,10.325
6.0873,-7.1055,3.8875
12.952,-12.324,3.8115
12.051,-12.233,10.033
9.8307,-12.564,14.202
12.992,-3.0418,13.882
-2.885,-6.149,-13.051
-9.4915,-0.038891,-12.254
3.5242,0.031113,-12.559
-3.1735,7.1177,-12.302
9.8359,0.098995,-12.496
0.63215,-9.3437,-12.412
-6.0154,-2.8871,-12.234
-0.041719,3.416,-13.157
-0.26587,-3.0448,-12.871
-6.6624,3.5893,-13.205
7.2082,3.5299,-12.917
-2.9741,-6.3357,-5.495
-9.9172,-0.040305,-5.636
3.1636,0.29274,-5.284
-3.3658,6.3654,-5.448
-2.885,-6.149,-0.165
-9.4915,-0.038891,0.632
3.5242,0.031113,0.327
-3.1735,7.1177,0.584
3.1643,-5.5798,-6.172
-3.6296,0.086974,-6.459
9.9023,1.1441,-6.894
3.508,6.5188,-7.324
3.0964,-5.9814,-11.809
-3.1063,0.37265,-11.747
9.8359,0.098995,0.39
3.3333,7.1008,-11.832
0.46315,-8.9866,-5.493
-6.6638,-3.0943,-5.677
7.2825,-3.0045,-6.841
0.19163,3.6791,-5.694
0.63215,-9.3437,0.474
-6.0154,-2.8871,0.652
6.3215,-2.6347,-11.415
-0.041719,3.416,-0.271
-0.50346,-2.4664,-6.08
-6.9049,3.2619,-5.177
6.8625,3.293,-5.148
0.14284,10.088,-7.159
-0.26587,-3.0448,0.015
-6.6624,3.5893,-0.319
7.2082,3.5299,-0.031
0.055154,9.8953,-12.067
-0.6569,-6.1822,-9.131
-6.639,1.0274,-9.032
6.6235,1.5889,-8.921
-0.41861,5.5494,-9.582
1.2558,-6.1377,-2.31
-5.6533,0.16051,-2.585
7.1043,-0.95247,-2.962
1.0479,7.344,-2.737
-6.8497,5.8315,-9.175
0.014849,0.61306,-9.251
0.35002,-11.906,-9.479
-5.5671,-6.5004,-9.185
6.0656,-4.9908,-2.613
-0.886,0.70357,-3.029
12.35,-0.27789,-2.843
-6.4835,-5.5105,-2.482
-2.9741,-6.3357,7.3911
-9.9172,-0.040305,7.2501
3.1636,0.29274,7.6021
-3.3658,6.3654,7.4381
-2.885,-6.149,12.721
-9.4915,-0.038891,13.518
3.5242,0.031113,13.213
-3.1735,7.1177,13.47
3.1643,-5.5798,6.7141
-3.6296,0.086974,6.4271
9.9023,1.1441,5.9921
3.508,6.5188,5.5621
3.0964,-5.9814,1.0771
-3.1063,0.37265,1.1391
9.8359,0.098995,13.276
3.3333,7.1008,1.0541
0.46315,-8.9866,7.3931
-6.6638,-3.0943,7.2091
7.2825,-3.0045,6.0451
0.19163,3.6791,7.1921
0.63215,-9.3437,13.36
-6.0154,-2.8871,13.538
6.3215,-2.6347,1.4711
-0.041719,3.416,12.615
-0.50346,-2.4664,6.8061
-6.9049,3.2619,7.7091
6.8625,3.293,7.7381
0.14284,10.088,5.7271
-0.26587,-3.0448,12.901
-6.6624,3.5893,12.567
7.2082,3.5299,12.855
0.055154,9.8953,0.81914
-0.6569,-6.1822,3.7551
-6.639,1.0274,3.8541
6.6235,1.5889,3.9651
-0.41861,5.5494,3.3041
1.2558,-6.1377,10.576
-5.6533,0.16051,10.301
7.1043,-0.95247,9.9241
1.0479,7.344,10.149
-6.8497,5.8315,3.7111
0.014849,0.61306,3.6351
0.35002,-11.906,3.4071
-5.5671,-6.5004,3.7011
6.0656,-4.9908,10.273
-0.886,0.70357,9.8571
12.35,-0.27789,10.043
-6.4835,-5.5105,10.404
3.0964,-5.9814,13.963
-3.1063,0.37265,14.025
3.3333,7.1008,13.94
6.3215,-2.6347,14.357
0.055154,9.8953,13.705
-9.4128,12.968,-12.735
-3.1012,13.036,-12.672
-12.305,3.5933,-12.588
-13.203,9.8922,-13.047
-9.7734,13.23,-5.4604
-9.4128,12.968,0.15064
-9.7727,7.3573,-6.3484
-3.0347,14.081,-7.0704
-9.8406,6.9556,-11.985
-3.1012,13.036,0.21364
-12.474,3.9504,-5.6694
-5.6545,9.9325,-7.0174
-12.305,3.5933,0.29764
-6.6155,10.302,-11.591
-13.44,10.471,-6.2564
-13.203,9.8922,-0.16136
-13.594,6.7548,-9.3074
-6.3136,14.526,-9.0974
-11.681,6.7994,-2.4864
-5.8327,11.985,-3.1384
-12.922,13.55,-9.4274
-12.587,1.0315,-9.6554
-6.8715,7.9463,-2.7894
-13.823,13.641,-3.2054
-0.58742,12.659,-3.0194
-9.7734,13.23,7.4258
-9.4128,12.968,13.037
-9.7727,7.3573,6.5378
-3.0347,14.081,5.8158
-9.8406,6.9556,0.90078
-3.1012,13.036,13.1
-12.474,3.9504,7.2168
-5.6545,9.9325,5.8688
-12.305,3.5933,13.184
-6.6155,10.302,1.2948
-13.44,10.471,6.6298
-13.203,9.8922,12.725
-13.594,6.7548,3.5788
-6.3136,14.526,3.7888
-11.681,6.7994,10.4
-5.8327,11.985,9.7478
-12.922,13.55,3.4588
-12.587,1.0315,3.2308
-6.8715,7.9463,10.097
-13.823,13.641,9.6808
-0.58742,12.659,9.8668
-9.8406,6.9556,13.787
-6.6155,10.302,14.181
10.278,6.5722,-12.879
3.6714,12.682,-12.082
13.795,3.3775,-12.24
7.1475,9.8341,-12.062
12.897,9.6764,-12.699
10.189,6.3855,-5.3224
3.2457,12.681,-5.4634
10.278,6.5722,0.007551
3.6714,12.682,0.80455
9.5333,12.808,-6.2864
10.057,13.094,-11.574
13.626,3.7346,-5.3204
6.4991,9.6269,-5.5044
13.795,3.3775,0.64655
7.1475,9.8341,0.82455
12.659,10.255,-5.9074
12.897,9.6764,0.18755
12.506,6.539,-8.9584
6.5238,13.749,-8.8594
14.419,6.5835,-2.1374
7.5095,12.882,-2.4124
13.178,13.334,-9.0784
13.513,0.81565,-9.3064
7.5958,6.2208,-9.0124
12.277,13.425,-2.8564
6.6794,7.2107,-2.3094
10.189,6.3855,7.5637
3.2457,12.681,7.4227
10.278,6.5722,12.894
3.6714,12.682,13.691
9.5333,12.808,6.5997
10.057,13.094,1.3117
13.626,3.7346,7.5657
6.4991,9.6269,7.3817
13.795,3.3775,13.533
7.1475,9.8341,13.711
12.659,10.255,6.9787
12.897,9.6764,13.074
12.506,6.539,3.9277
6.5238,13.749,4.0267
14.419,6.5835,10.749
7.5095,12.882,10.474
13.178,13.334,3.8077
13.513,0.81565,3.5797
7.5958,6.2208,3.8737
12.277,13.425,10.03
6.6794,7.2107,10.577
10.057,13.094,14.198
0.57584,13.753,-9.4828
0.57584,13.753,3.4033
0,0,0
0.27011,-6.0033,0.524
0.23122,0.53387,-6.068
-6.2904,0.098995,0.534
0.53599,6.5563,0.374
6.6426,0.11314,-0.211
0.23122,0.53387,6.8181
0.16546,-5.8959,-6.236
-6.5012,-6.0525,0.086449
0.16546,-5.8959,6.6501
-6.5754,0.3288,-6.103
6.5817,-6.2084,0.714
6.8434,0.31678,-6.006
0.40093,6.9784,5.8651
-6.3553,6.7286,0.53764
6.6617,6.6687,0.259
-6.5754,0.3288,6.7831
6.8434,0.31678,6.8801
0.40093,6.9784,-7.021
6.545,-6.0373,-5.58
-6.2105,-6.1624,-6.277
-6.2105,-6.1624,6.6091
-6.3921,6.8998,-5.7564
6.9523,6.5588,-6.1044
6.545,-6.0373,7.3061
6.9523,6.5588,6.7817
-6.3921,6.8998,7.1298
-0.34513,-12.374,0.36345
12.818,0.34719,0.536
0,0,-12.886
0,0,12.886
-0.11931,13.284,0.35964
-13.282,0.56302,0.18709
0.12304,-12.011,-6.069
0.27011,-6.0033,-12.362
0.12304,-12.011,6.8171
-6.2904,0.098995,-12.352
-12.627,-6.1649,0.20145
0.53599,6.5563,-12.512
-6.5203,-12.608,-0.38355
-12.814,0.92612,-6.2454
6.6426,0.11314,12.675
-12.667,6.9337,0.34764
-12.814,0.92612,6.6408
6.6466,-12.838,0.71036
-6.2945,13.05,-0.38736
13.286,0.71029,-5.8964
6.8724,12.82,0.70655
6.6426,0.11314,-13.097
0.27011,-6.0033,13.41
0.53599,6.5563,13.26
-6.2904,0.098995,13.42
13.473,-6.3807,0.55036
0.34886,13.647,-6.0728
13.286,0.71029,6.9897
13.433,6.7179,0.69655
-12.762,-5.7428,5.6926
6.5817,-6.2084,-12.172
-6.3195,-12.404,-6.1786
0.34886,13.647,6.8133
6.3617,-12.608,-5.9266
-6.3553,6.7286,-12.348
-6.3195,-12.404,6.7076
-6.5012,-6.0525,-12.8
-6.5012,-6.0525,12.973
-12.762,-5.7428,-7.1936
6.3617,-12.608,6.9595
6.6617,6.6687,-12.627
6.5875,13.05,-5.9304
13.338,-5.9586,6.0415
-6.0937,13.254,-6.1824
-12.772,7.0412,-6.4124
-12.772,7.0412,6.4738
-6.0937,13.254,6.7038
13.338,-5.9586,-6.8446
13.328,6.8254,-6.0634
6.6617,6.6687,13.145
6.5875,13.05,6.9557
-6.3553,6.7286,13.424
6.5817,-6.2084,13.6
13.328,6.8254,6.8227
-0.34513,-12.374,-12.523
12.818,0.34719,-12.35
-0.34513,-12.374,13.25
-0.11931,13.284,-12.526
12.937,-12.937,0.17636
-12.937,12.937,-0.17636
-13.163,-12.721,-0.17255
13.163,12.721,0.17255
-13.282,0.56302,-12.699
12.818,0.34719,13.422
-13.282,0.56302,13.073
-0.11931,13.284,13.246
-12.932,-12.187,-6.2406
6.6466,-12.838,-12.176
-6.5203,-12.608,12.503
-12.627,-6.1649,-12.685
-12.932,-12.187,6.6456
6.8724,12.82,-12.18
13.168,-12.403,-5.8916
-12.667,6.9337,-12.538
-6.2945,13.05,12.499
-12.627,-6.1649,13.088
13.433,6.7179,-12.19
13.473,-6.3807,-12.336
13.168,-12.403,6.9945
-6.5203,-12.608,-13.27
-12.706,13.471,-6.2444
-12.667,6.9337,13.234
-6.2945,13.05,-13.273
-12.706,13.471,6.6418
13.394,13.255,-5.8954
6.6466,-12.838,13.596
6.8724,12.82,13.593
13.473,-6.3807,13.436
13.394,13.255,6.9907
13.433,6.7179,13.583
12.937,-12.937,-12.71
-12.937,12.937,12.71
-13.163,-12.721,12.714
13.163,12.721,-12.714
12.937,-12.937,13.062
-12.937,12.937,-13.062
13.163,12.721,13.059
-13.163,-12.721,-13.059
