-8.8602,-7.9045,-8.7724
-3.7824,-7.8882,-9.0494
-9.1395,-2.7886,-10.19
-9.737,-8.7049,-3.3848
-8.8602,-7.9045,2.7372
-3.3242,-8.6363,-2.8008
-9.2165,-2.877,-2.8238
-3.7824,-7.8882,2.4602
-9.1395,-2.7886,1.3192
-9.737,-8.7049,8.1249
-3.3242,-8.6363,8.7089
-9.2165,-2.877,8.6859
3.3995,-8.7226,-8.463
8.9164,-2.9951,-7.887
8.1478,-8.9015,-9.547
2.4803,-9.4142,-2.8194
3.3995,-8.7226,3.0466
8.9164,-2.9951,3.6226
8.5339,-9.2056,-2.5654
8.1478,-8.9015,1.9626
2.4803,-9.4142,8.6903
8.5339,-9.2056,8.9443
-8.2555,2.9324,-8.6877
-2.5491,-3.4867,-8.3587
-2.7386,8.6599,-8.1117
3.1636,3.3969,-8.5447
2.8199,-2.9034,-8.7807
-3.5072,2.7535,-9.7717
8.2413,3.4132,-8.8217
2.8843,8.5129,-9.9627
-9.1747,2.2408,-3.044
-2.7478,-3.3998,-2.995
8.8692,-2.436,-2.457
2.2868,2.5965,-3.157
-8.2555,2.9324,2.822
-2.5491,-3.4867,3.151
-2.7386,8.6599,3.398
3.1636,3.3969,2.965
2.1298,-2.629,-3.962
-3.1212,2.4494,-2.79
8.6995,2.6651,-2.573
2.8072,8.4245,-2.596
2.8199,-2.9034,2.729
-3.5072,2.7535,1.738
8.2413,3.4132,2.688
2.8843,8.5129,1.547
-9.1747,2.2408,8.4657
-2.7478,-3.3998,8.5147
8.8692,-2.436,9.0527
2.2868,2.5965,8.3527
2.1298,-2.629,7.5477
-3.1212,2.4494,8.7197
8.6995,2.6651,8.9367
2.8072,8.4245,8.9137
-8.8351,8.7516,-9.0053
-2.7858,9.219,-2.6816
-9.5252,9.026,-4.1866
-8.8351,8.7516,2.5044
-2.7858,9.219,8.828
-9.5252,9.026,7.323
9.4746,7.8147,-8.1309
9.2759,7.9017,-2.7672
9.4746,7.8147,3.3788
9.2759,7.9017,8.7424
-2.9855,-9.108,-8.6974
-9.6656,-2.0447,-9.0274
-8.706,-8.3952,-10.154
-2.9855,-9.108,2.8122
-9.6656,-2.0447,2.4822
-8.6106,-7.7242,-3.5368
-8.706,-8.3952,1.3552
-8.6106,-7.7242,7.9729
9.3265,-8.9617,-8.604
8.5452,-3.7934,-9.069
8.6039,-8.2404,-3.7594
9.3265,-8.9617,2.9056
7.7483,-3.9412,-2.7854
8.5452,-3.7934,2.4406
8.6039,-8.2404,7.7503
7.7483,-3.9412,8.7243
9.0382,2.1934,-8.4697
2.3582,9.2567,-8.7997
3.1862,-1.5754,-9.3417
-2.3285,2.6934,-8.8287
-3.6543,-2.8694,-9.1207
3.0639,-8.3813,-10.041
3.3177,2.9062,-9.9267
-3.1099,7.8616,-9.2937
-2.3985,-7.7329,-3.122
-7.5844,-2.6234,-3.144
2.5739,-1.451,-3.148
-3.0512,3.4146,-3.984
9.0382,2.1934,3.04
2.3582,9.2567,2.71
3.1862,-1.5754,2.168
-2.3285,2.6934,2.681
-2.8086,-2.67,-4.344
2.9691,-7.5328,-3.106
3.4132,3.5773,-3.309
-3.9068,7.7138,-3.01
-3.6543,-2.8694,2.389
3.0639,-8.3813,1.469
3.3177,2.9062,1.583
-3.1099,7.8616,2.216
-2.3985,-7.7329,8.3877
-7.5844,-2.6234,8.3657
2.5739,-1.451,8.3617
-3.0512,3.4146,7.5257
-2.8086,-2.67,7.1657
2.9691,-7.5328,8.4037
3.4132,3.5773,8.2007
-3.9068,7.7138,8.4997
-8.4688,10.08,-9.5663
-8.5911,3.2737,-10.265
-9.0812,10.204,-3.3726
-8.4688,10.08,1.9434
-8.6859,4.1222,-3.3306
-8.5911,3.2737,1.2444
-9.0812,10.204,8.137
-8.6859,4.1222,8.179
8.3694,8.432,-8.8929
9.6253,3.5685,-2.8942
4.4393,8.6781,-2.9162
9.2151,8.6314,-4.1162
8.3694,8.432,2.6168
9.6253,3.5685,8.6154
4.4393,8.6781,8.5934
9.2151,8.6314,7.3934
-0.72583,-11.803,-8.7258
-0.72583,-11.803,2.7839
-9.3346,-11.073,-12.007
-8.8708,-11.274,-6.3934
-2.7663,-11.225,-11.348
-9.3467,-6.0519,-12.503
-12.462,-8.6059,-12.295
-11.993,-8.1838,-6.1464
-5.9575,-8.3153,-12.078
-12.223,-2.9675,-12.013
-6.0671,-8.1039,-6.0594
-12.068,-2.2851,-6.2074
-6.1173,-10.69,-9.3454
-12.186,-5.8716,-9.4894
-11.611,-10.033,-9.3274
-12.381,-0.14824,-8.9504
-9.3346,-11.073,-0.49775
-8.8708,-11.274,5.1162
-2.7663,-11.225,0.16125
-9.3467,-6.0519,-0.99375
-3.1312,-11.378,-5.8648
-9.2066,-5.6121,-5.5738
-12.462,-8.6059,-0.78575
-11.993,-8.1838,5.3632
-5.9575,-8.3153,-0.56875
-12.223,-2.9675,-0.50375
-6.0671,-8.1039,5.4502
-12.068,-2.2851,5.3022
-6.5013,-10.723,-3.3968
-6.1173,-10.69,2.1642
-12.186,-5.8716,2.0202
-12.54,-11.836,-3.5508
-0.62308,-11.329,-3.4258
-11.611,-10.033,2.1822
-12.381,-0.14824,2.5592
-9.3346,-11.073,11.012
-2.7663,-11.225,11.671
-9.3467,-6.0519,10.516
-3.1312,-11.378,5.6449
-9.2066,-5.6121,5.9359
-12.462,-8.6059,10.724
-5.9575,-8.3153,10.941
-12.223,-2.9675,11.006
-6.5013,-10.723,8.1129
-12.54,-11.836,7.9589
-0.62308,-11.329,8.0839
-12.278,0.32601,-3.6504
-12.278,0.32601,7.8593
2.831,-11.265,-11.554
8.222,-6.194,-11.657
3.1994,-12.212,-5.653
8.8994,-5.8419,-6.152
8.6095,-12.125,-11.335
8.7382,-11.313,-6.695
11.217,-8.9595,-11.843
11.685,-8.5374,-5.694
5.0973,-8.6272,-11.938
11.456,-3.3211,-11.561
6.3029,-8.5812,-6.436
11.61,-2.6387,-5.755
5.576,-12.48,-8.854
11.493,-6.2251,-9.037
12.068,-10.386,-8.875
11.298,-0.50183,-8.498
2.831,-11.265,-0.044377
8.222,-6.194,-0.14738
3.1994,-12.212,5.8566
8.8994,-5.8419,5.3576
8.6095,-12.125,0.17462
8.7382,-11.313,4.8146
11.217,-8.9595,-0.33338
11.685,-8.5374,5.8156
5.0973,-8.6272,-0.42838
11.456,-3.3211,-0.051377
6.3029,-8.5812,5.0736
11.61,-2.6387,5.7546
5.8645,-11.656,-3.2494
10.611,-5.7684,-3.2134
5.576,-12.48,2.6556
11.493,-6.2251,2.4726
11.139,-12.19,-3.0984
12.068,-10.386,2.6346
11.298,-0.50183,3.0116
2.831,-11.265,11.465
8.222,-6.194,11.362
8.6095,-12.125,11.684
11.217,-8.9595,11.176
5.0973,-8.6272,11.081
11.456,-3.3211,11.458
5.8645,-11.656,8.2603
10.611,-5.7684,8.2963
11.139,-12.19,8.4113
-3.0038,-6.1476,-11.397
-8.824,0.38962,-11.779
2.6891,0.2284,-11.78
-3.433,5.461,-11.882
-2.6184,-5.7891,-5.8567
-8.4556,-0.5572,-5.8777
3.153,0.027577,-6.1657
-2.7556,5.8131,-6.3767
2.6849,-5.6335,-11.288
-3.0455,-0.47023,-11.56
9.2574,0.076368,-11.121
2.6771,5.2496,-12.276
-2.9168,0.34153,-6.9197
-0.14284,-8.7936,-11.95
-6.1009,-2.9642,-11.785
5.3528,-2.6064,-11.466
-0.43841,2.6955,-12.068
-5.2489,-2.8772,-5.9247
0.030406,3.1176,-5.9187
0.019799,-2.9189,-11.157
-6.5577,3.0278,-12.163
6.0663,2.9861,-11.851
-0.1994,8.334,-11.786
-0.11384,-2.518,-6.6087
-5.3521,3.0738,-6.6607
5.9567,3.1975,-5.8317
-0.044548,9.0163,-5.9797
0.59043,-6.4877,-8.7907
-6.079,-0.82519,-9.0787
5.9065,0.61165,-9.1177
-0.16193,5.4299,-9.2617
6.1865,-5.1555,-8.6797
0.41295,1.2685,-9.0997
-0.35709,11.153,-8.7227
-5.7127,-5.0777,-8.8247
-3.0038,-6.1476,0.113
-8.824,0.38962,-0.269
2.6891,0.2284,-0.27
-3.433,5.461,-0.372
-2.6184,-5.7891,5.653
-8.4556,-0.5572,5.632
3.153,0.027577,5.344
-2.7556,5.8131,5.133
2.6849,-5.6335,0.222
-3.0455,-0.47023,-0.05
9.2574,0.076368,0.389
2.6771,5.2496,-0.766
2.8765,-6.0415,-5.803
-2.9168,0.34153,4.59
8.8926,-0.076368,-5.637
2.8171,5.6894,-5.346
-0.14284,-8.7936,-0.44
-6.1009,-2.9642,-0.275
5.3528,-2.6064,0.044
-0.43841,2.6955,-0.558
-0.34012,-8.3799,-5.409
-5.2489,-2.8772,5.585
5.9192,-2.7514,-5.569
0.030406,3.1176,5.591
0.019799,-2.9189,0.353
-6.5577,3.0278,-0.653
6.0663,2.9861,-0.341
-0.1994,8.334,-0.276
-0.11384,-2.518,4.901
-5.3521,3.0738,4.849
5.9567,3.1975,5.678
-0.044548,9.0163,5.53
0.35709,-5.618,-2.894
-5.7905,-0.00070711,-3.474
5.5225,0.57841,-3.169
-1.0444,5.8867,-3.438
0.59043,-6.4877,2.719
-6.079,-0.82519,2.431
5.9065,0.61165,2.392
-0.16193,5.4299,2.248
5.1548,-4.9809,-2.898
-0.51619,-0.53457,-3.323
11.401,-0.027577,-3.198
-5.6498,-5.4348,-3.073
6.1865,-5.1555,2.83
0.41295,1.2685,2.41
-0.35709,11.153,2.787
-5.7127,-5.0777,2.685
-3.0038,-6.1476,11.623
-8.824,0.38962,11.241
2.6891,0.2284,11.24
-3.433,5.461,11.138
2.6849,-5.6335,11.732
-3.0455,-0.47023,11.46
9.2574,0.076368,11.899
2.6771,5.2496,10.744
2.8765,-6.0415,5.7067
8.8926,-0.076368,5.8727
2.8171,5.6894,6.1637
-0.14284,-8.7936,11.07
-6.1009,-2.9642,11.235
5.3528,-2.6064,11.554
-0.43841,2.6955,10.952
-0.34012,-8.3799,6.1007
5.9192,-2.7514,5.9407
0.019799,-2.9189,11.863
-6.5577,3.0278,10.857
6.0663,2.9861,11.169
-0.1994,8.334,11.234
0.35709,-5.618,8.6157
-5.7905,-0.00070711,8.0357
5.5225,0.57841,8.3407
-1.0444,5.8867,8.0717
5.1548,-4.9809,8.6117
-0.51619,-0.53457,8.1867
11.401,-0.027577,8.3117
-5.6498,-5.4348,8.4367
-8.9659,11.883,-12.004
-8.502,11.683,-6.3903
-8.9701,6.0215,-11.512
-2.3976,11.731,-11.345
-11.798,2.8614,-12.174
-6.3022,9.0486,-11.69
-11.635,8.7361,-11.381
-11.769,9.137,-6.8333
-11.065,5.1673,-9.0153
-5.7486,12.267,-9.3423
-5.4685,6.4995,-8.9043
-11.242,12.924,-9.3243
-8.9659,11.883,-0.49462
-8.502,11.683,5.1194
-8.9701,6.0215,-0.002623
-2.3976,11.731,0.16438
-8.7785,5.6135,-6.0276
-2.7624,11.579,-5.8616
-11.798,2.8614,-0.66462
-6.3022,9.0486,-0.18062
-11.995,3.2751,-5.6336
-5.7358,8.9037,-5.7936
-11.635,8.7361,0.12838
-11.769,9.137,4.6764
-11.298,6.0371,-3.1186
-6.1325,12.233,-3.3936
-11.065,5.1673,2.4944
-5.7486,12.267,2.1674
-6.5002,6.6742,-3.1226
-12.171,11.12,-3.5476
-0.25434,11.627,-3.4226
-5.4685,6.4995,2.6054
-11.242,12.924,2.1854
-8.9659,11.883,11.015
-8.9701,6.0215,11.507
-2.3976,11.731,11.674
-8.7785,5.6135,5.482
-2.7624,11.579,5.648
-11.798,2.8614,10.845
-6.3022,9.0486,11.329
-11.995,3.2751,5.876
-5.7358,8.9037,5.716
-11.635,8.7361,11.638
-11.298,6.0371,8.391
-6.1325,12.233,8.116
-6.5002,6.6742,8.387
-12.171,11.12,7.962
-0.25434,11.627,8.087
9.02,5.1538,-11.169
3.1998,11.691,-11.551
9.4053,5.5123,-5.6289
3.5682,10.744,-5.6499
8.9783,10.831,-11.332
9.1069,11.643,-6.6919
11.881,2.5079,-11.722
5.9228,8.3372,-11.557
6.7749,8.4242,-5.6969
12.044,8.3825,-10.929
11.91,8.7834,-6.3809
12.614,4.8137,-8.5629
5.9448,10.476,-8.8509
12.437,12.57,-8.8719
6.311,6.2237,-8.5969
9.02,5.1538,0.34075
3.1998,11.691,-0.041248
9.4053,5.5123,5.8808
3.5682,10.744,5.8598
8.9783,10.831,0.17775
9.1069,11.643,4.8178
11.881,2.5079,-0.21225
5.9228,8.3372,-0.047248
11.684,2.9215,-5.1812
6.7749,8.4242,5.8128
12.044,8.3825,0.58075
11.91,8.7834,5.1288
12.381,5.6835,-2.6662
6.2333,11.301,-3.2462
12.614,4.8137,2.9468
5.9448,10.476,2.6588
11.508,10.767,-3.0952
6.374,5.8666,-2.8452
12.437,12.57,2.6378
6.311,6.2237,2.9128
9.02,5.1538,11.85
3.1998,11.691,11.468
8.9783,10.831,11.687
11.881,2.5079,11.297
5.9228,8.3372,11.462
11.684,2.9215,6.3284
12.044,8.3825,12.09
12.381,5.6835,8.8434
6.2333,11.301,8.2634
11.508,10.767,8.4144
6.374,5.8666,8.6644
11.685,10.625,8.9504
6.6285,6.124,9.1254
0,0,0
-0.49992,5.5275,-0.513
0.37618,0.094752,5.567
-5.7262,0.057983,-0.243
-0.14566,-5.7714,0.119
0.37618,0.094752,-5.9427
6.5648,0.14708,-0.161
-5.5593,0.19092,5.137
5.4758,-5.4575,-0.201
0.27011,-5.5876,5.413
0.098288,5.8994,5.463
5.6703,5.8584,-0.364
0.27011,-5.5876,-6.0967
-6.3535,-5.4431,-0.59175
6.3279,-0.044548,5.583
0.098288,5.8994,-6.0467
-5.5593,0.19092,-6.3727
6.3279,-0.044548,-5.9267
-6.1792,6.1976,-0.42562
-5.5572,-5.5359,5.408
-5.6908,5.787,5.412
-5.5572,-5.5359,-6.1017
5.9642,-5.8681,5.6366
-5.6908,5.787,-6.0977
5.9642,-5.8681,-5.873
6.4666,5.7655,5.6358
6.4666,5.7655,-5.8739
0.08556,11.152,-0.554
0,0,-11.51
0,0,11.51
11.741,-0.50324,-0.32938
-0.28318,-11.805,-0.55713
-11.938,-0.14965,-0.78175
-0.49992,5.5275,10.997
-5.459,-11.154,-0.38875
0.36428,11.312,-5.4992
-5.7262,0.057983,11.267
11.155,-6.1276,-0.28838
-0.14566,-5.7714,-11.391
0.36428,11.312,6.0104
-5.0902,11.802,-0.38562
-0.0044626,-11.644,-5.5024
-0.14566,-5.7714,11.629
6.2976,11.359,-0.015248
-11.659,0.010607,-5.727
-11.659,0.010607,5.7827
5.9289,-11.597,-0.018377
-5.7262,0.057983,-11.753
-0.0044626,-11.644,6.0073
11.878,5.53,0.34675
6.5648,0.14708,11.349
12.019,-0.34298,-5.2746
-11.801,5.8836,-0.10562
-0.49992,5.5275,-12.023
6.5648,0.14708,-11.671
12.019,-0.34298,6.235
5.4758,-5.4575,11.309
-6.3535,-5.4431,10.918
-5.6959,-11.346,5.3552
5.6703,5.8584,11.146
-12.524,-5.774,-0.74075
-5.3271,11.61,5.3584
-11.385,6.0675,5.1884
5.4758,-5.4575,-11.711
6.0957,-11.464,5.3616
-11.925,-5.402,5.2352
-5.6959,-11.346,-6.1544
-6.1792,6.1976,11.084
-5.3271,11.61,-6.1513
6.4645,11.492,5.3648
11.753,-5.7556,5.6876
11.753,-5.7556,-5.822
6.0957,-11.464,-6.148
-11.385,6.0675,-6.3213
5.6703,5.8584,-11.874
-11.925,-5.402,-6.2744
6.4645,11.492,-6.1449
12.294,5.7139,5.6408
-6.3535,-5.4431,-12.101
12.294,5.7139,-5.8689
-6.1792,6.1976,-11.935
0.08556,11.152,10.956
-11.938,-0.14965,10.728
-0.28318,-11.805,10.953
11.741,-0.50324,11.18
0.08556,11.152,-12.064
11.655,-11.655,0.22462
-11.655,11.655,-0.22462
-12.024,-11.301,-0.22775
12.024,11.301,0.22775
-5.459,-11.154,11.121
11.741,-0.50324,-11.839
-0.28318,-11.805,-12.067
11.155,-6.1276,11.221
-5.0902,11.802,11.124
-11.648,-11.207,5.3392
-11.938,-0.14965,-12.291
-11.279,11.75,5.3424
-5.459,-11.154,-11.898
11.878,5.53,-11.163
-11.648,-11.207,-6.1704
6.2976,11.359,11.494
11.155,-6.1276,-11.798
6.2976,11.359,-11.525
5.9289,-11.597,11.491
5.9289,-11.597,-11.528
-11.279,11.75,-6.1673
-11.801,5.8836,11.404
-12.524,-5.774,10.769
-5.0902,11.802,-11.895
-11.801,5.8836,-11.615
12.031,-11.56,-5.718
12.031,-11.56,5.7916
11.878,5.53,11.856
12.4,11.396,-5.7149
12.4,11.396,5.7948
-12.524,-5.774,-12.25
11.655,-11.655,-11.285
-11.655,11.655,11.285
-12.024,-11.301,11.282
12.024,11.301,-11.282
11.655,-11.655,11.734
-11.655,11.655,-11.734
-12.024,-11.301,-11.737
12.024,11.301,11.737
