-10.394,-9.6976,-10.173
-9.8861,-8.743,-2.9896
-3.4705,-9.1185,-10.718
-10.394,-9.6976,2.7136
-9.8861,-8.743,9.8966
-3.4705,-9.1185,2.1686
10.042,-2.7957,-8.9036
3.0842,-11.005,-2.0736
9.6752,-3.7072,-2.6346
9.5161,-9.4142,-9.0236
9.7126,-8.6902,-2.2366
10.042,-2.7957,3.9825
3.0842,-11.005,10.812
9.6752,-3.7072,10.251
9.5161,-9.4142,3.8625
9.7126,-8.6902,10.649
3.3863,-9.0842,-9.039
-4.0765,-2.955,-8.688
-2.8949,10.141,-9.08
2.769,3.0236,-10
-9.8528,1.9318,-2.25
-2.8334,-2.815,-2.728
-3.2619,9.2299,-2.811
3.2767,3.9782,-2.817
2.6078,-2.2924,-9.05
-3.421,3.5228,-9.2
9.6923,3.6027,-10.545
-9.285,-2.7273,-8.765
2.4763,-2.6389,-2.703
-3.2244,4.2469,-2.413
-1.8929,-9.2893,-2.591
-9.5375,-2.366,-2.561
3.3863,-9.0842,3.8471
-4.0765,-2.955,4.1981
-2.8949,10.141,3.8061
2.769,3.0236,2.8861
-9.8528,1.9318,10.636
-2.8334,-2.815,10.158
-3.2619,9.2299,10.075
3.2767,3.9782,10.069
2.6078,-2.2924,3.8361
-3.421,3.5228,3.6861
9.6923,3.6027,2.3411
-9.285,-2.7273,4.1211
2.4763,-2.6389,10.183
-3.2244,4.2469,10.473
-1.8929,-9.2893,10.295
-9.5375,-2.366,10.325
-9.5507,3.8528,-9.2154
-10.329,10.645,-9.2264
-10.461,10.298,-2.8794
-9.5507,3.8528,3.6708
-10.329,10.645,3.6598
-10.461,10.298,10.007
9.0864,9.7662,-8.5154
10.329,9.9062,-2.5554
3.8778,9.9939,-8.5924
11.27,3.4319,-2.4184
3.6254,10.355,-2.3884
9.0864,9.7662,4.3707
10.329,9.9062,10.331
3.8778,9.9939,4.2937
11.27,3.4319,10.468
3.6254,10.355,10.498
-3.6311,-9.0414,-2.7996
-9.662,-3.101,-1.5416
-9.2045,-8.7699,-10.14
-10.921,-9.8306,-2.8336
-3.6311,-9.0414,10.087
-9.662,-3.101,11.345
-9.2045,-8.7699,2.7466
-10.921,-9.8306,10.053
9.8555,-9.1498,-7.5626
9.2099,-9.9028,-2.9306
3.2221,-9.917,-10.216
10.927,-3.8111,-1.8506
9.8555,-9.1498,5.3235
9.2099,-9.9028,9.9555
3.2221,-9.917,2.6705
10.927,-3.8111,11.035
-2.5491,-9.2864,-9.216
-9.9978,-1.446,-8.652
3.8,-3.2131,-9.008
-3.0816,3.7873,-7.739
9.5318,3.6798,-2.627
3.5009,9.6202,-1.369
3.0752,-3.4217,-1.573
-3.7272,3.0342,-3.107
-2.8235,-2.2521,-9.162
-9.7149,3.0201,-10.392
3.9584,3.9513,-9.967
9.1365,-1.5691,-9.201
-3.6296,-3.037,-3.974
3.1869,-9.3784,-2.786
2.2415,2.8907,-2.661
-2.0096,9.1259,-2.027
-2.5491,-9.2864,3.6701
-9.9978,-1.446,4.2341
3.8,-3.2131,3.8781
-3.0816,3.7873,5.1471
9.5318,3.6798,10.259
3.5009,9.6202,11.517
3.0752,-3.4217,11.313
-3.7272,3.0342,9.7791
-2.8235,-2.2521,3.7241
-9.7149,3.0201,2.4941
3.9584,3.9513,2.9191
9.1365,-1.5691,3.6851
-3.6296,-3.037,8.9121
3.1869,-9.3784,10.1
2.2415,2.8907,10.225
-2.0096,9.1259,10.859
-9.137,9.7239,-9.1844
-9.8618,9.5153,-1.7494
-3.8005,11.368,-9.3774
-9.7501,3.5587,-2.9624
-9.137,9.7239,3.7018
-9.8618,9.5153,11.137
-3.8005,11.368,3.5088
-9.7501,3.5587,9.9238
10.614,3.4348,-9.0434
3.1651,11.275,-8.4794
10.339,10.469,-8.9894
9.5333,9.6842,-3.8014
10.614,3.4348,3.8427
3.1651,11.275,4.4067
10.339,10.469,3.8967
9.5333,9.6842,9.0847
-9.7065,-12.673,-12.686
-3.4232,-12.615,-12.571
-13.194,-9.1744,-13.23
-5.9772,-9.1758,-13.007
-12.906,-2.7446,-12.255
-9.9865,-12.409,-5.4596
-9.7065,-12.673,0.20045
-3.2747,-11.526,-6.9556
-9.7779,-6.2194,-7.4546
-3.4232,-12.615,0.31545
-9.9137,-5.6975,-11.912
-12.951,-9.0697,-5.7806
-13.194,-9.1744,-0.34355
-6.3492,-9.3526,-5.2896
-13.086,-2.5997,-7.1986
-5.9772,-9.1758,-0.12055
-12.906,-2.7446,0.63145
-6.7317,-11.18,-9.1056
-13.604,-7.2185,-9.6546
-6.1321,-13.597,-3.1516
-12.133,-5.3008,-3.0566
-13.194,-12.112,-9.4446
-14.197,-11.921,-3.0786
-0.95607,-12.969,-3.0076
-9.9865,-12.409,7.4266
-9.7065,-12.673,13.087
-3.2747,-11.526,5.9306
-9.7779,-6.2194,5.4316
-3.4232,-12.615,13.202
-9.9137,-5.6975,0.97459
-12.951,-9.0697,7.1056
-13.194,-9.1744,12.543
-6.3492,-9.3526,7.5966
-13.086,-2.5997,5.6876
-5.9772,-9.1758,12.766
-12.906,-2.7446,13.518
-6.7317,-11.18,3.7806
-13.604,-7.2185,3.2316
-6.1321,-13.597,9.7346
-12.133,-5.3008,9.8296
-13.194,-12.112,3.4416
-14.197,-11.921,9.8076
-0.95607,-12.969,9.8786
-9.9137,-5.6975,13.861
-13.893,-0.032364,-3.1839
-13.893,-0.032364,9.7022
3.3437,-13.003,-12.073
9.7445,-5.8172,-12.091
12.906,-9.3902,-12.881
6.1212,-9.1986,-12.94
13.194,-2.9605,-11.906
2.9463,-12.86,-5.4066
9.5224,-6.5639,-5.2326
3.3437,-13.003,0.81336
9.7445,-5.8172,0.79536
9.1738,-12.781,-6.2496
9.777,-12.54,-11.47
13.149,-9.2855,-5.4316
12.906,-9.3902,0.005357
6.0435,-9.4602,-5.1676
13.013,-2.8155,-6.8496
6.1212,-9.1986,-0.053643
13.194,-2.9605,0.98036
6.1531,-11.961,-8.7186
12.496,-7.4343,-9.3056
7.2165,-12.675,-2.3256
13.967,-5.5167,-2.7076
5.9416,-7.1381,-8.9506
12.906,-12.328,-9.0956
11.903,-12.137,-2.7296
2.9463,-12.86,7.4795
9.5224,-6.5639,7.6535
3.3437,-13.003,13.699
9.7445,-5.8172,13.681
9.1738,-12.781,6.6365
9.777,-12.54,1.4165
13.149,-9.2855,7.4545
12.906,-9.3902,12.891
6.0435,-9.4602,7.7185
13.013,-2.8155,6.0365
6.1212,-9.1986,12.832
13.194,-2.9605,13.866
6.1531,-11.961,4.1675
12.496,-7.4343,3.5805
7.2165,-12.675,10.56
13.967,-5.5167,10.178
5.9416,-7.1381,3.9355
12.906,-12.328,3.7905
11.903,-12.137,10.156
9.777,-12.54,14.303
-2.9168,-6.1879,-13.033
-9.5933,-0.065761,-12.249
3.4563,0.048083,-12.513
-3.1926,7.1199,-12.267
9.7397,0.10607,-12.398
0.59185,-9.268,-12.373
-6.1766,-2.9324,-12.227
-0.031113,3.5468,-13.057
-0.36345,-2.9953,-12.85
-6.8158,3.7385,-13.116
7.1856,3.5454,-12.834
0.25668,9.9766,-12.082
-3.2039,-6.301,-5.425
-9.9907,0.077075,-5.583
3.1763,0.31254,-5.287
-3.4146,6.3732,-5.409
-2.9168,-6.1879,-0.147
-9.5933,-0.065761,0.637
3.4563,0.048083,0.373
-3.1926,7.1199,0.619
2.9889,-5.5204,-6.049
-3.7632,0.15556,-6.426
9.8882,1.195,-6.783
3.3849,6.5018,-7.282
2.9826,-5.8845,-11.678
-3.1601,0.39669,-11.646
9.7397,0.10607,0.488
3.2492,7.0237,-11.739
0.37477,-9.0043,-5.501
-6.7133,-3.0957,-5.551
7.1291,-3.0292,-6.836
0.21213,3.6515,-5.608
0.59185,-9.268,0.513
-6.1766,-2.9324,0.659
6.2232,-2.5915,-11.396
-0.031113,3.5468,-0.171
-0.53952,-2.453,-5.959
-6.8936,3.4768,-5.344
6.8137,3.3687,-5.117
0.076368,10.122,-7.026
-0.36345,-2.9953,0.036
-6.8158,3.7385,-0.23
7.1856,3.5454,0.052
0.25668,9.9766,0.804
-0.73822,-6.1957,-9.13
-6.784,0.97581,-8.895
6.4311,1.5408,-8.933
-0.44123,5.5027,-9.482
1.0868,-6.038,-2.314
-5.7205,0.26163,-2.502
7.0308,-0.87611,-2.979
1.0295,7.4204,-2.884
-6.9954,5.799,-9.127
-0.031113,0.60953,-9.272
0.20223,-11.878,-9.401
-5.6038,-6.3972,-9.161
5.9659,-4.9321,-2.699
-1.0345,0.79974,-2.906
12.207,-0.24819,-2.835
-6.5492,-5.3641,-2.401
-3.2039,-6.301,7.4611
-9.9907,0.077075,7.3031
3.1763,0.31254,7.5991
-3.4146,6.3732,7.4771
-2.9168,-6.1879,12.739
-9.5933,-0.065761,13.523
3.4563,0.048083,13.259
-3.1926,7.1199,13.505
2.9889,-5.5204,6.8371
-3.7632,0.15556,6.4601
9.8882,1.195,6.1031
3.3849,6.5018,5.6041
2.9826,-5.8845,1.2081
-3.1601,0.39669,1.2401
9.7397,0.10607,13.374
3.2492,7.0237,1.1471
0.37477,-9.0043,7.3851
-6.7133,-3.0957,7.3351
7.1291,-3.0292,6.0501
0.21213,3.6515,7.2781
0.59185,-9.268,13.399
-6.1766,-2.9324,13.545
6.2232,-2.5915,1.4901
-0.031113,3.5468,12.715
-0.53952,-2.453,6.9271
-6.8936,3.4768,7.5421
6.8137,3.3687,7.7691
0.076368,10.122,5.8601
-0.36345,-2.9953,12.922
-6.8158,3.7385,12.656
7.1856,3.5454,12.938
0.25668,9.9766,13.69
-0.73822,-6.1957,3.7561
-6.784,0.97581,3.9911
6.4311,1.5408,3.9531
-0.44123,5.5027,3.4041
1.0868,-6.038,10.572
-5.7205,0.26163,10.384
7.0308,-0.87611,9.9071
1.0295,7.4204,10.002
-6.9954,5.799,3.7591
-0.031113,0.60953,3.6141
0.20223,-11.878,3.4851
-5.6038,-6.3972,3.7251
5.9659,-4.9321,10.187
-1.0345,0.79974,9.9801
12.207,-0.24819,10.051
-6.5492,-5.3641,10.485
2.9826,-5.8845,14.094
-3.1601,0.39669,14.126
3.2492,7.0237,14.033
6.2232,-2.5915,14.376
-9.4807,12.985,-12.689
-3.1974,13.043,-12.574
-12.345,3.669,-12.549
-13.3,9.9417,-13.026
-9.7607,13.25,-5.4634
-9.4807,12.985,0.19664
-9.9481,7.4167,-6.2254
-3.0489,14.132,-6.9594
-9.9545,7.0525,-11.854
-3.1974,13.043,0.31164
-12.562,3.9327,-5.6774
-5.808,9.9078,-7.0124
-12.345,3.669,0.33664
-6.7138,10.345,-11.572
-13.477,10.484,-6.1354
-13.3,9.9417,-0.14036
-13.675,6.7414,-9.3064
-6.5059,14.478,-9.1094
-11.85,6.8991,-2.4904
-5.9063,12.061,-3.1554
-12.968,13.547,-9.4484
-12.735,1.0591,-9.5774
-6.9712,8.005,-2.8754
-13.972,13.737,-3.0824
-0.73025,12.689,-3.0114
-9.7607,13.25,7.4228
-9.4807,12.985,13.083
-9.9481,7.4167,6.6608
-3.0489,14.132,5.9268
-9.9545,7.0525,1.0318
-3.1974,13.043,13.198
-12.562,3.9327,7.2088
-5.808,9.9078,5.8738
-12.345,3.669,13.223
-6.7138,10.345,1.3138
-13.477,10.484,6.7508
-13.3,9.9417,12.746
-13.675,6.7414,3.5798
-6.5059,14.478,3.7768
-11.85,6.8991,10.396
-5.9063,12.061,9.7308
-12.968,13.547,3.4378
-12.735,1.0591,3.3088
-6.9712,8.005,10.011
-13.972,13.737,9.8038
-0.73025,12.689,9.8748
-9.9545,7.0525,13.918
-6.7138,10.345,14.2
10.246,6.5333,-12.861
3.5695,12.655,-12.077
13.755,3.4532,-12.201
6.9863,9.7888,-12.055
12.799,9.7259,-12.678
9.959,6.4202,-5.2524
3.1721,12.798,-5.4104
10.246,6.5333,0.025551
3.5695,12.655,0.80955
9.3996,12.877,-6.2534
10.003,13.118,-11.473
13.538,3.7169,-5.3284
6.4496,9.6255,-5.3784
13.755,3.4532,0.68555
6.9863,9.7888,0.83155
12.623,10.268,-5.7864
12.799,9.7259,0.20855
12.425,6.5255,-8.9574
6.3789,13.697,-8.7224
14.25,6.6832,-2.1414
7.4424,12.983,-2.3294
13.132,13.331,-9.0994
13.365,0.84323,-9.2284
7.559,6.324,-8.9884
12.128,13.521,-2.7334
6.6136,7.3571,-2.2284
9.959,6.4202,7.6337
3.1721,12.798,7.4757
10.246,6.5333,12.912
3.5695,12.655,13.696
9.3996,12.877,6.6327
10.003,13.118,1.4127
13.538,3.7169,7.5577
6.4496,9.6255,7.5077
13.755,3.4532,13.572
6.9863,9.7888,13.718
12.623,10.268,7.0997
12.799,9.7259,13.095
12.425,6.5255,3.9287
6.3789,13.697,4.1637
14.25,6.6832,10.745
7.4424,12.983,10.557
13.132,13.331,3.7867
13.365,0.84323,3.6577
7.559,6.324,3.8977
12.128,13.521,10.153
6.6136,7.3571,10.658
10.003,13.118,14.299
0.42805,13.78,-9.4048
0.42805,13.78,3.4813
0,0,0
0.17607,-5.9828,0.535
0.094752,0.49639,-6.1
-6.3859,0.12092,0.588
6.6023,0.15344,-0.21
0.42214,6.6334,0.457
0.094752,0.49639,6.7861
0.13859,-5.8732,-6.112
6.4743,-6.1094,0.801
0.13859,-5.8732,6.7741
-6.6737,-5.9931,0.21745
6.8116,0.39244,-5.979
-6.7175,0.39315,-6.132
0.26446,7.0187,5.9081
6.4891,6.7281,0.39
-6.4628,6.8276,0.62464
-6.7175,0.39315,6.7541
6.8116,0.39244,6.9071
0.26446,7.0187,-6.978
6.4799,-6.0147,-5.501
-6.3152,-6.1356,-6.234
-6.3152,-6.1356,6.6521
-6.4571,6.9224,-5.6774
6.8477,6.5856,-6.0614
6.4799,-6.0147,7.3851
6.8477,6.5856,6.8247
-6.4571,6.9224,7.2088
-0.38261,-12.334,0.29345
12.78,0.38749,0.466
0,0,-12.886
0,0,12.886
-0.15679,13.325,0.28964
-13.32,0.60332,0.11709
0.086974,-11.983,-6.052
0.17607,-5.9828,-12.351
0.086974,-11.983,6.8341
-6.3859,0.12092,-12.298
0.42214,6.6334,-12.429
-12.741,-6.0878,0.28445
-6.5606,-12.568,-0.38255
6.6023,0.15344,12.676
-12.85,0.9537,-6.2284
6.5512,-12.816,0.76436
-12.85,0.9537,6.6578
13.25,0.73787,-5.8794
-12.761,6.9542,0.35864
6.777,12.842,0.76055
-6.3348,13.09,-0.38636
6.6023,0.15344,-13.096
0.17607,-5.9828,13.421
13.359,-6.3037,0.63336
0.42214,6.6334,13.343
-6.3859,0.12092,13.474
0.31279,13.675,-6.0558
13.339,6.7384,0.70755
13.25,0.73787,7.0067
6.4743,-6.1094,-12.085
-6.3513,-12.329,-6.1516
6.2195,-12.544,-5.9556
-12.898,-5.7025,5.7356
0.31279,13.675,6.8303
-6.3513,-12.329,6.7346
-6.4628,6.8276,-12.261
-6.6737,-5.9931,-12.669
6.4891,6.7281,-12.496
6.2195,-12.544,6.9305
13.201,-5.9183,6.0845
6.4453,13.114,-5.9594
-12.898,-5.7025,-7.1506
-6.6737,-5.9931,13.104
-6.1255,13.329,-6.1554
-12.798,7.0638,-6.2884
13.201,-5.9183,-6.8016
-12.798,7.0638,6.5978
13.301,6.848,-5.9394
-6.1255,13.329,6.7308
6.4453,13.114,6.9267
6.4891,6.7281,13.276
6.4743,-6.1094,13.687
-6.4628,6.8276,13.511
13.301,6.848,6.9467
-0.38261,-12.334,-12.593
12.78,0.38749,-12.42
-0.38261,-12.334,13.18
12.937,-12.937,0.17636
-12.937,12.937,-0.17636
-13.163,-12.721,-0.17255
13.163,12.721,0.17255
-0.15679,13.325,-12.596
-13.32,0.60332,-12.769
12.78,0.38749,13.352
-13.32,0.60332,13.003
-0.15679,13.325,13.176
6.5512,-12.816,-12.122
-6.5606,-12.568,12.504
6.777,12.842,-12.126
-12.741,-6.0878,-12.602
-13.068,-12.225,-6.2726
13.032,-12.441,-5.9236
-13.068,-12.225,6.6136
-6.3348,13.09,12.5
-12.761,6.9542,-12.527
13.359,-6.3037,-12.253
13.339,6.7384,-12.179
-12.741,-6.0878,13.171
13.032,-12.441,6.9625
-6.5606,-12.568,-13.269
-12.842,13.433,-6.2764
13.258,13.218,-5.9274
-12.761,6.9542,13.245
-6.3348,13.09,-13.272
-12.842,13.433,6.6098
6.5512,-12.816,13.65
6.777,12.842,13.647
13.258,13.218,6.9587
13.359,-6.3037,13.519
13.339,6.7384,13.594
12.937,-12.937,-12.71
-12.937,12.937,12.71
-13.163,-12.721,12.714
13.163,12.721,-12.714
12.937,-12.937,13.062
-12.937,12.937,-13.062
-13.163,-12.721,-13.059
13.163,12.721,13.059
