-9.0076,-9.337,-9.6379
-2.7843,-10.168,-3.3137
-9.079,-9.9586,-3.3417
-9.0076,-9.337,2.4253
-2.7843,-10.168,8.7495
-9.079,-9.9586,8.7215
8.3841,-9.0601,-9.4069
10.109,-2.7018,-9.4429
9.0855,-9.2878,-3.5507
8.3841,-9.0601,2.6563
3.2349,-9.4589,-2.4927
9.5734,-3.3735,-2.8297
10.109,-2.7018,2.6203
9.0855,-9.2878,8.5125
3.2349,-9.4589,9.5705
9.5734,-3.3735,9.2335
3.1693,-3.7731,-9.2142
-3.7873,3.1113,-9.6132
-2.5046,-9.3593,-9.3922
-8.7872,-3.3326,-9.3112
3.0526,-8.8183,-9.6992
-3.0469,-3.8346,-9.6082
-2.0619,9.4696,-9.6492
3.4585,2.5477,-9.4282
3.2647,-2.7386,-3.916
-3.0858,2.8836,-3.757
9.6817,1.7169,-3.104
-8.6536,-3.6303,-3.021
3.1693,-3.7731,2.849
-3.7873,3.1113,2.45
-2.5046,-9.3593,2.671
-8.7872,-3.3326,2.752
-8.9364,2.7125,-2.699
-3.0985,-4.1154,-2.838
-2.5979,8.7978,-3.036
3.387,1.9262,-3.132
3.0526,-8.8183,2.364
-3.0469,-3.8346,2.455
-2.0619,9.4696,2.414
3.4585,2.5477,2.635
3.2647,-2.7386,8.1472
-3.0858,2.8836,8.3062
9.6817,1.7169,8.9592
-8.6536,-3.6303,9.0422
-8.9364,2.7125,9.3642
-3.0985,-4.1154,9.2252
-2.5979,8.7978,9.0272
3.387,1.9262,8.9312
-9.0021,8.3982,-9.4205
-9.1188,3.353,-9.9055
-8.9066,9.4327,-4.1223
-9.0021,8.3982,2.6427
-9.1188,3.353,2.1577
-8.9066,9.4327,7.9409
9.9615,2.5255,-9.1825
3.6788,8.5521,-9.1015
9.4191,8.0501,-9.3985
3.8125,8.2544,-2.8113
9.9615,2.5255,2.8807
3.6788,8.5521,2.9617
9.3675,7.7694,-2.6283
9.4191,8.0501,2.6647
3.8125,8.2544,9.2519
9.3675,7.7694,9.4349
-9.5245,-4.4134,-9.1769
-9.5082,-8.9453,-8.2849
-3.927,-9.6375,-2.5027
-10.326,-2.8818,-2.8637
-9.5245,-4.4134,2.8863
-9.5803,-8.6766,-2.7627
-9.5082,-8.9453,3.7783
-3.927,-9.6375,9.5605
-10.326,-2.8818,9.1995
-9.5803,-8.6766,9.3005
9.6901,-9.7127,-9.0349
7.6126,-9.3054,-3.2257
9.6901,-9.7127,3.0283
3.5355,-10.758,-3.1927
7.6126,-9.3054,8.8375
3.5355,-10.758,8.8705
-3.1063,-8.1098,-8.8442
2.9416,7.4713,-8.9672
3.6098,-3.3227,-7.8572
-2.4812,2.4586,-9.2412
-1.8901,-3.2506,-8.8902
2.8808,-9.5629,-8.4222
2.9578,2.9394,-8.0752
9.3084,-2.5215,-8.6312
8.539,2.2472,-2.293
2.1397,9.0029,-2.654
2.5215,-3.3234,-2.753
-4.5587,2.8659,-3.432
-3.1063,-8.1098,3.219
2.9416,7.4713,3.096
3.6098,-3.3227,4.206
-2.4812,2.4586,2.822
-3.3432,-2.9472,-1.972
-8.6359,1.4135,-3.399
2.8857,3.2081,-2.553
8.6543,-3.1007,-3.934
-1.8901,-3.2506,3.173
2.8808,-9.5629,3.641
2.9578,2.9394,3.988
9.3084,-2.5215,3.432
8.539,2.2472,9.7702
2.1397,9.0029,9.4092
2.5215,-3.3234,9.3102
-4.5587,2.8659,8.6312
-3.3432,-2.9472,10.091
-8.6359,1.4135,8.6642
2.8857,3.2081,9.5102
8.6543,-3.1007,8.1292
-8.5616,8.8487,-8.0635
-9.2906,2.6084,-8.6285
-2.863,9.6498,-8.8375
-9.6498,8.848,-2.9593
-8.5616,8.8487,3.9997
-3.5171,9.0707,-4.1403
-9.2906,2.6084,3.4347
-2.863,9.6498,3.2257
-9.6498,8.848,9.1039
-3.5171,9.0707,7.9229
9.3597,3.7749,-8.6345
10.576,8.6342,-8.6805
9.3597,3.7749,3.4287
9.1228,8.9375,-1.7623
10.576,8.6342,3.3827
9.1228,8.9375,10.301
-9.6468,-12.655,-12.786
-9.1207,-12.062,-6.9259
-3.5098,-11.598,-11.966
-9.7034,-6.6246,-11.942
-2.7285,-11.915,-6.7229
-9.1448,-6.2314,-6.2899
-12.543,-9.0825,-13.637
-12.246,-9.1037,-6.1869
-6.445,-9.1984,-12.129
-11.961,-3.4348,-12.055
-5.8284,-8.6893,-7.0149
-12.608,-3.1852,-6.6929
-6.0646,-13.13,-9.4719
-13.36,-6.5135,-9.6789
-12.313,-11.497,-9.4599
-6.4521,-6.1055,-9.2379
-9.6468,-12.655,-0.72269
-9.1207,-12.062,5.1373
-3.5098,-11.598,0.097311
-9.7034,-6.6246,0.12131
-2.7285,-11.915,5.3403
-9.1448,-6.2314,5.7733
-12.543,-9.0825,-1.5737
-12.246,-9.1037,5.8763
-6.445,-9.1984,-0.065689
-11.961,-3.4348,0.008311
-5.8284,-8.6893,5.0483
-12.608,-3.1852,5.3703
-6.1106,-12.24,-3.5867
-12.277,-5.5342,-3.6937
-6.0646,-13.13,2.5913
-13.36,-6.5135,2.3843
-13.843,-12.347,-3.1827
-6.3623,-7.1867,-3.5427
-12.313,-11.497,2.6033
-6.4521,-6.1055,2.8253
-9.6468,-12.655,11.341
-3.5098,-11.598,12.161
-9.7034,-6.6246,12.185
-12.543,-9.0825,10.49
-6.445,-9.1984,11.998
-11.961,-3.4348,12.072
-6.1106,-12.24,8.4765
-12.277,-5.5342,8.3695
-13.843,-12.347,8.8805
-6.3623,-7.1867,8.5205
3.049,-12.741,-12.244
9.0304,-6.3363,-12.424
3.3078,-12.859,-5.7879
9.0608,-12.613,-11.09
9.4087,-12.493,-6.8459
12.094,-9.3691,-13.221
12.391,-9.3903,-5.7709
5.7848,-9.746,-12.123
12.676,-3.7214,-11.639
6.448,-9.5395,-6.1489
12.029,-3.4718,-6.2769
5.2311,-11.377,-9.0519
11.278,-6.8002,-9.2629
12.325,-11.783,-9.0439
0.48641,-12.149,-9.0609
3.049,-12.741,-0.18072
9.0304,-6.3363,-0.36072
3.3078,-12.859,6.2753
8.8076,-6.0471,-5.7047
9.0608,-12.613,0.97328
9.4087,-12.493,5.2173
12.094,-9.3691,-1.1577
12.391,-9.3903,6.2923
5.7848,-9.746,-0.059721
12.676,-3.7214,0.42428
6.448,-9.5395,5.9143
12.029,-3.4718,5.7863
6.6107,-12.678,-2.9657
12.36,-5.8208,-3.2777
5.2311,-11.377,3.0113
11.278,-6.8002,2.8003
10.794,-12.634,-2.7667
0.18731,-12.634,-3.3217
12.325,-11.783,3.0193
0.48641,-12.149,3.0023
3.049,-12.741,11.882
9.0304,-6.3363,11.702
8.8076,-6.0471,6.3585
9.0608,-12.613,13.036
12.094,-9.3691,10.905
5.7848,-9.746,12.003
12.676,-3.7214,12.487
6.6107,-12.678,9.0975
12.36,-5.8208,8.7855
10.794,-12.634,9.2965
0.18731,-12.634,8.7415
-3.2838,-6.5676,-11.873
-9.1224,-0.56922,-12.45
2.8192,-0.77004,-12.576
-3.141,5.835,-12.63
-8.8636,-0.68801,-5.9942
3.3453,-0.17748,-6.7162
3.1261,-5.9503,-12.47
-3.1106,-0.44194,-11.296
8.9562,0.28709,-11.756
2.7627,5.2602,-11.732
3.4889,-6.8858,-6.7032
-2.7627,-0.32173,-7.0522
9.7376,-0.030406,-6.5132
3.3213,5.6533,-6.0802
0.74953,-9.1259,-12.74
-5.8605,-3.5992,-12.096
6.2148,-3.194,-13.01
-0.077075,2.8023,-13.427
0.13223,-9.2186,-6.3392
-5.8251,-3.3121,-6.3502
6.3343,-3.2131,-6.2882
0.21991,2.7811,-5.9772
-0.3479,-2.8864,-11.914
-6.3866,2.4254,-12.329
6.021,2.6863,-11.919
0.50487,8.4499,-11.845
0.37194,-3.2286,-5.9902
-5.7233,2.6319,-6.3552
6.6376,3.1954,-6.8052
-0.14213,8.6995,-6.4832
-0.064347,-6.3986,-9.2962
-6.9403,0.79408,-9.2582
6.4014,-1.2452,-9.2622
-0.89378,5.3712,-9.4692
6.9763,-5.193,-9.4652
0.15344,0.3882,-9.2502
-11.685,0.02192,-9.2672
6.0139,5.7792,-9.0282
-3.2838,-6.5676,0.19
-9.1224,-0.56922,-0.387
2.8192,-0.77004,-0.513
-3.141,5.835,-0.567
-2.8836,-6.5294,-5.855
-8.8636,-0.68801,6.069
3.3453,-0.17748,5.347
-3.3637,6.1243,-5.911
3.1261,-5.9503,-0.407
-3.1106,-0.44194,0.767
8.9562,0.28709,0.307
2.7627,5.2602,0.331
3.4889,-6.8858,5.36
-2.7627,-0.32173,5.011
9.7376,-0.030406,5.55
3.3213,5.6533,5.983
0.74953,-9.1259,-0.677
-5.8605,-3.5992,-0.033
6.2148,-3.194,-0.947
-0.077075,2.8023,-1.364
0.13223,-9.2186,5.724
-5.8251,-3.3121,5.713
6.3343,-3.2131,5.775
0.21991,2.7811,6.086
-0.3479,-2.8864,0.149
-6.3866,2.4254,-0.266
6.021,2.6863,0.144
0.50487,8.4499,0.218
0.37194,-3.2286,6.073
-5.7233,2.6319,5.708
6.6376,3.1954,5.258
-0.14213,8.6995,5.58
0.50841,-5.717,-3.01
-5.5607,-0.50629,-3.172
6.3555,-0.35497,-3.377
0.1888,6.3505,-3.484
-0.064347,-6.3986,2.767
-6.9403,0.79408,2.805
6.4014,-1.2452,2.801
-0.89378,5.3712,2.594
6.0394,-5.816,-3.562
-1.3774,-0.46245,-2.973
-11.984,-0.46245,-3.528
6.1037,4.698,-3.333
6.9763,-5.193,2.598
0.15344,0.3882,2.813
-11.685,0.02192,2.796
6.0139,5.7792,3.035
-3.2838,-6.5676,12.253
-9.1224,-0.56922,11.676
2.8192,-0.77004,11.55
-3.141,5.835,11.496
-2.8836,-6.5294,6.2082
-3.3637,6.1243,6.1522
3.1261,-5.9503,11.656
-3.1106,-0.44194,12.83
8.9562,0.28709,12.37
2.7627,5.2602,12.394
0.74953,-9.1259,11.386
-5.8605,-3.5992,12.03
6.2148,-3.194,11.116
-0.077075,2.8023,10.699
-0.3479,-2.8864,12.212
-6.3866,2.4254,11.797
6.021,2.6863,12.207
0.50487,8.4499,12.281
0.50841,-5.717,9.0532
-5.5607,-0.50629,8.8912
6.3555,-0.35497,8.6862
0.1888,6.3505,8.5792
6.0394,-5.816,8.5012
-1.3774,-0.46245,9.0902
-11.984,-0.46245,8.5352
6.1037,4.698,8.7302
-9.3521,11.401,-12.782
-8.826,11.994,-6.9225
-9.0452,6.221,-12.676
-3.2151,12.458,-11.962
-8.6825,5.2855,-6.9095
-2.4338,12.141,-6.7195
-11.422,3.0454,-12.946
-5.9566,8.9774,-13.216
-12.039,2.9528,-6.5455
-5.8371,8.9583,-6.4945
-12.519,9.2849,-12.12
-11.799,8.9427,-6.1965
-12.236,5.7727,-9.5025
-5.7699,10.926,-9.4685
-5.195,6.9784,-9.6715
-12.018,12.56,-9.4565
-9.3521,11.401,-0.71928
-8.826,11.994,5.1407
-9.0452,6.221,-0.61328
-3.2151,12.458,0.10072
-8.6825,5.2855,5.1537
-2.4338,12.141,5.3437
-11.422,3.0454,-0.88328
-5.9566,8.9774,-1.1533
-12.039,2.9528,5.5177
-5.8371,8.9583,5.5687
-12.519,9.2849,-0.057279
-11.799,8.9427,5.8667
-11.663,6.4544,-3.2163
-5.8159,11.816,-3.5833
-12.236,5.7727,2.5607
-5.7699,10.926,2.5947
-6.132,6.3554,-3.7683
-13.549,11.709,-3.1793
-5.195,6.9784,2.3917
-12.018,12.56,2.6067
-9.3521,11.401,11.344
-9.0452,6.221,11.45
-3.2151,12.458,12.164
-11.422,3.0454,11.18
-5.9566,8.9774,10.91
-12.519,9.2849,12.006
-11.663,6.4544,8.8469
-5.8159,11.816,8.4799
-6.132,6.3554,8.2949
-13.549,11.709,8.8839
12.952,-0.2647,-8.8512
12.653,-0.74907,-3.112
12.952,-0.2647,3.212
12.653,-0.74907,8.9512
9.1822,5.3171,-11.664
3.3437,11.316,-12.241
3.6025,11.197,-5.7845
9.3555,11.443,-11.087
9.7034,11.563,-6.8425
13.216,2.7588,-12.531
6.6055,8.2856,-11.887
12.598,2.6662,-6.1295
6.6409,8.5726,-6.1405
12.118,8.9983,-11.705
12.838,8.6561,-5.7805
12.402,5.4861,-9.0865
5.5258,12.679,-9.0485
12.619,12.273,-9.0405
0.78111,11.907,-9.0575
9.1822,5.3171,0.39969
3.3437,11.316,-0.17731
9.5825,5.3553,-5.6453
3.6025,11.197,6.2787
9.3555,11.443,0.97669
9.7034,11.563,5.2207
13.216,2.7588,-0.46731
6.6055,8.2856,0.17669
12.598,2.6662,5.9337
6.6409,8.5726,5.9227
12.118,8.9983,0.35869
12.838,8.6561,6.2827
12.974,6.1678,-2.8003
6.9054,11.378,-2.9623
12.402,5.4861,2.9767
5.5258,12.679,3.0147
11.089,11.422,-2.7633
0.482,11.422,-3.3183
12.619,12.273,3.0227
0.78111,11.907,3.0057
9.1822,5.3171,12.463
3.3437,11.316,11.886
9.5825,5.3553,6.4179
9.3555,11.443,13.04
13.216,2.7588,11.596
6.6055,8.2856,12.24
12.118,8.9983,12.422
12.974,6.1678,9.2629
6.9054,11.378,9.1009
11.089,11.422,9.2999
0.482,11.422,8.7449
0,0,0
-0.27153,5.4914,-0.206
-0.33588,-0.29769,-5.757
-5.8881,-0.16476,-0.283
6.2324,-0.1994,0.069
-0.33588,-0.29769,6.3062
0.21425,-6.5754,-0.164
-6.0394,-0.30901,5.27
-0.26587,5.7502,5.711
5.8824,5.6816,0.198
6.2558,0.10253,5.692
-5.7049,6.2932,-0.28128
-0.26587,5.7502,-6.3522
0.16617,-6.3095,-6.0102
6.4665,-5.8782,-0.075
0.16617,-6.3095,6.053
6.2558,0.10253,-6.3712
-6.5836,-6.2031,-0.011689
-6.0394,-0.30901,-6.7932
-5.9665,5.719,5.3627
6.2173,5.7181,-5.6633
6.2049,-6.4523,5.569
-6.2487,-6.1667,-5.873
6.2173,5.7181,6.3999
-5.9665,5.719,-6.7005
-6.2487,-6.1667,6.1902
6.2049,-6.4523,-6.4942
0.51311,11.337,0.25669
-11.953,-0.5473,0.047
0,0,-12.063
0,0,12.063
12.684,-0.83392,0.46297
0.21842,-12.719,0.25328
0.095459,11.675,5.843
-0.27153,5.4914,11.857
-5.8881,-0.16476,11.78
-11.957,5.596,-0.37028
0.095459,11.675,-6.2202
-5.9389,11.972,-0.13728
6.578,11.72,-0.073311
-0.27153,5.4914,-12.269
6.2324,-0.1994,-11.994
-12.371,-0.20969,5.6333
0.21425,-6.5754,11.899
-6.2336,-12.084,-0.14069
6.2324,-0.1994,12.132
11.9,-6.68,0.000279
12.267,-0.49631,-6.0139
-5.8881,-0.16476,-12.346
12.267,-0.49631,6.0493
-0.19923,-12.381,5.8396
12.68,5.3093,0.045689
6.2833,-12.336,-0.076721
-0.19923,-12.381,-6.2236
0.21425,-6.5754,-12.227
-12.371,-0.20969,-6.4299
-12.738,-6.3933,-0.41569
6.4266,11.576,5.4797
-6.2103,-11.782,5.4823
5.8824,5.6816,-11.865
-5.7049,6.2932,11.782
-12.005,5.8618,5.8467
-5.9156,12.274,5.4857
-12.005,5.8618,-6.2165
5.8824,5.6816,12.261
11.905,-6.4212,5.9173
6.4266,11.576,-6.5835
6.4665,-5.8782,11.988
-6.2103,-11.782,-6.5809
11.905,-6.4212,-6.1459
6.132,-12.48,5.4763
6.4665,-5.8782,-12.138
12.632,5.5752,-5.8005
-5.7049,6.2932,-12.344
-6.5836,-6.2031,12.052
-6.5836,-6.2031,-12.075
-5.9156,12.274,-6.5775
12.632,5.5752,6.2627
-12.732,-6.1345,5.5013
6.132,-12.48,-6.5869
-12.732,-6.1345,-6.5619
0.51311,11.337,-11.807
0.51311,11.337,12.32
-11.953,-0.5473,-12.016
-11.953,-0.5473,12.11
12.684,-0.83392,-11.6
12.171,-12.171,0.20628
-12.171,12.171,-0.20628
-12.466,-11.885,-0.20969
12.466,11.885,0.20969
0.21842,-12.719,-11.81
-11.957,5.596,11.693
12.13,11.587,-5.5473
0.21842,-12.719,12.316
12.684,-0.83392,12.526
-5.9389,11.972,11.926
12.13,11.587,6.5159
6.578,11.72,11.99
11.835,-12.469,-5.5507
-6.2336,-12.084,11.923
-5.9389,11.972,-12.2
6.578,11.72,-12.137
-11.957,5.596,-12.433
11.9,-6.68,-12.063
11.9,-6.68,12.063
-12.507,11.874,-5.9633
12.68,5.3093,-12.018
-6.2336,-12.084,-12.204
-12.507,11.874,6.0999
6.2833,-12.336,11.986
12.68,5.3093,12.109
11.835,-12.469,6.5125
-12.738,-6.3933,11.648
6.2833,-12.336,-12.14
-12.802,-12.182,-5.9667
-12.802,-12.182,6.0965
-12.738,-6.3933,-12.479
12.171,-12.171,-11.857
-12.171,12.171,11.857
-12.466,-11.885,11.854
12.466,11.885,-11.854
12.171,-12.171,12.269
-12.171,12.171,-12.269
-12.466,-11.885,-12.273
12.466,11.885,12.273
