-2.9802,-9.8645,-9.4019
-9.3887,-3.5677,-9.8279
-9.5881,-7.9928,-9.1809
-9.7967,-2.9193,-3.5687
-2.9802,-9.8645,2.6613
-9.3887,-3.5677,2.2353
-9.8858,-8.6964,-3.2847
-9.5881,-7.9928,2.8823
-9.7967,-2.9193,8.4945
-9.8858,-8.6964,8.7785
9.5932,-9.3217,-8.7719
8.9413,-8.6401,-2.8157
9.5932,-9.3217,3.2913
8.9413,-8.6401,9.2475
2.9904,-3.0271,-9.5792
-2.5781,2.8496,-8.9782
9.4858,2.0202,-9.1922
3.0773,8.317,-9.6182
3.3022,-8.5843,-9.2772
-2.2373,-2.9345,-9.1902
9.5049,-2.7832,-8.8512
2.8779,3.8919,-8.9712
2.5088,-2.8468,-3.282
-3.2301,3.5313,-3.022
-2.6149,-9.1514,-3.393
2.6693,8.9654,-3.359
2.9904,-3.0271,2.484
-2.5781,2.8496,3.085
9.4858,2.0202,2.871
3.0773,8.317,2.445
2.6573,-8.778,-2.962
-2.9366,-3.3807,-2.996
8.841,-3.0696,-3.376
2.5802,3.1883,-3.075
3.3022,-8.5843,2.786
-2.2373,-2.9345,2.873
9.5049,-2.7832,3.212
2.8779,3.8919,3.092
2.5088,-2.8468,8.7812
-3.2301,3.5313,9.0412
-2.6149,-9.1514,8.6702
2.6693,8.9654,8.7042
2.6573,-8.778,9.1012
-2.9366,-3.3807,9.0672
8.841,-3.0696,8.6872
2.5802,3.1883,8.9882
-9.181,9.1442,-9.7855
-8.8692,3.5871,-9.4835
-2.6664,9.3882,-9.0575
-9.6625,9.3245,-3.4883
-9.181,9.1442,2.2777
-9.514,3.3933,-3.1683
-3.3304,9.1018,-3.5823
-8.8692,3.5871,2.5797
-2.6664,9.3882,3.0057
-9.6625,9.3245,8.5749
-9.514,3.3933,8.8949
-3.3304,9.1018,8.4809
10.229,8.9502,-8.9805
9.8512,2.7334,-3.1833
9.5294,8.5041,-2.7863
10.229,8.9502,3.0827
9.8512,2.7334,8.8799
9.5294,8.5041,9.2769
-3.4702,-8.4524,-9.4199
-9.3329,-8.999,-8.1019
-3.7481,-9.2819,-2.4327
-8.9065,-3.9764,-2.9917
-3.4702,-8.4524,2.6433
-9.1554,-8.9842,-2.0127
-9.3329,-8.999,3.9613
-3.7481,-9.2819,9.6305
-8.9065,-3.9764,9.0715
-9.1554,-8.9842,10.051
8.5248,-8.2844,-8.6449
2.9104,-9.6293,-7.7789
9.2842,-3.3898,-7.1869
8.8515,-9.4412,-1.5587
8.5248,-8.2844,3.4183
3.3834,-9.0346,-1.6527
9.712,-2.8616,-2.3737
2.9104,-9.6293,4.2843
9.2842,-3.3898,4.8763
8.8515,-9.4412,10.504
3.3834,-9.0346,10.41
9.712,-2.8616,9.6895
8.9958,3.4323,-9.2102
-8.7575,-3.2322,-8.3022
3.6685,-2.7308,-8.2772
-3.6465,3.887,-8.8512
-3.1077,-2.8744,-7.9772
-9.261,2.542,-7.9852
3.1332,2.8857,-7.8922
-2.8871,8.7816,-7.3932
8.7179,2.6029,-2.223
3.5596,7.9083,-2.782
2.7252,-3.5765,-1.992
-3.3199,2.7301,-1.765
8.9958,3.4323,2.853
-8.7575,-3.2322,3.761
3.6685,-2.7308,3.786
-3.6465,3.887,3.212
-2.9083,-2.6071,-1.714
-8.7879,3.1367,-1.859
3.3107,2.9006,-1.803
-2.4593,9.3098,-2.58
-3.1077,-2.8744,4.086
-9.261,2.542,4.078
3.1332,2.8857,4.171
-2.8871,8.7816,4.67
8.7179,2.6029,9.8402
3.5596,7.9083,9.2812
2.7252,-3.5765,10.071
-3.3199,2.7301,10.298
-2.9083,-2.6071,10.349
-8.7879,3.1367,10.204
3.3107,2.9006,10.26
-2.4593,9.3098,9.4832
-8.5029,9.4405,-8.4835
-9.4462,8.5948,-2.1983
-8.5029,9.4405,3.5797
-9.4462,8.5948,9.8649
3.7085,8.6525,-8.0925
9.3583,9.0103,-7.7675
3.7085,8.6525,3.9707
9.5577,9.2776,-1.5043
9.3583,9.0103,4.2957
9.5577,9.2776,10.559
-9.7034,-12.117,-13.053
-3.1796,-12.249,-12.179
-9.7387,-6.0773,-12.507
-2.9901,-11.908,-6.3179
-9.3548,-5.7202,-6.2629
-12.273,-8.8732,-12.334
-12.158,-8.8901,-6.0419
-6.0844,-8.9778,-11.966
-12.175,-2.8486,-12.141
-6.0639,-8.8357,-7.2079
-12.265,-2.9646,-6.4299
-7.0616,-12.023,-9.5099
-13.029,-6.1501,-9.2229
-11.507,-11.736,-8.6989
-9.7034,-12.117,-0.98969
-9.2621,-11.662,-5.8127
-3.1796,-12.249,-0.11569
-9.7387,-6.0773,-0.44369
-2.9901,-11.908,5.7453
-9.3548,-5.7202,5.8003
-12.273,-8.8732,-0.27069
-12.158,-8.8901,6.0213
-6.0844,-8.9778,0.097311
-12.175,-2.8486,-0.077689
-6.0639,-8.8357,4.8553
-12.265,-2.9646,5.6333
-6.4974,-11.01,-3.3197
-13.104,-5.3214,-3.1167
-7.0616,-12.023,2.5533
-13.029,-6.1501,2.8403
-13.516,-11.719,-2.8657
-0.30098,-11.876,-3.3147
-6.5497,-6.6231,-3.2487
-11.507,-11.736,3.3643
-9.7034,-12.117,11.074
-9.2621,-11.662,6.2505
-3.1796,-12.249,11.948
-9.7387,-6.0773,11.62
-12.273,-8.8732,11.793
-6.0844,-8.9778,12.161
-12.175,-2.8486,11.986
-6.4974,-11.01,8.7435
-13.104,-5.3214,8.9465
-13.516,-11.719,9.1975
-0.30098,-11.876,8.7485
-6.5497,-6.6231,8.8145
-12.472,0.29511,-3.521
-12.472,0.29511,8.5422
3.0666,-12.433,-12.302
8.9795,-6.4622,-11.765
3.5496,-12.217,-5.6279
9.094,-6.4537,-5.8749
9.0459,-12.071,-11.169
9.4709,-12.227,-5.9029
12.364,-9.1598,-11.918
12.479,-9.1768,-5.6259
6.2218,-9.2821,-11.112
12.462,-3.1352,-11.725
6.1107,-9.2432,-6.3349
12.373,-3.2512,-6.0139
6.0457,-13.279,-8.5469
11.608,-6.4367,-8.8069
13.13,-12.023,-8.2829
1.6454,-12.717,-8.8669
3.0666,-12.433,-0.23872
8.9795,-6.4622,0.29828
3.5496,-12.217,6.4353
9.094,-6.4537,6.1883
9.0459,-12.071,0.89428
9.4709,-12.227,6.1603
12.364,-9.1598,0.14528
12.479,-9.1768,6.4373
6.2218,-9.2821,0.95128
12.462,-3.1352,0.33828
6.1107,-9.2432,5.7283
12.373,-3.2512,6.0493
6.6517,-11.812,-2.4707
11.534,-5.608,-2.7007
6.0457,-13.279,3.5163
11.608,-6.4367,3.2563
11.121,-12.005,-2.4497
13.13,-12.023,3.7803
1.6454,-12.717,3.1963
3.0666,-12.433,11.824
8.9795,-6.4622,12.361
9.0459,-12.071,12.957
12.364,-9.1598,12.208
6.2218,-9.2821,13.014
12.462,-3.1352,12.401
6.6517,-11.812,9.5925
11.534,-5.608,9.3625
11.121,-12.005,9.6135
-3.0052,-6.3739,-12.163
-9.1047,-0.26163,-12.508
2.7627,-0.23264,-12.843
-3.1919,5.7092,-11.971
-2.8065,-5.6519,-6.1062
-8.6218,-0.045962,-5.8342
-3.0773,5.7177,-6.0812
3.0674,-6.1504,-11.908
-3.1254,0.10041,-11.375
9.2864,-0.36416,-11.969
2.7273,5.8075,-12.297
3.4061,-5.7424,-6.4862
-2.7004,-0.055861,-6.1092
9.4759,-0.023335,-6.1082
3.1113,6.1646,-6.0532
0.19445,-9.1252,-12.333
-5.9715,-3.0667,-12.607
5.8237,-3.0717,-12.756
0.19304,3.0116,-12.124
0.40588,-8.9831,-6.0682
6.3781,-2.9797,-6.0662
0.30759,2.9946,-5.8322
0.038184,-3.008,-12.015
-5.9496,2.8892,-11.318
6.3816,2.9069,-11.756
0.29062,9.0361,-11.931
0.2291,-2.9755,-6.2172
-6.0606,2.9281,-6.5412
6.4021,3.049,-6.9982
0.20153,8.9202,-6.2202
-0.29698,-7.1757,-9.1022
-6.1257,-1.108,-8.7532
5.4044,-0.13789,-9.3002
-0.56286,5.7346,-9.0132
6.5379,-5.0982,-9.2712
0.95884,0.14849,-8.4892
-10.526,-0.54589,-9.0732
-5.6576,-5.4256,-9.0052
-3.0052,-6.3739,-0.1
-9.1047,-0.26163,-0.445
2.7627,-0.23264,-0.78
-3.1919,5.7092,0.092
-2.8065,-5.6519,5.957
-8.6218,-0.045962,6.229
3.2039,0.22274,-5.603
-3.0773,5.7177,5.982
3.0674,-6.1504,0.155
-3.1254,0.10041,0.688
9.2864,-0.36416,0.094
2.7273,5.8075,-0.234
3.4061,-5.7424,5.577
-2.7004,-0.055861,5.954
9.4759,-0.023335,5.955
3.1113,6.1646,6.01
0.19445,-9.1252,-0.27
-5.9715,-3.0667,-0.544
5.8237,-3.0717,-0.693
0.19304,3.0116,-0.061
0.40588,-8.9831,5.995
-6.5068,-3.0278,-5.482
6.3781,-2.9797,5.997
0.30759,2.9946,6.231
0.038184,-3.008,0.048
-5.9496,2.8892,0.745
6.3816,2.9069,0.307
0.29062,9.0361,0.132
0.2291,-2.9755,5.846
-6.0606,2.9281,5.522
6.4021,3.049,5.065
0.20153,8.9202,5.843
0.16334,-5.9729,-3.156
-5.5197,0.35921,-2.677
5.9687,0.87469,-3.11
-0.63781,6.5634,-2.907
-0.29698,-7.1757,2.961
-6.1257,-1.108,3.31
5.4044,-0.13789,2.763
-0.56286,5.7346,3.05
5.6406,-6.0154,-3.092
-1.0501,0.16617,-2.656
12.165,0.0084853,-3.105
5.9164,5.2616,-3.039
6.5379,-5.0982,2.792
0.95884,0.14849,3.574
-10.526,-0.54589,2.99
-5.6576,-5.4256,3.058
-3.0052,-6.3739,11.963
-9.1047,-0.26163,11.618
2.7627,-0.23264,11.283
-3.1919,5.7092,12.155
3.2039,0.22274,6.4602
3.0674,-6.1504,12.218
-3.1254,0.10041,12.751
9.2864,-0.36416,12.157
2.7273,5.8075,11.829
0.19445,-9.1252,11.793
-5.9715,-3.0667,11.519
5.8237,-3.0717,11.37
0.19304,3.0116,12.002
-6.5068,-3.0278,6.5812
0.038184,-3.008,12.111
-5.9496,2.8892,12.808
6.3816,2.9069,12.37
0.29062,9.0361,12.195
0.16334,-5.9729,8.9072
-5.5197,0.35921,9.3862
5.9687,0.87469,8.9532
-0.63781,6.5634,9.1562
5.6406,-6.0154,8.9712
-1.0501,0.16617,9.4072
12.165,0.0084853,8.9582
5.9164,5.2616,9.0242
-9.4087,11.939,-13.049
-9.1039,6.0209,-12.114
-2.8849,11.807,-12.175
-8.7652,6.4289,-6.6925
-2.6954,12.148,-6.3145
-11.977,3.0461,-12.539
-6.3476,9.0997,-12.962
-11.765,3.1883,-6.2745
-5.7933,9.1916,-6.2725
-12.133,9.1633,-12.221
-11.942,9.1958,-6.4235
-12.468,4.9956,-9.3085
-6.7669,12.033,-9.5065
-5.6334,7.0731,-9.4775
-11.213,12.32,-8.6955
-9.4087,11.939,-0.98628
-8.9675,12.394,-5.8093
-9.1039,6.0209,-0.051279
-2.8849,11.807,-0.11228
-8.7652,6.4289,5.3707
-2.6954,12.148,5.7487
-11.977,3.0461,-0.47628
-6.3476,9.0997,-0.89928
-11.765,3.1883,5.7887
-5.7933,9.1916,5.7907
-12.133,9.1633,-0.15828
-11.942,9.1958,5.6397
-12.008,6.1984,-3.3623
-6.2027,13.046,-3.3163
-12.468,4.9956,2.7547
-6.7669,12.033,2.5567
-6.5308,6.156,-3.2983
-13.221,12.338,-2.8623
-0.0062883,12.18,-3.3113
-5.6334,7.0731,2.5857
-11.213,12.32,3.3677
-9.4087,11.939,11.077
-8.9675,12.394,6.2539
-9.1039,6.0209,12.012
-2.8849,11.807,11.951
-11.977,3.0461,11.587
-6.3476,9.0997,11.164
-12.133,9.1633,11.905
-12.008,6.1984,8.7009
-6.2027,13.046,8.7469
-6.5308,6.156,8.7649
-13.221,12.338,9.2009
-0.0062883,12.18,8.7519
9.4608,5.5109,-11.954
3.3613,11.623,-12.299
9.6595,6.2328,-5.8965
3.8443,11.839,-5.6245
9.3406,11.985,-11.166
9.7656,11.829,-5.8995
12.661,2.7595,-12.124
6.4945,8.818,-12.398
12.872,2.9016,-5.8585
12.504,8.8767,-11.806
12.695,8.9092,-6.0075
12.169,4.709,-8.8925
6.3404,10.777,-8.5435
13.425,12.033,-8.2795
1.9401,11.339,-8.8635
6.8085,6.4591,-8.7955
9.4608,5.5109,0.10969
3.3613,11.623,-0.23531
9.6595,6.2328,6.1667
3.8443,11.839,6.4387
9.3406,11.985,0.89769
9.7656,11.829,6.1637
12.661,2.7595,-0.060311
6.4945,8.818,-0.33431
12.872,2.9016,6.2047
5.9593,8.8569,-5.2723
12.504,8.8767,0.25769
12.695,8.9092,6.0557
12.629,5.9118,-2.9463
6.9464,12.244,-2.4673
12.169,4.709,3.1707
6.3404,10.777,3.5197
11.416,12.051,-2.4463
13.425,12.033,3.7837
1.9401,11.339,3.1997
6.8085,6.4591,3.2677
9.4608,5.5109,12.173
3.3613,11.623,11.828
9.3406,11.985,12.961
12.661,2.7595,12.003
6.4945,8.818,11.729
5.9593,8.8569,6.7909
12.504,8.8767,12.321
12.629,5.9118,9.1169
6.9464,12.244,9.5959
11.416,12.051,9.6169
6.986,12.234,9.6389
11.367,12.023,9.6369
0,0,0
0.20718,-0.03182,-5.7712
-0.17395,5.8308,0.193
-5.985,-0.12304,0.128
0.20718,-0.03182,6.292
0.022627,-6.2947,0.167
6.3074,-0.2885,0.008
-5.7771,-0.17253,5.982
0.070004,5.9503,-5.8132
-5.7771,-0.17253,-6.0812
0.35567,-5.9842,-5.9522
-5.9283,6.1221,0.009721
0.35567,-5.9842,6.111
6.289,5.8746,-0.251
0.070004,5.9503,6.25
-6.177,-6.0101,-0.46069
6.243,-6.0493,0.216
6.3505,0.11667,-5.9762
6.3505,0.11667,6.087
-5.799,-5.9941,5.888
-5.799,-5.9941,-6.1752
-5.8336,6.2154,5.9747
-5.8336,6.2154,-6.0885
6.3378,-5.956,-5.8822
6.3378,-5.956,6.181
6.6671,5.8906,-5.9655
6.6671,5.8906,6.0977
0.53503,11.652,0.60569
-11.931,-0.23264,0.396
0,0,12.063
0,0,-12.063
0.24034,-12.404,0.60228
12.706,-0.51926,0.81197
0.50816,11.736,-5.8625
-0.17395,5.8308,-11.87
-5.864,11.883,-0.19828
0.50816,11.736,6.2007
-5.985,-0.12304,-11.935
-11.958,-0.1492,5.991
-11.958,-0.1492,-6.0722
6.4811,11.762,0.33769
0.022627,-6.2947,-11.896
-12.149,5.8767,-0.039279
-0.17395,5.8308,12.256
11.997,-6.3406,0.39928
-5.985,-0.12304,12.191
6.3074,-0.2885,-12.055
6.3074,-0.2885,12.071
-6.1587,-12.173,-0.20169
0.21347,-12.321,-5.8659
12.489,5.5901,0.37669
0.022627,-6.2947,12.23
6.1864,-12.294,0.33428
0.21347,-12.321,6.1973
12.68,-0.43582,-5.6562
-12.64,-6.0539,-0.016689
12.68,-0.43582,6.407
-6.177,-6.0101,11.603
-6.1155,-11.768,5.8773
-11.816,6.1871,5.9047
6.289,5.8746,11.812
-6.1155,-11.768,-6.1859
-11.816,6.1871,-6.1585
6.243,-6.0493,-11.847
6.689,11.712,-5.8715
-5.9283,6.1221,-12.053
-5.9283,6.1221,12.073
-5.8208,12.288,5.8807
12.241,-6.221,-5.6069
6.689,11.712,6.1917
-5.8208,12.288,-6.1825
-12.396,-5.9344,-6.0229
-12.396,-5.9344,6.0403
6.289,5.8746,-12.314
6.243,-6.0493,12.279
6.3943,-12.344,-5.8749
12.241,-6.221,6.4563
-6.177,-6.0101,-12.524
6.3943,-12.344,6.1883
12.822,5.9005,-5.7425
12.822,5.9005,6.3207
0.53503,11.652,-11.458
-11.931,-0.23264,-11.667
0.24034,-12.404,-11.461
12.706,-0.51926,-11.251
12.171,-12.171,0.20628
-12.171,12.171,-0.20628
0.53503,11.652,12.669
-12.466,-11.885,-0.20969
12.466,11.885,0.20969
-11.931,-0.23264,12.459
0.24034,-12.404,12.665
-5.864,11.883,11.865
6.4811,11.762,-11.726
11.997,-6.3406,-11.664
12.489,5.5901,-11.687
-5.864,11.883,-12.261
-11.964,12.14,-5.9775
-12.149,5.8767,12.024
-6.1587,-12.173,11.862
6.1864,-12.294,-11.729
12.706,-0.51926,12.875
-11.964,12.14,6.0857
-12.259,-11.917,-5.9809
-12.149,5.8767,-12.102
-12.259,-11.917,6.0823
12.673,11.853,-5.5615
12.379,-12.203,-5.5649
6.4811,11.762,12.401
-6.1587,-12.173,-12.265
11.997,-6.3406,12.462
-12.64,-6.0539,12.047
12.489,5.5901,12.44
-12.64,-6.0539,-12.08
6.1864,-12.294,12.397
12.673,11.853,6.5017
12.379,-12.203,6.4983
12.171,-12.171,-11.857
-12.171,12.171,11.857
-12.466,-11.885,11.854
12.466,11.885,-11.854
12.171,-12.171,12.269
-12.171,12.171,-12.269
12.466,11.885,12.273
-12.466,-11.885,-12.273
