-10.443,-9.7125,-9.5236
-10.521,-9.1517,-3.4766
-10.716,-3.1442,-10.116
-10.937,-2.297,-3.0506
-10.443,-9.7125,3.3626
-10.521,-9.1517,9.4096
-10.716,-3.1442,2.7706
-10.937,-2.297,9.8356
9.6391,-4.217,-9.4106
9.9771,-3.995,-3.7726
9.1667,-9.5132,-9.7786
10.479,-9.0084,-3.0496
9.6391,-4.217,3.4755
9.9771,-3.995,9.1135
9.1667,-9.5132,3.1075
10.479,-9.0084,9.8365
2.9564,-9.4194,-8.481
-3.3807,-2.5958,-9.905
-3.2979,8.72,-9.587
2.7202,3.0087,-9.351
2.9076,-8.8629,-3.142
-3.6416,-3.421,-3.833
-2.9599,8.9421,-3.949
2.6418,3.5695,-3.304
2.6743,-3.3715,-9.706
-3.7703,3.4238,-9.955
-2.8256,-9.7213,-9.561
2.4466,9.5771,-9.943
3.0582,-2.9083,-3.581
-2.4579,3.9287,-3.226
-3.2336,-8.5977,-3.16
2.226,10.424,-2.878
2.9564,-9.4194,4.4051
-3.3807,-2.5958,2.9811
-3.2979,8.72,3.2991
2.7202,3.0087,3.5351
2.9076,-8.8629,9.7441
-3.6416,-3.421,9.0531
-2.9599,8.9421,8.9371
2.6418,3.5695,9.5821
2.6743,-3.3715,3.1801
-3.7703,3.4238,2.9311
-2.8256,-9.7213,3.3251
2.4466,9.5771,2.9431
3.0582,-2.9083,9.3051
-2.4579,3.9287,9.6601
-3.2336,-8.5977,9.7261
2.226,10.424,10.008
-9.9806,3.5177,-8.6574
-10.029,4.0742,-3.3184
-10.263,9.5656,-9.8824
-9.8788,10.029,-3.7574
-9.9806,3.5177,4.2288
-10.029,4.0742,9.5678
-10.263,9.5656,3.0038
-9.8788,10.029,9.1288
9.7822,10.125,-9.7324
9.5213,9.3002,-3.6604
10.337,2.9999,-9.3884
9.9293,4.1235,-2.9874
9.7822,10.125,3.1537
9.5213,9.3002,9.2257
10.337,2.9999,3.4977
9.9293,4.1235,9.8987
-4.0511,-9.5463,-8.6186
-3.6106,-9.5824,-4.2246
-9.7525,-9.7436,-8.1986
-9.529,-9.0973,-2.3536
-4.0511,-9.5463,4.2676
-3.6106,-9.5824,8.6616
-9.7525,-9.7436,4.6876
-9.529,-9.0973,10.533
9.8413,-9.7225,-8.4576
9.9672,-10.219,-2.3496
3.0863,-9.9184,-9.7456
10.704,-3.1677,-9.4296
3.8557,-9.3697,-2.0796
9.5783,-3.4745,-2.4286
9.8413,-9.7225,4.4285
9.9672,-10.219,10.536
3.0863,-9.9184,3.1405
10.704,-3.1677,3.4565
3.8557,-9.3697,10.806
9.5783,-3.4745,10.457
9.1118,3.1749,-8.446
-9.7312,-2.8016,-8.764
3.9619,-3.7724,-9.08
-3.0957,3.2145,-8.634
9.5523,3.1388,-4.052
-9.7616,-3.0724,-1.867
3.7236,-3.1353,-2.252
-2.9698,2.7181,-2.526
-3.5893,-4.0263,-9.523
-9.8507,3.0186,-9.922
3.4104,2.9776,-8.026
-2.233,9.7694,-9.606
-2.5314,-2.4409,-3.605
-9.0814,3.5674,-2.256
3.6338,3.6239,-2.181
-3.3588,9.4625,-2.605
9.1118,3.1749,4.4401
-9.7312,-2.8016,4.1221
3.9619,-3.7724,3.8061
-3.0957,3.2145,4.2521
9.5523,3.1388,8.8341
-9.7616,-3.0724,11.019
3.7236,-3.1353,10.634
-2.9698,2.7181,10.36
-3.5893,-4.0263,3.3631
-9.8507,3.0186,2.9641
3.4104,2.9776,4.8601
-2.233,9.7694,3.2801
-2.5314,-2.4409,9.2811
-9.0814,3.5674,10.63
3.6338,3.6239,10.705
-3.3588,9.4625,10.281
-8.9751,9.1646,-9.2564
-9.2134,9.8017,-2.4284
-8.9751,9.1646,3.6298
-9.2134,9.8017,10.458
3.4317,9.9197,-8.5914
3.4012,9.6488,-1.6944
9.5736,8.6949,-9.3504
10.631,10.28,-3.4324
3.4317,9.9197,4.2947
3.4012,9.6488,11.192
9.5736,8.6949,3.5357
10.631,10.28,9.4537
-9.7723,-12.489,-13.196
-13.952,-9.4303,-13.196
-6.3661,-9.5788,-13.838
-13.045,-3.1088,-12.839
-9.9038,-13.344,-6.9766
-9.7723,-12.489,-0.30955
-3.3178,-12.655,-6.9306
-10.119,-6.2377,-7.2116
-3.6756,-12.74,-11.921
-10.045,-6.5842,-12.659
-13.086,-9.6785,-6.4366
-13.952,-9.4303,-0.30955
-6.8802,-9.663,-5.8996
-13.423,-3.2601,-7.0616
-6.3661,-9.5788,-0.95155
-13.045,-3.1088,0.047449
-6.8802,-11.323,-9.9436
-13.613,-6.9272,-10.036
-6.5302,-13.751,-3.1796
-12.621,-5.6629,-3.4266
-14.017,-11.911,-9.9766
-6.3775,-6.814,-10.005
-12.901,-12.437,-3.3806
-1.736,-12.619,-3.0076
-7.8751,-5.3065,-3.7336
-9.9038,-13.344,5.9096
-9.7723,-12.489,12.577
-3.3178,-12.655,5.9556
-10.119,-6.2377,5.6746
-3.6756,-12.74,0.96559
-10.045,-6.5842,0.22759
-13.086,-9.6785,6.4496
-13.952,-9.4303,12.577
-6.8802,-9.663,6.9866
-13.423,-3.2601,5.8246
-6.3661,-9.5788,11.935
-13.045,-3.1088,12.934
-6.8802,-11.323,2.9426
-13.613,-6.9272,2.8506
-6.5302,-13.751,9.7066
-12.621,-5.6629,9.4596
-14.017,-11.911,2.9096
-6.3775,-6.814,2.8816
-12.901,-12.437,9.5056
-1.736,-12.619,9.8786
-7.8751,-5.3065,9.1526
-3.6756,-12.74,13.852
-10.045,-6.5842,13.114
-14.673,0.31765,-3.1839
-14.673,0.31765,9.7022
3.2242,-12.637,-12.977
9.8618,-6.1637,-13.024
9.8208,-13.491,-13.167
12.148,-9.6462,-12.847
6.998,-9.9184,-13.256
13.054,-3.3246,-12.49
3.0743,-12.863,-5.8476
9.4878,-6.9394,-6.3026
3.2242,-12.637,-0.090643
9.8618,-6.1637,-0.13764
9.5104,-12.589,-6.1006
9.8208,-13.491,-0.28064
13.014,-9.8944,-6.0876
12.148,-9.6462,0.039357
6.0378,-9.7982,-4.8326
12.677,-3.476,-6.7126
6.998,-9.9184,-0.36964
13.054,-3.3246,0.39636
5.8935,-12.245,-9.3006
12.487,-7.143,-9.6866
6.2584,-14.039,-2.9976
13.479,-5.8787,-3.0776
5.9013,-7.7737,-9.2146
12.083,-12.127,-9.6276
0.48065,-12.938,-9.3466
13.199,-12.653,-3.0316
3.0743,-12.863,7.0385
9.4878,-6.9394,6.5835
3.2242,-12.637,12.795
9.8618,-6.1637,12.748
9.5104,-12.589,6.7855
9.8208,-13.491,12.605
13.014,-9.8944,6.7985
12.148,-9.6462,12.925
6.0378,-9.7982,8.0535
12.677,-3.476,6.1735
6.998,-9.9184,12.516
13.054,-3.3246,13.282
5.8935,-12.245,3.5855
12.487,-7.143,3.1995
6.2584,-14.039,9.8885
13.479,-5.8787,9.8085
5.9013,-7.7737,3.6715
12.083,-12.127,3.2585
0.48065,-12.938,3.5395
13.199,-12.653,9.8545
-3.0766,-5.9164,-12.64
-9.7128,0.29981,-13.153
3.3906,0.23264,-13.023
-3.0752,6.7734,-13.2
-3.1162,-0.55366,-13.343
-0.75519,-9.5657,-12.995
-0.78913,3.2909,-13.023
-5.939,3.0186,-13.432
6.7967,3.1424,-13.665
0.11738,9.6124,-12.666
-3.4295,-6.6496,-6.368
-9.8627,0.073539,-6.024
3.2591,-0.62296,-6.804
-3.4493,5.9977,-6.479
-3.0766,-5.9164,0.246
-9.7128,0.29981,-0.267
3.3906,0.23264,-0.137
-3.0752,6.7734,-0.314
3.1473,-5.8457,-6.368
-3.4266,0.3479,-6.277
9.845,0.065761,-6.758
3.0441,6.4835,-7.039
3.4295,-6.8519,-12.471
-3.1162,-0.55366,-0.457
9.4873,-0.019092,-11.748
3.1176,6.137,-12.486
-0.36628,-9.4738,-6.38
-6.2395,-2.9698,-7.143
6.8236,-3.3234,-7.076
0.077075,3.0427,-6.264
-0.75519,-9.5657,-0.109
-6.8363,-3.3559,-11.706
6.2225,-3.247,-12.026
-0.78913,3.2909,-0.137
-0.507,-3.2081,-6.534
-6.8992,3.1388,-5.009
6.2826,3.0582,-5.727
-0.26022,9.4611,-6.889
0.52184,-3.206,-12.48
-5.939,3.0186,-0.546
6.7967,3.1424,-0.779
0.11738,9.6124,0.22
-0.10041,-6.3017,-9.395
-7.0435,0.69226,-9.477
6.2826,1.398,-9.771
-0.44972,5.794,-9.863
-0.3083,-5.3613,-2.985
-6.6786,-1.1024,-3.174
6.6327,-1.0295,-3.007
0.54164,7.0583,-3.254
-7.0357,5.1633,-9.391
-0.85418,0.81034,-9.804
-12.456,-0.0014142,-9.523
6.7854,5.9072,-9.832
6.236,-5.5755,-2.854
0.26163,0.28426,-3.208
11.427,0.10182,-2.835
5.2877,7.4147,-3.561
-3.4295,-6.6496,6.5181
-9.8627,0.073539,6.8621
3.2591,-0.62296,6.0821
-3.4493,5.9977,6.4071
-3.0766,-5.9164,13.132
-9.7128,0.29981,12.619
3.3906,0.23264,12.749
-3.0752,6.7734,12.572
3.1473,-5.8457,6.5181
-3.4266,0.3479,6.6091
9.845,0.065761,6.1281
3.0441,6.4835,5.8471
3.4295,-6.8519,0.41514
-3.1162,-0.55366,12.429
9.4873,-0.019092,1.1381
3.1176,6.137,0.40014
-0.36628,-9.4738,6.5061
-6.2395,-2.9698,5.7431
6.8236,-3.3234,5.8101
0.077075,3.0427,6.6221
-0.75519,-9.5657,12.777
-6.8363,-3.3559,1.1801
6.2225,-3.247,0.86014
-0.78913,3.2909,12.749
-0.507,-3.2081,6.3521
-6.8992,3.1388,7.8771
6.2826,3.0582,7.1591
-0.26022,9.4611,5.9971
0.52184,-3.206,0.40614
-5.939,3.0186,12.34
6.7967,3.1424,12.107
0.11738,9.6124,13.106
-0.10041,-6.3017,3.4911
-7.0435,0.69226,3.4091
6.2826,1.398,3.1151
-0.44972,5.794,3.0231
-0.3083,-5.3613,9.9011
-6.6786,-1.1024,9.7121
6.6327,-1.0295,9.8791
0.54164,7.0583,9.6321
-7.0357,5.1633,3.4951
-0.85418,0.81034,3.0821
-12.456,-0.0014142,3.3631
6.7854,5.9072,3.0541
6.236,-5.5755,10.032
0.26163,0.28426,9.6781
11.427,0.10182,10.051
5.2877,7.4147,9.3251
3.4295,-6.8519,13.301
9.4873,-0.019092,14.024
3.1176,6.137,13.286
-6.8363,-3.3559,14.066
6.2225,-3.247,13.746
0.52184,-3.206,13.292
-9.5465,13.17,-13.199
-13.692,3.3713,-13.171
-9.678,12.314,-6.9804
-9.5465,13.17,-0.31336
-9.7897,7.0914,-6.5444
-3.092,13.003,-6.9344
-9.5076,6.0852,-12.647
-3.4498,12.918,-11.924
-13.303,3.4632,-6.5564
-6.1135,9.6136,-7.2524
-13.692,3.3713,-0.28536
-6.7145,9.69,-12.202
-13.444,9.7289,-6.7104
-12.415,9.731,-12.656
-13.037,6.6353,-9.5714
-6.6544,14.335,-9.9474
-13.245,7.5758,-3.1614
-6.3044,11.907,-3.1834
-13.791,13.747,-9.9804
-6.7011,7.3615,-3.0304
-12.675,13.221,-3.3844
-1.5102,13.039,-3.0114
-9.678,12.314,5.9058
-9.5465,13.17,12.573
-9.7897,7.0914,6.3418
-3.092,13.003,5.9518
-9.5076,6.0852,0.23878
-3.4498,12.918,0.96178
-13.303,3.4632,6.3298
-6.1135,9.6136,5.6338
-13.692,3.3713,12.601
-6.7145,9.69,0.68378
-13.444,9.7289,6.1758
-12.415,9.731,0.22978
-13.037,6.6353,3.3148
-6.6544,14.335,2.9388
-13.245,7.5758,9.7248
-6.3044,11.907,9.7028
-13.791,13.747,2.9058
-6.7011,7.3615,9.8558
-12.675,13.221,9.5018
-1.5102,13.039,9.8748
-9.5076,6.0852,13.125
-3.4498,12.918,13.848
-6.7145,9.69,13.57
-12.415,9.731,13.116
13.644,-0.21724,-9.1741
13.644,-0.21724,3.712
10.086,6.8048,-12.468
3.45,13.021,-12.981
10.047,12.168,-13.171
12.408,3.1555,-12.823
9.7334,6.0716,-6.1954
3.3001,12.795,-5.8514
10.086,6.8048,0.41855
3.45,13.021,-0.094449
9.7362,13.069,-6.1044
10.047,12.168,-0.28445
12.797,3.2474,-6.2074
6.9233,9.7514,-6.9704
12.408,3.1555,0.063551
6.3265,9.3653,-11.533
12.656,9.5131,-6.3614
13.685,9.5152,-12.307
13.062,6.4195,-9.2224
6.1194,13.413,-9.3044
12.855,7.3599,-2.8124
6.4842,11.619,-3.0014
12.309,13.532,-9.6314
0.70646,12.72,-9.3504
13.424,13.005,-3.0354
9.7334,6.0716,6.6907
3.3001,12.795,7.0347
10.086,6.8048,13.305
3.45,13.021,12.792
9.7362,13.069,6.7817
10.047,12.168,12.602
12.797,3.2474,6.6787
6.9233,9.7514,5.9157
12.408,3.1555,12.95
6.3265,9.3653,1.3527
12.656,9.5131,6.5247
13.685,9.5152,0.57869
13.062,6.4195,3.6637
6.1194,13.413,3.5817
12.855,7.3599,10.074
6.4842,11.619,9.8847
12.309,13.532,3.2547
0.70646,12.72,3.5357
13.424,13.005,9.8507
6.3265,9.3653,14.239
13.685,9.5152,13.465
0,0,0
-0.17183,-0.15344,6.0221
0.10677,-6.3491,-0.15
6.4227,0.23122,-0.046
-6.5351,0.046669,-0.354
0.17395,6.5874,-0.302
-0.17183,-0.15344,-6.864
-0.17466,6.3336,6.0031
-6.3442,-6.1575,0.238
6.5464,-0.057983,6.0201
-0.2093,-6.3654,-6.318
-6.2367,6.4799,0.087
-0.2093,-6.3654,6.5681
-6.5817,0.36487,6.3861
-6.5817,0.36487,-6.5
6.7004,-6.4571,0.26336
-0.17466,6.3336,-6.883
6.8187,6.5637,0.41055
6.5464,-0.057983,-6.866
-6.6574,-6.0521,-6.416
6.3505,-6.4509,-6.389
-6.6574,-6.0521,6.4701
6.3505,-6.4509,6.4971
-6.5865,6.4861,6.3208
6.5054,6.6691,-6.2434
-6.5865,6.4861,-6.5654
6.5054,6.6691,6.6427
-0.72131,-12.282,-0.069551
12.442,0.43911,0.103
0,0,12.886
0,0,-12.886
-0.4955,13.376,-0.073357
-13.658,0.65494,-0.24591
-6.5351,0.046669,12.532
0.10253,-12.683,6.3171
-6.7402,-12.49,-0.21855
0.17395,6.5874,12.584
-12.835,0.25366,6.1408
0.10677,-6.3491,12.736
0.10253,-12.683,-6.569
6.4227,0.23122,12.84
-12.989,-6.1338,-0.47455
6.6278,12.768,-0.18145
6.402,-12.89,-0.17764
-12.83,6.5879,-0.32636
0.32835,12.975,6.3133
6.4227,0.23122,-12.932
0.10677,-6.3491,-13.036
-12.835,0.25366,-6.7454
0.32835,12.975,-6.5728
13.111,-6.3496,-0.12564
-6.5144,13.168,-0.22236
13.27,6.3721,0.022551
13.265,0.037834,-6.3964
0.17395,6.5874,-13.188
-6.5351,0.046669,-13.24
13.265,0.037834,6.4897
-6.3442,-6.1575,-12.648
6.3553,-12.572,-6.3236
-6.3906,12.879,5.8438
-6.6165,-12.779,5.8476
6.3553,-12.572,6.5625
12.762,-6.6035,6.1795
-6.2367,6.4799,-12.799
6.8187,6.5637,-12.476
6.7004,-6.4571,-12.623
12.954,6.3558,-6.1454
-6.2367,6.4799,12.973
-6.3442,-6.1575,13.124
12.762,-6.6035,-6.7066
-13.338,-6.3877,5.8306
12.954,6.3558,6.7407
6.5811,13.086,-6.3274
-6.3906,12.879,-7.0424
-6.6165,-12.779,-7.0386
-13.146,6.5717,6.3918
6.5811,13.086,6.5587
-13.146,6.5717,-6.4944
6.7004,-6.4571,13.149
6.8187,6.5637,13.297
-13.338,-6.3877,-7.0556
-0.72131,-12.282,12.817
12.442,0.43911,-12.783
-0.72131,-12.282,-12.956
12.442,0.43911,12.989
12.937,-12.937,0.17636
-12.937,12.937,-0.17636
-13.163,-12.721,-0.17255
13.163,12.721,0.17255
-0.4955,13.376,12.813
-13.658,0.65494,12.64
-0.4955,13.376,-12.959
-13.658,0.65494,-13.132
-12.989,-6.1338,12.412
-6.7402,-12.49,12.668
12.991,12.568,6.1947
-12.83,6.5879,12.56
6.6278,12.768,12.705
6.402,-12.89,12.708
-13.109,12.784,5.8458
12.991,12.568,-6.6914
12.765,-13.09,6.1985
-6.7402,-12.49,-13.105
13.111,-6.3496,12.76
-6.5144,13.168,12.664
6.6278,12.768,-13.068
-13.335,-12.875,5.8496
6.402,-12.89,-13.064
12.765,-13.09,-6.6876
13.111,-6.3496,-13.012
13.27,6.3721,-12.864
-12.83,6.5879,-13.212
13.27,6.3721,12.909
-13.109,12.784,-7.0404
-12.989,-6.1338,-13.361
-6.5144,13.168,-13.108
-13.335,-12.875,-7.0366
12.937,-12.937,-12.71
-12.937,12.937,12.71
-13.163,-12.721,12.714
13.163,12.721,-12.714
12.937,-12.937,13.062
-12.937,12.937,-13.062
-13.163,-12.721,-13.059
13.163,12.721,13.059
