-10.153,-9.1093,-9.9827
-10.277,-9.0096,-3.9097
-10.153,-9.1093,2.0805
-10.277,-9.0096,8.1535
9.2934,-9.3132,-8.9827
8.8296,-9.5805,-2.8747
8.3685,-4.2645,-8.7597
9.2934,-9.3132,3.0805
8.8296,-9.5805,9.1885
8.3685,-4.2645,3.3035
2.2854,-1.8922,-9.818
-2.8779,2.8581,-9.189
-3.6133,-8.1289,-9.291
-10.278,-2.1333,-9.275
2.564,-4.1267,-3.753
-3.3418,2.5908,-3.081
-2.6347,-8.8643,-2.743
-9.4618,-2.8772,-3.743
2.0591,-9.174,-9.515
-4.3148,-2.3137,-9.557
-3.8028,7.9069,-8.966
2.3129,2.7754,-9.773
3.2393,-8.1381,-2.647
-3.3927,-2.4522,-3.722
8.5652,-3.0681,-3.693
2.1892,2.8751,-3.7
2.2854,-1.8922,2.2452
-2.8779,2.8581,2.8742
-3.6133,-8.1289,2.7722
-10.278,-2.1333,2.7882
2.564,-4.1267,8.3102
-3.3418,2.5908,8.9822
-2.6347,-8.8643,9.3202
-9.4618,-2.8772,8.3202
2.0591,-9.174,2.5482
-4.3148,-2.3137,2.5062
-3.8028,7.9069,3.0972
2.3129,2.7754,2.2902
3.2393,-8.1381,9.4162
-3.3927,-2.4522,8.3412
8.5652,-3.0681,8.3702
2.1892,2.8751,8.3632
-9.886,10.279,-10.024
-9.6074,8.0447,-3.9593
-10.112,2.9973,-9.7213
-8.9321,4.0333,-2.8533
-3.6062,9.1032,-3.8993
-9.886,10.279,2.0389
-9.6074,8.0447,8.1039
-10.112,2.9973,2.3419
-8.9321,4.0333,9.2099
-3.6062,9.1032,8.1639
8.8527,3.7558,-9.0813
2.1883,9.7514,-9.0653
9.8314,3.0204,-2.5333
3.0043,9.0075,-3.5333
8.1513,9.5711,-9.3473
9.0733,9.4325,-3.5123
8.8527,3.7558,2.9819
2.1883,9.7514,2.9979
9.8314,3.0204,9.5299
3.0043,9.0075,8.5299
8.1513,9.5711,2.7159
9.0733,9.4325,8.5509
-4.2212,-8.8767,-8.4647
-10.946,-3.2,-3.2837
-10.019,-8.1887,-8.8087
-9.2657,-9.0294,-2.7837
-4.2212,-8.8767,3.5985
-10.946,-3.2,8.7795
-10.019,-8.1887,3.2545
-9.2657,-9.0294,9.2795
8.2915,-9.6548,-10.055
10.309,-9.7092,-3.0887
3.0186,-9.5975,-3.3497
9.3047,-3.7045,-2.4737
8.2915,-9.6548,2.0085
10.309,-9.7092,8.9745
3.0186,-9.5975,8.7135
9.3047,-3.7045,9.5895
8.2449,3.008,-8.255
-9.4887,-2.9196,-10.301
3.2039,-2.8065,-9.039
-3.8799,2.5166,-10.261
-3.3269,-7.6558,-2.248
1.5203,8.6847,-3.074
3.1544,-3.2845,-2.638
-1.8625,2.4621,-3.295
-3.4344,-2.7273,-8.429
3.0356,-8.6472,-8.508
2.4473,3.696,-8.599
8.1452,-2.5774,-9.25
-2.0966,-2.8334,-3.085
-9.1528,2.5739,-3.556
3.2004,2.8553,-2.574
-2.8666,8.4669,-2.68
8.2449,3.008,3.8082
-9.4887,-2.9196,1.7622
3.2039,-2.8065,3.0242
-3.8799,2.5166,1.8022
-3.3269,-7.6558,9.8152
1.5203,8.6847,8.9892
3.1544,-3.2845,9.4252
-1.8625,2.4621,8.7682
-3.4344,-2.7273,3.6342
3.0356,-8.6472,3.5552
2.4473,3.696,3.4642
8.1452,-2.5774,2.8132
-2.0966,-2.8334,8.9782
-9.1528,2.5739,8.5072
3.2004,2.8553,9.4892
-2.8666,8.4669,9.3832
-8.9675,9.3648,-9.2453
-9.017,8.8868,-2.8443
-9.1357,3.5241,-8.7143
-4.0262,9.5939,-9.4563
-8.9675,9.3648,2.8179
-9.017,8.8868,9.2189
-9.1357,3.5241,3.3489
-4.0262,9.5939,2.6069
2.9774,8.9651,-10.091
9.1391,4.2289,-2.0383
9.0316,9.1574,-8.2193
10.369,9.0514,-2.8753
2.9774,8.9651,1.9719
9.1391,4.2289,10.025
9.0316,9.1574,3.8439
10.369,9.0514,9.1879
-9.1822,-11.436,-12.456
-3.1082,-12.279,-13.518
-9.7536,-5.8856,-12.75
-12.557,-9.0195,-12.453
-5.6997,-8.6978,-12.491
-12.294,-2.8055,-12.356
-9.7663,-12.172,-6.6377
-9.1822,-11.436,-0.39269
-3.6873,-11.081,-5.4197
-10.272,-5.6318,-5.8907
-3.1082,-12.279,-1.4547
-9.7536,-5.8856,-0.68669
-12.596,-8.9531,-6.4977
-12.557,-9.0195,-0.38969
-7.4194,-8.4927,-6.8357
-13.328,-2.9617,-6.1577
-5.6997,-8.6978,-0.42769
-12.294,-2.8055,-0.29269
-7.0263,-11.415,-9.4537
-11.84,-5.39,-9.2167
-7.5679,-12.214,-3.4797
-13.158,-5.8312,-3.2967
-13.589,-12.186,-9.5337
-2.1062,-11.702,-9.6567
-7.4901,-5.496,-9.3167
-12.42,-12.41,-3.6957
-6.6218,-6.6429,-3.5407
-9.7663,-12.172,5.4255
-9.1822,-11.436,11.671
-3.6873,-11.081,6.6435
-10.272,-5.6318,6.1725
-3.1082,-12.279,10.609
-9.7536,-5.8856,11.377
-12.596,-8.9531,5.5655
-12.557,-9.0195,11.674
-7.4194,-8.4927,5.2275
-13.328,-2.9617,5.9055
-5.6997,-8.6978,11.636
-12.294,-2.8055,11.771
-7.0263,-11.415,2.6095
-11.84,-5.39,2.8465
-7.5679,-12.214,8.5835
-13.158,-5.8312,8.7665
-13.589,-12.186,2.5295
-2.1062,-11.702,2.4065
-7.4901,-5.496,2.7465
-12.42,-12.41,8.3675
-6.6218,-6.6429,8.5225
3.003,-11.979,-12.273
9.0502,-6.2939,-12.179
9.4504,-12.467,-12.439
12.081,-9.3062,-12.037
6.2606,-9.3366,-12.572
12.344,-3.0921,-11.94
2.571,-12.015,-6.0547
8.4986,-6.3264,-5.5777
3.003,-11.979,-0.20972
9.0502,-6.2939,-0.11572
8.6853,-12.106,-6.0287
9.4504,-12.467,-0.37572
12.041,-9.2397,-6.0817
12.081,-9.3062,0.026279
5.1194,-8.9533,-5.7057
11.309,-3.2484,-5.7417
6.2606,-9.3366,-0.50872
12.344,-3.0921,0.12328
5.7735,-11.637,-9.1697
12.797,-5.6766,-8.8007
5.258,-12.657,-3.0887
11.479,-6.1178,-2.8807
5.8442,-7.2796,-9.3197
11.048,-12.473,-9.1177
12.217,-12.697,-3.2797
2.571,-12.015,6.0085
8.4986,-6.3264,6.4855
3.003,-11.979,11.853
9.0502,-6.2939,11.947
8.6853,-12.106,6.0345
9.4504,-12.467,11.687
12.041,-9.2397,5.9815
12.081,-9.3062,12.089
5.1194,-8.9533,6.3575
11.309,-3.2484,6.3215
6.2606,-9.3366,11.554
12.344,-3.0921,12.186
5.7735,-11.637,2.8935
12.797,-5.6766,3.2625
5.258,-12.657,8.9745
11.479,-6.1178,9.1825
5.8442,-7.2796,2.7435
11.048,-12.473,2.9455
12.217,-12.697,8.7835
-3.2958,-4.8755,-12.851
-9.1683,0.19233,-12.479
3.2838,0.44831,-12.246
-3.1212,5.8775,-12.385
3.1155,-6.0274,-12.09
-2.7209,-0.29557,-12.645
9.3579,-0.39457,-13.308
2.7125,5.9991,-12.54
-7.0725,-3.3941,-13.055
-0.09051,2.8652,-12.243
0.50063,-3.0773,-12.768
-5.9107,2.8348,-12.778
6.7663,3.1869,-12.281
0.17253,9.0793,-12.146
-3.1898,-5.9545,-6.344
-9.6004,0.15627,-6.261
2.6997,-0.28709,-6.428
-3.6727,5.8449,-5.784
-3.2958,-4.8755,-0.788
-9.1683,0.19233,-0.416
3.2838,0.44831,-0.183
-3.1212,5.8775,-0.322
2.9847,-5.9602,-7.073
-3.486,0.065054,-6.235
8.7787,0.80398,-5.21
2.1942,6.2529,-5.681
3.1155,-6.0274,-0.027
-2.7209,-0.29557,-0.582
9.3579,-0.39457,-1.245
2.7125,5.9991,-0.477
-0.39315,-9.1485,-6.696
-6.5846,-2.8822,-6.238
6.1073,-2.6439,-6.619
-0.13011,2.9317,-6.288
-0.7856,-8.9569,-11.723
-7.0725,-3.3941,-0.992
5.7954,-2.9557,-11.69
-0.09051,2.8652,-0.18
-0.55791,-3.037,-6.235
-7.052,3.218,-5.912
5.0466,3.392,-6.626
-0.86196,8.923,-5.948
0.50063,-3.0773,-0.705
-5.9107,2.8348,-0.715
6.7663,3.1869,-0.218
0.17253,9.0793,-0.083
-0.93409,-5.0014,-9.614
-6.3979,0.53457,-9.376
5.4398,0.47023,-9.244
0.62579,6.4948,-9.007
-0.56074,-6.1737,-3.418
-6.9134,-0.48578,-3.295
4.8981,-0.3288,-3.27
-0.69226,6.0535,-3.087
-6.3272,4.8918,-9.526
-1.1229,-0.30123,-9.324
10.36,0.18314,-9.447
4.9759,6.3887,-9.107
6.0776,-5.2418,-2.993
0.045962,-0.52538,-3.486
0.39669,-11.495,-3.359
5.8442,5.2418,-3.331
-3.1898,-5.9545,5.7192
-9.6004,0.15627,5.8022
2.6997,-0.28709,5.6352
-3.6727,5.8449,6.2792
-3.2958,-4.8755,11.275
-9.1683,0.19233,11.647
3.2838,0.44831,11.88
-3.1212,5.8775,11.741
2.9847,-5.9602,4.9902
-3.486,0.065054,5.8282
8.7787,0.80398,6.8532
2.1942,6.2529,6.3822
3.1155,-6.0274,12.036
-2.7209,-0.29557,11.481
9.3579,-0.39457,10.818
2.7125,5.9991,11.586
-0.39315,-9.1485,5.3672
-6.5846,-2.8822,5.8252
6.1073,-2.6439,5.4442
-0.13011,2.9317,5.7752
-0.7856,-8.9569,0.34022
-7.0725,-3.3941,11.071
5.7954,-2.9557,0.37322
-0.09051,2.8652,11.883
-0.55791,-3.037,5.8282
-7.052,3.218,6.1512
5.0466,3.392,5.4372
-0.86196,8.923,6.1152
0.50063,-3.0773,11.358
-5.9107,2.8348,11.348
6.7663,3.1869,11.845
0.17253,9.0793,11.98
-0.93409,-5.0014,2.4492
-6.3979,0.53457,2.6872
5.4398,0.47023,2.8192
0.62579,6.4948,3.0562
-0.56074,-6.1737,8.6452
-6.9134,-0.48578,8.7682
4.8981,-0.3288,8.7932
-0.69226,6.0535,8.9762
-6.3272,4.8918,2.5372
-1.1229,-0.30123,2.7392
10.36,0.18314,2.6162
4.9759,6.3887,2.9562
6.0776,-5.2418,9.0702
0.045962,-0.52538,8.5772
0.39669,-11.495,8.7042
5.8442,5.2418,8.7322
-0.7856,-8.9569,12.403
5.7954,-2.9557,12.436
-8.8875,12.62,-12.452
-9.0558,6.144,-12.296
-2.8135,11.777,-13.514
-11.671,9.094,-12.974
-9.4716,11.884,-6.6343
-8.8875,12.62,-0.38928
-9.1867,6.2112,-7.2793
-3.3926,12.975,-5.4163
-9.0558,6.144,-0.23328
-2.8135,11.777,-1.4513
-12.565,3.0228,-6.9023
-6.0641,9.5275,-6.8253
-12.957,3.2144,-11.929
-6.3759,9.2156,-11.896
-12.729,9.1343,-6.4413
-11.671,9.094,-0.91128
-13.105,7.17,-9.8203
-6.7316,12.642,-9.4503
-12.732,5.9976,-3.6243
-7.2732,11.843,-3.4763
-13.294,11.87,-9.5303
-1.8115,12.354,-9.6533
-6.0938,6.9296,-3.1993
-12.125,11.646,-3.6923
-11.775,0.67592,-3.5653
-9.4716,11.884,5.4289
-8.8875,12.62,11.674
-9.1867,6.2112,4.7839
-3.3926,12.975,6.6469
-9.0558,6.144,11.83
-2.8135,11.777,10.612
-12.565,3.0228,5.1609
-6.0641,9.5275,5.2379
-12.957,3.2144,0.13394
-6.3759,9.2156,0.16694
-12.729,9.1343,5.6219
-11.671,9.094,11.152
-13.105,7.17,2.2429
-6.7316,12.642,2.6129
-12.732,5.9976,8.4389
-7.2732,11.843,8.5869
-13.294,11.87,2.5329
-1.8115,12.354,2.4099
-6.0938,6.9296,8.8639
-12.125,11.646,8.3709
-11.775,0.67592,8.4979
-12.957,3.2144,12.197
-6.3759,9.2156,12.23
9.1702,7.0092,-12.642
3.2977,12.077,-12.27
9.7451,11.589,-12.436
5.3936,8.4906,-12.846
12.967,8.8074,-12.559
9.2763,5.9302,-6.1343
2.8657,12.041,-6.0513
9.1702,7.0092,-0.57831
3.2977,12.077,-0.20631
8.98,11.95,-6.0253
9.7451,11.589,-0.37231
12.073,2.7362,-6.4863
5.8815,9.0026,-6.0283
11.68,2.9278,-11.513
5.3936,8.4906,-0.78231
11.908,8.8477,-6.0253
12.967,8.8074,-0.49531
11.532,6.8834,-9.4043
6.0681,12.419,-9.1663
11.905,5.711,-3.2083
5.5527,11.399,-3.0853
11.343,11.584,-9.1143
12.512,11.359,-3.2763
12.863,0.38929,-3.1493
9.2763,5.9302,5.9289
2.8657,12.041,6.0119
9.1702,7.0092,11.485
3.2977,12.077,11.857
8.98,11.95,6.0379
9.7451,11.589,11.691
12.073,2.7362,5.5769
5.8815,9.0026,6.0349
11.68,2.9278,0.5499
5.3936,8.4906,11.281
11.908,8.8477,6.0379
12.967,8.8074,11.568
11.532,6.8834,2.6589
6.0681,12.419,2.8969
11.905,5.711,8.8549
5.5527,11.399,8.9779
11.343,11.584,2.9489
12.512,11.359,8.7869
12.863,0.38929,8.9139
11.68,2.9278,12.613
0.69138,12.561,-3.3556
0.69138,12.561,8.7076
1.0661,12.842,-9.1688
1.0661,12.842,2.8944
0,0,0
-0.3882,-0.26658,5.8462
0.15556,-5.8647,-0.141
-6.1808,-0.49992,-0.577
-0.3882,-0.26658,-6.217
6.2381,0.0028284,-0.171
-0.12162,6.2819,-0.017
-0.3684,-5.9659,5.7842
5.7551,0.098288,6.0082
-0.68307,6.0981,5.6562
5.7551,0.098288,-6.055
-6.1978,5.7481,-0.108
5.8435,6.1858,-0.459
-0.3684,-5.9659,-6.279
-6.5987,0.011314,5.6552
-6.6225,-5.699,-0.66869
5.9736,-6.4233,0.098279
-0.68307,6.0981,-6.407
-6.5987,0.011314,-6.408
5.9157,-5.7332,-5.995
5.9157,-5.7332,6.0682
5.432,6.3696,-5.964
5.432,6.3696,6.0992
-7.0341,-5.5151,5.8895
-6.2557,6.4381,5.8619
-7.0341,-5.5151,-6.1737
-6.2557,6.4381,-6.2013
-0.13647,-11.75,-0.008
0,0,12.063
0,0,-12.063
0.15822,12.306,-0.00459
-12.308,0.42136,-0.21428
12.33,0.13474,0.20169
6.2852,11.385,-0.36731
-6.1808,-0.49992,11.486
11.675,0.19728,-5.894
-0.79101,-11.687,5.9595
11.675,0.19728,6.1692
-0.79101,-11.687,-6.1037
0.15556,-5.8647,11.922
12.05,-5.8894,0.18928
-6.228,-11.882,-0.38069
6.2381,0.0028284,11.892
0.15556,-5.8647,-12.204
-5.9333,12.174,-0.37728
-12.016,6.3066,-0.34728
-0.12162,6.2819,12.046
-0.12162,6.2819,-12.08
6.2381,0.0028284,-12.234
-0.49631,12.369,5.9629
-12.588,-5.6028,-0.22669
-0.49631,12.369,-6.1003
12.622,6.02,0.068689
5.9905,-12.671,-0.37072
-6.1808,-0.49992,-12.64
-12.962,0.48391,5.7532
11.488,-6.0733,5.8625
-6.6225,-5.699,11.395
5.8435,6.1858,11.604
11.488,-6.0733,-6.2007
-12.962,0.48391,-6.31
5.8673,11.896,5.8649
5.5726,-12.16,5.8615
5.8673,11.896,-6.1983
-6.1978,5.7481,11.955
12.098,5.9189,5.9939
5.5726,-12.16,-6.2017
-6.7109,-11.786,5.7985
12.098,5.9189,-6.0693
-6.1978,5.7481,-12.171
5.9736,-6.4233,-11.965
-6.7109,-11.786,-6.2647
5.9736,-6.4233,12.161
-6.4162,12.27,5.8019
-12.54,6.2055,5.5779
5.8435,6.1858,-12.522
-6.4162,12.27,-6.2613
-13.149,-5.7866,5.4465
-12.54,6.2055,-6.4853
-6.6225,-5.699,-12.732
-13.149,-5.7866,-6.6167
-0.13647,-11.75,12.055
-0.13647,-11.75,-12.071
-12.308,0.42136,11.849
12.33,0.13474,-11.862
12.171,-12.171,0.20628
-12.171,12.171,-0.20628
-12.466,-11.885,-0.20969
12.466,11.885,0.20969
0.15822,12.306,12.059
0.15822,12.306,-12.068
-12.308,0.42136,-12.277
12.33,0.13474,12.265
6.2852,11.385,11.696
-6.228,-11.882,11.683
12.078,11.618,-6.0073
12.078,11.618,6.0559
-5.9333,12.174,11.686
12.05,-5.8894,-11.874
-12.016,6.3066,11.716
6.2852,11.385,-12.431
11.783,-12.438,-6.0107
-12.588,-5.6028,11.837
12.05,-5.8894,12.252
11.783,-12.438,6.0525
-12.56,11.905,5.6399
5.9905,-12.671,11.692
-6.228,-11.882,-12.444
-12.016,6.3066,-12.41
-5.9333,12.174,-12.44
12.622,6.02,-11.995
-12.56,11.905,-6.4233
-12.588,-5.6028,-12.29
12.622,6.02,12.132
-12.854,-12.151,5.6365
5.9905,-12.671,-12.434
-12.854,-12.151,-6.4267
12.171,-12.171,-11.857
-12.171,12.171,11.857
-12.466,-11.885,11.854
12.466,11.885,-11.854
12.171,-12.171,12.269
-12.171,12.171,-12.269
-12.466,-11.885,-12.273
12.466,11.885,12.273
