-3.7888,-8.3189,-9.2618
-3.6283,-8.3181,-3.5068
-9.7002,-8.3839,-9.2658
2.1389,-8.1994,-9.2658
-3.8687,-2.5524,-9.2658
-9.5404,-8.3825,-3.5108
2.2987,-8.1979,-3.5108
-3.7089,-2.551,-3.5108
-3.7888,-8.3189,2.2479
-3.6283,-8.3181,8.0029
-9.7002,-8.3839,2.2439
2.1389,-8.1994,2.2439
-3.8687,-2.5524,2.2439
-9.5404,-8.3825,7.9989
2.2987,-8.1979,7.9989
-3.7089,-2.551,7.9989
-9.4348,-2.3108,-9.4864
-9.2757,-2.3101,-3.7314
-9.5161,3.4557,-9.4904
-9.3563,3.4571,-3.7354
-9.4348,-2.3108,2.0233
-9.2757,-2.3101,7.7783
-9.5161,3.4557,2.0193
-9.3563,3.4571,7.7743
8.4124,-8.4959,-9.034
2.4035,-2.8489,-9.034
8.235,2.9826,-9.034
8.5723,-8.4945,-3.279
2.564,-2.8482,-3.279
8.3955,2.9833,-3.279
8.3318,-2.7287,-9.038
2.3236,2.9175,-9.038
8.1551,8.749,-9.038
8.4916,-2.7273,-3.283
2.4834,2.9189,-3.283
8.3149,8.7504,-3.283
8.4124,-8.4959,2.4757
2.4035,-2.8489,2.4757
8.235,2.9826,2.4757
8.5723,-8.4945,8.2307
2.564,-2.8482,8.2307
8.3955,2.9833,8.2307
8.3318,-2.7287,2.4717
2.3236,2.9175,2.4717
8.1551,8.749,2.4717
8.4916,-2.7273,8.2267
2.4834,2.9189,8.2267
8.3149,8.7504,8.2267
-3.2426,3.1591,-9.2586
-9.2516,8.8061,-9.2586
2.5889,8.9906,-9.2586
-3.0828,3.1605,-3.5036
-9.0911,8.8068,-3.5036
2.748,8.9913,-3.5036
-3.3232,8.9263,-9.2626
-3.1634,8.9277,-3.5076
-3.2426,3.1591,2.251
-9.2516,8.8061,2.251
2.5889,8.9906,2.251
-3.0828,3.1605,8.006
-9.0911,8.8068,8.006
2.748,8.9913,8.006
-3.3232,8.9263,2.247
-3.1634,8.9277,8.002
-9.0468,-8.3542,-7.9208
-8.887,-8.3528,-2.1658
-3.1305,-8.3252,-7.9198
-9.1381,-2.6783,-7.9198
-2.97,-8.3245,-2.1648
-8.9783,-2.6769,-2.1648
-9.0468,-8.3542,3.5889
-8.887,-8.3528,9.3439
-3.1305,-8.3252,3.5899
-9.1381,-2.6783,3.5899
-2.97,-8.3245,9.3449
-8.9783,-2.6769,9.3449
8.7092,-8.8634,-7.4664
8.869,-8.8619,-1.7124
8.7092,-8.8634,4.0433
8.869,-8.8619,9.7973
3.1537,-8.5305,-7.693
-2.8546,-2.8843,-7.693
8.9845,-2.6997,-7.693
2.9769,2.9472,-7.693
3.3128,-8.5298,-1.938
-2.6948,-2.8829,-1.938
9.1443,-2.6983,-1.938
3.1367,2.9486,-1.938
3.0625,-2.8546,-7.692
-2.9458,2.7917,-7.691
8.8933,2.9762,-7.692
2.8857,8.6232,-7.692
3.223,-2.8539,-1.937
-2.786,2.7931,-1.937
9.0538,2.9769,-1.937
3.0455,8.6246,-1.937
3.1537,-8.5305,3.8167
-2.8546,-2.8843,3.8167
8.9845,-2.6997,3.8167
2.9769,2.9472,3.8167
3.3128,-8.5298,9.5717
-2.6948,-2.8829,9.5717
9.1443,-2.6983,9.5717
3.1367,2.9486,9.5717
3.0625,-2.8546,3.8177
-2.9458,2.7917,3.8187
8.8933,2.9762,3.8177
2.8857,8.6232,3.8177
3.223,-2.8539,9.5727
-2.786,2.7931,9.5727
9.0538,2.9769,9.5727
3.0455,8.6246,9.5727
-8.5013,3.1245,-7.9176
-2.6705,8.9553,-7.9176
-8.3422,3.1252,-2.1626
-2.5107,8.9567,-2.1626
-8.5925,8.8004,-7.9166
-8.432,8.8011,-2.1616
-8.5013,3.1245,3.592
-2.6705,8.9553,3.592
-8.3422,3.1252,9.347
-2.5107,8.9567,9.347
-8.5925,8.8004,3.593
-8.432,8.8011,9.348
9.1692,8.4171,-7.4652
9.329,8.4186,-1.7102
9.1692,8.4171,4.0444
9.329,8.4186,9.7994
-3.2457,-11.166,-12.014
-9.2533,-5.5187,-12.014
-9.1663,-11.26,-12.033
2.6727,-11.075,-12.033
-3.3348,-5.4282,-12.033
-6.0529,-8.3372,-12.037
-11.974,-8.4313,-12.039
-0.13376,-8.2474,-12.038
-6.142,-2.5998,-12.039
-3.4055,-11.167,-6.2598
-9.4131,-5.5201,-6.2598
-3.2457,-11.166,-0.50475
-9.2533,-5.5187,-0.50475
-9.3261,-11.261,-6.2778
2.5129,-11.077,-6.2778
-3.4946,-5.4296,-6.2778
-9.1663,-11.26,-0.52375
2.6727,-11.075,-0.52375
-3.3348,-5.4282,-0.52375
-6.2135,-8.3379,-6.2818
-6.0529,-8.3372,-0.52775
-12.133,-8.4327,-6.2838
-0.29427,-8.2481,-6.2838
-6.3019,-2.6012,-6.2838
-11.974,-8.4313,-0.52975
-0.13376,-8.2474,-0.52875
-6.142,-2.5998,-0.52975
-12.896,-11.313,-9.0558
-1.0565,-11.129,-9.0558
-7.0641,-5.4819,-9.0558
-12.736,-11.312,-3.3008
-0.89673,-11.127,-3.3008
-6.9043,-5.4805,-3.3008
-6.9687,-11.22,-9.0598
4.8711,-11.036,-9.0598
-1.1379,-5.3893,-9.0598
-6.8081,-11.219,-3.3058
5.0309,-11.035,-3.3058
-0.97734,-5.3886,-3.3058
-3.4055,-11.167,5.2499
-9.4131,-5.5201,5.2499
-3.2457,-11.166,11.005
-9.2533,-5.5187,11.005
-9.3261,-11.261,5.2319
2.5129,-11.077,5.2319
-3.4946,-5.4296,5.2319
-9.1663,-11.26,10.986
2.6727,-11.075,10.986
-3.3348,-5.4282,10.986
-6.2135,-8.3379,5.2279
-6.0529,-8.3372,10.982
-12.133,-8.4327,5.2259
-0.29427,-8.2481,5.2259
-6.3019,-2.6012,5.2259
-11.974,-8.4313,10.98
-0.13376,-8.2474,10.981
-6.142,-2.5998,10.98
-12.896,-11.313,2.4539
-1.0565,-11.129,2.4539
-7.0641,-5.4819,2.4539
-12.736,-11.312,8.2089
-0.89673,-11.127,8.2089
-6.9043,-5.4805,8.2089
-6.9687,-11.22,2.4499
4.8711,-11.036,2.4499
-1.1379,-5.3893,2.4499
-6.8081,-11.219,8.2039
5.0309,-11.035,8.2039
-0.97734,-5.3886,8.2039
-8.9823,0.57986,-12.258
-11.7,-2.3292,-12.262
-11.789,3.4076,-12.263
-9.1421,0.57845,-6.5024
-8.9823,0.57986,-0.74837
-11.86,-2.3306,-6.5064
-11.7,-2.3292,-0.75238
-11.949,3.4069,-6.5084
-11.789,3.4076,-0.75338
-12.712,0.52612,-9.2804
-12.552,0.52754,-3.5254
-12.615,-5.2128,-9.2844
-6.7839,0.61875,-9.2844
-12.793,6.2657,-9.2844
-12.456,-5.2113,-3.5304
-6.6241,0.62017,-3.5304
-12.632,6.2664,-3.5304
-9.1421,0.57845,5.0073
-8.9823,0.57986,10.761
-11.86,-2.3306,5.0033
-11.7,-2.3292,10.757
-11.949,3.4069,5.0013
-11.789,3.4076,10.756
-12.712,0.52612,2.2293
-12.552,0.52754,7.9843
-12.615,-5.2128,2.2253
-6.7839,0.61875,2.2253
-12.793,6.2657,2.2253
-12.456,-5.2113,7.9793
-6.6241,0.62017,7.9793
-12.632,6.2664,7.9793
8.594,-11.704,-11.562
11.705,-8.7849,-11.587
8.4341,-11.705,-5.8074
8.594,-11.704,-0.052377
11.545,-8.7863,-5.8314
11.705,-8.7849,-0.077377
10.783,-11.667,-8.6034
10.943,-11.666,-2.8484
8.4341,-11.705,5.7023
8.594,-11.704,11.457
11.545,-8.7863,5.6783
11.705,-8.7849,11.432
10.783,-11.667,2.9063
10.943,-11.666,8.6613
2.9465,-5.6957,-11.787
-3.0611,-0.04879,-11.787
8.778,0.13576,-11.787
2.7704,5.7827,-11.787
8.8657,-5.6045,-11.806
2.8574,0.041719,-11.806
8.6889,5.8732,-11.806
6.1469,-8.5143,-11.81
0.1393,-2.8673,-11.81
11.978,-2.6828,-11.81
5.9708,2.9642,-11.81
6.0585,-2.7775,-11.812
0.050205,2.8701,-11.812
11.89,3.054,-11.811
5.8817,8.7017,-11.812
2.7867,-5.6972,-6.032
-3.2209,-0.050205,-6.032
8.6182,0.13435,-6.032
2.6106,5.7813,-6.032
2.9465,-5.6957,-0.277
-3.0611,-0.04879,-0.277
8.778,0.13576,-0.277
2.7704,5.7827,-0.277
8.7059,-5.6059,-6.05
2.6976,0.040305,-6.05
8.5291,5.8718,-6.05
8.8657,-5.6045,-0.296
2.8574,0.041719,-0.296
8.6889,5.8732,-0.296
5.9871,-8.5157,-6.054
-0.021213,-2.868,-6.054
11.819,-2.6842,-6.054
5.8103,2.9635,-6.054
6.1469,-8.5143,-0.3
0.1393,-2.8673,-0.3
11.978,-2.6828,-0.3
5.9708,2.9642,-0.3
5.898,-2.7782,-6.056
-0.1096,2.8687,-6.056
11.729,3.0533,-6.056
5.7219,8.7002,-6.056
6.0585,-2.7775,-0.302
0.050205,2.8701,-0.302
11.89,3.054,-0.301
5.8817,8.7017,-0.302
5.1364,-5.6583,-8.828
-0.87186,-0.012021,-8.828
10.967,0.17253,-8.828
4.9596,5.8195,-8.828
5.2962,-5.6569,-3.073
-0.71206,-0.010607,-3.073
11.127,0.17395,-3.073
5.1195,5.8209,-3.073
11.063,-5.5663,-8.832
5.0551,0.081317,-8.832
10.886,5.9121,-8.832
11.223,-5.5649,-3.078
5.2156,0.082024,-3.078
11.046,5.9128,-3.078
2.7867,-5.6972,5.4777
-3.2209,-0.050205,5.4777
8.6182,0.13435,5.4777
2.6106,5.7813,5.4777
2.9465,-5.6957,11.233
-3.0611,-0.04879,11.233
8.778,0.13576,11.233
2.7704,5.7827,11.233
8.7059,-5.6059,5.4597
2.6976,0.040305,5.4597
8.5291,5.8718,5.4597
8.8657,-5.6045,11.214
2.8574,0.041719,11.214
8.6889,5.8732,11.214
5.9871,-8.5157,5.4557
-0.021213,-2.868,5.4557
11.819,-2.6842,5.4557
5.8103,2.9635,5.4557
6.1469,-8.5143,11.21
0.1393,-2.8673,11.21
11.978,-2.6828,11.21
5.9708,2.9642,11.21
5.898,-2.7782,5.4537
-0.1096,2.8687,5.4537
11.729,3.0533,5.4537
5.7219,8.7002,5.4537
6.0585,-2.7775,11.208
0.050205,2.8701,11.208
11.89,3.054,11.209
5.8817,8.7017,11.208
5.1364,-5.6583,2.6817
-0.87186,-0.012021,2.6817
10.967,0.17253,2.6817
4.9596,5.8195,2.6817
5.2962,-5.6569,8.4367
-0.71206,-0.010607,8.4367
11.127,0.17395,8.4367
5.1195,5.8209,8.4367
11.063,-5.5663,2.6777
5.0551,0.081317,2.6777
10.886,5.9121,2.6777
11.223,-5.5649,8.4317
5.2156,0.082024,8.4317
11.046,5.9128,8.4317
-8.7085,5.9593,-12.011
-2.877,11.791,-12.011
-2.7893,6.0505,-12.03
-8.7976,11.697,-12.03
3.0415,11.881,-12.03
-5.5081,3.1407,-12.034
-11.516,8.7877,-12.034
0.32337,8.9723,-12.034
-5.5965,8.8775,-12.036
-8.8683,5.9579,-6.2566
-3.0368,11.789,-6.2566
-8.7085,5.9593,-0.50162
-2.877,11.791,-0.50162
-2.9491,6.0491,-6.2746
-8.9574,11.695,-6.2746
2.8817,11.88,-6.2746
-2.7893,6.0505,-0.52062
-8.7976,11.697,-0.52062
3.0415,11.881,-0.52062
-5.6679,3.1393,-6.2786
-11.676,8.787,-6.2786
0.16356,8.9708,-6.2786
-5.5081,3.1407,-0.52462
-11.516,8.7877,-0.52462
0.32337,8.9723,-0.52462
-5.757,8.8768,-6.2806
-5.5965,8.8775,-0.52662
-6.5186,5.9968,-9.0526
-12.527,11.643,-9.0526
-0.68779,11.828,-9.0526
-6.3588,5.9982,-3.2976
-12.367,11.644,-3.2976
-0.52799,11.829,-3.2976
-0.59163,6.0887,-9.0566
-6.5999,11.736,-9.0566
5.2399,11.92,-9.0566
-0.43182,6.0901,-3.3026
-6.4394,11.737,-3.3026
5.3997,11.922,-3.3026
-8.8683,5.9579,5.253
-3.0368,11.789,5.253
-8.7085,5.9593,11.008
-2.877,11.791,11.008
-2.9491,6.0491,5.235
-8.9574,11.695,5.235
2.8817,11.88,5.235
-2.7893,6.0505,10.989
-8.7976,11.697,10.989
3.0415,11.881,10.989
-5.6679,3.1393,5.231
-11.676,8.787,5.231
0.16356,8.9708,5.231
-5.5081,3.1407,10.985
-11.516,8.7877,10.985
0.32337,8.9723,10.985
-5.757,8.8768,5.229
-5.5965,8.8775,10.983
-6.5186,5.9968,2.457
-12.527,11.643,2.457
-0.68779,11.828,2.457
-6.3588,5.9982,8.212
-12.367,11.644,8.212
-0.52799,11.829,8.212
-0.59163,6.0887,2.453
-6.5999,11.736,2.453
5.2399,11.92,2.453
-0.43182,6.0901,8.207
-6.4394,11.737,8.207
5.3997,11.922,8.207
8.9627,11.253,-11.559
12.163,8.4341,-11.582
8.8029,11.251,-5.8042
8.9627,11.253,-0.049248
12.003,8.4334,-5.8262
12.163,8.4341,-0.072248
11.152,11.289,-8.6002
11.312,11.291,-2.8452
8.8029,11.251,5.7054
8.9627,11.253,11.46
12.003,8.4334,5.6834
12.163,8.4341,11.437
11.152,11.289,2.9094
11.312,11.291,8.6644
0,0,0
-0.097581,5.7389,0.005
0.079196,-5.7403,0.005
-0.15981,-0.0014142,-5.754
-0.15981,-0.0014142,5.7557
5.9107,0.091217,0.005
-5.9291,-0.092631,0.005
-0.08061,-5.7403,-5.75
-0.25739,5.7375,-5.75
-0.08061,-5.7403,5.7597
5.7502,0.09051,-5.75
-0.25739,5.7375,5.7597
5.7502,0.09051,5.7597
6.0076,-5.647,0
5.8315,5.8315,0
-5.6474,6.0081,-0.22462
-6.1922,-5.4699,-0.22775
-6.0889,-0.094045,-5.75
-6.0889,-0.094045,5.7597
5.8478,-5.6484,-5.754
5.8478,-5.6484,5.7557
5.6717,5.8301,-5.754
5.6717,5.8301,5.7557
-5.8072,6.0067,5.531
-6.3521,-5.4713,5.5279
-5.8072,6.0067,-5.9786
-6.3521,-5.4713,-5.9818
-0.18467,-11.117,-0.22775
0,0,-11.51
0,0,11.51
11.839,0.18455,0
0.18407,11.84,-0.22462
-11.84,0.53814,-0.45237
-0.34448,-11.118,5.5279
-0.34448,-11.118,-5.9818
6.0947,11.209,0.23275
-6.1131,-11.21,-0.22275
-0.097581,5.7389,-11.505
0.079196,-5.7403,-11.505
-0.097581,5.7389,11.515
0.079196,-5.7403,11.515
5.9107,0.091217,-11.505
-5.9291,-0.092631,-11.505
5.9107,0.091217,11.515
-5.9291,-0.092631,11.515
11.557,-5.9161,0.22962
-11.576,5.9147,-0.21962
11.679,0.18314,-5.754
11.679,0.18314,5.7557
0.024262,11.838,5.531
5.7259,-11.748,0.22962
-5.7443,11.746,-0.21962
-11.999,0.53673,5.3033
0.024262,11.838,-5.9786
12.103,5.5611,0.23275
-12.121,-5.5626,-0.22275
-11.999,0.53673,-6.2064
5.9349,11.207,-5.5222
-5.6474,6.0081,11.285
11.398,-5.9176,-5.5254
-6.1922,-5.4699,11.282
-6.2736,-11.211,5.5319
5.9349,11.207,5.9874
5.5661,-11.749,-5.5254
6.0076,-5.647,-11.51
6.0076,-5.647,11.51
5.8315,5.8315,-11.51
5.8315,5.8315,11.51
11.398,-5.9176,5.9843
-6.2736,-11.211,-5.9778
-11.736,5.9147,5.535
-5.9048,11.746,5.535
11.943,5.5611,-5.5222
5.5661,-11.749,5.9843
-5.6474,6.0081,-11.734
-6.1922,-5.4699,-11.737
-11.736,5.9147,-5.9746
-5.9048,11.746,-5.9746
11.943,5.5611,5.9874
-12.281,-5.564,5.5319
-12.281,-5.564,-5.9778
-0.18467,-11.117,11.282
-0.18467,-11.117,-11.737
-11.84,0.53814,11.057
0.18407,11.84,11.285
11.655,-11.655,0.22462
-11.655,11.655,-0.22462
-12.024,-11.301,-0.22775
12.024,11.301,0.22775
11.839,0.18455,-11.51
11.839,0.18455,11.51
0.18407,11.84,-11.734
-11.84,0.53814,-11.962
6.0947,11.209,-11.277
-6.1131,-11.21,11.287
11.557,-5.9161,-11.28
-11.576,5.9147,11.29
5.7259,-11.748,-11.28
-5.7443,11.746,11.29
11.495,-11.656,-5.5294
11.864,11.3,-5.5262
6.0947,11.209,11.742
-6.1131,-11.21,-11.732
11.495,-11.656,5.9803
11.864,11.3,5.9834
12.103,5.5611,-11.277
-12.121,-5.5626,11.287
-11.815,11.654,5.531
11.557,-5.9161,11.739
-11.576,5.9147,-11.729
-12.184,-11.303,5.5279
-5.7443,11.746,-11.729
5.7259,-11.748,11.739
-11.815,11.654,-5.9786
-12.184,-11.303,-5.9818
12.103,5.5611,11.742
-12.121,-5.5626,-11.732
11.655,-11.655,-11.285
-11.655,11.655,11.285
-12.024,-11.301,11.282
12.024,11.301,-11.282
11.655,-11.655,11.734
-11.655,11.655,-11.734
-12.024,-11.301,-11.737
12.024,11.301,11.737
