-9.7079,-8.917,-10.024
-10.044,-8.4312,-3.4196
-3.5879,-9.2161,-10.685
-9.9498,-3.625,-9.2736
-3.1856,-9.9154,-3.0366
-9.7079,-8.917,2.8626
-10.044,-8.4312,9.4666
-3.5879,-9.2161,2.2016
-9.9498,-3.625,3.6126
-3.1856,-9.9154,9.8496
3.4505,-9.9389,-2.5546
9.5599,-3.5141,-3.2746
10.395,-9.6143,-9.7576
9.8668,-8.8655,-2.4796
3.4505,-9.9389,10.331
9.5599,-3.5141,9.6115
10.395,-9.6143,3.1285
9.8668,-8.8655,10.406
3.4768,-8.7999,-9.362
-2.7634,-2.2076,-9.371
9.4901,-3.0215,-9.216
3.4549,3.8042,-9.851
-9.4865,2.9981,-2.731
-3.1452,-3.001,-3.063
-3.3771,9.4229,-3.451
3.119,4.29,-3.247
2.9826,-2.7959,-9.222
-2.542,3.3227,-9.934
9.5749,3.5051,-10.512
3.2131,9.0962,-9.101
2.8065,-2.2875,-3.375
-3.0703,4.0715,-2.656
9.9773,2.8058,-2.864
-9.6442,-1.924,-3.66
3.4768,-8.7999,3.5241
-2.7634,-2.2076,3.5151
9.4901,-3.0215,3.6701
3.4549,3.8042,3.0351
-9.4865,2.9981,10.155
-3.1452,-3.001,9.8231
-3.3771,9.4229,9.4351
3.119,4.29,9.6391
2.9826,-2.7959,3.6641
-2.542,3.3227,2.9521
9.5749,3.5051,2.3741
3.2131,9.0962,3.7851
2.8065,-2.2875,9.5111
-3.0703,4.0715,10.23
9.9773,2.8058,10.022
-9.6442,-1.924,9.2261
-9.4602,4.1371,-9.5384
-3.447,9.9156,-9.3924
-9.9545,10.141,-9.3984
-10.131,10.65,-3.5514
-9.4602,4.1371,3.3478
-3.447,9.9156,3.4938
-9.9545,10.141,3.4878
-10.131,10.65,9.3348
10.399,10.514,-9.1984
10.018,9.7202,-2.8904
3.5186,10.797,-3.4874
10.399,10.514,3.6877
10.018,9.7202,9.9957
3.5186,10.797,9.3987
-3.4352,-9.4296,-9.2076
-10.397,-2.5049,-10.14
-9.6641,-9.7641,-8.7836
-9.6514,-9.5817,-2.5556
-3.4352,-9.4296,3.6786
-10.397,-2.5049,2.7466
-9.6641,-9.7641,4.1026
-9.6514,-9.5817,10.331
9.6122,-9.3676,-8.5086
9.5132,-9.5189,-3.7886
3.1768,-10.14,-10.2
10.546,-2.4528,-9.0436
9.8385,-3.0828,-1.8636
9.6122,-9.3676,4.3775
9.5132,-9.5189,9.0975
3.1768,-10.14,2.6865
10.546,-2.4528,3.8425
9.8385,-3.0828,11.022
9.7277,3.2916,-9.035
2.7662,10.216,-9.967
3.9577,-3.853,-9.613
-3.3248,3.5695,-8.685
-3.0908,-9.2242,-4.044
-9.7015,-2.6813,-2.368
3.0589,-3.0236,-2.093
-3.4238,3.4182,-3.965
-3.4288,-3.5136,-9.063
-9.7602,2.7966,-10.376
3.4988,2.9571,-8.611
-2.3907,10.484,-9.22
-3.5801,-2.453,-4.388
3.3383,-8.5737,-3.645
3.5115,3.1396,-2.383
-3.0985,9.8542,-2.04
9.7277,3.2916,3.8511
2.7662,10.216,2.9191
3.9577,-3.853,3.2731
-3.3248,3.5695,4.2011
-3.0908,-9.2242,8.8421
-9.7015,-2.6813,10.518
3.0589,-3.0236,10.793
-3.4238,3.4182,8.9211
-3.4288,-3.5136,3.8231
-9.7602,2.7966,2.5101
3.4988,2.9571,4.2751
-2.3907,10.484,3.6661
-3.5801,-2.453,8.4981
3.3383,-8.5737,9.2411
3.5115,3.1396,10.503
-3.0985,9.8542,10.846
-8.9794,9.084,-9.7894
-9.8781,9.9135,-2.2694
-9.5988,4.3634,-3.8214
-8.9794,9.084,3.0968
-9.8781,9.9135,10.617
-9.5988,4.3634,9.0648
10.072,3.497,-3.8714
3.4614,10.04,-2.1954
9.7341,9.2076,-8.8904
9.5828,10.268,-4.2154
10.072,3.497,9.0147
3.4614,10.04,10.691
9.7341,9.2076,3.9957
9.5828,10.268,8.6707
-0.83393,-13.49,-2.9362
-0.83393,-13.49,9.9499
-9.4852,-12.429,-12.827
-9.8812,-5.8107,-12.576
-12.51,-9.4551,-13.055
-6.4708,-8.8844,-13.864
-9.8062,-11.664,-5.7956
-9.4852,-12.429,0.059449
-3.1969,-12.153,-6.4406
-9.7786,-6.5736,-6.6966
-3.4698,-12.949,-12.44
-9.8812,-5.8107,0.31045
-13.145,-9.3193,-6.0356
-12.51,-9.4551,-0.16855
-6.644,-9.1906,-5.4466
-13.075,-2.9136,-6.8106
-6.4708,-8.8844,-0.97755
-13.333,-2.9546,-12.164
-6.6165,-11.433,-9.2196
-13.33,-6.5807,-9.7196
-6.3782,-13.005,-2.7556
-12.553,-4.8808,-3.0126
-12.633,-11.574,-9.5556
-13.555,-12.322,-3.0896
-13.771,-0.55332,-3.1126
-9.8062,-11.664,7.0906
-9.4852,-12.429,12.946
-3.1969,-12.153,6.4456
-9.7786,-6.5736,6.1896
-3.4698,-12.949,0.44659
-9.8812,-5.8107,13.197
-13.145,-9.3193,6.8506
-12.51,-9.4551,12.718
-6.644,-9.1906,7.4396
-13.075,-2.9136,6.0756
-6.4708,-8.8844,11.909
-13.333,-2.9546,0.72259
-6.6165,-11.433,3.6666
-13.33,-6.5807,3.1666
-6.3782,-13.005,10.131
-12.553,-4.8808,9.8736
-12.633,-11.574,3.3306
-13.555,-12.322,9.7966
-13.771,-0.55332,9.7736
-3.4698,-12.949,13.333
-13.333,-2.9546,13.609
3.2263,-12.972,-12.62
9.7197,-6.1403,-12.624
9.7508,-12.667,-12.254
13.59,-9.6709,-12.706
6.0555,-9.4326,-12.877
3.2978,-12.941,-7.6126
9.9332,-6.5434,-5.8146
3.2263,-12.972,0.26636
9.7197,-6.1403,0.26236
9.743,-12.474,-6.4046
9.7508,-12.667,0.63236
12.955,-9.5351,-5.6866
13.59,-9.6709,0.18036
6.6381,-9.5443,-5.5656
13.025,-3.1295,-6.4616
6.0555,-9.4326,0.009357
12.767,-3.1705,-11.815
6.6572,-11.402,-9.3276
12.77,-6.7965,-9.3706
6.8602,-12.917,-2.6906
13.547,-5.0966,-2.6636
6.7371,-6.764,-9.3546
13.467,-11.79,-9.2066
12.545,-12.538,-2.7406
12.329,-0.76915,-2.7636
3.2978,-12.941,5.2735
9.9332,-6.5434,7.0715
3.2263,-12.972,13.152
9.7197,-6.1403,13.148
9.743,-12.474,6.4815
9.7508,-12.667,13.518
12.955,-9.5351,7.1995
13.59,-9.6709,13.066
6.6381,-9.5443,7.3205
13.025,-3.1295,6.4245
6.0555,-9.4326,12.895
12.767,-3.1705,1.0715
6.6572,-11.402,3.5585
12.77,-6.7965,3.5155
6.8602,-12.917,10.195
13.547,-5.0966,10.222
6.7371,-6.764,3.5315
13.467,-11.79,3.6795
12.545,-12.538,10.145
12.329,-0.76915,10.122
12.767,-3.1705,13.958
-2.9154,-6.2685,-13.745
-9.7107,-0.034648,-12.796
3.6777,0.29204,-12.654
-3.2173,6.7967,-12.8
-3.1862,0.27011,-12.43
3.2817,6.9106,-12.403
-0.057276,-9.3161,-13.011
0.65266,3.2661,-12.882
-6.8816,3.5044,-13.053
6.6921,3.8368,-13.691
-3.2633,-6.0748,-5.429
-9.6393,-0.0042426,-7.789
3.3566,1.0571,-5.623
-3.0038,6.3937,-5.991
-2.9154,-6.2685,-0.859
-9.7107,-0.034648,0.09
3.6777,0.29204,0.232
-3.2173,6.7967,0.086
3.3679,-6.2162,-6.953
-3.194,0.46315,-6.581
9.966,0.56851,-6.268
3.3842,6.1476,-6.524
3.0158,-6.0946,-12.154
-3.1862,0.27011,0.456
9.693,-0.22769,-12.267
3.2817,6.9106,0.483
0.20789,-9.4031,-5
-6.1327,-2.9564,-7.045
6.2445,-2.9946,-6.418
0.017678,3.4019,-5.863
-0.057276,-9.3161,-0.125
-6.5874,-3.2781,-11.569
6.1384,-2.6863,-11.916
0.65266,3.2661,0.004
-0.47942,-2.7846,-6.231
-6.2989,3.3927,-5.742
6.5188,3.5306,-5.274
0.087681,9.8076,-6.638
0.028991,-3.0568,-11.907
-6.8816,3.5044,-0.167
6.6921,3.8368,-0.805
-0.16971,9.7666,-11.991
-0.60528,-6.6397,-8.681
-6.2798,1.5351,-9.504
6.5464,1.2883,-9.047
-0.16688,6.1405,-9.547
1.125,-5.9758,-2.835
-6.0769,0.019799,-2.867
6.7847,-0.28355,-2.583
0.60953,7.8404,-2.84
-6.1999,6.173,-9.531
0.53033,1.1469,-9.383
-0.041719,-11.276,-8.983
-5.5897,-6.4014,-9.495
5.3641,-5.7587,-3.04
-0.39244,0.39952,-2.917
-0.60811,12.168,-2.94
-6.8526,-4.7185,-3.078
-3.2633,-6.0748,7.4571
-9.6393,-0.0042426,5.0971
3.3566,1.0571,7.2631
-3.0038,6.3937,6.8951
-2.9154,-6.2685,12.027
-9.7107,-0.034648,12.976
3.6777,0.29204,13.118
-3.2173,6.7967,12.972
3.3679,-6.2162,5.9331
-3.194,0.46315,6.3051
9.966,0.56851,6.6181
3.3842,6.1476,6.3621
3.0158,-6.0946,0.73214
-3.1862,0.27011,13.342
9.693,-0.22769,0.61914
3.2817,6.9106,13.369
0.20789,-9.4031,7.8861
-6.1327,-2.9564,5.8411
6.2445,-2.9946,6.4681
0.017678,3.4019,7.0231
-0.057276,-9.3161,12.761
-6.5874,-3.2781,1.3171
6.1384,-2.6863,0.97014
0.65266,3.2661,12.89
-0.47942,-2.7846,6.6551
-6.2989,3.3927,7.1441
6.5188,3.5306,7.6121
0.087681,9.8076,6.2481
0.028991,-3.0568,0.97914
-6.8816,3.5044,12.719
6.6921,3.8368,12.081
-0.16971,9.7666,0.89514
-0.60528,-6.6397,4.2051
-6.2798,1.5351,3.3821
6.5464,1.2883,3.8391
-0.16688,6.1405,3.3391
1.125,-5.9758,10.051
-6.0769,0.019799,10.019
6.7847,-0.28355,10.303
0.60953,7.8404,10.046
-6.1999,6.173,3.3551
0.53033,1.1469,3.5031
-0.041719,-11.276,3.9031
-5.5897,-6.4014,3.3911
5.3641,-5.7587,9.8461
-0.39244,0.39952,9.9691
-0.60811,12.168,9.9461
-6.8526,-4.7185,9.8081
3.0158,-6.0946,13.618
9.693,-0.22769,13.505
-6.5874,-3.2781,14.203
6.1384,-2.6863,13.856
0.028991,-3.0568,13.865
-0.16971,9.7666,13.781
-9.2594,13.229,-12.83
-12.994,3.6209,-13.187
-9.5804,13.994,-5.7994
-9.2594,13.229,0.055643
-9.5691,6.7209,-7.1294
-2.9711,13.506,-6.4444
-9.9212,6.8425,-12.33
-3.244,12.709,-12.443
-12.729,3.5339,-5.1764
-6.6926,9.9424,-6.5944
-12.994,3.6209,-0.30136
-6.7986,10.251,-12.092
-13.416,10.152,-6.4074
-12.908,9.8802,-12.083
-13.542,6.2973,-8.8574
-6.3906,14.225,-9.2234
-11.812,6.9613,-3.0114
-6.1523,12.653,-2.7594
-12.407,14.084,-9.5594
-12.979,1.6608,-9.1594
-7.5729,7.1784,-3.2164
-13.329,13.337,-3.0934
-9.5804,13.994,7.0868
-9.2594,13.229,12.942
-9.5691,6.7209,5.7568
-2.9711,13.506,6.4418
-9.9212,6.8425,0.55578
-3.244,12.709,0.44278
-12.729,3.5339,7.7098
-6.6926,9.9424,6.2918
-12.994,3.6209,12.585
-6.7986,10.251,0.79378
-13.416,10.152,6.4788
-12.908,9.8802,0.80278
-13.542,6.2973,4.0288
-6.3906,14.225,3.6628
-11.812,6.9613,9.8748
-6.1523,12.653,10.127
-12.407,14.084,3.3268
-12.979,1.6608,3.7268
-7.5729,7.1784,9.6698
-13.329,13.337,9.7928
-9.9212,6.8425,13.442
-3.244,12.709,13.329
-6.7986,10.251,13.68
-12.908,9.8802,13.689
10.247,6.4527,-13.573
3.4522,12.687,-12.624
9.9766,12.991,-12.258
13.106,3.4051,-12.839
9.8996,6.6465,-5.2564
3.5236,12.717,-7.6164
10.247,6.4527,-0.68645
3.4522,12.687,0.26255
9.9689,13.184,-6.4084
9.9766,12.991,0.62855
13.371,3.3181,-4.8274
7.0301,9.7648,-6.8724
13.106,3.4051,0.047551
6.5755,9.4431,-11.396
12.683,9.9366,-6.0584
13.192,9.6644,-11.734
12.558,6.0815,-8.5084
6.883,14.256,-9.3314
14.288,6.7454,-2.6624
7.086,12.741,-2.6944
13.693,13.868,-9.2104
13.121,1.445,-8.8104
7.5732,6.3198,-9.3224
12.77,13.121,-2.7444
6.3103,8.0027,-2.9054
9.8996,6.6465,7.6297
3.5236,12.717,5.2697
10.247,6.4527,12.2
3.4522,12.687,13.149
9.9689,13.184,6.4777
9.9766,12.991,13.515
13.371,3.3181,8.0587
7.0301,9.7648,6.0137
13.106,3.4051,12.934
6.5755,9.4431,1.4897
12.683,9.9366,6.8277
13.192,9.6644,1.1517
12.558,6.0815,4.3777
6.883,14.256,3.5547
14.288,6.7454,10.224
7.086,12.741,10.192
13.693,13.868,3.6757
13.121,1.445,4.0757
7.5732,6.3198,3.5637
12.77,13.121,10.142
6.3103,8.0027,9.9807
6.5755,9.4431,14.376
13.192,9.6644,14.038
0.1841,14.382,-8.9868
0.1841,14.382,3.8993
0,0,0
-0.06364,-6.1235,0.121
-6.3866,-0.0084853,0.102
-0.18455,0.35567,-6.379
0.045255,6.4276,-0.064
-0.18455,0.35567,6.5071
6.75,0.43841,0.258
-0.11314,-6.2381,-5.848
6.3074,0.38749,-6.084
6.3307,-6.0818,-0.044
-6.8031,-5.7675,-0.44155
-6.6503,0.053033,6.0001
0.10677,6.5429,-6.422
0.10677,6.5429,6.4641
6.3074,0.38749,6.8021
-0.11314,-6.2381,7.0381
6.3597,6.9537,-0.269
-6.6063,6.8552,-0.22036
-6.6503,0.053033,-6.886
6.5634,-6.0557,-6.366
-6.562,-6.2293,6.2106
6.5634,-6.0557,6.5201
-6.562,-6.2293,-6.6756
6.6008,6.4919,6.3831
6.6008,6.4919,-6.503
-6.3737,6.8814,6.3438
-6.3737,6.8814,-6.5424
12.76,-0.14123,0.20636
-0.17678,12.796,0.03
-0.4026,-12.862,0.033806
0,0,12.886
0,0,-12.886
-13.34,0.074596,-0.14255
0.169,-12.35,-6.045
-6.4128,-12.283,0.085449
0.169,-12.35,6.8411
-0.06364,-6.1235,-12.765
-12.768,0.58742,-6.2214
-6.3866,-0.0084853,-12.784
6.75,0.43841,-12.628
0.045255,6.4276,12.822
-0.06364,-6.1235,13.007
6.7763,12.713,0.27455
-12.768,0.58742,6.6648
0.045255,6.4276,-12.95
-6.3866,-0.0084853,12.988
6.5505,-12.946,0.27836
12.982,-6.5094,0.11236
-13.118,-6.2936,-0.23655
13.332,0.37159,-5.8724
0.39482,13.309,-6.0488
13.099,6.5977,0.29355
-13.001,6.8135,-0.055357
-6.187,13.375,0.081643
6.75,0.43841,13.144
0.39482,13.309,6.8373
13.332,0.37159,7.0137
-6.8031,-5.7675,12.445
-6.8555,-12.334,-6.2566
6.3307,-6.0818,12.842
-6.8555,-12.334,6.6296
6.2867,-12.884,6.1765
6.5125,12.774,6.1727
6.3307,-6.0818,-12.93
13.05,6.4831,-5.6754
6.3597,6.9537,12.617
-13.056,-6.1783,6.2916
13.044,-6.3942,-6.2456
6.2867,-12.884,-6.7096
6.5125,12.774,-6.7134
-6.6063,6.8552,12.666
-13.05,6.6989,-6.0244
-13.056,-6.1783,-6.5946
13.044,-6.3942,6.6405
-6.8031,-5.7675,-13.328
-6.6296,13.325,-6.2604
6.3597,6.9537,-13.155
-13.05,6.6989,6.8618
-6.6063,6.8552,-13.106
13.05,6.4831,7.2107
-6.6296,13.325,6.6258
12.76,-0.14123,-12.68
-0.17678,12.796,-12.856
-0.17678,12.796,12.916
-0.4026,-12.862,-12.852
-0.4026,-12.862,12.92
12.76,-0.14123,13.092
12.937,-12.937,0.17636
-12.937,12.937,-0.17636
-13.163,-12.721,-0.17255
13.163,12.721,0.17255
-13.34,0.074596,12.744
-13.34,0.074596,-13.029
-6.4128,-12.283,-12.801
12.752,-12.581,-6.2026
-6.4128,-12.283,12.972
12.752,-12.581,6.6835
6.7763,12.713,-12.612
6.5505,-12.946,-12.608
-13.347,-12.366,6.3346
-13.118,-6.2936,12.65
13.099,6.5977,-12.593
-13.347,-12.366,-6.5516
12.982,-6.5094,-12.774
12.978,13.077,-6.2064
12.982,-6.5094,12.998
-13.001,6.8135,12.831
6.7763,12.713,13.161
-6.187,13.375,-12.804
-13.001,6.8135,-12.941
6.5505,-12.946,13.164
-13.118,-6.2936,-13.123
12.978,13.077,6.6797
-6.187,13.375,12.968
13.099,6.5977,13.18
-13.122,13.293,6.3308
-13.122,13.293,-6.5554
12.937,-12.937,-12.71
-12.937,12.937,12.71
-13.163,-12.721,12.714
13.163,12.721,-12.714
12.937,-12.937,13.062
-12.937,12.937,-13.062
-13.163,-12.721,-13.059
13.163,12.721,13.059
