-3.4059,-8.9453,-10.064
-9.2247,-9.1709,-8.8289
-3.379,-9.0938,-3.4577
-9.7472,-3.2743,-3.7407
-3.4059,-8.9453,1.9993
-9.4007,-9.074,-3.9087
-9.2247,-9.1709,3.2343
-3.379,-9.0938,8.6055
-9.7472,-3.2743,8.3225
-9.4007,-9.074,8.1545
8.8974,-9.7827,-9.2109
9.0848,-8.901,-3.0407
8.8974,-9.7827,2.8523
9.0848,-8.901,9.0225
3.2732,-2.8235,-8.3232
-3.2739,2.3886,-9.4172
9.0602,2.9394,-9.8542
-8.6918,-2.366,-9.3702
2.634,-8.8975,-9.7862
-3.4429,-3.3071,-8.9932
9.2115,-2.5307,-9.6562
3.2414,2.7139,-8.6192
2.6248,-3.1212,-3.578
-3.0865,3.2704,-3.247
9.087,2.791,-3.248
2.7188,8.6104,-3.531
3.2732,-2.8235,3.74
-3.2739,2.3886,2.646
9.0602,2.9394,2.209
-8.6918,-2.366,2.693
1.9502,-8.4924,-3.34
-3.7208,-2.9515,-3.946
9.4434,-2.4091,-3.839
3.0653,2.8107,-3.699
2.634,-8.8975,2.277
-3.4429,-3.3071,3.07
9.2115,-2.5307,2.407
3.2414,2.7139,3.444
2.6248,-3.1212,8.4852
-3.0865,3.2704,8.8162
9.087,2.791,8.8152
2.7188,8.6104,8.5322
1.9502,-8.4924,8.7232
-3.7208,-2.9515,8.1172
9.4434,-2.4091,8.2242
3.0653,2.8107,8.3642
-8.8982,9.3479,-8.5295
-9.5374,3.2738,-9.9925
-2.9599,9.6406,-9.8625
-9.5466,9.0502,-3.7843
-8.8982,9.3479,3.5337
-10.221,3.679,-3.5463
-2.7279,9.7622,-4.0453
-9.5374,3.2738,2.0707
-2.9599,9.6406,2.2007
-9.5466,9.0502,8.2789
-10.221,3.679,8.5169
-2.7279,9.7622,8.0179
3.7743,9.5187,-9.1605
9.0231,8.5776,-8.7835
3.7743,9.5187,2.9027
8.7453,8.9333,-3.7363
9.0231,8.5776,3.2797
8.7453,8.9333,8.3269
-3.8521,-10.165,-9.3759
-9.4311,-3.3089,-8.8479
-9.417,-9.1595,-10.313
-3.6095,-9.4558,-2.0157
-10.135,-4.4446,-2.9437
-3.8521,-10.165,2.6873
-9.4311,-3.3089,3.2153
-10.297,-9.61,-2.8097
-9.417,-9.1595,1.7503
-3.6095,-9.4558,10.048
-10.135,-4.4446,9.1195
-10.297,-9.61,9.2535
8.6196,-8.8062,-8.1039
3.5298,-9.1216,-8.6409
9.9482,-3.2533,-8.4319
8.6068,-9.9022,-2.0557
8.6196,-8.8062,3.9593
3.5298,-9.1216,3.4223
9.9482,-3.2533,3.6313
8.6068,-9.9022,10.007
8.614,1.7197,-9.1662
3.0349,8.5758,-8.6382
3.1834,-3.7788,-9.4572
-3.5518,3.3651,-8.3102
-2.0202,-3.7696,-9.1822
-8.6416,3.0498,-8.8472
3.049,2.7252,-10.103
-2.2231,8.918,-8.6382
8.8565,2.4289,-1.806
2.3306,7.4402,-2.734
3.1021,-1.8307,-3.023
-3.5645,2.2691,-2.262
8.614,1.7197,2.897
3.0349,8.5758,3.425
3.1834,-3.7788,2.606
-3.5518,3.3651,3.753
-2.5534,-3.1176,-3.002
2.9154,-8.9117,-2.313
2.1687,2.2748,-2.6
8.6062,-3.6126,-3.653
-2.0202,-3.7696,2.881
-8.6416,3.0498,3.216
3.049,2.7252,1.96
-2.2231,8.918,3.425
8.8565,2.4289,10.257
2.3306,7.4402,9.3292
3.1021,-1.8307,9.0402
-3.5645,2.2691,9.8012
-2.5534,-3.1176,9.0612
2.9154,-8.9117,9.7502
2.1687,2.2748,9.4632
8.6062,-3.6126,8.4102
-8.988,8.3926,-9.6635
-9.0693,10.341,-3.2293
-8.988,8.3926,2.3997
-9.256,3.2597,-2.5193
-3.5652,8.5587,-3.8593
-9.0693,10.341,8.8339
-9.256,3.2597,9.5439
-3.5652,8.5587,8.2039
10.446,8.1151,-8.9725
9.9127,8.7671,-2.7923
10.446,8.1151,3.0907
9.9127,8.7671,9.2709
-9.4205,-11.665,-12.439
-9.6482,-12.263,-6.1919
-3.1803,-12.344,-12.408
-10.07,-7.0198,-12.815
-3.0142,-11.983,-6.8769
-9.2706,-6.2357,-6.3329
-12.896,-9.1525,-12.507
-12.709,-8.9403,-6.6349
-6.6777,-9.3363,-12.419
-11.328,-2.8953,-12.107
-6.025,-9.1079,-7.0469
-11.932,-2.9335,-6.4839
-6.5935,-12.428,-9.5509
-13.397,-6.1671,-9.3109
-13.452,-12.423,-9.4119
-0.78252,-12.177,-9.6119
-7.7518,-6.0051,-9.7299
-9.4205,-11.665,-0.37569
-9.6482,-12.263,5.8713
-3.1803,-12.344,-0.34469
-10.07,-7.0198,-0.75169
-3.0142,-11.983,5.1863
-9.2706,-6.2357,5.7303
-12.896,-9.1525,-0.44369
-12.709,-8.9403,5.4283
-6.6777,-9.3363,-0.35569
-11.328,-2.8953,-0.043689
-6.025,-9.1079,5.0163
-11.932,-2.9335,5.5793
-6.3673,-11.429,-3.6907
-12.869,-5.3751,-3.2997
-6.5935,-12.428,2.5123
-13.397,-6.1671,2.7523
-12.456,-12.097,-3.2947
-6.445,-6.2823,-3.4837
-13.452,-12.423,2.6513
-0.78252,-12.177,2.4513
-7.7518,-6.0051,2.3333
-9.4205,-11.665,11.688
-3.1803,-12.344,11.719
-10.07,-7.0198,11.312
-12.896,-9.1525,11.62
-6.6777,-9.3363,11.708
-11.328,-2.8953,12.02
-6.3673,-11.429,8.3725
-12.869,-5.3751,8.7635
-12.456,-12.097,8.7685
-6.445,-6.2823,8.5795
-12.954,-0.0054108,-9.8182
-12.954,-0.0054108,2.245
3.1112,-12.363,-12.474
8.5623,-5.3478,-12.461
9.1096,-6.3533,-6.1199
9.1902,-13.154,-12.698
11.741,-9.4391,-12.091
11.928,-9.227,-6.2189
5.7614,-9.1612,-11.902
13.309,-3.1819,-11.691
6.0047,-9.3252,-6.2559
12.705,-3.2201,-6.0679
6.115,-11.777,-8.9309
11.241,-6.4537,-8.8949
11.185,-12.709,-8.9959
3.1112,-12.363,-0.41072
8.5623,-5.3478,-0.39772
2.8828,-12.345,-5.3767
9.1096,-6.3533,5.9433
9.1902,-13.154,-0.63472
8.7836,-11.838,-5.6367
11.741,-9.4391,-0.027721
11.928,-9.227,5.8443
5.7614,-9.1612,0.16128
13.309,-3.1819,0.37228
6.0047,-9.3252,5.8073
12.705,-3.2201,5.9953
5.7819,-11.637,-2.9457
11.768,-5.6617,-2.8837
6.115,-11.777,3.1323
11.241,-6.4537,3.1683
5.4022,-7.4062,-3.1397
12.181,-12.383,-2.8787
11.185,-12.709,3.0673
3.1112,-12.363,11.652
8.5623,-5.3478,11.665
2.8828,-12.345,6.6865
9.1902,-13.154,11.428
8.7836,-11.838,6.4265
11.741,-9.4391,12.035
5.7614,-9.1612,12.224
13.309,-3.1819,12.435
5.7819,-11.637,9.1175
11.768,-5.6617,9.1795
5.4022,-7.4062,8.9235
12.181,-12.383,9.1845
-3.1551,-6.0274,-11.786
-9.0602,-0.19163,-12.68
3.0455,0.21991,-12.229
-3.6091,6.8236,-12.667
-2.4756,-6.2374,-7.0782
2.8178,-0.3783,-5.9822
-3.0618,5.8181,-6.3262
3.0087,-6.1964,-12.818
-2.9812,-0.98288,-12.904
9.2857,-0.45962,-12.198
2.3957,4.8649,-12.605
3.5108,-6.6574,-6.2642
9.4519,-0.098288,-6.6672
3.1954,5.6491,-6.1232
0.13081,-9.2864,-12.393
-6.6609,-3.4931,-13.286
5.8039,-3.2258,-13.707
-0.42992,2.7323,-12.297
-0.31891,-9.3133,-6.6962
-5.7141,-3.5815,-6.4062
-0.24324,2.9444,-6.4252
0.47305,-3.1247,-12.411
-6.4099,3.0102,-12.108
5.7884,2.5484,-12.209
1.1377,8.9894,-11.897
-0.49497,-3.1594,-6.1572
-6.1667,2.8461,-6.4622
6.441,2.7768,-6.8372
0.53387,8.9513,-6.2742
0.75802,-5.7714,-8.8852
-6.0564,0.39386,-9.1372
5.8725,-0.54377,-9.3412
-0.93055,5.7177,-9.1012
6.2494,-5.2001,-9.5902
-0.98641,-0.53811,-9.2022
11.684,-0.29204,-9.4022
4.7143,5.8796,-9.5202
-3.1551,-6.0274,0.277
-9.0602,-0.19163,-0.617
3.0455,0.21991,-0.166
-3.6091,6.8236,-0.604
-2.4756,-6.2374,4.985
-9.2886,-0.17395,-5.583
2.8178,-0.3783,6.081
-3.0618,5.8181,5.737
3.0087,-6.1964,-0.755
-2.9812,-0.98288,-0.841
9.2857,-0.45962,-0.135
2.3957,4.8649,-0.542
3.5108,-6.6574,5.799
-3.3877,0.33305,-5.843
9.4519,-0.098288,5.396
3.1954,5.6491,5.94
0.13081,-9.2864,-0.33
-6.6609,-3.4931,-1.223
5.8039,-3.2258,-1.644
-0.42992,2.7323,-0.234
-0.31891,-9.3133,5.367
-5.7141,-3.5815,5.657
6.2232,-3.071,-5.748
-0.24324,2.9444,5.638
0.47305,-3.1247,-0.348
-6.4099,3.0102,-0.045
5.7884,2.5484,-0.146
1.1377,8.9894,0.166
-0.49497,-3.1594,5.906
-6.1667,2.8461,5.601
6.441,2.7768,5.226
0.53387,8.9513,5.789
-0.99631,-6.1271,-3.417
-6.3894,0.53457,-3.152
6.0988,0.45608,-3.481
-0.40305,6.5096,-3.09
0.75802,-5.7714,3.178
-6.0564,0.39386,2.926
5.8725,-0.54377,2.722
-0.93055,5.7177,2.962
-6.7691,4.7652,-3.346
0.0098995,-0.21213,-3.085
-0.11738,-11.837,-3.401
6.021,5.6024,-3.274
6.2494,-5.2001,2.473
-0.98641,-0.53811,2.861
11.684,-0.29204,2.661
4.7143,5.8796,2.543
-3.1551,-6.0274,12.34
-9.0602,-0.19163,11.446
3.0455,0.21991,11.897
-3.6091,6.8236,11.459
-9.2886,-0.17395,6.4802
3.0087,-6.1964,11.308
-2.9812,-0.98288,11.222
9.2857,-0.45962,11.928
2.3957,4.8649,11.521
-3.3877,0.33305,6.2202
0.13081,-9.2864,11.733
-6.6609,-3.4931,10.84
5.8039,-3.2258,10.419
-0.42992,2.7323,11.829
6.2232,-3.071,6.3152
0.47305,-3.1247,11.715
-6.4099,3.0102,12.018
5.7884,2.5484,11.917
1.1377,8.9894,12.229
-0.99631,-6.1271,8.6462
-6.3894,0.53457,8.9112
6.0988,0.45608,8.5822
-0.40305,6.5096,8.9732
-6.7691,4.7652,8.7172
0.0098995,-0.21213,8.9782
-0.11738,-11.837,8.6622
6.021,5.6024,8.7892
-9.1258,12.391,-12.435
-9.3535,11.793,-6.1885
-9.1626,5.975,-13.024
-2.8856,11.712,-12.404
-8.6606,5.5139,-6.4705
-2.7195,12.073,-6.8735
-12.041,2.8849,-12.599
-12.49,2.858,-6.9025
-11.698,9.0466,-12.617
-12.666,9.012,-6.3635
-11.413,6.3999,-9.0915
-6.2988,11.628,-9.5475
-5.9219,6.9713,-9.7965
-13.158,11.633,-9.4085
-0.48783,11.879,-9.6085
-9.1258,12.391,-0.37228
-9.3535,11.793,5.8747
-9.1626,5.975,-0.96128
-2.8856,11.712,-0.34128
-8.6606,5.5139,5.5927
-2.7195,12.073,5.1897
-12.041,2.8849,-0.53628
-6.3674,8.9455,-1.8503
-12.49,2.858,5.1607
-5.9481,9.1004,-5.9543
-11.698,9.0466,-0.55428
-12.666,9.012,5.6997
-13.168,6.0443,-3.6233
-6.0726,12.627,-3.6873
-11.413,6.3999,2.9717
-6.2988,11.628,2.5157
-12.161,11.959,-3.2913
-12.289,0.33439,-3.6073
-5.9219,6.9713,2.2667
-13.158,11.633,2.6547
-0.48783,11.879,2.4547
-9.1258,12.391,11.691
-9.1626,5.975,11.102
-2.8856,11.712,11.722
-12.041,2.8849,11.527
-6.3674,8.9455,10.213
-5.9481,9.1004,6.1089
-11.698,9.0466,11.509
-13.168,6.0443,8.4399
-6.0726,12.627,8.3759
-12.161,11.959,8.7719
-12.289,0.33439,8.4559
9.3109,5.8574,-11.577
3.4059,11.693,-12.471
9.9905,5.6473,-6.8685
9.4849,10.902,-12.695
12.597,2.5983,-12.184
5.8051,8.3916,-13.077
12.147,2.5714,-6.4865
6.7519,8.3032,-6.1965
12.939,8.76,-12.202
11.971,8.7254,-5.9475
13.224,6.1133,-8.6755
6.4097,12.279,-8.9275
11.48,11.347,-8.9925
9.3109,5.8574,0.48669
3.4059,11.693,-0.40731
9.9905,5.6473,5.1947
3.1775,11.711,-5.3733
9.4849,10.902,-0.63131
9.0783,12.218,-5.6333
12.597,2.5983,-0.12031
5.8051,8.3916,-1.0133
12.147,2.5714,5.5767
6.7519,8.3032,5.8667
12.939,8.76,-0.13831
11.971,8.7254,6.1157
11.47,5.7576,-3.2073
6.0766,12.419,-2.9423
13.224,6.1133,3.3877
6.4097,12.279,3.1357
12.476,11.673,-2.8753
12.349,0.047762,-3.1913
11.48,11.347,3.0707
9.3109,5.8574,12.55
3.4059,11.693,11.656
3.1775,11.711,6.6899
9.4849,10.902,11.432
9.0783,12.218,6.4299
12.597,2.5983,11.943
5.8051,8.3916,11.05
12.939,8.76,11.925
11.47,5.7576,8.8559
6.0766,12.419,9.1209
12.476,11.673,9.1879
12.349,0.047762,8.8719
0.17731,12.219,-3.3976
0.17731,12.219,8.6656
12.614,11.704,9.0449
0,0,0
-0.20506,-0.26446,5.739
6.0104,-0.36204,0.053
0.10182,-6.0811,0.067
-6.1405,-0.71276,-0.666
-0.20506,-0.26446,-6.3242
-0.03677,6.4389,0.265
0.36487,5.7276,-5.9842
-5.9644,-0.1591,5.768
0.36487,5.7276,6.079
6.1151,5.8577,-0.151
6.1886,-5.9157,-0.308
-5.9828,6.2557,-0.51428
-5.9644,-0.1591,-6.2952
6.511,-0.22627,5.789
-6.351,-6.0271,-0.36069
0.043134,-6.4538,-5.969
0.043134,-6.4538,6.0942
6.511,-0.22627,-6.2742
-5.9064,5.9375,5.7507
-5.2093,-6.5414,5.869
-5.2093,-6.5414,-6.1942
-5.9064,5.9375,-6.3125
6.265,-6.2339,5.957
6.265,-6.2339,-6.1062
7.2568,5.3433,-5.9845
7.2568,5.3433,6.0787
0.23664,11.502,-0.24831
0,0,-12.063
0,0,12.063
-12.229,-0.38254,-0.458
12.408,-0.66917,-0.042032
-0.058058,-12.554,-0.25172
6.3255,11.172,-0.45631
-6.1405,-0.71276,11.397
0.63262,11.638,-5.9015
0.63262,11.638,6.1617
-11.833,-0.24678,5.952
-11.833,-0.24678,-6.1112
-6.1609,11.809,-0.15328
12.135,-5.7324,0.47128
6.0104,-0.36204,-12.01
-0.03677,6.4389,-11.798
0.10182,-6.0811,-11.996
-12.07,6.0902,-0.13928
6.0104,-0.36204,12.116
0.10182,-6.0811,12.13
-12.503,-5.4458,0.055311
0.33792,-12.418,-5.9049
-6.4556,-12.247,-0.15669
12.568,5.8036,0.27669
0.33792,-12.418,6.1583
-0.03677,6.4389,12.328
12.804,-0.5334,-5.6952
-6.1405,-0.71276,-12.729
6.0308,-12.884,-0.45972
12.804,-0.5334,6.368
-5.6603,11.945,5.5827
-5.9828,6.2557,11.549
6.1886,-5.9157,11.755
-5.955,-12.111,5.5793
6.1151,5.8577,11.912
-6.351,-6.0271,11.703
-12.128,5.7176,5.8879
6.5016,11.726,5.9777
-5.6603,11.945,-6.4805
6.5016,11.726,-6.0855
-12.128,5.7176,-6.1753
-12.101,-6.1572,5.8693
12.509,5.431,-5.7593
6.1151,5.8577,-12.214
-12.101,-6.1572,-6.1939
-5.955,-12.111,-6.4839
12.509,5.431,6.3039
6.2069,-12.33,5.9743
6.1886,-5.9157,-12.371
6.2069,-12.33,-6.0889
-6.351,-6.0271,-12.424
12.536,-6.4438,-5.7779
-5.9828,6.2557,-12.577
12.536,-6.4438,6.2853
0.23664,11.502,11.815
0.23664,11.502,-12.312
-12.229,-0.38254,11.605
12.171,-12.171,0.20628
-12.171,12.171,-0.20628
-12.466,-11.885,-0.20969
12.466,11.885,0.20969
-0.058058,-12.554,11.811
12.408,-0.66917,12.021
6.3255,11.172,11.607
12.408,-0.66917,-12.105
-12.229,-0.38254,-12.521
-0.058058,-12.554,-12.315
12.135,-5.7324,-11.592
-6.1609,11.809,11.91
12.261,11.62,5.9487
6.3255,11.172,-12.52
12.261,11.62,-6.1145
-12.07,6.0902,11.924
-12.376,11.907,5.5327
-6.1609,11.809,-12.216
-12.503,-5.4458,-12.008
12.568,5.8036,-11.787
-12.07,6.0902,-12.202
-12.503,-5.4458,12.119
11.966,-12.436,5.9453
-6.4556,-12.247,11.907
11.966,-12.436,-6.1179
6.0308,-12.884,11.603
12.135,-5.7324,12.534
-12.376,11.907,-6.5305
-12.671,-12.149,5.5293
-6.4556,-12.247,-12.22
12.568,5.8036,12.34
-12.671,-12.149,-6.5339
6.0308,-12.884,-12.523
12.171,-12.171,-11.857
-12.171,12.171,11.857
-12.466,-11.885,11.854
12.466,11.885,-11.854
12.171,-12.171,12.269
-12.171,12.171,-12.269
-12.466,-11.885,-12.273
12.466,11.885,12.273
