-10.066,-9.4084,-10.31
-3.6487,-9.3377,-10.215
-10.455,-3.0494,-10.432
-10.598,-9.4749,-3.7346
-10.066,-9.4084,2.5764
-3.793,-9.3844,-3.7686
-10.271,-2.9391,-3.8906
-3.6487,-9.3377,2.6714
-10.455,-3.0494,2.4544
-10.598,-9.4749,9.1516
-3.793,-9.3844,9.1176
-10.271,-2.9391,8.9956
9.4065,-9.8053,-9.9208
9.2396,-9.6681,-3.4306
9.4065,-9.8053,2.9654
9.2396,-9.6681,9.4555
3.1084,-9.4908,-10.154
-3.4783,-3.2081,-10.148
9.5763,-3.0229,-10.155
3.0964,3.3128,-10.137
2.7549,-3.0872,-10.24
-3.5306,3.1318,-10.097
9.5141,3.3835,-10.042
2.7082,9.6718,-10.259
2.7047,-9.5707,-3.742
-3.5688,-3.0964,-3.699
9.401,-3.1982,-3.853
2.5647,3.2463,-3.562
3.1084,-9.4908,2.732
-3.4783,-3.2081,2.738
9.5763,-3.0229,2.731
3.0964,3.3128,2.749
3.0285,-3.0978,-3.752
-3.6975,3.269,-3.607
9.3699,3.3368,-3.596
2.8921,9.7821,-3.718
2.7549,-3.0872,2.646
-3.5306,3.1318,2.789
9.5141,3.3835,2.844
2.7082,9.6718,2.627
2.7047,-9.5707,9.1441
-3.5688,-3.0964,9.1871
9.401,-3.1982,9.0331
2.5647,3.2463,9.3241
3.0285,-3.0978,9.1341
-3.6975,3.269,9.2791
9.3699,3.3368,9.2901
2.8921,9.7821,9.1681
-9.8286,3.4463,-10.33
-3.3607,9.9142,-10.331
-10.182,9.8498,-10.416
-10.232,3.3663,-3.9184
-3.5361,9.7388,-4.0294
-9.8286,3.4463,2.5556
-3.3607,9.9142,2.5546
-9.9085,9.8392,-3.9284
-10.182,9.8498,2.4696
-10.232,3.3663,8.9678
-3.5361,9.7388,8.8568
-9.9085,9.8392,8.9578
9.6846,9.5131,-9.9756
9.5941,9.6248,-3.5264
9.6846,9.5131,2.9106
9.5941,9.6248,9.3597
-9.57,-9.4622,-8.8987
-9.7822,-9.4749,-2.4786
-9.57,-9.4622,3.9874
-9.7822,-9.4749,10.408
9.9721,-9.7317,-8.5388
3.3918,-9.7077,-8.5698
9.9021,-3.2864,-8.5848
9.7388,-9.7261,-2.0216
9.9721,-9.7317,4.3474
3.5827,-9.6893,-2.5496
10.338,-3.4957,-2.7266
3.3918,-9.7077,4.3164
9.9021,-3.2864,4.3014
9.7388,-9.7261,10.864
3.5827,-9.6893,10.336
10.338,-3.4957,10.159
-2.8581,-9.594,-8.6591
-9.0071,-3.3517,-9.4061
3.9506,-3.2237,-9.3481
-2.9649,3.2053,-8.7151
-2.9352,-3.1784,-8.7541
-9.5452,3.2294,-8.7461
3.5928,3.2591,-8.7261
-3.0349,9.6506,-8.7611
-3.1084,-9.6308,-2.174
-9.6386,-3.1813,-2.281
3.5327,-3.1608,-2.345
-3.1982,3.211,-2.198
-2.8581,-9.594,4.227
-9.0071,-3.3517,3.48
3.9506,-3.2237,3.538
-2.9649,3.2053,4.171
-2.984,-3.2371,-2.33
-9.3543,3.2477,-2.726
3.3807,3.2463,-2.306
-2.5993,9.4413,-2.903
-2.9352,-3.1784,4.132
-9.5452,3.2294,4.14
3.5928,3.2591,4.16
-3.0349,9.6506,4.125
-3.1084,-9.6308,10.712
-9.6386,-3.1813,10.605
3.5327,-3.1608,10.541
-3.1982,3.211,10.688
-2.984,-3.2371,10.556
-9.3543,3.2477,10.16
3.3807,3.2463,10.58
-2.5993,9.4413,9.9831
-8.9864,9.7133,-9.5245
-9.4043,9.7763,-2.5214
-8.9864,9.7133,3.3616
-9.4043,9.7763,10.365
10.305,3.1272,-8.4866
4.1557,9.3695,-9.2336
10.228,9.5428,-8.5816
10.054,3.0904,-2.0014
3.5243,9.5399,-2.1084
10.305,3.1272,4.3996
4.1557,9.3695,3.6526
10.179,9.4841,-2.1574
10.228,9.5428,4.3046
10.054,3.0904,10.885
3.5243,9.5399,10.778
10.179,9.4841,10.729
-9.9759,-12.6,-13.543
-9.8345,-12.627,-6.9657
-3.4564,-12.579,-13.433
-10.037,-6.3092,-13.509
-3.351,-12.543,-7.0797
-9.9073,-6.2144,-7.0247
-13.294,-9.4982,-13.363
-13.084,-9.5237,-6.8917
-6.7925,-9.4325,-13.026
-13.318,-3.113,-13.182
-6.5344,-9.4501,-7.0607
-13.128,-3.0961,-7.0047
-7.2564,-13.066,-10.069
-13.787,-6.3233,-10.055
-13.713,-12.806,-10.094
-0.54737,-12.494,-10.029
-7.1935,-5.9627,-10.024
-9.9759,-12.6,-0.65655
-9.8345,-12.627,5.9204
-3.4564,-12.579,-0.54655
-10.037,-6.3092,-0.62255
-3.351,-12.543,5.8064
-9.9073,-6.2144,5.8614
-13.294,-9.4982,-0.47655
-13.084,-9.5237,5.9944
-6.7925,-9.4325,-0.13955
-13.318,-3.113,-0.29555
-6.5344,-9.4501,5.8254
-13.128,-3.0961,5.8814
-7.1263,-12.353,-3.5496
-13.881,-6.2625,-3.6066
-7.2564,-13.066,2.8174
-13.787,-6.3233,2.8314
-13.814,-12.596,-3.6296
-0.82879,-12.788,-3.6266
-7.3469,-6.5828,-3.6166
-13.713,-12.806,2.7924
-0.54737,-12.494,2.8574
-7.1935,-5.9627,2.8624
-9.9759,-12.6,12.23
-3.4564,-12.579,12.34
-10.037,-6.3092,12.264
-13.294,-9.4982,12.41
-6.7925,-9.4325,12.747
-13.318,-3.113,12.591
-7.1263,-12.353,9.3366
-13.881,-6.2625,9.2796
-13.814,-12.596,9.2566
-0.82879,-12.788,9.2596
-7.3469,-6.5828,9.2696
-13.484,0.44281,-10.205
-13.766,0.14866,-3.8029
-13.484,0.44281,2.6811
-13.766,0.14866,9.0832
3.0736,-12.902,-13.171
9.5323,-6.4592,-13.142
3.2016,-12.944,-6.6488
9.6398,-6.6007,-6.7338
9.5769,-12.984,-13.184
9.6985,-12.856,-6.7408
12.806,-9.714,-13.014
13.016,-9.7395,-6.5428
6.2909,-9.7855,-12.658
12.781,-3.3289,-12.833
6.4833,-9.7742,-6.7968
12.972,-3.3119,-6.6558
5.7783,-13.285,-9.7278
12.313,-6.5391,-9.7058
12.387,-13.022,-9.7448
3.0736,-12.902,-0.28464
9.5323,-6.4592,-0.25564
3.2016,-12.944,6.2374
9.6398,-6.6007,6.1524
9.5769,-12.984,-0.29764
9.6985,-12.856,6.1454
12.806,-9.714,-0.12764
13.016,-9.7395,6.3434
6.2909,-9.7855,0.22836
12.781,-3.3289,0.053357
6.4833,-9.7742,6.0894
12.972,-3.3119,6.2304
5.8391,-12.681,-3.2136
12.219,-6.4783,-3.2576
5.7783,-13.285,3.1584
12.313,-6.5391,3.1804
12.286,-12.812,-3.2806
12.387,-13.022,3.1414
3.0736,-12.902,12.601
9.5323,-6.4592,12.63
9.5769,-12.984,12.588
12.806,-9.714,12.758
6.2909,-9.7855,13.114
12.781,-3.3289,12.939
5.8391,-12.681,9.6725
12.219,-6.4783,9.6285
12.286,-12.812,9.6055
-3.3227,-6.3081,-13.29
-9.8634,0.034648,-13.347
3.1869,0.12092,-13.37
-3.4047,6.4778,-13.318
-3.1551,-6.412,-6.9421
-9.7354,-0.0070711,-6.8251
3.3284,0.094045,-6.7931
-3.2972,6.3364,-6.9101
3.2576,-6.3534,-13.328
-3.3602,-0.046669,-13.36
9.7065,0.14213,-13.26
3.1254,6.412,-13.336
3.375,-6.2841,-6.8211
-3.2385,0.08061,-6.9171
9.8118,0.17819,-6.9071
3.2555,6.5068,-6.8521
0.0035355,-9.6188,-13.372
-6.5457,-3.2647,-13.41
6.5987,-3.1509,-13.451
-0.13152,3.223,-13.19
0.13081,-9.623,-6.6011
-6.4778,-3.2421,-6.4601
6.5726,-3.1629,-6.4361
0.079196,3.1975,-6.7191
0.03182,-3.2067,-13.256
-6.6461,3.1516,-12.834
6.3703,3.2888,-12.853
-0.15556,9.6082,-13.009
0.076368,-3.2074,-6.8211
-6.4538,3.1629,-6.9731
6.6284,3.2711,-6.8881
0.035355,9.6251,-6.8321
-0.3882,-6.4919,-9.9271
-7.1587,-0.3479,-9.9041
5.9065,-0.34436,-9.8961
-0.62367,6.3979,-9.8821
6.0882,-5.9878,-9.8321
-0.55013,-0.084853,-9.9211
12.615,0.22698,-9.8561
5.9694,6.7585,-9.8511
-3.3227,-6.3081,-0.404
-9.8634,0.034648,-0.461
3.1869,0.12092,-0.484
-3.4047,6.4778,-0.432
-3.1551,-6.412,5.944
-9.7354,-0.0070711,6.061
3.3284,0.094045,6.093
-3.2972,6.3364,5.976
3.2576,-6.3534,-0.442
-3.3602,-0.046669,-0.474
9.7065,0.14213,-0.374
3.1254,6.412,-0.45
3.375,-6.2841,6.065
-3.2385,0.08061,5.969
9.8118,0.17819,5.979
3.2555,6.5068,6.034
0.0035355,-9.6188,-0.486
-6.5457,-3.2647,-0.524
6.5987,-3.1509,-0.565
-0.13152,3.223,-0.304
0.13081,-9.623,6.285
-6.4778,-3.2421,6.426
6.5726,-3.1629,6.45
0.079196,3.1975,6.167
0.03182,-3.2067,-0.37
-6.6461,3.1516,0.052
6.3703,3.2888,0.033
-0.15556,9.6082,-0.123
0.076368,-3.2074,6.065
-6.4538,3.1629,5.913
6.6284,3.2711,5.998
0.035355,9.6251,6.054
-0.70994,-6.3922,-3.445
-7.0979,0.25597,-3.39
6.0366,0.3684,-3.377
-0.71842,6.4587,-3.434
-0.3882,-6.4919,2.959
-7.1587,-0.3479,2.982
5.9065,-0.34436,2.99
-0.62367,6.3979,3.004
5.9715,-6.68,-3.43
-0.65125,0.12516,-3.457
12.334,-0.067175,-3.454
5.816,6.1384,-3.444
6.0882,-5.9878,3.054
-0.55013,-0.084853,2.965
12.615,0.22698,3.03
5.9694,6.7585,3.035
-3.3227,-6.3081,12.482
-9.8634,0.034648,12.425
3.1869,0.12092,12.402
-3.4047,6.4778,12.454
3.2576,-6.3534,12.444
-3.3602,-0.046669,12.412
9.7065,0.14213,12.512
3.1254,6.412,12.436
0.0035355,-9.6188,12.4
-6.5457,-3.2647,12.362
6.5987,-3.1509,12.321
-0.13152,3.223,12.582
0.03182,-3.2067,12.516
-6.6461,3.1516,12.938
6.3703,3.2888,12.919
-0.15556,9.6082,12.763
-0.70994,-6.3922,9.4411
-7.0979,0.25597,9.4961
6.0366,0.3684,9.5091
-0.71842,6.4587,9.4521
5.9715,-6.68,9.4561
-0.65125,0.12516,9.4291
12.334,-0.067175,9.4321
5.816,6.1384,9.4421
-9.7501,13.058,-13.546
-9.6087,13.031,-6.9695
-9.6794,6.5837,-13.504
-3.2306,13.079,-13.436
-9.562,6.653,-6.9975
-3.1252,13.115,-7.0835
-12.934,3.3183,-13.548
-6.3383,9.7862,-13.627
-12.806,3.314,-6.7775
-6.3645,9.7742,-6.6125
-12.905,9.7303,-13.432
-12.861,9.7296,-6.9975
-13.325,6.4451,-10.103
-7.0306,12.593,-10.072
-6.8488,6.9493,-10.008
-13.487,12.852,-10.097
-0.32155,13.164,-10.032
-9.7501,13.058,-0.66036
-9.6087,13.031,5.9166
-9.6794,6.5837,-0.61836
-3.2306,13.079,-0.55036
-9.562,6.653,5.8886
-3.1252,13.115,5.8026
-12.934,3.3183,-0.66236
-6.3383,9.7862,-0.74136
-12.806,3.314,6.1086
-6.3645,9.7742,6.2736
-12.905,9.7303,-0.54636
-12.861,9.7296,5.8886
-13.647,6.5448,-3.6214
-6.9005,13.305,-3.5534
-13.325,6.4451,2.7826
-7.0306,12.593,2.8136
-6.9655,6.257,-3.6064
-13.588,13.062,-3.6334
-0.60298,12.87,-3.6304
-6.8488,6.9493,2.8776
-13.487,12.852,2.7886
-0.32155,13.164,2.8536
-9.7501,13.058,12.226
-9.6794,6.5837,12.268
-3.2306,13.079,12.336
-12.934,3.3183,12.224
-6.3383,9.7862,12.145
-12.905,9.7303,12.34
-13.647,6.5448,9.2648
-6.9005,13.305,9.3328
-6.9655,6.257,9.2798
-13.588,13.062,9.2528
-0.60298,12.87,9.2558
9.8402,6.4131,-13.118
3.2994,12.756,-13.175
10.008,6.3092,-6.7696
3.4274,12.714,-6.6526
9.8027,12.675,-13.188
9.9243,12.802,-6.7446
13.166,3.1024,-13.2
6.6172,9.4565,-13.238
13.294,3.0982,-6.4286
6.6851,9.4791,-6.2876
13.195,9.5145,-13.084
13.239,9.5138,-6.6486
12.775,6.2293,-9.7546
6.0041,12.373,-9.7316
12.613,12.636,-9.7486
9.8402,6.4131,-0.23145
3.2994,12.756,-0.28845
10.008,6.3092,6.1166
3.4274,12.714,6.2336
9.8027,12.675,-0.30145
9.9243,12.802,6.1416
13.166,3.1024,-0.31345
6.6172,9.4565,-0.35145
13.294,3.0982,6.4576
6.6851,9.4791,6.5986
13.195,9.5145,-0.19745
13.239,9.5138,6.2376
12.453,6.329,-3.2724
6.0649,12.977,-3.2174
12.775,6.2293,3.1316
6.0041,12.373,3.1546
12.512,12.846,-3.2844
12.613,12.636,3.1376
9.8402,6.4131,12.655
3.2994,12.756,12.598
9.8027,12.675,12.585
13.166,3.1024,12.573
6.6172,9.4565,12.535
13.195,9.5145,12.689
12.453,6.329,9.6137
6.0649,12.977,9.6687
12.512,12.846,9.6017
0,0,0
-0.077075,6.3774,0.053
0.1591,-0.047376,-6.4021
0.059397,-6.4743,-0.015
0.1591,-0.047376,6.484
6.5294,-0.0042426,0.032
-6.5542,-0.11667,0.024
0.18738,-6.4241,-6.3821
-6.4375,-0.070711,-6.3721
0.10112,6.376,-6.4361
0.10112,6.376,6.45
6.4276,6.463,0.037
-6.5627,6.3364,0.07
0.18738,-6.4241,6.504
-6.4375,-0.070711,6.514
6.3744,-6.6007,0.24636
6.6228,0.024042,-6.3631
-6.7353,-6.2583,-0.13555
6.6228,0.024042,6.523
-6.5719,-6.3014,6.3254
-6.4835,6.3081,-6.4301
-6.4835,6.3081,6.456
6.4536,-6.6289,-6.2538
6.5909,6.4198,-6.3881
-6.5719,-6.3014,-6.5607
6.5909,6.4198,6.498
6.4536,-6.6289,6.6324
0.12098,12.584,0.22555
0,0,-12.886
0,0,12.886
-13.042,-0.13718,0.053
13.058,-0.35301,0.40191
-0.10484,-13.074,0.22936
6.6087,12.605,0.19655
0.049497,12.76,-6.4271
0.049497,12.76,6.459
-0.077075,6.3774,-12.833
-6.6334,-12.725,-0.14055
0.059397,-6.4743,12.871
-12.878,6.4628,-0.19136
-0.17632,-12.898,-6.4233
12.987,-0.17659,-6.2508
6.5294,-0.0042426,-12.854
-0.077075,6.3774,12.939
-0.17632,-12.898,6.4628
-6.4076,12.933,-0.14436
0.059397,-6.4743,-12.901
-6.5542,-0.11667,-12.862
12.86,-6.5596,0.22936
6.5294,-0.0042426,12.918
-6.5542,-0.11667,12.91
6.3829,-13.054,0.20036
-13.113,0.03924,6.2864
12.987,-0.17659,6.6354
13.222,6.2469,0.15755
-13.113,0.03924,-6.5997
-13.24,-6.3438,-0.11955
6.7254,12.65,-6.1996
6.3744,-6.6007,-12.64
-6.5401,-12.697,6.3504
-12.75,6.513,6.3276
-6.5401,-12.697,-6.5357
-6.7353,-6.2583,12.751
-6.5627,6.3364,-12.816
-12.75,6.513,-6.5585
-6.3143,12.961,6.3466
6.4276,6.463,-12.849
6.4995,-13.008,-6.1958
6.7254,12.65,6.6866
6.4276,6.463,12.923
-13.062,-6.3452,6.2774
-6.3143,12.961,-6.5395
-6.5627,6.3364,12.956
13.038,-6.5611,-6.2598
-6.7353,-6.2583,-13.022
-13.062,-6.3452,-6.6087
6.4995,-13.008,6.6904
13.35,6.2971,-6.2096
6.3744,-6.6007,13.132
13.038,-6.5611,6.6264
13.35,6.2971,6.6766
0.12098,12.584,-12.661
13.058,-0.35301,-12.484
0.12098,12.584,13.112
-0.10484,-13.074,-12.657
12.937,-12.937,0.17636
-12.937,12.937,-0.17636
-13.042,-0.13718,-12.833
-13.163,-12.721,-0.17255
13.163,12.721,0.17255
-13.042,-0.13718,12.939
-0.10484,-13.074,13.115
13.058,-0.35301,13.288
6.6087,12.605,-12.69
-6.6334,-12.725,12.746
12.86,-6.5596,-12.657
-12.878,6.4628,12.695
-12.778,12.89,6.3076
-6.4076,12.933,12.742
-13.004,-12.769,6.3114
6.3829,-13.054,-12.686
-12.778,12.89,-6.5785
6.6087,12.605,13.083
-13.004,-12.769,-6.5747
-6.6334,-12.725,-13.027
13.222,6.2469,-12.729
13.322,12.674,-6.2296
-6.4076,12.933,-13.03
-13.24,-6.3438,12.767
-12.878,6.4628,-13.077
13.096,-12.984,-6.2258
12.86,-6.5596,13.115
6.3829,-13.054,13.086
13.322,12.674,6.6566
13.222,6.2469,13.044
13.096,-12.984,6.6604
-13.24,-6.3438,-13.006
12.937,-12.937,-12.71
-12.937,12.937,12.71
-13.163,-12.721,12.714
13.163,12.721,-12.714
12.937,-12.937,13.062
-12.937,12.937,-13.062
13.163,12.721,13.059
-13.163,-12.721,-13.059
