-2.9972,-9.6425,-8.4759
-8.8457,-8.9686,-9.5279
-2.9972,-9.6425,3.5873
-9.4135,-8.8915,-3.5297
-8.8457,-8.9686,2.5353
-9.4135,-8.8915,8.5335
9.1117,-10.223,-9.0229
8.896,-9.9426,-1.7847
9.1117,-10.223,3.0403
2.3185,-10.289,-2.5337
9.8273,-3.114,-2.7947
8.896,-9.9426,10.278
2.3185,-10.289,9.5295
9.8273,-3.114,9.2685
3.0879,-3.1685,-9.8902
-3.0597,1.9481,-9.2292
9.4689,2.2422,-8.2662
-8.8367,-2.9479,-8.5312
2.7549,-8.9817,-8.5412
-3.0505,-3.1141,-8.8162
9.2992,-3.2039,-9.1602
3.6204,2.9161,-9.3182
2.6771,-3.165,-3.208
-3.2753,2.2288,-1.991
-3.3877,-8.5921,-2.879
-8.9237,-3.1537,-1.895
3.0879,-3.1685,2.173
-3.0597,1.9481,2.834
9.4689,2.2422,3.797
-8.8367,-2.9479,3.532
-9.8528,1.8823,-2.74
-3.363,-3.3545,-3.319
-2.3441,9.0573,-3.001
3.0526,2.9932,-3.32
2.7549,-8.9817,3.522
-3.0505,-3.1141,3.247
9.2992,-3.2039,2.903
3.6204,2.9161,2.745
2.6771,-3.165,8.8552
-3.2753,2.2288,10.072
-3.3877,-8.5921,9.1842
-8.9237,-3.1537,10.168
-9.8528,1.8823,9.3232
-3.363,-3.3545,8.7442
-2.3441,9.0573,9.0622
3.0526,2.9932,8.7432
-9.0834,9.0028,-10.096
-9.4165,3.1897,-8.7475
-2.8722,8.9675,-9.3665
-9.4942,9.0063,-3.4143
-9.0834,9.0028,1.9667
-9.4165,3.1897,3.3157
-2.8722,8.9675,2.6967
-9.4942,9.0063,8.6489
3.6293,8.9368,-8.3215
9.4156,8.7706,-8.6065
9.0783,3.2927,-2.6693
3.5424,8.731,-1.6853
3.6293,8.9368,3.7417
9.103,8.5302,-3.1093
9.4156,8.7706,3.4567
9.0783,3.2927,9.3939
3.5424,8.731,10.378
9.103,8.5302,8.9539
-9.7204,-3.9658,-9.1579
-9.3003,-9.5916,-8.2409
-9.965,-3.147,-3.3607
-9.7204,-3.9658,2.9053
-9.0726,-8.2297,-2.2477
-9.3003,-9.5916,3.8223
-9.965,-3.147,8.7025
-9.0726,-8.2297,9.8155
10.37,-10.097,-8.2319
3.0164,-10.058,-7.1819
8.9823,-4.6223,-7.9659
8.1444,-9.5614,-3.0317
10.37,-10.097,3.8313
3.6444,-10.724,-1.9567
3.0164,-10.058,4.8813
8.9823,-4.6223,4.0973
8.1444,-9.5614,9.0315
3.6444,-10.724,10.106
-3.013,-8.7632,-9.1672
2.7457,7.9189,-8.9482
3.334,-2.8518,-8.4652
-1.8017,2.0747,-8.4382
-2.0591,-2.011,-9.0892
-9.1549,2.1135,-7.3882
3.1657,2.2931,-8.0312
-3.1891,7.5491,-8.1722
-2.4883,-9.0757,-1.772
2.501,8.7377,-3.151
2.5124,-2.88,-1.742
-4.027,2.6099,-3.238
-3.013,-8.7632,2.896
2.7457,7.9189,3.115
3.334,-2.8518,3.598
-1.8017,2.0747,3.625
-2.6828,-3.5695,-1.992
-8.527,1.4474,-2.163
3.3934,3.655,-2.038
8.8056,-3.3807,-2.571
-2.0591,-2.011,2.974
-9.1549,2.1135,4.675
3.1657,2.2931,4.032
-3.1891,7.5491,3.891
-2.4883,-9.0757,10.291
2.501,8.7377,8.9122
2.5124,-2.88,10.321
-4.027,2.6099,8.8252
-2.6828,-3.5695,10.071
-8.527,1.4474,9.9002
3.3934,3.655,10.025
8.8056,-3.3807,9.4922
-8.8373,9.3196,-8.6715
-9.659,9.2913,-1.9483
-8.8373,9.3196,3.3917
-3.3658,8.7907,-2.7773
-9.659,9.2913,10.115
-3.3658,8.7907,9.2859
9.4531,3.1216,-8.9575
10.407,9.8737,-8.8795
9.9777,2.809,-1.5623
9.4531,3.1216,3.1057
9.7833,8.3153,-1.7823
10.407,9.8737,3.1837
9.9777,2.809,10.501
9.7833,8.3153,10.281
-0.14691,-12.887,-2.7124
-0.14691,-12.887,9.3508
-9.5803,-11.946,-12.516
-8.9319,-12.549,-6.1029
-3.2878,-12.493,-11.716
-9.3237,-6.0596,-11.625
-2.9109,-12.774,-6.5199
-9.7345,-6.6076,-6.6049
-12.447,-9.0867,-12.159
-5.3518,-9.1602,-12.001
-12.349,-3.2227,-11.239
-6.3326,-9.1482,-5.9209
-11.861,-3.3443,-6.6379
-6.4599,-12.104,-9.2399
-12.481,-6.7264,-8.8929
-11.666,-12.028,-8.8699
-9.5803,-11.946,-0.45269
-8.9319,-12.549,5.9603
-3.2878,-12.493,0.34731
-9.3237,-6.0596,0.43831
-2.9109,-12.774,5.5433
-9.7345,-6.6076,5.4583
-12.447,-9.0867,-0.095689
-13.209,-8.9389,-5.5207
-5.3518,-9.1602,0.062311
-12.349,-3.2227,0.82431
-6.3326,-9.1482,6.1423
-11.861,-3.3443,5.4253
-5.0506,-12.044,-2.8377
-11.946,-5.793,-2.7097
-6.4599,-12.104,2.8233
-12.481,-6.7264,3.1703
-13.001,-12.759,-2.9097
-12.318,-0.71598,-2.9187
-7.2349,-5.723,-2.9517
-11.666,-12.028,3.1933
-9.5803,-11.946,11.611
-3.2878,-12.493,12.411
-9.3237,-6.0596,12.502
-12.447,-9.0867,11.968
-13.209,-8.9389,6.5425
-5.3518,-9.1602,12.126
-12.349,-3.2227,12.888
-5.0506,-12.044,9.2255
-11.946,-5.793,9.3535
-13.001,-12.759,9.1535
-12.318,-0.71598,9.1445
-7.2349,-5.723,9.1115
2.8715,-12.06,-11.24
8.9759,-6.139,-11.599
9.094,-12.617,-11.52
9.5402,-12.489,-5.9059
12.19,-9.3733,-11.743
6.3059,-9.9093,-11.267
12.289,-3.5093,-10.823
5.7529,-9.816,-5.4769
12.777,-3.6309,-6.2219
5.7735,-12.986,-8.4209
12.157,-7.013,-8.4769
12.972,-12.314,-8.4539
0.50692,-12.767,-8.4779
2.8715,-12.06,0.82328
8.9759,-6.139,0.46428
3.0829,-12.521,-5.0857
8.2922,-6.7012,-5.1177
9.094,-12.617,0.54328
9.5402,-12.489,6.1573
12.19,-9.3733,0.32028
11.429,-9.2255,-5.1047
6.3059,-9.9093,0.79628
12.289,-3.5093,1.2403
5.7529,-9.816,6.5863
12.777,-3.6309,5.8413
7.1566,-12.408,-2.7447
12.691,-6.0796,-2.2937
5.7735,-12.986,3.6423
12.157,-7.013,3.5863
5.4157,-7.6572,-2.5267
11.637,-13.045,-2.4937
12.319,-1.0026,-2.5027
12.972,-12.314,3.6093
0.50692,-12.767,3.5853
2.8715,-12.06,12.886
8.9759,-6.139,12.527
3.0829,-12.521,6.9775
8.2922,-6.7012,6.9455
9.094,-12.617,12.606
12.19,-9.3733,12.383
11.429,-9.2255,6.9585
6.3059,-9.9093,12.859
12.289,-3.5093,13.303
7.1566,-12.408,9.3185
12.691,-6.0796,9.7695
5.4157,-7.6572,9.5365
11.637,-13.045,9.5695
12.319,-1.0026,9.5605
-3.0031,-6.0564,-12.174
-9.2999,0.11172,-11.446
2.8857,-0.061518,-12.306
-3.1954,6.0323,-11.805
-3.0384,-6.6447,-5.7922
3.5341,-0.66468,-5.8932
3.3687,-6.3399,-11.71
-3.0773,-0.44548,-11.726
9.1782,-0.60811,-11.506
3.1424,5.8251,-11.415
3.2322,-5.6957,-6.7172
-2.6311,-0.31749,-6.1122
9.5551,-0.88883,-6.3102
2.7316,5.2771,-6.3952
-0.074953,-9.389,-11.24
-5.7573,-3.4083,-12.193
5.8541,-3.3849,-11.992
0.019092,2.798,-11.949
0.54377,-9.2171,-5.6302
-6.5386,-3.6013,-5.3962
0.048083,-3.3474,-11.369
-5.8655,2.262,-11.473
7.1142,2.7245,-11.791
0.11738,8.6621,-11.029
-0.048083,-3.124,-6.2972
-6.4184,2.3554,-5.6832
6.1334,2.7365,-5.7112
0.60528,8.5404,-6.4282
-0.52467,-6.446,-8.8242
-6.3979,-0.81459,-8.6272
6.0062,-0.2192,-9.0302
-0.014849,5.1583,-8.6832
6.4714,-5.8421,-8.6722
0.80044,-0.14284,-8.6602
-11.664,-0.59538,-8.6842
-6.1009,-5.4207,-8.7962
-3.0031,-6.0564,-0.111
-9.2999,0.11172,0.617
2.8857,-0.061518,-0.243
-3.1954,6.0323,0.258
-3.0384,-6.6447,6.271
-9.0884,-0.35002,-5.292
3.5341,-0.66468,6.17
-3.8792,5.4702,-5.324
3.3687,-6.3399,0.353
-3.0773,-0.44548,0.337
9.1782,-0.60811,0.557
3.1424,5.8251,0.648
3.2322,-5.6957,5.346
-2.6311,-0.31749,5.951
9.5551,-0.88883,5.753
2.7316,5.2771,5.668
-0.074953,-9.389,0.823
-5.7573,-3.4083,-0.13
5.8541,-3.3849,0.071
0.019092,2.798,0.114
0.54377,-9.2171,6.433
-6.5386,-3.6013,6.667
6.0267,-3.4146,-4.434
-0.74246,2.9458,-5.311
0.048083,-3.3474,0.694
-5.8655,2.262,0.59
7.1142,2.7245,0.272
0.11738,8.6621,1.034
-0.048083,-3.124,5.766
-6.4184,2.3554,6.38
6.1334,2.7365,6.352
0.60528,8.5404,5.635
-0.12021,-5.6102,-3.02
-5.0148,-0.23617,-2.951
7.4154,-0.1591,-2.628
0.51972,6.0917,-2.5
-0.52467,-6.446,3.239
-6.3979,-0.81459,3.436
6.0062,-0.2192,3.033
-0.014849,5.1583,3.38
-6.7557,4.5142,-2.733
-0.53457,-0.87398,-2.7
0.14779,11.169,-2.709
5.2312,6.1617,-2.742
6.4714,-5.8421,3.391
0.80044,-0.14284,3.403
-11.664,-0.59538,3.379
-6.1009,-5.4207,3.267
-3.0031,-6.0564,11.952
-9.2999,0.11172,12.68
2.8857,-0.061518,11.82
-3.1954,6.0323,12.321
-9.0884,-0.35002,6.7712
-3.8792,5.4702,6.7392
3.3687,-6.3399,12.416
-3.0773,-0.44548,12.4
9.1782,-0.60811,12.62
3.1424,5.8251,12.711
-0.074953,-9.389,12.886
-5.7573,-3.4083,11.933
5.8541,-3.3849,12.134
0.019092,2.798,12.177
6.0267,-3.4146,7.6292
-0.74246,2.9458,6.7522
0.048083,-3.3474,12.757
-5.8655,2.262,12.653
7.1142,2.7245,12.335
0.11738,8.6621,13.097
-0.12021,-5.6102,9.0432
-5.0148,-0.23617,9.1122
7.4154,-0.1591,9.4352
0.51972,6.0917,9.5632
-6.7557,4.5142,9.3302
-0.53457,-0.87398,9.3632
0.14779,11.169,9.3542
5.2312,6.1617,9.3212
-9.2857,12.11,-12.512
-8.6372,11.507,-6.0995
-8.8027,5.8314,-11.916
-2.9931,11.563,-11.712
-8.9392,6.4756,-6.9235
-2.6162,11.283,-6.5165
-12.246,2.7824,-11.446
-6.3172,8.7864,-12.198
-11.628,2.9542,-5.8365
-12.123,8.8239,-11.575
-12.219,9.0474,-6.5035
-12.696,5.7254,-9.0305
-6.1652,11.952,-9.2365
-5.6999,6.3292,-8.8785
-11.371,12.029,-8.8665
-9.2857,12.11,-0.44928
-8.6372,11.507,5.9637
-8.8027,5.8314,0.14672
-2.9931,11.563,0.35072
-8.9392,6.4756,5.1397
-2.6162,11.283,5.5467
-12.246,2.7824,0.61672
-6.3172,8.7864,-0.13528
-11.628,2.9542,6.2267
-6.1447,8.7567,-4.6403
-12.123,8.8239,0.48772
-12.219,9.0474,5.5597
-12.292,6.5612,-3.2263
-4.7559,12.012,-2.8343
-12.696,5.7254,3.0327
-6.1652,11.952,2.8267
-12.706,11.297,-2.9063
-5.6999,6.3292,3.1847
-11.371,12.029,3.1967
-9.2857,12.11,11.614
-8.8027,5.8314,12.21
-2.9931,11.563,12.414
-12.246,2.7824,12.68
-6.3172,8.7864,11.928
-6.1447,8.7567,7.4229
-12.123,8.8239,12.551
-12.292,6.5612,8.8369
-4.7559,12.012,9.2289
-12.706,11.297,9.1569
12.973,-0.88201,-8.2682
12.973,-0.88201,3.795
9.463,5.8284,-11.965
3.1662,11.996,-11.237
9.4276,5.24,-5.5825
9.3887,11.439,-11.517
9.8349,11.567,-5.9025
12.391,2.4958,-11.031
6.7088,8.4765,-11.984
13.01,2.6676,-5.4205
5.9274,8.2834,-5.1865
12.514,8.5373,-11.16
12.418,8.7607,-6.0875
11.941,5.4387,-8.6145
6.0681,11.07,-8.4175
13.266,11.742,-8.4505
0.80161,11.289,-8.4745
6.3651,6.464,-8.5865
9.463,5.8284,0.098689
3.1662,11.996,0.82669
9.4276,5.24,6.4807
3.3776,11.535,-5.0823
9.3887,11.439,0.54669
9.8349,11.567,6.1607
12.391,2.4958,1.0327
6.7088,8.4765,0.079689
13.01,2.6676,6.6427
5.9274,8.2834,6.8767
12.514,8.5373,0.90369
12.418,8.7607,5.9757
12.346,6.2745,-2.8103
7.4512,11.649,-2.7413
11.941,5.4387,3.4487
6.0681,11.07,3.6457
11.931,11.011,-2.4903
13.266,11.742,3.6127
0.80161,11.289,3.5887
6.3651,6.464,3.4767
9.463,5.8284,12.162
3.1662,11.996,12.89
3.3776,11.535,6.9809
9.3887,11.439,12.61
12.391,2.4958,13.096
6.7088,8.4765,12.143
12.514,8.5373,12.967
12.346,6.2745,9.2529
7.4512,11.649,9.3219
11.931,11.011,9.5729
0,0,0
0.28638,-0.34436,-5.6332
-0.25951,6.0309,0.552
0.41366,-6.0719,0.878
-6.1723,-0.55508,0.715
0.28638,-0.34436,6.43
6.4842,-0.3479,0.285
0.28709,5.7318,-5.4612
6.2056,-0.32244,-5.249
-6.2784,-0.60316,-5.357
-5.9729,5.8314,0.43872
-0.02192,-6.2204,-5.7962
6.3545,5.8015,0.46969
-6.1115,-6.0832,0.26
0.28709,5.7318,6.602
-0.02192,-6.2204,6.267
6.1985,-6.3399,0.645
-6.2784,-0.60316,6.7062
6.2056,-0.32244,6.8142
-6.0386,5.9637,-5.7085
6.1327,-6.2077,-5.5022
6.643,5.5356,-5.7595
-5.823,-6.3491,-5.9692
-5.823,-6.3491,6.094
-6.0386,5.9637,6.3547
6.643,5.5356,6.3037
6.1327,-6.2077,6.561
0.40917,11.344,0.51169
0,0,-12.063
0,0,12.063
-12.057,-0.54094,0.302
12.581,-0.82756,0.71797
0.11448,-12.712,0.50828
0.41366,-6.0719,-11.185
-0.18597,11.389,6.026
-0.18597,11.389,-6.0372
-6.1723,-0.55508,-11.348
6.2937,11.33,0.92469
-0.25951,6.0309,-11.511
-5.6872,11.823,0.078721
-11.758,6.0994,0.67172
11.985,-0.78198,-5.8309
11.912,-6.1404,0.75828
6.4842,-0.3479,-11.778
11.985,-0.78198,6.2323
-5.9819,-12.233,0.075311
6.1876,11.282,-5.1473
-12.652,-0.49536,5.8163
6.4842,-0.3479,12.348
-0.25951,6.0309,12.615
-12.726,-5.8538,0.34231
-0.48066,-12.667,6.0226
-0.48066,-12.667,-6.0406
5.999,-12.726,0.92128
-12.652,-0.49536,-6.2469
12.88,5.8128,1.0877
-6.1723,-0.55508,12.778
0.41366,-6.0719,12.941
-5.9729,5.8314,-11.624
-5.9658,11.849,-5.4553
6.3545,5.8015,-11.594
6.1985,-6.3399,-11.418
6.1876,11.282,6.9159
-6.1115,-6.0832,-11.803
-6.2605,-12.207,-5.4587
12.444,5.6643,-5.5865
-12.179,-6.1529,-5.6709
-5.9658,11.849,6.6079
-12.193,5.9509,-6.0025
-12.193,5.9509,6.0607
12.458,-6.4395,-5.2549
5.893,-12.775,-5.1507
-5.9729,5.8314,12.502
-6.1115,-6.0832,12.323
-12.179,-6.1529,6.3923
12.444,5.6643,6.4767
6.3545,5.8015,12.533
-6.2605,-12.207,6.6045
6.1985,-6.3399,12.708
12.458,-6.4395,6.8083
5.893,-12.775,6.9125
0.40917,11.344,-11.552
-12.057,-0.54094,-11.761
0.40917,11.344,12.575
12.581,-0.82756,-11.345
6.2937,11.33,-11.139
0.11448,-12.712,-11.555
12.171,-12.171,0.20628
-12.171,12.171,-0.20628
-12.466,-11.885,-0.20969
12.466,11.885,0.20969
-12.057,-0.54094,12.365
-11.758,6.0994,-11.391
11.912,-6.1404,-11.305
-11.885,11.827,-5.8395
-5.6872,11.823,-11.984
-5.6872,11.823,12.142
0.11448,-12.712,12.571
-11.885,11.827,6.2237
12.88,5.8128,-10.976
5.999,-12.726,-11.142
12.581,-0.82756,12.781
12.752,11.54,-5.4235
-5.9819,-12.233,-11.988
-12.18,-12.229,-5.8429
-5.9819,-12.233,12.139
-12.726,-5.8538,-11.721
-12.18,-12.229,6.2203
6.2937,11.33,12.988
-11.758,6.0994,12.735
12.752,11.54,6.6397
12.458,-12.516,-5.4269
11.912,-6.1404,12.821
-12.726,-5.8538,12.406
12.458,-12.516,6.6363
5.999,-12.726,12.984
12.88,5.8128,13.151
12.171,-12.171,-11.857
-12.171,12.171,11.857
-12.466,-11.885,11.854
12.466,11.885,-11.854
12.171,-12.171,12.269
-12.171,12.171,-12.269
-12.466,-11.885,-12.273
12.466,11.885,12.273
