-9.2964,-8.3804,-9.1084
-3.6233,-8.2481,-9.0484
-9.6316,-2.6019,-9.0494
-9.4577,-8.3804,-3.3528
-9.2964,-8.3804,2.4012
-3.7831,-8.2496,-3.2948
-9.7921,-2.604,-3.2938
-3.6233,-8.2481,2.4612
-9.6316,-2.6019,2.4602
-9.4577,-8.3804,8.1569
-3.7831,-8.2496,8.2149
-9.7921,-2.604,8.2159
8.2157,-8.787,-8.597
8.0566,-8.7877,-2.8424
8.2157,-8.787,2.9126
8.0566,-8.7877,8.6673
2.9034,-8.5546,-8.8817
-3.1035,-2.9097,-8.8797
8.7342,-2.7209,-8.8797
2.7273,2.9211,-8.8807
2.571,-2.7789,-8.8217
-3.4394,2.868,-8.8217
8.4004,3.0533,-8.8207
2.3921,8.6995,-8.8217
2.7393,-8.5517,-3.125
-3.2661,-2.9097,-3.125
8.5758,-2.7266,-3.125
2.5661,2.9211,-3.125
2.9034,-8.5546,2.628
-3.1035,-2.9097,2.63
8.7342,-2.7209,2.63
2.7273,2.9211,2.629
2.4126,-2.7789,-3.066
-3.5985,2.8673,-3.067
8.2406,3.0519,-3.067
2.2316,8.6974,-3.066
2.571,-2.7789,2.688
-3.4394,2.868,2.688
8.4004,3.0533,2.689
2.3921,8.6995,2.688
2.7393,-8.5517,8.3847
-3.2661,-2.9097,8.3847
8.5758,-2.7266,8.3847
2.5661,2.9211,8.3847
2.4126,-2.7789,8.4437
-3.5985,2.8673,8.4427
8.2406,3.0519,8.4427
2.2316,8.6974,8.4437
-8.7516,3.1004,-9.1063
-2.9208,8.9341,-9.1043
-9.084,8.8761,-9.0463
-8.9157,3.1033,-3.3496
-3.0792,8.9284,-3.3496
-8.7516,3.1004,2.4034
-2.9208,8.9341,2.4054
-9.2424,8.8761,-3.2906
-9.084,8.8761,2.4634
-8.9157,3.1033,8.16
-3.0792,8.9284,8.16
-9.2424,8.8761,8.219
8.9203,8.3917,-8.6519
8.7576,8.3917,-2.8972
8.9203,8.3917,2.8578
8.7576,8.3917,8.6124
-8.7159,-8.4574,-7.7304
-8.8757,-8.4574,-1.9748
-8.7159,-8.4574,3.7792
-8.8757,-8.4574,9.5349
9.0253,-8.7792,-7.338
3.1238,-8.9956,-7.279
8.9539,-3.1641,-7.277
8.8669,-8.7806,-1.5834
9.0253,-8.7792,4.1716
2.964,-8.9956,-1.5244
8.7962,-3.1648,-1.5224
3.1238,-8.9956,4.2306
8.9539,-3.1641,4.2326
8.8669,-8.7806,9.9263
2.964,-8.9956,9.9853
8.7962,-3.1648,9.9873
-2.4522,-8.6012,-7.5617
-8.4605,-2.955,-7.5617
3.3786,-2.7719,-7.5607
-2.6297,2.8758,-7.5627
-2.523,-2.9868,-7.5017
-8.5312,2.6594,-7.5037
3.3078,2.844,-7.5027
-2.7011,8.4909,-7.5017
-2.6128,-8.6034,-1.806
-8.621,-2.9557,-1.807
3.2188,-2.7733,-1.804
-2.7881,2.8744,-1.808
-2.4522,-8.6012,3.948
-8.4605,-2.955,3.948
3.3786,-2.7719,3.949
-2.6297,2.8758,3.947
-2.6828,-2.9882,-1.748
-8.691,2.6594,-1.749
3.148,2.844,-1.747
-2.8588,8.4902,-1.747
-2.523,-2.9868,4.008
-8.5312,2.6594,4.006
3.3078,2.844,4.007
-2.7011,8.4909,4.008
-2.6128,-8.6034,9.7037
-8.621,-2.9557,9.7027
3.2188,-2.7733,9.7057
-2.7881,2.8744,9.7017
-2.6828,-2.9882,9.7617
-8.691,2.6594,9.7607
3.148,2.844,9.7627
-2.8588,8.4902,9.7627
-8.2765,8.8832,-7.7853
-8.4363,8.8817,-2.0286
-8.2765,8.8832,3.7244
-8.4363,8.8817,9.481
9.5715,2.7002,-7.3339
3.5632,8.3464,-7.3339
9.5008,8.3146,-7.2739
9.411,2.6981,-1.5782
3.4027,8.3457,-1.5792
9.5715,2.7002,4.1758
3.5632,8.3464,4.1758
9.341,8.3132,-1.5202
9.5008,8.3146,4.2358
9.411,2.6981,9.9314
3.4027,8.3457,9.9304
9.341,8.3132,9.9894
-9.1904,-11.311,-11.797
-9.0313,-11.309,-6.0434
-3.2627,-11.191,-12
-9.2689,-5.5428,-12
-3.1036,-11.19,-6.2494
-9.1105,-5.5428,-6.2474
-11.974,-8.4292,-11.844
-11.814,-8.4292,-6.0924
-6.0933,-8.3733,-11.76
-12.103,-2.7256,-11.762
-5.9327,-8.3726,-6.0124
-11.942,-2.7249,-6.0114
-6.6646,-11.281,-8.7484
-12.674,-5.6319,-8.7474
-12.541,-11.074,-9.0764
-0.69662,-10.882,-9.0774
-6.7035,-5.2401,-9.0774
-9.1904,-11.311,-0.28775
-9.0313,-11.309,5.4662
-3.2627,-11.191,-0.49075
-9.2689,-5.5428,-0.49075
-3.1036,-11.19,5.2602
-9.1105,-5.5428,5.2622
-11.974,-8.4292,-0.33475
-11.814,-8.4292,5.4172
-6.0933,-8.3733,-0.25075
-12.103,-2.7256,-0.25275
-5.9327,-8.3726,5.4972
-11.942,-2.7249,5.4982
-6.8244,-11.268,-2.9938
-12.826,-5.6326,-2.9918
-6.6646,-11.281,2.7612
-12.674,-5.6319,2.7622
-12.697,-11.072,-3.3218
-0.86066,-10.893,-3.3228
-6.8654,-5.2451,-3.3228
-12.541,-11.074,2.4332
-0.69662,-10.882,2.4322
-6.7035,-5.2401,2.4322
-9.1904,-11.311,11.222
-3.2627,-11.191,11.019
-9.2689,-5.5428,11.019
-11.974,-8.4292,11.175
-6.0933,-8.3733,11.259
-12.103,-2.7256,11.257
-6.8244,-11.268,8.5159
-12.826,-5.6326,8.5179
-12.697,-11.072,8.1879
-0.86066,-10.893,8.1869
-6.8654,-5.2451,8.1869
-12.352,0.7729,-9.302
-12.516,0.76159,-3.5474
-12.352,0.7729,2.2076
-12.516,0.76159,7.9623
2.6486,-11.847,-11.346
8.4815,-6.0166,-11.346
2.8077,-11.846,-5.591
8.6413,-6.0151,-5.588
8.577,-11.729,-11.55
8.7361,-11.727,-5.792
11.705,-8.7828,-11.392
11.864,-8.7828,-5.64
5.7471,-8.9122,-11.316
11.576,-3.0792,-11.31
5.9048,-8.9114,-5.558
11.736,-3.0785,-5.559
5.1779,-11.819,-8.295
11.004,-5.9854,-8.295
11.137,-11.427,-8.624
2.6486,-11.847,0.16362
8.4815,-6.0166,0.16362
2.8077,-11.846,5.9186
8.6413,-6.0151,5.9216
8.577,-11.729,-0.040377
8.7361,-11.727,5.7176
11.705,-8.7828,0.11762
11.864,-8.7828,5.8696
5.7471,-8.9122,0.19362
11.576,-3.0792,0.19962
5.9048,-8.9114,5.9516
11.736,-3.0785,5.9506
5.0125,-11.819,-2.5404
10.852,-5.9861,-2.5394
5.1779,-11.819,3.2146
11.004,-5.9854,3.2146
10.982,-11.426,-2.8694
11.137,-11.427,2.8856
2.6486,-11.847,11.673
8.4815,-6.0166,11.673
8.577,-11.729,11.469
11.705,-8.7828,11.627
5.7471,-8.9122,11.703
11.576,-3.0792,11.709
5.0125,-11.819,8.9693
10.852,-5.9861,8.9703
10.982,-11.426,8.6403
-2.9974,-5.8386,-11.569
-9.0064,-0.19163,-11.571
2.8334,-0.0091924,-11.57
-3.1735,5.6385,-11.571
-2.8369,-5.8379,-5.8137
-8.8473,-0.19092,-5.8157
2.9925,-0.0070711,-5.8157
-3.0137,5.6399,-5.8127
2.9303,-5.7219,-11.773
-3.078,-0.074246,-11.775
8.7611,0.11031,-11.773
2.7549,5.7587,-11.773
3.0915,-5.7205,-6.0197
-2.9189,-0.072125,-6.0167
8.9202,0.11102,-6.0217
2.9133,5.7587,-6.0197
0.22627,-8.6055,-11.623
-5.7813,-2.9585,-11.619
6.0557,-2.7761,-11.619
0.049497,2.8723,-11.617
0.38537,-8.6062,-5.8617
-5.6222,-2.9592,-5.8637
6.2155,-2.7761,-5.8597
0.2093,2.8723,-5.8647
0.098995,-2.902,-11.537
-5.9079,2.7429,-11.541
5.9305,2.9281,-11.533
-0.079196,8.5758,-11.535
0.25809,-2.9013,-5.7817
-5.7502,2.7436,-5.7827
6.091,2.9288,-5.7847
0.081317,8.5765,-5.7837
-0.4681,-5.811,-8.5197
-6.4771,-0.16405,-8.5197
5.3592,0.020506,-8.5207
-0.65054,5.6696,-8.5197
5.4907,-5.4285,-8.8507
-0.5176,0.22769,-8.8487
11.327,0.41931,-8.8497
5.3203,6.0613,-8.8497
-2.9974,-5.8386,-0.059
-9.0064,-0.19163,-0.061
2.8334,-0.0091924,-0.06
-3.1735,5.6385,-0.061
-2.8369,-5.8379,5.696
-8.8473,-0.19092,5.694
2.9925,-0.0070711,5.694
-3.0137,5.6399,5.697
2.9303,-5.7219,-0.263
-3.078,-0.074246,-0.265
8.7611,0.11031,-0.263
2.7549,5.7587,-0.263
3.0915,-5.7205,5.49
-2.9189,-0.072125,5.493
8.9202,0.11102,5.488
2.9133,5.7587,5.49
0.22627,-8.6055,-0.113
-5.7813,-2.9585,-0.109
6.0557,-2.7761,-0.109
0.049497,2.8723,-0.107
0.38537,-8.6062,5.648
-5.6222,-2.9592,5.646
6.2155,-2.7761,5.65
0.2093,2.8723,5.645
0.098995,-2.902,-0.027
-5.9079,2.7429,-0.031
5.9305,2.9281,-0.023
-0.079196,8.5758,-0.025
0.25809,-2.9013,5.728
-5.7502,2.7436,5.727
6.091,2.9288,5.725
0.081317,8.5765,5.726
-0.63145,-5.8075,-2.765
-6.6426,-0.16405,-2.765
5.1994,0.033234,-2.766
-0.80257,5.6689,-2.764
-0.4681,-5.811,2.99
-6.4771,-0.16405,2.99
5.3592,0.020506,2.989
-0.65054,5.6696,2.99
5.3259,-5.4306,-3.095
-0.67317,0.2291,-3.094
11.163,0.408,-3.095
5.1583,6.0564,-3.095
5.4907,-5.4285,2.659
-0.5176,0.22769,2.661
11.327,0.41931,2.66
5.3203,6.0613,2.66
-2.9974,-5.8386,11.451
-9.0064,-0.19163,11.449
2.8334,-0.0091924,11.45
-3.1735,5.6385,11.449
2.9303,-5.7219,11.247
-3.078,-0.074246,11.245
8.7611,0.11031,11.247
2.7549,5.7587,11.247
0.22627,-8.6055,11.397
-5.7813,-2.9585,11.401
6.0557,-2.7761,11.401
0.049497,2.8723,11.403
0.098995,-2.902,11.483
-5.9079,2.7429,11.479
5.9305,2.9281,11.487
-0.079196,8.5758,11.485
-0.63145,-5.8075,8.7447
-6.6426,-0.16405,8.7447
5.1994,0.033234,8.7437
-0.80257,5.6689,8.7457
5.3259,-5.4306,8.4147
-0.67317,0.2291,8.4157
11.163,0.408,8.4147
5.1583,6.0564,8.4147
-8.8216,11.646,-11.794
-8.6625,11.648,-6.0403
-8.7248,5.9331,-11.997
-2.894,11.765,-11.997
-8.5636,5.9345,-6.2443
-2.7349,11.766,-6.2463
-11.429,3.0495,-11.847
-5.5994,8.8789,-11.843
-11.27,3.0488,-6.0863
-5.4396,8.8789,-6.0843
-11.556,8.7531,-11.761
-11.397,8.7538,-6.0063
-12.123,5.844,-8.7443
-6.2959,11.676,-8.7453
-6.1643,6.2266,-9.0753
-12.173,11.883,-9.0733
-0.32788,12.074,-9.0743
-8.8216,11.646,-0.28462
-8.6625,11.648,5.4694
-8.7248,5.9331,-0.48762
-2.894,11.765,-0.48762
-8.5636,5.9345,5.2654
-2.7349,11.766,5.2634
-11.429,3.0495,-0.33762
-5.5994,8.8789,-0.33362
-11.27,3.0488,5.4234
-5.4396,8.8789,5.4254
-11.556,8.7531,-0.25162
-11.397,8.7538,5.5034
-12.286,5.8476,-2.9896
-6.4557,11.688,-2.9906
-12.123,5.844,2.7654
-6.2959,11.676,2.7644
-6.3291,6.2244,-3.3196
-12.328,11.884,-3.3186
-0.49193,12.063,-3.3196
-6.1643,6.2266,2.4344
-12.173,11.883,2.4364
-0.32788,12.074,2.4354
-8.8216,11.646,11.225
-8.7248,5.9331,11.022
-2.894,11.765,11.022
-11.429,3.0495,11.172
-5.5994,8.8789,11.176
-11.556,8.7531,11.258
-12.286,5.8476,8.52
-6.4557,11.688,8.519
-6.3291,6.2244,8.19
-12.328,11.884,8.191
-0.49193,12.063,8.19
9.0263,5.4629,-11.341
3.0173,11.11,-11.343
9.1868,5.4636,-5.5859
3.1764,11.111,-5.5879
8.9457,11.227,-11.547
9.1048,11.229,-5.7889
12.25,2.6959,-11.395
6.2425,8.3429,-11.391
12.409,2.6952,-5.6339
6.4016,8.3422,-5.6359
12.123,8.3995,-11.309
12.282,8.4002,-5.5539
11.556,5.4904,-8.2919
5.5467,11.137,-8.2919
11.506,11.529,-8.6209
9.0263,5.4629,0.16875
3.0173,11.11,0.16675
9.1868,5.4636,5.9238
3.1764,11.111,5.9218
8.9457,11.227,-0.037248
9.1048,11.229,5.7208
12.25,2.6959,0.11475
6.2425,8.3429,0.11875
12.409,2.6952,5.8758
6.4016,8.3422,5.8738
12.123,8.3995,0.20075
12.282,8.4002,5.9558
11.392,5.494,-2.5372
5.3812,11.137,-2.5372
11.556,5.4904,3.2178
5.5467,11.137,3.2178
11.351,11.531,-2.8662
11.506,11.529,2.8888
9.0263,5.4629,11.678
3.0173,11.11,11.676
8.9457,11.227,11.472
12.25,2.6959,11.624
6.2425,8.3429,11.628
12.123,8.3995,11.71
11.392,5.494,8.9724
5.3812,11.137,8.9724
11.351,11.531,8.6434
0,0,0
-0.046669,5.6837,0.332
0.1591,0.00070711,-5.7547
0.1591,0.00070711,5.755
0.13081,-5.7947,0.332
-5.8782,-0.14779,0.331
5.9595,0.03677,0.33
-0.20506,5.6823,-5.424
-0.028991,-5.7962,-5.423
5.799,0.036062,-5.426
-6.0408,-0.1492,-5.423
-6.0062,5.6441,-0.001
-5.8294,-5.8308,0
5.6489,-6.0109,0.22362
6.1944,5.4706,0.22775
-0.20506,5.6823,6.0857
5.799,0.036062,6.0837
-0.028991,-5.7962,6.0867
-6.0408,-0.1492,6.0867
-5.8464,5.6455,-5.7537
-5.8464,5.6455,5.756
-5.6689,-5.8301,-5.7547
-5.6689,-5.8301,5.755
5.8087,-6.0095,-5.529
6.3549,5.4713,-5.5269
5.8087,-6.0095,5.9806
6.3549,5.4713,5.9828
0.17819,-11.478,-0.001
-11.477,0.17726,-0.22562
0.54693,11.479,0.002129
0,0,-11.51
0,0,11.51
12.202,-0.17632,0.22675
-0.046669,5.6837,-11.178
0.13081,-5.7947,-11.178
-11.319,0.17797,5.5294
-5.8782,-0.14779,-11.179
5.9595,0.03677,-11.18
6.1456,11.154,0.55875
-6.0643,-11.265,0.10225
-11.319,0.17797,-5.9803
0.33588,-11.477,5.754
0.33588,-11.477,-5.7557
0.70461,11.479,-5.7525
0.70461,11.479,5.7571
-11.524,5.8603,0.10738
-5.6955,11.692,0.10538
11.608,-5.9713,0.55662
-0.046669,5.6837,11.842
5.7768,-11.803,0.55562
0.13081,-5.7947,11.842
-5.8782,-0.14779,11.841
5.9595,0.03677,11.84
-12.07,-5.6177,0.10425
12.155,5.5067,0.55975
12.36,-0.17562,-5.5279
5.9829,11.152,-5.1952
12.36,-0.17562,5.9818
11.45,-5.9727,-5.1994
5.6489,-6.0109,-11.286
6.1944,5.4706,-11.282
-6.2248,-11.265,-5.6538
5.6142,-11.804,-5.1984
-6.2248,-11.265,5.8559
5.9829,11.152,6.3144
-6.0062,5.6441,11.509
-6.0062,5.6441,-11.511
-5.8294,-5.8308,-11.51
-5.8294,-5.8308,11.51
11.995,5.5053,-5.1952
-11.684,5.8589,-5.6476
-5.856,11.691,-5.6506
-11.684,5.8589,5.862
-5.856,11.691,5.859
5.6489,-6.0109,11.733
6.1944,5.4706,11.737
11.45,-5.9727,6.3103
5.6142,-11.804,6.3113
-12.229,-5.6191,-5.6518
11.995,5.5053,6.3144
-12.229,-5.6191,5.8579
-11.477,0.17726,11.284
0.17819,-11.478,11.509
0.17819,-11.478,-11.511
0.54693,11.479,-11.508
0.54693,11.479,11.512
-11.477,0.17726,-11.735
11.655,-11.655,0.22462
-11.655,11.655,-0.22462
-12.024,-11.301,-0.22775
12.024,11.301,0.22775
12.202,-0.17632,-11.283
6.1456,11.154,-10.951
12.202,-0.17632,11.736
11.608,-5.9713,-10.953
5.7768,-11.803,-10.954
-6.0643,-11.265,-11.407
-11.524,5.8603,-11.402
12.155,5.5067,-10.95
-6.0643,-11.265,11.612
-11.496,11.656,5.5304
-11.865,-11.301,5.5272
-5.6955,11.692,-11.404
-11.524,5.8603,11.617
-11.496,11.656,-5.9793
-5.6955,11.692,11.615
-11.865,-11.301,-5.9824
11.814,-11.654,-5.53
12.183,11.302,-5.5269
-12.07,-5.6177,-11.405
6.1456,11.154,12.068
11.814,-11.654,5.9796
12.183,11.302,5.9828
-12.07,-5.6177,11.614
11.608,-5.9713,12.066
5.7768,-11.803,12.065
12.155,5.5067,12.069
11.655,-11.655,-11.285
-11.655,11.655,11.285
-12.024,-11.301,11.282
12.024,11.301,-11.282
11.655,-11.655,11.734
-11.655,11.655,-11.734
-12.024,-11.301,-11.737
12.024,11.301,11.737
