-8.4939,-8.8251,-9.0534
-3.8107,-8.2842,-8.6234
-9.4145,-2.9123,-8.7974
-9.6231,-9.0168,-3.3378
-8.4939,-8.8251,2.4562
-9.6203,-2.6726,-3.3308
-3.8107,-8.2842,2.8862
-9.4145,-2.9123,2.7122
-9.6231,-9.0168,8.1719
-9.6203,-2.6726,8.1789
3.1924,-8.8464,-8.628
8.536,-4.0275,-8.628
8.1683,-8.9998,-8.491
3.1924,-8.8464,2.8816
8.536,-4.0275,2.8816
8.8181,-8.9242,-3.0394
8.1683,-8.9998,3.0186
8.8181,-8.9242,8.4703
-8.4627,2.8086,-8.8527
-2.7061,-2.6962,-8.7027
-3.119,7.6276,-8.8527
3.5299,2.4763,-8.8257
2.6927,-2.9953,-8.5737
-3.4867,2.6552,-8.7157
8.213,3.0172,-8.3957
2.6092,8.3891,-8.5697
2.5484,-8.6253,-3.288
-3.4429,-3.1813,-3.099
8.5185,-2.8334,-2.818
2.4006,2.2847,-3.11
-8.4627,2.8086,2.657
-2.7061,-2.6962,2.807
-3.119,7.6276,2.657
3.5299,2.4763,2.684
3.03,-2.7528,-3.308
-2.8369,2.7308,-3.264
-2.8136,-8.5482,-2.654
2.4035,8.6288,-3.103
2.6927,-2.9953,2.936
-3.4867,2.6552,2.794
8.213,3.0172,3.114
2.6092,8.3891,2.94
2.5484,-8.6253,8.2217
-3.4429,-3.1813,8.4107
8.5185,-2.8334,8.6917
2.4006,2.2847,8.3997
3.03,-2.7528,8.2017
-2.8369,2.7308,8.2457
-2.8136,-8.5482,8.8557
2.4035,8.6288,8.4067
-8.9624,8.6597,-8.7983
-9.1066,3.0297,-3.5126
-3.1365,8.8216,-3.0426
-8.6251,8.9023,-3.5326
-8.9624,8.6597,2.7114
-9.1066,3.0297,7.997
-3.1365,8.8216,8.467
-8.6251,8.9023,7.977
9.3177,8.6052,-8.4749
8.5809,8.1202,-2.8712
9.3177,8.6052,3.0348
9.2102,2.7532,-2.4262
8.5809,8.1202,8.6384
9.2102,2.7532,9.0834
-9.8798,-8.5069,-8.6084
-2.9657,-8.6908,-1.4858
-9.5121,-3.2263,-1.9368
-8.8241,-8.5741,-2.1568
-9.8798,-8.5069,2.9012
-2.9657,-8.6908,10.024
-9.5121,-3.2263,9.5729
-8.8241,-8.5741,9.3529
8.9772,-8.9942,-7.232
7.9406,-8.9433,-1.8234
8.9772,-8.9942,4.2776
3.1506,-9.0691,-1.9184
9.5351,-3.2023,-2.0394
7.9406,-8.9433,9.6863
3.1506,-9.0691,9.5913
9.5351,-3.2023,9.4703
-2.5067,-8.5086,-7.2597
-7.653,-3.2265,-8.0777
3.6119,-3.0292,-7.3857
-2.6778,2.6608,-7.4567
-3.1424,-3.1056,-7.3197
2.5512,-8.4146,-7.7487
2.1439,2.7945,-8.3807
8.8289,-2.7846,-7.6407
9.058,2.6106,-1.258
2.5116,8.0752,-1.709
2.5583,-2.9981,-1.908
-3.7144,2.7118,-2.048
-2.5067,-8.5086,4.25
-7.653,-3.2265,3.432
3.6119,-3.0292,4.124
-2.6778,2.6608,4.053
-2.7634,-3.008,-1.789
-8.5044,2.5859,-2.143
3.1997,2.7273,-1.929
-2.1199,8.4528,-2.264
-3.1424,-3.1056,4.19
2.5512,-8.4146,3.761
2.1439,2.7945,3.129
8.8289,-2.7846,3.869
9.058,2.6106,10.252
2.5116,8.0752,9.8007
2.5583,-2.9981,9.6017
-3.7144,2.7118,9.4617
-2.7634,-3.008,9.7207
-8.5044,2.5859,9.3667
3.1997,2.7273,9.5807
-2.1199,8.4528,9.2457
-8.0431,8.6258,-7.6103
-9.1038,3.2405,-7.9733
-2.8261,8.8704,-7.8653
-9.0967,8.6569,-2.1326
-8.0431,8.6258,3.8994
-9.1038,3.2405,3.5364
-2.8261,8.8704,3.6444
-9.0967,8.6569,9.377
9.5171,2.7928,-7.0319
4.3707,8.0749,-7.8499
8.8814,8.1958,-7.0919
9.5171,2.7928,4.4778
4.3707,8.0749,3.6598
9.2604,8.2934,-1.5612
8.8814,8.1958,4.4178
9.2604,8.2934,9.9484
-9.2526,-11.466,-11.933
-9.2519,-11.495,-6.3284
-3.0371,-11.5,-11.518
-9.4768,-5.9797,-11.377
-3.0499,-10.869,-5.8294
-8.8821,-5.8008,-6.0904
-12.215,-8.4574,-12.302
-11.793,-8.7742,-5.6954
-5.7355,-8.3719,-11.578
-12.107,-2.8713,-11.491
-6.2021,-8.4369,-6.0014
-12.345,-2.9208,-6.3044
-5.7312,-12.18,-8.7224
-12.553,-6.3927,-8.5984
-12.034,-10.683,-8.9334
-9.2526,-11.466,-0.42375
-9.2519,-11.495,5.1812
-3.0371,-11.5,-0.008752
-9.4768,-5.9797,0.13225
-3.0499,-10.869,5.6802
-8.8821,-5.8008,5.4192
-12.215,-8.4574,-0.79275
-11.793,-8.7742,5.8142
-5.7355,-8.3719,-0.068752
-12.107,-2.8713,0.018248
-6.2021,-8.4369,5.5082
-12.345,-2.9208,5.2052
-6.4489,-10.944,-2.9268
-12.111,-5.3914,-2.9828
-5.7312,-12.18,2.7872
-12.553,-6.3927,2.9112
-12.088,-12.511,-2.9918
-0.45903,-11.363,-3.1978
-7.4127,-5.8037,-2.7838
-12.034,-10.683,2.5762
-9.2526,-11.466,11.086
-3.0371,-11.5,11.501
-9.4768,-5.9797,11.642
-12.215,-8.4574,10.717
-5.7355,-8.3719,11.441
-12.107,-2.8713,11.528
-6.4489,-10.944,8.5829
-12.111,-5.3914,8.5269
-12.088,-12.511,8.5179
-0.45903,-11.363,8.3119
-7.4127,-5.8037,8.7259
-12.114,0.29207,-3.4224
-12.114,0.29207,8.0873
2.7327,-12.096,-11.551
8.4971,-6.0236,-11.557
2.6253,-11.721,-5.877
8.635,-6.1403,-5.447
8.7488,-11.651,-11.366
8.5841,-11.936,-5.435
11.464,-8.811,-11.85
11.886,-9.1278,-5.243
5.5456,-8.828,-10.877
11.572,-3.2249,-11.039
5.8914,-9.1483,-5.842
11.334,-3.2744,-5.852
5.9062,-12.516,-8.202
11.126,-6.7463,-8.146
11.645,-11.037,-8.481
2.7327,-12.096,-0.041377
8.4971,-6.0236,-0.047377
2.6253,-11.721,5.6326
8.635,-6.1403,6.0626
8.7488,-11.651,0.14362
8.5841,-11.936,6.0746
11.464,-8.811,-0.34038
11.886,-9.1278,6.2666
5.5456,-8.828,0.63262
11.572,-3.2249,0.47062
5.8914,-9.1483,5.6676
11.334,-3.2744,5.6576
5.8171,-11.198,-2.4004
11.567,-5.745,-2.5304
5.9062,-12.516,3.3076
11.126,-6.7463,3.3636
5.3229,-6.8488,-2.6904
11.591,-12.865,-2.5394
11.645,-11.037,3.0286
2.7327,-12.096,11.468
8.4971,-6.0236,11.462
8.7488,-11.651,11.653
11.464,-8.811,11.169
5.5456,-8.828,12.142
11.572,-3.2249,11.98
5.8171,-11.198,9.1093
11.567,-5.745,8.9793
5.3229,-6.8488,8.8193
11.591,-12.865,8.9703
-3.2159,-5.6385,-11.54
-8.9223,-0.44123,-11.776
2.7712,-0.16476,-11.706
-3.1579,5.6314,-11.782
-2.7422,-5.8718,-5.4197
-9.0298,-0.066468,-6.1017
2.7719,-0.19375,-6.1007
-3.0201,5.5147,-5.6717
3.1318,-5.4341,-11.37
-2.9062,0.0042426,-11.591
8.9866,-0.1987,-11.291
2.547,5.3217,-11.15
3.2633,-5.8457,-5.8507
-3.071,-0.28072,-5.6597
8.9739,0.43204,-5.6017
3.1417,5.5006,-5.8627
0.43982,-8.6522,-11.865
-6.0733,-2.9592,-11.844
5.7191,-2.7238,-11.731
-0.19092,2.844,-12.075
0.059397,-8.6776,-5.6347
-5.939,-3.1784,-5.4027
0.23052,2.5272,-5.4677
0.087681,-2.984,-11.089
-6.1094,2.827,-11.102
6.2883,2.9295,-11.351
-0.083439,8.4301,-11.264
0.081317,-3.17,-6.2067
-5.7636,2.5067,-6.0667
5.8216,2.8645,-5.7737
-0.32103,8.3806,-6.0767
-0.26234,-6.5994,-8.3937
-5.7488,-0.86126,-8.4267
6.2925,-0.87893,-8.4947
-0.52892,4.9087,-8.3707
6.074,-5.5635,-8.6227
-0.0098995,0.61801,-8.7057
-0.013435,-10.59,-8.6617
-5.6066,-5.3606,-8.2907
-3.2159,-5.6385,-0.03
-8.9223,-0.44123,-0.266
2.7712,-0.16476,-0.196
-3.1579,5.6314,-0.272
-2.7422,-5.8718,6.09
-9.0298,-0.066468,5.408
2.7719,-0.19375,5.409
-3.0201,5.5147,5.838
3.1318,-5.4341,0.14
-2.9062,0.0042426,-0.081
8.9866,-0.1987,0.219
2.547,5.3217,0.36
3.2633,-5.8457,5.659
-3.071,-0.28072,5.85
8.9739,0.43204,5.908
3.1417,5.5006,5.647
0.43982,-8.6522,-0.355
-6.0733,-2.9592,-0.334
5.7191,-2.7238,-0.221
-0.19092,2.844,-0.565
0.059397,-8.6776,5.875
-5.939,-3.1784,6.107
6.0854,-2.8977,-5.322
0.23052,2.5272,6.042
0.087681,-2.984,0.421
-6.1094,2.827,0.408
6.2883,2.9295,0.159
-0.083439,8.4301,0.246
0.081317,-3.17,5.303
-5.7636,2.5067,5.443
5.8216,2.8645,5.736
-0.32103,8.3806,5.433
-0.034648,-5.0848,-2.701
-5.8379,0.45679,-2.625
5.5748,0.3578,-2.699
-0.087681,5.91,-2.755
-0.26234,-6.5994,3.116
-5.7488,-0.86126,3.083
6.2925,-0.87893,3.015
-0.52892,4.9087,3.139
-6.3321,4.8062,-2.915
-0.064347,-1.2099,-2.764
11.565,-0.061518,-2.97
4.611,5.4978,-2.556
6.074,-5.5635,2.887
-0.0098995,0.61801,2.804
-0.013435,-10.59,2.848
-5.6066,-5.3606,3.219
-3.2159,-5.6385,11.48
-8.9223,-0.44123,11.244
2.7712,-0.16476,11.314
-3.1579,5.6314,11.238
3.1318,-5.4341,11.65
-2.9062,0.0042426,11.429
8.9866,-0.1987,11.729
2.547,5.3217,11.87
0.43982,-8.6522,11.155
-6.0733,-2.9592,11.176
5.7191,-2.7238,11.289
-0.19092,2.844,10.945
6.0854,-2.8977,6.1877
0.087681,-2.984,11.931
-6.1094,2.827,11.918
6.2883,2.9295,11.669
-0.083439,8.4301,11.756
-0.034648,-5.0848,8.8087
-5.8379,0.45679,8.8847
5.5748,0.3578,8.8107
-0.087681,5.91,8.7547
-6.3321,4.8062,8.5947
-0.064347,-1.2099,8.7457
11.565,-0.061518,8.5397
4.611,5.4978,8.9537
-8.8839,11.49,-11.93
-8.8832,11.461,-6.3253
-8.5232,6.2209,-11.594
-2.6684,11.456,-11.515
-8.3917,5.8094,-6.0753
-2.6811,12.087,-5.8263
-11.215,3.0029,-12.089
-5.9359,8.9312,-11.955
-11.596,2.9774,-5.8593
-11.567,8.671,-11.313
-11.574,8.4851,-6.4313
-11.917,5.0556,-8.6183
-5.3625,10.776,-8.7193
-5.581,6.0915,-8.8473
-11.665,12.273,-8.9303
-11.668,1.0647,-8.8863
-8.8839,11.49,-0.42062
-8.8832,11.461,5.1844
-8.5232,6.2209,-0.084623
-2.6684,11.456,-0.005623
-8.3917,5.8094,5.4344
-2.6811,12.087,5.6834
-11.215,3.0029,-0.57962
-5.9359,8.9312,-0.44562
-11.596,2.9774,5.6504
-5.5697,8.7573,-5.5466
-11.567,8.671,0.19638
-11.574,8.4851,5.0784
-11.69,6.5702,-2.9256
-6.0802,12.013,-2.9236
-11.917,5.0556,2.8914
-5.3625,10.776,2.7904
-11.719,10.445,-2.9886
-0.09029,11.594,-3.1946
-5.581,6.0915,2.6624
-11.665,12.273,2.5794
-11.668,1.0647,2.6234
-8.8839,11.49,11.089
-8.5232,6.2209,11.425
-2.6684,11.456,11.504
-11.215,3.0029,10.93
-5.9359,8.9312,11.064
-5.5697,8.7573,5.963
-11.567,8.671,11.706
-11.69,6.5702,8.584
-6.0802,12.013,8.586
-11.719,10.445,8.521
-0.09029,11.594,8.315
8.8078,5.663,-11.312
3.1015,10.86,-11.548
9.2816,5.4296,-5.1919
2.994,11.235,-5.8739
9.1176,11.306,-11.363
8.9528,11.021,-5.4319
12.464,2.6493,-11.637
5.9504,8.3422,-11.616
12.083,2.6238,-5.4069
6.0848,8.123,-5.1749
12.111,8.3174,-10.861
12.105,8.1315,-5.9789
11.761,4.702,-8.1659
6.275,10.44,-8.1989
12.014,11.919,-8.4779
12.01,0.71109,-8.4339
6.4171,5.9409,-8.0629
8.8078,5.663,0.19775
3.1015,10.86,-0.038248
9.2816,5.4296,6.3178
2.994,11.235,5.6358
9.1176,11.306,0.14675
8.9528,11.021,6.0778
12.464,2.6493,-0.12725
5.9504,8.3422,-0.10625
12.083,2.6238,6.1028
6.0848,8.123,6.3348
12.111,8.3174,0.64875
12.105,8.1315,5.5308
11.989,6.2166,-2.4732
6.1859,11.758,-2.3972
11.761,4.702,3.3438
6.275,10.44,3.3108
11.959,10.092,-2.5362
12.014,11.919,3.0318
12.01,0.71109,3.0758
6.4171,5.9409,3.4468
8.8078,5.663,11.707
3.1015,10.86,11.471
9.1176,11.306,11.656
12.464,2.6493,11.382
5.9504,8.3422,11.403
12.111,8.3174,12.158
11.989,6.2166,9.0364
6.1859,11.758,9.1124
11.959,10.092,8.9734
0.3553,12.366,-8.6585
0.3553,12.366,2.8511
0,0,0
-0.24254,5.3705,0.179
0.14284,-0.37477,-5.5287
0.24961,-5.7113,0.026
-5.893,-0.18243,0.369
0.14284,-0.37477,5.981
6.108,-0.059397,0.419
0.23547,5.379,-5.6657
0.23547,5.379,5.844
5.6137,5.7127,0.107
-5.985,-0.18102,-5.3517
0.096167,-5.9114,-5.4887
6.0387,-5.5381,0.105
6.2586,0.088388,-5.3917
-5.6163,6.117,-0.11962
0.096167,-5.9114,6.021
-6.41,-5.5887,-0.12075
-5.985,-0.18102,6.158
6.2586,0.088388,6.118
5.6632,5.6095,-5.336
-5.8117,5.3464,-5.5717
-5.8117,5.3464,5.938
5.6632,5.6095,6.1737
5.8433,-6.3086,-5.347
-6.3605,-5.692,-5.5638
-6.3605,-5.692,5.9459
5.8433,-6.3086,6.1626
0.3869,11.096,0.66075
0,0,-11.51
0,0,11.51
-11.637,-0.20577,0.433
0.018165,-11.861,0.65762
12.042,-0.55936,0.88537
-0.24254,5.3705,-11.331
-5.893,-0.18243,-11.141
6.108,-0.059397,-11.091
-0.14366,-11.37,5.5872
6.1307,11.119,0.59675
-5.9158,-11.361,0.19125
-0.14366,-11.37,-5.9224
0.24961,-5.7113,-11.484
-5.547,11.596,0.19438
-11.405,5.9437,-0.19862
-0.24254,5.3705,11.689
0.22508,11.586,5.5904
0.24961,-5.7113,11.536
-11.799,0.285,5.3626
0.22508,11.586,-5.9193
11.412,-6.2845,0.40362
11.88,-0.068589,-5.6947
5.762,-11.837,0.59362
11.88,-0.068589,5.815
-5.893,-0.18243,11.879
-11.799,0.285,-6.147
6.108,-0.059397,11.929
12.273,5.5901,0.25375
-12.266,-5.931,-0.048752
6.0388,11.12,-5.1239
-5.7652,-11.213,-5.6194
-5.7652,-11.213,5.8902
5.6137,5.7127,-11.403
6.0387,-5.5381,-11.405
5.6701,-11.836,-5.127
-5.3964,11.743,-5.6163
-5.6163,6.117,11.39
5.6137,5.7127,11.617
-11.559,5.7436,-5.7133
-11.559,5.7436,5.7964
6.0388,11.12,6.3858
-5.3964,11.743,5.8934
-6.41,-5.5887,11.389
6.0387,-5.5381,11.615
12.12,5.39,-5.2609
-5.6163,6.117,-11.629
-11.788,-5.9225,5.6162
-6.41,-5.5887,-11.63
-11.788,-5.9225,-5.8934
11.89,-6.2761,-5.441
5.6701,-11.836,6.3826
12.12,5.39,6.2488
11.89,-6.2761,6.0686
0.3869,11.096,-10.849
-11.637,-0.20577,-11.077
12.042,-0.55936,-10.624
0.018165,-11.861,-10.852
0.3869,11.096,12.17
11.655,-11.655,0.22462
-11.655,11.655,-0.22462
-12.024,-11.301,-0.22775
12.024,11.301,0.22775
-11.637,-0.20577,11.943
6.1307,11.119,-10.913
0.018165,-11.861,12.167
-5.9158,-11.361,-11.318
5.762,-11.837,-10.916
-11.512,11.28,-5.7533
-11.512,11.28,5.7564
11.412,-6.2845,-11.106
-5.547,11.596,-11.315
-11.405,5.9437,11.311
12.167,10.927,-5.3009
12.042,-0.55936,12.395
-5.9158,-11.361,11.701
-5.547,11.596,11.704
-11.405,5.9437,-11.708
12.167,10.927,6.2088
6.1307,11.119,12.106
12.273,5.5901,-11.256
-11.881,-11.676,5.7532
-11.881,-11.676,-5.7564
11.412,-6.2845,11.913
11.798,-12.03,-5.304
-12.266,-5.931,11.461
-12.266,-5.931,-11.558
5.762,-11.837,12.103
12.273,5.5901,11.763
11.798,-12.03,6.2056
11.655,-11.655,-11.285
-11.655,11.655,11.285
-12.024,-11.301,11.282
12.024,11.301,-11.282
11.655,-11.655,11.734
-11.655,11.655,-11.734
-12.024,-11.301,-11.737
12.024,11.301,11.737
