-10.243,-7.6336,-9.2627
-4.0567,-8.9325,-9.8567
-9.9222,-9.0506,-3.5486
-10.243,-7.6336,3.6234
-5.4165,-8.3152,-2.5626
-4.0567,-8.9325,3.0294
-9.9222,-9.0506,9.3376
-5.4165,-8.3152,10.324
2.1685,-10.265,-9.6698
9.1745,-3.0128,-10.182
9.5783,-9.434,-9.7408
1.5611,-10.387,-2.2966
8.2581,-4.6872,-2.9576
2.1685,-10.265,3.2164
9.1745,-3.0128,2.7044
9.2141,-9.5917,-3.6036
9.5783,-9.434,3.1454
1.5611,-10.387,10.589
8.2581,-4.6872,9.9285
9.2141,-9.5917,9.2825
-10.769,2.6722,-9.8461
-2.9246,-3.124,-9.0861
-3.7625,9.9242,-10.358
2.9196,5.0876,-9.0901
2.9246,-2.5413,-10.25
-3.3588,3.503,-9.9171
9.1061,3.7887,-9.6841
-9.4922,-2.861,-9.6651
-11.376,2.5498,-2.473
-4.0793,-3.1629,-2.982
-4.6789,8.2498,-3.134
3.2407,3.6706,-3.376
-10.769,2.6722,3.04
-2.9246,-3.124,3.8
-3.7625,9.9242,2.528
2.9196,5.0876,3.796
2.0775,-2.4975,-3.33
-3.7229,3.3453,-3.78
7.7464,4.406,-2.39
-10.584,-2.3731,-3.053
2.9246,-2.5413,2.636
-3.3588,3.503,2.969
9.1061,3.7887,3.202
-9.4922,-2.861,3.221
-11.376,2.5498,10.413
-4.0793,-3.1629,9.9041
-4.6789,8.2498,9.7521
3.2407,3.6706,9.5101
2.0775,-2.4975,9.5561
-3.7229,3.3453,9.1061
7.7464,4.406,10.496
-10.584,-2.3731,9.8331
-10.012,10.396,-10.426
-10.86,10.44,-3.5064
-10.012,10.396,2.4596
-10.86,10.44,9.3798
10.238,9.5972,-8.9136
3.6707,9.8603,-9.4926
9.0836,9.5583,-2.8094
10.238,9.5972,3.9726
2.5789,10.348,-2.8804
3.6707,9.8603,3.3936
9.0836,9.5583,10.077
2.5789,10.348,10.006
-10.673,-2.3982,-8.7077
-9.7716,-9.0584,-9.0267
-10.5,-2.9334,-1.9666
-10.673,-2.3982,4.1784
-10.95,-8.6956,-4.6016
-9.7716,-9.0584,3.8594
-10.5,-2.9334,10.92
-10.95,-8.6956,8.2846
9.4326,-9.1031,-8.3018
7.8218,-9.6603,-2.9896
9.4326,-9.1031,4.5844
2.7681,-10.273,-3.1856
8.6845,-3.5636,-2.0136
7.8218,-9.6603,9.8965
2.7681,-10.273,9.7005
8.6845,-3.5636,10.872
-2.4027,-8.9095,-10.143
2.4897,10.323,-8.5351
2.8129,-1.6193,-9.0311
-3.5044,3.8339,-8.4781
-3.4295,-4.0956,-10.129
3.1693,-8.8021,-9.5021
3.3913,3.6628,-8.8541
8.5694,-2.7556,-9.1141
-4.1076,-8.7151,-3.426
2.663,9.7878,-1.794
3.2117,-1.5486,-3.177
-5.1152,3.2767,-3.166
-2.4027,-8.9095,2.743
2.4897,10.323,4.351
2.8129,-1.6193,3.855
-3.5044,3.8339,4.408
-4.0899,-1.7381,-2.744
-10.169,2.6637,-3.362
2.2125,4.0256,-4.429
-4.2525,9.3734,-2.19
-3.4295,-4.0956,2.757
3.1693,-8.8021,3.384
3.3913,3.6628,4.032
8.5694,-2.7556,3.772
-4.1076,-8.7151,9.4601
2.663,9.7878,11.092
3.2117,-1.5486,9.7091
-5.1152,3.2767,9.7201
-4.0899,-1.7381,10.142
-10.169,2.6637,9.5241
2.2125,4.0256,8.4571
-4.2525,9.3734,10.696
-10.124,11.318,-9.2075
-9.7678,4.135,-9.6785
-4.3676,10.181,-9.2905
-9.7254,11.388,-3.3534
-10.124,11.318,3.6786
-9.7678,4.135,3.2076
-4.3676,10.181,3.5956
-9.7254,11.388,9.5328
10.76,3.8117,-9.9706
9.7334,8.6256,-9.9566
9.0553,4.0061,-3.2534
10.76,3.8117,2.9156
9.073,10.983,-2.5714
9.7334,8.6256,2.9296
9.0553,4.0061,9.6327
9.073,10.983,10.315
-0.68615,-12.664,-10.015
-0.68615,-12.664,2.8708
-10.185,-12.777,-13.049
-9.7178,-11.545,-6.3847
-3.9309,-12.133,-12.723
-10.598,-5.2209,-12.543
-3.6989,-12.372,-7.6767
-12.743,-9.2323,-12.644
-13.194,-8.6582,-7.6487
-7.5689,-8.9248,-12.268
-6.7155,-8.7756,-6.5827
-6.8682,-12.735,-9.4747
-13.138,-4.6708,-9.2297
-13.465,-13.127,-10.007
-13.623,0.27329,-10.192
-10.185,-12.777,-0.16255
-9.7178,-11.545,6.5014
-3.9309,-12.133,0.16345
-10.598,-5.2209,0.34345
-3.6989,-12.372,5.2094
-10.902,-5.5985,-6.0356
-12.743,-9.2323,0.24245
-13.194,-8.6582,5.2374
-7.5689,-8.9248,0.61845
-6.7155,-8.7756,6.3034
-6.4206,-12.325,-3.2396
-13.293,-6.7433,-3.0746
-6.8682,-12.735,3.4114
-13.138,-4.6708,3.6564
-13.627,-11.226,-3.9266
-2.8186,-11.68,-3.5256
-7.7351,-5.3899,-3.1186
-13.465,-13.127,2.8794
-13.623,0.27329,2.6944
-10.185,-12.777,12.724
-3.9309,-12.133,13.05
-10.598,-5.2209,13.23
-10.902,-5.5985,6.8506
-12.743,-9.2323,13.129
-7.5689,-8.9248,13.505
-6.4206,-12.325,9.6466
-13.293,-6.7433,9.8116
-13.627,-11.226,8.9596
-2.8186,-11.68,9.3606
-7.7351,-5.3899,9.7676
2.5815,-13.304,-12.473
8.7276,-7.5482,-13.166
2.7377,-12.483,-5.8458
8.8372,-6.1347,-6.5828
8.8549,-12,-12.77
9.468,-12.868,-6.4798
13.357,-9.4482,-12.295
12.906,-8.874,-7.2998
5.2267,-9.4906,-13.18
11.411,-2.6713,-13.073
6.1269,-9.2481,-5.9378
5.9218,-11.108,-9.3728
12.962,-4.8866,-8.8808
6.0845,-6.8764,-9.5928
12.634,-13.343,-9.6578
12.477,0.057462,-9.8428
2.5815,-13.304,0.41336
8.7276,-7.5482,-0.27964
2.7377,-12.483,7.0404
8.8372,-6.1347,6.3034
8.8549,-12,0.11636
9.468,-12.868,6.4064
13.357,-9.4482,0.59136
12.906,-8.874,5.5864
5.2267,-9.4906,-0.29364
11.411,-2.6713,-0.18664
6.1269,-9.2481,6.9484
11.377,-2.6133,-5.2656
6.4507,-12.856,-3.2436
12.807,-6.9592,-2.7256
5.9218,-11.108,3.5134
12.962,-4.8866,4.0054
12.472,-11.442,-3.5776
6.0845,-6.8764,3.2934
12.634,-13.343,3.2284
12.477,0.057462,3.0434
2.5815,-13.304,13.299
8.7276,-7.5482,12.606
8.8549,-12,13.002
13.357,-9.4482,13.477
5.2267,-9.4906,12.592
11.411,-2.6713,12.699
11.377,-2.6133,7.6205
6.4507,-12.856,9.6425
12.807,-6.9592,10.16
12.472,-11.442,9.3085
-3.7639,-6.2148,-12.599
-10.356,-0.36699,-12.649
2.9776,-0.055861,-12.876
-4.2094,5.3889,-13.342
-3.776,-5.7544,-6.0361
-10.199,0.45396,-6.0221
3.445,1.1766,-6.2121
-4.0998,6.8024,-6.7591
2.844,-5.217,-12.455
-4.0821,0.93692,-12.946
9.232,0.58831,-12.55
2.5647,7.5003,-12.37
2.605,-6.4983,-7.0601
-3.4691,0.069296,-6.6561
9.4639,0.34931,-7.5041
-1.3541,-8.9357,-13.507
-6.376,-2.7457,-12.523
6.2904,-2.5541,-12.35
0.42002,3.4889,-12.471
-0.93126,-8.6401,-6.3841
-6.8158,-2.4558,-6.7641
-0.031113,4.063,-7.4761
-1.079,-2.5484,-13.564
-7.7103,3.4464,-13.356
5.5939,3.7965,-12.095
-1.5259,10.266,-13.249
0.80469,-2.2514,-6.5891
-6.8101,3.689,-6.1141
6.4474,3.9457,-6.4101
0.06364,-6.7953,-10.258
-7.0152,1.8293,-9.5491
6.2947,-0.014142,-9.3021
0.024749,8.0504,-9.0571
-6.8526,6.0606,-9.7691
-0.30264,-0.40588,-9.8341
-0.46033,12.995,-10.019
-6.4934,-6.1638,-9.4261
-3.7639,-6.2148,0.287
-10.356,-0.36699,0.237
2.9776,-0.055861,0.01
-4.2094,5.3889,-0.456
-3.776,-5.7544,6.85
-10.199,0.45396,6.864
3.445,1.1766,6.674
-4.0998,6.8024,6.127
2.844,-5.217,0.431
-4.0821,0.93692,-0.06
9.232,0.58831,0.336
2.5647,7.5003,0.516
2.605,-6.4983,5.826
-3.4691,0.069296,6.23
9.4639,0.34931,5.382
2.2606,7.1227,-5.863
-1.3541,-8.9357,-0.621
-6.376,-2.7457,0.363
6.2904,-2.5541,0.536
0.42002,3.4889,0.415
-0.93126,-8.6401,6.502
-6.8158,-2.4558,6.122
5.4391,-2.465,-5.883
-0.031113,4.063,5.41
-1.079,-2.5484,-0.678
-7.7103,3.4464,-0.47
5.5939,3.7965,0.791
-1.5259,10.266,-0.363
0.80469,-2.2514,6.297
-6.8101,3.689,6.772
6.4474,3.9457,6.476
-1.5599,10.324,-5.442
-0.72832,-5.3514,-3.382
-6.4863,0.081317,-3.42
6.7423,0.39669,-3.067
-0.13011,5.9779,-2.902
0.06364,-6.7953,2.628
-7.0152,1.8293,3.337
6.2947,-0.014142,3.584
0.024749,8.0504,3.829
4.0666,-5.9347,-3.264
-0.46457,1.4955,-3.754
10.344,1.0416,-3.353
5.4278,7.3313,-2.946
-6.8526,6.0606,3.117
-0.30264,-0.40588,3.052
-0.46033,12.995,2.867
-6.4934,-6.1638,3.46
-3.7639,-6.2148,13.173
-10.356,-0.36699,13.123
2.9776,-0.055861,12.896
-4.2094,5.3889,12.43
2.844,-5.217,13.317
-4.0821,0.93692,12.826
9.232,0.58831,13.222
2.5647,7.5003,13.402
2.2606,7.1227,7.0231
-1.3541,-8.9357,12.265
-6.376,-2.7457,13.249
6.2904,-2.5541,13.422
0.42002,3.4889,13.301
5.4391,-2.465,7.0031
-1.079,-2.5484,12.208
-7.7103,3.4464,12.416
5.5939,3.7965,13.677
-1.5259,10.266,12.523
-1.5599,10.324,7.4441
-0.72832,-5.3514,9.5041
-6.4863,0.081317,9.4661
6.7423,0.39669,9.8191
-0.13011,5.9779,9.9841
4.0666,-5.9347,9.6221
-0.46457,1.4955,9.1321
10.344,1.0416,9.5331
5.4278,7.3313,9.9401
-9.9594,12.881,-13.052
-9.492,14.114,-6.3885
-10.093,7.72,-12.631
-3.7051,13.525,-12.726
-10.332,6.4387,-7.2365
-3.4731,13.286,-7.6805
-14.291,4.0013,-13.683
-6.6466,10.383,-12.526
-13.868,4.2969,-6.5605
-14.016,10.389,-13.74
-12.132,10.686,-6.7655
-12.873,6.1417,-10.434
-6.6424,12.923,-9.4785
-13.24,12.531,-10.01
-9.9594,12.881,-0.16636
-9.492,14.114,6.4976
-10.093,7.72,0.25464
-3.7051,13.525,0.15964
-10.332,6.4387,5.6496
-3.4731,13.286,5.2056
-14.291,4.0013,-0.79736
-6.6466,10.383,0.35964
-13.868,4.2969,6.3256
-7.498,10.472,-6.0594
-14.016,10.389,-0.85436
-12.132,10.686,6.1206
-13.665,7.5857,-3.5584
-6.1948,13.334,-3.2434
-12.873,6.1417,2.4516
-6.6424,12.923,3.4076
-8.8705,7.0023,-3.4404
-13.402,14.433,-3.9304
-2.5928,13.979,-3.5294
-13.24,12.531,2.8756
-9.9594,12.881,12.72
-10.093,7.72,13.141
-3.7051,13.525,13.046
-14.291,4.0013,12.089
-6.6466,10.383,13.246
-7.498,10.472,6.8268
-14.016,10.389,12.032
-13.665,7.5857,9.3278
-6.1948,13.334,9.6428
-8.8705,7.0023,9.4458
-13.402,14.433,8.9558
-2.5928,13.979,9.3568
9.3989,6.5064,-12.427
2.8073,12.354,-12.477
9.3869,6.9668,-5.8636
2.9635,13.175,-5.8496
9.0807,13.658,-12.774
9.6938,12.791,-6.4836
11.809,3.7855,-13.335
6.7869,9.9755,-12.351
12.232,4.0811,-6.2116
6.3471,10.265,-6.5916
12.084,10.173,-13.392
13.968,10.47,-6.4166
13.226,5.9259,-10.086
12.86,12.315,-9.6616
6.6695,6.5574,-9.2536
9.3989,6.5064,0.45955
2.8073,12.354,0.40955
9.3869,6.9668,7.0226
2.9635,13.175,7.0366
9.0807,13.658,0.11255
9.6938,12.791,6.4026
11.809,3.7855,-0.44845
6.7869,9.9755,0.53555
12.232,4.0811,6.6746
6.3471,10.265,6.2946
12.084,10.173,-0.50545
13.968,10.47,6.4696
12.435,7.3698,-3.2094
6.6766,12.803,-3.2474
13.226,5.9259,2.8006
12.698,14.217,-3.5814
12.86,12.315,3.2246
6.6695,6.5574,3.6326
9.3989,6.5064,13.346
2.8073,12.354,13.296
9.0807,13.658,12.999
11.809,3.7855,12.438
6.7869,9.9755,13.422
12.084,10.173,12.381
12.435,7.3698,9.6767
6.6766,12.803,9.6387
12.698,14.217,9.3047
12.65,7.0679,9.7937
6.3782,12.819,9.8427
12.604,13.919,9.4897
6.0897,12.668,9.8557
12.666,13.578,9.7667
5.6619,12.453,10.108
12.866,13.114,10.156
0.80918,12.754,-9.7349
0.80918,12.754,3.1512
0,0,0
-0.34648,-5.7657,-0.246
6.2904,0.73256,0.645
-0.014142,0.95177,6.331
-0.2185,6.475,0.117
-0.014142,0.95177,-6.5551
-7.2288,0.53669,0.724
-0.53528,-5.6363,-6.3921
-0.53528,-5.6363,6.494
5.7953,-6.5066,0.24136
6.4142,0.57205,-6.1881
-7.0902,-5.6745,0.556
6.4142,0.57205,6.698
6.0727,7.0467,0.72855
-6.8243,0.58336,6.356
-6.8243,0.58336,-6.5301
-0.9553,7.1368,6.279
-7.1418,6.4304,0.065
-0.9553,7.1368,-6.6071
5.5374,-5.8937,-6.0381
5.5374,-5.8937,6.848
5.7311,6.9233,-6.0131
-7.4318,-5.7979,-6.1857
5.7311,6.9233,6.873
-7.4318,-5.7979,6.7004
-7.3997,7.0433,-6.2145
12.167,0.12534,0.014357
-7.3997,7.0433,6.6716
-0.99586,-12.596,-0.15819
0,0,-12.886
0,0,12.886
11.618,0.56781,-5.904
-0.77004,13.062,-0.162
11.618,0.56781,6.9821
-1.5444,-12.153,-6.0766
5.7083,-12.4,0.90036
6.2904,0.73256,-12.241
-6.8724,-11.989,0.47245
-0.34648,-5.7657,12.64
-13.933,0.34117,-0.33455
-1.5444,-12.153,6.8096
-7.2288,0.53669,-12.162
12.719,-6.4621,0.29336
-0.2185,6.475,-12.769
-0.34648,-5.7657,-13.132
-0.2185,6.475,13.003
5.9341,13.258,0.89655
12.816,6.9555,-0.073449
-13.381,-6.2462,-0.055551
11.982,-5.8002,-6.4308
11.982,-5.8002,6.4554
-1.3186,13.505,-6.0804
6.2904,0.73256,13.531
-13.284,7.1713,-0.42236
6.1128,-12.354,-6.3538
-1.3186,13.505,6.8058
-6.6466,13.67,0.46864
6.1128,-12.354,6.5324
-6.7487,-12.149,-6.3607
6.0727,7.0467,-12.158
-7.0902,-5.6745,-12.33
-6.7487,-12.149,6.5254
5.7953,-6.5066,-12.645
-7.2288,0.53669,13.61
5.7953,-6.5066,13.127
12.628,7.0849,-6.2196
-14.481,0.78364,-6.2529
12.628,7.0849,6.6666
-14.481,0.78364,6.6332
-7.1418,6.4304,-12.821
6.3386,13.305,-6.3576
6.3386,13.305,6.5286
-7.1418,6.4304,12.951
-7.0902,-5.6745,13.442
-6.5229,13.509,-6.3645
-6.5229,13.509,6.5216
-14.118,-5.5844,6.1064
6.0727,7.0467,13.615
-13.472,7.3007,6.3176
-14.118,-5.5844,-6.7797
-13.472,7.3007,-6.5685
12.167,0.12534,-12.872
12.167,0.12534,12.9
-0.99586,-12.596,12.728
-0.99586,-12.596,-13.044
5.7083,-12.4,-11.986
-0.77004,13.062,12.724
-12.937,12.937,-0.17636
12.937,-12.937,0.17636
-13.163,-12.721,-0.17255
13.163,12.721,0.17255
-0.77004,13.062,-13.048
-6.8724,-11.989,-12.414
-13.177,-11.769,6.1584
12.923,-11.985,-6.3788
-13.933,0.34117,12.552
12.923,-11.985,6.5074
5.9341,13.258,-11.99
-13.177,-11.769,-6.7277
12.719,-6.4621,-12.593
-13.933,0.34117,-13.221
-6.8724,-11.989,13.359
5.7083,-12.4,13.786
12.816,6.9555,12.813
12.719,-6.4621,13.179
12.816,6.9555,-12.96
-13.381,-6.2462,12.831
-13.284,7.1713,12.464
-6.6466,13.67,-12.417
-13.381,-6.2462,-12.942
-12.951,13.889,6.1546
13.149,13.673,-6.3826
5.9341,13.258,13.783
13.149,13.673,6.5036
-13.284,7.1713,-13.308
-12.951,13.889,-6.7315
-6.6466,13.67,13.355
12.937,-12.937,-12.71
-12.937,12.937,12.71
-13.163,-12.721,12.714
13.163,12.721,-12.714
-12.937,12.937,-13.062
12.937,-12.937,13.062
-13.163,-12.721,-13.059
13.163,12.721,13.059
