-10.241,-9.7853,-10.236
-10.229,-3.0939,-10.336
-10.522,-9.2274,-3.4856
-10.241,-9.7853,2.6504
-3.3058,-9.8871,-4.0226
-10.516,-3.1293,-4.0516
-10.229,-3.0939,2.5504
-10.522,-9.2274,9.4006
-3.3058,-9.8871,8.8636
-10.516,-3.1293,8.8346
9.7501,-3.9108,-10.743
9.8668,-8.7425,-9.7458
9.6299,-3.7284,-2.9466
9.7501,-3.9108,2.1434
8.9744,-9.3449,-3.9996
9.8668,-8.7425,3.1404
9.6299,-3.7284,9.9395
8.9744,-9.3449,8.8865
2.6778,-9.4519,-10.157
-3.3375,-3.5157,-10.459
-3.1869,9.0262,-10.919
2.9218,2.9359,-10.063
3.2838,-3.4776,-9.9341
-3.0703,4.1946,-9.9221
-2.6934,-9.0276,-9.7821
2.9338,9.6273,-10.163
2.7598,-9.9313,-3.285
-3.6395,-3.1615,-3.697
-3.3071,9.2087,-3.123
2.641,3.4938,-3.313
2.6778,-9.4519,2.729
-3.3375,-3.5157,2.427
-3.1869,9.0262,1.967
2.9218,2.9359,2.823
2.9854,-4.1238,-3.769
-3.9626,3.5921,-4.176
9.8571,2.8341,-3.85
2.6467,9.5919,-3.879
3.2838,-3.4776,2.952
-3.0703,4.1946,2.964
-2.6934,-9.0276,3.104
2.9338,9.6273,2.723
2.7598,-9.9313,9.6011
-3.6395,-3.1615,9.1891
-3.3071,9.2087,9.7631
2.641,3.4938,9.5731
2.9854,-4.1238,9.1171
-3.9626,3.5921,8.7101
9.8571,2.8341,9.0361
2.6467,9.5919,9.0071
-10.259,3.4851,-10.333
-9.6532,9.4595,-10.11
-10.177,3.0057,-3.4614
-10.259,3.4851,2.5526
-9.9516,8.8132,-3.9454
-9.6532,9.4595,2.7756
-10.177,3.0057,9.4248
-9.9516,8.8132,8.9408
9.8253,9.2055,-10.287
10.469,3.6936,-9.6096
9.5234,9.5597,-3.5244
9.8253,9.2055,2.5996
10.469,3.6936,3.2766
9.5234,9.5597,9.3617
-3.7223,-10.049,-10.233
-9.4873,-3.4864,-9.0997
-8.9605,-9.786,-9.4557
-3.7223,-10.049,2.6534
-9.4873,-3.4864,3.7864
-9.7079,-9.8984,-2.4216
-8.9605,-9.786,3.4304
-9.7079,-9.8984,10.465
9.625,-10.13,-9.2528
3.495,-9.5861,-8.8998
9.4482,-10.128,-2.8186
9.625,-10.13,3.6334
3.4144,-9.8661,-1.9156
10.855,-3.3437,-3.7176
3.495,-9.5861,3.9864
9.4482,-10.128,10.067
3.4144,-9.8661,10.97
10.855,-3.3437,9.1685
9.4406,2.6722,-10.06
3.6755,9.2348,-8.9271
3.3517,-2.9911,-8.5181
-3.3121,2.8072,-9.4291
-2.5732,-3.0441,-9.2581
-9.442,3.351,-9.0761
4.2023,2.9352,-9.2831
9.6966,-3.0611,-9.5871
-3.0144,-9.8083,-2.383
-9.5488,-3.3064,-2.574
3.3701,-3.6614,-2.397
-3.4889,2.8086,-2.995
9.4406,2.6722,2.826
3.6755,9.2348,3.959
3.3517,-2.9911,4.368
-3.3121,2.8072,3.457
-3.148,-4.1196,-2.656
-9.5226,3.071,-2.092
3.4549,2.8228,-2.249
-2.0824,9.5933,-3.894
-2.5732,-3.0441,3.628
-9.442,3.351,3.81
4.2023,2.9352,3.603
9.6966,-3.0611,3.299
-3.0144,-9.8083,10.503
-9.5488,-3.3064,10.312
3.3701,-3.6614,10.489
-3.4889,2.8086,9.8911
-3.148,-4.1196,10.23
-9.5226,3.071,10.794
3.4549,2.8228,10.637
-2.0824,9.5933,8.9921
-9.5854,9.946,-8.6945
-3.2405,9.876,-9.7635
-9.567,9.2756,-2.5734
-9.5854,9.946,4.1916
-3.2405,9.876,3.1226
-9.567,9.2756,10.313
10.59,9.6771,-9.0856
10.148,2.9129,-2.2104
3.6141,9.4148,-2.4014
10.015,8.6016,-2.4834
10.59,9.6771,3.8006
10.148,2.9129,10.676
3.6141,9.4148,10.485
10.015,8.6016,10.403
-0.37926,-12.975,-3.4852
-0.37926,-12.975,9.4009
-10.193,-13.103,-13.831
-9.7553,-12.308,-6.9567
-3.4946,-12.752,-13.517
-9.9773,-6.1685,-13.774
-3.2224,-13.004,-6.5027
-9.8826,-6.4428,-6.6827
-12.976,-9.518,-12.744
-13.325,-9.53,-7.6877
-6.8307,-9.8496,-12.463
-13.451,-3.1187,-13.81
-5.8302,-9.6722,-7.5477
-12.382,-3.0155,-7.1527
-6.4673,-13.725,-9.9997
-12.868,-5.4444,-10.56
-12.86,-13.429,-10.105
-1.287,-13.013,-10.044
-7.1001,-6.4096,-9.9627
-10.193,-13.103,-0.94455
-9.7553,-12.308,5.9294
-3.4946,-12.752,-0.63055
-9.9773,-6.1685,-0.88755
-3.2224,-13.004,6.3834
-9.8826,-6.4428,6.2034
-12.976,-9.518,0.14245
-13.325,-9.53,5.1984
-6.8307,-9.8496,0.42345
-13.451,-3.1187,-0.92355
-5.8302,-9.6722,5.3384
-12.382,-3.0155,5.7334
-6.8859,-11.572,-3.4746
-14.089,-6.4082,-4.1436
-6.4673,-13.725,2.8864
-12.868,-5.4444,2.3264
-13.702,-11.444,-3.6116
-13.316,-0.037834,-3.6616
-6.526,-7.1987,-3.6086
-12.86,-13.429,2.7814
-1.287,-13.013,2.8424
-7.1001,-6.4096,2.9234
-10.193,-13.103,11.942
-3.4946,-12.752,12.256
-9.9773,-6.1685,11.999
-12.976,-9.518,13.029
-6.8307,-9.8496,13.31
-13.451,-3.1187,11.963
-6.8859,-11.572,9.4116
-14.089,-6.4082,8.7426
-13.702,-11.444,9.2746
-13.316,-0.037834,9.2246
-6.526,-7.1987,9.2776
-14.224,-0.076205,-10.22
-14.224,-0.076205,2.6661
3.1974,-13.392,-12.82
9.6037,-7.1331,-13.508
3.1797,-12.596,-6.9398
9.5868,-5.7076,-6.5688
9.6023,-12.494,-11.888
9.6617,-13.063,-6.9458
13.124,-9.7338,-12.395
12.775,-9.7459,-7.3388
6.199,-9.8137,-11.827
12.649,-3.3345,-13.461
6.7194,-9.6582,-7.3358
13.718,-3.2313,-6.8038
6.2047,-14.107,-9.5158
13.232,-5.6602,-10.211
13.24,-13.645,-9.7558
3.1974,-13.392,0.066357
9.6037,-7.1331,-0.62164
3.1797,-12.596,5.9464
9.5868,-5.7076,6.3174
9.6023,-12.494,0.99836
9.6617,-13.063,5.9404
13.124,-9.7338,0.49136
12.775,-9.7459,5.5474
6.199,-9.8137,1.0594
12.649,-3.3345,-0.57464
6.7194,-9.6582,5.5504
13.718,-3.2313,6.0824
6.4345,-11.992,-2.7976
12.011,-6.624,-3.7946
6.2047,-14.107,3.3704
13.232,-5.6602,2.6754
5.593,-7.464,-3.0466
12.398,-11.66,-3.2626
12.784,-0.25366,-3.3126
13.24,-13.645,3.1304
3.1974,-13.392,12.952
9.6037,-7.1331,12.264
9.6023,-12.494,13.884
13.124,-9.7338,13.377
6.199,-9.8137,13.945
12.649,-3.3345,12.311
6.4345,-11.992,10.088
12.011,-6.624,9.0915
5.593,-7.464,9.8395
12.398,-11.66,9.6235
12.784,-0.25366,9.5735
-3.4316,-7.0067,-12.949
-9.7397,-0.45538,-12.996
2.9698,-0.38184,-13.658
-3.3333,5.8039,-13.684
-3.1813,-5.8966,-6.9471
-9.7574,0.34153,-7.1161
3.4075,0.41366,-6.7841
-3.3503,7.2295,-6.7451
3.0003,-6.2628,-13.009
-3.3347,0.44265,-12.064
9.6683,-0.030406,-13.344
3.1855,6.5528,-13.601
3.2923,-6.5704,-6.8291
-3.2753,-0.12587,-7.1221
9.9405,-0.28284,-6.3301
3.2803,6.2784,-6.5101
-0.11879,-9.7199,-13.121
-6.2445,-3.2081,-13.372
6.7896,-3.4083,-14.234
0.18668,3.2032,-12.571
0.14849,-9.5516,-6.8221
-0.16193,3.1912,-7.5151
-0.38749,-3.1565,-13.745
-6.738,3.1233,-12.003
6.3321,2.8716,-12.29
-0.2885,9.6025,-13.637
-6.2176,3.2789,-7.5121
7.3327,3.049,-7.3751
0.78065,9.7057,-6.9801
0.18102,-5.7191,-9.6861
-6.7324,-1.1703,-9.6921
6.6956,-1.0034,-9.8271
0.29486,7.2768,-10.387
6.4283,-5.9333,-9.8901
0.30335,-0.70781,-9.9321
11.876,-0.29204,-9.8711
6.0627,6.3116,-9.7901
-3.4316,-7.0067,-0.063
-9.7397,-0.45538,-0.11
2.9698,-0.38184,-0.772
-3.3333,5.8039,-0.798
-3.1813,-5.8966,5.939
-9.7574,0.34153,5.77
3.4075,0.41366,6.102
-3.3503,7.2295,6.141
3.0003,-6.2628,-0.123
-3.3347,0.44265,0.822
9.6683,-0.030406,-0.458
3.1855,6.5528,-0.715
3.2923,-6.5704,6.057
-3.2753,-0.12587,5.764
9.9405,-0.28284,6.556
3.2803,6.2784,6.376
-0.11879,-9.7199,-0.235
-6.2445,-3.2081,-0.486
6.7896,-3.4083,-1.348
0.18668,3.2032,0.315
0.14849,-9.5516,6.064
-7.204,-3.2343,-6.06
5.8499,-2.9946,-5.988
-0.16193,3.1912,5.371
-0.38749,-3.1565,-0.859
-6.738,3.1233,0.883
6.3321,2.8716,0.596
-0.2885,9.6025,-0.751
-0.091217,-2.9578,-6.134
-6.2176,3.2789,5.374
7.3327,3.049,5.511
0.78065,9.7057,5.906
-0.98217,-6.7479,-3.42
-6.5026,0.94469,-2.974
6.277,1.149,-3.302
-0.92631,6.313,-3.971
0.18102,-5.7191,3.2
-6.7324,-1.1703,3.194
6.6956,-1.0034,3.059
0.29486,7.2768,2.499
-7.344,5.473,-3.223
-0.53882,1.277,-3.439
-0.15344,12.683,-3.489
6.6369,5.5225,-3.436
6.4283,-5.9333,2.996
0.30335,-0.70781,2.954
11.876,-0.29204,3.015
6.0627,6.3116,3.096
-3.4316,-7.0067,12.823
-9.7397,-0.45538,12.776
2.9698,-0.38184,12.114
-3.3333,5.8039,12.088
3.0003,-6.2628,12.763
-3.3347,0.44265,13.708
9.6683,-0.030406,12.428
3.1855,6.5528,12.171
-0.11879,-9.7199,12.651
-6.2445,-3.2081,12.4
6.7896,-3.4083,11.538
0.18668,3.2032,13.201
-7.204,-3.2343,6.8261
5.8499,-2.9946,6.8981
-0.38749,-3.1565,12.027
-6.738,3.1233,13.769
6.3321,2.8716,13.482
-0.2885,9.6025,12.135
-0.091217,-2.9578,6.7521
-0.98217,-6.7479,9.4661
-6.5026,0.94469,9.9121
6.277,1.149,9.5841
-0.92631,6.313,8.9151
-7.344,5.473,9.6631
-0.53882,1.277,9.4471
-0.15344,12.683,9.3971
6.6369,5.5225,9.4501
-9.9672,12.555,-13.834
-9.5295,13.351,-6.9605
-9.9368,6.6742,-13.185
-3.2688,12.907,-13.52
-9.6447,6.3666,-7.0055
-2.9965,12.654,-6.5065
-13.056,3.2171,-13.297
-6.1474,9.5288,-14.41
-12.789,3.3854,-6.9985
-13.325,9.7805,-13.921
-12.756,7.218,-9.8625
-6.2414,11.934,-10.003
-6.5087,7.0037,-10.066
-12.634,12.229,-10.108
-1.0612,12.645,-10.047
-9.9672,12.555,-0.94836
-9.5295,13.351,5.9256
-9.9368,6.6742,-0.29936
-3.2688,12.907,-0.63436
-9.6447,6.3666,5.8806
-2.9965,12.654,6.3796
-13.056,3.2171,-0.41136
-6.1474,9.5288,-1.5244
-12.789,3.3854,5.8876
-7.0871,9.9424,-6.1644
-13.325,9.7805,-1.0354
-13.028,9.9792,-6.3104
-13.919,6.1891,-3.5964
-6.6601,14.086,-3.4784
-12.756,7.218,3.0236
-6.2414,11.934,2.8826
-13.476,14.214,-3.6154
-6.5087,7.0037,2.8196
-12.634,12.229,2.7776
-1.0612,12.645,2.8386
-9.9672,12.555,11.938
-9.9368,6.6742,12.587
-3.2688,12.907,12.252
-13.056,3.2171,12.475
-6.1474,9.5288,11.362
-7.0871,9.9424,6.7218
-13.325,9.7805,11.851
-13.028,9.9792,6.5758
-13.919,6.1891,9.2898
-6.6601,14.086,9.4078
-13.476,14.214,9.2708
9.7313,5.7145,-12.777
3.4232,12.266,-12.824
9.9816,6.8246,-6.7746
3.4055,13.063,-6.9436
9.8281,13.164,-11.892
9.8875,12.595,-6.9496
13.044,3.0013,-12.949
6.9184,9.5131,-13.2
13.311,3.1696,-6.6496
12.775,9.5647,-13.573
13.344,7.0021,-9.5136
6.4305,11.551,-9.5196
13.466,12.013,-9.7596
9.7313,5.7145,0.10955
3.4232,12.266,0.062551
9.9816,6.8246,6.1116
3.4055,13.063,5.9426
9.8281,13.164,0.99455
9.8875,12.595,5.9366
13.044,3.0013,-0.062449
6.9184,9.5131,-0.31345
13.311,3.1696,6.2366
5.9589,9.4869,-5.8874
12.775,9.5647,-0.68645
13.072,9.7634,-5.9614
12.181,5.9733,-3.2474
6.6603,13.666,-2.8014
13.344,7.0021,3.3726
6.4305,11.551,3.3666
12.624,13.998,-3.2664
13.466,12.013,3.1266
9.7313,5.7145,12.996
3.4232,12.266,12.949
9.8281,13.164,13.881
13.044,3.0013,12.824
6.9184,9.5131,12.573
5.9589,9.4869,6.9987
12.775,9.5647,12.2
13.072,9.7634,6.9247
12.181,5.9733,9.6387
6.6603,13.666,10.085
12.624,13.998,9.6197
0,0,0
-0.089803,-6.2756,0.188
-0.024042,6.3088,-0.242
-0.024042,0.26163,-6.3291
-6.4983,0.18668,0.072
-0.024042,0.26163,6.557
6.6015,-0.2291,-0.055
0.13081,6.318,6.164
-6.4877,0.047376,6.025
-6.4898,-6.1759,-0.162
6.5308,0.17961,-6.147
0.016263,-6.3364,-6.4061
-6.4587,6.2961,-0.364
0.016263,-6.3364,6.48
0.13081,6.318,-6.7221
6.4783,-6.641,-0.18764
6.673,6.5453,0.010551
6.5308,0.17961,6.7391
-6.4877,0.047376,-6.8611
-6.2324,-6.3413,-6.4001
6.6694,-6.1108,6.191
-6.2324,-6.3413,6.486
-6.2676,6.8262,6.0146
6.6694,-6.1108,-6.6951
6.9304,6.3799,-6.2276
6.9304,6.3799,6.6586
-6.2676,6.8262,-6.8715
-0.13081,12.533,-0.413
12.806,-0.40357,-0.23664
0,0,-12.886
0,0,12.886
-0.35663,-13.125,-0.40919
-13.294,-0.18774,-0.58555
-0.19311,-12.607,5.6274
-0.024042,6.3088,12.644
-0.089803,-6.2756,-12.698
-6.3355,12.708,-0.23136
12.97,0.11455,5.8
0.032714,13.052,5.6236
-13.13,0.33038,5.4511
6.4387,-12.75,0.24836
-6.4983,0.18668,-12.814
6.6015,-0.2291,12.831
-6.4983,0.18668,12.958
-0.089803,-6.2756,13.074
12.913,-6.6282,-0.065643
-6.5613,-12.95,-0.22755
6.6645,12.908,0.24455
6.6015,-0.2291,-12.941
-0.19311,-12.607,-7.2587
-0.024042,6.3088,-13.128
13.073,6.4456,0.36055
-13.027,6.6615,0.011643
-13.187,-6.4124,-0.41455
12.97,0.11455,-7.0861
0.032714,13.052,-7.2625
-13.13,0.33038,-7.435
-6.4587,6.2961,12.522
-6.632,-12.542,-6.3196
-6.4898,-6.1759,12.724
-6.632,-12.542,6.5666
6.6752,12.769,6.1976
6.4493,-12.89,6.2014
-13.032,-6.4032,5.9914
6.4783,-6.641,12.698
-12.921,6.6007,6.3036
-6.4898,-6.1759,-13.048
6.6752,12.769,-6.6886
6.4493,-12.89,-6.6848
-6.4062,13.117,-6.3234
6.673,6.5453,-12.876
13.179,6.3848,-6.2336
6.673,6.5453,12.897
-12.921,6.6007,-6.5825
13.068,-6.619,6.3404
-6.4062,13.117,6.5628
-6.4587,6.2961,-13.25
6.4783,-6.641,-13.074
13.068,-6.619,-6.5458
-13.032,-6.4032,-6.8947
13.179,6.3848,6.6526
-0.13081,12.533,12.473
12.806,-0.40357,12.649
-0.35663,-13.125,12.477
-13.294,-0.18774,12.301
-0.13081,12.533,-13.299
12.937,-12.937,0.17636
-12.937,12.937,-0.17636
-13.163,-12.721,-0.17255
13.163,12.721,0.17255
12.806,-0.40357,-13.123
-0.35663,-13.125,-13.295
-13.294,-0.18774,-13.472
-6.3355,12.708,12.655
6.4387,-12.75,-12.638
12.913,-12.675,-6.1528
13.073,6.4456,-12.526
-13.187,-12.46,6.3844
-13.187,-6.4124,12.472
6.6645,12.908,-12.642
-6.5613,-12.95,12.659
-13.187,-12.46,-6.5017
12.913,-12.675,6.7334
-6.3355,12.708,-13.117
12.913,-6.6282,12.82
6.4387,-12.75,13.134
12.913,-6.6282,-12.952
13.139,12.983,-6.1566
-13.027,6.6615,-12.874
-13.027,6.6615,12.898
-6.5613,-12.95,-13.114
-12.961,13.199,6.3806
6.6645,12.908,13.131
-12.961,13.199,-6.5055
13.139,12.983,6.7296
13.073,6.4456,13.247
-13.187,-6.4124,-13.301
12.937,-12.937,-12.71
-12.937,12.937,12.71
-13.163,-12.721,12.714
13.163,12.721,-12.714
12.937,-12.937,13.062
-12.937,12.937,-13.062
-13.163,-12.721,-13.059
13.163,12.721,13.059
