-10.12,-9.1935,-9.1477
-10.09,-3.0501,-10.395
-9.7631,-9.8419,-3.9116
-10.12,-9.1935,3.7384
-3.6806,-9.197,-4.0856
-9.9038,-3.1449,-3.4226
-10.09,-3.0501,2.4914
-9.7631,-9.8419,8.9746
-3.6806,-9.197,8.8006
-9.9038,-3.1449,9.4636
3.6838,-9.5797,-9.1718
9.4468,-9.2134,-9.3978
3.7857,-9.7819,-2.9496
10.09,-3.7991,-2.7206
3.6838,-9.5797,3.7144
9.1321,-9.7289,-2.8146
9.4468,-9.2134,3.4884
3.7857,-9.7819,9.9365
10.09,-3.7991,10.165
9.1321,-9.7289,10.071
-9.2532,3.3573,-9.3481
-3.3255,-3.6409,-9.7041
9.512,-2.861,-9.8431
3.0427,3.5278,-8.9751
3.049,-2.728,-10.02
-3.4903,3.7236,-9.5741
-3.4316,-8.8311,-8.5561
3.0724,9.6711,-10.222
-9.1514,3.1551,-3.126
-3.0957,-3.5313,-2.753
-2.8475,9.1379,-2.897
3.3998,2.8793,-3.739
-9.2532,3.3573,3.538
-3.3255,-3.6409,3.182
9.512,-2.861,3.043
3.0427,3.5278,3.911
4.0984,-3.0222,-3.644
-3.8049,3.2081,-2.991
9.4823,3.5242,-3.913
3.2591,9.5763,-3.25
3.049,-2.728,2.866
-3.4903,3.7236,3.312
-3.4316,-8.8311,4.33
3.0724,9.6711,2.664
-9.1514,3.1551,9.7601
-3.0957,-3.5313,10.133
-2.8475,9.1379,9.9891
3.3998,2.8793,9.1471
4.0984,-3.0222,9.2421
-3.8049,3.2081,9.8951
9.4823,3.5242,8.9731
3.2591,9.5763,9.6361
-3.425,10.076,-10.019
-9.888,10.209,-10.196
-3.425,10.076,2.8666
-8.8386,9.9149,-3.8204
-9.888,10.209,2.6896
-8.8386,9.9149,9.0658
9.8373,9.0803,-9.5316
9.7313,3.8902,-8.3836
10.067,9.1899,-2.5804
9.8373,9.0803,3.3546
9.7313,3.8902,4.5026
10.067,9.1899,10.306
-10.439,-2.9872,-8.9407
-9.9978,-7.7107,-9.2327
-4.4739,-9.3186,-2.7996
-10.439,-2.9872,3.9454
-9.4392,-8.8562,-2.8186
-9.9978,-7.7107,3.6534
-4.4739,-9.3186,10.087
-9.4392,-8.8562,10.068
9.8689,-10.469,-10.04
10.297,-10.681,-2.8266
9.8689,-10.469,2.8464
3.22,-10.042,-4.3096
10.297,-10.681,10.059
3.22,-10.042,8.5765
-2.6877,-8.7462,-9.8561
2.7238,9.734,-8.7681
3.2407,-3.696,-8.8731
-3.0681,2.4685,-10.216
-3.5405,-2.8843,-10.969
3.4182,-8.9986,-10.732
3.165,5.0106,-9.0601
9.8995,-2.3462,-8.5221
8.6889,3.4026,-2.627
-9.8755,-2.0775,-3.929
2.8553,-2.3872,-4.199
-2.6396,2.2564,-3.003
-2.6877,-8.7462,3.03
2.7238,9.734,4.118
3.2407,-3.696,4.013
-3.0681,2.4685,2.67
-4.1281,-3.2145,-3.798
-9.7171,2.8949,-4.486
3.7236,3.865,-2.646
9.64,-2.2465,-2.64
-3.5405,-2.8843,1.917
3.4182,-8.9986,2.154
3.165,5.0106,3.826
9.8995,-2.3462,4.364
8.6889,3.4026,10.259
-9.8755,-2.0775,8.9571
2.8553,-2.3872,8.6871
-2.6396,2.2564,9.8831
-4.1281,-3.2145,9.0881
-9.7171,2.8949,8.4001
3.7236,3.865,10.24
9.64,-2.2465,10.246
-9.6964,9.241,-9.0495
-9.5189,3.9384,-10.908
-3.0375,10.591,-8.6985
-10.082,10.55,-4.3754
-9.6964,9.241,3.8366
-3.2971,10.691,-2.8164
-9.5189,3.9384,1.9776
-3.0375,10.591,4.1876
-10.082,10.55,8.5108
-3.2971,10.691,10.07
10.475,3.975,-9.6836
9.6224,9.8369,-10.797
3.2874,10.644,-3.7564
10.475,3.975,3.2026
9.0348,9.5067,-3.6254
9.6224,9.8369,2.0896
3.2874,10.644,9.1297
9.0348,9.5067,9.2607
-0.65857,-13.43,-9.6783
-0.65857,-13.43,3.2078
-9.5764,-12.887,-12.955
-9.773,-12.472,-6.7227
-3.2697,-11.994,-13.873
-10.31,-6.0588,-13.272
-13.033,-9.3059,-11.845
-13.837,-9.4155,-7.2157
-6.9255,-9.2316,-12.276
-13.132,-2.9942,-13.58
-6.7586,-9.2981,-6.5977
-5.5622,-12.142,-9.6577
-12.7,-5.409,-9.4347
-14.12,-12.986,-9.9237
-13.596,-0.4925,-9.8547
-7.4968,-5.3524,-9.6867
-9.5764,-12.887,-0.068551
-9.773,-12.472,6.1634
-3.2697,-11.994,-0.98655
-10.31,-6.0588,-0.38555
-3.6431,-13.24,-5.9356
-9.8812,-6.2858,-6.0776
-13.033,-9.3059,1.0414
-13.837,-9.4155,5.6704
-6.9255,-9.2316,0.61045
-13.132,-2.9942,-0.69355
-6.7586,-9.2981,6.2884
-12.652,-2.6881,-5.8566
-6.7374,-11.875,-3.2866
-13.417,-7.7213,-2.7656
-5.5622,-12.142,3.2284
-12.7,-5.409,3.4514
-12.992,-13.11,-3.2786
-6.7692,-6.5991,-3.1056
-14.12,-12.986,2.9624
-13.596,-0.4925,3.0314
-7.4968,-5.3524,3.1994
-9.5764,-12.887,12.818
-3.2697,-11.994,11.9
-10.31,-6.0588,12.501
-3.6431,-13.24,6.9506
-9.8812,-6.2858,6.8086
-13.033,-9.3059,13.928
-6.9255,-9.2316,13.497
-13.132,-2.9942,12.193
-12.652,-2.6881,7.0296
-6.7374,-11.875,9.5996
-13.417,-7.7213,10.121
-12.992,-13.11,9.6076
-6.7692,-6.5991,9.7806
3.5092,-13.131,-12.605
9.4934,-6.8658,-12.132
3.3748,-12.96,-6.8518
9.5302,-5.487,-6.6818
9.6978,-12.682,-13.086
13.067,-9.5217,-11.496
12.263,-9.6313,-6.8668
5.9812,-9.5281,-13.161
12.968,-3.2101,-13.231
6.6572,-9.8123,-6.1498
7.4831,-12.997,-9.8888
13.4,-5.6248,-9.0858
11.98,-13.202,-9.5748
12.504,-0.70833,-9.5058
3.5092,-13.131,0.28136
9.4934,-6.8658,0.75436
3.3748,-12.96,6.0344
9.5302,-5.487,6.2044
9.6978,-12.682,-0.19964
9.842,-13.037,-5.7306
13.067,-9.5217,1.3904
12.263,-9.6313,6.0194
5.9812,-9.5281,-0.27464
12.968,-3.2101,-0.34464
6.6572,-9.8123,6.7364
13.448,-2.9039,-5.5076
6.2513,-13.485,-3.6806
12.683,-7.9371,-2.4166
7.4831,-12.997,2.9974
13.4,-5.6248,3.8004
13.108,-13.326,-2.9296
0.6652,-12.3,-2.9986
11.98,-13.202,3.3114
12.504,-0.70833,3.3804
3.5092,-13.131,13.167
9.4934,-6.8658,13.64
9.6978,-12.682,12.686
9.842,-13.037,7.1555
13.067,-9.5217,14.276
5.9812,-9.5281,12.611
12.968,-3.2101,12.541
13.448,-2.9039,7.3785
6.2513,-13.485,9.2055
12.683,-7.9371,10.469
13.108,-13.326,9.9565
0.6652,-12.3,9.8875
-3.1198,-6.4205,-12.862
-9.4279,-0.19445,-12.781
3.5864,-0.16546,-12.782
-3.4436,6.0712,-12.308
-3.2011,-5.9305,-6.2211
-9.5622,-0.023335,-7.0281
3.3899,0.2489,-6.5501
-3.4068,7.4501,-6.8581
3.4323,-6.2763,-14.04
-3.2393,0.25527,-13.262
9.8931,0.72761,-13.7
2.8525,6.6624,-13.099
0.10889,-9.2136,-11.973
-6.8017,-3.0809,-12.997
7.1835,-2.6566,-13.269
0.13011,3.4153,-11.672
0.16051,-9.6824,-7.6861
-6.6751,-3.1028,-6.5391
6.3696,-3.1721,-6.9981
-0.67387,3.3057,-7.0431
-0.26304,-3.1198,-12.766
-6.9558,3.409,-13.337
6.2374,3.4896,-12.103
0.031113,9.727,-13.407
0.03182,-2.938,-6.4881
-6.2798,3.1247,-6.3261
6.4043,3.4231,-6.4251
0.12092,-5.7622,-9.5481
-5.4539,-0.060104,-10.065
7.6007,0.57912,-9.4851
0.46315,7.3122,-9.2621
5.0473,-5.9652,-10.504
-0.95672,-0.26517,-9.7511
-0.43275,12.229,-9.6821
5.666,7.3688,-9.5141
-3.1198,-6.4205,0.024
-9.4279,-0.19445,0.105
3.5864,-0.16546,0.104
-3.4436,6.0712,0.578
-3.2011,-5.9305,6.665
-9.5622,-0.023335,5.858
3.3899,0.2489,6.336
-3.4068,7.4501,6.028
3.4323,-6.2763,-1.154
-3.2393,0.25527,-0.376
9.8931,0.72761,-0.814
2.8525,6.6624,-0.213
2.8489,-6.4665,-5.877
-3.095,-0.099702,-5.907
9.5198,-0.51831,-5.763
3.2817,6.4354,-5.905
0.10889,-9.2136,0.913
-6.8017,-3.0809,-0.111
7.1835,-2.6566,-0.383
0.13011,3.4153,1.214
0.16051,-9.6824,5.2
-6.6751,-3.1028,6.347
6.3696,-3.1721,5.888
-0.67387,3.3057,5.843
-0.26304,-3.1198,0.12
-6.9558,3.409,-0.451
6.2374,3.4896,0.783
0.031113,9.727,-0.521
0.03182,-2.938,6.398
-6.2798,3.1247,6.56
6.4043,3.4231,6.461
0.51124,10.033,-5.684
-0.24395,-7.2881,-3.057
-6.6857,-0.54801,-3.857
6.4255,0.84641,-3.114
-0.25385,5,-2.593
0.12092,-5.7622,3.338
-5.4539,-0.060104,2.821
7.6007,0.57912,3.401
0.46315,7.3122,3.624
6.9134,-5.8966,-3.689
0.17112,-0.38891,-3.106
-12.272,0.6371,-3.175
6.3937,6.1221,-2.933
5.0473,-5.9652,2.382
-0.95672,-0.26517,3.135
-0.43275,12.229,3.204
5.666,7.3688,3.372
-3.1198,-6.4205,12.91
-9.4279,-0.19445,12.991
3.5864,-0.16546,12.99
-3.4436,6.0712,13.464
3.4323,-6.2763,11.732
-3.2393,0.25527,12.51
9.8931,0.72761,12.072
2.8525,6.6624,12.673
2.8489,-6.4665,7.0091
-3.095,-0.099702,6.9791
9.5198,-0.51831,7.1231
3.2817,6.4354,6.9811
0.10889,-9.2136,13.799
-6.8017,-3.0809,12.775
7.1835,-2.6566,12.503
0.13011,3.4153,14.1
-0.26304,-3.1198,13.006
-6.9558,3.409,12.435
6.2374,3.4896,13.669
0.031113,9.727,12.365
0.51124,10.033,7.2021
-0.24395,-7.2881,9.8291
-6.6857,-0.54801,9.0291
6.4255,0.84641,9.7721
-0.25385,5,10.293
6.9134,-5.8966,9.1971
0.17112,-0.38891,9.7801
-12.272,0.6371,9.7111
6.3937,6.1221,9.9531
-9.3506,12.772,-12.958
-9.5472,13.186,-6.7265
-9.5047,6.6608,-14.216
-3.0439,13.665,-13.876
-12.828,3.7234,-12.149
-5.7535,10.28,-13.445
-12.777,3.2546,-7.8625
-6.5674,9.765,-7.1745
-13.2,9.8173,-12.942
-12.905,9.999,-6.6645
-12.816,7.1748,-9.7245
-5.3363,13.516,-9.6615
-7.8897,6.9719,-10.68
-13.894,12.672,-9.9275
-9.3506,12.772,-0.072357
-9.5472,13.186,6.1596
-9.5047,6.6608,-1.3304
-3.0439,13.665,-0.99036
-10.088,6.4705,-6.0534
-3.4173,12.419,-5.9394
-12.828,3.7234,0.73664
-5.7535,10.28,-0.55936
-12.777,3.2546,5.0236
-6.5674,9.765,5.7116
-13.2,9.8173,-0.056357
-12.905,9.999,6.2216
-13.181,5.6489,-3.2334
-6.5116,13.783,-3.2904
-12.816,7.1748,3.1616
-5.3363,13.516,3.2246
-6.0237,7.0405,-3.8654
-12.766,12.548,-3.2824
-7.8897,6.9719,2.2056
-13.894,12.672,2.9586
-9.3506,12.772,12.814
-9.5047,6.6608,11.556
-3.0439,13.665,11.896
-10.088,6.4705,6.8328
-3.4173,12.419,6.9468
-12.828,3.7234,13.623
-5.7535,10.28,12.327
-13.2,9.8173,12.83
-13.181,5.6489,9.6528
-6.5116,13.783,9.5958
-6.0237,7.0405,9.0208
-12.766,12.548,9.6038
13.828,0.42127,-2.8261
13.828,0.42127,10.06
10.043,6.3007,-12.69
3.735,12.527,-12.609
9.9618,6.7907,-6.0486
3.6007,12.698,-6.8556
9.9236,12.976,-13.09
13.272,3.5076,-11.801
6.3612,9.6403,-12.825
13.323,3.0388,-7.5136
6.4878,9.6184,-6.3666
12.9,9.6015,-12.594
13.195,9.7832,-6.3156
13.284,6.959,-9.3756
7.7089,12.661,-9.8926
12.206,12.456,-9.5786
10.043,6.3007,0.19655
3.735,12.527,0.27755
9.9618,6.7907,6.8376
3.6007,12.698,6.0306
9.9236,12.976,-0.20345
10.068,12.622,-5.7344
13.272,3.5076,1.0856
6.3612,9.6403,0.061551
13.323,3.0388,5.3726
6.4878,9.6184,6.5196
12.9,9.6015,0.29255
13.195,9.7832,6.5706
12.919,5.4331,-2.8844
6.4772,12.173,-3.6844
13.284,6.959,3.5106
7.7089,12.661,2.9936
13.334,12.332,-2.9334
0.89102,13.358,-3.0024
12.206,12.456,3.3076
10.043,6.3007,13.083
3.735,12.527,13.164
9.9236,12.976,12.683
10.068,12.622,7.1517
13.272,3.5076,13.972
6.3612,9.6403,12.948
12.9,9.6015,13.179
12.919,5.4331,10.002
6.4772,12.173,9.2017
13.334,12.332,9.9527
0.89102,13.358,9.8837
0,0,0
0.088388,-0.11526,6.016
0.39598,-6.2409,-0.209
-0.28072,6.3859,0.277
-6.6249,0.074246,-0.71
0.088388,-0.11526,-6.8701
6.9417,0.42639,0.035
-6.5916,-0.16405,5.729
-0.57276,6.3965,-6.2221
6.5181,0.20223,6.156
6.6263,-6.243,-0.25
-6.7848,-6.1409,0.11245
6.3781,6.5803,0.285
-6.3107,6.694,-0.42636
-0.57276,6.3965,6.664
0.12799,-6.7932,-6.3721
6.5181,0.20223,-6.7301
0.12799,-6.7932,6.514
-6.5916,-0.16405,-7.1571
-6.4404,-6.2476,6.2164
-6.5924,6.0719,-6.4111
-6.5924,6.0719,6.475
-6.4404,-6.2476,-6.6697
6.3447,-6.8651,-6.2348
6.7225,6.4736,6.389
6.7225,6.4736,-6.4971
6.3447,-6.8651,6.6514
-0.24537,12.593,0.145
12.692,-0.34417,0.32136
0,0,-12.886
0,0,12.886
-0.47118,-13.065,0.14881
-13.408,-0.12834,-0.027551
-6.2212,-12.295,-0.13755
-0.57424,-12.448,-5.9136
12.589,0.27365,-5.741
-6.6249,0.074246,12.176
0.39598,-6.2409,12.677
-0.28072,6.3859,-12.609
-12.541,6.6961,-0.38536
12.656,-6.5512,0.45336
-0.57424,-12.448,6.9726
6.3122,-12.863,-0.53364
6.538,12.795,-0.53745
12.589,0.27365,7.1451
-0.34842,13.211,-5.9174
0.39598,-6.2409,-13.095
6.9417,0.42639,-12.851
-0.28072,6.3859,13.163
-5.9954,13.363,-0.14136
6.9417,0.42639,12.921
-13.511,0.48948,-6.0899
-13.444,-6.3353,0.10445
-0.34842,13.211,6.9688
13.559,6.4803,-0.036449
-6.6249,0.074246,-13.596
-13.511,0.48948,6.7962
12.364,-6.5406,-6.0458
6.5712,12.557,5.9016
-6.6447,-12.519,5.9834
-6.3107,6.694,12.46
-12.809,6.1439,6.3376
12.364,-6.5406,6.8404
6.6263,-6.243,12.636
6.3781,6.5803,-12.601
-12.809,6.1439,-6.5485
6.3454,-13.101,5.9054
-6.7848,-6.1409,-12.774
-6.6447,-12.519,-6.9027
-6.4189,13.139,5.9796
6.5712,12.557,-6.9846
13.291,5.928,-6.1996
-6.7848,-6.1409,12.999
6.6263,-6.243,-13.136
13.291,5.928,6.6866
6.3781,6.5803,13.171
6.3454,-13.101,-6.9808
-6.4189,13.139,-6.9065
-6.3107,6.694,-13.312
-13.736,-6.3247,-6.3947
-13.736,-6.3247,6.4914
12.692,-0.34417,-12.565
-0.24537,12.593,-12.741
-0.24537,12.593,13.031
-0.47118,-13.065,-12.737
12.937,-12.937,0.17636
-12.937,12.937,-0.17636
-13.163,-12.721,-0.17255
13.163,12.721,0.17255
12.692,-0.34417,13.207
-0.47118,-13.065,13.035
-13.408,-0.12834,12.859
-13.408,-0.12834,-12.914
-6.2212,-12.295,12.749
12.656,-6.5512,-12.433
6.3122,-12.863,12.352
-12.541,6.6961,12.501
6.538,12.795,12.349
-6.2212,-12.295,-13.024
-12.849,12.822,5.8396
-13.074,-12.836,5.8434
13.251,12.606,6.1886
-5.9954,13.363,12.745
-12.541,6.6961,-13.271
13.025,-13.052,6.1924
-12.849,12.822,-7.0465
13.251,12.606,-6.6976
12.656,-6.5512,13.339
-13.444,-6.3353,-12.782
-5.9954,13.363,-13.027
13.025,-13.052,-6.6938
-13.074,-12.836,-7.0427
6.3122,-12.863,-13.42
6.538,12.795,-13.424
-13.444,-6.3353,12.991
13.559,6.4803,12.85
13.559,6.4803,-12.923
12.937,-12.937,-12.71
-12.937,12.937,12.71
-13.163,-12.721,12.714
13.163,12.721,-12.714
12.937,-12.937,13.062
-12.937,12.937,-13.062
-13.163,-12.721,-13.059
13.163,12.721,13.059
