-8.2969,-9.0506,-9.1759
-8.7933,-8.5684,-3.1957
-8.2969,-9.0506,2.8873
-8.7933,-8.5684,8.8675
8.3678,-9.2729,-8.9469
9.7403,-3.4273,-9.3109
9.642,-9.2333,-2.8827
8.3678,-9.2729,3.1163
9.5784,-3.2484,-2.5117
9.7403,-3.4273,2.7523
9.642,-9.2333,9.1805
9.5784,-3.2484,9.5515
3.0448,-2.8921,-9.5392
-3.8035,2.8984,-9.1532
-1.9431,-9.1415,-9.0712
-7.8906,-2.6905,-8.5882
3.6649,-8.2314,-8.9242
-2.7372,-2.7598,-9.1342
-2.431,8.7441,-9.5172
4.1691,2.8341,-8.9662
3.6748,-2.7485,-3.131
-2.5293,2.938,-3.089
-2.6078,-8.2929,-3.334
-8.4259,-3.3842,-3.168
3.0448,-2.8921,2.524
-3.8035,2.8984,2.91
-1.9431,-9.1415,2.992
-7.8906,-2.6905,3.475
2.6962,-8.9173,-3.285
-3.718,-3.346,-3.013
-2.593,8.923,-2.718
3.6727,3.3163,-2.986
3.6649,-8.2314,3.139
-2.7372,-2.7598,2.929
-2.431,8.7441,2.546
4.1691,2.8341,3.097
3.6748,-2.7485,8.9322
-2.5293,2.938,8.9742
-2.6078,-8.2929,8.7292
-8.4259,-3.3842,8.8952
2.6962,-8.9173,8.7782
-3.718,-3.346,9.0502
-2.593,8.923,9.3452
3.6727,3.3163,9.0772
-9.1266,9.2793,-9.7455
-8.5064,3.9399,-9.1305
-8.4965,9.4228,-3.3373
-9.1266,9.2793,2.3177
-9.4752,3.254,-3.4913
-8.5064,3.9399,2.9327
-8.4965,9.4228,8.7259
-9.4752,3.254,8.5719
10.523,2.7433,-8.8615
4.5754,9.1942,-8.3785
9.7288,9.1249,-8.9245
9.8582,3.5918,-3.1243
4.0402,8.5005,-2.9583
10.523,2.7433,3.2017
4.5754,9.1942,3.6847
8.7481,8.5387,-2.8033
9.7288,9.1249,3.1387
9.8582,3.5918,8.9389
4.0402,8.5005,9.1049
8.7481,8.5387,9.2599
-9.1469,-3.2213,-9.5659
-9.5443,-9.465,-8.4329
-3.8457,-9.0712,-3.0487
-9.504,-3.0098,-2.1057
-9.1469,-3.2213,2.4973
-9.0755,-7.3656,-2.3677
-9.5443,-9.465,3.6303
-3.8457,-9.0712,9.0145
-9.504,-3.0098,9.9575
-9.0755,-7.3656,9.6955
9.3776,-9.5869,-7.8739
9.4723,-3.3361,-7.8369
8.2886,-8.983,-2.2957
9.3776,-9.5869,4.1893
3.3276,-10.138,-2.3527
8.5785,-4.1775,-3.1167
9.4723,-3.3361,4.2263
8.2886,-8.983,9.7675
3.3276,-10.138,9.7105
8.5785,-4.1775,8.9465
-2.7386,-7.8963,-8.8062
3.3192,8.6635,-9.3562
3.2534,-2.6354,-8.0662
-2.7938,2.5845,-8.0802
-1.3173,-2.5336,-8.7632
3.4754,-9.1238,-7.7412
2.9218,2.4197,-8.2232
-2.699,8.8353,-8.0432
8.6203,2.8136,-2.839
2.9621,8.8749,-1.896
3.38,-2.5428,-1.674
-3.8827,3.1883,-2.502
-2.7386,-7.8963,3.257
3.3192,8.6635,2.707
3.2534,-2.6354,3.997
-2.7938,2.5845,3.983
-2.9783,-3.1155,-1.744
-8.8438,2.0329,-2.559
3.3906,4.5191,-2.158
-3.5928,7.9938,-3.323
-1.3173,-2.5336,3.3
3.4754,-9.1238,4.322
2.9218,2.4197,3.84
-2.699,8.8353,4.02
8.6203,2.8136,9.2242
2.9621,8.8749,10.167
3.38,-2.5428,10.389
-3.8827,3.1883,9.5612
-2.9783,-3.1155,10.319
-8.8438,2.0329,9.5042
3.3906,4.5191,9.9052
-3.5928,7.9938,8.7402
-8.918,9.536,-8.2725
-8.6959,3.0476,-7.9475
-8.7914,9.6286,-1.8803
-8.918,9.536,3.7907
-8.6959,3.0476,4.1157
-8.7914,9.6286,10.183
9.7274,3.9885,-8.5965
11.149,9.3512,-8.5535
9.7274,3.9885,3.4667
9.4877,8.7692,-1.5343
11.149,9.3512,3.5097
9.4877,8.7692,10.529
-9.2268,-11.508,-12.543
-8.8648,-11.785,-5.8919
-2.7801,-11.749,-12.293
-9.3611,-5.9995,-11.59
-2.4824,-12.412,-5.8459
-8.9376,-6.2038,-6.8209
-12.112,-8.9283,-12.409
-5.9734,-8.7339,-12.224
-11.956,-3.0197,-11.747
-5.1991,-8.8491,-6.3549
-11.845,-3.0841,-7.3999
-6.5419,-12.646,-9.2169
-12.774,-7.2525,-9.3219
-11.697,-11.801,-9.4049
-9.2268,-11.508,-0.47969
-8.8648,-11.785,6.1713
-2.7801,-11.749,-0.22969
-9.3611,-5.9995,0.47331
-2.4824,-12.412,6.2173
-8.9376,-6.2038,5.2423
-12.112,-8.9283,-0.34569
-12.231,-8.9672,-5.5287
-5.9734,-8.7339,-0.16069
-11.956,-3.0197,0.31631
-5.1991,-8.8491,5.7083
-11.845,-3.0841,4.6633
-6.0505,-11.57,-3.1237
-11.946,-5.3539,-3.3297
-6.5419,-12.646,2.8463
-12.774,-7.2525,2.7413
-13.643,-12.513,-2.9947
-5.9981,-5.9712,-2.8117
-11.697,-11.801,2.6583
-9.2268,-11.508,11.584
-2.7801,-11.749,11.834
-9.3611,-5.9995,12.537
-12.112,-8.9283,11.718
-12.231,-8.9672,6.5345
-5.9734,-8.7339,11.903
-11.956,-3.0197,12.38
-6.0505,-11.57,8.9395
-11.946,-5.3539,8.7335
-13.643,-12.513,9.0685
-5.9981,-5.9712,9.2515
3.1883,-12.772,-11.888
9.0177,-6.2302,-12.671
3.7547,-12.253,-5.5309
9.7248,-5.9898,-5.7569
9.4681,-12.087,-11.18
9.6046,-12.232,-5.9379
12.526,-9.2149,-11.993
5.6971,-9.0191,-12.251
12.681,-3.3064,-11.331
7.2372,-9.2581,-5.4639
12.792,-3.3707,-6.9839
5.5514,-11.521,-8.6329
11.864,-7.5391,-8.9059
6.861,-5.8385,-8.8849
12.941,-12.088,-8.9889
3.1883,-12.772,0.17528
9.0177,-6.2302,-0.60772
3.7547,-12.253,6.5323
9.7248,-5.9898,6.3063
9.4681,-12.087,0.88328
9.6046,-12.232,6.1253
12.526,-9.2149,0.070279
12.406,-9.2538,-5.1127
5.6971,-9.0191,-0.18772
12.681,-3.3064,0.73228
7.2372,-9.2581,6.5993
12.792,-3.3707,5.0793
6.5315,-12.013,-2.2837
12.692,-5.6405,-2.9137
5.5514,-11.521,3.4303
11.864,-7.5391,3.1573
10.995,-12.799,-2.5787
0.84209,-12.662,-2.6877
6.861,-5.8385,3.1783
12.941,-12.088,3.0743
3.1883,-12.772,12.238
9.0177,-6.2302,11.455
9.4681,-12.087,12.946
12.526,-9.2149,12.133
12.406,-9.2538,6.9505
5.6971,-9.0191,11.875
12.681,-3.3064,12.795
6.5315,-12.013,9.7795
12.692,-5.6405,9.1495
10.995,-12.799,9.4845
0.84209,-12.662,9.3755
-2.5965,-6.5068,-11.965
-8.9831,-0.60104,-12.094
3.2393,0.37689,-12.333
-3.1537,5.9411,-12.877
-2.2069,-5.7382,-6.0822
-8.4167,-0.081317,-5.7372
3.6013,0.099702,-5.6822
-2.4466,6.1815,-5.9632
3.5171,-5.869,-12.096
-2.7033,0.084146,-11.386
9.6859,0.13576,-12.083
3.1049,5.8852,-11.38
3.7943,-5.7573,-5.6672
-2.5668,-0.060811,-6.1442
9.9836,-0.52679,-5.6362
3.5285,5.6809,-6.6112
0.88247,-9.0821,-12.367
-5.9878,-3.1975,-12.178
6.4149,-2.8412,-12.265
0.35426,2.9564,-12.199
-5.2595,-3.1325,-5.7092
6.4778,-3.013,-5.6722
0.21072,-3.0236,-11.885
-6.4743,3.1523,-12.457
6.4927,3.1509,-12.014
0.50982,8.865,-11.537
0.7665,-2.8129,-5.9862
-4.9342,2.9133,-5.6702
7.2669,3.0356,-6.1452
0.62084,8.8007,-7.1902
0.41436,-5.4051,-8.5402
-6.6199,0.65054,-8.8392
5.9241,-0.76085,-9.0072
-0.30759,4.6323,-9.1122
-5.3104,6.3328,-9.0912
0.76933,0.083439,-9.1952
1.306,-11.32,-8.8202
-5.2927,-5.2474,-8.6362
-2.5965,-6.5068,0.098
-8.9831,-0.60104,-0.031
3.2393,0.37689,-0.27
-3.1537,5.9411,-0.814
-2.2069,-5.7382,5.981
-8.4167,-0.081317,6.326
3.6013,0.099702,6.381
-2.4466,6.1815,6.1
3.5171,-5.869,-0.033
-2.7033,0.084146,0.677
9.6859,0.13576,-0.02
3.1049,5.8852,0.683
3.7943,-5.7573,6.396
-2.5668,-0.060811,5.919
9.9836,-0.52679,6.427
3.5285,5.6809,5.452
0.88247,-9.0821,-0.304
-5.9878,-3.1975,-0.115
6.4149,-2.8412,-0.202
0.35426,2.9564,-0.136
0.23052,-9.0227,-5.598
-5.2595,-3.1325,6.354
6.4778,-3.013,6.391
0.23476,2.9175,-5.319
0.21072,-3.0236,0.178
-6.4743,3.1523,-0.394
6.4927,3.1509,0.049
0.50982,8.865,0.526
0.7665,-2.8129,6.077
-4.9342,2.9133,6.393
7.2669,3.0356,5.918
0.62084,8.8007,4.873
-0.29557,-5.2778,-2.687
-5.6399,0.15839,-2.49
6.4156,0.31466,-2.914
0.52043,6.5308,-3.12
0.41436,-5.4051,3.523
-6.6199,0.65054,3.224
5.9241,-0.76085,3.056
-0.30759,4.6323,2.951
6.2982,-5.6491,-2.994
-1.1766,-0.62791,-2.785
-11.329,-0.49073,-2.894
6.4679,5.9135,-2.602
-5.3104,6.3328,2.972
0.76933,0.083439,2.868
1.306,-11.32,3.243
-5.2927,-5.2474,3.427
-2.5965,-6.5068,12.161
-8.9831,-0.60104,12.032
3.2393,0.37689,11.793
-3.1537,5.9411,11.249
3.5171,-5.869,12.03
-2.7033,0.084146,12.74
9.6859,0.13576,12.043
3.1049,5.8852,12.746
0.88247,-9.0821,11.759
-5.9878,-3.1975,11.948
6.4149,-2.8412,11.861
0.35426,2.9564,11.927
0.23052,-9.0227,6.4652
0.23476,2.9175,6.7442
0.21072,-3.0236,12.241
-6.4743,3.1523,11.669
6.4927,3.1509,12.112
0.50982,8.865,12.589
-0.29557,-5.2778,9.3762
-5.6399,0.15839,9.5732
6.4156,0.31466,9.1492
0.52043,6.5308,8.9432
6.2982,-5.6491,9.0692
-1.1766,-0.62791,9.2782
-11.329,-0.49073,9.1692
6.4679,5.9135,9.4612
-8.9321,12.548,-12.539
-8.5701,12.271,-5.8885
-8.6542,6.3024,-12.302
-2.4854,12.307,-12.289
-8.377,6.4141,-5.8735
-2.1877,11.645,-5.8425
-11.289,3.0893,-12.573
-5.7565,9.3302,-12.471
-5.6935,9.1584,-5.8785
-11.961,9.1478,-12.091
-11.405,9.3585,-6.1925
-11.757,6.7662,-8.7465
-6.2472,11.411,-9.2135
-11.402,12.255,-9.4015
-10.865,0.85128,-9.0265
-8.9321,12.548,-0.47628
-8.5701,12.271,6.1747
-8.6542,6.3024,-0.23928
-2.4854,12.307,-0.22628
-8.377,6.4141,6.1897
-2.1877,11.645,6.2207
-11.289,3.0893,-0.51028
-5.7565,9.3302,-0.40828
-11.941,3.1487,-5.8043
-5.6935,9.1584,6.1847
-11.961,9.1478,-0.028279
-11.405,9.3585,5.8707
-12.467,6.8935,-2.8933
-5.7558,12.486,-3.1203
-11.757,6.7662,3.3167
-6.2472,11.411,2.8497
-5.8732,6.5223,-3.2003
-13.348,11.543,-2.9913
-11.402,12.255,2.6617
-10.865,0.85128,3.0367
-8.9321,12.548,11.587
-8.6542,6.3024,11.824
-2.4854,12.307,11.837
-11.289,3.0893,11.553
-5.7565,9.3302,11.655
-11.941,3.1487,6.2589
-11.961,9.1478,12.035
-12.467,6.8935,9.1699
-5.7558,12.486,8.9429
-5.8732,6.5223,8.8629
-13.348,11.543,9.0719
13.308,-0.77736,-2.478
13.308,-0.77736,9.5852
9.8696,5.3779,-11.756
3.483,11.284,-11.885
10.259,6.1466,-5.8725
4.0494,11.803,-5.5275
9.7628,11.969,-11.177
9.8992,11.824,-5.9345
13.349,2.8026,-12.158
6.4783,8.6872,-11.969
7.2066,8.7522,-5.4995
12.677,8.8611,-11.676
13.233,9.0719,-5.7765
12.88,6.4796,-8.3305
5.8461,12.535,-8.6295
13.235,11.968,-8.9855
13.772,0.56466,-8.6105
7.1734,6.6373,-8.4265
9.8696,5.3779,0.30769
3.483,11.284,0.17869
10.259,6.1466,6.1907
4.0494,11.803,6.5357
9.7628,11.969,0.88669
9.8992,11.824,6.1287
13.349,2.8026,-0.094311
6.4783,8.6872,0.094689
12.697,2.862,-5.3883
7.2066,8.7522,6.5637
12.677,8.8611,0.38769
13.233,9.0719,6.2867
12.17,6.6069,-2.4773
6.8262,12.043,-2.2803
12.88,6.4796,3.7327
5.8461,12.535,3.4337
11.289,11.257,-2.5753
1.1368,11.394,-2.6843
13.235,11.968,3.0777
13.772,0.56466,3.4527
7.1734,6.6373,3.6367
9.8696,5.3779,12.371
3.483,11.284,12.242
9.7628,11.969,12.95
13.349,2.8026,11.969
6.4783,8.6872,12.158
12.697,2.862,6.6749
12.677,8.8611,12.451
12.17,6.6069,9.5859
6.8262,12.043,9.7829
11.289,11.257,9.4879
1.1368,11.394,9.3789
1.6007,12.736,-8.8168
1.6007,12.736,3.2464
0,0,0
0.094752,-0.059397,-5.257
0.088388,5.7495,0.334
6.1426,-0.091217,0.253
0.55225,-6.1822,0.053
-6.2324,-0.34931,0.343
0.094752,-0.059397,6.8062
-5.6462,0.077075,5.766
-5.3118,-6.33,0.239
-5.5811,6.1341,0.005721
0.79974,5.8754,5.994
-5.6462,0.077075,-6.2972
0.74317,-6.2119,-5.7212
0.79974,5.8754,-6.0692
6.5704,0.066468,-5.8502
0.74317,-6.2119,6.342
6.5902,-6.0373,0.212
6.5704,0.066468,6.213
7.1543,5.5547,0.44869
-5.1244,-5.9234,-6.0092
-5.1244,-5.9234,6.054
-5.2375,6.4325,5.9647
-5.2375,6.4325,-6.0985
6.9339,-5.7389,-5.8922
6.9339,-5.7389,6.171
7.3416,5.9613,-5.7995
7.3416,5.9613,6.2637
-0.079658,-11.761,-0.074689
0,0,-12.063
0,0,12.063
-12.251,0.41037,-0.28097
0.21504,12.295,-0.071279
12.386,0.12374,0.135
0.088388,5.7495,-11.729
-11.619,5.9891,-0.15328
0.35709,11.734,-5.7522
6.2336,11.535,0.55269
-6.2324,-0.34931,-11.72
6.1426,-0.091217,-11.81
0.35709,11.734,6.311
-12.109,-0.15029,-5.9619
-6.0287,12.08,0.046721
0.55225,-6.1822,-12.01
-6.3234,-11.976,0.043311
-12.109,-0.15029,6.1013
0.062395,-12.322,-5.7556
0.55225,-6.1822,12.116
0.088388,5.7495,12.397
12.528,-0.43692,-5.5459
6.1426,-0.091217,12.316
-12.378,-6.1352,0.12431
0.062395,-12.322,6.3076
12.26,-6.4219,0.54028
5.9389,-12.521,0.54928
-6.2324,-0.34931,12.406
12.528,-0.43692,6.5173
-11.428,5.9594,-5.9275
13.018,5.7025,0.26269
-11.428,5.9594,6.1357
-11.666,-6.0094,5.7843
-5.3118,-6.33,-11.824
-5.8956,-11.818,6.0033
-5.8956,-11.818,-6.0599
-11.666,-6.0094,-6.2789
-5.5811,6.1341,-12.057
-5.5811,6.1341,12.069
7.1543,5.5547,-11.615
-5.6009,12.238,6.0067
-5.6009,12.238,-6.0565
-5.3118,-6.33,12.302
6.5902,-6.0373,-11.851
6.5251,-12.094,5.9723
6.8198,11.962,5.9757
6.5251,-12.094,-6.0909
6.8198,11.962,-6.0875
6.5902,-6.0373,12.275
13.209,5.6728,-5.5115
7.1543,5.5547,12.512
12.971,-6.296,-5.8629
12.971,-6.296,6.2003
13.209,5.6728,6.5517
-0.079658,-11.761,11.989
-0.079658,-11.761,-12.138
-12.251,0.41037,11.782
0.21504,12.295,11.992
12.386,0.12374,-11.928
12.171,-12.171,0.20628
-12.171,12.171,-0.20628
-12.466,-11.885,-0.20969
12.466,11.885,0.20969
0.21504,12.295,-12.134
12.386,0.12374,12.198
-12.251,0.41037,-12.344
6.2336,11.535,-11.511
-11.619,5.9891,11.91
-11.619,5.9891,-12.216
-12.077,12.112,-5.4633
12.561,11.825,-5.0473
12.26,-6.4219,-11.523
5.9389,-12.521,-11.514
12.266,-12.231,-5.0507
-12.371,-11.944,-5.4667
-6.0287,12.08,-12.016
-6.3234,-11.976,-12.02
-6.0287,12.08,12.11
-6.3234,-11.976,12.107
6.2336,11.535,12.616
-12.378,-6.1352,-11.939
-12.077,12.112,6.5999
-12.371,-11.944,6.5965
-12.378,-6.1352,12.188
13.018,5.7025,-11.801
12.561,11.825,7.0159
12.266,-12.231,7.0125
12.26,-6.4219,12.603
5.9389,-12.521,12.612
13.018,5.7025,12.326
12.171,-12.171,-11.857
-12.171,12.171,11.857
-12.466,-11.885,11.854
12.466,11.885,-11.854
12.171,-12.171,12.269
-12.171,12.171,-12.269
12.466,11.885,12.273
-12.466,-11.885,-12.273
