-9.2611,-8.4596,-8.8544
-3.175,-8.3528,-9.5084
-9.4577,-8.717,-3.6768
-9.2611,-8.4596,2.6552
-4.0052,-7.9837,-3.6478
-3.175,-8.3528,2.0012
-9.4577,-8.717,7.8329
-4.0052,-7.9837,7.8619
3.3062,-8.6138,-9.212
9.1002,-2.947,-9.432
8.6505,-8.635,-9.074
3.3062,-8.6138,2.2976
9.1002,-2.947,2.0776
8.8528,-9.2982,-3.4594
8.6505,-8.635,2.4356
8.8528,-9.2982,8.0503
-8.3488,3.0413,-9.4367
-2.7492,-2.2726,-9.4107
-2.5548,8.708,-9.6567
2.7627,2.8419,-8.6267
3.112,-3.3411,-9.2587
-3.0045,3.0201,-9.2987
8.8487,2.9486,-9.2807
-8.5256,-2.542,-9.6577
2.8185,-8.2604,-3.473
-3.2081,-2.7768,-3.895
8.6274,-2.4685,-3.725
2.5661,2.5845,-3.449
-8.3488,3.0413,2.073
-2.7492,-2.2726,2.099
-2.5548,8.708,1.853
2.7627,2.8419,2.883
3.0787,-2.0846,-3.666
-2.8023,2.3568,-3.684
8.0186,3.3177,-3.42
-8.7455,-2.6375,-3.767
3.112,-3.3411,2.251
-3.0045,3.0201,2.211
8.8487,2.9486,2.229
-8.5256,-2.542,1.852
2.8185,-8.2604,8.0367
-3.2081,-2.7768,7.6147
8.6274,-2.4685,7.7847
2.5661,2.5845,8.0607
3.0787,-2.0846,7.8437
-2.8023,2.3568,7.8257
8.0186,3.3177,8.0897
-8.7455,-2.6375,7.7427
-8.543,8.3139,-9.4833
-8.8365,3.3946,-3.6976
-3.0276,9.1865,-3.9496
-8.5763,9.5705,-3.8906
-8.543,8.3139,2.0264
-8.8365,3.3946,7.812
-3.0276,9.1865,7.56
-8.5763,9.5705,7.619
9.2745,9.0288,-9.1829
3.4982,8.7594,-9.4299
8.8156,8.5246,-3.6672
9.2745,9.0288,2.3268
3.2783,8.6639,-3.5392
3.4982,8.7594,2.0798
8.8156,8.5246,7.8424
3.2783,8.6639,7.9704
-8.4691,-7.1938,-9.0294
-9.184,-3.3352,-2.9308
-8.8085,-8.8216,-2.3368
-8.4691,-7.1938,2.4802
-9.184,-3.3352,8.5789
-8.8085,-8.8216,9.1729
9.4191,-8.4377,-7.811
8.8697,-3.0616,-7.964
8.449,-8.6102,-2.1894
9.4191,-8.4377,3.6986
3.3267,-8.5692,-2.0304
9.195,-2.8848,-2.3144
8.8697,-3.0616,3.5456
8.449,-8.6102,9.3203
3.3267,-8.5692,9.4793
9.195,-2.8848,9.1953
-1.8364,-8.5171,-8.1637
-8.1947,-2.477,-8.1987
3.7908,-2.7796,-8.0637
-2.2359,3.2173,-8.0357
-2.6121,-3.0208,-8.1267
3.0377,-8.1445,-8.0847
3.5546,4.1076,-8.8017
-2.7853,8.5935,-8.1887
-2.361,-8.4648,-2.672
2.8397,7.9663,-2.703
2.8341,-2.6022,-2.285
-3.206,3.0448,-2.414
-1.8364,-8.5171,3.346
-8.1947,-2.477,3.311
3.7908,-2.7796,3.446
-2.2359,3.2173,3.474
-2.1404,-2.5873,-2.868
-8.3283,3.0858,-2.255
3.2152,2.4798,-2.109
-2.46,8.7702,-2.539
-2.6121,-3.0208,3.383
3.0377,-8.1445,3.425
3.5546,4.1076,2.708
-2.7853,8.5935,3.321
-2.361,-8.4648,8.8377
2.8397,7.9663,8.8067
2.8341,-2.6022,9.2247
-3.206,3.0448,9.0957
-2.1404,-2.5873,8.6417
-8.3283,3.0858,9.2547
3.2152,2.4798,9.4007
-2.46,8.7702,8.9707
-7.8642,8.8754,-8.2883
-8.6173,3.5106,-8.3093
-8.8209,9.0529,-2.5096
-7.8642,8.8754,3.2214
-8.6173,3.5106,3.2004
-8.8209,9.0529,9
10.187,2.7843,-7.9359
3.8291,8.8244,-7.9709
9.4117,8.2807,-7.8989
9.6627,2.8367,-2.4442
10.187,2.7843,3.5738
3.8291,8.8244,3.5388
9.8833,8.7141,-2.6402
9.4117,8.2807,3.6108
9.6627,2.8367,9.0654
9.8833,8.7141,8.8694
-0.56602,-11.53,-3.0951
-0.56602,-11.53,8.4145
-8.8128,-11.425,-11.828
-8.9358,-11.268,-6.8364
-2.8448,-10.841,-12.609
-9.2158,-5.7089,-11.857
-2.7437,-10.819,-6.8174
-8.8941,-4.748,-6.8674
-11.918,-8.5027,-12.449
-6.2198,-8.5805,-11.814
-11.752,-2.7398,-12.081
-5.8323,-7.8267,-6.9074
-11.889,-2.312,-6.9714
-5.7842,-12.265,-9.7384
-12.239,-5.7344,-9.3064
-12.005,-10.642,-9.2104
-8.8128,-11.425,-0.31875
-8.9358,-11.268,4.6732
-2.8448,-10.841,-1.0998
-9.2158,-5.7089,-0.34775
-2.7437,-10.819,4.6922
-8.8941,-4.748,4.6422
-11.918,-8.5027,-0.93975
-12.199,-8.0417,-6.1318
-6.2198,-8.5805,-0.30475
-11.752,-2.7398,-0.57175
-5.8323,-7.8267,4.6022
-11.889,-2.312,4.5382
-6.0169,-10.871,-4.0418
-12.186,-4.9156,-3.6358
-5.7842,-12.265,1.7712
-12.239,-5.7344,2.2032
-11.937,-11.38,-3.4748
-12.221,0.12471,-3.3198
-7.0139,-5.8602,-3.5448
-12.005,-10.642,2.2992
-8.8128,-11.425,11.191
-2.8448,-10.841,10.41
-9.2158,-5.7089,11.162
-11.918,-8.5027,10.57
-12.199,-8.0417,5.3779
-6.2198,-8.5805,11.205
-11.752,-2.7398,10.938
-6.0169,-10.871,7.4679
-12.186,-4.9156,7.8739
-11.937,-11.38,8.0349
-12.221,0.12471,8.1899
-7.0139,-5.8602,7.9649
3.1118,-11.55,-12.022
8.5727,-5.5336,-11.921
3.0976,-11.453,-5.919
8.9001,-6.0095,-5.789
8.9001,-11.767,-12.257
8.9475,-11.422,-6.51
11.761,-8.8563,-11.997
6.2011,-8.8909,-11.515
11.927,-3.0934,-11.629
5.9614,-8.2567,-6.533
11.79,-2.6656,-6.519
5.494,-11.728,-8.965
11.439,-6.088,-8.854
11.674,-10.995,-8.758
3.1118,-11.55,-0.51238
8.5727,-5.5336,-0.41138
3.0976,-11.453,5.5906
8.9001,-6.0095,5.7206
8.9001,-11.767,-0.74738
8.9475,-11.422,4.9996
11.761,-8.8563,-0.48738
11.48,-8.3953,-5.6794
6.2011,-8.8909,-0.005377
11.927,-3.0934,-0.11938
5.9614,-8.2567,4.9766
11.79,-2.6656,4.9906
5.6425,-11.107,-3.3054
11.493,-5.2691,-3.1834
5.494,-11.728,2.5446
11.439,-6.088,2.6556
5.6298,-6.6183,-2.7904
11.742,-11.734,-3.0224
11.458,-0.22888,-2.8674
11.674,-10.995,2.7516
3.1118,-11.55,10.997
8.5727,-5.5336,11.098
8.9001,-11.767,10.762
11.761,-8.8563,11.022
11.48,-8.3953,5.8303
6.2011,-8.8909,11.504
11.927,-3.0934,11.39
5.6425,-11.107,8.2043
11.493,-5.2691,8.3263
5.6298,-6.6183,8.7193
11.742,-11.734,8.4873
11.458,-0.22888,8.6423
-2.9614,-5.5536,-12.747
-8.5433,0.10465,-12.247
3.211,-0.12374,-11.601
-3.0823,6.1214,-12.146
-2.3525,-5.724,-6.1837
-8.5574,0.20223,-6.1437
3.0879,0.033234,-6.6087
-2.7549,5.6455,-6.0137
3.0837,-5.6491,-12.05
-2.7549,-0.11172,-12.482
9.179,0.46033,-12.382
2.8079,5.5925,-11.63
3.4259,-5.2602,-6.1977
-2.7075,0.23264,-6.7347
9.2801,0.48225,-6.5897
3.1297,6.5535,-6.6397
0.4377,-8.452,-12.159
-6.004,-3.1233,-12.411
6.0599,-2.7492,-12.914
0.10607,2.7987,-12.222
-5.3507,-2.419,-6.4177
6.4304,-2.4141,-6.2737
0.24395,-2.7386,-11.777
-5.4539,2.7641,-11.74
5.8039,2.7209,-11.587
0.27153,8.5616,-11.854
0.15486,-2.7895,-6.4467
-5.6936,3.3984,-6.7577
6.1914,3.4747,-6.6797
0.13506,8.9894,-6.7437
0.50417,-6.3279,-9.0727
-6.161,-0.072832,-9.1897
6.2395,-0.96308,-9.5107
-0.21567,5.5671,-9.0787
6.7267,-4.71,-8.8557
0.019092,0.65973,-8.9827
0.92702,-10.288,-8.7717
-5.0431,-5.4928,-9.0147
-2.9614,-5.5536,-1.237
-8.5433,0.10465,-0.737
3.211,-0.12374,-0.091
-3.0823,6.1214,-0.636
-2.3525,-5.724,5.326
-8.5574,0.20223,5.366
3.0879,0.033234,4.901
-2.7549,5.6455,5.496
3.0837,-5.6491,-0.54
-2.7549,-0.11172,-0.972
9.179,0.46033,-0.872
2.8079,5.5925,-0.12
3.4259,-5.2602,5.312
-2.7075,0.23264,4.775
9.2801,0.48225,4.92
3.1297,6.5535,4.87
0.4377,-8.452,-0.649
-6.004,-3.1233,-0.901
6.0599,-2.7492,-1.404
0.10607,2.7987,-0.712
-0.21991,-8.3884,-5.227
-5.3507,-2.419,5.092
6.4304,-2.4141,5.236
-0.17536,3.2598,-5.904
0.24395,-2.7386,-0.267
-5.4539,2.7641,-0.23
5.8039,2.7209,-0.077
0.27153,8.5616,-0.344
0.15486,-2.7895,5.063
-5.6936,3.3984,4.752
6.1914,3.4747,4.83
0.13506,8.9894,4.766
0.55508,-4.7199,-3.283
-6.0125,0.54801,-3.53
6.0069,0.43063,-3.814
-0.16193,6.3859,-3.408
0.50417,-6.3279,2.437
-6.161,-0.072832,2.32
6.2395,-0.96308,1.999
-0.21567,5.5671,2.431
-6.0253,5.0367,-3.015
0.086974,-0.078489,-3.247
-0.19728,11.426,-3.092
5.0099,5.4412,-3.317
6.7267,-4.71,2.654
0.019092,0.65973,2.527
0.92702,-10.288,2.738
-5.0431,-5.4928,2.495
-2.9614,-5.5536,10.273
-8.5433,0.10465,10.773
3.211,-0.12374,11.419
-3.0823,6.1214,10.874
3.0837,-5.6491,10.97
-2.7549,-0.11172,10.538
9.179,0.46033,10.638
2.8079,5.5925,11.39
0.4377,-8.452,10.861
-6.004,-3.1233,10.609
6.0599,-2.7492,10.106
0.10607,2.7987,10.798
-0.21991,-8.3884,6.2827
-0.17536,3.2598,5.6057
0.24395,-2.7386,11.243
-5.4539,2.7641,11.28
5.8039,2.7209,11.433
0.27153,8.5616,11.166
0.55508,-4.7199,8.2267
-6.0125,0.54801,7.9797
6.0069,0.43063,7.6957
-0.16193,6.3859,8.1017
-6.0253,5.0367,8.4947
0.086974,-0.078489,8.2627
-0.19728,11.426,8.4177
5.0099,5.4412,8.1927
-8.444,11.531,-11.825
-8.5671,11.688,-6.8333
-8.5713,6.0059,-12.274
-2.4761,12.115,-12.606
-8.2291,6.3949,-6.4223
-2.375,12.137,-6.8143
-11.217,3.203,-12.383
-5.2246,9.241,-6.4983
-11.411,8.9164,-12.001
-11.5,8.8655,-6.6713
-11.151,5.3271,-9.2973
-5.4155,10.692,-9.7353
-4.9283,6.945,-9.0803
-11.636,12.315,-9.2073
-10.728,1.3673,-8.9963
-8.444,11.531,-0.31562
-8.5671,11.688,4.6764
-8.5713,6.0059,-0.76462
-2.4761,12.115,-1.0966
-8.2291,6.3949,5.0874
-2.375,12.137,4.6954
-11.217,3.203,-0.87362
-5.5951,8.9058,-1.6286
-11.875,3.2666,-5.4516
-5.2246,9.241,5.0114
-11.411,8.9164,-0.49162
-11.5,8.8655,4.8384
-11.1,6.9351,-3.5076
-5.6481,12.086,-4.0386
-11.151,5.3271,2.2124
-5.4155,10.692,1.7744
-11.568,11.577,-3.4716
-4.9283,6.945,2.4294
-11.636,12.315,2.3024
-10.728,1.3673,2.5134
-8.444,11.531,11.194
-8.5713,6.0059,10.745
-2.4761,12.115,10.413
-11.217,3.203,10.636
-5.5951,8.9058,9.881
-11.875,3.2666,6.058
-11.411,8.9164,11.018
-11.1,6.9351,8.002
-5.6481,12.086,7.471
-11.568,11.577,8.038
9.0624,5.7478,-12.519
3.4805,11.406,-12.019
9.6712,5.5774,-5.9559
3.4664,11.504,-5.9159
9.2689,11.19,-12.254
9.3162,11.534,-6.5069
12.461,2.8494,-11.931
6.0197,8.1781,-12.183
6.6731,8.8824,-6.1899
12.268,8.5628,-11.549
12.179,8.5119,-6.2189
12.528,4.9735,-8.8449
5.8627,11.229,-8.9619
12.043,11.961,-8.7549
12.951,1.0137,-8.5439
6.9807,5.8086,-8.7869
9.0624,5.7478,-1.0092
3.4805,11.406,-0.50925
9.6712,5.5774,5.5538
3.4664,11.504,5.5938
9.2689,11.19,-0.74425
9.3162,11.534,5.0028
12.461,2.8494,-0.42125
6.0197,8.1781,-0.67325
11.804,2.913,-4.9992
6.6731,8.8824,5.3198
12.268,8.5628,-0.039248
12.179,8.5119,5.2908
12.579,6.5815,-3.0552
6.0112,11.849,-3.3022
12.528,4.9735,2.6648
5.8627,11.229,2.5478
12.111,11.223,-3.0192
12.043,11.961,2.7548
12.951,1.0137,2.9658
6.9807,5.8086,2.7228
9.0624,5.7478,10.5
3.4805,11.406,11
9.2689,11.19,10.765
12.461,2.8494,11.088
6.0197,8.1781,10.836
11.804,2.913,6.5104
12.268,8.5628,11.47
12.579,6.5815,8.4544
6.0112,11.849,8.2074
12.111,11.223,8.4904
1.2958,12.669,-8.7685
1.2958,12.669,2.7411
1.0186,12.38,2.4641
0,0,0
0.42851,0.28426,5.459
0.15203,-5.5925,-0.293
-5.6625,-0.050912,-0.271
-0.19233,5.7049,-0.386
0.42851,0.28426,-6.0507
6.1023,-0.052326,-0.407
-5.485,0.49427,5.315
0.48225,-5.5734,5.533
6.2558,0.26799,5.006
0.15981,6.0231,5.309
0.48225,-5.5734,-5.9767
6.178,-5.3846,-0.321
-6.0925,-5.4183,-1.1248
-5.485,0.49427,-6.1947
-5.477,6.2704,-0.54562
5.9312,5.8831,-0.897
0.15981,6.0231,-6.2007
6.2558,0.26799,-6.5037
-5.3486,-5.5055,5.174
6.05,-5.3542,5.7367
6.05,-5.3542,-5.773
-5.3486,-5.5055,-6.3357
-5.605,6.3008,5.512
-5.605,6.3008,-5.9976
6.6752,5.7959,5.4018
6.6752,5.7959,-6.1079
-11.423,0.12516,-0.191
0.60045,11.427,0.036752
0,0,-11.51
0,0,11.51
0.23171,-11.53,0.033623
12.255,-0.22843,0.26138
-0.19233,5.7049,11.124
0.15203,-5.5925,11.217
0.29133,-11.25,5.6017
-11.364,0.40495,5.377
-5.6625,-0.050912,11.239
6.1023,-0.052326,11.103
0.29133,-11.25,-5.908
-5.9214,-11.354,-0.63475
-5.5527,11.603,-0.63162
11.463,-5.9501,-0.16138
-11.364,0.40495,-6.1326
6.3612,11.251,-0.043248
0.66007,11.706,5.6048
-11.503,6.0625,-0.51762
0.15203,-5.5925,-11.803
-5.6625,-0.050912,-11.781
0.66007,11.706,-5.9049
5.9925,-11.706,-0.046377
-0.19233,5.7049,-11.896
-6.0925,-5.4183,10.385
-5.768,-11.033,4.7782
6.1023,-0.052326,-11.917
12.176,5.7089,-0.065248
-12.216,-5.5965,-0.61375
5.9312,5.8831,10.613
12.315,0.051364,-5.6802
12.315,0.051364,5.8294
-5.477,6.2704,10.964
-11.173,6.0816,5.3084
6.178,-5.3846,11.189
6.17,-11.161,5.5396
-5.3992,11.923,4.7814
-11.864,-5.2783,5.0812
6.17,-11.161,-5.97
-11.173,6.0816,-6.2013
-5.768,-11.033,-6.7314
11.815,-5.6319,5.5336
11.815,-5.6319,-5.976
6.178,-5.3846,-11.831
-11.864,-5.2783,-6.4284
6.5387,11.796,5.5428
-5.477,6.2704,-12.055
-5.3992,11.923,-6.7283
6.5387,11.796,-5.9669
12.506,5.728,-5.7489
12.506,5.728,5.7608
5.9312,5.8831,-12.407
-6.0925,-5.4183,-12.634
-11.423,0.12516,11.319
0.60045,11.427,-11.473
0.60045,11.427,11.546
0.23171,-11.53,-11.476
0.23171,-11.53,11.543
-11.423,0.12516,-11.701
11.655,-11.655,0.22462
-11.655,11.655,-0.22462
-12.024,-11.301,-0.22775
12.024,11.301,0.22775
12.255,-0.22843,-11.248
-5.9214,-11.354,10.875
-11.595,-11.017,5.2312
-5.5527,11.603,10.878
12.255,-0.22843,11.771
-11.503,6.0625,10.992
-11.595,-11.017,-6.2784
11.463,-5.9501,11.348
-11.227,11.939,5.2344
6.3612,11.251,11.466
-12.216,-5.5965,10.896
6.3612,11.251,-11.553
11.463,-5.9501,-11.671
5.9925,-11.706,11.463
5.9925,-11.706,-11.556
12.084,-11.371,5.6836
-11.227,11.939,-6.2753
12.084,-11.371,-5.826
-5.9214,-11.354,-12.144
12.176,5.7089,11.444
-5.5527,11.603,-12.141
-11.503,6.0625,-12.027
12.176,5.7089,-11.575
12.452,11.586,5.6868
12.452,11.586,-5.8229
-12.216,-5.5965,-12.123
11.655,-11.655,-11.285
-11.655,11.655,11.285
-12.024,-11.301,11.282
12.024,11.301,-11.282
11.655,-11.655,11.734
-11.655,11.655,-11.734
-12.024,-11.301,-11.737
12.024,11.301,11.737
