-2.6302,-9.9487,-9.8239
-8.7247,-8.5931,-9.2449
-2.6302,-9.9487,2.2393
-9.0606,-9.2868,-3.4347
-8.7247,-8.5931,2.8183
-9.0606,-9.2868,8.6285
8.4407,-8.3374,-8.7699
3.7525,-9.0304,-9.0989
9.6038,-3.964,-9.6809
8.5029,-9.2595,-3.6467
8.4407,-8.3374,3.2933
3.7525,-9.0304,2.9643
9.6038,-3.964,2.3823
8.5029,-9.2595,8.4165
3.0554,-2.6736,-9.5022
-3.7307,3.8339,-8.9762
9.8359,1.9361,-9.6142
-8.276,-3.7081,-9.2062
-8.4188,3.141,-9.3052
-3.0667,-2.3921,-9.1332
-2.5675,8.2074,-9.8872
3.7413,3.2916,-9.0352
3.0858,-2.7224,-2.689
-3.6685,2.9119,-3.853
-2.1927,-9.5594,-2.933
-8.6359,-3.0653,-3.567
3.0554,-2.6736,2.561
-3.7307,3.8339,3.087
9.8359,1.9361,2.449
-8.276,-3.7081,2.857
2.6757,-8.8756,-3.403
-2.9755,-2.67,-3.471
9.5445,-2.3179,-3.487
3.4054,2.5979,-3.225
-8.4188,3.141,2.758
-3.0667,-2.3921,2.93
-2.5675,8.2074,2.176
3.7413,3.2916,3.028
3.0858,-2.7224,9.3742
-3.6685,2.9119,8.2102
-2.1927,-9.5594,9.1302
-8.6359,-3.0653,8.4962
2.6757,-8.8756,8.6602
-2.9755,-2.67,8.5922
9.5445,-2.3179,8.5762
3.4054,2.5979,8.8382
-9.1159,9.4978,-9.7085
-9.0855,9.449,-2.8953
-9.1159,9.4978,2.3547
-9.4957,3.2957,-3.6093
-2.6268,9.8535,-3.6933
-9.0855,9.449,9.1679
-9.4957,3.2957,8.4539
-2.6268,9.8535,8.3699
4.1901,8.1767,-8.9965
9.3993,9.4926,-8.9235
10.273,2.3254,-2.7233
3.8302,8.8194,-3.3573
4.1901,8.1767,3.0667
9.4905,9.2147,-3.2613
9.3993,9.4926,3.1397
10.273,2.3254,9.3399
3.8302,8.8194,8.7059
9.4905,9.2147,8.8019
-3.5897,-8.9128,-9.3369
-9.7889,-2.5594,-9.5319
-9.6044,-8.3881,-8.0429
-3.5466,-8.5062,-3.8667
-10.24,-3.2015,-3.2127
-3.5897,-8.9128,2.7263
-9.7889,-2.5594,2.5313
-8.6866,-9.173,-1.9797
-9.6044,-8.3881,4.0203
-3.5466,-8.5062,8.1965
-10.24,-3.2015,8.8505
-8.6866,-9.173,10.084
9.2248,-9.4412,-8.1469
2.8764,-10.141,-8.5879
9.2708,-3.3481,-8.3539
9.0021,-9.9525,-2.4097
9.2248,-9.4412,3.9163
3.2498,-10.254,-2.5847
9.1258,-3.7532,-2.3217
2.8764,-10.141,3.4753
9.2708,-3.3481,3.7093
9.0021,-9.9525,9.6535
3.2498,-10.254,9.4785
9.1258,-3.7532,9.7415
8.8763,2.972,-9.1272
2.6771,9.3253,-9.3222
4.1132,-2.3144,-8.5172
-2.9465,2.7301,-8.3532
-2.093,-3.1862,-8.2742
-9.2949,2.0301,-8.7942
2.8617,3.4966,-7.8332
-2.9006,8.8233,-8.5602
8.9194,3.3786,-3.657
2.226,8.6833,-3.003
3.5136,-4.0439,-3.247
-3.1693,2.2189,-2.616
8.8763,2.972,2.936
2.6771,9.3253,2.741
4.1132,-2.3144,3.546
-2.9465,2.7301,3.71
-1.806,-3.6275,-3.318
-8.9216,1.917,-2.791
3.7795,2.7118,-1.77
-3.0455,8.4181,-2.528
-2.093,-3.1862,3.789
-9.2949,2.0301,3.269
2.8617,3.4966,4.23
-2.9006,8.8233,3.503
8.9194,3.3786,8.4062
2.226,8.6833,9.0602
3.5136,-4.0439,8.8162
-3.1693,2.2189,9.4472
-1.806,-3.6275,8.7452
-8.9216,1.917,9.2722
3.7795,2.7118,10.293
-3.0455,8.4181,9.5352
-8.0581,9.857,-8.7235
-8.6577,8.1274,-3.4533
-8.0581,9.857,3.3397
-8.6577,8.1274,8.6099
10.373,8.6985,-8.0645
10.66,8.2573,-3.1083
10.373,8.6985,3.9987
10.66,8.2573,8.9549
0.093508,-12.391,-9.1046
0.093508,-12.391,2.9586
-9.3852,-11.683,-12.22
-9.272,-11.73,-6.4299
-3.128,-12.497,-12.444
-9.05,-5.7633,-12.646
-2.8317,-11.721,-6.3589
-9.079,-5.6155,-6.2799
-12.151,-8.6632,-13.387
-5.9854,-9.1631,-11.893
-12.313,-2.5813,-12.395
-5.7231,-8.6872,-6.3809
-12.344,-2.8599,-7.2539
-5.5484,-12.511,-9.1739
-12.254,-6.7851,-9.7089
-12.088,-10.747,-9.4449
-12.078,-0.21959,-9.3109
-9.3852,-11.683,-0.15669
-9.272,-11.73,5.6333
-3.128,-12.497,-0.38069
-9.05,-5.7633,-0.58269
-2.8317,-11.721,5.7043
-9.079,-5.6155,5.7833
-12.151,-8.6632,-1.3237
-12.853,-8.7303,-6.0247
-5.9854,-9.1631,0.17031
-12.313,-2.5813,-0.33169
-5.7231,-8.6872,5.6823
-12.344,-2.8599,4.8093
-5.5272,-11.019,-3.1837
-13.018,-5.1828,-3.6057
-5.5484,-12.511,2.8893
-12.254,-6.7851,2.3543
-13.014,-11.651,-3.2457
-5.9953,-6.6627,-3.1927
-12.088,-10.747,2.6183
-12.078,-0.21959,2.7523
-9.3852,-11.683,11.907
-3.128,-12.497,11.683
-9.05,-5.7633,11.481
-12.151,-8.6632,10.74
-12.853,-8.7303,6.0385
-5.9854,-9.1631,12.234
-12.313,-2.5813,11.732
-5.5272,-11.019,8.8795
-13.018,-5.1828,8.4575
-13.014,-11.651,8.8175
-5.9953,-6.6627,8.8705
3.1062,-12.248,-11.512
9.0382,-6.6552,-12.379
3.3219,-12.434,-6.1789
9.1902,-6.1624,-6.1779
9.268,-11.72,-11.479
9.543,-11.901,-6.1589
12.487,-8.9498,-12.971
5.673,-9.4914,-12.321
12.325,-2.8679,-11.979
5.8647,-9.3238,-5.7339
12.294,-3.1465,-6.8379
6.7655,-11.575,-8.7769
12.383,-7.0717,-9.2929
12.55,-11.034,-9.0289
12.56,-0.50621,-8.8949
3.1062,-12.248,0.55128
9.0382,-6.6552,-0.31572
3.3219,-12.434,5.8843
9.1902,-6.1624,5.8853
9.268,-11.72,0.58428
9.543,-11.901,5.9043
12.487,-8.9498,-0.90772
11.785,-9.017,-5.6087
5.673,-9.4914,-0.25772
12.325,-2.8679,0.084279
5.8647,-9.3238,6.3293
12.294,-3.1465,5.2253
5.9828,-12.434,-2.8387
11.62,-5.4694,-3.1897
6.7655,-11.575,3.2863
12.383,-7.0717,2.7703
11.623,-11.937,-2.8297
0.6646,-12.478,-2.9647
12.55,-11.034,3.0343
12.56,-0.50621,3.1683
3.1062,-12.248,12.614
9.0382,-6.6552,11.747
9.268,-11.72,12.647
12.487,-8.9498,11.155
11.785,-9.017,6.4545
5.673,-9.4914,11.805
12.325,-2.8679,12.147
5.9828,-12.434,9.2245
11.62,-5.4694,8.8735
11.623,-11.937,9.2335
0.6646,-12.478,9.0985
-2.6092,-6.4474,-12.803
-9.0651,-0.076368,-11.718
3.0809,0.20153,-12.01
-3.1332,5.5161,-12.585
-8.8494,-0.26234,-6.3852
3.194,0.15486,-6.2202
-2.9812,6.009,-6.3842
3.0554,-5.8754,-11.949
-2.9034,0.45113,-11.685
9.3381,-0.61235,-12.234
3.416,6.1214,-12.436
3.1707,-5.3514,-6.5112
-2.6283,0.27082,-6.3652
9.6343,0.16334,-6.1492
3.387,6.2692,-6.0702
0.3479,-8.8657,-12.26
-5.9538,-3.3474,-12.916
6.8031,-3.2633,-12.645
0.31537,3.2216,-13.177
0.57205,-9.0913,-6.0482
-5.3132,-3.0759,-6.0572
0.029698,-2.9628,-11.878
-6.4983,2.6799,-12.527
6.4806,2.7217,-11.683
0.15344,9.3034,-12.185
0.38467,-2.7294,-5.9362
-6.3067,2.8475,-5.9402
6.743,3.1975,-6.1712
0.12233,9.0248,-7.0442
-0.68943,-6.1483,-8.8842
-5.4058,0.59609,-8.9832
6.9176,-0.62579,-8.9642
0.21213,5.0997,-9.4992
6.096,-4.8543,-9.1662
0.3783,1.1377,-9.2352
0.3882,11.665,-9.1012
-4.5637,-5.934,-8.8272
-2.6092,-6.4474,-0.74
-9.0651,-0.076368,0.345
3.0809,0.20153,0.053
-3.1332,5.5161,-0.522
-3.03,-6.2119,-5.77
-8.8494,-0.26234,5.678
3.194,0.15486,5.843
-2.9812,6.009,5.679
3.0554,-5.8754,0.114
-2.9034,0.45113,0.378
9.3381,-0.61235,-0.171
3.416,6.1214,-0.373
3.1707,-5.3514,5.552
-2.6283,0.27082,5.698
9.6343,0.16334,5.914
3.387,6.2692,5.993
0.3479,-8.8657,-0.197
-5.9538,-3.3474,-0.853
6.8031,-3.2633,-0.582
0.31537,3.2216,-1.114
0.57205,-9.0913,6.015
-5.3132,-3.0759,6.006
6.0465,-2.9281,-5.449
-0.38679,3.1544,-5.815
0.029698,-2.9628,0.185
-6.4983,2.6799,-0.464
6.4806,2.7217,0.38
0.15344,9.3034,-0.122
0.38467,-2.7294,6.127
-6.3067,2.8475,6.123
6.743,3.1975,5.892
0.12233,9.0248,5.019
0.62084,-5.7276,-2.996
-6.1886,-0.26304,-3.045
6.9388,0.86621,-2.974
-0.55154,6.702,-3.396
-0.68943,-6.1483,3.179
-5.4058,0.59609,3.08
6.9176,-0.62579,3.099
0.21213,5.0997,2.564
6.1518,-6.2112,-3.177
-0.54801,0.23405,-3.036
-11.507,-0.30618,-3.171
6.4707,5.222,-2.983
6.096,-4.8543,2.897
0.3783,1.1377,2.828
0.3882,11.665,2.962
-4.5637,-5.934,3.236
-2.6092,-6.4474,11.323
-9.0651,-0.076368,12.408
3.0809,0.20153,12.116
-3.1332,5.5161,11.541
-3.03,-6.2119,6.2932
3.0554,-5.8754,12.177
-2.9034,0.45113,12.441
9.3381,-0.61235,11.892
3.416,6.1214,11.69
0.3479,-8.8657,11.866
-5.9538,-3.3474,11.21
6.8031,-3.2633,11.481
0.31537,3.2216,10.949
6.0465,-2.9281,6.6142
-0.38679,3.1544,6.2482
0.029698,-2.9628,12.248
-6.4983,2.6799,11.599
6.4806,2.7217,12.443
0.15344,9.3034,11.941
0.62084,-5.7276,9.0672
-6.1886,-0.26304,9.0182
6.9388,0.86621,9.0892
-0.55154,6.702,8.6672
6.1518,-6.2112,8.8862
-0.54801,0.23405,9.0272
-11.507,-0.30618,8.8922
6.4707,5.222,9.0802
-9.0905,12.373,-12.216
-8.9774,12.326,-6.4265
-9.1159,6.296,-12.155
-2.8333,11.559,-12.44
-9.0007,6.82,-6.7175
-2.537,12.335,-6.3555
-11.823,3.3056,-12.466
-5.3683,8.9081,-12.851
-11.599,3.0801,-6.2545
-12.142,9.2086,-12.084
-11.787,9.4419,-6.1425
-12.861,6.0231,-9.0905
-5.2537,11.546,-9.1705
-6.0754,7.3171,-9.3725
-11.793,13.309,-9.4415
-9.0905,12.373,-0.15328
-8.9774,12.326,5.6367
-9.1159,6.296,-0.092279
-2.8333,11.559,-0.37728
-9.0007,6.82,5.3457
-2.537,12.335,5.7077
-11.823,3.3056,-0.40328
-5.3683,8.9081,-0.78828
-11.599,3.0801,5.8087
-6.1249,9.2432,-5.6553
-12.142,9.2086,-0.021279
-11.787,9.4419,5.9207
-11.551,6.4438,-3.2023
-5.2325,13.038,-3.1803
-12.861,6.0231,2.9727
-5.2537,11.546,2.8927
-6.0195,5.9601,-3.3833
-12.719,12.405,-3.2423
-6.0754,7.3171,2.6907
-11.793,13.309,2.6217
-9.0905,12.373,11.91
-9.1159,6.296,11.971
-2.8333,11.559,11.686
-11.823,3.3056,11.66
-5.3683,8.9081,11.275
-6.1249,9.2432,6.4079
-12.142,9.2086,12.042
-11.551,6.4438,8.8609
-5.2325,13.038,8.8829
-6.0195,5.9601,8.6799
-12.719,12.405,8.8209
13.131,-0.5928,-2.755
13.131,-0.5928,9.3082
9.8568,5.4373,-12.594
3.4009,11.808,-11.509
3.6166,11.622,-6.1755
9.5627,12.336,-11.476
9.8377,12.156,-6.1555
12.814,3.019,-12.051
6.5122,8.5373,-12.707
13.038,2.7935,-5.8385
7.1528,8.8088,-5.8475
12.496,8.922,-11.669
12.851,9.1553,-5.7265
11.777,5.7364,-8.6745
7.0602,12.481,-8.7735
12.844,13.022,-9.0255
7.9024,5.9507,-8.6175
9.8568,5.4373,-0.53031
3.4009,11.808,0.55469
9.4361,5.6728,-5.5603
3.6166,11.622,5.8877
9.5627,12.336,0.58769
9.8377,12.156,5.9077
12.814,3.019,0.012689
6.5122,8.5373,-0.64331
13.038,2.7935,6.2247
7.1528,8.8088,6.2157
12.496,8.922,0.39469
12.851,9.1553,6.3367
13.087,6.1572,-2.7863
6.2774,11.622,-2.8353
11.777,5.7364,3.3887
7.0602,12.481,3.2897
11.918,12.119,-2.8263
0.9593,11.579,-2.9613
12.844,13.022,3.0377
7.9024,5.9507,3.4457
9.8568,5.4373,11.533
3.4009,11.808,12.618
9.4361,5.6728,6.5029
9.5627,12.336,12.651
12.814,3.019,12.076
6.5122,8.5373,11.42
12.496,8.922,12.458
13.087,6.1572,9.2769
6.2774,11.622,9.2279
11.918,12.119,9.2369
0.9593,11.579,9.1019
0,0,0
0.025456,5.7672,-0.223
0.36911,0.20082,5.82
0.29204,-6.0451,-0.099
-6.2367,-0.21496,0.013
0.36911,0.20082,-6.2432
6.26,-0.10677,-0.037
-5.4101,-6.0366,-0.318
-5.6738,-0.26304,5.922
-0.1591,5.9602,5.82
-5.6738,-0.26304,-6.1412
0.24254,-6.055,5.792
-6.1144,5.7353,-0.151
6.3816,-0.21425,-5.75
-0.1591,5.9602,-6.2432
0.24254,-6.055,-6.2712
6.057,-6.436,0.055279
6.3816,-0.21425,6.3132
7.056,5.8482,-0.10831
-5.5968,-6.1865,5.944
-6.033,6.1037,5.7097
-5.5968,-6.1865,-6.1192
6.1384,-6.0677,5.916
6.1384,-6.0677,-6.1472
-6.033,6.1037,-6.3535
6.8693,5.6983,-5.9095
6.8693,5.6983,6.1537
-0.26492,-11.714,-0.34769
0,0,-12.063
0,0,12.063
12.201,0.17041,-0.138
0.029774,12.342,-0.34428
-12.436,0.45704,-0.55397
0.083684,-11.728,5.7033
0.025456,5.7672,11.84
6.2294,11.67,0.22269
-12.088,0.4436,5.497
0.083684,-11.728,-6.3599
-11.879,6.1263,-0.30528
0.29204,-6.0451,11.964
-5.9113,12.065,-0.24328
-6.206,-11.992,-0.24669
6.26,-0.10677,12.026
-6.2367,-0.21496,-12.05
0.025456,5.7672,-12.286
0.29204,-6.0451,-12.162
0.37838,12.328,5.7067
-6.2367,-0.21496,12.076
6.26,-0.10677,-12.1
5.9347,-12.386,0.21928
-12.088,0.4436,-6.5662
12.197,-6.4042,-0.016721
-12.441,-6.1176,-0.43269
12.55,0.15698,5.913
0.37838,12.328,-6.3565
12.55,0.15698,-6.1502
12.758,5.8397,0.11069
-5.4101,-6.0366,11.745
-11.929,6.1164,5.5857
-5.7897,11.957,-5.9563
-6.1144,5.7353,11.912
-5.7897,11.957,6.1069
6.7922,11.622,-5.9315
6.7922,11.622,6.1317
-6.0844,-12.099,-5.9597
-5.4101,-6.0366,-12.381
12.012,-6.2112,6.0263
12.012,-6.2112,-6.0369
-6.1144,5.7353,-12.214
-6.0844,-12.099,6.1035
-11.929,6.1164,-6.4775
6.057,-6.436,-12.008
6.057,-6.436,12.118
-12.625,-5.9245,5.6103
7.056,5.8482,11.955
12.709,5.8298,6.0017
6.4975,-12.434,-5.9349
7.056,5.8482,-12.172
12.709,5.8298,-6.0615
6.4975,-12.434,6.1283
-12.625,-5.9245,-6.4529
-0.26492,-11.714,11.716
-12.436,0.45704,11.509
0.029774,12.342,11.719
12.201,0.17041,11.925
-0.26492,-11.714,-12.411
12.171,-12.171,0.20628
-12.171,12.171,-0.20628
-12.466,-11.885,-0.20969
12.466,11.885,0.20969
12.201,0.17041,-12.201
0.029774,12.342,-12.407
-12.436,0.45704,-12.617
-12.097,-11.684,5.6103
6.2294,11.67,-11.841
-11.879,6.1263,11.758
-5.9113,12.065,11.82
-6.206,-11.992,11.817
-11.802,12.372,5.6137
-12.097,-11.684,-6.4529
6.2294,11.67,12.286
-12.441,-6.1176,11.631
5.9347,-12.386,-11.844
-11.879,6.1263,-12.368
-5.9113,12.065,-12.306
-6.206,-11.992,-12.31
-11.802,12.372,-6.4495
12.197,-6.4042,12.046
12.197,-6.4042,-12.08
12.54,-11.971,6.0263
12.54,-11.971,-6.0369
5.9347,-12.386,12.282
12.758,5.8397,-11.953
12.758,5.8397,12.174
12.835,12.086,6.0297
12.835,12.086,-6.0335
-12.441,-6.1176,-12.496
-12.171,12.171,11.857
12.171,-12.171,-11.857
-12.466,-11.885,11.854
12.466,11.885,-11.854
12.171,-12.171,12.269
-12.171,12.171,-12.269
-12.466,-11.885,-12.273
12.466,11.885,12.273
