-10.16,-9.7422,-10.253
-10.309,-9.4148,-3.2216
-10.16,-9.7422,2.6334
-3.2959,-9.7669,-3.7786
-10.745,-2.8033,-3.4566
-10.309,-9.4148,9.6646
-3.2959,-9.7669,9.1076
-10.745,-2.8033,9.4296
9.8074,-8.9504,-10.03
9.5005,-3.5594,-2.7926
9.6221,-8.9688,-3.8516
9.8074,-8.9504,2.8564
9.5005,-3.5594,10.093
9.6221,-8.9688,9.0345
2.7719,-9.1033,-9.4801
-3.2442,-3.3786,-10.258
9.4434,-3.2124,-10.526
3.0031,2.979,-10.08
3.001,-3.0505,-9.4961
-3.1297,3.9867,-10.206
-2.6007,-9.8146,-9.9761
-9.9087,-2.7429,-9.5601
3.0342,-9.7772,-3.4
-3.0653,-2.6693,-3.447
-3.4365,9.3777,-2.969
2.8539,3.3064,-3.049
2.7719,-9.1033,3.406
-3.2442,-3.3786,2.628
9.4434,-3.2124,2.36
3.0031,2.979,2.806
2.3356,-2.7839,-3.156
-3.3149,3.9683,-4.028
9.867,2.9543,-3.606
2.4183,9.9179,-3.284
3.001,-3.0505,3.39
-3.1297,3.9867,2.68
-2.6007,-9.8146,2.91
-9.9087,-2.7429,3.326
3.0342,-9.7772,9.4861
-3.0653,-2.6693,9.4391
-3.4365,9.3777,9.9171
2.8539,3.3064,9.8371
2.3356,-2.7839,9.7301
-3.3149,3.9683,8.8581
9.867,2.9543,9.2801
2.4183,9.9179,9.6021
-10.165,3.8337,-9.6565
-3.4936,9.7247,-10.702
-9.9361,9.8866,-9.6725
-9.9028,3.1599,-3.5764
-10.165,3.8337,3.2296
-3.4936,9.7247,2.1836
-10.601,10.153,-3.3324
-9.9361,9.8866,3.2136
-9.9028,3.1599,9.3098
-10.601,10.153,9.5538
9.9187,9.3427,-10.086
10.562,2.9066,-9.8036
3.2542,9.9783,-9.3876
10.098,10.052,-3.2744
9.9187,9.3427,2.8006
10.562,2.9066,3.0826
3.2542,9.9783,3.4986
10.098,10.052,9.6117
-3.8602,-10.548,-9.6377
-9.0072,-9.7323,-9.2917
-3.8602,-10.548,3.2484
-9.575,-9.395,-1.9106
-9.0072,-9.7323,3.5944
-9.575,-9.395,10.976
9.5557,-10.176,-9.1988
9.5436,-9.7063,-2.5496
9.5557,-10.176,3.6874
3.3635,-10.012,-1.8276
10.626,-3.2009,-3.7206
9.5436,-9.7063,10.336
3.3635,-10.012,11.058
10.626,-3.2009,9.1655
9.3027,2.1736,-9.4651
-9.2716,-3.3786,-8.3521
3.3036,-2.6121,-8.0971
-3.3814,2.7605,-9.3751
-2.5668,-2.8737,-9.0181
3.6324,-9.2157,-8.2571
4.1557,2.9889,-9.1191
9.9928,-2.704,-9.2271
-2.9253,-9.6951,-2.143
-9.3791,-3.0844,-2.31
2.9635,-3.3086,-1.899
-3.3934,3.2308,-2.726
9.3027,2.1736,3.421
-9.2716,-3.3786,4.534
3.3036,-2.6121,4.789
-3.3814,2.7605,3.511
-3.5002,-4.1026,-3.321
-9.5735,2.9253,-2.004
3.5879,3.3262,-1.738
-2.3115,9.7362,-3.897
-2.5668,-2.8737,3.868
3.6324,-9.2157,4.629
4.1557,2.9889,3.767
9.9928,-2.704,3.659
-2.9253,-9.6951,10.743
-9.3791,-3.0844,10.576
2.9635,-3.3086,10.987
-3.3934,3.2308,10.16
-3.5002,-4.1026,9.5651
-9.5735,2.9253,10.882
3.5879,3.3262,11.148
-2.3115,9.7362,8.9891
-9.6334,10.325,-8.2735
-9.3046,3.7213,-8.4335
-2.9442,10.233,-9.4035
-9.9736,9.6285,-2.0754
-9.6334,10.325,4.6126
-9.3046,3.7213,4.4526
-2.9442,10.233,3.4826
-9.9736,9.6285,10.811
3.8913,9.3427,-8.1796
10.596,9.8475,-8.8456
10.238,3.0261,-1.9704
3.7838,9.6368,-2.1374
3.8913,9.3427,4.7066
9.6627,8.6186,-3.1484
10.596,9.8475,4.0406
10.238,3.0261,10.916
3.7838,9.6368,10.749
9.6627,8.6186,9.7377
-0.70877,-13.286,-9.8143
-0.70877,-13.286,3.0718
-10.122,-12.775,-13.285
-9.9017,-12.086,-6.4307
-3.6212,-12.513,-13.038
-9.9392,-6.102,-13.459
-3.4529,-13.039,-6.7147
-9.6839,-6.8324,-6.6457
-12.799,-9.4643,-12.788
-13.684,-9.5088,-7.4177
-6.6914,-9.5675,-11.836
-13.507,-2.9999,-13.606
-5.9695,-9.3292,-6.9897
-12.692,-3.1116,-6.6067
-6.2636,-13.613,-9.5637
-13.548,-5.5299,-10.219
-12.829,-13.127,-9.9617
-13.646,-0.34896,-9.9907
-7.2239,-5.7343,-9.7237
-10.122,-12.775,-0.39855
-9.9017,-12.086,6.4554
-3.6212,-12.513,-0.15155
-9.9392,-6.102,-0.57255
-3.4529,-13.039,6.1714
-9.6839,-6.8324,6.2404
-12.799,-9.4643,0.098449
-13.684,-9.5088,5.4684
-6.6914,-9.5675,1.0504
-13.507,-2.9999,-0.71955
-5.9695,-9.3292,5.8964
-12.692,-3.1116,6.2794
-6.5783,-11.68,-3.0866
-13.282,-6.1083,-3.7536
-6.2636,-13.613,3.3224
-13.548,-5.5299,2.6674
-13.752,-11.541,-3.5016
-0.57141,-12.412,-3.6996
-6.0812,-7.1881,-3.1796
-12.829,-13.127,2.9244
-13.646,-0.34896,2.8954
-7.2239,-5.7343,3.1624
-10.122,-12.775,12.488
-3.6212,-12.513,12.735
-9.9392,-6.102,12.314
-12.799,-9.4643,12.985
-6.6914,-9.5675,13.937
-13.507,-2.9999,12.167
-6.5783,-11.68,9.7996
-13.282,-6.1083,9.1326
-13.752,-11.541,9.3846
-0.57141,-12.412,9.1866
-6.0812,-7.1881,9.7066
-13.508,0.52484,-3.8759
-13.508,0.52484,9.0102
3.133,-13.055,-12.808
9.7232,-6.6445,-13.296
3.4229,-12.902,-6.5648
9.6469,-5.8158,-6.6308
9.6631,-12.146,-12.214
9.6603,-13.028,-6.5758
13.3,-9.6801,-12.439
12.416,-9.7247,-7.0688
5.8851,-9.5747,-11.491
12.593,-3.2157,-13.257
6.747,-9.6617,-6.9888
13.408,-3.3275,-6.2578
6.6035,-14.145,-9.2418
12.552,-5.7458,-9.8698
13.271,-13.343,-9.6128
12.454,-0.56479,-9.6418
3.133,-13.055,0.078357
9.7232,-6.6445,-0.40964
3.4229,-12.902,6.3214
9.6469,-5.8158,6.2554
9.6631,-12.146,0.67236
9.6603,-13.028,6.3104
13.3,-9.6801,0.44736
12.416,-9.7247,5.8174
5.8851,-9.5747,1.3954
12.593,-3.2157,-0.37064
6.747,-9.6617,5.8974
13.408,-3.3275,6.6284
6.4896,-11.842,-2.4786
12.818,-6.3242,-3.4046
6.6035,-14.145,3.6444
12.552,-5.7458,3.0164
6.1269,-7.6019,-2.6926
12.348,-11.757,-3.1526
13.271,-13.343,3.2734
12.454,-0.56479,3.2444
3.133,-13.055,12.964
9.7232,-6.6445,12.476
9.6631,-12.146,13.558
13.3,-9.6801,13.333
5.8851,-9.5747,14.281
12.593,-3.2157,12.515
6.4896,-11.842,10.407
12.818,-6.3242,9.4815
6.1269,-7.6019,10.193
12.348,-11.757,9.7335
-3.1388,-6.5584,-12.87
-9.804,-0.11809,-12.984
3.0406,-0.05374,-13.112
-3.2138,6.2925,-13.472
-3.0264,-5.7643,-6.6251
-9.5141,0.034648,-6.7411
3.2612,0.63498,-6.2581
-3.2902,7.1213,-6.8071
3.2279,-6.417,-12.884
-3.2739,0.79055,-12.39
9.5417,0.20789,-12.865
3.2237,6.6192,-13.286
-3.2767,-0.09051,-6.7521
9.71,-0.3182,-6.5421
3.479,5.8888,-6.4731
0.10394,-9.599,-12.763
-6.0564,-3.3397,-13.47
6.3724,-3.083,-13.348
0.36345,3.2569,-12.615
-0.040305,-9.5919,-6.8701
-0.52114,3.2124,-7.2451
-0.56639,-3.2053,-13.555
-7.052,3.3623,-11.667
6.4714,3.1537,-11.663
-0.34365,9.7213,-13.433
0.19799,-3.0646,-6.2001
-6.19,3.2753,-7.1651
7.1934,3.392,-6.8171
0.47093,9.6096,-6.4341
0.0049497,-5.584,-9.8521
-6.3336,-1.2084,-9.4181
6.8992,-0.89166,-9.3911
-0.38467,7.1913,-10.046
5.8633,-5.5423,-9.2701
0.33375,-0.40588,-9.7891
-0.48295,12.372,-9.8181
5.939,6.9869,-9.5511
-3.1388,-6.5584,0.016
-9.804,-0.11809,-0.098
3.0406,-0.05374,-0.226
-3.2138,6.2925,-0.586
-3.0264,-5.7643,6.261
-9.5141,0.034648,6.145
3.2612,0.63498,6.628
-3.2902,7.1213,6.079
3.2279,-6.417,0.002
-3.2739,0.79055,0.496
9.5417,0.20789,0.021
3.2237,6.6192,-0.4
3.1657,-6.6815,-5.777
-3.2767,-0.09051,6.134
9.71,-0.3182,6.344
3.479,5.8888,6.413
0.10394,-9.599,0.123
-6.0564,-3.3397,-0.584
6.3724,-3.083,-0.462
0.36345,3.2569,0.271
-0.040305,-9.5919,6.016
-6.8497,-3.1035,-5.089
5.7184,-2.9904,-5.377
-0.52114,3.2124,5.641
-0.56639,-3.2053,-0.669
-7.052,3.3623,1.219
6.4714,3.1537,1.223
-0.34365,9.7213,-0.547
0.19799,-3.0646,6.686
-6.19,3.2753,5.721
7.1934,3.392,6.069
0.47093,9.6096,6.452
-0.59892,-6.936,-3.314
-6.4474,1.0946,-2.655
6.5846,1.0409,-2.914
-0.11879,6.6129,-3.581
0.0049497,-5.584,3.034
-6.3336,-1.2084,3.468
6.8992,-0.89166,3.495
-0.38467,7.1913,2.84
-6.8101,5.3351,-2.869
-0.58902,1.1802,-3.329
12.591,0.30901,-3.527
7.0817,5.5331,-3.007
5.8633,-5.5423,3.616
0.33375,-0.40588,3.097
-0.48295,12.372,3.068
5.939,6.9869,3.335
-3.1388,-6.5584,12.902
-9.804,-0.11809,12.788
3.0406,-0.05374,12.66
-3.2138,6.2925,12.3
3.2279,-6.417,12.888
-3.2739,0.79055,13.382
9.5417,0.20789,12.907
3.2237,6.6192,12.486
3.1657,-6.6815,7.1091
0.10394,-9.599,13.009
-6.0564,-3.3397,12.302
6.3724,-3.083,12.424
0.36345,3.2569,13.157
-6.8497,-3.1035,7.7971
5.7184,-2.9904,7.5091
-0.56639,-3.2053,12.217
-7.052,3.3623,14.105
6.4714,3.1537,14.109
-0.34365,9.7213,12.339
-0.59892,-6.936,9.5721
-6.4474,1.0946,10.231
6.5846,1.0409,9.9721
-0.11879,6.6129,9.3051
-6.8101,5.3351,10.017
-0.58902,1.1802,9.5571
12.591,0.30901,9.3591
7.0817,5.5331,9.8791
-9.8965,12.883,-13.288
-9.6759,13.572,-6.4345
-9.7091,6.52,-13.06
-3.3953,13.145,-13.041
-3.227,12.619,-6.7185
-12.833,3.3381,-12.939
-6.5646,9.8541,-13.524
-12.977,3.3451,-7.0465
-13.503,9.7317,-13.731
-12.739,9.8724,-6.3765
-12.932,7.353,-10.028
-6.0378,12.045,-9.5675
-7.0737,7.3947,-9.4465
-12.603,12.531,-9.9655
-9.8965,12.883,-0.40236
-9.6759,13.572,6.4516
-9.7091,6.52,-0.17436
-3.3953,13.145,-0.15536
-9.7713,6.2556,-5.9534
-3.227,12.619,6.1676
-12.833,3.3381,-0.053357
-6.5646,9.8541,-0.63836
-12.977,3.3451,5.8396
-7.2187,9.9467,-5.5534
-13.503,9.7317,-0.84536
-12.739,9.8724,6.5096
-13.536,6.001,-3.4904
-6.3525,13.978,-3.0904
-12.932,7.353,2.8576
-6.0378,12.045,3.3186
-13.526,14.117,-3.5054
-0.34559,13.246,-3.7034
-7.0737,7.3947,3.4396
-12.603,12.531,2.9206
-9.8965,12.883,12.484
-9.7091,6.52,12.712
-3.3953,13.145,12.731
-9.7713,6.2556,6.9328
-12.833,3.3381,12.833
-6.5646,9.8541,12.248
-7.2187,9.9467,7.3328
-13.503,9.7317,12.041
-13.536,6.001,9.3958
-6.3525,13.978,9.7958
-13.526,14.117,9.3808
-0.34559,13.246,9.1828
10.024,6.1628,-12.698
3.3588,12.603,-12.812
10.136,6.9569,-6.4526
3.6487,12.756,-6.5686
9.889,13.512,-12.218
9.8861,12.631,-6.5796
13.267,3.1222,-12.591
7.1065,9.3815,-13.298
13.123,3.1293,-6.6976
12.596,9.5159,-13.383
13.361,9.6566,-6.0276
13.168,7.1372,-9.6796
6.8293,11.513,-9.2456
13.497,12.315,-9.6166
10.024,6.1628,0.18855
3.3588,12.603,0.074551
10.136,6.9569,6.4336
3.6487,12.756,6.3176
9.889,13.512,0.66855
9.8861,12.631,6.3066
13.267,3.1222,0.29555
7.1065,9.3815,-0.41145
13.123,3.1293,6.1886
6.3131,9.6177,-4.9164
12.596,9.5159,-0.49645
13.361,9.6566,6.8586
12.564,5.7852,-3.1414
6.7155,13.816,-2.4824
13.168,7.1372,3.2066
6.8293,11.513,3.6406
12.574,13.901,-3.1564
13.497,12.315,3.2696
10.024,6.1628,13.075
3.3588,12.603,12.961
9.889,13.512,13.555
13.267,3.1222,13.182
7.1065,9.3815,12.475
6.3131,9.6177,7.9697
12.596,9.5159,12.39
12.564,5.7852,9.7447
6.7155,13.816,10.404
12.574,13.901,9.7297
0,0,0
0.11455,-6.2367,0.057
0.17112,0.30406,-6.3261
-6.3371,0.52892,0.399
0.11384,6.4863,-0.095
0.17112,0.30406,6.56
6.5853,0.055861,0.476
0.39244,6.3293,6.079
-6.2579,-6.1914,0.299
-6.2331,-0.0021213,6.24
6.5492,0.33234,-5.973
0.39315,-6.5775,-6.2901
-6.2331,-0.0021213,-6.6461
-6.2061,6.7209,-0.16136
6.7309,-6.2162,0.015
0.39244,6.3293,-6.8071
0.39315,-6.5775,6.596
6.905,6.5298,0.47155
6.5492,0.33234,6.9131
-6.3435,-6.4099,-5.996
6.8194,6.3113,-5.8234
6.8236,-5.8789,-6.4251
6.8236,-5.8789,6.461
-6.1135,7.0582,6.2846
-6.3435,-6.4099,6.8901
-6.1135,7.0582,-6.6015
6.8194,6.3113,7.0627
-0.24986,-12.772,-0.009194
0,0,-12.886
0,0,12.886
-0.024042,12.886,-0.013
12.913,-0.050725,0.16336
-13.187,0.16511,-0.18555
-6.3371,0.52892,-12.487
6.5853,0.055861,-12.41
6.5999,-12.408,0.57536
-12.632,-0.082731,6.358
0.5304,12.638,-6.3556
-12.632,-0.082731,-6.5281
0.5304,12.638,6.5306
0.11455,-6.2367,-12.829
-6.5776,-12.665,0.30345
0.11384,6.4863,12.791
0.11455,-6.2367,12.943
-13.049,-6.2349,-0.26755
-6.3518,12.993,0.29964
-12.822,6.7004,-0.11936
0.30458,-13.02,-6.3518
0.11384,6.4863,-12.981
13.051,-6.4507,0.081357
0.30458,-13.02,6.5344
-6.3371,0.52892,13.285
13.277,6.4845,0.22955
13.467,-0.29856,-6.1792
6.5853,0.055861,13.362
6.8258,13.25,0.57155
13.467,-0.29856,6.7069
-6.6136,-12.389,-6.1456
-6.2579,-6.1914,-12.587
-12.77,-6.3919,5.9064
-12.544,6.3595,6.4196
-12.544,6.3595,-6.4665
-6.6136,-12.389,6.7406
6.905,6.5298,-12.415
-6.2061,6.7209,12.725
6.7309,-6.2162,-12.871
6.7309,-6.2162,12.901
6.9297,12.719,6.4126
-6.2579,-6.1914,13.185
6.9297,12.719,-6.4736
-12.77,-6.3919,-6.9797
6.7039,-12.939,6.4164
-6.2061,6.7209,-13.047
6.7039,-12.939,-6.4698
-6.3878,13.269,-6.1494
13.556,6.1437,-6.1176
13.329,-6.6077,6.2554
-6.3878,13.269,6.7368
13.329,-6.6077,-6.6308
13.556,6.1437,6.7686
6.905,6.5298,13.358
12.913,-0.050725,-12.723
-0.24986,-12.772,12.877
-0.24986,-12.772,-12.895
-0.024042,12.886,12.873
-0.024042,12.886,-12.899
12.937,-12.937,0.17636
-12.937,12.937,-0.17636
-13.163,-12.721,-0.17255
13.163,12.721,0.17255
-13.187,0.16511,12.701
12.913,-0.050725,13.049
-13.187,0.16511,-13.072
6.5999,-12.408,-12.311
-6.5776,-12.665,-12.583
-12.992,-12.417,6.3874
-12.992,-12.417,-6.4987
-6.3518,12.993,-12.586
-13.049,-6.2349,12.619
13.108,-12.633,-6.1498
-12.822,6.7004,12.767
6.8258,13.25,-12.315
13.051,-6.4507,-12.805
13.108,-12.633,6.7364
-6.5776,-12.665,13.19
-12.822,6.7004,-13.005
13.277,6.4845,-12.657
6.5999,-12.408,13.461
-12.766,13.241,6.3836
13.051,-6.4507,12.967
-12.766,13.241,-6.5025
-13.049,-6.2349,-13.154
-6.3518,12.993,13.186
13.334,13.025,-6.1536
13.277,6.4845,13.116
13.334,13.025,6.7326
6.8258,13.25,13.458
12.937,-12.937,-12.71
-12.937,12.937,12.71
-13.163,-12.721,12.714
13.163,12.721,-12.714
12.937,-12.937,13.062
-12.937,12.937,-13.062
-13.163,-12.721,-13.059
13.163,12.721,13.059
