-3.5134,-8.7713,-9.6889
-9.7444,-2.8316,-9.6889
-9.6723,-8.8449,-9.6889
-3.6604,-8.7728,-3.6577
-9.8908,-2.8323,-3.6577
-3.5134,-8.7713,2.3743
-9.7444,-2.8316,2.3743
-9.8193,-8.8463,-3.6577
-9.6723,-8.8449,2.3743
-3.6604,-8.7728,8.4055
-9.8908,-2.8323,8.4055
-9.8193,-8.8463,8.4055
8.8055,-9.2057,-9.2729
8.6584,-9.2072,-3.2417
8.8055,-9.2057,2.7903
8.6584,-9.2072,8.8215
2.8652,-2.9741,-9.4792
-3.3658,2.9656,-9.4792
8.9527,3.1134,-9.4792
2.7217,9.0531,-9.4792
2.9366,-8.988,-9.4792
-3.2944,-3.0483,-9.4792
9.0241,-2.9006,-9.4792
2.7938,3.0399,-9.4792
2.7181,-2.9755,-3.448
-3.5129,2.9642,-3.448
8.8056,3.112,-3.448
2.5753,9.0524,-3.448
2.8652,-2.9741,2.584
-3.3658,2.9656,2.584
8.9527,3.1134,2.584
2.7217,9.0531,2.584
2.7895,-8.9894,-3.448
-3.4415,-3.0498,-3.448
8.877,-2.902,-3.448
2.6467,3.0384,-3.448
2.9366,-8.988,2.584
-3.2944,-3.0483,2.584
9.0241,-2.9006,2.584
2.7938,3.0399,2.584
2.7181,-2.9755,8.6152
-3.5129,2.9642,8.6152
8.8056,3.112,8.6152
2.5753,9.0524,8.6152
2.7895,-8.9894,8.6152
-3.4415,-3.0498,8.6152
8.877,-2.902,8.6152
2.6467,3.0384,8.6152
-9.3062,9.1973,-9.6855
-9.2347,3.1833,-9.6855
-3.1473,9.2708,-9.6855
-9.4532,9.1958,-3.6543
-9.3062,9.1973,2.3777
-9.3818,3.1819,-3.6543
-3.2943,9.2694,-3.6543
-9.2347,3.1833,2.3777
-3.1473,9.2708,2.3777
-9.4532,9.1958,8.4089
-9.3818,3.1819,8.4089
-3.2943,9.2694,8.4089
9.1716,8.8364,-9.2695
9.0246,8.835,-3.2383
9.1716,8.8364,2.7937
9.0246,8.835,8.8249
-9.0323,-8.8371,-8.3349
-9.1794,-8.8385,-2.3027
-9.0323,-8.8371,3.7283
-9.1794,-8.8385,9.7605
9.4455,-9.198,-7.9189
3.2858,-9.2708,-7.9189
9.3733,-3.1833,-7.9189
9.2991,-9.1987,-1.8867
9.4455,-9.198,4.1443
3.1388,-9.2722,-1.8867
9.2263,-3.1847,-1.8867
3.2858,-9.2708,4.1443
9.3733,-3.1833,4.1443
9.2991,-9.1987,10.176
3.1388,-9.2722,10.176
9.2263,-3.1847,10.176
-2.5824,-9.0538,-8.1252
-8.8134,-3.1141,-8.1252
3.5051,-2.9663,-8.1252
-2.7259,2.9734,-8.1252
-2.6538,-3.0399,-8.1252
-8.8855,2.9006,-8.1252
3.4337,3.0476,-8.1252
-2.798,8.988,-8.1252
-2.7294,-9.0552,-2.093
-8.9605,-3.1155,-2.093
3.3581,-2.9677,-2.093
-2.8723,2.9727,-2.093
-2.5824,-9.0538,3.938
-8.8134,-3.1141,3.938
3.5051,-2.9663,3.938
-2.7259,2.9734,3.938
-2.8008,-3.0413,-2.093
-9.0326,2.8991,-2.093
3.2866,3.0462,-2.093
-2.9451,8.9866,-2.093
-2.6538,-3.0399,3.938
-8.8855,2.9006,3.938
3.4337,3.0476,3.938
-2.798,8.988,3.938
-2.7294,-9.0552,9.9702
-8.9605,-3.1155,9.9702
3.3581,-2.9677,9.9702
-2.8723,2.9727,9.9702
-2.8008,-3.0413,9.9702
-9.0326,2.8991,9.9702
3.2866,3.0462,9.9702
-2.9451,8.9866,9.9702
-8.6662,9.205,-8.3315
-8.8133,9.2036,-2.2993
-8.6662,9.205,3.7317
-8.8133,9.2036,9.7639
9.8837,2.8309,-7.9155
3.6527,8.7706,-7.9155
9.8123,8.8449,-7.9155
9.7366,2.8295,-1.8833
3.5056,8.7692,-1.8833
9.8837,2.8309,4.1477
3.6527,8.7706,4.1477
9.6652,8.8435,-1.8833
9.8123,8.8449,4.1477
9.7366,2.8295,10.18
3.5056,8.7692,10.18
9.6652,8.8435,10.18
-9.4799,-11.85,-12.623
-9.3329,-11.849,-6.5909
-3.3203,-11.776,-12.623
-9.5514,-5.8361,-12.623
-3.1732,-11.774,-6.5909
-9.4043,-5.8347,-6.5909
-12.416,-8.8774,-12.592
-12.269,-8.876,-6.5599
-6.2562,-8.8032,-12.592
-12.487,-2.8635,-12.592
-6.1085,-8.8025,-6.5599
-12.34,-2.862,-6.5599
-6.9174,-11.819,-9.4809
-13.148,-5.8786,-9.4809
-13.076,-11.893,-9.4809
-0.75707,-11.745,-9.4809
-6.9888,-5.805,-9.4809
-9.4799,-11.85,-0.55969
-9.3329,-11.849,5.4723
-3.3203,-11.776,-0.55969
-9.5514,-5.8361,-0.55969
-3.1732,-11.774,5.4723
-9.4043,-5.8347,5.4723
-12.416,-8.8774,-0.52869
-12.269,-8.876,5.5033
-6.2562,-8.8032,-0.52869
-12.487,-2.8635,-0.52869
-6.1085,-8.8025,5.5033
-12.34,-2.862,5.5033
-7.0638,-11.82,-3.4497
-13.295,-5.88,-3.4497
-6.9174,-11.819,2.5823
-13.148,-5.8786,2.5823
-13.223,-11.894,-3.4497
-0.90414,-11.747,-3.4497
-7.1352,-5.8057,-3.4497
-13.076,-11.893,2.5823
-0.75707,-11.745,2.5823
-6.9888,-5.805,2.5823
-9.4799,-11.85,11.504
-3.3203,-11.776,11.504
-9.5514,-5.8361,11.504
-12.416,-8.8774,11.535
-6.2562,-8.8032,11.535
-12.487,-2.8635,11.535
-7.0638,-11.82,8.6135
-13.295,-5.88,8.6135
-13.223,-11.894,8.6135
-0.90414,-11.747,8.6135
-7.1352,-5.8057,8.6135
-12.928,0.42592,-9.6872
-13.075,0.42451,-3.656
-12.928,0.42592,2.376
-13.075,0.42451,8.4072
2.839,-12.284,-12.207
8.9271,-6.1963,-12.207
2.986,-12.283,-6.1749
9.0742,-6.1949,-6.1749
8.9986,-12.21,-12.207
9.1456,-12.209,-6.1749
12.222,-9.164,-12.176
12.369,-9.1626,-6.1439
6.0627,-9.2376,-12.176
12.15,-3.1501,-12.176
6.2097,-9.2362,-6.1439
12.297,-3.1487,-6.1439
5.4022,-12.253,-9.0649
11.49,-6.1652,-9.0649
11.561,-12.179,-9.0649
2.839,-12.284,-0.14372
8.9271,-6.1963,-0.14372
2.986,-12.283,5.8883
9.0742,-6.1949,5.8883
8.9986,-12.21,-0.14372
9.1456,-12.209,5.8883
12.222,-9.164,-0.11272
12.369,-9.1626,5.9193
6.0627,-9.2376,-0.11272
12.15,-3.1501,-0.11272
6.2097,-9.2362,5.9193
12.297,-3.1487,5.9193
5.2551,-12.254,-3.0337
11.343,-6.1666,-3.0337
5.4022,-12.253,2.9983
11.49,-6.1652,2.9983
11.414,-12.181,-3.0337
11.561,-12.179,2.9983
2.839,-12.284,11.919
8.9271,-6.1963,11.919
8.9986,-12.21,11.919
12.222,-9.164,11.95
6.0627,-9.2376,11.95
12.15,-3.1501,11.95
5.2551,-12.254,9.0295
11.343,-6.1666,9.0295
11.414,-12.181,9.0295
-3.1014,-6.0528,-12.413
-9.3324,-0.11314,-12.413
2.9861,0.034648,-12.413
-3.2442,5.9751,-12.413
-2.9543,-6.0514,-6.3812
-9.1853,-0.11172,-6.3812
3.1332,0.036062,-6.3812
-3.0971,5.9765,-6.3812
3.0575,-5.9793,-12.413
-3.1728,-0.038891,-12.413
9.1457,0.10889,-12.413
2.9147,6.0486,-12.413
3.2046,-5.9779,-6.3812
-3.0257,-0.037477,-6.3812
9.2928,0.11031,-6.3812
3.0618,6.05,-6.3812
0.19445,-9.0206,-12.382
-6.0373,-3.0802,-12.382
6.2819,-2.9331,-12.382
0.050205,3.0073,-12.382
0.34083,-9.0199,-6.3502
-5.8902,-3.0787,-6.3502
6.429,-2.9317,-6.3502
0.19728,3.0087,-6.3502
0.12162,-3.0066,-12.382
-6.1087,2.9338,-12.382
6.2098,3.0816,-12.382
-0.021213,9.0213,-12.382
0.26941,-3.0059,-6.3502
-5.9616,2.9352,-6.3502
6.3576,3.0823,-6.3502
0.12587,9.0227,-6.3502
-0.53882,-6.0217,-9.2712
-6.7691,-0.081317,-9.2712
5.5487,0.065761,-9.2712
-0.68165,6.0062,-9.2712
5.6215,-5.9482,-9.2712
-0.61023,-0.0077782,-9.2712
11.709,0.1393,-9.2712
5.4772,6.0797,-9.2712
-3.1014,-6.0528,-0.35
-9.3324,-0.11314,-0.35
2.9861,0.034648,-0.35
-3.2442,5.9751,-0.35
-2.9543,-6.0514,5.682
-9.1853,-0.11172,5.682
3.1332,0.036062,5.682
-3.0971,5.9765,5.682
3.0575,-5.9793,-0.35
-3.1728,-0.038891,-0.35
9.1457,0.10889,-0.35
2.9147,6.0486,-0.35
3.2046,-5.9779,5.682
-3.0257,-0.037477,5.682
9.2928,0.11031,5.682
3.0618,6.05,5.682
0.19445,-9.0206,-0.319
-6.0373,-3.0802,-0.319
6.2819,-2.9331,-0.319
0.050205,3.0073,-0.319
0.34083,-9.0199,5.713
-5.8902,-3.0787,5.713
6.429,-2.9317,5.713
0.19728,3.0087,5.713
0.12162,-3.0066,-0.319
-6.1087,2.9338,-0.319
6.2098,3.0816,-0.319
-0.021213,9.0213,-0.319
0.26941,-3.0059,5.713
-5.9616,2.9352,5.713
6.3576,3.0823,5.713
0.12587,9.0227,5.713
-0.68589,-6.0231,-3.24
-6.9162,-0.082731,-3.24
5.4023,0.065054,-3.24
-0.82873,6.0048,-3.24
-0.53882,-6.0217,2.792
-6.7691,-0.081317,2.792
5.5487,0.065761,2.792
-0.68165,6.0062,2.792
5.4744,-5.9496,-3.24
-0.75731,-0.0091924,-3.24
11.562,0.13789,-3.24
5.3309,6.079,-3.24
5.6215,-5.9482,2.792
-0.61023,-0.0077782,2.792
11.709,0.1393,2.792
5.4772,6.0797,2.792
-3.1014,-6.0528,11.713
-9.3324,-0.11314,11.713
2.9861,0.034648,11.713
-3.2442,5.9751,11.713
3.0575,-5.9793,11.713
-3.1728,-0.038891,11.713
9.1457,0.10889,11.713
2.9147,6.0486,11.713
0.19445,-9.0206,11.744
-6.0373,-3.0802,11.744
6.2819,-2.9331,11.744
0.050205,3.0073,11.744
0.12162,-3.0066,11.744
-6.1087,2.9338,11.744
6.2098,3.0816,11.744
-0.021213,9.0213,11.744
-0.68589,-6.0231,8.8232
-6.9162,-0.082731,8.8232
5.4023,0.065054,8.8232
-0.82873,6.0048,8.8232
5.4744,-5.9496,8.8232
-0.75731,-0.0091924,8.8232
11.562,0.13789,8.8232
5.3309,6.079,8.8232
-9.1852,12.206,-12.619
-9.0382,12.207,-6.5875
-9.1138,6.1921,-12.619
-3.0256,12.28,-12.619
-8.9667,6.1935,-6.5875
-2.8786,12.282,-6.5875
-11.977,3.1508,-12.588
-5.8894,9.2383,-12.588
-11.831,3.1515,-6.5565
-5.7423,9.2397,-6.5565
-12.05,9.1647,-12.588
-11.902,9.1654,-6.5565
-12.71,6.1496,-9.4775
-6.6227,12.237,-9.4775
-6.5499,6.2232,-9.4775
-12.782,12.164,-9.4775
-0.46237,12.311,-9.4775
-9.1852,12.206,-0.55628
-9.0382,12.207,5.4757
-9.1138,6.1921,-0.55628
-3.0256,12.28,-0.55628
-8.9667,6.1935,5.4757
-2.8786,12.282,5.4757
-11.977,3.1508,-0.52528
-5.8894,9.2383,-0.52528
-11.831,3.1515,5.5067
-5.7423,9.2397,5.5067
-12.05,9.1647,-0.52528
-11.902,9.1654,5.5067
-12.857,6.1482,-3.4463
-6.7691,12.236,-3.4463
-12.71,6.1496,2.5857
-6.6227,12.237,2.5857
-6.6969,6.2218,-3.4463
-12.929,12.162,-3.4463
-0.60945,12.309,-3.4463
-6.5499,6.2232,2.5857
-12.782,12.164,2.5857
-0.46237,12.311,2.5857
-9.1852,12.206,11.507
-9.1138,6.1921,11.507
-3.0256,12.28,11.507
-11.977,3.1508,11.538
-5.8894,9.2383,11.538
-12.05,9.1647,11.538
-12.857,6.1482,8.6169
-6.7691,12.236,8.6169
-6.6969,6.2218,8.6169
-12.929,12.162,8.6169
-0.60945,12.309,8.6169
9.3647,5.8319,-12.204
3.1337,11.772,-12.204
9.5118,5.8333,-6.1715
3.2807,11.773,-6.1715
9.2933,11.846,-12.204
9.4403,11.847,-6.1715
12.661,2.8642,-12.173
6.4288,8.8046,-12.173
12.807,2.8649,-6.1405
6.5758,8.806,-6.1405
12.588,8.8781,-12.173
12.735,8.8788,-6.1405
11.927,5.863,-9.0615
5.6969,11.803,-9.0615
11.856,11.877,-9.0615
9.3647,5.8319,-0.14031
3.1337,11.772,-0.14031
9.5118,5.8333,5.8917
3.2807,11.773,5.8917
9.2933,11.846,-0.14031
9.4403,11.847,5.8917
12.661,2.8642,-0.10931
6.4288,8.8046,-0.10931
12.807,2.8649,5.9227
6.5758,8.806,5.9227
12.588,8.8781,-0.10931
12.735,8.8788,5.9227
11.78,5.8616,-3.0303
5.5498,11.802,-3.0303
11.927,5.863,3.0017
5.6969,11.803,3.0017
11.709,11.876,-3.0303
11.856,11.877,3.0017
9.3647,5.8319,11.923
3.1337,11.772,11.923
9.2933,11.846,11.923
12.661,2.8642,11.954
6.4288,8.8046,11.954
12.588,8.8781,11.954
11.78,5.8616,9.0329
5.5498,11.802,9.0329
11.709,11.876,9.0329
0,0,0
0.071418,-6.0139,0
-0.071418,6.0139,0
0.14708,0.0014142,-6.0312
0.14708,0.0014142,6.032
6.1589,0.073539,0
-6.1596,-0.074246,0
-6.0125,-0.072832,-6.0312
-6.0125,-0.072832,6.032
0.07566,6.0154,-6.0312
0.2185,-6.0125,-6.0312
0.07566,6.0154,6.032
0.2185,-6.0125,6.032
-6.231,5.9397,0
-6.0875,-6.0875,0
5.9403,-6.2317,0.20628
6.3786,5.7972,0.20969
6.306,0.074953,-6.0312
6.306,0.074953,6.032
-6.0839,5.9411,-6.0312
-6.0839,5.9411,6.032
-5.9411,-6.0868,-6.0312
-5.9411,-6.0868,6.032
6.0874,-6.2302,-5.8249
6.5249,5.798,-5.8215
6.0874,-6.2302,6.2383
6.5249,5.798,6.2417
0.14683,11.738,0.20969
0,0,-12.063
0,0,12.063
-12.319,-0.14708,0
-0.14786,-12.318,0.20628
12.318,-0.4337,0.41597
0.29462,11.738,-5.8215
0.29462,11.738,6.2417
6.3064,11.81,0.20969
-6.3071,-11.811,-0.20969
0.071418,-6.0139,-12.063
-0.071418,6.0139,-12.063
0.071418,-6.0139,12.063
-0.071418,6.0139,12.063
6.1589,0.073539,-12.063
6.1589,0.073539,12.063
-6.1596,-0.074246,-12.063
-6.1596,-0.074246,12.063
12.1,-6.1574,0.20628
-12.1,6.1574,-0.20628
-12.171,-0.14637,-6.0312
-12.171,-0.14637,6.032
-7.566e-05,-12.318,-5.8249
-6.0125,12.245,-0.20628
6.0117,-12.246,0.20628
12.466,-0.433,-5.6152
-7.566e-05,-12.318,6.2383
-12.537,-5.8708,-0.20969
12.537,5.8708,0.20969
12.466,-0.433,6.448
-6.1601,-11.81,5.8223
5.9403,-6.2317,-11.857
-11.953,6.1588,5.8257
6.3786,5.7972,-11.854
6.4535,11.812,-5.8215
-6.1601,-11.81,-6.2409
-5.8654,12.246,5.8257
-6.231,5.9397,-12.063
-6.231,5.9397,12.063
-6.0875,-6.0875,-12.063
-6.0875,-6.0875,12.063
-11.953,6.1588,-6.2375
6.4535,11.812,6.2417
6.1588,-12.244,-5.8249
12.247,-6.156,-5.8249
-12.39,-5.8694,5.8223
-5.8654,12.246,-6.2375
5.9403,-6.2317,12.269
6.3786,5.7972,12.273
6.1588,-12.244,6.2383
12.247,-6.156,6.2383
-12.39,-5.8694,-6.2409
12.685,5.8722,-5.8215
12.685,5.8722,6.2417
0.14683,11.738,-11.854
12.318,-0.4337,-11.647
0.14683,11.738,12.273
-0.14786,-12.318,-11.857
12.171,-12.171,0.20628
-12.171,12.171,-0.20628
12.466,11.885,0.20969
-12.466,-11.885,-0.20969
-12.319,-0.14708,-12.063
-12.319,-0.14708,12.063
-0.14786,-12.318,12.269
12.318,-0.4337,12.479
6.3064,11.81,-11.854
-6.3071,-11.811,11.854
12.1,-6.1574,-11.857
-12.1,6.1574,11.857
-6.0125,12.245,11.857
6.0117,-12.246,-11.857
-12.024,12.173,5.8257
-12.319,-11.883,5.8223
6.3064,11.81,12.273
-6.3071,-11.811,-12.273
-12.024,12.173,-6.2375
-12.319,-11.883,-6.2409
-12.537,-5.8708,11.854
12.537,5.8708,-11.854
12.318,-12.17,-5.8249
12.613,11.886,-5.8215
12.1,-6.1574,12.269
-12.1,6.1574,-12.269
-6.0125,12.245,-12.269
6.0117,-12.246,12.269
12.318,-12.17,6.2383
12.613,11.886,6.2417
-12.537,-5.8708,-12.273
12.537,5.8708,12.273
12.171,-12.171,-11.857
-12.171,12.171,11.857
12.466,11.885,-11.854
-12.466,-11.885,11.854
12.171,-12.171,12.269
-12.171,12.171,-12.269
12.466,11.885,12.273
-12.466,-11.885,-12.273
