-3.0474,-9.2486,-9.7839
-10.043,-3.3111,-9.8069
-9.6426,-8.2749,-9.8309
-10.114,-2.9285,-3.5257
-3.0474,-9.2486,2.2793
-10.043,-3.3111,2.2563
-10.43,-8.4489,-3.5937
-9.6426,-8.2749,2.2323
-10.114,-2.9285,8.5375
-10.43,-8.4489,8.4695
9.2305,-9.6152,-8.9479
8.8656,-9.0028,-3.5827
9.2305,-9.6152,3.1153
2.3539,-9.6838,-3.2167
8.3834,-3.6528,-3.7227
8.8656,-9.0028,8.4805
2.3539,-9.6838,8.8465
8.3834,-3.6528,8.3405
2.733,-3.2916,-9.8862
-2.9409,2.5562,-9.1542
9.4187,2.6361,-9.5742
2.4233,8.5737,-9.5972
2.7195,-8.5871,-9.8722
-3.1678,-3.042,-9.8452
8.9152,-2.5965,-9.2102
2.8235,3.6098,-9.6212
2.6778,-2.716,-3.691
-3.3057,3.1685,-3.789
-2.6821,-8.7801,-3.487
2.3518,8.9562,-3.316
2.733,-3.2916,2.177
-2.9409,2.5562,2.909
9.4187,2.6361,2.489
2.4233,8.5737,2.466
-9.8175,2.4876,-3.423
-3.1219,-3.4981,-3.564
-3.788,8.5185,-3.929
2.0358,3.4358,-3.384
2.7195,-8.5871,2.191
-3.1678,-3.042,2.218
8.9152,-2.5965,2.853
2.8235,3.6098,2.442
2.6778,-2.716,8.3722
-3.3057,3.1685,8.2742
-2.6821,-8.7801,8.5762
2.3518,8.9562,8.7472
-9.8175,2.4876,8.6402
-3.1219,-3.4981,8.4992
-3.788,8.5185,8.1342
2.0358,3.4358,8.6792
-9.4384,8.8798,-10.092
-9.4518,3.5842,-10.078
-3.2562,9.5749,-9.4165
-9.4935,9.4554,-3.8973
-9.4384,8.8798,1.9707
-9.4518,3.5842,1.9847
-3.2562,9.5749,2.6467
-9.4935,9.4554,8.1659
9.2982,8.8428,-9.6355
9.784,3.1046,-3.2773
9.3442,8.3867,-3.3543
9.2982,8.8428,2.4277
9.784,3.1046,8.7859
9.3442,8.3867,8.7089
-3.9277,-8.2933,-9.0249
-9.6956,-9.366,-8.8149
-3.6159,-8.8654,-2.3987
-3.9277,-8.2933,3.0383
-9.5146,-8.8838,-2.4967
-9.6956,-9.366,3.2483
-3.6159,-8.8654,9.6645
-9.5146,-8.8838,9.5665
8.3516,-8.4421,-9.2389
2.5667,-9.7976,-8.4929
8.8826,-9.4582,-2.1627
8.3516,-8.4421,2.8243
3.2045,-9.362,-2.0287
9.577,-3.3233,-2.8857
2.5667,-9.7976,3.5703
8.8826,-9.4582,9.9005
3.2045,-9.362,10.034
9.577,-3.3233,9.1775
8.5383,3.5914,-8.8152
-9.0213,-2.9246,-8.4832
3.3411,-2.774,-8.6192
-3.8198,3.7293,-9.4452
-3.5447,-3.235,-8.4122
-9.6046,2.3738,-8.6992
2.7704,2.5187,-8.6052
8.947,-3.0681,-7.7902
8.8501,3.0193,-2.189
-8.4994,-3.8424,-3.012
2.8574,-3.5942,-2.49
-3.2888,2.7132,-2.369
8.5383,3.5914,3.248
-9.0213,-2.9246,3.58
3.3411,-2.774,3.444
-3.8198,3.7293,2.618
-3.1495,-2.5442,-2.407
-8.9668,2.8093,-2.235
2.9515,3.001,-2.287
-2.5944,8.848,-3.092
-3.5447,-3.235,3.651
-9.6046,2.3738,3.364
2.7704,2.5187,3.458
8.947,-3.0681,4.273
8.8501,3.0193,9.8742
-8.4994,-3.8424,9.0512
2.8574,-3.5942,9.5732
-3.2888,2.7132,9.6942
-3.1495,-2.5442,9.6562
-8.9668,2.8093,9.8282
2.9515,3.001,9.7762
-2.5944,8.848,8.9712
-8.8303,9.3974,-8.8255
-3.2243,9.1032,-7.9965
-9.3139,8.5771,-2.6963
-8.8303,9.3974,3.2377
-3.2243,9.1032,4.0667
-9.3139,8.5771,9.3669
3.4448,8.9601,-8.2735
8.9213,8.6497,-8.2025
3.9666,8.0423,-2.8023
3.4448,8.9601,3.7897
9.3166,9.3406,-2.1973
8.9213,8.6497,3.8607
3.9666,8.0423,9.2609
9.3166,9.3406,9.8659
-9.743,-11.965,-13.072
-9.6143,-11.925,-6.4049
-3.5671,-11.707,-12.497
-9.7904,-6.1515,-12.655
-3.3147,-11.468,-6.8399
-9.4128,-5.1842,-6.3289
-12.706,-9.028,-12.73
-12.515,-8.842,-6.8969
-6.2725,-8.6738,-11.601
-12.755,-2.9123,-12.67
-6.853,-8.9587,-7.0269
-12.914,-2.8437,-6.5539
-6.8014,-12.184,-9.4639
-13.53,-6.0857,-9.8279
-11.557,-11.903,-9.6079
-9.743,-11.965,-1.0087
-9.6143,-11.925,5.6583
-3.5671,-11.707,-0.43369
-9.7904,-6.1515,-0.59169
-3.3147,-11.468,5.2233
-9.4128,-5.1842,5.7343
-12.706,-9.028,-0.66669
-12.515,-8.842,5.1663
-6.2725,-8.6738,0.46231
-12.755,-2.9123,-0.60669
-6.853,-8.9587,5.0363
-12.914,-2.8437,5.5093
-6.643,-10.412,-3.1897
-13.206,-5.7796,-3.6917
-6.8014,-12.184,2.5993
-13.53,-6.0857,2.2353
-13.549,-12.099,-3.6817
-1.496,-11.832,-3.6217
-7.0185,-6.4584,-3.2147
-11.557,-11.903,2.4553
-9.743,-11.965,11.055
-3.5671,-11.707,11.63
-9.7904,-6.1515,11.472
-12.706,-9.028,11.397
-6.2725,-8.6738,12.526
-12.755,-2.9123,11.457
-6.643,-10.412,8.8735
-13.206,-5.7796,8.3715
-13.549,-12.099,8.3815
-1.496,-11.832,8.4415
-7.0185,-6.4584,8.8485
-13.667,0.33895,-3.828
-13.667,0.33895,8.2352
2.6975,-12.688,-12.774
8.6394,-6.5223,-12.561
2.8298,-12.668,-6.0429
8.7765,-6.6241,-6.2929
8.9321,-12.108,-11.979
8.7709,-12.602,-6.3899
11.931,-9.3146,-12.314
12.123,-9.1287,-6.4809
5.9912,-9.0714,-11.655
11.882,-3.1989,-12.254
5.6766,-9.4865,-7.0159
11.723,-3.1303,-6.1379
5.7904,-13.231,-8.8949
11.107,-6.3724,-9.4119
13.081,-12.19,-9.1919
0.51187,-12.502,-9.3819
2.6975,-12.688,-0.71072
8.6394,-6.5223,-0.49772
2.8298,-12.668,6.0203
8.7765,-6.6241,5.7703
8.9321,-12.108,0.084279
8.7709,-12.602,5.6733
11.931,-9.3146,-0.25072
12.123,-9.1287,5.5823
5.9912,-9.0714,0.40828
11.882,-3.1989,-0.19072
5.6766,-9.4865,5.0473
11.723,-3.1303,5.9253
6.3434,-11.495,-2.7767
11.432,-6.0662,-3.2757
5.7904,-13.231,3.1683
11.107,-6.3724,2.6513
11.089,-12.386,-3.2657
13.081,-12.19,2.8713
0.51187,-12.502,2.6813
2.6975,-12.688,11.352
8.6394,-6.5223,11.565
8.9321,-12.108,12.147
11.931,-9.3146,11.812
5.9912,-9.0714,12.471
11.882,-3.1989,11.872
6.3434,-11.495,9.2865
11.432,-6.0662,8.7875
11.089,-12.386,8.7975
-3.3496,-6.1441,-12.578
-9.4738,-0.51619,-12.98
2.7231,-0.079903,-12.862
-3.532,5.6491,-12.767
-2.9225,-5.9418,-6.1282
-9.3416,-0.4971,-6.2492
2.8518,-0.040305,-6.1952
-3.3948,5.5473,-6.4992
2.7966,-6.1441,-12.371
-3.2393,0.062933,-12.185
8.8989,0.17748,-12.287
2.6757,5.7332,-12.445
3.1346,-5.8485,-7.1832
-3.4005,-0.43063,-6.5962
9.1514,0.41719,-6.6302
3.0533,6.7005,-6.1192
0.10253,-9.1295,-12.614
-6.1179,-2.9939,-12.729
5.9178,-2.7895,-13.41
-0.24042,2.8567,-12.52
0.50417,-8.9852,-6.3302
-0.04879,3.0427,-6.6872
0.081317,-2.9055,-12.457
-6.1801,3.1,-11.861
6.1935,3.211,-11.391
-0.28921,8.9725,-12.46
-0.11667,-2.9748,-6.8362
-6.4948,2.6849,-7.2222
5.613,2.926,-6.8172
-0.44831,9.0411,-6.3442
-0.72408,-6.2211,-9.5162
-6.3809,-1.0592,-9.1012
5.6646,-0.29911,-9.2542
-1.0642,5.799,-9.6182
6.4149,-5.4263,-9.8312
0.90934,-0.018385,-9.3982
-11.659,-0.33022,-9.5882
-6.335,-5.263,-9.0042
-3.3496,-6.1441,-0.515
-9.4738,-0.51619,-0.917
2.7231,-0.079903,-0.799
-3.532,5.6491,-0.704
-2.9225,-5.9418,5.935
-9.3416,-0.4971,5.814
2.8518,-0.040305,5.868
-3.3948,5.5473,5.564
2.7966,-6.1441,-0.308
-3.2393,0.062933,-0.122
8.8989,0.17748,-0.224
2.6757,5.7332,-0.382
3.1346,-5.8485,4.88
-3.4005,-0.43063,5.467
9.1514,0.41719,5.433
3.0533,6.7005,5.944
0.10253,-9.1295,-0.551
-6.1179,-2.9939,-0.666
5.9178,-2.7895,-1.347
-0.24042,2.8567,-0.457
0.50417,-8.9852,5.733
-6.417,-3.2548,-5.654
5.6979,-3.199,-6.018
-0.04879,3.0427,5.376
0.081317,-2.9055,-0.394
-6.1801,3.1,0.202
6.1935,3.211,0.672
-0.28921,8.9725,-0.397
-0.11667,-2.9748,5.227
-6.4948,2.6849,4.841
5.613,2.926,5.246
-0.44831,9.0411,5.719
0.8358,-6.0429,-3.6
-5.828,0.67599,-2.983
5.823,1.4729,-2.98
-0.73963,6.1052,-3.482
-0.72408,-6.2211,2.547
-6.3809,-1.0592,2.962
5.6646,-0.29911,2.809
-1.0642,5.799,2.445
5.0975,-6.714,-3.618
-1.0826,-0.21425,-3.472
10.97,0.052326,-3.412
5.4476,5.4263,-3.005
6.4149,-5.4263,2.232
0.90934,-0.018385,2.665
-11.659,-0.33022,2.475
-6.335,-5.263,3.059
-3.3496,-6.1441,11.548
-9.4738,-0.51619,11.146
2.7231,-0.079903,11.264
-3.532,5.6491,11.359
2.7966,-6.1441,11.755
-3.2393,0.062933,11.941
8.8989,0.17748,11.839
2.6757,5.7332,11.681
0.10253,-9.1295,11.512
-6.1179,-2.9939,11.397
5.9178,-2.7895,10.716
-0.24042,2.8567,11.606
-6.417,-3.2548,6.4092
5.6979,-3.199,6.0452
0.081317,-2.9055,11.669
-6.1801,3.1,12.265
6.1935,3.211,12.735
-0.28921,8.9725,11.666
0.8358,-6.0429,8.4632
-5.828,0.67599,9.0802
5.823,1.4729,9.0832
-0.73963,6.1052,8.5812
5.0975,-6.714,8.4452
-1.0826,-0.21425,8.5912
10.97,0.052326,8.6512
5.4476,5.4263,9.0582
-9.4483,12.091,-13.068
-9.3196,12.131,-6.4015
-9.3747,6.0273,-12.577
-3.2724,12.349,-12.493
-9.0367,6.3229,-7.3895
-3.02,12.589,-6.8365
-12.069,3.0419,-12.82
-6.2536,9.3818,-13.616
-11.667,3.1861,-6.5365
-12.09,9.2659,-12.663
-12.288,9.1966,-7.0425
-12.895,5.9502,-9.7225
-6.5067,11.872,-9.4605
-5.7565,6.745,-10.037
-11.262,12.153,-9.6045
-9.4483,12.091,-1.0053
-9.3196,12.131,5.6617
-9.3747,6.0273,-0.51428
-3.2724,12.349,-0.43028
-9.0367,6.3229,4.6737
-3.02,12.589,5.2267
-12.069,3.0419,-0.75728
-6.2536,9.3818,-1.5533
-11.667,3.1861,5.5267
-6.4735,8.9724,-6.2243
-12.09,9.2659,-0.60028
-12.288,9.1966,5.0207
-11.336,6.1284,-3.8063
-6.3483,13.644,-3.1863
-12.895,5.9502,2.3407
-6.5067,11.872,2.6027
-7.0738,5.4574,-3.8243
-13.254,11.957,-3.6783
-1.2013,12.224,-3.6183
-5.7565,6.745,2.0257
-11.262,12.153,2.4587
-9.4483,12.091,11.058
-9.3747,6.0273,11.549
-3.2724,12.349,11.633
-12.069,3.0419,11.306
-6.2536,9.3818,10.51
-6.4735,8.9724,5.8389
-12.09,9.2659,11.463
-11.336,6.1284,8.2569
-6.3483,13.644,8.8769
-7.0738,5.4574,8.2389
-13.254,11.957,8.3849
-1.2013,12.224,8.4449
12.978,-0.61684,-9.1722
12.978,-0.61684,2.891
9.1165,5.7407,-12.369
2.9922,11.369,-12.771
9.5436,5.9429,-5.9185
3.1245,11.388,-6.0395
9.2268,11.948,-11.976
9.0656,11.454,-6.3865
12.569,2.7553,-12.405
6.3482,8.8908,-12.52
12.97,2.8995,-6.1205
12.547,8.9792,-12.248
12.349,8.9099,-6.6265
11.742,5.6636,-9.3065
6.0851,10.825,-8.8915
13.375,11.866,-9.1885
0.80656,11.555,-9.3785
6.1311,6.6217,-8.7945
9.1165,5.7407,-0.30531
2.9922,11.369,-0.70731
9.5436,5.9429,6.1447
3.1245,11.388,6.0237
9.2268,11.948,0.087689
9.0656,11.454,5.6767
12.569,2.7553,-0.34131
6.3482,8.8908,-0.45631
12.97,2.8995,5.9427
6.0491,8.6299,-5.4443
12.547,8.9792,-0.18431
12.349,8.9099,5.4367
13.302,5.8418,-3.3903
6.6381,12.561,-2.7733
11.742,5.6636,2.7567
6.0851,10.825,3.1717
11.383,11.67,-3.2623
13.375,11.866,2.8747
0.80656,11.555,2.6847
6.1311,6.6217,3.2687
9.1165,5.7407,11.758
2.9922,11.369,11.356
9.2268,11.948,12.151
12.569,2.7553,11.722
6.3482,8.8908,11.607
6.0491,8.6299,6.6189
12.547,8.9792,11.879
13.302,5.8418,8.6729
6.6381,12.561,9.2899
11.383,11.67,8.8009
0,0,0
-0.46174,-0.13647,5.705
-0.40517,5.8541,-0.532
-0.1987,-5.9432,-0.28
5.9545,0.24819,-0.359
-6.1589,-0.06364,-0.038
-0.46174,-0.13647,-6.3582
-0.37618,5.9326,5.425
5.6802,0.02192,5.714
5.98,-5.7848,-0.48
0.25032,-6.0161,5.846
5.9036,6.0394,-0.129
5.6802,0.02192,-6.3492
0.25032,-6.0161,-6.2172
-6.4092,-0.15839,5.824
-6.5624,-5.8453,-0.33869
-0.37618,5.9326,-6.6382
-6.1914,6.3865,-0.68628
-6.4092,-0.15839,-6.2392
5.8294,5.9977,5.851
5.9086,-6.1334,5.756
-6.2628,6.0379,5.5497
5.8294,5.9977,-6.2122
-6.6367,-5.887,5.6413
5.9086,-6.1334,-6.3072
-6.2628,6.0379,-6.5135
-6.6367,-5.887,-6.4219
0.2734,11.522,-0.22831
0,0,12.063
0,0,-12.063
-12.193,-0.36275,-0.438
12.445,-0.64937,-0.022032
-0.021289,-12.534,-0.23172
-0.47705,-11.673,5.5553
-0.40517,5.8541,11.531
5.9545,0.24819,11.704
-0.1987,-5.9432,11.783
11.989,0.21142,5.765
-6.5115,-11.637,-0.56869
11.766,-6.3172,-0.32572
-0.47705,-11.673,-6.5079
6.3071,11.821,0.17169
-6.1589,-0.06364,12.025
11.989,0.21142,-6.2982
-0.18236,12.383,5.5587
-6.1589,-0.06364,-12.101
12.267,5.9415,-0.070311
6.0125,-12.235,0.16828
-0.1987,-5.9432,-12.343
-12.648,0.49805,5.349
5.9545,0.24819,-12.422
-12.37,6.2281,-0.48628
-0.40517,5.8541,-12.595
-6.2168,12.42,-0.56528
-0.18236,12.383,-6.5045
-12.871,-6.0306,-0.74169
5.98,-5.7848,11.583
-12.648,0.49805,-6.7142
-6.1914,6.3865,11.377
11.795,-6.2387,5.6313
6.0568,11.726,-6.0295
6.0568,11.726,6.0337
-11.921,6.1553,5.6397
5.9036,6.0394,11.934
-6.5624,-5.8453,11.725
-6.7859,-11.863,5.5043
11.795,-6.2387,-6.4319
5.9036,6.0394,-12.192
-6.4912,12.193,5.5077
-11.921,6.1553,-6.4235
5.7621,-12.33,6.0303
5.7621,-12.33,-6.0329
5.98,-5.7848,-12.543
-12.842,-5.9521,5.2153
-6.7859,-11.863,-6.5589
-6.5624,-5.8453,-12.402
12.716,5.8687,-6.0075
12.716,5.8687,6.0557
-6.4912,12.193,-6.5555
-6.1914,6.3865,-12.749
-12.842,-5.9521,-6.8479
0.2734,11.522,11.835
0.2734,11.522,-12.292
-12.193,-0.36275,11.625
12.171,-12.171,0.20628
-12.171,12.171,-0.20628
-12.466,-11.885,-0.20969
12.466,11.885,0.20969
-0.021289,-12.534,11.831
12.445,-0.64937,12.041
12.445,-0.64937,-12.085
-12.193,-0.36275,-12.501
-0.021289,-12.534,-12.295
-6.5115,-11.637,11.495
11.766,-6.3172,11.737
12.004,11.748,5.9147
12.004,11.748,-6.1485
6.3071,11.821,-11.892
11.71,-12.308,5.9113
-6.2168,12.42,11.498
-12.37,6.2281,11.577
11.71,-12.308,-6.1519
6.0125,-12.235,-11.895
6.3071,11.821,12.235
12.267,5.9415,11.993
-12.871,-6.0306,11.322
11.766,-6.3172,-12.389
12.267,5.9415,-12.134
-12.633,12.035,5.4987
6.0125,-12.235,12.231
-6.5115,-11.637,-12.632
-12.928,-12.021,5.4953
-12.633,12.035,-6.5645
-12.37,6.2281,-12.549
-6.2168,12.42,-12.628
-12.928,-12.021,-6.5679
-12.871,-6.0306,-12.805
12.171,-12.171,-11.857
-12.171,12.171,11.857
-12.466,-11.885,11.854
12.466,11.885,-11.854
12.171,-12.171,12.269
-12.171,12.171,-12.269
-12.466,-11.885,-12.273
12.466,11.885,12.273
