-9.5655,-2.7447,-9.7289
-9.3357,-8.5578,-9.6599
-9.5655,-2.7447,2.3343
-10.061,-8.8958,-3.6297
-9.3357,-8.5578,2.4033
-10.061,-8.8958,8.4335
9.5041,-9.5282,-8.9559
9.8718,-9.2029,-2.7827
9.5041,-9.5282,3.1073
8.8989,-3.7016,-2.9237
9.8718,-9.2029,9.2805
8.8989,-3.7016,9.1395
3.3439,-3.1063,-9.8052
-2.6672,2.6432,-9.1622
-1.9834,-8.8791,-9.2322
2.9006,9.1401,-9.5192
2.9826,-8.3523,-9.1962
-2.5859,-2.7867,-9.2212
9.2801,-2.4933,-9.1742
3.1304,3.3269,-9.4502
2.8461,-2.6184,-3.516
-2.2995,2.9684,-2.989
-2.453,-8.305,-3.302
-9.5672,-2.6517,-3.448
3.3439,-3.1063,2.258
-2.6672,2.6432,2.901
-1.9834,-8.8791,2.831
2.9006,9.1401,2.544
2.6898,-9.051,-3.424
-2.8673,-3.9138,-3.287
-3.2725,8.4697,-3.13
2.4049,2.9889,-3.42
2.9826,-8.3523,2.867
-2.5859,-2.7867,2.842
9.2801,-2.4933,2.889
3.1304,3.3269,2.613
2.8461,-2.6184,8.5472
-2.2995,2.9684,9.0742
-2.453,-8.305,8.7612
-9.5672,-2.6517,8.6152
2.6898,-9.051,8.6392
-2.8673,-3.9138,8.7762
-3.2725,8.4697,8.9332
2.4049,2.9889,8.6432
-8.8274,9.065,-10.011
-9.1888,3.819,-9.4025
-2.8913,9.6781,-9.3805
-9.3252,9.5529,-3.7223
-8.8274,9.065,2.0517
-9.4815,3.1204,-3.6303
-9.1888,3.819,2.6607
-2.8913,9.6781,2.6827
-9.3252,9.5529,8.3409
-9.4815,3.1204,8.4329
10.483,3.0056,-9.0225
9.8802,9.098,-9.0115
10.013,3.5798,-3.0923
2.8989,9.2331,-3.2383
10.483,3.0056,3.0407
9.5987,7.9709,-3.0773
9.8802,9.098,3.0517
10.013,3.5798,8.9709
2.8989,9.2331,8.8249
9.5987,7.9709,8.9859
-3.6046,-8.2955,-8.8199
-9.516,-9.82,-8.8759
-9.7267,-3.3867,-2.5777
-3.6046,-8.2955,3.2433
-9.1808,-8.5514,-2.4697
-9.516,-9.82,3.1873
-9.7267,-3.3867,9.4855
-9.1808,-8.5514,9.5935
9.0339,-8.1981,-8.4519
2.9118,-9.7948,-8.0639
8.8826,-9.3719,-1.6727
9.0339,-8.1981,3.6113
3.1762,-9.1584,-1.9487
2.9118,-9.7948,3.9993
8.8826,-9.3719,10.39
3.1762,-9.1584,10.114
8.8615,3.5893,-8.6102
-8.6387,-2.7669,-8.1912
2.8206,-2.7188,-8.4622
-3.1374,3.9732,-8.6582
-3.3559,-2.9896,-7.9522
-9.2596,2.3766,-8.2702
2.95,2.0648,-8.6662
9.2157,-3.0087,-7.7662
-2.967,-8.8685,-2.012
2.7393,8.498,-2.368
3.0066,-3.288,-2.185
-3.2888,2.7994,-1.879
8.8615,3.5893,3.453
-8.6387,-2.7669,3.872
2.8206,-2.7188,3.601
-3.1374,3.9732,3.405
-2.9557,-2.9359,-2.152
-8.9951,3.013,-2.155
3.2852,3.3333,-2.26
9.1959,-2.3271,-2.091
-3.3559,-2.9896,4.111
-9.2596,2.3766,3.793
2.95,2.0648,3.397
9.2157,-3.0087,4.297
-2.967,-8.8685,10.051
2.7393,8.498,9.6952
3.0066,-3.288,9.8782
-3.2888,2.7994,10.184
-2.9557,-2.9359,9.9112
-8.9951,3.013,9.9082
3.2852,3.3333,9.8032
9.1959,-2.3271,9.9722
-9.3507,9.4525,-8.6685
-2.9556,9.1626,-7.9725
-9.1647,8.8833,-2.3913
-9.3507,9.4525,3.3947
-2.9754,9.8443,-2.2973
-2.9556,9.1626,4.0907
-9.1647,8.8833,9.6719
-2.9754,9.8443,9.7659
3.8273,9.1178,-7.9815
9.1101,8.8951,-7.7425
9.499,3.0162,-1.8023
3.8273,9.1178,4.0817
9.5103,8.9488,-1.9423
9.1101,8.8951,4.3207
9.499,3.0162,10.261
9.5103,8.9488,10.121
-9.1667,-11.349,-12.591
-9.463,-12.078,-6.2469
-2.9682,-11.602,-11.832
-9.5973,-5.776,-12.291
-3.2906,-11.301,-7.1189
-9.5881,-5.1983,-6.4709
-12.45,-8.8633,-12.161
-12.034,-8.801,-6.6989
-5.955,-8.6221,-11.619
-12.571,-2.8818,-12.723
-6.7144,-8.6773,-6.9449
-12.777,-2.7546,-6.3599
-7.0574,-12.304,-9.2419
-13.133,-5.3984,-9.3099
-11.804,-12.291,-9.4389
-9.1667,-11.349,-0.52769
-9.463,-12.078,5.8163
-2.9682,-11.602,0.23131
-9.5973,-5.776,-0.22769
-3.2906,-11.301,4.9443
-9.5881,-5.1983,5.5923
-12.45,-8.8633,-0.097689
-12.034,-8.801,5.3643
-5.955,-8.6221,0.44431
-12.571,-2.8818,-0.65969
-6.7144,-8.6773,5.1183
-12.777,-2.7546,5.7033
-5.6262,-10.785,-2.9977
-12.137,-5.8347,-3.1817
-7.0574,-12.304,2.8213
-13.133,-5.3984,2.7533
-12.972,-12.559,-3.3357
-1.4847,-11.441,-3.4407
-6.6586,-6.6359,-3.1917
-11.804,-12.291,2.6243
-9.1667,-11.349,11.536
-2.9682,-11.602,12.295
-9.5973,-5.776,11.836
-12.45,-8.8633,11.966
-5.955,-8.6221,12.508
-12.571,-2.8818,11.404
-5.6262,-10.785,9.0655
-12.137,-5.8347,8.8815
-12.972,-12.559,8.7275
-1.4847,-11.441,8.6225
-6.6586,-6.6359,8.8715
-13.656,0.73069,-3.647
-13.656,0.73069,8.4162
2.9938,-12.123,-12.338
8.937,-6.3533,-12.196
2.9712,-12.398,-5.8839
8.9943,-6.3045,-5.6809
9.1753,-12.233,-11.776
9.1251,-12.262,-5.9509
12.188,-9.1499,-11.745
12.603,-9.0877,-6.2829
6.1475,-9.4299,-11.313
12.067,-3.1685,-12.307
5.7798,-9.1881,-6.4029
11.86,-3.0412,-5.9439
6.2352,-13.04,-8.5959
11.505,-5.6851,-8.8939
6.2281,-6.2437,-8.7579
12.833,-12.577,-9.0229
0.60379,-12.192,-9.1249
2.9938,-12.123,-0.27472
8.937,-6.3533,-0.13272
2.9712,-12.398,6.1793
8.9943,-6.3045,6.3823
9.1753,-12.233,0.28728
9.1251,-12.262,6.1123
12.188,-9.1499,0.31828
12.603,-9.0877,5.7803
6.1475,-9.4299,0.75028
12.067,-3.1685,-0.24372
5.7798,-9.1881,5.6603
11.86,-3.0412,6.1193
6.4169,-11.213,-2.7427
12.501,-6.1213,-2.7657
6.2352,-13.04,3.4673
11.505,-5.6851,3.1693
6.0662,-7.3022,-2.6667
11.665,-12.846,-2.9197
6.2281,-6.2437,3.3053
12.833,-12.577,3.0403
0.60379,-12.192,2.9383
2.9938,-12.123,11.788
8.937,-6.3533,11.93
9.1753,-12.233,12.35
12.188,-9.1499,12.381
6.1475,-9.4299,12.813
12.067,-3.1685,11.819
6.4169,-11.213,9.3205
12.501,-6.1213,9.2975
6.0662,-7.3022,9.3965
11.665,-12.846,9.1435
-3.0639,-5.9772,-12.091
-9.1775,0.04879,-12.544
3.2994,0.53599,-12.381
-3.2343,5.8181,-12.402
-3.264,-6.2989,-6.3102
-9.2002,-0.22698,-6.0902
3.0031,-0.19304,-6.0372
-3.177,5.8669,-5.8872
3.2103,-6.0458,-12.222
-2.996,-0.061518,-11.982
9.4979,0.28284,-11.622
2.8687,6.1087,-12.081
3.276,-5.4822,-6.4902
-3.0462,-0.09051,-6.1572
9.1754,0.58407,-6.9092
2.8779,6.6864,-6.2612
0.17536,-8.9788,-12.488
-6.3534,-3.0964,-13.263
6.12,-2.7245,-12.644
0.016263,3.0215,-11.951
0.67317,-8.9845,-6.1242
6.4227,-2.8631,-5.9172
0.43204,3.0837,-6.4892
0.11526,-3.0384,-12.284
-6.0238,2.7415,-11.519
6.511,3.2626,-11.409
-0.10465,9.0029,-12.513
-0.047376,-2.9762,-6.4142
-6.3915,2.9833,-6.6092
5.7516,3.2074,-6.7352
-0.31113,9.1302,-6.1502
0.42285,-5.5282,-9.2822
-5.9362,-0.86903,-8.8022
5.4087,-0.41931,-9.0322
-0.6668,6.4863,-9.1002
-5.9432,5.9277,-8.9642
0.66185,-0.40588,-9.2292
-11.568,-0.020506,-9.3312
-6.0132,-5.1435,-9.1762
-3.0639,-5.9772,-0.028
-9.1775,0.04879,-0.481
3.2994,0.53599,-0.318
-3.2343,5.8181,-0.339
-3.264,-6.2989,5.753
-9.2002,-0.22698,5.973
3.0031,-0.19304,6.026
-3.177,5.8669,6.176
3.2103,-6.0458,-0.159
-2.996,-0.061518,0.081
9.4979,0.28284,0.441
2.8687,6.1087,-0.018
3.276,-5.4822,5.573
-3.0462,-0.09051,5.906
9.1754,0.58407,5.154
2.8779,6.6864,5.802
0.17536,-8.9788,-0.425
-6.3534,-3.0964,-1.2
6.12,-2.7245,-0.581
0.016263,3.0215,0.112
0.67317,-8.9845,5.939
-6.1186,-2.9677,-5.503
6.4227,-2.8631,6.146
0.43204,3.0837,5.574
0.11526,-3.0384,-0.221
-6.0238,2.7415,0.544
6.511,3.2626,0.654
-0.10465,9.0029,-0.45
-0.047376,-2.9762,5.649
-6.3915,2.9833,5.454
5.7516,3.2074,5.328
-0.31113,9.1302,5.913
0.76721,-5.4935,-3.311
-5.7544,0.95884,-2.949
6.8398,1.0996,-2.788
0.32951,6.05,-2.972
0.42285,-5.5282,2.781
-5.9362,-0.86903,3.261
5.4087,-0.41931,3.031
-0.6668,6.4863,2.963
-6.1052,4.8691,-2.873
-0.50629,-0.67458,-3.126
10.981,0.44406,-3.231
5.8075,5.2489,-2.982
-5.9432,5.9277,3.099
0.66185,-0.40588,2.834
-11.568,-0.020506,2.732
-6.0132,-5.1435,2.887
-3.0639,-5.9772,12.035
-9.1775,0.04879,11.582
3.2994,0.53599,11.745
-3.2343,5.8181,11.724
3.2103,-6.0458,11.904
-2.996,-0.061518,12.144
9.4979,0.28284,12.504
2.8687,6.1087,12.045
0.17536,-8.9788,11.638
-6.3534,-3.0964,10.863
6.12,-2.7245,11.482
0.016263,3.0215,12.175
-6.1186,-2.9677,6.5602
0.11526,-3.0384,11.842
-6.0238,2.7415,12.607
6.511,3.2626,12.717
-0.10465,9.0029,11.613
0.76721,-5.4935,8.7522
-5.7544,0.95884,9.1142
6.8398,1.0996,9.2752
0.32951,6.05,9.0912
-6.1052,4.8691,9.1902
-0.50629,-0.67458,8.9372
10.981,0.44406,8.8322
5.8075,5.2489,9.0812
-8.872,12.707,-12.587
-9.1683,11.978,-6.2435
-8.9611,6.1256,-12.428
-2.6735,12.454,-11.828
-8.8953,6.6892,-6.6965
-2.9959,12.755,-7.1155
-11.996,3.1925,-12.694
-6.0513,9.4469,-12.85
-11.498,3.1869,-6.3305
-5.7487,9.3083,-6.1235
-12.056,9.1329,-12.49
-12.219,9.1951,-6.6205
-11.749,6.6432,-9.4885
-6.7627,11.752,-9.2385
-11.51,11.765,-9.4355
-8.872,12.707,-0.52428
-9.1683,11.978,5.8197
-8.9611,6.1256,-0.36528
-2.6735,12.454,0.23472
-8.8953,6.6892,5.3667
-2.9959,12.755,4.9477
-11.996,3.1925,-0.63128
-6.0513,9.4469,-0.78728
-11.498,3.1869,5.7327
-5.7487,9.3083,5.9397
-12.056,9.1329,-0.42728
-12.219,9.1951,5.4427
-11.404,6.6778,-3.5173
-5.3315,13.271,-2.9943
-11.749,6.6432,2.5747
-6.7627,11.752,2.8247
-12.678,11.497,-3.3323
-1.19,12.615,-3.4373
-11.51,11.765,2.6277
-8.872,12.707,11.539
-8.9611,6.1256,11.698
-2.6735,12.454,12.298
-11.996,3.1925,11.432
-6.0513,9.4469,11.276
-12.056,9.1329,11.636
-11.404,6.6778,8.5459
-5.3315,13.271,9.0689
-12.678,11.497,8.7309
-1.19,12.615,8.6259
13.07,-0.30713,-8.9152
13.07,-0.30713,3.148
9.4022,5.9076,-11.882
3.2885,11.934,-12.335
9.202,5.5858,-6.1005
3.2659,11.658,-5.8805
9.47,11.823,-11.773
9.4198,11.794,-5.9475
12.641,2.9059,-12.279
6.1127,8.7883,-13.054
13.139,2.9002,-5.9145
12.581,8.8463,-12.075
12.419,8.9085,-6.2045
12.889,6.3566,-9.0725
6.5299,11.016,-8.5925
13.128,11.479,-9.0195
0.89849,11.864,-9.1215
6.4528,6.7412,-8.9665
9.4022,5.9076,0.18169
3.2885,11.934,-0.27131
9.202,5.5858,5.9627
3.2659,11.658,6.1827
9.47,11.823,0.29069
9.4198,11.794,6.1157
12.641,2.9059,-0.21531
6.1127,8.7883,-0.99031
13.139,2.9002,6.1487
6.3475,8.917,-5.2933
12.581,8.8463,-0.011311
12.419,8.9085,5.8587
13.233,6.3912,-3.1013
6.7116,12.844,-2.7393
12.889,6.3566,2.9907
6.5299,11.016,3.4707
11.96,11.21,-2.9163
13.128,11.479,3.0437
0.89849,11.864,2.9417
6.4528,6.7412,3.0967
9.4022,5.9076,12.245
3.2885,11.934,11.792
9.47,11.823,12.354
12.641,2.9059,11.848
6.1127,8.7883,11.073
6.3475,8.917,6.7699
12.581,8.8463,12.052
13.233,6.3912,8.9619
6.7116,12.844,9.3239
11.96,11.21,9.1469
0,0,0
-0.067882,5.9241,0.16
-0.092631,-0.11102,-5.9802
0.086267,-6.0302,0.061
-0.092631,-0.11102,6.083
-6.2834,-0.097581,-0.358
6.301,0.29769,-0.095
6.1052,0.14425,5.633
-0.2093,5.9241,-5.841
0.39032,-5.9312,5.966
0.39032,-5.9312,-6.0972
-6.1151,6.0033,-0.144
-6.1228,-0.060104,6.02
-0.2093,5.9241,6.2222
-6.1228,-0.060104,-6.0432
-6.3934,-5.7499,-0.56069
6.0726,6.1349,-0.351
6.0563,-6.168,0.062279
6.1052,0.14425,-6.4302
5.9461,6.0988,5.609
-6.52,-5.7859,5.3993
-5.8866,6.3024,5.8147
6.2848,-5.869,6.021
6.2848,-5.869,-6.0422
-5.8866,6.3024,-6.2485
5.9461,6.0988,-6.4542
-6.52,-5.7859,-6.6639
-0.11784,-11.702,-0.29169
0,0,-12.063
0,0,12.063
-12.289,0.46976,-0.49797
12.348,0.18314,-0.082
0.17685,12.354,-0.28828
-0.40068,-11.652,5.8303
-6.165,-11.587,-0.30469
-0.40068,-11.652,-6.2329
-6.2834,-0.097581,11.705
-0.067882,5.9241,-11.903
6.1827,11.787,-0.14831
0.086267,-6.0302,-12.002
12.065,0.23264,-6.0232
12.065,0.23264,6.04
6.301,0.29769,11.968
0.086267,-6.0302,12.124
-12.085,6.1411,-0.14528
-0.067882,5.9241,12.223
5.888,-12.269,-0.15172
12.103,-6.2472,0.36628
6.301,0.29769,-12.158
-0.10599,12.404,5.8337
-12.572,0.51926,5.624
-5.8703,12.469,-0.30128
12.552,5.8545,0.27069
-12.534,-5.9606,-0.049689
-0.10599,12.404,-6.2295
-6.2834,-0.097581,-12.421
-12.572,0.51926,-6.4392
-6.3934,-5.7499,11.503
-6.3609,-11.74,5.4233
-11.781,6.2401,5.7597
6.0726,6.1349,11.712
11.962,-6.2472,-5.6347
6.3432,11.825,-5.8335
-6.1151,6.0033,11.919
-11.781,6.2401,-6.3035
-6.0662,12.316,5.4267
6.0563,-6.168,-12.001
6.3432,11.825,6.2297
6.0485,-12.231,-5.8369
6.0563,-6.168,12.125
-6.3609,-11.74,-6.6399
-6.1151,6.0033,-12.207
11.962,-6.2472,6.4285
6.0485,-12.231,6.2263
6.0726,6.1349,-12.414
-12.675,-5.9606,6.0125
-6.0662,12.316,-6.6365
-12.675,-5.9606,-6.0507
-6.3934,-5.7499,-12.624
12.856,5.9535,-5.8875
12.856,5.9535,6.1757
-0.11784,-11.702,11.772
-12.289,0.46976,11.565
-0.11784,-11.702,-12.355
0.17685,12.354,11.775
12.348,0.18314,11.981
12.171,-12.171,0.20628
-12.171,12.171,-0.20628
-12.466,-11.885,-0.20969
12.466,11.885,0.20969
12.348,0.18314,-12.145
0.17685,12.354,-12.351
-12.289,0.46976,-12.561
-6.165,-11.587,11.759
6.1827,11.787,11.915
12.103,-6.2472,-11.697
12.373,11.774,-5.7705
-6.165,-11.587,-12.368
-12.085,6.1411,11.918
6.1827,11.787,-12.212
5.888,-12.269,11.911
-5.8703,12.469,11.762
12.079,-12.282,-5.7739
-12.264,12.06,5.8767
12.552,5.8545,-11.793
12.373,11.774,6.2927
-12.085,6.1411,-12.208
-12.264,12.06,-6.1865
5.888,-12.269,-12.215
-12.559,-11.996,5.8733
12.079,-12.282,6.2893
-12.534,-5.9606,12.014
-12.534,-5.9606,-12.113
-12.559,-11.996,-6.1899
12.103,-6.2472,12.429
-5.8703,12.469,-12.364
12.552,5.8545,12.334
12.171,-12.171,-11.857
-12.171,12.171,11.857
-12.466,-11.885,11.854
12.466,11.885,-11.854
12.171,-12.171,12.269
-12.171,12.171,-12.269
-12.466,-11.885,-12.273
12.466,11.885,12.273
