-8.3228,-8.3669,-8.6194
-8.8948,-3.2539,-9.1064
-9.1586,-8.7021,-3.7328
-8.3228,-8.3669,2.8902
-3.9875,-9.1638,-2.8288
-9.9017,-2.3459,-3.0298
-8.8948,-3.2539,2.4032
-9.1586,-8.7021,7.7769
-3.9875,-9.1638,8.6809
-9.9017,-2.3459,8.4799
8.8916,-8.9143,-7.075
2.0949,-9.9325,-2.8904
8.3769,-8.8422,-2.9254
8.8916,-8.9143,4.4346
2.0949,-9.9325,8.6193
8.3769,-8.8422,8.5843
3.2873,-8.3106,-8.5187
-3.153,-2.4855,-8.3547
8.3149,-2.7259,-9.1857
3.701,2.9345,-8.3917
3.269,-3.2195,-8.2057
-2.7634,2.7407,-7.2997
-2.016,-8.6543,-8.7757
3.1289,8.0476,-8.8787
-9.5601,1.7225,-3.115
-3.8863,-3.0094,-2.077
8.2463,-1.953,-2.895
2.8652,2.5993,-3.505
3.2873,-8.3106,2.991
-3.153,-2.4855,3.155
8.3149,-2.7259,2.324
3.701,2.9345,3.118
3.5567,-3.2428,-3.383
-3.2781,2.8129,-3.15
8.0363,2.1376,-2.601
2.122,8.9555,-2.802
3.269,-3.2195,3.304
-2.7634,2.7407,4.21
-2.016,-8.6543,2.734
3.1289,8.0476,2.631
-9.5601,1.7225,8.3947
-3.8863,-3.0094,9.4327
8.2463,-1.953,8.6147
2.8652,2.5993,8.0047
3.5567,-3.2428,8.1267
-3.2781,2.8129,8.3597
8.0363,2.1376,8.9087
2.122,8.9555,8.7077
-8.3677,3.3444,-8.7433
-3.3402,8.9291,-9.4103
-8.3861,8.4356,-8.4303
-3.4087,9.702,-3.1196
-8.3677,3.3444,2.7664
-3.3402,8.9291,2.0994
-8.0983,8.4122,-3.6076
-8.3861,8.4356,3.0794
-3.4087,9.702,8.39
-8.0983,8.4122,7.902
8.8708,8.816,-8.1269
10.008,2.6472,-8.5479
8.1375,8.292,-1.8492
8.8708,8.816,3.3828
10.008,2.6472,2.9618
8.1375,8.292,9.6604
-3.6891,-8.9475,-8.8554
-10.197,-2.4527,-9.0524
-9.8338,-8.1117,-8.5514
-3.6891,-8.9475,2.6542
-10.197,-2.4527,2.4572
-8.9839,-8.717,-2.2658
-9.8338,-8.1117,2.9582
-8.9839,-8.717,9.2439
8.9815,-8.8655,-8.555
8.4794,-3.8422,-7.726
8.5692,-8.1563,-1.6344
8.9815,-8.8655,2.9546
3.1026,-9.0281,-2.2624
8.4794,-3.8422,3.7836
8.5692,-8.1563,9.8753
3.1026,-9.0281,9.2473
8.3347,2.354,-8.6277
1.8272,8.8487,-8.8247
2.1673,-2.2224,-8.4137
-2.6736,2.7895,-8.7797
-3.3312,-2.3978,-9.8407
2.0011,-8.952,-8.9917
2.1899,3.1898,-8.3237
-3.1756,7.8128,-7.9507
-2.7245,-8.3234,-2.86
-8.3234,-3.2378,-2.158
2.6354,-2.32,-2.646
-3.0858,3.4988,-1.859
8.3347,2.354,2.882
1.8272,8.8487,2.685
2.1673,-2.2224,3.096
-2.6736,2.7895,2.73
-3.1869,-3.1671,-3.399
-8.5525,2.6269,-2.487
3.0399,2.5845,-2.038
8.2442,-3.0087,-3.968
-3.3312,-2.3978,1.669
2.0011,-8.952,2.518
2.1899,3.1898,3.186
-3.1756,7.8128,3.559
-2.7245,-8.3234,8.6497
-8.3234,-3.2378,9.3517
2.6354,-2.32,8.8637
-3.0858,3.4988,9.6507
-3.1869,-3.1671,8.1107
-8.5525,2.6269,9.0227
3.0399,2.5845,9.4717
8.2442,-3.0087,7.5417
-9.4877,9.4326,-8.6383
-9.6539,2.703,-9.2163
-9.0196,9.335,-2.8706
-9.4877,9.4326,2.8714
-3.4109,8.6463,-4.1926
-9.6539,2.703,2.2934
-9.0196,9.335,8.639
-3.4109,8.6463,7.317
8.6926,8.9036,-9.6129
9.2993,2.9781,-2.6322
3.7004,8.0636,-1.9302
8.8368,8.1343,-3.1712
8.6926,8.9036,1.8968
9.2993,2.9781,8.8774
3.7004,8.0636,9.5794
8.8368,8.1343,8.3384
-9.1607,-11.451,-11.536
-8.8644,-11.543,-6.0734
-3.3511,-11.362,-11.474
-9.1663,-5.8107,-11.817
-3.1064,-11.65,-6.1744
-12.142,-8.1668,-12.351
-5.6647,-8.4836,-11.463
-12.014,-2.3537,-11.764
-5.9575,-8.5345,-5.9264
-12.556,-2.6472,-6.0574
-5.5502,-11.147,-8.5484
-12.319,-6.0391,-8.3504
-11.812,-10.439,-8.8604
-0.84228,-11.329,-8.5894
-9.1607,-11.451,-0.026752
-8.8644,-11.543,5.4362
-3.3511,-11.362,0.035248
-9.1663,-5.8107,-0.30775
-3.1064,-11.65,5.3352
-9.6422,-5.1977,-4.7908
-12.142,-8.1668,-0.84175
-12.139,-8.4567,-5.4468
-5.6647,-8.4836,0.046248
-12.014,-2.3537,-0.25475
-5.9575,-8.5345,5.5832
-12.556,-2.6472,5.4522
-6.9743,-11.159,-2.7058
-5.5502,-11.147,2.9612
-12.319,-6.0391,3.1592
-12.038,-11.743,-2.9058
-0.82602,-11.072,-2.7748
-6.4574,-5.9189,-3.2248
-11.812,-10.439,2.6492
-0.84228,-11.329,2.9202
-9.1607,-11.451,11.483
-3.3511,-11.362,11.545
-9.1663,-5.8107,11.202
-9.6422,-5.1977,6.7189
-12.142,-8.1668,10.668
-12.139,-8.4567,6.0629
-5.6647,-8.4836,11.556
-12.014,-2.3537,11.255
-6.9743,-11.159,8.8039
-12.038,-11.743,8.6039
-0.82602,-11.072,8.7349
-6.4574,-5.9189,8.2849
-12.497,0.32601,-8.814
-12.481,0.58269,-2.9994
-12.497,0.32601,2.6956
-12.481,0.58269,8.5103
2.6203,-11.236,-11.162
8.6272,-6.4705,-10.431
2.703,-11.583,-6.127
8.6611,-11.369,-11.16
8.6477,-12.207,-5.259
11.537,-8.5204,-11.899
5.6453,-8.9716,-11.593
11.665,-2.7073,-11.312
11.123,-3.0007,-5.605
6.4974,-10.934,-8.381
11.359,-6.3927,-7.898
5.8292,-6.8318,-8.19
11.866,-10.793,-8.408
2.6203,-11.236,0.34762
8.6272,-6.4705,1.0786
2.703,-11.583,5.3826
7.8543,-6.1262,-5.1484
8.6611,-11.369,0.34962
8.6477,-12.207,6.2506
11.537,-8.5204,-0.38938
11.54,-8.8103,-4.9944
5.6453,-8.9716,-0.083377
11.665,-2.7073,0.19762
4.8703,-9.3336,-4.7604
11.123,-3.0007,5.9046
4.9948,-12.216,-2.2924
10.378,-5.4042,-2.1984
6.4974,-10.934,3.1286
11.359,-6.3927,3.6116
6.3178,-5.9586,-2.0714
11.641,-12.096,-2.4534
5.8292,-6.8318,3.3196
11.866,-10.793,3.1016
2.6203,-11.236,11.857
8.6272,-6.4705,12.588
7.8543,-6.1262,6.3613
8.6611,-11.369,11.859
11.537,-8.5204,11.12
11.54,-8.8103,6.5153
5.6453,-8.9716,11.426
11.665,-2.7073,11.707
4.8703,-9.3336,6.7493
4.9948,-12.216,9.2173
10.378,-5.4042,9.3113
6.3178,-5.9586,9.4383
11.641,-12.096,9.0563
-2.6637,-5.4412,-11.546
-9.0347,0.41931,-11.387
2.8631,-0.1492,-11.309
-3.0278,5.1845,-10.656
-2.9508,-5.6802,-5.4307
-8.952,0.072125,-6.3517
3.1594,-0.24183,-5.8457
3.2534,-5.7707,-12.053
-2.9939,0.28567,-11.385
8.6727,-0.060104,-11.247
2.8574,5.4907,-11.59
2.9069,-6.004,-5.6737
-3.0073,-0.55225,-5.4837
8.9173,-0.3486,-5.9467
0.011314,-8.3127,-11.909
-6.2544,-2.9805,-11.222
5.6045,-2.7662,-11.741
-0.11809,3.1346,-12.124
-0.95035,-8.4386,-5.4987
6.2508,-3.1608,-6.1087
-0.20435,-2.6608,-10.839
-6.0097,2.6835,-11.818
6.359,2.8178,-11.236
0.0098995,8.9477,-11.537
0.24749,-2.8949,-5.8097
6.0663,2.7669,-5.6987
-0.53245,8.6543,-5.8297
0.3182,-5.4433,-8.7617
-5.1576,0.72125,-8.6057
6.4736,0.15486,-8.3207
-0.29557,5.2623,-8.1227
-5.8259,4.8232,-8.4147
0.21142,0.86196,-8.6327
11.181,-0.027577,-8.3617
-4.5594,-5.787,-8.9947
-2.6637,-5.4412,-0.036
-9.0347,0.41931,0.123
2.8631,-0.1492,0.201
-3.0278,5.1845,0.854
-2.9508,-5.6802,6.079
-8.952,0.072125,5.158
3.1594,-0.24183,5.664
-3.8007,5.5289,-5.373
3.2534,-5.7707,-0.543
-2.9939,0.28567,0.125
8.6727,-0.060104,0.263
2.8574,5.4907,-0.08
2.9069,-6.004,5.836
-3.0073,-0.55225,6.026
8.9173,-0.3486,5.563
2.3815,6.1037,-4.563
0.011314,-8.3127,-0.399
-6.2544,-2.9805,0.288
5.6045,-2.7662,-0.231
-0.11809,3.1346,-0.614
-0.95035,-8.4386,6.011
-6.3675,-3.2888,-4.806
6.2508,-3.1608,5.401
-0.11526,2.8447,-5.219
-0.20435,-2.6608,0.671
-6.0097,2.6835,-0.308
6.359,2.8178,0.274
0.0098995,8.9477,-0.027
0.24749,-2.8949,5.7
-6.7847,2.3214,-4.985
6.0663,2.7669,5.811
-0.53245,8.6543,5.68
-0.22062,-4.5467,-2.769
-6.6602,-0.56074,-2.517
5.0494,0.14213,-2.478
-1.277,6.2508,-2.423
0.3182,-5.4433,2.748
-5.1576,0.72125,2.904
6.4736,0.15486,3.189
-0.29557,5.2623,3.387
-5.3372,5.6965,-2.296
-0.014142,-0.44123,-2.678
11.198,0.2291,-2.547
5.5663,5.3825,-2.997
-5.8259,4.8232,3.095
0.21142,0.86196,2.877
11.181,-0.027577,3.148
-4.5594,-5.787,2.515
-2.6637,-5.4412,11.474
-9.0347,0.41931,11.633
2.8631,-0.1492,11.711
-3.0278,5.1845,12.364
-3.8007,5.5289,6.1367
3.2534,-5.7707,10.967
-2.9939,0.28567,11.635
8.6727,-0.060104,11.773
2.8574,5.4907,11.43
2.3815,6.1037,6.9467
0.011314,-8.3127,11.111
-6.2544,-2.9805,11.798
5.6045,-2.7662,11.279
-0.11809,3.1346,10.896
-6.3675,-3.2888,6.7037
-0.11526,2.8447,6.2907
-0.20435,-2.6608,12.181
-6.0097,2.6835,11.202
6.359,2.8178,11.784
0.0098995,8.9477,11.483
-6.7847,2.3214,6.5247
-0.22062,-4.5467,8.7407
-6.6602,-0.56074,8.9927
5.0494,0.14213,9.0317
-1.277,6.2508,9.0867
-5.3372,5.6965,9.2137
-0.014142,-0.44123,8.8317
11.198,0.2291,8.9627
5.5663,5.3825,8.5127
-8.7919,11.506,-11.533
-8.4957,11.413,-6.0703
-8.4016,5.8843,-12.277
-2.9824,11.595,-11.471
-8.7481,5.651,-5.8983
-2.7377,11.306,-6.1713
-11.644,3.3423,-12.133
-6.0505,8.8888,-11.965
-12.605,3.2164,-5.7233
-5.4042,8.4943,-6.3333
-11.859,8.9942,-11.063
-11.408,8.7601,-6.0343
-11.337,6.2117,-8.9863
-5.1815,11.81,-8.5453
-11.444,12.517,-8.8573
-0.47354,11.627,-8.5863
-8.7919,11.506,-0.023623
-8.4957,11.413,5.4394
-8.4016,5.8843,-0.76762
-2.9824,11.595,0.038377
-8.7481,5.651,5.6114
-2.7377,11.306,5.3384
-11.644,3.3423,-0.62362
-6.0505,8.8888,-0.45562
-12.605,3.2164,5.7864
-5.4042,8.4943,5.1764
-11.859,8.9942,0.44638
-11.408,8.7601,5.4754
-11.876,7.1083,-2.9936
-6.6056,11.797,-2.7026
-11.337,6.2117,2.5234
-5.1815,11.81,2.9644
-11.669,11.214,-2.9026
-0.45728,11.884,-2.7716
-11.444,12.517,2.6524
-0.47354,11.627,2.9234
-8.7919,11.506,11.486
-8.4016,5.8843,10.742
-2.9824,11.595,11.548
-11.644,3.3423,10.886
-6.0505,8.8888,11.054
-11.859,8.9942,11.956
-11.876,7.1083,8.516
-6.6056,11.797,8.807
-11.669,11.214,8.607
-0.45728,11.884,8.738
9.3601,5.8602,-11.318
2.9891,11.721,-11.159
9.073,5.6212,-5.2029
3.0718,11.374,-6.1239
9.0299,11.587,-11.157
9.0164,10.749,-5.2559
12.035,2.9887,-11.681
5.7694,8.321,-10.994
11.073,2.8628,-5.2709
11.819,8.6406,-10.611
12.271,8.4065,-5.5819
12.342,5.8581,-8.5339
6.8661,12.023,-8.3779
12.235,12.163,-8.4049
7.4643,5.5145,-8.7669
9.3601,5.8602,0.19175
2.9891,11.721,0.35075
9.073,5.6212,6.3068
3.0718,11.374,5.3858
9.0299,11.587,0.35275
9.0164,10.749,6.2538
12.035,2.9887,-0.17125
5.7694,8.321,0.51575
11.073,2.8628,6.2388
5.6563,8.0127,-4.5782
11.819,8.6406,0.89875
12.271,8.4065,5.9278
11.803,6.7547,-2.5412
5.3635,10.741,-2.2892
12.342,5.8581,2.9758
6.8661,12.023,3.1318
12.01,10.86,-2.4502
12.235,12.163,3.1048
7.4643,5.5145,2.7428
9.3601,5.8602,11.701
2.9891,11.721,11.86
9.0299,11.587,11.862
12.035,2.9887,11.338
5.7694,8.321,12.025
5.6563,8.0127,6.9314
11.819,8.6406,12.408
11.803,6.7547,8.9684
5.3635,10.741,9.2204
12.01,10.86,9.0594
12.373,10.628,8.5934
6.6561,4.9424,9.2394
0,0,0
0.56215,-5.3818,-0.383
-0.45043,-0.065761,-5.6327
5.7297,-0.092631,0.218
0.006364,5.7735,0.125
-0.45043,-0.065761,5.877
-6.3753,0.070711,0.33
0.024749,-5.5091,5.444
-0.38113,5.7608,-5.271
5.695,0.028284,-5.6157
6.0076,-5.4518,0.235
-5.415,-6.0656,0.155
0.024749,-5.5091,-6.0657
5.695,0.028284,5.894
-5.6474,6.2032,0.010377
6.6087,5.2359,0.38275
-6.4955,-0.34931,-5.418
-0.38113,5.7608,6.2387
-6.4955,-0.34931,6.0917
-6.1667,4.9688,5.628
-6.1667,4.9688,-5.8817
5.8994,5.7693,-5.5427
-6.1244,-5.5321,5.7392
-6.1244,-5.5321,-5.7704
5.8994,5.7693,5.967
5.4883,-6.6862,-5.657
5.4883,-6.6862,5.8526
-0.65277,-11.008,-0.055752
11.371,0.29345,0.172
0,0,-11.51
0,0,11.51
-0.28404,11.948,-0.052623
-0.57216,-10.932,5.6272
-12.308,0.64704,-0.28037
0.56215,-5.3818,11.127
-0.57216,-10.932,-5.8824
5.7297,-0.092631,-11.292
5.6485,11.372,0.55775
5.2797,-11.584,0.55462
-11.093,6.2732,-0.60762
0.006364,5.7735,-11.385
11.452,0.36982,-5.6547
11.452,0.36982,5.855
-6.3753,0.070711,-11.18
0.006364,5.7735,11.635
-5.9253,11.562,-0.006623
-6.2941,-11.394,-0.009752
5.7297,-0.092631,11.728
11.661,-5.8815,0.34962
0.56215,-5.3818,-11.893
-12.017,-5.5279,-0.10275
-0.20343,12.025,5.6304
5.5283,10.952,-5.1902
-0.20343,12.025,-5.8793
-12.227,0.72341,5.4026
-6.3753,0.070711,11.84
11.274,-5.8942,-5.0464
-12.227,0.72341,-6.107
5.5283,10.952,6.3194
6.0076,-5.4518,-11.275
12.586,5.9196,-0.15525
6.6087,5.2359,-11.127
-5.415,-6.0656,-11.355
5.1595,-12.004,-5.1934
-6.3287,-11.273,5.6662
-11.63,6.146,5.2194
-6.3287,-11.273,-5.8434
-5.415,-6.0656,11.665
-5.6474,6.2032,-11.499
-5.6474,6.2032,11.52
11.274,-5.8942,6.4633
6.0076,-5.4518,11.745
-5.96,11.683,5.6694
-5.96,11.683,-5.8403
5.1595,-12.004,6.3163
12.049,5.7924,5.6718
6.6087,5.2359,11.892
-11.63,6.146,-6.2903
12.049,5.7924,-5.8379
-12.405,-5.5406,-5.4988
-12.405,-5.5406,6.0109
-0.65277,-11.008,11.454
-0.65277,-11.008,-11.565
11.371,0.29345,-11.338
11.371,0.29345,11.682
11.655,-11.655,0.22462
-11.655,11.655,-0.22462
-12.024,-11.301,-0.22775
12.024,11.301,0.22775
-0.28404,11.948,11.457
-0.28404,11.948,-11.562
-12.308,0.64704,11.229
5.6485,11.372,-10.952
-11.093,6.2732,10.902
5.2797,-11.584,-10.955
11.573,11.236,-5.4049
-12.308,0.64704,-11.79
11.205,-11.721,-5.408
11.661,-5.8815,-11.16
11.573,11.236,6.1048
11.205,-11.721,6.1016
-5.9253,11.562,11.503
-5.9253,11.562,-11.516
-6.2941,-11.394,11.5
-6.2941,-11.394,-11.519
-12.017,-5.5279,11.407
5.6485,11.372,12.067
5.2797,-11.584,12.064
-11.093,6.2732,-12.117
-12.017,-5.5279,-11.612
11.661,-5.8815,11.859
-12.105,11.589,5.6524
-12.105,11.589,-5.8573
-12.474,-11.367,5.6492
-12.474,-11.367,-5.8604
12.586,5.9196,11.354
12.586,5.9196,-11.665
11.655,-11.655,-11.285
-11.655,11.655,11.285
-12.024,-11.301,11.282
12.024,11.301,-11.282
11.655,-11.655,11.734
-11.655,11.655,-11.734
-12.024,-11.301,-11.737
12.024,11.301,11.737
