-8.7491,-8.0494,-9.9944
-3.6962,-8.5331,-9.2504
-9.2392,-8.0247,-3.8998
-8.7491,-8.0494,1.5152
-3.5653,-8.7686,-4.2328
-9.155,-3.5254,-3.8638
-3.6962,-8.5331,2.2592
-9.2392,-8.0247,7.6099
-3.5653,-8.7686,7.2769
-9.155,-3.5254,7.6459
9.1292,-8.688,-9.145
8.1039,-9.2113,-3.2824
9.1292,-8.688,2.3646
8.1039,-9.2113,8.2273
2.7627,-8.4492,-9.3847
-2.9479,-3.3552,-9.0947
8.8608,-2.7358,-9.4727
3.2746,3.252,-9.7667
3.0618,-3.049,-8.6967
-2.5258,2.967,-9.3697
8.3276,2.7683,-9.0227
-8.684,-2.2677,-9.3267
3.1594,-8.6507,-3.577
-1.9728,-3.0109,-3.297
8.4209,-2.9168,-3.613
2.7846,3.2767,-3.672
2.7627,-8.4492,2.125
-2.9479,-3.3552,2.415
8.8608,-2.7358,2.037
3.2746,3.252,1.743
3.479,-3.1933,-3.385
-3.5511,2.4438,-3.507
8.4584,2.5329,-4.005
2.8687,7.7761,-3.636
3.0618,-3.049,2.813
-2.5258,2.967,2.14
8.3276,2.7683,2.487
-8.684,-2.2677,2.183
3.1594,-8.6507,7.9327
-1.9728,-3.0109,8.2127
8.4209,-2.9168,7.8967
2.7846,3.2767,7.8377
3.479,-3.1933,8.1247
-3.5511,2.4438,8.0027
8.4584,2.5329,7.5047
2.8687,7.7761,7.8737
-8.8924,3.2058,-9.6093
-2.7943,8.9192,-9.6973
-8.5932,8.606,-8.9213
-8.4957,3.0043,-3.8016
-3.2341,8.7382,-3.8376
-8.8924,3.2058,1.9004
-2.7943,8.9192,1.8124
-8.1761,8.4617,-3.6096
-8.5932,8.606,2.5884
-8.4957,3.0043,7.708
-3.2341,8.7382,7.672
-8.1761,8.4617,7.9
9.0758,7.9462,-8.8669
3.3398,9.0337,-9.0989
10.051,8.2906,-3.0692
9.0758,7.9462,2.6428
3.3398,9.0337,2.4108
10.051,8.2906,8.4404
-8.6219,-3.2977,-9.1564
-8.7286,-8.9001,-8.7464
-8.6219,-3.2977,2.3532
-9.2356,-9.0111,-2.7958
-8.7286,-8.9001,2.7632
-9.2356,-9.0111,8.7139
8.8973,-9.149,-7.711
3.5912,-9.067,-8.271
9.8738,-3.5212,-8.878
9.0366,-9.0762,-2.1044
8.8973,-9.149,3.7986
4.1201,-9.6907,-3.0804
9.0826,-3.4314,-4.4174
3.5912,-9.067,3.2386
9.8738,-3.5212,2.6316
9.0366,-9.0762,9.4053
4.1201,-9.6907,8.4293
9.0826,-3.4314,7.0923
-1.9863,-8.7589,-8.3757
3.4019,8.0037,-8.9287
3.8976,-3.3008,-9.9117
-2.7577,2.506,-7.9357
-1.9686,-3.3998,-7.9657
-8.0638,2.588,-8.4957
3.2951,2.4013,-8.5187
-1.7812,8.1338,-9.1027
-2.25,-9.0764,-2.843
-8.1303,-3.3121,-2.422
2.9281,-1.818,-3.041
-2.6184,2.5788,-2.329
-1.9863,-8.7589,3.134
3.4019,8.0037,2.581
3.8976,-3.3008,1.598
-2.7577,2.506,3.574
-2.8313,-3.165,-2.085
-7.5349,1.9643,-3.305
2.7881,2.2903,-2.568
-2.5725,8.2237,-4.642
-1.9686,-3.3998,3.544
-8.0638,2.588,3.014
3.2951,2.4013,2.991
-1.7812,8.1338,2.407
-2.25,-9.0764,8.6667
-8.1303,-3.3121,9.0877
2.9281,-1.818,8.4687
-2.6184,2.5788,9.1807
-2.8313,-3.165,9.4247
-7.5349,1.9643,8.2047
2.7881,2.2903,8.9417
-2.5725,8.2237,6.8677
-7.7574,8.3542,-10.136
-8.7269,9.837,-3.2656
-7.7574,8.3542,1.3734
-8.7269,9.837,8.244
10.037,2.5425,-8.1479
10.055,7.9017,-7.7379
9.7737,2.225,-2.6152
3.8934,7.9893,-2.1942
10.037,2.5425,3.3618
9.1925,8.1364,-1.8572
10.055,7.9017,3.7718
9.7737,2.225,8.8944
3.8934,7.9893,9.3154
9.1925,8.1364,9.6524
-8.6367,-11.806,-11.961
-3.0923,-11.248,-11.984
-8.8962,-5.4742,-12.377
-2.4905,-11.768,-6.6914
-8.8291,-5.9826,-6.5794
-11.869,-8.6972,-12.373
-12.259,-2.9074,-12.08
-5.7171,-8.3959,-6.2834
-11.465,-2.7157,-6.8324
-6.0035,-11.222,-9.3854
-11.465,-5.5088,-9.5254
-11.247,-10.545,-9.0124
-0.24902,-11.198,-9.3744
-5.8854,-5.6029,-9.3554
-8.6367,-11.806,-0.45175
-9.0532,-10.869,-5.9548
-3.0923,-11.248,-0.47475
-8.8962,-5.4742,-0.86775
-2.4905,-11.768,4.8182
-8.8291,-5.9826,4.9302
-11.869,-8.6972,-0.86375
-12.737,-8.5345,-5.9598
-6.205,-8.5275,-1.9738
-12.259,-2.9074,-0.57075
-5.7171,-8.3959,5.2262
-11.465,-2.7157,4.6772
-6.1951,-12.134,-3.8678
-12.636,-4.929,-3.9258
-6.0035,-11.222,2.1242
-11.465,-5.5088,1.9842
-11.745,-11.29,-3.3318
-1.0198,-11.388,-3.5328
-11.247,-10.545,2.4972
-0.24902,-11.198,2.1352
-5.8854,-5.6029,2.1542
-8.6367,-11.806,11.058
-9.0532,-10.869,5.5549
-3.0923,-11.248,11.035
-8.8962,-5.4742,10.642
-11.869,-8.6972,10.646
-12.737,-8.5345,5.5499
-6.205,-8.5275,9.5359
-12.259,-2.9074,10.939
-6.1951,-12.134,7.6419
-12.636,-4.929,7.5839
-11.745,-11.29,8.1779
-1.0198,-11.388,7.9769
-11.904,0.45683,-9.599
-12.675,0.26732,-3.7574
-11.904,0.45683,1.9106
-12.675,0.26732,7.7523
3.203,-12.148,-12.338
9.0493,-6.6692,-11.583
3.5735,-11.978,-5.839
9.1264,-5.6687,-6.83
8.9701,-11.84,-11.589
9.4043,-12.026,-6.518
11.81,-9.0507,-11.921
5.6057,-9.0493,-11.939
11.42,-3.261,-11.628
12.214,-3.0693,-6.38
5.3674,-11.522,-9.187
12.214,-5.8624,-9.073
12.431,-10.898,-8.56
3.203,-12.148,-0.82838
9.0493,-6.6692,-0.073377
3.5735,-11.978,5.6706
9.1264,-5.6687,4.6796
8.9701,-11.84,-0.079377
9.4043,-12.026,4.9916
11.81,-9.0507,-0.41138
10.942,-8.8881,-5.5074
5.6057,-9.0493,-0.42938
11.42,-3.261,-0.11838
6.0463,-9.0967,-5.7564
12.214,-3.0693,5.1296
6.3326,-12.681,-3.4714
11.043,-5.2826,-3.4734
5.3674,-11.522,2.3226
12.214,-5.8624,2.4366
5.8065,-6.2633,-3.3794
11.934,-11.644,-2.8794
12.431,-10.898,2.9496
3.203,-12.148,10.681
9.0493,-6.6692,11.436
8.9701,-11.84,11.43
11.81,-9.0507,11.098
10.942,-8.8881,6.0023
5.6057,-9.0493,11.08
11.42,-3.261,11.391
6.0463,-9.0967,5.7533
6.3326,-12.681,8.0383
11.043,-5.2826,8.0363
5.8065,-6.2633,8.1303
11.934,-11.644,8.6303
-2.7372,-6.2473,-12.255
-8.452,-0.49285,-12.563
3.387,-0.50487,-11.734
-2.6057,4.9858,-11.808
-2.3518,-6.0613,-6.3947
-8.0815,-0.32315,-6.0637
-2.5286,5.9864,-7.0547
3.1756,-5.8994,-11.99
-2.6849,-0.18455,-11.814
8.9315,0.053033,-11.757
3.1275,5.8273,-12.15
3.6699,-6.364,-6.2037
-2.2507,-0.37123,-6.7427
9.5332,-0.46669,-6.4637
3.1947,5.3189,-6.3517
-0.079903,-8.8197,-11.818
-5.5069,-3.0589,-11.984
6.4764,-2.9805,-12.487
0.15486,2.6043,-12.146
0.57064,-8.7632,-6.2927
-5.9157,-3.0802,-6.9457
6.1257,-2.8673,-6.9167
0.12869,-3.1594,-11.775
-6.0493,2.6057,-12.164
-0.23547,8.3941,-11.853
6.3067,2.9055,-6.0557
0.55861,8.5857,-6.6047
-0.17678,-6.0627,-9.1187
-6.2876,0.13294,-9.4117
6.0203,0.079196,-9.1577
0.55861,5.7926,-9.2977
5.8895,-6.1907,-9.3027
0.7764,0.7566,-8.7847
11.775,0.10324,-9.1467
6.1384,5.6986,-9.1277
-2.7372,-6.2473,-0.745
-8.452,-0.49285,-1.053
3.387,-0.50487,-0.224
-2.6057,4.9858,-0.298
-2.3518,-6.0613,5.115
-8.0815,-0.32315,5.446
2.9706,0.43204,-5.727
-2.5286,5.9864,4.455
3.1756,-5.8994,-0.48
-2.6849,-0.18455,-0.304
8.9315,0.053033,-0.247
3.1275,5.8273,-0.64
3.6699,-6.364,5.306
-2.2507,-0.37123,4.767
9.5332,-0.46669,5.046
3.1947,5.3189,5.158
-0.079903,-8.8197,-0.308
-5.5069,-3.0589,-0.474
6.4764,-2.9805,-0.977
0.15486,2.6043,-0.636
0.57064,-8.7632,5.217
-5.9157,-3.0802,4.564
6.1257,-2.8673,4.593
-0.71347,2.7669,-5.732
0.12869,-3.1594,-0.265
-6.0493,2.6057,-0.654
5.8188,2.774,-1.746
-0.23547,8.3941,-0.343
0.38537,-3.0738,-5.979
-5.6088,2.5583,-5.981
6.3067,2.9055,5.454
0.55861,8.5857,4.905
0.33446,-6.4311,-3.436
-5.3224,-1.026,-3.696
5.8287,-0.83226,-3.64
-0.61235,6.3724,-3.698
-0.17678,-6.0627,2.391
-6.2876,0.13294,2.098
6.0203,0.079196,2.352
0.55861,5.7926,2.212
-5.8485,5.3917,-3.604
0.2786,0.011314,-3.104
11.004,-0.086267,-3.305
-5.1789,-4.8833,-3.523
5.8895,-6.1907,2.207
0.7764,0.7566,2.725
11.775,0.10324,2.363
6.1384,5.6986,2.382
-2.7372,-6.2473,10.765
-8.452,-0.49285,10.457
3.387,-0.50487,11.286
-2.6057,4.9858,11.212
2.9706,0.43204,5.7827
3.1756,-5.8994,11.03
-2.6849,-0.18455,11.206
8.9315,0.053033,11.263
3.1275,5.8273,10.87
-0.079903,-8.8197,11.202
-5.5069,-3.0589,11.036
6.4764,-2.9805,10.533
0.15486,2.6043,10.874
-0.71347,2.7669,5.7777
0.12869,-3.1594,11.245
-6.0493,2.6057,10.856
5.8188,2.774,9.7637
-0.23547,8.3941,11.167
0.38537,-3.0738,5.5307
-5.6088,2.5583,5.5287
0.33446,-6.4311,8.0737
-5.3224,-1.026,7.8137
5.8287,-0.83226,7.8697
-0.61235,6.3724,7.8117
-5.8485,5.3917,7.9057
0.2786,0.011314,8.4057
11.004,-0.086267,8.2047
-5.1789,-4.8833,7.9867
-8.268,11.15,-11.958
-8.4794,5.7556,-12.214
-2.7236,11.708,-11.981
-7.9851,5.2911,-6.4283
-2.1218,11.188,-6.6883
-11.735,2.8353,-12.042
-5.1786,8.6746,-12.711
-11.084,2.8918,-6.5173
-5.5294,8.7877,-7.1413
-11.526,8.4957,-11.999
-11.832,5.5923,-9.3433
-5.6347,11.734,-9.3823
-5.7655,5.4643,-9.5273
-10.879,12.412,-9.0093
0.11972,11.758,-9.3713
-8.268,11.15,-0.44862
-8.6845,12.087,-5.9516
-8.4794,5.7556,-0.70462
-2.7236,11.708,-0.47162
-7.9851,5.2911,5.0814
-2.1218,11.188,4.8214
-11.735,2.8353,-0.53262
-5.1786,8.6746,-1.2016
-11.084,2.8918,4.9924
-5.5294,8.7877,4.3684
-11.526,8.4957,-0.48962
-11.27,8.5812,-6.2036
-11.321,5.2239,-3.6606
-5.8263,10.823,-3.8646
-11.832,5.5923,2.1664
-5.6347,11.734,2.1274
-11.376,11.666,-3.3286
-0.65103,11.569,-3.5296
-5.7655,5.4643,1.9824
-10.879,12.412,2.5004
0.11972,11.758,2.1384
-8.268,11.15,11.061
-8.6845,12.087,5.558
-8.4794,5.7556,10.805
-2.7236,11.708,11.038
-11.735,2.8353,10.977
-5.1786,8.6746,10.308
-11.526,8.4957,11.02
-11.27,8.5812,5.306
-11.321,5.2239,7.849
-5.8263,10.823,7.645
-11.376,11.666,8.181
-0.65103,11.569,7.98
9.2865,5.0541,-12.027
3.5717,10.809,-12.335
9.6719,5.2401,-6.1669
3.9422,10.978,-5.8359
9.3389,11.117,-11.586
9.773,10.93,-6.5149
11.944,2.4817,-11.59
6.5168,8.2425,-11.756
12.594,2.5383,-6.0649
6.1081,8.2213,-6.7179
12.152,8.1421,-11.547
11.847,5.2387,-8.8909
5.7362,11.434,-9.1839
12.8,12.058,-8.5569
9.2865,5.0541,-0.51725
3.5717,10.809,-0.82525
9.6719,5.2401,5.3428
3.9422,10.978,5.6738
9.3389,11.117,-0.076248
9.773,10.93,4.9948
11.944,2.4817,-0.080248
6.5168,8.2425,-0.24625
12.594,2.5383,5.4448
6.1081,8.2213,4.7918
12.152,8.1421,-0.037248
12.409,8.2276,-5.7512
12.358,4.8703,-3.2082
6.7014,10.275,-3.4682
11.847,5.2387,2.6188
5.7362,11.434,2.3258
12.302,11.313,-2.8762
6.8449,6.4182,-3.2952
12.8,12.058,2.9528
9.2865,5.0541,10.992
3.5717,10.809,10.684
9.3389,11.117,11.433
11.944,2.4817,11.429
6.5168,8.2425,11.263
12.152,8.1421,11.472
12.409,8.2276,5.7584
12.358,4.8703,8.3014
6.7014,10.275,8.0414
12.302,11.313,8.6334
6.8449,6.4182,8.2144
11.573,11.082,8.5214
6.7148,6.0929,8.2564
0,0,0
0.5169,0.028991,5.438
0.26941,5.6957,-0.778
-5.8308,-0.26304,-0.654
0.49922,-6.0161,-0.489
0.5169,0.028991,-6.0717
6.231,-0.0070711,-0.382
-5.4645,-0.43699,5.106
0.54235,5.4596,5.257
-5.7028,5.4468,-0.658
6.1992,-0.11526,5.195
1.026,-5.9475,5.447
6.236,5.386,-0.715
0.54235,5.4596,-6.2527
-5.7878,-5.9154,-0.94275
-5.4645,-0.43699,-6.4037
1.026,-5.9475,-6.0627
5.9522,-6.2082,-0.43338
6.1992,-0.11526,-6.3147
-5.2366,5.9395,5.0114
-5.2156,-5.8789,5.32
-5.2156,-5.8789,-6.1897
6.4184,-5.7155,5.236
-5.2366,5.9395,-6.4983
6.8081,5.4225,5.5478
6.8081,5.4225,-5.9619
6.4184,-5.7155,-6.2737
-0.1875,-11.216,-0.66375
0,0,-11.51
0,0,11.51
0.18124,11.741,-0.66062
11.836,0.08556,-0.436
-11.843,0.43915,-0.88837
0.26941,5.6957,10.732
-5.8308,-0.26304,10.856
0.06706,-11.278,5.1212
-11.156,5.639,-0.71362
0.49922,-6.0161,11.021
-11.588,0.37692,4.8966
6.193,11.038,-0.42625
-5.7927,-11.309,-0.60975
6.231,-0.0070711,11.128
0.4358,11.678,5.1244
-5.424,11.648,-0.60662
0.06706,-11.278,-6.3884
-11.754,-5.6057,-1.0058
-10.629,5.7075,5.2224
12.091,0.023335,5.349
5.8242,-11.918,-0.42938
0.4358,11.678,-6.3853
11.924,-5.9593,-0.55338
-11.588,0.37692,-6.613
-5.7028,5.4468,10.852
-5.7878,-5.9154,10.567
6.231,-0.0070711,-11.892
0.49922,-6.0161,-11.999
-5.8308,-0.26304,-12.164
0.26941,5.6957,-12.288
12.091,0.023335,-6.1607
6.236,5.386,10.795
12.523,5.2854,-0.26125
-10.629,5.7075,-6.2873
-5.4558,11.54,4.9704
-5.8246,-11.417,4.9672
6.5592,10.864,5.3338
-11.481,-5.8419,5.0292
5.9522,-6.2082,11.076
6.5592,10.864,-6.1759
-5.4558,11.54,-6.5393
-5.8246,-11.417,-6.5424
-11.481,-5.8419,-6.4804
-5.7028,5.4468,-12.168
6.1905,-12.092,5.3306
5.9522,-6.2082,-11.943
12.197,-6.1954,5.4816
6.236,5.386,-12.225
6.1905,-12.092,-6.179
12.197,-6.1954,-6.028
-5.7878,-5.9154,-12.452
-0.1875,-11.216,10.846
-11.843,0.43915,10.621
0.18124,11.741,10.849
11.836,0.08556,11.074
11.655,-11.655,0.22462
-11.655,11.655,-0.22462
-12.024,-11.301,-0.22775
12.024,11.301,0.22775
-11.156,5.639,10.796
-0.1875,-11.216,-12.173
-11.754,-5.6057,10.504
-5.7927,-11.309,10.9
11.836,0.08556,-11.946
6.193,11.038,11.083
-5.424,11.648,10.903
0.18124,11.741,-12.17
-11.507,-11.272,5.2102
-11.138,11.684,5.2134
-11.843,0.43915,-12.398
11.924,-5.9593,10.956
5.8242,-11.918,11.08
-11.507,-11.272,-6.2994
-11.138,11.684,-6.2963
6.193,11.038,-11.936
-11.156,5.639,-12.223
-5.7927,-11.309,-12.119
12.523,5.2854,11.248
-5.424,11.648,-12.116
12.172,-11.626,5.6626
12.172,-11.626,-5.847
12.541,11.33,5.6658
5.8242,-11.918,-11.939
12.541,11.33,-5.8439
11.924,-5.9593,-12.063
12.523,5.2854,-11.771
-11.754,-5.6057,-12.515
11.655,-11.655,-11.285
-11.655,11.655,11.285
-12.024,-11.301,11.282
12.024,11.301,-11.282
11.655,-11.655,11.734
-11.655,11.655,-11.734
-12.024,-11.301,-11.737
12.024,11.301,11.737
-12.024,-11.301,-11.737
12.024,11.301,11.737
