-10.025,-3.1067,-9.7499
-9.5818,-8.76,-9.5709
-9.9,-2.8571,-3.7167
-10.025,-3.1067,2.3133
-9.7571,-8.8166,-3.6637
-9.5818,-8.76,2.4923
-9.9,-2.8571,8.3465
-9.7571,-8.8166,8.3995
9.0268,-9.6236,-8.7829
9.5515,-9.2956,-3.1977
9.0268,-9.6236,3.2803
8.8013,-4,-3.0947
9.5515,-9.2956,8.8655
8.8013,-4,8.9685
3.2506,-3.4542,-9.5472
-3.1445,2.5477,-8.9892
-2.4798,-8.6458,-9.1852
2.4409,8.778,-9.5402
2.9359,-8.6734,-9.3182
-2.8454,-3.165,-9.5892
8.691,-2.7132,-9.6162
2.8843,3.1247,-9.3612
3.078,-2.6594,-3.07
-2.6198,2.8758,-3.404
-2.3801,-8.7002,-3.461
2.5661,9.0276,-3.507
3.2506,-3.4542,2.516
-3.1445,2.5477,3.074
-2.4798,-8.6458,2.878
2.4409,8.778,2.523
2.7019,-9.0474,-3.672
-3.3071,-3.812,-3.478
-3.3701,8.1713,-3.301
2.7089,3.0681,-3.454
2.9359,-8.6734,2.745
-2.8454,-3.165,2.474
8.691,-2.7132,2.447
2.8843,3.1247,2.702
3.078,-2.6594,8.9932
-2.6198,2.8758,8.6592
-2.3801,-8.7002,8.6022
2.5661,9.0276,8.5562
2.7019,-9.0474,8.3912
-3.3071,-3.812,8.5852
-3.3701,8.1713,8.7622
2.7089,3.0681,8.6092
-8.9208,8.7171,-9.7535
-9.2354,3.498,-9.5245
-3.4803,9.4582,-9.8225
-9.0933,9.5119,-3.2763
-8.9208,8.7171,2.3097
-9.4695,3.1239,-3.8783
-9.2354,3.498,2.5387
-3.4803,9.4582,2.2407
-9.0933,9.5119,8.7869
-9.4695,3.1239,8.1849
9.9862,3.2389,-8.9755
9.6206,8.7197,-9.3795
10.086,3.1845,-3.2513
9.9862,3.2389,3.0877
9.1589,8.0727,-3.2683
9.6206,8.7197,2.6837
10.086,3.1845,8.8119
9.1589,8.0727,8.7949
-3.8867,-8.7742,-8.4859
-9.7946,-9.9529,-8.6999
-9.5202,-3.4291,-2.3867
-3.8867,-8.7742,3.5773
-8.8697,-8.8866,-2.4547
-9.7946,-9.9529,3.3633
-9.5202,-3.4291,9.6765
-8.8697,-8.8866,9.6085
8.6549,-8.1727,-8.8139
2.9132,-9.7014,-7.8419
8.8267,-9.3528,-1.8847
8.6549,-8.1727,3.2493
3.1897,-9.6512,-2.2267
2.9132,-9.7014,4.2213
8.8267,-9.3528,10.178
3.1897,-9.6512,9.8365
8.5793,3.1106,-8.2762
-9.1153,-2.9437,-8.2552
3.0717,-2.6319,-8.3112
-3.5164,3.9987,-9.0202
-3.5115,-3.141,-8.2442
-9.2581,2.4699,-8.0482
2.6714,1.9318,-8.4902
8.9315,-3.2138,-8.2242
-3.0936,-9.0121,-2.177
2.9458,8.4556,-2.177
3.2845,-3.2958,-1.73
-3.3446,2.8185,-2.091
8.5793,3.1106,3.787
-9.1153,-2.9437,3.808
3.0717,-2.6319,3.752
-3.5164,3.9987,3.043
-2.7902,-3.0066,-2.325
-8.9817,2.5201,-2.433
3.5963,2.9981,-2.245
9.4024,-2.6184,-2.317
-3.5115,-3.141,3.819
-9.2581,2.4699,4.015
2.6714,1.9318,3.573
8.9315,-3.2138,3.839
-3.0936,-9.0121,9.8862
2.9458,8.4556,9.8862
3.2845,-3.2958,10.333
-3.3446,2.8185,9.9722
-2.7902,-3.0066,9.7382
-8.9817,2.5201,9.6302
3.5963,2.9981,9.8182
9.4024,-2.6184,9.7462
-9.0997,9.5395,-8.5175
-3.2399,8.9576,-8.4305
-8.8868,8.8755,-1.9363
-9.0997,9.5395,3.5457
-2.769,9.5529,-2.5233
-3.2399,8.9576,3.6327
-8.8868,8.8755,10.127
-2.769,9.5529,9.5399
3.3507,8.941,-8.0455
8.9546,8.7438,-8.0345
9.3725,2.8727,-1.9673
3.3507,8.941,4.0177
9.6758,8.8781,-2.1153
8.9546,8.7438,4.0287
9.3725,2.8727,10.096
9.6758,8.8781,9.9479
-9.2346,-11.718,-12.798
-3.2185,-11.603,-11.957
-9.2579,-6.0292,-12.522
-3.2418,-11.854,-7.1449
-9.5019,-5.4854,-6.6949
-12.477,-8.9488,-12.178
-12.109,-9.0259,-6.4279
-6.0229,-8.7438,-11.576
-12.43,-2.9702,-12.681
-6.8757,-8.7296,-6.8589
-12.86,-2.8712,-6.1739
-6.9068,-12.019,-9.2159
-13.178,-5.4126,-9.5069
-11.827,-12.474,-9.4059
-9.2346,-11.718,-0.73469
-9.6723,-12.007,-6.0247
-3.2185,-11.603,0.10631
-9.2579,-6.0292,-0.45869
-3.2418,-11.854,4.9183
-9.5019,-5.4854,5.3683
-12.477,-8.9488,-0.11469
-12.109,-9.0259,5.6353
-6.0229,-8.7438,0.48731
-12.43,-2.9702,-0.61769
-6.8757,-8.7296,5.2043
-12.86,-2.8712,5.8893
-5.9161,-10.89,-3.3067
-12.245,-5.9747,-3.4597
-6.9068,-12.019,2.8473
-13.178,-5.4126,2.5563
-13.061,-12.457,-3.3247
-1.479,-11.745,-3.4717
-6.2718,-6.7101,-3.0767
-11.827,-12.474,2.6573
-9.2346,-11.718,11.329
-9.6723,-12.007,6.0385
-3.2185,-11.603,12.17
-9.2579,-6.0292,11.605
-12.477,-8.9488,11.949
-6.0229,-8.7438,12.551
-12.43,-2.9702,11.446
-5.9161,-10.89,8.7565
-12.245,-5.9747,8.6035
-13.061,-12.457,8.7385
-1.479,-11.745,8.5915
-6.2718,-6.7101,8.9865
-13.65,0.42663,-3.678
-13.65,0.42663,8.3852
3.073,-12.534,-12.442
9.1541,-6.4657,-12.047
2.8446,-12.328,-5.8569
8.8861,-6.5852,-5.7949
9.193,-12.149,-11.74
9.0247,-12.56,-6.0439
12.16,-9.2354,-11.762
12.528,-9.3125,-6.0119
6.1631,-9.2998,-11.27
12.207,-3.2569,-12.265
5.8604,-9.5388,-6.3389
11.777,-3.1579,-5.7579
5.6752,-13.053,-8.6829
11.459,-5.6992,-9.0909
12.811,-12.761,-8.9899
0.6342,-12.224,-8.8779
3.073,-12.534,-0.37872
9.1541,-6.4657,0.016279
2.8446,-12.328,6.2063
8.8861,-6.5852,6.2683
9.193,-12.149,0.32328
9.0247,-12.56,6.0193
12.16,-9.2354,0.30128
12.528,-9.3125,6.0513
6.1631,-9.2998,0.79328
12.207,-3.2569,-0.20172
5.8604,-9.5388,5.7243
11.777,-3.1579,6.3053
6.0209,-11.304,-2.6347
12.392,-6.2614,-3.0437
5.6752,-13.053,3.3803
11.459,-5.6992,2.9723
5.8746,-7.3397,-2.8677
11.576,-12.744,-2.9087
12.811,-12.761,3.0733
0.6342,-12.224,3.1853
3.073,-12.534,11.684
9.1541,-6.4657,12.079
9.193,-12.149,12.386
12.16,-9.2354,12.364
6.1631,-9.2998,12.856
12.207,-3.2569,11.861
6.0209,-11.304,9.4285
12.392,-6.2614,9.0195
5.8746,-7.3397,9.1955
11.576,-12.744,9.1545
-2.8044,-6.0542,-12.468
-9.0983,-0.36275,-12.648
3.2315,0.16688,-12.588
-3.0172,5.7056,-12.253
-3.1643,-6.1441,-6.5402
-9.3267,-0.15698,-6.0632
-3.2852,5.5861,-6.0012
3.3778,-6.3222,-12.319
-2.9783,0.022627,-11.946
9.2475,0.28143,-11.747
3.2081,5.8556,-12.312
3.1155,-6.0104,-6.4162
-3.1466,-0.38891,-6.2502
9.2242,0.030406,-6.9352
2.9642,6.3993,-6.4852
0.27506,-9.227,-12.446
-5.9729,-2.8178,-12.968
6.3922,-2.9585,-12.616
-0.011314,2.9359,-11.968
0.23688,-9.0375,-6.4472
6.1695,-2.9875,-6.1962
0.35709,2.8588,-6.2182
0.13506,-3.2294,-12.435
-6.0083,2.8716,-11.476
6.4432,3.141,-11.366
0.036062,8.9145,-12.471
-0.14991,-3.025,-6.3292
-6.3109,2.6326,-6.5452
5.5904,3.1551,-6.6492
-0.39386,9.0135,-5.9642
-0.044548,-5.6505,-9.2572
-6.4962,-0.88176,-8.8892
5.5593,-0.13435,-9.0062
-0.71206,6.4721,-9.2972
6.3336,-5.6462,-9.1032
0.63922,-0.58973,-9.1962
-11.537,-0.052326,-9.0842
-6.1511,-5.1654,-9.1422
-2.8044,-6.0542,-0.405
-9.0983,-0.36275,-0.585
3.2315,0.16688,-0.525
-3.0172,5.7056,-0.19
-3.1643,-6.1441,5.523
-9.3267,-0.15698,6
2.7938,-0.12233,-5.815
-3.2852,5.5861,6.062
3.3778,-6.3222,-0.256
-2.9783,0.022627,0.117
9.2475,0.28143,0.316
3.2081,5.8556,-0.249
3.1155,-6.0104,5.647
-3.1466,-0.38891,5.813
9.2242,0.030406,5.128
2.9642,6.3993,5.578
0.27506,-9.227,-0.383
-5.9729,-2.8178,-0.905
6.3922,-2.9585,-0.553
-0.011314,2.9359,0.095
0.23688,-9.0375,5.616
-6.5379,-3.3022,-5.429
6.1695,-2.9875,5.867
0.35709,2.8588,5.845
0.13506,-3.2294,-0.372
-6.0083,2.8716,0.587
6.4432,3.141,0.697
0.036062,8.9145,-0.408
-0.14991,-3.025,5.734
-6.3109,2.6326,5.518
5.5904,3.1551,5.414
-0.39386,9.0135,6.099
0.57064,-6.1893,-3.135
-6.1504,0.86691,-2.841
6.5499,0.9949,-3.097
0.22062,5.91,-3.25
-0.044548,-5.6505,2.806
-6.4962,-0.88176,3.174
5.5593,-0.13435,3.057
-0.71206,6.4721,2.766
-6.2968,4.8317,-3.074
-0.59538,-0.57276,-3.115
10.987,0.14001,-3.262
6.1943,5.1746,-2.867
6.3336,-5.6462,2.96
0.63922,-0.58973,2.867
-11.537,-0.052326,2.979
-6.1511,-5.1654,2.921
-2.8044,-6.0542,11.658
-9.0983,-0.36275,11.478
3.2315,0.16688,11.538
-3.0172,5.7056,11.873
2.7938,-0.12233,6.2482
3.3778,-6.3222,11.807
-2.9783,0.022627,12.18
9.2475,0.28143,12.379
3.2081,5.8556,11.814
0.27506,-9.227,11.68
-5.9729,-2.8178,11.158
6.3922,-2.9585,11.51
-0.011314,2.9359,12.158
-6.5379,-3.3022,6.6342
0.13506,-3.2294,11.691
-6.0083,2.8716,12.65
6.4432,3.141,12.76
0.036062,8.9145,11.655
0.57064,-6.1893,8.9282
-6.1504,0.86691,9.2222
6.5499,0.9949,8.9662
0.22062,5.91,8.8132
-6.2968,4.8317,8.9892
-0.59538,-0.57276,8.9482
10.987,0.14001,8.8012
6.1943,5.1746,9.1962
-8.9399,12.338,-12.794
-8.7935,5.8491,-12.525
-2.9238,12.453,-11.953
-9.0558,6.1609,-6.6225
-2.9471,12.202,-7.1415
-11.896,2.9443,-12.652
-5.7791,9.2128,-12.822
-11.934,3.1338,-6.6535
-6.0018,9.1838,-6.4025
-12.036,8.942,-12.641
-12.321,9.1464,-6.5355
-12.216,6.5209,-9.4635
-6.6121,12.037,-9.2125
-5.8378,6.5251,-9.3095
-11.532,11.582,-9.4025
-8.9399,12.338,-0.73128
-9.3776,12.049,-6.0213
-8.7935,5.8491,-0.46228
-2.9238,12.453,0.10972
-9.0558,6.1609,5.4407
-2.9471,12.202,4.9217
-11.896,2.9443,-0.58928
-5.7791,9.2128,-0.75928
-11.934,3.1338,5.4097
-6.0018,9.1838,5.6607
-12.036,8.942,-0.57828
-12.321,9.1464,5.5277
-11.601,5.982,-3.3413
-5.6214,13.166,-3.3033
-12.216,6.5209,2.5997
-6.6121,12.037,2.8507
-12.767,11.599,-3.3213
-1.1843,12.311,-3.4683
-5.8378,6.5251,2.7537
-11.532,11.582,2.6607
-8.9399,12.338,11.332
-9.3776,12.049,6.0419
-8.7935,5.8491,11.601
-2.9238,12.453,12.173
-11.896,2.9443,11.474
-5.7791,9.2128,11.304
-12.036,8.942,11.485
-11.601,5.982,8.7219
-5.6214,13.166,8.7599
-12.767,11.599,8.7419
-1.1843,12.311,8.5949
13.1,-0.33895,-8.6682
13.1,-0.33895,3.395
9.6617,5.8305,-12.259
3.3677,11.522,-12.439
9.3017,5.7407,-6.3305
3.1393,11.728,-5.8535
9.4877,11.907,-11.737
9.3194,11.496,-6.0405
12.741,2.6577,-12.237
6.4931,9.0669,-12.759
12.703,2.8472,-6.2375
12.601,8.6554,-12.226
12.316,8.8597,-6.1195
12.421,6.2342,-9.0475
5.9699,11.003,-8.6795
13.105,11.295,-8.9865
0.92889,11.832,-8.8745
6.3149,6.7193,-8.9325
9.6617,5.8305,-0.19531
3.3677,11.522,-0.37531
9.3017,5.7407,5.7327
3.1393,11.728,6.2097
9.4877,11.907,0.32669
9.3194,11.496,6.0227
12.741,2.6577,-0.17331
6.4931,9.0669,-0.69531
12.703,2.8472,5.8257
5.9281,8.5825,-5.2193
12.601,8.6554,-0.16231
12.316,8.8597,5.9437
13.037,5.6954,-2.9253
6.3156,12.752,-2.6313
12.421,6.2342,3.0157
5.9699,11.003,3.3837
11.871,11.312,-2.9053
13.105,11.295,3.0767
0.92889,11.832,3.1887
6.3149,6.7193,3.1307
9.6617,5.8305,11.868
3.3677,11.522,11.688
9.4877,11.907,12.39
12.741,2.6577,11.89
6.4931,9.0669,11.368
5.9281,8.5825,6.8439
12.601,8.6554,11.901
13.037,5.6954,9.1379
6.3156,12.752,9.4319
11.871,11.312,9.1579
0,0,0
-0.06364,5.9722,-0.025
0.033234,-0.20435,-5.9852
0.033234,-0.20435,6.078
-6.1561,-0.025456,-0.062
6.1858,0.26022,-0.165
0.056569,-6.2155,0.049
-0.00070711,5.823,5.871
-6.2862,5.6922,-0.135
-0.00070711,5.823,-6.1922
-6.1101,-0.43346,5.904
6.0882,0.10324,-5.9452
0.1294,-6.1243,-5.9092
-6.0677,-6.0691,-0.129
6.0882,0.10324,6.118
6.3984,5.8156,0.080689
0.1294,-6.1243,6.154
-6.1101,-0.43346,-6.1592
5.8852,-6.4791,0.071279
-6.4514,-5.7838,5.4813
6.0147,6.1009,5.691
-6.2812,5.5473,-5.9652
-6.2812,5.5473,6.098
5.8901,-6.6241,-5.7589
6.0147,6.1009,-6.3722
5.8901,-6.6241,6.3043
-6.4514,-5.7838,-6.5819
-0.29391,-11.709,-0.094689
0,0,-12.063
0,0,12.063
12.172,0.17536,0.115
0.00078277,12.347,-0.091279
-12.465,0.46199,-0.30097
-0.29533,-11.854,5.7703
-6.2803,-11.625,-0.37469
6.1858,0.26022,11.898
-0.29533,-11.854,-6.2929
6.31,11.859,0.14769
-0.06364,5.9722,12.038
-0.06364,5.9722,-12.088
-6.1561,-0.025456,12.001
-0.00063145,12.202,5.7737
-12.115,5.9559,-0.15728
0.056569,-6.2155,-12.014
12.171,0.031113,5.98
-6.1561,-0.025456,-12.125
6.0153,-12.197,0.14428
12.108,-6.1991,0.18128
12.171,0.031113,-6.0832
0.056569,-6.2155,12.112
-12.467,0.31774,5.564
6.1858,0.26022,-12.228
-0.00063145,12.202,-6.2895
12.523,5.6693,0.25869
-5.9856,12.432,-0.37128
-12.53,-5.9125,-0.23469
-12.467,0.31774,-6.4992
6.3559,11.451,-5.9495
6.3559,11.451,6.1137
-6.2862,5.6922,11.928
-6.3779,-11.781,5.9083
-6.0677,-6.0691,11.934
-12.042,6.0471,5.9477
-6.3779,-11.781,-6.1549
6.3984,5.8156,-11.983
-12.042,6.0471,-6.1155
5.8852,-6.4791,-11.992
-6.2862,5.6922,-12.198
6.3984,5.8156,12.144
-6.0677,-6.0691,-12.192
-6.0832,12.275,5.9117
5.8852,-6.4791,12.134
-12.467,-6.0617,5.6613
12.171,-6.3483,-5.9859
12.595,5.7605,-5.6995
12.171,-6.3483,6.0773
-6.0832,12.275,-6.1515
6.0612,-12.605,-5.9529
12.595,5.7605,6.3637
6.0612,-12.605,6.1103
-12.467,-6.0617,-6.4019
-0.29391,-11.709,11.969
-0.29391,-11.709,-12.158
12.172,0.17536,-11.948
-12.465,0.46199,11.762
0.00078277,12.347,11.972
12.171,-12.171,0.20628
-12.171,12.171,-0.20628
12.172,0.17536,12.178
-12.466,-11.885,-0.20969
12.466,11.885,0.20969
0.00078277,12.347,-12.154
-12.465,0.46199,-12.364
-6.2803,-11.625,11.689
6.31,11.859,-11.916
-12.115,5.9559,11.906
-12.138,11.967,5.8717
12.499,11.68,-5.7755
12.108,-6.1991,-11.882
6.0153,-12.197,-11.919
-5.9856,12.432,11.692
12.523,5.6693,-11.805
-12.138,11.967,-6.1915
-6.2803,-11.625,-12.438
6.31,11.859,12.211
-12.115,5.9559,-12.22
-12.53,-5.9125,11.829
12.499,11.68,6.2877
6.0153,-12.197,12.207
12.108,-6.1991,12.244
-12.433,-12.089,5.8683
12.205,-12.376,-5.7789
-12.433,-12.089,-6.1949
12.523,5.6693,12.322
12.205,-12.376,6.2843
-12.53,-5.9125,-12.298
-5.9856,12.432,-12.434
12.171,-12.171,-11.857
-12.171,12.171,11.857
-12.466,-11.885,11.854
12.466,11.885,-11.854
12.171,-12.171,12.269
-12.171,12.171,-12.269
-12.466,-11.885,-12.273
12.466,11.885,12.273
