-10.35,-8.9757,-9.6317
1.9794,-8.8251,-9.6347
-4.2452,-2.8748,-9.6347
-10.188,-8.9644,-3.6007
2.1286,-8.8215,-3.6007
-4.1073,-2.8826,-3.6017
-4.1795,-8.9,-9.6357
-4.0303,-8.8894,-3.5997
-10.35,-8.9757,2.4315
1.9794,-8.8251,2.4285
-4.2452,-2.8748,2.4285
-10.188,-8.9644,8.4625
2.1286,-8.8215,8.4625
-4.1073,-2.8826,8.4615
-4.1795,-8.9,2.4275
-4.0303,-8.8894,8.4635
-10.192,3.3463,-9.841
-10.043,3.3498,-3.807
-10.115,-2.6663,-9.842
-9.9798,-2.6712,-3.809
-10.192,3.3463,2.2222
-10.043,3.3498,8.2562
-10.115,-2.6663,2.2212
-9.9798,-2.6712,8.2542
8.363,-3.0201,-9.424
2.1157,2.909,-9.422
8.2208,9.01,-9.425
8.4994,-3.025,-3.392
2.2783,2.9204,-3.391
8.3587,9.0022,-3.392
8.4223,-9.0474,-9.422
2.2041,-3.0992,-9.419
8.2866,2.9847,-9.426
8.5871,-9.0326,-3.385
2.337,-3.1021,-3.388
8.4358,2.9953,-3.39
8.363,-3.0201,2.6392
2.1157,2.909,2.6412
8.2208,9.01,2.6382
8.4994,-3.025,8.6712
2.2783,2.9204,8.6722
8.3587,9.0022,8.6712
8.4223,-9.0474,2.6412
2.2041,-3.0992,2.6442
8.2866,2.9847,2.6372
8.5871,-9.0326,8.6782
2.337,-3.1021,8.6752
8.4358,2.9953,8.6732
-3.8084,9.1513,-9.6303
-3.6719,9.1464,-3.5983
-3.749,3.1239,-9.6283
-9.9673,9.0721,-9.6253
2.3512,9.2185,-9.6323
-3.5842,3.1388,-3.5913
-9.8344,9.0693,-3.5943
2.4863,9.2135,-3.5993
-3.8084,9.1513,2.4329
-3.6719,9.1464,8.4649
-3.749,3.1239,2.4349
-9.9673,9.0721,2.4379
2.3512,9.2185,2.4309
-3.5842,3.1388,8.4719
-9.8344,9.0693,8.4689
2.4863,9.2135,8.4639
-9.5068,-8.8732,-8.3947
-9.3527,-8.8703,-2.3577
-3.3422,-8.801,-8.3957
-9.5712,-2.8592,-8.3927
-3.1987,-8.7904,-2.3557
-9.4326,-2.8578,-2.3627
-9.5068,-8.8732,3.6685
-9.3527,-8.8703,9.7055
-3.3422,-8.801,3.6675
-9.5712,-2.8592,3.6705
-3.1987,-8.7904,9.7075
-9.4326,-2.8578,9.7005
8.9738,-9.234,-7.9797
9.1202,-9.2263,-1.9287
8.9738,-9.234,4.0835
9.1202,-9.2263,10.134
3.1056,-9.0184,-8.183
-3.1219,-3.071,-8.181
9.1938,-2.9246,-8.178
2.9592,3.0116,-8.185
3.2562,-9.0149,-2.15
-2.9783,-3.0731,-2.152
9.3416,-2.9267,-2.155
3.1134,3.0144,-2.148
3.0384,-3.0045,-8.175
-3.1975,2.9373,-8.186
9.1238,3.0837,-8.186
2.8949,9.0255,-8.183
3.1742,-3.0003,-2.148
-3.0512,2.9451,-2.135
9.2673,3.0943,-2.146
3.0335,9.0269,-2.153
3.1056,-9.0184,3.8802
-3.1219,-3.071,3.8822
9.1938,-2.9246,3.8852
2.9592,3.0116,3.8782
3.2562,-9.0149,9.9132
-2.9783,-3.0731,9.9112
9.3416,-2.9267,9.9082
3.1134,3.0144,9.9152
3.0384,-3.0045,3.8882
-3.1975,2.9373,3.8772
9.1238,3.0837,3.8772
2.8949,9.0255,3.8802
3.1742,-3.0003,9.9152
-3.0512,2.9451,9.9282
9.2673,3.0943,9.9172
3.0335,9.0269,9.9102
-9.0657,3.1529,-8.3893
-2.9776,9.2468,-8.3843
-8.9151,3.1564,-2.3563
-2.8298,9.2446,-2.3613
-9.1329,9.1669,-8.3813
-8.9972,9.1711,-2.3543
-9.0657,3.1529,3.6739
-2.9776,9.2468,3.6789
-8.9151,3.1564,9.7069
-2.8298,9.2446,9.7019
-9.1329,9.1669,3.6819
-8.9972,9.1711,9.7089
9.3442,8.8138,-7.9713
9.4877,8.8116,-1.9423
9.3442,8.8138,4.0919
9.4877,8.8116,10.121
-3.3062,-11.733,-12.585
-9.5379,-5.7958,-12.58
-9.4679,-11.807,-12.577
2.8513,-11.661,-12.577
-3.379,-5.7195,-12.574
-6.3934,-8.8286,-12.607
-12.555,-8.9036,-12.616
-0.23805,-8.7558,-12.607
-6.4733,-2.8175,-12.599
-3.4547,-11.735,-6.5447
-9.685,-5.7958,-6.5457
-3.3062,-11.733,-0.52169
-9.5379,-5.7958,-0.51669
-9.6136,-11.813,-6.5477
2.7042,-11.666,-6.5467
-3.5261,-5.7223,-6.5557
-9.4679,-11.807,-0.51369
2.8513,-11.661,-0.51369
-3.379,-5.7195,-0.51069
-6.544,-8.8307,-6.5657
-6.3934,-8.8286,-0.54369
-12.706,-8.9078,-6.5587
-0.38513,-8.76,-6.5627
-6.6126,-2.8154,-6.5767
-12.555,-8.9036,-0.55269
-0.23805,-8.7558,-0.54369
-6.4733,-2.8175,-0.53569
-13.455,-12.185,-9.5407
-1.141,-12.042,-9.5427
-7.372,-6.1147,-9.5417
-13.305,-12.205,-3.5087
-0.98546,-12.062,-3.5107
-7.2207,-6.1048,-3.5127
-7.2992,-12.117,-9.5467
5.0214,-11.967,-9.5417
-1.2068,-6.0405,-9.5427
-7.155,-12.126,-3.5127
5.1671,-11.977,-3.5097
-1.0661,-6.0271,-3.5117
-3.4547,-11.735,5.5185
-9.685,-5.7958,5.5175
-3.3062,-11.733,11.542
-9.5379,-5.7958,11.547
-9.6136,-11.813,5.5155
2.7042,-11.666,5.5165
-3.5261,-5.7223,5.5075
-9.4679,-11.807,11.55
2.8513,-11.661,11.55
-3.379,-5.7195,11.553
-6.544,-8.8307,5.4975
-6.3934,-8.8286,11.52
-12.706,-8.9078,5.5045
-0.38513,-8.76,5.5005
-6.6126,-2.8154,5.4865
-12.555,-8.9036,11.511
-0.23805,-8.7558,11.52
-6.4733,-2.8175,11.528
-13.455,-12.185,2.5225
-1.141,-12.042,2.5205
-7.372,-6.1147,2.5215
-13.305,-12.205,8.5545
-0.98546,-12.062,8.5525
-7.2207,-6.1048,8.5505
-7.2992,-12.117,2.5165
5.0214,-11.967,2.5215
-1.2068,-6.0405,2.5205
-7.155,-12.126,8.5505
5.1671,-11.977,8.5535
-1.0661,-6.0271,8.5515
-9.3201,0.51007,-12.783
-12.338,-2.6012,-12.796
-12.409,3.4156,-12.813
-9.4671,0.50583,-6.753
-9.3201,0.51007,-0.71997
-12.483,-2.6019,-6.786
-12.338,-2.6012,-0.73297
-12.556,3.4113,-6.769
-12.409,3.4156,-0.74997
-13.312,0.12965,-9.749
-13.157,0.10985,-3.717
-13.237,-5.9013,-9.75
-7.1499,0.20389,-9.748
-13.378,6.1309,-9.749
-13.095,-5.8744,-3.72
-7.0043,0.19399,-3.716
-13.237,6.1443,-3.718
-9.4671,0.50583,5.3102
-9.3201,0.51007,11.343
-12.483,-2.6019,5.2772
-12.338,-2.6012,11.33
-12.556,3.4113,5.2942
-12.409,3.4156,11.313
-13.312,0.12965,2.3142
-13.157,0.10985,8.3462
-13.237,-5.9013,2.3132
-7.1499,0.20389,2.3152
-13.378,6.1309,2.3142
-13.095,-5.8744,8.3432
-7.0043,0.19399,8.3472
-13.237,6.1443,8.3452
9.0106,-12.167,-12.167
12.082,-9.1902,-12.2
8.8642,-12.169,-6.1307
9.0106,-12.167,-0.10372
11.931,-9.1944,-6.1427
12.082,-9.1902,-0.13672
11.182,-12.472,-9.1247
11.332,-12.492,-3.0927
8.8642,-12.169,5.9325
9.0106,-12.167,11.959
11.931,-9.1944,5.9205
12.082,-9.1902,11.926
11.182,-12.472,2.9385
11.332,-12.492,8.9705
3.071,-5.9404,-12.369
-3.1608,0.0042426,-12.373
9.1599,0.15132,-12.375
2.9281,6.0889,-12.37
9.2299,-5.8626,-12.365
2.9981,0.077782,-12.367
9.087,6.1653,-12.364
6.2133,-8.9739,-12.391
-0.019799,-3.0335,-12.384
12.299,-2.8878,-12.38
6.0726,3.0561,-12.397
6.1391,-2.9585,-12.388
-0.089095,2.9812,-12.406
12.228,3.1289,-12.397
5.9927,9.0672,-12.389
2.9232,-5.9411,-6.333
-3.3071,0.0021213,-6.337
9.0114,0.14991,-6.335
2.7811,6.0889,-6.336
3.071,-5.9404,-0.306
-3.1608,0.0042426,-0.31
9.1599,0.15132,-0.312
2.9281,6.0889,-0.307
9.0807,-5.8647,-6.343
2.8525,0.072125,-6.338
8.94,6.1624,-6.346
9.2299,-5.8626,-0.302
2.9981,0.077782,-0.304
9.087,6.1653,-0.301
6.0641,-8.9746,-6.36
-0.16405,-3.0363,-6.368
12.154,-2.8885,-6.37
5.922,3.054,-6.356
6.2133,-8.9739,-0.328
-0.019799,-3.0335,-0.321
12.299,-2.8878,-0.317
6.0726,3.0561,-0.334
5.9984,-2.9592,-6.366
-0.24042,2.9769,-6.349
12.081,3.1247,-6.353
5.8534,9.0694,-6.367
6.1391,-2.9585,-0.325
-0.089095,2.9812,-0.343
12.228,3.1289,-0.334
5.9927,9.0672,-0.326
5.239,-6.2529,-9.332
-0.98924,-0.30052,-9.331
11.325,-0.15698,-9.333
5.094,5.77,-9.332
5.391,-6.2508,-3.301
-0.83934,-0.32032,-3.299
11.481,-0.17678,-3.301
5.2453,5.7799,-3.303
11.401,-6.1879,-9.334
5.1668,-0.23264,-9.337
11.259,5.8442,-9.333
11.542,-6.161,-3.304
5.3111,-0.24112,-3.303
11.4,5.8577,-3.302
2.9232,-5.9411,5.7302
-3.3071,0.0021213,5.7262
9.0114,0.14991,5.7282
2.7811,6.0889,5.7272
3.071,-5.9404,11.757
-3.1608,0.0042426,11.753
9.1599,0.15132,11.751
2.9281,6.0889,11.756
9.0807,-5.8647,5.7202
2.8525,0.072125,5.7252
8.94,6.1624,5.7172
9.2299,-5.8626,11.761
2.9981,0.077782,11.759
9.087,6.1653,11.762
6.0641,-8.9746,5.7032
-0.16405,-3.0363,5.6952
12.154,-2.8885,5.6932
5.922,3.054,5.7072
6.2133,-8.9739,11.735
-0.019799,-3.0335,11.742
12.299,-2.8878,11.746
6.0726,3.0561,11.729
5.9984,-2.9592,5.6972
-0.24042,2.9769,5.7142
12.081,3.1247,5.7102
5.8534,9.0694,5.6962
6.1391,-2.9585,11.738
-0.089095,2.9812,11.72
12.228,3.1289,11.729
5.9927,9.0672,11.737
5.239,-6.2529,2.7312
-0.98924,-0.30052,2.7322
11.325,-0.15698,2.7302
5.094,5.77,2.7312
5.391,-6.2508,8.7622
-0.83934,-0.32032,8.7642
11.481,-0.17678,8.7622
5.2453,5.7799,8.7602
11.401,-6.1879,2.7292
5.1668,-0.23264,2.7262
11.259,5.8442,2.7302
11.542,-6.161,8.7592
5.3111,-0.24112,8.7602
11.4,5.8577,8.7612
-9.1004,6.2309,-12.575
-3.0115,12.323,-12.581
-2.9415,6.3087,-12.571
-9.1732,12.249,-12.573
3.146,12.395,-12.573
-5.958,3.1975,-12.597
-12.191,9.1379,-12.59
0.12806,9.2835,-12.586
-6.0323,9.2128,-12.594
-9.2482,6.2302,-6.5393
-3.16,12.321,-6.5413
-9.1004,6.2309,-0.51228
-3.0115,12.323,-0.51828
-3.0907,6.3066,-6.5493
-9.3189,12.243,-6.5443
2.9989,12.391,-6.5433
-2.9415,6.3087,-0.50828
-9.1732,12.249,-0.51028
3.146,12.395,-0.51028
-6.1072,3.1968,-6.5663
-12.335,9.135,-6.5743
-0.016895,9.2828,-6.5763
-5.958,3.1975,-0.53428
-12.191,9.1379,-0.52728
0.12806,9.2835,-0.52328
-6.173,9.2121,-6.5723
-6.0323,9.2128,-0.53128
-6.9324,5.9184,-9.5383
-13.161,11.871,-9.5373
-0.84633,12.014,-9.5393
-6.7804,5.9205,-3.5073
-13.011,11.851,-3.5053
-0.69077,11.995,-3.5073
-0.77067,5.9835,-9.5403
-7.0045,11.939,-9.5433
5.3161,12.089,-9.5383
-0.62925,6.0103,-3.5103
-6.8603,11.93,-3.5093
5.4618,12.079,-3.5063
-9.2482,6.2302,5.5239
-3.16,12.321,5.5219
-9.1004,6.2309,11.551
-3.0115,12.323,11.545
-3.0907,6.3066,5.5139
-9.3189,12.243,5.5189
2.9989,12.391,5.5199
-2.9415,6.3087,11.555
-9.1732,12.249,11.553
3.146,12.395,11.553
-6.1072,3.1968,5.4969
-12.335,9.135,5.4889
-0.016895,9.2828,5.4869
-5.958,3.1975,11.529
-12.191,9.1379,11.536
0.12806,9.2835,11.54
-6.173,9.2121,5.4909
-6.0323,9.2128,11.532
-6.9324,5.9184,2.5249
-13.161,11.871,2.5259
-0.84633,12.014,2.5239
-6.7804,5.9205,8.5559
-13.011,11.851,8.5579
-0.69077,11.995,8.5559
-0.77067,5.9835,2.5229
-7.0045,11.939,2.5199
5.3161,12.089,2.5249
-0.62925,6.0103,8.5529
-6.8603,11.93,8.5539
5.4618,12.079,8.5569
9.3053,11.889,-12.164
12.446,8.8512,-12.175
9.1589,11.887,-6.1273
9.3053,11.889,-0.10031
12.302,8.8484,-6.1583
12.446,8.8512,-0.11131
11.477,11.584,-9.1213
11.627,11.564,-3.0893
9.1589,11.887,5.9359
9.3053,11.889,11.963
12.302,8.8484,5.9049
12.446,8.8512,11.952
11.477,11.584,2.9419
11.627,11.564,8.9739
0,0,0
-0.072832,6.0125,0.002
0.070711,-6.0161,0.003
-0.14779,-0.0021213,-6.029
-0.14779,-0.0021213,6.0342
6.1582,0.07566,0
-6.161,-0.072832,0.001
6.0097,0.074246,-6.029
6.0097,0.074246,6.0342
-0.07566,-6.0154,-6.031
-0.21779,6.0118,6.0312
-0.21779,6.0118,-6.032
-0.07566,-6.0154,6.0322
6.2268,-5.9383,0.002
6.0839,6.0896,0.003
-5.9446,6.2331,-0.20428
-6.3821,-5.7951,-0.20669
-6.3095,-0.074246,-6.029
-6.3095,-0.074246,6.0342
6.0825,-5.9411,-6.031
6.0825,-5.9411,6.0322
5.9404,6.0875,-6.031
5.9404,6.0875,6.0322
-6.0888,6.2302,5.8259
-6.5256,-5.7972,5.8225
-6.0888,6.2302,-6.2373
-6.5256,-5.7972,-6.2407
-0.14683,-11.738,-0.20769
0,0,-12.063
0,0,12.063
12.319,0.14708,0.002
0.14786,12.318,-0.20428
-12.318,0.4337,-0.41397
-0.29533,-11.74,5.8245
-0.29533,-11.74,-6.2387
-6.3079,-11.809,-0.20969
6.305,11.812,0.21069
-0.072832,6.0125,-12.061
0.070711,-6.0161,-12.06
-0.072832,6.0125,12.065
0.070711,-6.0161,12.066
6.1582,0.07566,-12.063
6.1582,0.07566,12.063
-6.161,-0.072832,-12.062
-6.161,-0.072832,12.064
12.099,-6.1588,0.20828
-12.101,6.1553,-0.20328
12.171,0.14425,-6.029
12.171,0.14425,6.0342
-0.00063145,12.316,5.8279
6.0103,-12.244,0.20728
-6.0132,12.247,-0.20628
-12.467,0.43087,5.6182
-0.00063145,12.316,-6.2353
12.537,5.8687,0.21269
-12.539,-5.8722,-0.20769
-12.467,0.43087,-6.445
6.1565,11.81,-5.8193
11.954,-6.1595,-5.8257
-5.9446,6.2331,11.859
-6.3821,-5.7951,11.857
-6.4563,-11.81,5.8245
6.1565,11.81,6.2439
5.8618,-12.246,-5.8227
6.2268,-5.9383,-12.061
6.0839,6.0896,-12.06
6.2268,-5.9383,12.065
6.0839,6.0896,12.066
11.954,-6.1595,6.2375
-6.4563,-11.81,-6.2387
-12.247,6.156,5.8259
12.39,5.8694,-5.8213
-6.1617,12.246,5.8279
5.8618,-12.246,6.2405
-5.9446,6.2331,-12.267
-6.3821,-5.7951,-12.27
-12.247,6.156,-6.2373
-6.1617,12.246,-6.2353
12.39,5.8694,6.2419
-12.684,-5.8729,5.8215
-12.684,-5.8729,-6.2417
-0.14683,-11.738,11.856
-12.318,0.4337,11.649
-0.14683,-11.738,-12.271
0.14786,12.318,11.859
12.171,-12.171,0.20628
-12.171,12.171,-0.20628
-12.466,-11.885,-0.20969
12.466,11.885,0.20969
12.319,0.14708,-12.061
12.319,0.14708,12.065
0.14786,12.318,-12.267
-12.318,0.4337,-12.477
-6.3079,-11.809,11.854
6.305,11.812,-11.853
12.099,-6.1588,-11.855
-12.101,6.1553,11.86
6.0103,-12.244,-11.856
12.024,-12.173,-5.8227
-6.0132,12.247,11.857
12.318,11.883,-5.8193
-6.3079,-11.809,-12.273
6.305,11.812,12.274
12.024,-12.173,6.2405
12.318,11.883,6.2439
12.537,5.8687,-11.851
-12.539,-5.8722,11.856
-12.319,12.169,5.8279
-12.614,-11.887,5.8245
-12.101,6.1553,-12.266
12.099,-6.1588,12.271
6.0103,-12.244,12.27
-6.0132,12.247,-12.269
-12.319,12.169,-6.2353
-12.614,-11.887,-6.2387
-12.539,-5.8722,-12.271
12.537,5.8687,12.276
12.171,-12.171,-11.857
-12.171,12.171,11.857
-12.466,-11.885,11.854
12.466,11.885,-11.854
12.171,-12.171,12.269
-12.171,12.171,-12.269
-12.466,-11.885,-12.273
12.466,11.885,12.273
