-8.6855,-8.7976,-8.8984
-9.8798,-6.9853,-3.2188
-8.6855,-8.7976,2.6112
-4.1141,-7.78,-2.7128
-10.084,-2.37,-3.2848
-9.8798,-6.9853,8.2909
-4.1141,-7.78,8.7969
-10.084,-2.37,8.2249
8.7149,-8.7771,-8.505
3.2892,-8.8443,-2.9194
8.9143,-2.5715,-2.8214
8.6675,-8.6859,-3.4444
8.7149,-8.7771,3.0046
3.2892,-8.8443,8.5903
8.9143,-2.5715,8.6883
8.6675,-8.6859,8.0653
3.66,-7.4826,-9.0027
-3.4118,-3.6338,-8.2067
9.2497,-2.1447,-7.9827
3.3383,2.5039,-8.6707
3.9266,-2.8178,-8.6927
-2.9401,2.8779,-8.7297
-2.1411,-8.6819,-8.1207
-8.3594,-2.284,-8.6017
-8.3658,2.8107,-3.144
-3.2633,-2.9423,-2.182
-2.7407,9.0835,-3.046
2.1439,4.3162,-2.991
3.66,-7.4826,2.507
-3.4118,-3.6338,3.303
9.2497,-2.1447,3.527
3.3383,2.5039,2.839
2.4013,-2.4211,-3.393
-2.9875,2.9691,-3.669
7.9097,3.5214,-2.485
1.9396,8.9315,-3.057
3.9266,-2.8178,2.817
-2.9401,2.8779,2.78
-2.1411,-8.6819,3.389
-8.3594,-2.284,2.908
-8.3658,2.8107,8.3657
-3.2633,-2.9423,9.3277
-2.7407,9.0835,8.4637
2.1439,4.3162,8.5187
2.4013,-2.4211,8.1167
-2.9875,2.9691,7.8407
7.9097,3.5214,9.0247
1.9396,8.9315,8.4527
-7.995,4.1724,-9.2273
-2.4054,9.5104,-8.2073
-7.7285,8.8372,-8.9173
-7.995,4.1724,2.2824
-2.4054,9.5104,3.3024
-9.2537,9.2339,-3.6176
-7.7285,8.8372,2.5924
-9.2537,9.2339,7.892
8.612,7.6676,-7.9789
9.8826,2.6196,-7.8929
3.6643,9.0175,-8.3739
8.7605,8.3592,-1.9542
8.612,7.6676,3.5308
9.8826,2.6196,3.6168
3.6643,9.0175,3.1358
8.7605,8.3592,9.5554
-3.1616,-8.304,-9.7024
-10.181,-2.0765,-9.0224
-9.7419,-8.0707,-8.1494
-3.1616,-8.304,1.8072
-10.181,-2.0765,2.4872
-9.097,-7.9915,-2.4118
-9.7419,-8.0707,3.3602
-9.097,-7.9915,9.0979
9.0317,-8.6809,-9.966
3.4547,-9.1285,-8.009
9.0161,-3.7057,-8.621
7.2943,-9.1158,-2.9414
9.0317,-8.6809,1.5436
3.4547,-9.1285,3.5006
9.0161,-3.7057,2.8886
7.2943,-9.1158,8.5683
8.8622,2.9974,-9.4747
1.8427,9.2249,-8.7947
2.8553,-1.7607,-8.6787
-2.6234,2.9741,-10.191
-3.2817,-2.4063,-9.0457
-8.2003,2.5265,-8.2337
2.2818,3.2308,-7.9217
-2.6389,7.9493,-8.8457
-2.6304,-8.0511,-3.445
-8.5977,-2.9677,-4.015
3.684,-2.5145,-2.626
-4.3607,2.5392,-3.166
8.8622,2.9974,2.035
1.8427,9.2249,2.715
2.8553,-1.7607,2.831
-2.6234,2.9741,1.319
-2.7775,-3.1127,-3.606
2.2896,-8.5093,-2.527
2.9267,3.31,-2.184
7.9507,-2.844,-3.135
-3.2817,-2.4063,2.464
-8.2003,2.5265,3.276
2.2818,3.2308,3.588
-2.6389,7.9493,2.664
-2.6304,-8.0511,8.0647
-8.5977,-2.9677,7.4947
3.684,-2.5145,8.8837
-4.3607,2.5392,8.3437
-2.7775,-3.1127,7.9037
2.2896,-8.5093,8.9827
2.9267,3.31,9.3257
7.9507,-2.844,8.3747
-8.7997,9.8943,-8.9033
-7.971,9.1405,-2.8506
-8.7997,9.8943,2.6064
-9.3654,3.1457,-2.7516
-3.7043,8.811,-3.3596
-7.971,9.1405,8.659
-9.3654,3.1457,8.758
-3.7043,8.811,8.15
8.7421,8.8951,-8.8179
9.3933,3.2503,-3.2172
3.426,8.3337,-3.7872
9.2462,8.1887,-3.3782
8.7421,8.8951,2.6918
9.3933,3.2503,8.2924
3.426,8.3337,7.7224
9.2462,8.1887,8.1314
-8.6098,-11.654,-12.052
-8.9351,-11.381,-6.2064
-2.8342,-10.968,-11.64
-9.2434,-5.9133,-11.243
-9.3311,-5.4791,-6.0564
-12.199,-8.0077,-12.316
-6.5069,-8.2991,-12.122
-12.133,-2.3516,-11.699
-11.853,-2.2646,-6.3314
-5.8663,-11.584,-9.3264
-12.378,-5.8701,-8.5884
-11.723,-10.551,-9.2784
-5.6145,-6.3545,-8.8064
-8.6098,-11.654,-0.54275
-8.9351,-11.381,5.3032
-2.8342,-10.968,-0.13075
-9.2434,-5.9133,0.26625
-3.2698,-10.582,-5.5278
-9.3311,-5.4791,5.4532
-12.199,-8.0077,-0.80675
-11.896,-8.2764,-5.2628
-6.5069,-8.2991,-0.61275
-12.133,-2.3516,-0.18975
-6.7997,-8.0685,-4.8808
-11.853,-2.2646,5.1782
-5.9186,-11.577,-3.5008
-12.997,-5.1284,-3.0888
-5.8663,-11.584,2.1832
-12.378,-5.8701,2.9212
-12.928,-11.916,-3.6678
-11.723,-10.551,2.2312
-5.6145,-6.3545,2.7032
-8.6098,-11.654,10.967
-2.8342,-10.968,11.379
-9.2434,-5.9133,11.776
-3.2698,-10.582,5.9819
-12.199,-8.0077,10.703
-11.896,-8.2764,6.2469
-6.5069,-8.2991,10.897
-12.133,-2.3516,11.32
-6.7997,-8.0685,6.6289
-5.9186,-11.577,8.0089
-12.997,-5.1284,8.4209
-12.928,-11.916,7.8419
2.9633,-11.014,-11.344
8.601,-5.6354,-11.44
3.0297,-11.641,-5.743
8.7212,-5.3526,-5.69
8.956,-11.653,-11.212
8.833,-12.214,-6.006
11.48,-8.3613,-11.864
6.1332,-8.9291,-11.064
11.545,-2.7052,-11.247
5.8334,-8.7707,-5.517
11.826,-2.6182,-5.879
5.7019,-11.616,-8.294
11.301,-6.2237,-8.136
6.2513,-5.5541,-8.654
11.956,-10.905,-8.826
0.7776,-11.041,-8.284
2.9633,-11.014,0.16562
8.601,-5.6354,0.069623
3.0297,-11.641,5.7666
8.7212,-5.3526,5.8196
8.956,-11.653,0.29762
8.833,-12.214,5.5036
11.48,-8.3613,-0.35438
11.782,-8.63,-4.8104
6.1332,-8.9291,0.44562
11.545,-2.7052,0.26262
5.8334,-8.7707,5.9926
11.826,-2.6182,5.6306
6.1184,-12.021,-2.6424
10.682,-5.482,-2.6364
5.7019,-11.616,3.2156
11.301,-6.2237,3.3736
5.8553,-6.2853,-2.8464
10.751,-12.269,-3.2154
-0.085073,-11.651,-2.5224
6.2513,-5.5541,2.8556
11.956,-10.905,2.6836
0.7776,-11.041,3.2256
2.9633,-11.014,11.675
8.601,-5.6354,11.579
8.956,-11.653,11.807
11.48,-8.3613,11.155
11.782,-8.63,6.6993
6.1332,-8.9291,11.955
11.545,-2.7052,11.772
6.1184,-12.021,8.8673
10.682,-5.482,8.8733
5.8553,-6.2853,8.6633
10.751,-12.269,8.2943
-0.085073,-11.651,8.9873
-2.9175,-5.258,-10.861
-8.6918,0.64064,-11.569
3.4139,-0.35214,-11.825
-3.054,6.0196,-11.665
-8.6253,0.014142,-5.9677
3.0886,-0.079196,-5.9787
-2.9338,6.3024,-5.9147
3.0413,-5.8697,-12.245
-2.699,0.0021213,-11.437
9.1896,0.33375,-11.413
2.7803,5.3882,-11.016
-2.8221,-0.55932,-6.2307
2.6927,5.8223,-5.8287
-0.1888,-8.2781,-11.812
-6.0139,-3.0455,-11.031
6.1532,-2.9359,-11.944
-0.17536,3.2937,-12.089
-5.5798,-2.9409,-5.6847
-0.29557,-2.6121,-10.868
-5.5218,2.7259,-11.289
5.5168,3.0024,-11.895
-0.1096,8.9499,-11.472
-0.13011,-2.9175,-6.9597
-5.8216,2.8843,-5.7417
0.17112,9.0368,-6.1037
0.647,-6.3237,-8.6937
-5.9531,0.038891,-8.5187
6.1575,-0.28284,-9.0987
-0.35426,5.4313,-8.3607
-5.4037,6.1009,-8.8787
0.30052,0.75024,-9.0507
-10.877,0.61448,-8.5087
6.4092,4.9469,-8.5787
-2.9175,-5.258,0.649
-8.6918,0.64064,-0.059
3.4139,-0.35214,-0.315
-3.054,6.0196,-0.155
-3.2753,-5.9185,-5.477
-8.6253,0.014142,5.542
3.0886,-0.079196,5.531
-2.9338,6.3024,5.595
3.0413,-5.8697,-0.735
-2.699,0.0021213,0.073
9.1896,0.33375,0.097
2.7803,5.3882,0.494
2.6828,-5.647,-5.147
-2.8221,-0.55932,5.279
8.754,0.71983,-5.3
2.6927,5.8223,5.681
-0.1888,-8.2781,-0.302
-6.0139,-3.0455,0.479
6.1532,-2.9359,-0.434
-0.17536,3.2937,-0.579
0.1195,-8.445,-5.04
-5.5798,-2.9409,5.825
5.5755,-2.8928,-5.484
0.12728,3.025,-5.035
-0.29557,-2.6121,0.642
-5.5218,2.7259,0.221
5.5168,3.0024,-0.385
-0.1096,8.9499,0.038
-0.13011,-2.9175,4.55
-5.8216,2.8843,5.768
5.2241,3.2329,-4.653
0.17112,9.0368,5.406
-0.30476,-5.9786,-2.667
-5.5366,-0.36628,-2.867
6.1052,-0.27577,-3.273
-0.97298,6.173,-2.861
0.647,-6.3237,2.816
-5.9531,0.038891,2.991
6.1575,-0.28284,2.411
-0.35426,5.4313,3.149
-5.7997,5.3698,-3.071
-0.90439,-0.61448,-3.44
-11.74,0.0035355,-2.747
-6.3781,-4.9087,-2.71
-5.4037,6.1009,2.631
0.30052,0.75024,2.459
-10.877,0.61448,3.001
6.4092,4.9469,2.931
-2.9175,-5.258,12.159
-8.6918,0.64064,11.451
3.4139,-0.35214,11.195
-3.054,6.0196,11.355
-3.2753,-5.9185,6.0327
3.0413,-5.8697,10.775
-2.699,0.0021213,11.583
9.1896,0.33375,11.607
2.7803,5.3882,12.004
2.6828,-5.647,6.3627
8.754,0.71983,6.2097
-0.1888,-8.2781,11.208
-6.0139,-3.0455,11.989
6.1532,-2.9359,11.076
-0.17536,3.2937,10.931
0.1195,-8.445,6.4697
5.5755,-2.8928,6.0257
0.12728,3.025,6.4747
-0.29557,-2.6121,12.152
-5.5218,2.7259,11.731
5.5168,3.0024,11.125
-0.1096,8.9499,11.548
5.2241,3.2329,6.8567
-0.30476,-5.9786,8.8427
-5.5366,-0.36628,8.6427
6.1052,-0.27577,8.2367
-0.97298,6.173,8.6487
-5.7997,5.3698,8.4387
-0.90439,-0.61448,8.0697
-11.74,0.0035355,8.7627
-6.3781,-4.9087,8.7997
-8.2411,11.303,-12.049
-8.5664,11.576,-6.2033
-8.6138,5.7853,-12.469
-2.4655,11.989,-11.637
-11.844,3.3769,-12.036
-5.5018,8.7191,-12.168
-11.951,9.043,-11.092
-11.785,8.7375,-7.1843
-11.008,5.3314,-8.9183
-5.4975,11.372,-9.3233
-11.355,12.405,-9.2753
-8.2411,11.303,-0.53962
-8.5664,11.576,5.3064
-8.6138,5.7853,-0.95962
-2.4655,11.989,-0.12762
-8.9723,6.0081,-5.3716
-2.901,12.375,-5.5246
-11.844,3.3769,-0.52662
-5.5018,8.7191,-0.65862
-11.536,3.21,-5.2646
-6.0795,8.7622,-5.7086
-11.951,9.043,0.41738
-11.785,8.7375,4.3254
-11.96,5.6764,-2.8916
-5.5499,11.379,-3.4976
-11.008,5.3314,2.5914
-5.4975,11.372,2.1864
-12.559,11.041,-3.6646
-11.355,12.405,2.2344
-8.2411,11.303,10.97
-8.6138,5.7853,10.55
-2.4655,11.989,11.382
-8.9723,6.0081,6.138
-2.901,12.375,5.985
-11.844,3.3769,10.983
-5.5018,8.7191,10.851
-11.536,3.21,6.245
-6.0795,8.7622,5.801
-11.951,9.043,11.927
-11.96,5.6764,8.618
-5.5499,11.379,8.012
-12.559,11.041,7.845
12.801,0.26089,-8.0563
11.939,-0.35005,-2.2946
12.801,0.26089,3.4534
11.939,-0.35005,9.215
9.1062,6.0434,-10.633
3.332,11.942,-11.341
3.3985,11.316,-5.7399
9.3247,11.304,-11.209
9.2017,10.742,-6.0029
11.835,3.0233,-11.584
6.0098,8.2559,-10.803
6.444,8.3606,-5.4569
11.728,8.6894,-10.64
11.894,8.3839,-6.7319
12.671,4.9778,-8.4659
6.0706,11.34,-8.2909
12.324,12.052,-8.8229
1.1463,11.916,-8.2809
9.1062,6.0434,0.87675
3.332,11.942,0.16875
8.7484,5.3829,-5.2492
3.3985,11.316,5.7698
9.3247,11.304,0.30075
9.2017,10.742,5.5068
11.835,3.0233,-0.074248
6.0098,8.2559,0.70675
12.143,2.8565,-4.8122
6.444,8.3606,6.0528
11.728,8.6894,0.86975
11.894,8.3839,4.7778
11.719,5.3228,-2.4392
6.4871,10.935,-2.6392
12.671,4.9778,3.0438
6.0706,11.34,3.2188
11.119,10.687,-3.2122
0.28367,11.305,-2.5192
5.6457,6.3927,-2.4822
12.324,12.052,2.6868
1.1463,11.916,3.2288
9.1062,6.0434,12.386
3.332,11.942,11.678
8.7484,5.3829,6.2604
9.3247,11.304,11.81
11.835,3.0233,11.435
6.0098,8.2559,12.216
12.143,2.8565,6.6974
11.728,8.6894,12.379
11.719,5.3228,9.0704
6.4871,10.935,8.8704
11.119,10.687,8.2974
0.28367,11.305,8.9904
5.6457,6.3927,9.0274
0,0,0
-0.30547,-5.6342,0.074
0.11102,0.091217,5.689
0.11102,0.091217,-5.8207
-5.8817,-0.11455,-0.166
-0.14566,5.9227,0.21
6.1334,0.32951,-0.196
0.52962,-5.7056,5.287
-5.4567,-0.03182,5.697
-5.4567,-0.03182,-5.8127
-0.53882,5.7502,-5.518
5.7665,5.7905,0.195
-5.9072,5.6639,-0.208
5.7479,-5.9911,0.016623
-0.53882,5.7502,5.9917
-6.2573,-5.5109,-0.032752
6.1858,0.76933,-5.6997
0.52962,-5.7056,-6.2227
6.1858,0.76933,5.81
5.7134,-5.4377,5.337
-6.1618,-5.2698,5.6652
-6.1618,-5.2698,-5.8444
-5.9416,6.2174,5.1124
5.7134,-5.4377,-6.1727
5.8619,6.0316,-5.6167
5.8619,6.0316,5.893
-5.9416,6.2174,-6.3973
0.28991,-11.218,0.164
-11.365,0.43748,-0.060623
0,0,-11.51
0,0,11.51
0.65865,11.739,0.16713
12.314,0.08389,0.39175
0.35355,-11.069,-5.6067
-5.8903,-10.972,-0.42375
0.35355,-11.069,5.903
-11.301,0.58597,5.6784
-11.301,0.58597,-5.8313
-0.30547,-5.6342,-11.436
-0.14566,5.9227,-11.3
6.142,11.187,0.061752
-5.8817,-0.11455,11.344
11.509,-5.7323,0.43462
6.1334,0.32951,11.314
-0.30547,-5.6342,11.584
11.718,5.6672,0.30175
-5.8817,-0.11455,-11.676
5.7733,-11.77,0.058623
-0.14566,5.9227,11.72
0.72229,11.887,-5.6035
-5.5216,11.985,-0.42062
6.1334,0.32951,-11.706
-5.838,-10.532,5.5822
0.72229,11.887,5.9061
-12.169,-5.3787,-0.017752
-11.96,6.0208,-0.15062
-5.838,-10.532,-5.9274
12.377,0.23238,-5.3789
-11.125,5.9494,5.0624
11.116,-5.9048,-5.2934
12.377,0.23238,6.1308
-5.9072,5.6639,11.302
5.7665,5.7905,-11.315
11.116,-5.9048,6.2163
-11.125,5.9494,-6.4473
5.7479,-5.9911,-11.493
-6.2573,-5.5109,11.477
6.567,11.27,-5.5849
5.7479,-5.9911,11.526
-6.2573,-5.5109,-11.542
5.7665,5.7905,11.705
-5.9072,5.6639,-11.718
6.567,11.27,5.9248
6.1983,-11.687,-5.588
6.1983,-11.687,5.9216
-5.4693,12.424,5.5854
12.553,5.5958,5.5148
-5.4693,12.424,-5.9243
-12.563,-5.5512,-5.7458
-12.563,-5.5512,5.7639
12.553,5.5958,-5.9949
0.28991,-11.218,-11.346
-11.365,0.43748,11.449
0.28991,-11.218,11.674
-11.365,0.43748,-11.57
0.65865,11.739,-11.343
11.655,-11.655,0.22462
-11.655,11.655,-0.22462
-12.024,-11.301,-0.22775
12.024,11.301,0.22775
0.65865,11.739,11.677
12.314,0.08389,-11.118
-5.8903,-10.972,11.086
11.509,-5.7323,-11.075
12.314,0.08389,11.901
6.142,11.187,-11.448
11.718,5.6672,-11.208
6.142,11.187,11.571
-5.5216,11.985,11.089
-11.913,-11.21,5.4612
-5.8903,-10.972,-11.933
-11.544,11.746,5.4644
5.7733,-11.77,-11.451
11.766,-11.564,-5.596
-11.913,-11.21,-6.0484
5.7733,-11.77,11.568
11.766,-11.564,5.9136
-11.544,11.746,-6.0453
11.509,-5.7323,11.944
12.135,11.393,-5.5929
-11.96,6.0208,11.359
11.718,5.6672,11.811
-12.169,-5.3787,11.492
-12.169,-5.3787,-11.527
12.135,11.393,5.9168
-11.96,6.0208,-11.66
-5.5216,11.985,-11.93
11.655,-11.655,-11.285
-11.655,11.655,11.285
-12.024,-11.301,11.282
12.024,11.301,-11.282
11.655,-11.655,11.734
-11.655,11.655,-11.734
-12.024,-11.301,-11.737
12.024,11.301,11.737
