-8.3677,-9.5414,-9.8349
-8.5169,-8.5026,-3.4417
-8.3677,-9.5414,2.2283
-8.5169,-8.5026,8.6215
9.3931,-9.4992,-8.8629
9.4228,-8.4795,-2.3977
9.3931,-9.4992,3.2003
3.1077,-9.903,-3.3657
9.4228,-8.4795,9.6655
3.1077,-9.903,8.6975
2.4685,-2.3653,-8.8912
-2.7782,2.6722,-9.0692
-2.6891,-7.9825,-8.9862
-9.0552,-2.8115,-8.5602
2.7372,-8.3672,-9.5652
-3.083,-3.527,-9.1332
8.5376,-3.6826,-9.0522
4.0984,2.3434,-9.6252
2.8907,-3.4776,-2.086
-2.7485,3.6918,-2.604
-3.0335,-8.679,-2.669
-8.959,-2.489,-3.276
2.4685,-2.3653,3.172
-2.7782,2.6722,2.994
-2.6891,-7.9825,3.077
-9.0552,-2.8115,3.503
-9.0637,2.2684,-3.572
-3.4061,-3.235,-3.126
9.1196,-2.5845,-2.054
3.9492,3.3821,-3.232
2.7372,-8.3672,2.498
-3.083,-3.527,2.93
8.5376,-3.6826,3.011
4.0984,2.3434,2.438
2.8907,-3.4776,9.9772
-2.7485,3.6918,9.4592
-3.0335,-8.679,9.3942
-8.959,-2.489,8.7872
-9.0637,2.2684,8.4912
-3.4061,-3.235,8.9372
9.1196,-2.5845,10.009
3.9492,3.3821,8.8312
-9.7028,9.8061,-9.0975
-9.4341,3.8042,-9.7715
-3.6337,8.4887,-9.2585
-9.2807,8.6938,-2.2923
-9.7028,9.8061,2.9657
-3.0518,9.5869,-2.2603
-9.4341,3.8042,2.2917
-3.6337,8.4887,2.8047
-9.2807,8.6938,9.7709
-3.0518,9.5869,9.8029
9.7769,3.9022,-8.7765
3.4108,9.0733,-8.3505
9.3831,8.3577,-8.9235
9.4326,3.2057,-2.4593
3.507,9.3957,-3.0663
9.7769,3.9022,3.2867
3.4108,9.0733,3.7127
9.0599,8.6497,-2.9163
9.3831,8.3577,3.1397
9.4326,3.2057,9.6039
3.507,9.3957,8.9969
9.0599,8.6497,9.1469
-3.1952,-9.1843,-9.1319
-8.9708,-3.13,-10.092
-8.8237,-8.1519,-10.222
-2.3983,-9.5527,-2.7377
-3.1952,-9.1843,2.9313
-8.9708,-3.13,1.9713
-9.8144,-9.069,-2.9897
-8.8237,-8.1519,1.8413
-2.3983,-9.5527,9.3255
-9.8144,-9.069,9.0735
10.698,-9.1485,-8.2659
8.2328,-9.2835,-2.8897
10.698,-9.1485,3.7973
3.8275,-9.4575,-2.1057
8.7426,-4.0064,-2.8577
8.2328,-9.2835,9.1735
3.8275,-9.4575,9.9575
8.7426,-4.0064,9.2055
9.2709,2.7004,-8.9222
3.4952,8.7547,-9.8822
3.2442,-2.8638,-10.075
-1.4729,3.0229,-8.4722
-1.7466,-2.9232,-8.8792
2.9918,-8.9909,-8.2302
3.6423,3.7328,-10.012
8.7985,-2.2267,-8.9942
10.068,2.332,-2.528
-7.6092,-3.0215,-2.831
2.7733,-2.3094,-3.048
-3.9386,2.8878,-3.096
9.2709,2.7004,3.141
3.4952,8.7547,2.181
3.2442,-2.8638,1.988
-1.4729,3.0229,3.591
-3.0731,-1.8201,-2.725
-8.3439,2.7139,-2.312
2.6517,2.8157,-2.78
-3.4288,8.165,-3.064
-1.7466,-2.9232,3.184
2.9918,-8.9909,3.833
3.6423,3.7328,2.051
8.7985,-2.2267,3.069
10.068,2.332,9.5352
-7.6092,-3.0215,9.2322
2.7733,-2.3094,9.0152
-3.9386,2.8878,8.9672
-3.0731,-1.8201,9.3382
-8.3439,2.7139,9.7512
2.6517,2.8157,9.2832
-3.4288,8.165,8.9992
-8.9271,9.3076,-10.281
-9.1796,3.1805,-8.4365
-3.3728,9.9447,-9.2005
-9.3981,9.8619,-3.2543
-8.9271,9.3076,1.7817
-9.1796,3.1805,3.6267
-3.3728,9.9447,2.8627
-9.3981,9.8619,8.8089
10.719,8.9615,-8.6695
4.8569,8.8633,-2.6213
9.393,10.065,-2.5153
10.719,8.9615,3.3937
4.8569,8.8633,9.4419
9.393,10.065,9.5479
-9.2593,-11.566,-13.142
-8.9022,-11.46,-6.0289
-3.2956,-11.697,-11.666
-9.3555,-6.0815,-12.721
-2.5673,-11.47,-6.4889
-11.716,-8.8491,-11.91
-5.4254,-8.6483,-11.972
-12.362,-3.065,-11.708
-5.431,-8.9538,-6.5779
-12.708,-2.7305,-7.4029
-6.788,-12.629,-9.3749
-11.567,-6.1451,-9.2429
-12.024,-11.241,-9.0179
-6.6211,-5.5915,-9.4319
-9.2593,-11.566,-1.0787
-8.9022,-11.46,6.0343
-3.2956,-11.697,0.39731
-9.3555,-6.0815,-0.65769
-2.5673,-11.47,5.5743
-9.2607,-5.3249,-5.5767
-11.716,-8.8491,0.15331
-12.091,-8.6158,-5.9287
-5.4254,-8.6483,0.091311
-12.362,-3.065,0.35531
-5.431,-8.9538,5.4853
-12.708,-2.7305,4.6603
-5.4883,-11.169,-3.1187
-12.708,-4.0938,-3.5447
-6.788,-12.629,2.6883
-11.567,-6.1451,2.8203
-12.917,-11.612,-2.9517
-0.32856,-11.956,-3.1737
-12.024,-11.241,3.0453
-6.6211,-5.5915,2.6313
-9.2593,-11.566,10.985
-3.2956,-11.697,12.461
-9.3555,-6.0815,11.406
-9.2607,-5.3249,6.4865
-11.716,-8.8491,12.217
-12.091,-8.6158,6.1345
-5.4254,-8.6483,12.155
-12.362,-3.065,12.419
-5.4883,-11.169,8.9445
-12.708,-4.0938,8.5185
-12.917,-11.612,9.1115
-0.32856,-11.956,8.8895
-12.5,0.21521,-3.38
-12.5,0.21521,8.6832
3.1105,-12.395,-11.779
9.362,-6.1871,-11.523
3.4499,-12.087,-6.3939
9.4151,-6.0549,-6.0869
9.4009,-11.726,-11.744
9.4935,-12.527,-5.9119
12.922,-9.1357,-11.494
6.4374,-9.041,-12.154
12.275,-3.3516,-11.292
6.6545,-9.2171,-6.1339
11.93,-3.0171,-6.9869
7.392,-12.642,-8.9729
13.07,-6.4318,-8.8269
12.613,-11.527,-8.6019
3.1105,-12.395,0.28428
9.362,-6.1871,0.54028
3.4499,-12.087,5.6693
9.4151,-6.0549,5.9763
9.4009,-11.726,0.31928
9.4935,-12.527,6.1513
12.922,-9.1357,0.56928
12.547,-8.9024,-5.5127
6.4374,-9.041,-0.090721
12.275,-3.3516,0.77128
6.6545,-9.2171,5.9293
11.93,-3.0171,5.0763
6.4438,-12.229,-2.9377
11.93,-4.3805,-3.1287
7.392,-12.642,3.0903
13.07,-6.4318,3.2363
6.284,-6.5697,-2.8807
11.72,-11.898,-2.5357
12.613,-11.527,3.4613
3.1105,-12.395,12.347
9.362,-6.1871,12.603
9.4009,-11.726,12.382
12.922,-9.1357,12.632
12.547,-8.9024,6.5505
6.4374,-9.041,11.972
12.275,-3.3516,12.834
6.4438,-12.229,9.1255
11.93,-4.3805,8.9345
6.284,-6.5697,9.1825
11.72,-11.898,9.5275
-2.8051,-5.7311,-12.059
-9.0609,-0.22345,-11.985
3.2067,0.31891,-12.932
-2.8093,5.9842,-11.729
-2.8539,-6.1801,-5.8752
-8.7215,0.084853,-6.6002
3.5638,0.42426,-5.8192
-2.7563,6.1165,-6.2932
3.1629,-6.5216,-12.703
-2.7704,0.44548,-11.95
9.1705,0.18738,-11.456
3.1106,5.8032,-12.511
-2.6778,-0.35567,-6.1182
9.8988,0.41507,-6.2792
0.08556,-9.3359,-12.196
-5.9779,-2.9642,-12.005
6.2119,-3.1572,-12.322
0.75024,3.0356,-11.7
-0.28709,-3.1424,-12.136
-5.7339,3.1304,-12.36
7.0407,3.2364,-11.762
0.10394,8.8197,-11.498
-5.5168,2.9543,-6.3402
7.035,2.931,-6.3682
-0.24183,9.1542,-7.1932
0.17466,-5.362,-9.3632
-4.7793,-0.47023,-9.1792
5.6781,-0.74388,-9.1652
0.89873,5.7396,-9.0332
5.1081,-5.4886,-8.8632
0.44194,0.64417,-8.8082
0.30123,-11.162,-8.8462
5.8449,6.2933,-9.2222
-2.8051,-5.7311,0.004
-9.0609,-0.22345,0.078
3.2067,0.31891,-0.869
-2.8093,5.9842,0.334
-2.8539,-6.1801,6.188
-8.7215,0.084853,5.463
3.5638,0.42426,6.244
-2.7563,6.1165,5.77
3.1629,-6.5216,-0.64
-2.7704,0.44548,0.113
9.1705,0.18738,0.607
3.1106,5.8032,-0.448
3.1,-5.852,-5.221
-2.6778,-0.35567,5.945
9.8988,0.41507,5.784
3.2053,6.5598,-5.367
0.08556,-9.3359,-0.133
-5.9779,-2.9642,0.058
6.2119,-3.1572,-0.259
0.75024,3.0356,0.363
-0.018385,-8.6465,-5.621
-6.0917,-3.0809,-5.739
6.8533,-2.8129,-5.686
0.37547,3.269,-5.719
-0.28709,-3.1424,-0.073
-5.7339,3.1304,-0.297
7.0407,3.2364,0.301
0.10394,8.8197,0.565
0.60953,-2.6177,-5.332
-5.5168,2.9543,5.723
7.035,2.931,5.695
-0.24183,9.1542,4.87
-0.58973,-6.1476,-3.228
-5.7276,-0.057983,-3.144
6.9777,0.71559,-2.909
-0.24183,7.7909,-3.335
0.17466,-5.362,2.7
-4.7793,-0.47023,2.884
5.6781,-0.74388,2.898
0.89873,5.7396,3.03
-5.8874,5.6017,-3.087
-0.45113,0.27294,-2.742
12.137,-0.071418,-2.964
-5.2001,-6.5747,-3.273
5.1081,-5.4886,3.2
0.44194,0.64417,3.255
0.30123,-11.162,3.217
5.8449,6.2933,2.841
-2.8051,-5.7311,12.067
-9.0609,-0.22345,12.141
3.2067,0.31891,11.194
-2.8093,5.9842,12.397
3.1629,-6.5216,11.423
-2.7704,0.44548,12.176
9.1705,0.18738,12.67
3.1106,5.8032,11.615
3.1,-5.852,6.8422
3.2053,6.5598,6.6962
0.08556,-9.3359,11.93
-5.9779,-2.9642,12.121
6.2119,-3.1572,11.804
0.75024,3.0356,12.426
-0.018385,-8.6465,6.4422
-6.0917,-3.0809,6.3242
6.8533,-2.8129,6.3772
0.37547,3.269,6.3442
-0.28709,-3.1424,11.99
-5.7339,3.1304,11.766
7.0407,3.2364,12.364
0.10394,8.8197,12.628
0.60953,-2.6177,6.7312
-0.58973,-6.1476,8.8352
-5.7276,-0.057983,8.9192
6.9777,0.71559,9.1542
-0.24183,7.7909,8.7282
-5.8874,5.6017,8.9762
-0.45113,0.27294,9.3212
12.137,-0.071418,9.0992
-5.2001,-6.5747,8.7902
-8.9646,12.49,-13.138
-8.6075,12.596,-6.0255
-9.0085,5.6497,-12.909
-3.0009,12.359,-11.662
-2.2726,12.586,-6.4855
-12.086,2.8354,-12.402
-5.9594,9.0141,-12.528
-12.458,9.029,-12.342
-11.997,6.8094,-9.5695
-6.4933,11.427,-9.3715
-7.0632,6.6828,-9.0695
-11.729,12.816,-9.0145
-11.87,1.009,-9.0525
-8.9646,12.49,-1.0753
-8.6075,12.596,6.0377
-9.0085,5.6497,-0.84628
-3.0009,12.359,0.40072
-9.0714,6.3193,-5.4273
-2.2726,12.586,5.5777
-12.086,2.8354,-0.33928
-5.9594,9.0141,-0.46528
-12.19,3.5249,-5.8273
-5.3181,9.3585,-5.8923
-12.458,9.029,-0.27928
-11.562,9.5536,-5.5383
-12.761,6.0238,-3.4343
-5.1936,12.887,-3.1153
-11.997,6.8094,2.4937
-6.4933,11.427,2.6917
-12.622,12.444,-2.9483
-0.033865,12.1,-3.1703
-7.0632,6.6828,2.9937
-11.729,12.816,3.0487
-11.87,1.009,3.0107
-8.9646,12.49,10.988
-9.0085,5.6497,11.217
-3.0009,12.359,12.464
-9.0714,6.3193,6.6359
-12.086,2.8354,11.724
-5.9594,9.0141,11.598
-12.19,3.5249,6.2359
-5.3181,9.3585,6.1709
-12.458,9.029,11.784
-11.562,9.5536,6.5249
-12.761,6.0238,8.6289
-5.1936,12.887,8.9479
-12.622,12.444,9.1149
-0.033865,12.1,8.8929
9.661,6.1536,-11.85
3.4052,11.661,-11.776
9.6122,5.7046,-5.6655
3.7446,11.97,-6.3905
9.6956,12.33,-11.741
9.7882,11.529,-5.9085
12.552,2.5488,-11.987
6.4882,8.9205,-11.796
12.179,8.7423,-11.927
12.641,6.5227,-9.1535
7.6867,11.415,-8.9695
12.908,12.529,-8.5985
12.767,0.72234,-8.6365
9.661,6.1536,0.21369
3.4052,11.661,0.28769
9.6122,5.7046,6.3977
3.7446,11.97,5.6727
9.6956,12.33,0.32269
9.7882,11.529,6.1547
12.552,2.5488,0.076689
6.4882,8.9205,0.26769
12.448,3.2382,-5.4113
6.3743,8.8039,-5.5293
12.179,8.7423,0.13669
13.076,9.267,-5.1223
11.876,5.7371,-3.0183
6.7385,11.827,-2.9343
12.641,6.5227,2.9097
7.6867,11.415,3.0937
12.015,12.158,-2.5323
7.266,5.3101,-3.0633
12.908,12.529,3.4647
12.767,0.72234,3.4267
9.661,6.1536,12.277
3.4052,11.661,12.351
9.6956,12.33,12.386
12.552,2.5488,12.14
6.4882,8.9205,12.331
12.448,3.2382,6.6519
6.3743,8.8039,6.5339
12.179,8.7423,12.2
13.076,9.267,6.9409
11.876,5.7371,9.0449
6.7385,11.827,9.1289
12.015,12.158,9.5309
7.266,5.3101,8.9999
0.59592,12.894,-8.8428
0.59592,12.894,3.2204
0,0,0
0.41861,0.23052,-5.688
-6.0938,0.2885,0.273
-0.062933,6.154,-0.521
-0.019799,-6.1886,-0.46
6.2996,0.15203,-0.146
0.41861,0.23052,6.3752
-5.5854,-0.060104,5.733
-5.5267,-6.1108,-0.493
0.507,-5.8584,5.831
5.8089,-5.8951,0.471
-5.5854,-0.060104,-6.3302
0.507,-5.8584,-6.2322
6.4778,-0.043134,5.969
0.49427,6.4962,-5.9942
6.4778,-0.043134,-6.0942
0.49427,6.4962,6.069
-6.3625,6.2762,0.26472
6.9393,5.7739,-0.28331
-6.0929,-5.7774,5.5353
-5.6653,6.2225,6.0297
-5.6653,6.2225,-6.0335
6.3732,6.1073,5.745
6.5061,-5.9489,-5.8272
-6.0929,-5.7774,-6.5279
6.5061,-5.9489,6.236
6.3732,6.1073,-6.3182
-0.23451,-11.947,-0.34169
0,0,-12.063
0,0,12.063
0.06018,12.109,-0.33828
12.232,-0.062225,-0.132
-12.406,0.2244,-0.54797
-0.062933,6.154,11.542
0.24254,11.692,-6.0042
-0.019799,-6.1886,11.603
0.24254,11.692,6.059
-6.1664,-11.733,-0.35569
-6.0938,0.2885,-11.79
6.0775,-11.883,0.47928
6.2996,0.15203,11.917
12.108,-6.0174,-0.31472
-12.224,-0.19272,5.8493
-12.191,5.9828,-0.66628
-5.8717,12.323,-0.35228
12.446,5.6961,-0.25031
12.414,-0.47934,-5.7979
-12.224,-0.19272,-6.2139
6.2996,0.15203,-12.209
-0.052156,-12.364,-6.0076
6.3722,12.173,0.48269
-6.0938,0.2885,12.336
-0.052156,-12.364,6.0556
-12.529,-5.7308,-0.73069
12.414,-0.47934,6.2653
-0.019799,-6.1886,-12.523
-0.062933,6.154,-12.584
-5.5267,-6.1108,11.57
5.8089,-5.8951,-11.592
-11.972,-5.3885,5.8593
-11.664,6.313,5.6247
-11.972,-5.3885,-6.2039
-5.9882,-11.928,5.7593
-5.6935,12.128,5.7627
-11.664,6.313,-6.4385
-5.9882,-11.928,-6.3039
-6.3625,6.2762,-11.798
-5.6935,12.128,-6.3005
6.9393,5.7739,11.78
6.8806,11.825,5.9427
6.8806,11.825,-6.1205
-5.5267,-6.1108,-12.556
5.8089,-5.8951,12.534
12.666,-5.6752,-5.7879
6.5859,-12.231,5.9393
6.5859,-12.231,-6.1239
-6.3625,6.2762,12.328
12.666,-5.6752,6.2753
6.9393,5.7739,-12.347
12.973,6.0263,-6.0225
12.973,6.0263,6.0407
-0.23451,-11.947,11.722
0.06018,12.109,11.725
-12.406,0.2244,11.515
12.232,-0.062225,11.931
12.171,-12.171,0.20628
-12.171,12.171,-0.20628
-0.23451,-11.947,-12.405
12.466,11.885,0.20969
-12.466,-11.885,-0.20969
12.232,-0.062225,-12.195
0.06018,12.109,-12.401
6.0775,-11.883,-11.584
-6.1664,-11.733,11.708
-12.406,0.2244,-12.611
-12.191,5.9828,11.397
-12.047,-11.654,-5.8977
-12.529,-5.7308,11.333
-12.047,-11.654,6.1655
12.108,-6.0174,11.748
6.3722,12.173,-11.581
-5.8717,12.323,11.711
-11.753,12.402,-5.8943
12.446,5.6961,11.813
-6.1664,-11.733,-12.419
-11.753,12.402,6.1689
12.59,-11.941,-5.4817
6.0775,-11.883,12.542
12.108,-6.0174,-12.378
12.446,5.6961,-12.314
-5.8717,12.323,-12.415
12.885,12.115,-5.4783
12.59,-11.941,6.5815
6.3722,12.173,12.546
-12.191,5.9828,-12.729
-12.529,-5.7308,-12.794
12.885,12.115,6.5849
12.171,-12.171,-11.857
-12.171,12.171,11.857
12.466,11.885,-11.854
-12.466,-11.885,11.854
12.171,-12.171,12.269
-12.171,12.171,-12.269
12.466,11.885,12.273
-12.466,-11.885,-12.273
