-9.4662,-8.8301,-9.2108
-9.4442,-8.5847,-3.0068
-4.0858,-7.9554,-9.1788
-9.667,-2.4534,-3.1648
-9.4662,-8.8301,2.2989
-9.4442,-8.5847,8.5029
-4.0858,-7.9554,2.3309
-9.667,-2.4534,8.3449
2.1409,-9.6801,-3.1234
8.6498,-8.8506,-8.5514
8.1923,-9.1271,-3.2714
2.1409,-9.6801,8.3863
8.6498,-8.8506,2.9583
8.1923,-9.1271,8.2383
2.6757,-8.7172,-9.098
-3.5511,-3.4846,-8.956
7.8849,-3.4896,-8.711
2.5576,2.4713,-8.983
-9.5141,1.9749,-3.348
-2.0188,-3.1021,-2.984
8.6932,-2.9472,-3.153
2.5795,2.7167,-2.779
2.8461,-3.3114,-8.564
-3.0052,2.8044,-8.776
7.938,3.346,-8.951
-8.9626,-2.9013,-8.994
2.4713,-3.0243,-3.069
-3.4627,2.5279,-3.496
-3.3361,-8.2039,-3.132
2.3568,8.848,-2.937
2.6757,-8.7172,2.4117
-3.5511,-3.4846,2.5537
7.8849,-3.4896,2.7987
2.5576,2.4713,2.5267
-9.5141,1.9749,8.1617
-2.0188,-3.1021,8.5257
8.6932,-2.9472,8.3567
2.5795,2.7167,8.7307
2.8461,-3.3114,2.9457
-3.0052,2.8044,2.7337
7.938,3.346,2.5587
-8.9626,-2.9013,2.5157
2.4713,-3.0243,8.4407
-3.4627,2.5279,8.0137
-3.3361,-8.2039,8.3777
2.3568,8.848,8.5727
-8.9793,2.9378,-9.3226
-3.7701,8.1654,-8.9356
-2.9619,8.7078,-3.3776
-8.8089,8.3436,-8.7886
-9.1837,8.6307,-3.2936
-8.9793,2.9378,2.187
-3.7701,8.1654,2.574
-2.9619,8.7078,8.132
-8.8089,8.3436,2.721
-9.1837,8.6307,8.216
8.4727,7.8168,-8.7282
10.005,8.1994,-2.7562
3.0612,8.4002,-8.7662
8.6876,3.0976,-2.9042
8.4727,7.8168,2.7814
10.005,8.1994,8.7534
3.0612,8.4002,2.7434
8.6876,3.0976,8.6054
-9.5411,-3.1138,-7.8668
-9.2151,-8.1718,-7.9008
-8.1976,-7.8048,-3.2448
-9.5411,-3.1138,3.6429
-9.2151,-8.1718,3.6089
-8.1976,-7.8048,8.2649
7.8586,-8.6123,-7.3044
9.2989,-9.0911,-2.2644
2.9449,-9.3767,-7.5564
8.7163,-2.9915,-8.5114
8.6774,-3.6386,-1.5034
7.8586,-8.6123,4.2053
9.2989,-9.0911,9.2453
2.9449,-9.3767,3.9533
8.7163,-2.9915,2.9983
8.6774,-3.6386,10.006
-2.3278,-8.3127,-8.41
2.4827,8.1876,-7.639
2.6474,-2.0351,-9.339
-3.7965,3.0427,-7.529
-2.3589,-9.0298,-2.386
-8.3382,-2.909,-1.811
3.8141,-2.5413,-2.608
-2.3561,2.564,-2.489
-2.88,-3.1148,-7.686
-8.7101,2.2783,-7.781
2.8086,3.1297,-7.673
-2.9387,8.6635,-8.736
-3.0455,-2.7754,-1.952
3.1063,-8.2399,-2.504
3.8262,3.4966,-3.017
-2.9776,8.0165,-1.728
-2.3278,-8.3127,3.0997
2.4827,8.1876,3.8707
2.6474,-2.0351,2.1707
-3.7965,3.0427,3.9807
-2.3589,-9.0298,9.1237
-8.3382,-2.909,9.6987
3.8141,-2.5413,8.9017
-2.3561,2.564,9.0207
-2.88,-3.1148,3.8237
-8.7101,2.2783,3.7287
2.8086,3.1297,3.8367
-2.9387,8.6635,2.7737
-3.0455,-2.7754,9.5577
3.1063,-8.2399,9.0057
3.8262,3.4966,8.4927
-2.9776,8.0165,9.7817
-9.0076,9.62,-9.5636
-7.8409,9.1137,-2.8326
-8.5487,3.4151,-2.7286
-9.0076,9.62,1.946
-7.8409,9.1137,8.677
-8.5487,3.4151,8.781
9.696,2.9887,-8.1822
9.6649,2.2717,-2.1582
3.6856,8.3924,-1.5832
9.1437,8.1866,-7.4582
8.9783,8.526,-1.7242
9.696,2.9887,3.3274
9.6649,2.2717,9.3514
3.6856,8.3924,9.9264
9.1437,8.1866,4.0514
8.9783,8.526,9.7854
-9.1062,-11.548,-12.024
-3.2853,-10.849,-11.936
-9.0023,-5.4671,-11.977
-6.3125,-8.4582,-12.053
-12.201,-2.715,-11.797
-9.3184,-11.166,-6.4408
-9.1062,-11.548,-0.51475
-3.6247,-11.613,-6.5068
-9.3042,-5.7308,-5.7358
-3.2853,-10.849,-0.42675
-9.0023,-5.4671,-0.46775
-12.245,-8.3181,-6.4978
-12.36,-8.2524,-11.389
-6.543,-8.5006,-5.8008
-12.316,-2.7447,-6.0128
-6.3125,-8.4582,-0.54375
-12.201,-2.715,-0.28775
-6.7431,-11.963,-9.0638
-12.607,-4.8463,-8.7948
-6.3789,-11.261,-3.2328
-12.899,-5.8808,-3.1738
-12.732,-12.172,-9.1418
-0.85571,-10.938,-8.9548
-7.1044,-5.6453,-8.6668
-12.381,-11.155,-3.2268
-1.3076,-11.312,-3.0338
-9.3184,-11.166,5.0689
-9.1062,-11.548,10.995
-3.6247,-11.613,5.0029
-9.3042,-5.7308,5.7739
-3.2853,-10.849,11.083
-9.0023,-5.4671,11.042
-12.245,-8.3181,5.0119
-12.36,-8.2524,0.1209
-6.543,-8.5006,5.7089
-12.316,-2.7447,5.4969
-6.3125,-8.4582,10.966
-12.201,-2.715,11.222
-6.7431,-11.963,2.4459
-12.607,-4.8463,2.7149
-6.3789,-11.261,8.2769
-12.899,-5.8808,8.3359
-12.732,-12.172,2.3679
-0.85571,-10.938,2.5549
-7.1044,-5.6453,2.8429
-12.381,-11.155,8.2829
-1.3076,-11.312,8.4759
-12.36,-8.2524,11.631
-12.511,0.71704,-9.1794
-12.963,0.34298,-3.2584
-12.511,0.71704,2.3303
-12.963,0.34298,8.2513
2.8515,-11.835,-11.502
8.4695,-6.0045,-11.087
8.8011,-11.509,-11.651
5.7005,-9.0621,-12.39
11.478,-3.0686,-11.345
2.667,-12.196,-5.5914
8.4893,-6.071,-5.4814
2.8515,-11.835,0.007623
8.4695,-6.0045,0.42262
8.3352,-11.854,-5.9154
8.8011,-11.509,-0.14138
11.434,-8.6717,-6.0454
11.318,-8.606,-10.936
5.0528,-9.1271,-5.1174
11.363,-3.0983,-5.5604
5.7005,-9.0621,-0.88038
11.478,-3.0686,0.16462
5.3667,-10.848,-8.5844
11.072,-5.1998,-8.3424
10.78,-6.2343,-2.7214
5.1016,-7.0489,-8.3354
10.947,-12.525,-8.6894
11.298,-11.509,-2.7744
2.667,-12.196,5.9183
8.4893,-6.071,6.0283
2.8515,-11.835,11.517
8.4695,-6.0045,11.932
8.3352,-11.854,5.5943
8.8011,-11.509,11.368
11.434,-8.6717,5.4643
11.318,-8.606,0.57328
5.0528,-9.1271,6.3923
11.363,-3.0983,5.9493
5.7005,-9.0621,10.629
11.478,-3.0686,11.674
5.3667,-10.848,2.9253
11.072,-5.1998,3.1673
10.78,-6.2343,8.7883
5.1016,-7.0489,3.1743
10.947,-12.525,2.8203
11.298,-11.509,8.7353
11.318,-8.606,12.083
-2.8072,-5.3273,-11.709
-8.8035,-0.17961,-11.727
2.9175,-0.24607,-11.797
-3.1855,5.6505,-11.312
3.0038,-5.9058,-11.465
-2.8539,0.14566,-11.876
8.7384,0.45255,-11.709
3.0215,5.8343,-11.75
-0.0091924,-8.585,-11.529
6.236,-3.0851,-11.933
0.19728,-2.8334,-11.562
-5.9545,2.593,-12.615
5.7113,2.8433,-11.826
-0.17748,8.5864,-11.57
-2.9776,-5.8259,-5.949
-8.988,-0.54094,-5.816
2.7054,0.13576,-6.213
-3.1657,5.584,-5.706
-2.8072,-5.3273,-0.199
-8.8035,-0.17961,-0.217
2.9175,-0.24607,-0.287
-3.1855,5.6505,0.198
3.0264,-5.835,-6.143
-3.3199,-0.1987,-6.14
8.399,-0.31113,-6.279
2.7195,5.5706,-5.508
3.0038,-5.9058,0.045
-2.8539,0.14566,-0.366
8.7384,0.45255,-0.199
3.0215,5.8343,-0.24
-0.11809,-8.7236,-6.021
-6.1617,-3.1339,-6.384
5.3351,-2.9748,-5.498
-0.22132,2.9833,-6.27
-0.0091924,-8.585,-0.019
-5.9383,-3.0533,-11.117
6.236,-3.0851,-0.423
-0.33658,3.049,-11.161
-0.089095,-2.8864,-6.358
-6.6023,2.5279,-5.342
5.4808,2.8008,-5.573
-0.29204,8.5567,-5.785
0.19728,-2.8334,-0.052
-5.9545,2.593,-1.105
5.7113,2.8433,-0.316
-0.17748,8.5864,-0.06
-0.37194,-5.8662,-8.599
-6.2883,0.80681,-8.809
5.2807,-0.66185,-8.836
-0.58336,6.4552,-8.567
0.31183,-6.5924,-2.813
-5.8117,-1.4588,-2.914
5.6448,0.040305,-3.005
-0.8754,5.4207,-2.946
-6.5535,4.6061,-8.56
-0.70781,-0.87045,-8.914
11.168,0.36345,-8.727
4.9193,5.6561,-8.439
5.2998,-5.8018,-2.643
-0.35709,0.14637,-2.999
10.716,-0.010607,-2.806
-5.9277,-5.3153,-2.886
-2.9776,-5.8259,5.5607
-8.988,-0.54094,5.6937
2.7054,0.13576,5.2967
-3.1657,5.584,5.8037
-2.8072,-5.3273,11.311
-8.8035,-0.17961,11.293
2.9175,-0.24607,11.223
-3.1855,5.6505,11.708
3.0264,-5.835,5.3667
-3.3199,-0.1987,5.3697
8.399,-0.31113,5.2307
2.7195,5.5706,6.0017
3.0038,-5.9058,11.555
-2.8539,0.14566,11.144
8.7384,0.45255,11.311
3.0215,5.8343,11.27
-0.11809,-8.7236,5.4887
-6.1617,-3.1339,5.1257
5.3351,-2.9748,6.0117
-0.22132,2.9833,5.2397
-0.0091924,-8.585,11.491
-5.9383,-3.0533,0.39266
6.236,-3.0851,11.087
-0.33658,3.049,0.34866
-0.089095,-2.8864,5.1517
-6.6023,2.5279,6.1677
5.4808,2.8008,5.9367
-0.29204,8.5567,5.7247
0.19728,-2.8334,11.458
-5.9545,2.593,10.405
5.7113,2.8433,11.194
-0.17748,8.5864,11.45
-0.37194,-5.8662,2.9107
-6.2883,0.80681,2.7007
5.2807,-0.66185,2.6737
-0.58336,6.4552,2.9427
0.31183,-6.5924,8.6967
-5.8117,-1.4588,8.5957
5.6448,0.040305,8.5047
-0.8754,5.4207,8.5637
-6.5535,4.6061,2.9497
-0.70781,-0.87045,2.5957
11.168,0.36345,2.7827
4.9193,5.6561,3.0707
5.2998,-5.8018,8.8667
-0.35709,0.14637,8.5107
10.716,-0.010607,8.7037
-5.9277,-5.3153,8.6237
-5.9383,-3.0533,11.902
-0.33658,3.049,11.858
-8.7375,11.409,-12.021
-8.6512,5.7493,-11.689
-2.9166,12.108,-11.933
-11.664,3.07,-11.753
-5.419,8.5699,-12.157
-11.458,8.8216,-11.786
-8.9496,11.791,-6.4376
-8.7375,11.409,-0.51162
-8.6286,5.82,-6.3676
-3.256,11.344,-6.5036
-8.6512,5.7493,-0.17962
-2.9166,12.108,-0.42362
-11.773,2.9314,-6.2456
-6.3199,8.6802,-5.7226
-11.664,3.07,-0.24362
-5.419,8.5699,-0.64762
-11.744,8.7686,-6.5826
-11.458,8.8216,-0.27662
-12.027,5.7889,-8.8236
-6.3743,10.993,-9.0606
-11.343,5.0627,-3.0376
-6.0102,11.695,-3.2296
-12.363,10.785,-9.1386
-0.48698,12.018,-8.9516
-6.3553,5.8532,-2.8676
-12.012,11.801,-3.2236
-0.93882,11.644,-3.0306
-8.9496,11.791,5.072
-8.7375,11.409,10.998
-8.6286,5.82,5.142
-3.256,11.344,5.006
-8.6512,5.7493,11.33
-2.9166,12.108,11.086
-11.773,2.9314,5.264
-6.3199,8.6802,5.787
-11.664,3.07,11.266
-5.419,8.5699,10.862
-11.744,8.7686,4.927
-11.458,8.8216,11.233
-12.027,5.7889,2.686
-6.3743,10.993,2.449
-11.343,5.0627,8.472
-6.0102,11.695,8.28
-12.363,10.785,2.371
-0.48698,12.018,2.558
-6.3553,5.8532,8.642
-12.012,11.801,8.286
-0.93882,11.644,8.479
9.2165,5.9741,-11.481
3.2203,11.122,-11.499
9.1699,11.447,-11.648
12.015,2.7164,-11.301
12.221,8.4681,-11.334
9.0461,5.4756,-5.7212
3.0357,10.76,-5.5882
9.2165,5.9741,0.028752
3.2203,11.122,0.010752
8.7039,11.103,-5.9122
9.1699,11.447,-0.13825
11.906,2.5779,-5.7932
5.862,8.1675,-6.1562
12.015,2.7164,0.20875
6.0855,8.2481,-10.889
11.935,8.415,-6.1302
12.221,8.4681,0.17575
11.652,5.4353,-8.3712
5.7355,12.108,-8.5812
12.336,4.7091,-2.5852
6.212,9.8427,-2.6862
11.316,10.431,-8.6862
11.667,11.448,-2.7712
6.0961,5.9861,-2.6582
9.0461,5.4756,5.7884
3.0357,10.76,5.9214
9.2165,5.9741,11.538
3.2203,11.122,11.52
8.7039,11.103,5.5974
9.1699,11.447,11.371
11.906,2.5779,5.7164
5.862,8.1675,5.3534
12.015,2.7164,11.718
6.0855,8.2481,0.62041
11.935,8.415,5.3794
12.221,8.4681,11.685
11.652,5.4353,3.1384
5.7355,12.108,2.9284
12.336,4.7091,8.9244
6.212,9.8427,8.8234
11.316,10.431,2.8234
11.667,11.448,8.7384
6.0961,5.9861,8.8514
6.0855,8.2481,12.13
0.10569,12.073,-2.8399
0.10569,12.073,8.6698
0,0,0
-0.22274,-0.051619,5.4847
0.17253,-5.6173,0.145
0.14566,5.7742,0.088
-5.8004,-0.026163,0.196
-0.22274,-0.051619,-6.025
6.1129,0.027577,-0.043
5.6745,-0.21284,5.6057
-5.9991,5.3839,0.178
-0.23405,5.7594,-5.647
0.20223,-5.8548,-5.602
-6.0514,-0.51477,-5.375
-5.7269,-5.7905,0.008
5.6745,-0.21284,-5.904
-0.23405,5.7594,5.8627
0.20223,-5.8548,5.9077
6.2969,5.5109,0.23575
5.6559,-6.2711,0.40262
-6.0514,-0.51477,6.1347
6.048,5.4049,-5.4902
5.6943,-5.9121,-5.551
-5.9607,5.7429,5.734
-5.9607,5.7429,-5.7756
6.048,5.4049,6.0194
5.6943,-5.9121,5.9587
-5.9758,-5.8966,-5.718
-5.9758,-5.8966,5.7917
0.31254,-11.314,-0.232
-11.342,0.34131,-0.45662
0,0,-11.51
0,0,11.51
0.68128,11.643,-0.22887
12.336,-0.012276,-0.004248
-0.66267,-11.315,5.2419
11.361,-0.013435,5.4697
0.17253,-5.6173,-11.365
-5.8004,-0.026163,-11.314
-5.9108,-11.274,-0.27075
-0.29394,11.642,5.245
0.14566,5.7742,-11.422
11.361,-0.013435,-6.04
6.2234,11.275,0.42375
-5.5421,11.683,-0.26762
0.17253,-5.6173,11.655
-0.66267,-11.315,-6.2678
0.14566,5.7742,11.598
-11.482,6.0378,-0.079623
6.1129,0.027577,11.467
-5.8004,-0.026163,11.706
6.1129,0.027577,-11.553
5.8546,-11.681,0.42062
-11.878,-5.5272,-0.13975
11.801,-5.8808,0.31262
-0.29394,11.642,-6.2646
-12.318,0.34015,5.0173
5.9723,10.787,-5.1472
12.196,5.6842,0.37275
5.9723,10.787,6.3624
-5.9991,5.3839,-11.332
-12.318,0.34015,-6.4924
11.421,-5.8956,-5.4224
5.6559,-6.2711,-11.107
-5.9805,11.442,5.381
-11.453,5.8002,5.683
6.2969,5.5109,-11.274
-5.7269,-5.7905,-11.502
-11.453,5.8002,-5.8266
-5.7269,-5.7905,11.518
-5.9991,5.3839,11.688
-6.3492,-11.514,5.3779
11.421,-5.8956,6.0873
-5.9805,11.442,-6.1286
5.6036,-12.17,-5.1504
6.2969,5.5109,11.745
12.226,5.4466,-5.3742
-6.3492,-11.514,-6.1318
-12.258,-5.542,5.6349
5.6559,-6.2711,11.912
-12.258,-5.542,-5.8748
12.226,5.4466,6.1354
5.6036,-12.17,6.3593
-11.342,0.34131,11.053
0.31254,-11.314,11.278
0.68128,11.643,11.281
0.31254,-11.314,-11.742
11.655,-11.655,0.22462
-11.655,11.655,-0.22462
-11.342,0.34131,-11.966
-12.024,-11.301,-0.22775
12.024,11.301,0.22775
0.68128,11.643,-11.739
12.336,-0.012276,11.505
12.336,-0.012276,-11.514
-5.9108,-11.274,11.239
6.2234,11.275,-11.086
-5.5421,11.683,11.242
5.8546,-11.681,-11.089
11.801,11.25,5.7124
-11.482,6.0378,11.43
11.801,-5.8808,-11.197
11.801,11.25,-5.7972
11.432,-11.707,5.7093
-5.9108,-11.274,-11.78
-11.878,-5.5272,11.37
11.432,-11.707,-5.8004
-11.482,6.0378,-11.589
-11.878,11.603,5.26
12.196,5.6842,-11.137
-5.5421,11.683,-11.777
-12.246,-11.353,5.2569
-11.878,-5.5272,-11.649
6.2234,11.275,11.933
5.8546,-11.681,11.93
11.801,-5.8808,11.822
-11.878,11.603,-6.2496
-12.246,-11.353,-6.2528
12.196,5.6842,11.882
11.655,-11.655,-11.285
-11.655,11.655,11.285
-12.024,-11.301,11.282
12.024,11.301,-11.282
11.655,-11.655,11.734
-11.655,11.655,-11.734
-12.024,-11.301,-11.737
12.024,11.301,11.737
