-10.003,-7.8239,-9.1888
-8.9966,-7.563,-2.6608
-9.3771,-2.6302,-8.3638
-3.4833,-7.4279,-2.7628
-10.003,-7.8239,2.3209
-8.9966,-7.563,8.8489
-9.3771,-2.6302,3.1459
-3.4833,-7.4279,8.7469
2.7327,-8.7347,-8.6854
3.1068,-8.2984,-2.5764
9.1215,-2.8805,-2.0354
8.1796,-8.3804,-8.4044
9.0119,-9.009,-2.8074
2.7327,-8.7347,2.8243
3.1068,-8.2984,8.9333
9.1215,-2.8805,9.4743
8.1796,-8.3804,3.1053
9.0119,-9.009,8.7023
-8.9223,2.9204,-8.91
-2.4148,-2.5194,-8.275
8.7794,-1.7197,-8.837
2.0209,3.4776,-8.961
-8.5482,3.3566,-2.801
-2.7089,-1.5464,-2.777
-2.5336,8.7745,-2.26
3.0271,3.7385,-2.433
3.037,-2.262,-8.056
-3.4754,3.2746,-8.629
-2.8284,-7.9889,-8.242
2.6467,8.6713,-8.136
3.6798,-2.4225,-2.228
-2.6432,2.646,-3.032
8.5404,3.8735,-2.535
-8.3884,-2.1659,-2.849
-8.9223,2.9204,2.5997
-2.4148,-2.5194,3.2347
8.7794,-1.7197,2.6727
2.0209,3.4776,2.5487
-8.5482,3.3566,8.7087
-2.7089,-1.5464,8.7327
-2.5336,8.7745,9.2497
3.0271,3.7385,9.0767
3.037,-2.262,3.4537
-3.4754,3.2746,2.8807
-2.8284,-7.9889,3.2677
2.6467,8.6713,3.3737
3.6798,-2.4225,9.2817
-2.6432,2.646,8.4777
8.5404,3.8735,8.9747
-8.3884,-2.1659,8.6607
-2.8756,9.9353,-9.0616
-8.618,9.393,-8.2806
-7.9752,9.2325,-2.4526
-2.8756,9.9353,2.448
-8.618,9.393,3.229
-7.9752,9.2325,9.057
9.609,8.782,-8.0472
9.3148,9.755,-2.5492
9.1953,3.3125,-8.0142
3.6354,9.1356,-2.6212
9.609,8.782,3.4624
9.3148,9.755,8.9604
9.1953,3.3125,3.4954
3.6354,9.1356,8.8884
-4.2428,-7.459,-9.5208
-9.9548,-1.7908,-2.1778
-8.9577,-8.176,-8.1868
-9.7589,-8.6632,-3.3478
-4.2428,-7.459,1.9889
-9.9548,-1.7908,9.3319
-8.9577,-8.176,3.3229
-9.7589,-8.6632,8.1619
9.5422,-8.5692,-7.8344
8.4327,-8.1329,-1.7214
9.678,-2.6422,-7.9964
2.1395,-9.4199,-2.4514
9.0458,-2.8657,-3.5364
9.5422,-8.5692,3.6753
8.4327,-8.1329,9.7883
9.678,-2.6422,3.5133
2.1395,-9.4199,9.0583
9.0458,-2.8657,7.9733
7.781,3.8424,-9.293
-8.5235,-2.1326,-9.278
3.0377,-2.1807,-9.546
-2.1128,3.0858,-8.059
-1.8512,-8.6027,-2.592
2.069,9.5106,-1.95
3.2188,-1.8385,-3.556
-3.2223,3.5221,-1.946
-3.2803,-2.4926,-9.464
3.3644,-7.3087,-7.904
3.066,3.1254,-7.959
-1.9771,9.0128,-8.221
-2.8284,-3.0038,-3.106
-9.5155,2.2352,-2.676
2.2649,2.6382,-3.12
-2.6092,8.7893,-3.761
7.781,3.8424,2.2167
-8.5235,-2.1326,2.2317
3.0377,-2.1807,1.9637
-2.1128,3.0858,3.4507
-1.8512,-8.6027,8.9177
2.069,9.5106,9.5597
3.2188,-1.8385,7.9537
-3.2223,3.5221,9.5637
-3.2803,-2.4926,2.0457
3.3644,-7.3087,3.6057
3.066,3.1254,3.5507
-1.9771,9.0128,3.2887
-2.8284,-3.0038,8.4037
-9.5155,2.2352,8.8337
2.2649,2.6382,8.3897
-2.6092,8.7893,7.7487
-8.6173,9.4743,-9.7706
-8.4363,9.8165,-3.7806
-8.2906,4.3464,-8.1286
-8.6173,9.4743,1.739
-8.4363,9.8165,7.729
-8.2906,4.3464,3.381
3.5003,9.1688,-9.0502
10.173,2.6988,-2.3642
8.7435,8.8089,-9.2362
9.1953,8.2976,-2.8782
3.5003,9.1688,2.4594
10.173,2.6988,9.1454
8.7435,8.8089,2.2734
9.1953,8.2976,8.6314
-0.67986,-11.344,-8.2651
-0.67986,-11.344,3.2445
-8.9514,-10.793,-11.51
-3.1425,-9.8745,-11.731
-8.863,-4.4595,-11.401
-12.391,-8.0091,-11.402
-9.003,-10.797,-6.2048
-8.9514,-10.793,-0.000752
-2.5118,-10.425,-5.0348
-9.1593,-5.3978,-5.9488
-3.1425,-9.8745,-0.22175
-8.863,-4.4595,0.10825
-11.525,-8.1817,-5.8648
-12.391,-8.0091,0.10725
-6.1194,-7.7305,-6.3358
-11.842,-2.1663,-5.2698
-7.0585,-8.0728,-11.237
-12.312,-2.2201,-11.165
-6.1145,-10.712,-8.6768
-12.097,-4.9757,-8.6708
-7.0973,-10.393,-3.1248
-12.525,-5.5123,-2.8728
-11.656,-11.006,-8.9438
-12.335,0.31068,-8.4898
-11.461,-11.327,-3.1698
-0.32114,-10.702,-2.6558
-6.4885,-5.6149,-2.6468
-9.003,-10.797,5.3049
-8.9514,-10.793,11.509
-2.5118,-10.425,6.4749
-9.1593,-5.3978,5.5609
-3.1425,-9.8745,11.288
-8.863,-4.4595,11.618
-11.525,-8.1817,5.6449
-12.391,-8.0091,11.617
-6.1194,-7.7305,5.1739
-11.842,-2.1663,6.2399
-7.0585,-8.0728,0.2729
-12.312,-2.2201,0.3449
-6.1145,-10.712,2.8329
-12.097,-4.9757,2.8389
-7.0973,-10.393,8.3849
-12.525,-5.5123,8.6369
-11.656,-11.006,2.5659
-12.335,0.31068,3.0199
-11.461,-11.327,8.3399
-0.32114,-10.702,8.8539
-6.4885,-5.6149,8.8629
-7.0585,-8.0728,11.783
-12.312,-2.2201,11.855
-11.976,0.95322,-2.8804
-11.976,0.95322,8.6293
2.6543,-11.323,-11.335
11.287,-8.3627,-10.95
5.8963,-8.029,-11.207
3.099,-11.532,-5.5714
8.9079,-5.2493,-5.6584
2.6543,-11.323,0.17462
8.7375,-5.1412,-10.341
8.7764,-11.141,-5.8984
8.4129,-11.384,-10.653
12.154,-8.5353,-5.4124
11.287,-8.3627,0.55962
5.465,-8.5918,-5.4124
11.837,-2.5199,-4.8174
5.8963,-8.029,0.30262
11.367,-2.5736,-10.712
5.8221,-12.204,-8.3884
11.581,-5.3292,-8.2184
5.2762,-10.923,-2.2504
11.154,-5.8659,-2.4204
12.023,-11.359,-8.4914
11.344,-0.042914,-8.0374
6.7201,-5.569,-2.3194
12.218,-11.68,-2.7174
3.099,-11.532,5.9383
8.9079,-5.2493,5.8513
2.6543,-11.323,11.684
8.7375,-5.1412,1.1683
8.7764,-11.141,5.6113
8.4129,-11.384,0.85628
12.154,-8.5353,6.0973
11.287,-8.3627,12.069
5.465,-8.5918,6.0973
11.837,-2.5199,6.6923
5.8963,-8.029,11.812
11.367,-2.5736,0.79728
5.8221,-12.204,3.1213
11.581,-5.3292,3.2913
5.2762,-10.923,9.2593
11.154,-5.8659,9.0893
12.023,-11.359,3.0183
11.344,-0.042914,3.4723
6.7201,-5.569,9.1903
12.218,-11.68,8.7923
8.7375,-5.1412,12.678
8.4129,-11.384,12.366
11.367,-2.5736,12.307
-9.0008,0.33163,-11.56
3.0724,0.50841,-11.283
8.8813,1.4269,-11.504
3.1608,6.842,-11.174
0.74388,-7.8857,-11.627
-5.5126,-2.8171,-12.562
-0.3677,3.2923,-11.175
-0.39739,-2.5555,-11.929
-5.7587,3.626,-11.432
-2.5541,-4.8239,-5.527
-8.556,0.12304,-5.796
3.0208,0.50487,-5.977
-2.7471,6.4057,-5.883
-2.6326,-5.3266,-11.067
-9.0008,0.33163,-0.05
3.0724,0.50841,0.227
-2.9175,6.5139,-10.566
3.6105,-5.0968,-4.78
-2.8786,0.51407,-6.123
9.512,0.87681,-4.807
2.8645,5.9036,-5.721
3.0688,-5.2128,-11.027
-3.2421,0.27082,-10.878
8.8813,1.4269,0.006
3.1608,6.842,0.336
0.56074,-8.1706,-5.373
-5.4546,-2.5116,-4.922
6.5895,-2.1645,-5.191
0.49922,3.1198,-5.637
0.74388,-7.8857,-0.117
-5.5126,-2.8171,-1.052
6.1532,-2.2571,-11.1
-0.3677,3.2923,0.335
0.20789,-2.4961,-5.457
-6.19,3.0632,-5.637
5.9043,3.5709,-6.108
0.18173,9.1351,-5.042
-0.39739,-2.5555,-0.419
-5.7587,3.626,0.078
4.9653,3.2286,-11.009
-0.28779,9.0814,-10.937
0.52184,-5.7728,-8.334
-5.8329,-0.54942,-8.613
5.9093,0.58902,-8.449
-0.073539,6.3258,-8.443
-0.14001,-5.4801,-2.878
-6.3788,0.73186,-2.475
4.9264,0.90863,-2.897
-0.50134,5.7891,-2.645
5.6498,-4.9299,-8.15
0.3677,0.29557,-8.716
-0.31113,11.612,-8.262
-5.4362,-4.78,-8.34
-4.9349,6.0861,-2.544
0.56286,-0.025456,-2.942
11.703,0.59963,-2.428
5.5352,5.6866,-2.419
-2.5541,-4.8239,5.9827
-8.556,0.12304,5.7137
3.0208,0.50487,5.5327
-2.7471,6.4057,5.6267
-2.6326,-5.3266,0.44266
-9.0008,0.33163,11.46
3.0724,0.50841,11.737
-2.9175,6.5139,0.94366
3.6105,-5.0968,6.7297
-2.8786,0.51407,5.3867
9.512,0.87681,6.7027
2.8645,5.9036,5.7887
3.0688,-5.2128,0.48266
-3.2421,0.27082,0.63166
8.8813,1.4269,11.516
3.1608,6.842,11.846
0.56074,-8.1706,6.1367
-5.4546,-2.5116,6.5877
6.5895,-2.1645,6.3187
0.49922,3.1198,5.8727
0.74388,-7.8857,11.393
-5.5126,-2.8171,10.458
6.1532,-2.2571,0.40966
-0.3677,3.2923,11.845
0.20789,-2.4961,6.0527
-6.19,3.0632,5.8727
5.9043,3.5709,5.4017
0.18173,9.1351,6.4677
-0.39739,-2.5555,11.091
-5.7587,3.626,11.588
4.9653,3.2286,0.50066
-0.28779,9.0814,0.57266
0.52184,-5.7728,3.1757
-5.8329,-0.54942,2.8967
5.9093,0.58902,3.0607
-0.073539,6.3258,3.0667
-0.14001,-5.4801,8.6317
-6.3788,0.73186,9.0347
4.9264,0.90863,8.6127
-0.50134,5.7891,8.8647
5.6498,-4.9299,3.3597
0.3677,0.29557,2.7937
-0.31113,11.612,3.2477
-5.4362,-4.78,3.1697
-4.9349,6.0861,8.9657
0.56286,-0.025456,8.5677
11.703,0.59963,9.0817
5.5352,5.6866,9.0907
-2.6326,-5.3266,11.952
-2.9175,6.5139,12.453
3.0688,-5.2128,11.992
-3.2421,0.27082,12.141
6.1532,-2.2571,11.919
4.9653,3.2286,12.01
-0.28779,9.0814,12.082
-8.5826,12.163,-11.507
-10.911,3.7694,-11.851
-12.052,9.0995,-12.153
-8.6343,12.16,-6.2016
-8.5826,12.163,0.002377
-8.0445,6.5582,-5.0046
-2.143,12.532,-5.0316
-8.5862,6.4422,-11.252
-11.094,3.4844,-5.5976
-5.0655,9.4906,-5.4156
-10.911,3.7694,-0.34162
-5.5018,9.3979,-11.325
-11.447,9.1589,-5.6816
-12.052,9.0995,-0.64362
-11.133,5.8822,-8.5586
-5.7457,12.244,-8.6736
-11.795,6.1749,-3.1026
-6.7286,12.564,-3.1216
-6.0052,6.7251,-8.3746
-11.287,11.951,-8.9406
-11.092,11.63,-3.1666
0.047596,12.255,-2.6526
-8.6343,12.16,5.308
-8.5826,12.163,11.512
-8.0445,6.5582,6.505
-2.143,12.532,6.478
-8.5862,6.4422,0.25803
-11.094,3.4844,5.912
-5.0655,9.4906,6.094
-10.911,3.7694,11.168
-5.5018,9.3979,0.18503
-11.447,9.1589,5.828
-12.052,9.0995,10.866
-11.133,5.8822,2.951
-5.7457,12.244,2.836
-11.795,6.1749,8.407
-6.7286,12.564,8.388
-6.0052,6.7251,3.135
-11.287,11.951,2.569
-11.092,11.63,8.343
0.047596,12.255,8.857
-8.5862,6.4422,11.768
-5.5018,9.3979,11.695
3.023,11.633,-11.332
12.768,3.4158,-11.399
6.5112,8.4843,-12.334
11.626,8.7459,-11.701
9.4697,6.4775,-5.2992
3.4678,11.424,-5.5682
9.3912,5.9748,-10.839
3.023,11.633,0.17775
9.1451,11.815,-5.8952
8.7817,11.572,-10.65
12.584,3.1308,-5.1452
6.5691,8.7898,-4.6942
12.768,3.4158,0.11075
6.5112,8.4843,-0.82425
12.232,8.8053,-5.2292
11.626,8.7459,-0.19125
12.546,5.5286,-8.1062
6.1908,10.752,-8.3852
11.884,5.8214,-2.6502
5.6449,12.033,-2.2472
12.391,11.597,-8.4882
6.5875,6.5214,-8.1122
12.587,11.276,-2.7142
9.4697,6.4775,6.2104
3.4678,11.424,5.9414
9.3912,5.9748,0.67041
3.023,11.633,11.687
9.1451,11.815,5.6144
8.7817,11.572,0.85941
12.584,3.1308,6.3644
6.5691,8.7898,6.8154
12.768,3.4158,11.62
6.5112,8.4843,10.685
12.232,8.8053,6.2804
11.626,8.7459,11.318
12.546,5.5286,3.4034
6.1908,10.752,3.1244
11.884,5.8214,8.8594
5.6449,12.033,9.2624
12.391,11.597,3.0214
6.5875,6.5214,3.3974
12.587,11.276,8.7954
9.3912,5.9748,12.18
8.7817,11.572,12.369
6.3202,10.388,9.0504
12.313,11.237,8.7664
6.5338,6.2527,9.3594
0,0,0
0.68377,-5.3125,0.371
0.052326,0.26304,5.7007
0.052326,0.26304,-5.809
5.8959,0.78913,-0.253
-0.033234,6.1228,0.069
-6.2218,0.85772,0.198
0.40941,-5.1286,-5.483
0.40941,-5.1286,6.0267
-6.1873,-4.9629,-0.035752
-5.8188,0.35709,5.7097
6.3418,-5.2119,0.45662
-5.8188,0.35709,-5.8
0.19728,6.1851,-5.486
-5.3132,6.4432,0.232
6.1292,0.87964,5.6747
6.1292,0.87964,-5.835
5.8365,6.3385,0.192
0.19728,6.1851,6.0237
-5.3266,-5.222,-5.48
-5.3266,-5.222,6.0297
6.2522,-4.9144,-5.417
6.2522,-4.9144,6.0927
-5.4028,6.7406,-5.6416
-5.4028,6.7406,5.868
6.6971,6.0794,-5.2522
-0.34306,-10.707,0.14325
6.6971,6.0794,6.2574
0,0,11.51
0,0,-11.51
11.681,0.59468,0.371
-11.998,0.94827,-0.081375
5.4332,-10.797,0.42262
-6.1279,-10.512,-0.48075
0.025676,12.25,0.14638
0.68377,-5.3125,-11.139
-11.167,0.37901,-5.604
0.48839,-11.276,-5.3794
-11.167,0.37901,5.9057
-10.971,6.3425,0.14638
5.8959,0.78913,11.257
0.48839,-11.276,6.1303
11.622,-5.5322,0.29362
0.85713,11.68,-5.3762
-6.2218,0.85772,-11.312
-0.033234,6.1228,-11.441
0.68377,-5.3125,11.881
-0.033234,6.1228,11.579
-12.057,-5.1786,-0.15875
-5.8946,-10.422,5.4469
5.8959,0.78913,-11.763
0.85713,11.68,6.1334
-6.2218,0.85772,11.708
-5.8946,-10.422,-6.0628
5.8019,12.159,0.42575
12.512,0.02542,-5.1516
-5.7592,12.444,-0.47762
6.3418,-5.2119,-11.053
5.8362,-11.298,-5.5754
-6.1873,-4.9629,11.474
-6.1873,-4.9629,-11.545
5.8362,-11.298,5.9343
-5.3132,6.4432,-11.278
12.512,0.02542,6.358
12.708,5.9889,0.59875
11.852,-5.47,-5.2614
-11.826,-5.1164,-5.7138
-11.826,-5.1164,5.7959
-11.246,6.5264,-5.7076
5.8365,6.3385,-11.318
-11.246,6.5264,5.802
6.205,11.659,-5.5722
-5.3132,6.4432,11.742
11.852,-5.47,6.2483
6.205,11.659,5.9374
6.3418,-5.2119,11.966
5.8365,6.3385,11.702
-5.5258,12.535,5.45
12.433,6.1728,-5.2552
-5.5258,12.535,-6.0596
12.433,6.1728,6.2544
-0.34306,-10.707,-11.366
-0.34306,-10.707,11.653
11.681,0.59468,-11.139
5.4332,-10.797,-11.087
-6.1279,-10.512,11.029
11.655,-11.655,0.22462
-11.655,11.655,-0.22462
-12.024,-11.301,-0.22775
12.024,11.301,0.22775
-11.998,0.94827,11.428
11.681,0.59468,11.881
0.025676,12.25,-11.363
-11.998,0.94827,-11.591
0.025676,12.25,11.656
5.4332,-10.797,11.932
-10.971,6.3425,-11.363
11.622,-5.5322,-11.216
-6.1279,-10.512,-11.99
-11.971,-11.038,5.4729
-10.971,6.3425,11.656
11.707,-11.392,-5.5844
-12.057,-5.1786,11.351
-11.971,-11.038,-6.0368
11.707,-11.392,5.9253
5.8019,12.159,-11.084
11.622,-5.5322,11.803
-11.603,11.918,5.476
-12.057,-5.1786,-11.668
-5.7592,12.444,11.032
12.076,11.564,-5.5812
-11.603,11.918,-6.0336
12.076,11.564,5.9284
12.708,5.9889,-10.911
5.8019,12.159,11.935
-5.7592,12.444,-11.987
12.708,5.9889,12.108
11.655,-11.655,-11.285
-11.655,11.655,11.285
-12.024,-11.301,11.282
12.024,11.301,-11.282
11.655,-11.655,11.734
-11.655,11.655,-11.734
-12.024,-11.301,-11.737
12.024,11.301,11.737
