-10.151,-9.0061,-10.137
-9.8218,-9.1213,-3.7456
-10.151,-9.0061,2.7494
-3.3482,-9.4374,-3.8626
-10.948,-3.0324,-3.4546
-9.8218,-9.1213,9.1406
-3.3482,-9.4374,9.0236
-10.948,-3.0324,9.4316
10.268,-4.2007,-9.5908
9.9891,-9.2933,-9.7248
9.5945,-3.6011,-2.7026
10.268,-4.2007,3.2954
9.6009,-9.1314,-3.5956
9.9891,-9.2933,3.1614
9.5945,-3.6011,10.183
9.6009,-9.1314,9.2905
2.7344,-9.5085,-9.6981
-3.3651,-3.4075,-10.229
-2.6693,8.7363,-9.7671
3.0123,3.7151,-9.9641
3.1169,-3.2527,-10.055
-2.9479,3.6437,-9.9011
-2.9543,-8.8233,-9.1111
-10.061,-2.6262,-9.8351
2.5824,-9.5134,-2.791
-3.0236,-3.4281,-2.938
-3.3425,9.3359,-2.879
3.3411,3.5999,-3.573
2.7344,-9.5085,3.188
-3.3651,-3.4075,2.657
-2.6693,8.7363,3.119
3.0123,3.7151,2.922
3.3637,-3.6465,-3.05
-3.3361,3.8056,-3.772
9.8146,3.2838,-3.69
2.2147,9.6888,-3.282
3.1169,-3.2527,2.831
-2.9479,3.6437,2.985
-2.9543,-8.8233,3.775
-10.061,-2.6262,3.051
2.5824,-9.5134,10.095
-3.0236,-3.4281,9.9481
-3.3425,9.3359,10.007
3.3411,3.5999,9.3131
3.3637,-3.6465,9.8361
-3.3361,3.8056,9.1141
9.8146,3.2838,9.1961
2.2147,9.6888,9.6041
-10.203,3.4286,-9.8745
-9.8201,9.6843,-10.231
-10.355,3.4236,-2.9674
-10.203,3.4286,3.0116
-9.5733,9.2905,-3.2264
-9.8201,9.6843,2.6546
-10.355,3.4236,9.9188
-9.5733,9.2905,9.6598
9.7977,9.3137,-10.057
10.209,3.8979,-8.9386
3.1021,10.095,-9.6626
10.139,9.2932,-2.7654
9.7977,9.3137,2.8296
10.209,3.8979,3.9476
3.1021,10.095,3.2236
10.139,9.2932,10.121
-3.8248,-9.8871,-9.7167
-9.5517,-3.1449,-8.9107
-9.1041,-8.4418,-9.2247
-3.904,-9.3016,-2.4776
-3.8248,-9.8871,3.1694
-9.5517,-3.1449,3.9754
-10.144,-9.3978,-2.3046
-9.1041,-8.4418,3.6614
-3.904,-9.3016,10.409
-10.144,-9.3978,10.582
9.7353,-10.502,-8.8698
3.4392,-9.8993,-8.3438
9.8463,-9.8279,-2.2916
9.7353,-10.502,4.0164
3.8196,-10.076,-2.6306
10.748,-2.9032,-3.3726
3.4392,-9.8993,4.5424
9.8463,-9.8279,10.594
3.8196,-10.076,10.255
10.748,-2.9032,9.5135
9.3381,2.8341,-9.5441
3.6112,9.5763,-8.7381
3.7194,-2.8949,-8.7381
-3.2018,2.4353,-9.0461
-2.5838,-3.0109,-9.0111
-9.4979,3.0377,-8.5201
4.0588,4.2794,-9.0521
9.821,-2.9578,-8.8991
9.2589,3.4196,-2.305
-9.4448,-3.0215,-2.542
3.4083,-3.2456,-1.603
-3.0908,3.1091,-2.468
9.3381,2.8341,3.342
3.6112,9.5763,4.148
3.7194,-2.8949,4.148
-3.2018,2.4353,3.84
-4.0425,-4.5191,-2.863
-9.1174,2.861,-2.807
3.0193,3.3234,-2.132
-2.1892,10.034,-3.549
-2.5838,-3.0109,3.875
-9.4979,3.0377,4.366
4.0588,4.2794,3.834
9.821,-2.9578,3.987
9.2589,3.4196,10.581
-9.4448,-3.0215,10.344
3.4083,-3.2456,11.283
-3.0908,3.1091,10.418
-4.0425,-4.5191,10.023
-9.1174,2.861,10.079
3.0193,3.3234,10.754
-2.1892,10.034,9.3371
-9.2177,10.042,-8.9145
-3.116,9.9792,-9.0755
-9.5288,9.6914,-1.7794
-9.2177,10.042,3.9716
-3.116,9.9792,3.8106
-9.5288,9.6914,11.107
10.579,9.7103,-8.8386
3.718,9.6997,-2.3694
9.1203,8.2021,-2.6904
10.579,9.7103,4.0476
3.718,9.6997,10.517
9.1203,8.2021,10.196
-9.9519,-12.705,-12.875
-9.587,-11.859,-7.4767
-3.4981,-12.467,-13.488
-9.8727,-6.0878,-13.849
-9.7921,-6.1175,-6.3917
-13.298,-9.2302,-12.881
-13.181,-9.5435,-7.6297
-6.2587,-9.4841,-12.411
-13.598,-2.9384,-13.132
-6.2474,-9.3766,-6.8877
-12.897,-3.0621,-6.6327
-5.9688,-13.522,-9.2987
-11.934,-5.4833,-10.17
-13.089,-13.298,-9.8117
-0.97234,-12.844,-9.9277
-9.9519,-12.705,0.011449
-9.587,-11.859,5.4094
-3.4981,-12.467,-0.60155
-9.8727,-6.0878,-0.96255
-3.4444,-13.048,-6.1066
-9.7921,-6.1175,6.4944
-13.298,-9.2302,0.005449
-13.181,-9.5435,5.2564
-6.2587,-9.4841,0.47545
-13.598,-2.9384,-0.24555
-6.2474,-9.3766,5.9984
-12.897,-3.0621,6.2534
-6.9318,-11.685,-3.0866
-13.529,-6.2809,-3.7386
-5.9688,-13.522,3.5874
-11.934,-5.4833,2.7164
-13.08,-11.436,-3.5976
-0.14361,-12.337,-3.3146
-6.5493,-6.9463,-3.5396
-13.089,-13.298,3.0744
-0.97234,-12.844,2.9584
-9.9519,-12.705,12.898
-3.4981,-12.467,12.285
-9.8727,-6.0878,11.924
-3.4444,-13.048,6.7796
-13.298,-9.2302,12.892
-6.2587,-9.4841,13.362
-13.598,-2.9384,12.641
-6.9318,-11.685,9.7996
-13.529,-6.2809,9.1476
-13.08,-11.436,9.2886
-0.14361,-12.337,9.5716
-6.5493,-6.9463,9.3466
-13.909,0.092794,-10.104
-13.081,0.6005,-3.4909
-13.909,0.092794,2.7821
-13.081,0.6005,9.3952
3.2122,-12.31,-12.797
9.6122,-6.839,-12.771
9.7027,-6.3539,-6.5028
9.7763,-12.743,-11.965
10.073,-13.269,-6.1478
12.802,-9.4461,-12.532
12.919,-9.7593,-7.2808
6.2521,-9.451,-11.264
12.502,-3.1542,-12.783
6.822,-9.8696,-6.6648
13.203,-3.278,-6.2838
6.4401,-14.013,-9.0888
14.166,-5.6991,-9.8208
13.011,-13.513,-9.4628
3.2122,-12.31,0.089357
9.6122,-6.839,0.11536
3.4908,-12.774,-5.6166
9.7027,-6.3539,6.3834
9.7763,-12.743,0.92136
10.073,-13.269,6.7384
12.802,-9.4461,0.35436
12.919,-9.7593,5.6054
6.2521,-9.451,1.6224
12.502,-3.1542,0.10336
6.822,-9.8696,6.2214
13.203,-3.278,6.6024
7.1982,-12.122,-2.4316
12.571,-6.4967,-3.3896
6.4401,-14.013,3.7974
14.166,-5.6991,3.0654
5.9063,-7.2455,-2.9256
13.02,-11.652,-3.2486
13.011,-13.513,3.4234
3.2122,-12.31,12.975
9.6122,-6.839,13.001
3.4908,-12.774,7.2695
9.7763,-12.743,13.807
12.802,-9.4461,13.24
6.2521,-9.451,14.508
12.502,-3.1542,12.989
7.1982,-12.122,10.454
12.571,-6.4967,9.4965
5.9063,-7.2455,9.9605
13.02,-11.652,9.6375
-3.2987,-6.5711,-13.117
-9.7248,0.6272,-12.973
3.211,0.016263,-12.702
-3.3248,6.0981,-12.947
-3.2032,-5.6116,-6.3541
3.5758,0.86196,-7.3041
-3.2343,6.5832,-6.6791
3.2286,-6.5662,-12.895
-3.1608,0.19375,-12.141
9.6647,0.25456,-13.315
3.2902,6.6334,-13.676
3.59,-6.6928,-6.3801
-2.8645,-0.33163,-6.3241
3.3708,6.6037,-6.2191
-0.2588,-9.5969,-12.549
-6.5528,-3.2011,-13.06
6.8893,-3.0597,-13.419
-0.13506,3.491,-12.708
0.035355,-9.6888,-7.0571
-0.018385,3.1777,-7.4571
-0.29981,-3.0391,-13.636
-6.685,3.486,-11.44
6.9042,3.2371,-12.238
-0.43487,9.7828,-12.959
1.0324,-3.0985,-6.2911
-6.1151,3.0674,-6.8411
6.9155,3.3446,-6.7151
0.26587,9.6591,-6.4601
-0.43558,-5.8308,-9.7601
-6.4969,-1.0762,-9.2651
7.1941,-0.80044,-9.1261
1.229,7.2379,-9.9971
6.3555,-5.1124,-9.3861
0.074246,-0.57629,-9.6391
12.191,-0.12304,-9.7551
-6.3208,-6.2034,-9.4061
-3.2987,-6.5711,-0.231
-9.7248,0.6272,-0.087
3.211,0.016263,0.184
-3.3248,6.0981,-0.061
-3.2032,-5.6116,6.532
-9.4462,0.16334,-5.793
3.5758,0.86196,5.582
-3.2343,6.5832,6.207
3.2286,-6.5662,-0.009
-3.1608,0.19375,0.745
9.6647,0.25456,-0.429
3.2902,6.6334,-0.79
3.59,-6.6928,6.506
-2.8645,-0.33163,6.562
9.7185,-0.32668,-5.934
3.3708,6.6037,6.667
-0.2588,-9.5969,0.337
-6.5528,-3.2011,-0.174
6.8893,-3.0597,-0.533
-0.13506,3.491,0.178
0.035355,-9.6888,5.829
-6.7896,-3.0208,-4.754
6.4269,-3.1629,-5.639
-0.018385,3.1777,5.429
-0.29981,-3.0391,-0.75
-6.685,3.486,1.446
6.9042,3.2371,0.648
-0.43487,9.7828,-0.073
1.0324,-3.0985,6.595
-6.1151,3.0674,6.045
6.9155,3.3446,6.171
0.26587,9.6591,6.426
-0.34295,-6.7479,-3.397
-5.7389,0.81459,-2.608
6.231,1.0366,-2.914
-0.36628,6.4403,-3.566
-0.43558,-5.8308,3.126
-6.4969,-1.0762,3.621
7.1941,-0.80044,3.76
1.229,7.2379,2.889
-7.0308,5.6915,-3.102
0.082731,1.2848,-3.425
13.019,0.38467,-3.142
6.6136,5.7749,-3.367
6.3555,-5.1124,3.5
0.074246,-0.57629,3.247
12.191,-0.12304,3.131
-6.3208,-6.2034,3.48
-3.2987,-6.5711,12.655
-9.7248,0.6272,12.799
3.211,0.016263,13.07
-3.3248,6.0981,12.825
-9.4462,0.16334,7.0931
3.2286,-6.5662,12.877
-3.1608,0.19375,13.631
9.6647,0.25456,12.457
3.2902,6.6334,12.096
9.7185,-0.32668,6.9521
-0.2588,-9.5969,13.223
-6.5528,-3.2011,12.712
6.8893,-3.0597,12.353
-0.13506,3.491,13.064
-6.7896,-3.0208,8.1321
6.4269,-3.1629,7.2471
-0.29981,-3.0391,12.136
-6.685,3.486,14.332
6.9042,3.2371,13.534
-0.43487,9.7828,12.813
-0.34295,-6.7479,9.4891
-5.7389,0.81459,10.278
6.231,1.0366,9.9721
-0.36628,6.4403,9.3201
-7.0308,5.6915,9.7841
0.082731,1.2848,9.4611
13.019,0.38467,9.7441
6.6136,5.7749,9.5191
-9.7261,12.953,-12.878
-9.3612,13.799,-7.4805
-9.7084,6.3708,-13.071
-3.2723,13.192,-13.491
-9.3471,6.2443,-6.5565
-13.196,3.3402,-12.725
-6.0477,9.8774,-13.595
-12.902,3.2483,-7.2335
-13.237,9.8979,-13.812
-11.905,9.8385,-6.4675
-13.373,7.1062,-9.9365
-5.7429,12.137,-9.3025
-6.5816,7.8247,-9.5625
-12.863,12.361,-9.8155
-0.74652,12.814,-9.9315
-9.7261,12.953,0.007643
-9.3612,13.799,5.4056
-9.7084,6.3708,-0.18536
-3.2723,13.192,-0.60536
-9.3471,6.2443,6.3296
-3.2186,12.61,-6.1104
-13.196,3.3402,0.16064
-6.0477,9.8774,-0.70936
-12.902,3.2483,5.6526
-6.5101,9.7742,-5.8154
-13.237,9.8979,-0.92636
-11.905,9.8385,6.4186
-13.28,6.1891,-3.5734
-6.706,13.974,-3.0904
-13.373,7.1062,2.9496
-5.7429,12.137,3.5836
-12.854,14.222,-3.6014
0.082211,13.322,-3.3184
-6.5816,7.8247,3.3236
-12.863,12.361,3.0706
-0.74652,12.814,2.9546
-9.7261,12.953,12.894
-9.7084,6.3708,12.701
-3.2723,13.192,12.281
-3.2186,12.61,6.7758
-13.196,3.3402,13.047
-6.0477,9.8774,12.177
-6.5101,9.7742,7.0708
-13.237,9.8979,11.96
-13.28,6.1891,9.3128
-6.706,13.974,9.7958
-12.854,14.222,9.2848
0.082211,13.322,9.5678
9.8642,6.1501,-12.945
3.438,13.348,-12.801
9.9597,7.1096,-6.1816
10.002,12.915,-11.969
10.298,12.39,-6.1516
12.904,3.1244,-12.377
6.6101,9.5201,-12.888
13.198,3.0324,-6.8846
12.863,9.6821,-13.464
14.195,9.6227,-6.1186
12.727,6.8904,-9.5876
6.666,11.645,-9.0926
13.237,12.145,-9.4666
6.842,6.5178,-9.2336
9.8642,6.1501,-0.058449
3.438,13.348,0.085551
9.9597,7.1096,6.7046
3.7166,12.885,-5.6204
10.002,12.915,0.91755
10.298,12.39,6.7346
12.904,3.1244,0.50955
6.6101,9.5201,-0.001449
13.198,3.0324,6.0016
6.3732,9.7004,-4.5814
12.863,9.6821,-0.57745
14.195,9.6227,6.7676
12.82,5.9733,-3.2244
7.424,13.536,-2.4354
12.727,6.8904,3.2986
6.666,11.645,3.7936
13.246,14.006,-3.2524
13.237,12.145,3.4196
6.842,6.5178,3.6526
9.8642,6.1501,12.828
3.438,13.348,12.972
3.7166,12.885,7.2657
10.002,12.915,13.804
12.904,3.1244,13.396
6.6101,9.5201,12.885
6.3732,9.7004,8.3047
12.863,9.6821,12.309
12.82,5.9733,9.6617
7.424,13.536,10.451
13.246,14.006,9.6337
0,0,0
0.18031,-6.3109,0.181
-6.3067,0.54235,0.337
0.6074,0.33022,6.428
0.6074,0.33022,-6.4581
0.023335,6.5429,-0.355
6.7896,0.024042,0.501
6.2374,0.39952,-5.965
-6.1589,-0.098995,-6.2631
0.11667,6.5231,5.899
0.5077,-6.2904,-6.3241
-6.5168,-6.1388,-0.086551
-6.1589,-0.098995,6.623
6.5846,-6.2409,0.069
0.5077,-6.2904,6.562
-6.3525,6.6961,-0.10736
6.2374,0.39952,6.9211
6.6461,6.5825,0.086
0.11667,6.5231,-6.9871
-6.1879,-5.922,-6.0931
-6.1879,-5.922,6.793
6.8794,-5.9857,-6.2311
-6.0576,6.9514,-6.4075
-6.0576,6.9514,6.4786
6.8794,-5.9857,6.655
6.975,6.7992,-5.9206
6.975,6.7992,6.9656
0.372,12.668,-0.025449
-12.791,-0.053033,-0.198
0,0,12.886
0,0,-12.886
0.14618,-12.99,-0.021643
13.309,-0.26886,0.15091
-0.17826,-12.528,5.9504
-6.3067,0.54235,-12.549
6.6304,-12.395,0.51336
6.7896,0.024042,-12.385
0.023335,6.5429,12.531
0.18031,-6.3109,-12.705
-6.3732,-12.697,0.32845
-0.17826,-12.528,-6.9357
-13.115,0.40887,5.7741
-6.1474,12.961,0.32464
12.985,0.19304,6.123
-12.757,6.6261,0.004643
0.047563,13.13,5.9466
12.96,-6.3942,-0.17864
0.18031,-6.3109,13.067
-13.14,-6.1783,-0.52755
12.985,0.19304,-6.7631
-6.3067,0.54235,13.223
0.023335,6.5429,-13.241
13.343,6.4103,0.35355
0.047563,13.13,-6.9395
-13.115,0.40887,-7.112
6.8562,13.264,0.50955
6.7896,0.024042,13.387
-6.9255,-12.322,-6.1376
-12.429,6.6466,6.3856
-12.429,6.6466,-6.5005
-13.046,-6.1981,5.7264
-6.5168,-6.1388,12.8
-6.9255,-12.322,6.7486
7.004,12.622,-6.0906
6.5846,-6.2409,-12.817
-6.5168,-6.1388,-12.973
13.054,-6.414,6.0754
-6.3525,6.6961,12.779
6.5846,-6.2409,12.955
6.6461,6.5825,-12.8
6.7781,-13.036,-6.0868
-6.3525,6.6961,-12.993
7.004,12.622,6.7956
6.6461,6.5825,12.972
13.054,-6.414,-6.8108
-13.046,-6.1981,-7.1597
-6.6997,13.337,-6.1414
6.7781,-13.036,6.7994
13.671,6.4308,-6.1516
-6.6997,13.337,6.7448
13.671,6.4308,6.7346
-12.791,-0.053033,12.688
0.372,12.668,12.861
0.372,12.668,-12.912
0.14618,-12.99,12.864
12.937,-12.937,0.17636
-12.937,12.937,-0.17636
-12.791,-0.053033,-13.084
-13.163,-12.721,-0.17255
13.163,12.721,0.17255
0.14618,-12.99,-12.908
13.309,-0.26886,-12.735
13.309,-0.26886,13.037
-12.555,-12.391,6.2554
6.6304,-12.395,-12.373
-12.555,-12.391,-6.6307
-6.3732,-12.697,-12.558
-13.14,-6.1783,12.359
-6.1474,12.961,-12.561
-12.33,13.267,6.2516
12.96,-6.3942,12.707
-12.33,13.267,-6.6345
-12.757,6.6261,-12.881
-12.757,6.6261,12.891
6.8562,13.264,-12.377
13.343,6.4103,-12.533
-6.3732,-12.697,13.215
6.6304,-12.395,13.399
12.96,-6.3942,-13.065
-6.1474,12.961,13.211
13.544,-12.607,-6.2818
13.544,-12.607,6.6044
-13.14,-6.1783,-13.414
13.343,6.4103,13.24
13.77,13.051,-6.2856
6.8562,13.264,13.396
13.77,13.051,6.6006
12.937,-12.937,-12.71
-12.937,12.937,12.71
-13.163,-12.721,12.714
13.163,12.721,-12.714
12.937,-12.937,13.062
-12.937,12.937,-13.062
-13.163,-12.721,-13.059
13.163,12.721,13.059
