-9.6987,-9.4904,-10.565
-3.484,-9.552,-10.324
-10.315,-3.8102,-10.144
-10.266,-9.2769,-4.7246
-9.6987,-9.4904,2.3214
-10.383,-3.6299,-3.3616
-3.484,-9.552,2.5624
-10.315,-3.8102,2.7424
-10.266,-9.2769,8.1616
-10.383,-3.6299,9.5246
4.5281,-10.57,-10.642
10.148,-9.2177,-9.6968
3.4894,-9.9453,-2.6066
9.789,-4.3372,-4.0156
4.5281,-10.57,2.2444
10.087,-9.4687,-4.4076
10.148,-9.2177,3.1894
3.4894,-9.9453,10.279
9.789,-4.3372,8.8705
10.087,-9.4687,8.4785
-8.4089,2.3674,-10.818
-3.2541,-3.4535,-10.379
8.5864,-2.8051,-11.114
3.4641,3.2308,-10.392
3.4026,-3.3687,-9.6701
-2.7888,3.7194,-9.8731
9.6789,3.1693,-10.151
2.8482,8.911,-9.9711
-9.4477,2.9918,-2.783
-3.4981,-3.935,-3.459
-3.148,8.5998,-4.192
2.897,3.4443,-4.552
-8.4089,2.3674,2.068
-3.2541,-3.4535,2.507
8.5864,-2.8051,1.772
3.4641,3.2308,2.494
3.3793,-4.331,-2.745
-2.8503,3.4684,-4.584
-2.7457,-9.2624,-2.793
2.7796,9.0913,-3.189
3.4026,-3.3687,3.216
-2.7888,3.7194,3.013
9.6789,3.1693,2.735
2.8482,8.911,2.915
-9.4477,2.9918,10.103
-3.4981,-3.935,9.4271
-3.148,8.5998,8.6941
2.897,3.4443,8.3341
3.3793,-4.331,10.141
-2.8503,3.4684,8.3021
-2.7457,-9.2624,10.093
2.7796,9.0913,9.6971
-4.3506,10.132,-11.29
-9.5344,9.5684,-9.8465
-4.3506,10.132,1.5956
-9.5578,8.606,-2.9214
-9.5344,9.5684,3.0396
-9.5578,8.606,9.9648
9.9088,9.2677,-10.207
9.6648,8.7862,-3.2864
9.9088,9.2677,2.6796
10.417,3.4588,-2.6204
9.6648,8.7862,9.5997
10.417,3.4588,10.266
-2.5244,-10.558,-9.7927
-10.244,-2.9829,-8.8937
-9.1126,-8.1462,-10.214
-4.1062,-9.7966,-3.5686
-2.5244,-10.558,3.0934
-10.244,-2.9829,3.9924
-10.031,-9.6672,-3.2876
-9.1126,-8.1462,2.6724
-4.1062,-9.7966,9.3176
-10.031,-9.6672,9.5986
10.184,-10.594,-10.225
4.3662,-9.3527,-9.7598
8.7899,-10.095,-4.0436
10.184,-10.594,2.6614
4.3662,-9.3527,3.1264
8.7899,-10.095,8.8425
10.638,2.163,-9.6201
2.9189,9.7383,-8.7211
1.8859,-3.5419,-9.6831
-2.7535,2.3434,-10.401
-4.703,-3.2364,-10.483
-8.5708,3.5843,-9.9361
4.0503,4.575,-10.041
8.6903,-3.438,-9.7721
9.0566,2.9246,-3.396
-9.9193,-2.3745,-3.121
1.9728,-3.9216,-3.082
-4.1472,2.8419,-4.22
10.638,2.163,3.266
2.9189,9.7383,4.165
1.8859,-3.5419,3.203
-2.7535,2.3434,2.485
-2.4416,-2.8914,-3.765
2.9981,-9.6492,-4.105
3.1318,3.054,-3.115
8.5645,-4.4958,-4.208
-4.703,-3.2364,2.403
-8.5708,3.5843,2.95
4.0503,4.575,2.845
8.6903,-3.438,3.114
9.0566,2.9246,9.4901
-9.9193,-2.3745,9.7651
1.9728,-3.9216,9.8041
-4.1472,2.8419,8.6661
-2.4416,-2.8914,9.1211
2.9981,-9.6492,8.7811
3.1318,3.054,9.7711
8.5645,-4.4958,8.6781
-11.051,9.3951,-9.8595
-4.2467,9.4991,-9.9485
-10.964,9.0154,-3.2584
-11.051,9.3951,3.0266
-9.9389,3.2879,-4.2814
-4.3726,8.4413,-4.3844
-4.2467,9.4991,2.9376
-10.964,9.0154,9.6278
-9.9389,3.2879,8.6048
-4.3726,8.4413,8.5018
8.4599,9.4848,-10.311
3.2436,10.347,-2.9484
10.721,9.8298,-3.5924
8.4599,9.4848,2.5756
3.2436,10.347,9.9377
10.721,9.8298,9.2937
-9.8147,-12.59,-12.796
-9.7433,-12.489,-7.6437
-3.5773,-12.519,-13.309
-9.7355,-6.976,-13.451
-9.3544,-6.2738,-6.7877
-12.962,-9.9083,-13.502
-13.299,-9.5583,-7.3457
-6.6313,-9.6743,-12.871
-12.7,-3.2099,-13.565
-5.9214,-9.6361,-7.1427
-5.8132,-12.365,-9.6537
-14.606,-5.689,-10.666
-12.95,-12.602,-9.8987
-1.4157,-14.272,-9.1267
-9.8147,-12.59,0.090449
-9.7433,-12.489,5.2424
-3.5773,-12.519,-0.42255
-9.7355,-6.976,-0.56455
-3.8524,-13.322,-5.1526
-9.3544,-6.2738,6.0984
-12.962,-9.9083,-0.61555
-13.299,-9.5583,5.5404
-6.6313,-9.6743,0.015449
-12.7,-3.2099,-0.67855
-5.9214,-9.6361,5.7434
-12.641,-3.1427,-6.3666
-7.3214,-12.142,-3.4906
-12.82,-6.5786,-3.7416
-5.8132,-12.365,3.2324
-14.606,-5.689,2.2204
-11.892,-12.725,-3.7016
-7.0344,-7.9716,-3.5056
-12.95,-12.602,2.9874
-1.4157,-14.272,3.7594
-9.8147,-12.59,12.977
-3.5773,-12.519,12.464
-9.7355,-6.976,12.322
-3.8524,-13.322,7.7336
-12.962,-9.9083,12.271
-6.6313,-9.6743,12.902
-12.7,-3.2099,12.208
-12.641,-3.1427,6.5196
-7.3214,-12.142,9.3956
-12.82,-6.5786,9.1446
-11.892,-12.725,9.1846
-7.0344,-7.9716,9.3806
-14.353,-1.3349,-9.303
-14.353,-1.3349,3.5831
2.9499,-13.564,-12.5
9.9736,-6.9075,-14.339
3.1365,-12.879,-6.8658
10.099,-6.327,-7.0378
9.6052,-13.672,-13.463
13.138,-10.124,-13.153
12.801,-9.7742,-6.9968
7.7193,-10.249,-12.967
13.4,-3.4257,-13.216
6.7357,-9.6419,-7.0108
7.1041,-12.876,-10.063
11.494,-5.9049,-10.317
7.4152,-6.9401,-10.426
13.15,-12.818,-9.5498
2.9499,-13.564,0.38636
9.9736,-6.9075,-1.4526
3.1365,-12.879,6.0204
10.099,-6.327,5.8484
9.6052,-13.672,-0.57664
9.6094,-13.285,-5.8576
13.138,-10.124,-0.26664
12.801,-9.7742,5.8894
7.7193,-10.249,-0.080643
13.4,-3.4257,-0.32964
6.7357,-9.6419,5.8754
13.459,-3.3586,-6.0176
5.8914,-12.759,-3.4586
13.28,-6.7944,-3.3926
7.1041,-12.876,2.8234
11.494,-5.9049,2.5694
6.3553,-7.6323,-4.0726
14.208,-12.941,-3.3526
7.4152,-6.9401,2.4604
13.15,-12.818,3.3364
2.9499,-13.564,13.272
9.9736,-6.9075,11.433
9.6052,-13.672,12.309
9.6094,-13.285,7.0285
13.138,-10.124,12.619
7.7193,-10.249,12.805
13.4,-3.4257,12.556
13.459,-3.3586,6.8685
5.8914,-12.759,9.4275
13.28,-6.7944,9.4935
6.3553,-7.6323,8.8135
14.208,-12.941,9.5335
-3.1063,-6.2671,-12.88
-9.9872,-0.6265,-12.676
3.3482,0.13081,-12.623
-2.9635,6.0295,-14.515
-9.8005,0.057983,-7.0421
3.4196,0.23193,-7.4711
-2.8383,6.61,-7.2141
3.3411,-7.0774,-12.203
-3.3319,-0.73539,-13.639
9.5855,0.20223,-13.136
3.4273,5.7452,-13.278
3.5631,-6.4424,-7.3391
3.8085,6.4474,-6.6151
0.24395,-9.9723,-12.004
-6.772,-3.5744,-14.311
6.7274,-3.619,-14.28
0.20082,2.8129,-13.329
-0.63993,-10.136,-6.5201
-6.2961,-3.0957,-7.2231
-0.13647,3.1629,-7.1731
-0.082731,-3.3439,-12.839
-5.2177,2.6877,-13.143
6.5315,3.0469,-12.698
0.46315,9.5113,-13.392
-6.2013,3.2951,-7.1871
7.2415,3.0851,-6.9701
-0.78206,-6.2169,-9.3351
-5.8329,0.061518,-10.239
7.3497,0.35638,-9.4811
-1.4432,7.0322,-10.493
-5.5218,5.997,-10.602
0.21284,0.1195,-9.7261
11.747,-1.5507,-8.9541
-6.3922,-6.265,-10.121
-3.1063,-6.2671,0.006
-9.9872,-0.6265,0.21
3.3482,0.13081,0.263
-2.9635,6.0295,-1.629
-3.0696,-6.8766,-5.934
-9.8005,0.057983,5.844
3.4196,0.23193,5.415
-2.8383,6.61,5.672
3.3411,-7.0774,0.683
-3.3319,-0.73539,-0.753
9.5855,0.20223,-0.25
3.4273,5.7452,-0.392
3.5631,-6.4424,5.547
-3.3276,-0.3479,-6.034
9.3105,-0.60033,-4.98
3.8085,6.4474,6.271
0.24395,-9.9723,0.882
-6.772,-3.5744,-1.425
6.7274,-3.619,-1.394
0.20082,2.8129,-0.443
-0.63993,-10.136,6.366
-6.2961,-3.0957,5.663
5.7594,-3.2492,-6.356
-0.13647,3.1629,5.713
-0.082731,-3.3439,0.047
-5.2177,2.6877,-0.257
6.5315,3.0469,0.188
0.46315,9.5113,-0.506
0.13364,-3.4033,-6.273
-6.2013,3.2951,5.699
7.2415,3.0851,5.916
0.52184,9.5785,-6.194
0.7361,-7.2146,-3.322
-7.0456,0.17819,-3.635
5.8414,0.57912,-3.318
0.34295,6.1426,-3.569
-0.78206,-6.2169,3.551
-5.8329,0.061518,2.647
7.3497,0.35638,3.405
-1.4432,7.0322,2.393
-6.5817,5.3047,-4.249
1.2707,-0.0035355,-3.529
0.64559,-12.013,-3.11
6.1285,4.7496,-3.333
-5.5218,5.997,2.284
0.21284,0.1195,3.16
11.747,-1.5507,3.932
-6.3922,-6.265,2.765
-3.1063,-6.2671,12.892
-9.9872,-0.6265,13.096
3.3482,0.13081,13.149
-2.9635,6.0295,11.257
-3.0696,-6.8766,6.9521
3.3411,-7.0774,13.569
-3.3319,-0.73539,12.133
9.5855,0.20223,12.636
3.4273,5.7452,12.494
-3.3276,-0.3479,6.8521
9.3105,-0.60033,7.9061
0.24395,-9.9723,13.768
-6.772,-3.5744,11.461
6.7274,-3.619,11.492
0.20082,2.8129,12.443
5.7594,-3.2492,6.5301
-0.082731,-3.3439,12.933
-5.2177,2.6877,12.629
6.5315,3.0469,13.074
0.46315,9.5113,12.38
0.13364,-3.4033,6.6131
0.52184,9.5785,6.6921
0.7361,-7.2146,9.5641
-7.0456,0.17819,9.2511
5.8414,0.57912,9.5681
0.34295,6.1426,9.3171
-6.5817,5.3047,8.6371
1.2707,-0.0035355,9.3571
0.64559,-12.013,9.7761
6.1285,4.7496,9.5531
-9.5889,13.068,-12.799
-9.5175,13.169,-7.6475
-9.596,5.8596,-12.379
-3.3515,13.139,-13.312
-9.3739,6.4946,-7.5155
-12.693,2.9647,-12.18
-6.2096,9.3181,-14.456
-13.577,2.8007,-6.6965
-13.02,9.5931,-13.015
-13.719,6.7202,-9.5115
-5.5874,13.293,-9.6575
-12.724,13.057,-9.9025
-1.1899,11.386,-9.1305
-9.5889,13.068,0.086643
-9.5175,13.169,5.2386
-9.596,5.8596,0.50664
-3.3515,13.139,-0.42636
-9.3739,6.4946,5.3706
-3.6266,12.337,-5.1564
-12.693,2.9647,0.70564
-6.2096,9.3181,-1.5704
-13.577,2.8007,6.1896
-7.1777,9.6879,-6.5324
-13.02,9.5931,-0.12936
-12.803,9.5337,-6.4494
-12.201,5.7224,-3.4984
-7.0956,13.516,-3.4944
-13.719,6.7202,3.3746
-5.5874,13.293,3.2286
-11.666,12.934,-3.7054
-12.291,0.924,-3.2864
-12.724,13.057,2.9836
-1.1899,11.386,3.7556
-9.5889,13.068,12.973
-9.596,5.8596,13.393
-3.3515,13.139,12.46
-3.6266,12.337,7.7298
-12.693,2.9647,13.592
-6.2096,9.3181,11.316
-7.1777,9.6879,6.3538
-13.02,9.5931,12.757
-12.803,9.5337,6.4368
-12.201,5.7224,9.3878
-7.0956,13.516,9.3918
-11.666,12.934,9.1808
-12.291,0.924,9.5998
10.057,6.4541,-12.708
3.1757,12.095,-12.504
3.3624,12.779,-6.8696
9.831,11.986,-13.467
13.407,2.7489,-11.832
6.3909,9.1468,-14.139
12.523,2.5848,-6.3476
6.8668,9.6255,-7.0506
13.08,9.3773,-12.667
12.381,6.5043,-9.1626
7.3299,12.783,-10.067
13.376,12.841,-9.5536
6.7706,6.4562,-9.9486
10.057,6.4541,0.17855
3.1757,12.095,0.38255
10.093,5.8446,-5.7614
3.3624,12.779,6.0166
9.831,11.986,-0.58045
9.8352,12.373,-5.8614
13.407,2.7489,1.0546
6.3909,9.1468,-1.2524
12.523,2.5848,6.5386
6.8668,9.6255,5.8356
13.08,9.3773,0.21955
13.297,9.3179,-6.1004
13.899,5.5066,-3.1494
6.1172,12.899,-3.4624
12.381,6.5043,3.7236
7.3299,12.783,2.8196
14.434,12.718,-3.3564
13.808,0.70817,-2.9374
13.376,12.841,3.3326
6.7706,6.4562,2.9376
10.057,6.4541,13.065
3.1757,12.095,13.269
10.093,5.8446,7.1247
9.831,11.986,12.306
9.8352,12.373,7.0247
13.407,2.7489,13.941
6.3909,9.1468,11.634
13.08,9.3773,13.106
13.297,9.3179,6.7857
13.899,5.5066,9.7367
6.1172,12.899,9.4237
14.434,12.718,9.5297
13.808,0.70817,9.9487
0.87141,13.645,-3.1138
0.87141,13.645,9.7723
0,0,0
-0.27294,0.016971,-6.233
6.335,0.12233,-0.503
-0.25668,6.5711,-0.322
-0.27294,0.016971,6.6531
-6.6532,-0.56922,-0.427
-0.1096,-6.8144,0.363
-6.1511,5.519,-1.298
-6.5881,-0.1195,5.648
6.2501,-0.26375,6.132
6.5641,6.1921,-0.629
0.10253,6.6376,6.296
6.2501,-0.26375,-6.7541
0.28001,-6.726,-6.4051
-6.5988,-6.5291,-0.80155
0.28001,-6.726,6.481
0.10253,6.6376,-6.5901
-6.5881,-0.1195,-7.2381
6.7859,-7.4181,-1.1216
-6.368,6.5971,5.2446
6.569,-6.3399,5.421
-5.8061,-6.9784,6.218
-5.8061,-6.9784,-6.6681
7.3568,5.7428,6.3906
7.3568,5.7428,-6.4956
6.569,-6.3399,-7.4651
-6.368,6.5971,-7.6415
-0.3218,-12.663,-0.37955
12.841,0.057983,-0.207
0,0,12.886
0,0,-12.886
-0.09598,12.995,-0.38336
-13.259,0.27381,-0.55591
12.161,-0.45962,-6.069
6.5097,12.152,-0.25445
6.335,0.12233,12.383
12.161,-0.45962,6.8171
-0.77622,12.477,-6.2454
-6.6532,-0.56922,12.459
-0.77622,12.477,6.6408
-0.25668,6.5711,12.564
12.68,-6.3659,-0.14564
-6.1511,5.519,11.588
-0.1096,-6.8144,-12.523
13.053,5.9068,0.53555
-6.8279,-12.599,-0.67555
-13.047,6.1227,0.18664
-1.002,-13.181,-6.2416
-6.6021,13.059,-0.67936
-0.25668,6.5711,-13.208
-13.42,-6.1501,-0.49455
-1.002,-13.181,6.6446
6.335,0.12233,-13.389
-6.6532,-0.56922,-13.313
6.2839,-13.506,-0.25064
-0.1096,-6.8144,13.249
6.5641,6.1921,12.257
-6.5988,-6.5291,12.085
-13.939,-0.24379,-6.4179
6.5747,12.602,5.8206
-13.939,-0.24379,6.4682
-12.657,6.211,6.3046
6.7859,-7.4181,11.764
-6.6869,12.673,5.9556
-12.657,6.211,-6.5815
6.3489,-13.057,5.8244
-13.06,-6.0836,6.1234
13.04,-6.2994,-6.4138
13.04,-6.2994,6.4724
-6.9127,-12.985,5.9594
6.5747,12.602,-7.0656
-13.06,-6.0836,-6.7627
-6.6869,12.673,-6.9305
13.443,5.9952,-6.2326
6.3489,-13.057,-7.0618
13.443,5.9952,6.6536
6.5641,6.1921,-13.515
-6.9127,-12.985,-6.9267
-6.1511,5.519,-14.184
-6.5988,-6.5291,-13.688
6.7859,-7.4181,-14.008
-0.3218,-12.663,12.507
-0.09598,12.995,12.503
12.841,0.057983,12.679
-13.259,0.27381,12.33
-12.937,12.937,-0.17636
12.937,-12.937,0.17636
-13.163,-12.721,-0.17255
13.163,12.721,0.17255
12.841,0.057983,-13.093
-0.3218,-12.663,-13.266
-0.09598,12.995,-13.269
6.5097,12.152,12.632
-6.8279,-12.599,12.211
-13.259,0.27381,-13.442
13.053,5.9068,-12.351
6.5097,12.152,-13.141
-6.6021,13.059,12.207
12.68,-6.3659,12.74
12.664,-12.92,-6.0566
12.89,12.738,-6.0604
-13.047,6.1227,-12.699
12.68,-6.3659,-13.032
-13.42,-6.1501,12.392
12.664,-12.92,6.8295
12.89,12.738,6.8257
-13.047,6.1227,13.073
6.2839,-13.506,12.635
-13.436,-12.704,-6.4056
-13.21,12.954,-6.4094
-13.436,-12.704,6.4806
-13.21,12.954,6.4768
13.053,5.9068,13.422
-6.8279,-12.599,-13.562
6.2839,-13.506,-13.137
-13.42,-6.1501,-13.381
-6.6021,13.059,-13.565
12.937,-12.937,-12.71
-12.937,12.937,12.71
-13.163,-12.721,12.714
13.163,12.721,-12.714
-12.937,12.937,-13.062
12.937,-12.937,13.062
-13.163,-12.721,-13.059
13.163,12.721,13.059
