-9.4732,-8.0438,-9.3284
-9.3325,-2.1034,-8.1404
-8.9273,-7.9971,-3.0918
-9.4732,-8.0438,2.1812
-3.4763,-7.8154,-3.2648
-9.7306,-2.0574,-3.1348
-9.3325,-2.1034,3.3692
-8.9273,-7.9971,8.4179
-3.4763,-7.8154,8.2449
-9.7306,-2.0574,8.3749
2.8805,-9.2742,-8.413
9.4708,-9.1681,-8.418
2.8805,-9.2742,3.0966
7.8473,-8.9588,-1.7334
9.4708,-9.1681,3.0916
7.8473,-8.9588,9.7763
-8.7745,2.3808,-8.6377
-3.0391,-2.8652,-8.3077
8.9993,-2.5194,-7.8637
2.5505,3.2576,-9.1007
3.4521,-2.8907,-8.1417
-2.1843,2.4869,-8.6427
-2.7209,-7.7555,-7.3277
2.6912,9.198,-7.9127
2.9847,-8.4223,-2.892
-2.5682,-2.2161,-3.137
9.2539,-2.1135,-2.735
3.0964,3.3043,-2.864
-8.7745,2.3808,2.872
-3.0391,-2.8652,3.202
8.9993,-2.5194,3.646
2.5505,3.2576,2.409
3.1586,-2.9196,-2.239
-3.8078,2.6962,-1.958
8.5475,3.486,-3.037
2.2931,9.244,-2.907
3.4521,-2.8907,3.368
-2.1843,2.4869,2.867
-2.7209,-7.7555,4.182
2.6912,9.198,3.597
2.9847,-8.4223,8.6177
-2.5682,-2.2161,8.3727
9.2539,-2.1135,8.7747
3.0964,3.3043,8.6457
3.1586,-2.9196,9.2707
-3.8078,2.6962,9.5517
8.5475,3.486,8.4727
2.2931,9.244,8.6027
-2.6557,9.1356,-8.0883
-8.2029,8.7644,-8.3663
-8.6703,3.2327,-3.1166
-2.4011,9.5415,-2.9596
-2.6557,9.1356,3.4214
-8.4964,8.7354,-2.4636
-8.2029,8.7644,3.1434
-8.6703,3.2327,8.393
-2.4011,9.5415,8.55
-8.4964,8.7354,9.046
8.9846,8.4362,-8.0799
9.3028,3.5459,-7.0999
9.4555,9.0854,-2.9092
8.9846,8.4362,3.4298
9.3028,3.5459,4.4098
9.4555,9.0854,8.6004
-8.4345,-7.9045,-8.2654
-8.9266,-2.7723,-2.1128
-8.3694,-9.4007,-2.9588
-8.4345,-7.9045,3.2442
-8.9266,-2.7723,9.3969
-8.3694,-9.4007,8.5509
8.9206,-8.3903,-7.286
3.6909,-8.84,-7.229
9.1985,-3.3691,-8.943
8.7566,-7.9505,-2.3354
8.9206,-8.3903,4.2236
4.0932,-9.0698,-2.5874
3.6909,-8.84,4.2806
9.1985,-3.3691,2.5666
8.7566,-7.9505,9.1743
4.0932,-9.0698,8.9223
-1.999,-8.1013,-8.6077
-7.7266,-3.2972,-8.0747
3.2605,-2.4869,-9.5747
-2.7344,3.2647,-7.5107
-1.5719,-2.6736,-8.1417
-7.9641,2.815,-7.4537
3.5893,3.3969,-8.0377
-2.4565,8.2859,-9.1677
-1.8151,-8.3021,-2.271
3.0971,8.5291,-1.885
3.1968,-3.0328,-3.716
-2.8984,3.7045,-2.56
-1.999,-8.1013,2.902
-7.7266,-3.2972,3.435
3.2605,-2.4869,1.935
-2.7344,3.2647,3.999
-2.4544,-3.4019,-2.206
-7.5618,2.5852,-2.812
3.6543,1.9007,-2.731
7.967,-2.9225,-2.677
-1.5719,-2.6736,3.368
-7.9641,2.815,4.056
3.5893,3.3969,3.472
-2.4565,8.2859,2.342
-1.8151,-8.3021,9.2387
3.0971,8.5291,9.6247
3.1968,-3.0328,7.7937
-2.8984,3.7045,8.9497
-2.4544,-3.4019,9.3037
-7.5618,2.5852,8.6977
3.6543,1.9007,8.7787
7.967,-2.9225,8.8327
-8.3946,9.1681,-9.7993
-8.4582,8.6222,-3.9406
-8.3946,9.1681,1.7104
-3.688,8.7325,-2.9016
-8.4582,8.6222,7.569
-3.688,8.7325,8.608
10.025,3.2001,-8.3799
4.2972,8.0042,-7.8469
10.452,8.6279,-7.9139
10.209,2.9993,-2.0432
10.025,3.2001,3.1298
4.2972,8.0042,3.6628
9.5694,7.8995,-1.9782
10.452,8.6279,3.5958
10.209,2.9993,9.4664
9.5694,7.8995,9.5314
-0.24004,-11.713,-8.3958
-0.24004,-11.713,3.1139
-8.6919,-11.31,-11.649
-8.5695,-10.919,-5.6974
-2.8066,-11.234,-11.189
-8.7654,-5.4834,-12.058
-2.8017,-10.898,-5.9874
-8.6657,-5.7146,-6.1814
-11.479,-8.5777,-11.784
-11.989,-8.0905,-6.0544
-5.768,-8.123,-11.91
-11.816,-2.8331,-11.6
-11.484,-2.3148,-5.8354
-5.664,-9.9268,-8.6724
-12.524,-5.494,-8.8134
-11.292,-11.694,-9.0924
-11.895,-0.058435,-8.6204
-5.9787,-5.9776,-8.7324
-8.6919,-11.31,-0.13975
-8.5695,-10.919,5.8122
-2.8066,-11.234,0.32025
-8.7654,-5.4834,-0.54875
-2.8017,-10.898,5.5222
-8.6657,-5.7146,5.3282
-11.479,-8.5777,-0.27475
-11.989,-8.0905,5.4552
-5.768,-8.123,-0.40075
-11.816,-2.8331,-0.090752
-6.2686,-8.1414,-5.1268
-11.484,-2.3148,5.6742
-5.4724,-11.367,-3.0038
-11.802,-5.6509,-3.0798
-5.664,-9.9268,2.8372
-12.524,-5.494,2.6962
-12.669,-10.294,-3.1618
-0.55024,-10.794,-2.8628
-11.292,-11.694,2.4172
-11.895,-0.058435,2.8892
-5.9787,-5.9776,2.7772
-8.6919,-11.31,11.37
-2.8066,-11.234,11.83
-8.7654,-5.4834,10.961
-11.479,-8.5777,11.235
-5.768,-8.123,11.109
-11.816,-2.8331,11.419
-6.2686,-8.1414,6.3829
-5.4724,-11.367,8.5059
-11.802,-5.6509,8.4299
-12.669,-10.294,8.3479
-0.55024,-10.794,8.6469
-12.205,0.86129,-3.0874
-12.205,0.86129,8.4223
2.9576,-12.192,-10.913
8.9093,-5.7189,-11.539
3.7199,-11.194,-5.188
8.8669,-11.97,-11.136
9.5153,-11.624,-5.958
12.199,-8.9312,-11.332
11.69,-8.444,-5.602
5.5583,-9.0288,-11.203
11.863,-3.1867,-11.148
12.195,-2.6684,-5.383
6.4337,-11.487,-7.923
11.155,-5.8476,-8.361
6.6035,-6.3461,-8.166
12.387,-12.047,-8.64
11.784,-0.41202,-8.168
2.9576,-12.192,0.59662
8.9093,-5.7189,-0.029377
3.7199,-11.194,6.3216
8.7113,-5.5661,-4.5924
8.8669,-11.97,0.37362
9.5153,-11.624,5.5516
12.199,-8.9312,0.17762
11.69,-8.444,5.9076
5.5583,-9.0288,0.30662
11.863,-3.1867,0.36162
6.5483,-8.9369,-4.8934
12.195,-2.6684,6.1266
5.5378,-12.463,-1.9574
11.876,-6.0045,-2.6274
6.4337,-11.487,3.5866
11.155,-5.8476,3.1486
11.009,-10.647,-2.7094
6.6035,-6.3461,3.3436
12.387,-12.047,2.8696
11.784,-0.41202,3.3416
2.9576,-12.192,12.106
8.9093,-5.7189,11.48
8.7113,-5.5661,6.9173
8.8669,-11.97,11.883
12.199,-8.9312,11.687
5.5583,-9.0288,11.816
11.863,-3.1867,11.871
6.5483,-8.9369,6.6163
5.5378,-12.463,9.5523
11.876,-6.0045,8.8823
11.009,-10.647,8.8003
-2.2832,-5.816,-11.026
-8.6974,-0.5374,-11.138
3.3319,-0.0084853,-11.422
-2.7457,5.9362,-11.764
-2.4537,-4.8479,-5.3097
-7.9352,0.46103,-5.4127
3.4542,0.38254,-5.4697
3.5921,-5.5041,-10.89
-2.7881,-0.31466,-11.361
9.2171,0.067175,-10.962
3.2583,5.8181,-11.831
3.6734,-5.5713,-5.5607
-2.1397,0.031113,-6.1827
9.2221,0.40305,-5.7597
3.3581,5.5869,-5.9537
0.31608,-8.6656,-11.083
-5.7431,-3.1424,-10.691
6.6107,-2.6651,-10.673
0.54447,2.7238,-11.557
0.43558,-8.143,-5.7217
-5.8032,-3.0978,-5.8137
6.2841,-2.4077,-5.5667
0.034648,3.211,-5.8267
0.23264,-3.0639,-11.532
-6.0967,2.6262,-11.428
6.2558,3.1784,-11.683
0.20789,8.4683,-11.373
0.53952,8.9866,-5.6077
0.086267,-5.2637,-8.4657
-5.2213,0.16829,-8.1477
6.3597,1.3746,-8.4447
-0.49992,5.8075,-8.5857
-5.0516,5.309,-8.3907
0.73186,-0.39244,-8.8647
0.12869,11.243,-8.3927
6.0451,5.3238,-8.5047
-2.2832,-5.816,0.484
-8.6974,-0.5374,0.372
3.3319,-0.0084853,0.088
-2.7457,5.9362,-0.254
-2.4537,-4.8479,6.2
-7.9352,0.46103,6.097
3.4542,0.38254,6.04
-2.9437,6.0889,-4.817
3.5921,-5.5041,0.62
-2.7881,-0.31466,0.149
9.2171,0.067175,0.548
3.2583,5.8181,-0.321
3.6734,-5.5713,5.949
-2.1397,0.031113,5.327
9.2221,0.40305,5.75
3.3581,5.5869,5.556
0.31608,-8.6656,0.427
-5.7431,-3.1424,0.819
6.6107,-2.6651,0.837
0.54447,2.7238,-0.047
0.43558,-8.143,5.788
-5.8032,-3.0978,5.696
6.2841,-2.4077,5.943
0.034648,3.211,5.683
0.23264,-3.0639,-0.022
-6.0967,2.6262,0.082
6.2558,3.1784,-0.173
0.20789,8.4683,0.137
0.17748,-2.5124,-5.182
-5.1067,2.7181,-5.118
5.7551,3.1601,-4.899
0.53952,8.9866,5.902
-0.077782,-5.4914,-2.575
-6.1172,-0.80822,-2.182
6.5513,-0.065761,-2.776
0.22132,5.6505,-2.852
0.086267,-5.2637,3.044
-5.2213,0.16829,3.362
6.3597,1.3746,3.065
-0.49992,5.8075,2.924
5.6752,-5.3712,-2.708
-0.64559,1.0076,-2.934
11.474,0.5077,-2.635
-5.6314,-4.4788,-2.674
-5.0516,5.309,3.119
0.73186,-0.39244,2.645
0.12869,11.243,3.117
6.0451,5.3238,3.005
-2.2832,-5.816,11.994
-8.6974,-0.5374,11.882
3.3319,-0.0084853,11.598
-2.7457,5.9362,11.256
-2.9437,6.0889,6.6927
3.5921,-5.5041,12.13
-2.7881,-0.31466,11.659
9.2171,0.067175,12.058
3.2583,5.8181,11.189
0.31608,-8.6656,11.937
-5.7431,-3.1424,12.329
6.6107,-2.6651,12.347
0.54447,2.7238,11.463
0.23264,-3.0639,11.488
-6.0967,2.6262,11.592
6.2558,3.1784,11.337
0.20789,8.4683,11.647
0.17748,-2.5124,6.3277
-5.1067,2.7181,6.3917
5.7551,3.1601,6.6107
-0.077782,-5.4914,8.9347
-6.1172,-0.80822,9.3277
6.5513,-0.065761,8.7337
0.22132,5.6505,8.6577
5.6752,-5.3712,8.8017
-0.64559,1.0076,8.5757
11.474,0.5077,8.8747
-5.6314,-4.4788,8.8357
-8.3231,11.647,-11.646
-8.2008,12.038,-5.6943
-8.0629,6.1509,-11.114
-2.4379,11.722,-11.186
-7.9816,6.0837,-5.7853
-2.4329,12.058,-5.9843
-11.339,2.9894,-11.307
-5.0443,8.9899,-10.897
-11.219,3.512,-5.9463
-5.371,9.2473,-5.7913
-11.422,8.5911,-11.756
-11.569,6.3913,-8.6903
-10.923,11.263,-9.0893
-8.3231,11.647,-0.13662
-8.2008,12.038,5.8154
-8.0629,6.1509,0.39538
-2.4379,11.722,0.32338
-7.9816,6.0837,5.7244
-2.4329,12.058,5.5254
-11.339,2.9894,0.20238
-5.0443,8.9899,0.61238
-11.219,3.512,5.5634
-5.371,9.2473,5.7184
-11.422,8.5911,-0.24662
-11.478,9.1427,-5.4066
-11.733,6.1636,-2.7996
-5.1037,11.589,-3.0006
-11.569,6.3913,2.8194
-5.9798,6.2838,-2.9326
-12.301,12.663,-3.1586
-0.18151,12.163,-2.8596
-10.923,11.263,2.4204
-8.3231,11.647,11.373
-8.0629,6.1509,11.905
-2.4379,11.722,11.833
-11.339,2.9894,11.712
-5.0443,8.9899,12.122
-11.422,8.5911,11.263
-11.478,9.1427,6.103
-11.733,6.1636,8.71
-5.1037,11.589,8.509
-5.9798,6.2838,8.577
-12.301,12.663,8.351
-0.18151,12.163,8.65
9.7405,5.4855,-10.798
3.3263,10.764,-10.91
9.5701,6.4535,-5.0819
4.0886,11.762,-5.1849
9.2356,10.987,-11.133
9.8841,11.333,-5.9549
12.34,2.6358,-10.855
6.2806,8.159,-10.463
12.459,3.1584,-5.4939
6.2205,8.2036,-5.5859
12.256,8.2375,-11.304
12.11,6.0377,-8.2379
6.8025,11.47,-7.9199
12.756,10.909,-8.6369
9.7405,5.4855,0.71175
3.3263,10.764,0.59975
9.5701,6.4535,6.4278
4.0886,11.762,6.3248
9.2356,10.987,0.37675
9.8841,11.333,5.5548
12.34,2.6358,0.65475
6.2806,8.159,1.0468
12.459,3.1584,6.0158
6.2205,8.2036,5.9238
12.256,8.2375,0.20575
12.201,8.7891,-4.9542
11.946,5.81,-2.3472
5.9066,10.493,-1.9542
12.11,6.0377,3.2718
6.8025,11.47,3.5898
11.378,12.309,-2.7062
6.3924,6.8226,-2.4462
12.756,10.909,2.8728
9.7405,5.4855,12.221
3.3263,10.764,12.109
9.2356,10.987,11.886
12.34,2.6358,12.164
6.2806,8.159,12.556
12.256,8.2375,11.715
12.201,8.7891,6.5554
11.946,5.81,9.1624
5.9066,10.493,9.5554
11.378,12.309,8.8034
6.3924,6.8226,9.0634
11.314,12.249,8.7534
6.4659,6.7632,9.0764
0,0,0
0.56144,0.33093,-5.4197
-5.5374,-0.24395,0.409
0.48649,-5.77,0.208
0.45467,5.857,0.019
0.56144,0.33093,6.09
6.2529,0.45326,0.425
-5.2036,-0.1195,-5.4627
-5.4949,5.4412,0.491
0.21496,-5.4221,-5.6417
-5.2036,-0.1195,6.047
-5.8203,-5.4713,0.16425
0.21496,-5.4221,5.868
0.42497,5.997,-5.5397
0.42497,5.997,5.97
6.2034,5.8301,0.392
6.4488,0.5374,-5.5907
6.4488,0.5374,5.919
6.1601,-6.2138,0.71562
5.7269,5.9871,-5.061
-6.2969,-5.3144,-5.2888
6.4043,-5.1725,-5.4007
-5.2508,6.4825,-5.6253
-5.2508,6.4825,5.8844
6.4043,-5.1725,6.109
-6.2969,-5.3144,6.2209
5.7269,5.9871,6.4487
0.12021,11.336,0.26
0,0,11.51
0,0,-11.51
-0.24853,-11.62,0.25687
11.775,-0.31869,0.48462
-11.904,0.034903,0.032248
-5.7708,-10.848,0.19725
-0.10618,-10.971,-5.6764
-5.5374,-0.24395,-11.101
-0.10618,-10.971,5.8332
-11.169,5.885,-0.016623
0.48649,-5.77,-11.302
6.2529,0.45326,-11.085
-11.569,-5.4445,-0.20875
6.4864,11.057,0.63675
0.45467,5.857,-11.491
0.45467,5.857,11.529
-11.761,0.68451,5.6086
0.48649,-5.77,11.718
11.918,0.33093,-5.4487
-5.5374,-0.24395,11.919
-11.761,0.68451,-5.901
-5.4021,12.108,0.20038
0.26256,11.986,-5.6733
0.26256,11.986,5.8364
11.918,0.33093,6.061
-5.5749,-10.764,5.6912
6.1177,-11.899,0.63362
12.11,-5.7981,0.24362
-5.5749,-10.764,-5.8184
-5.4949,5.4412,-11.019
6.2529,0.45326,11.935
12.51,5.5314,0.43575
-5.8203,-5.4713,-11.345
6.1601,-6.2138,-10.794
-11.599,-5.3045,5.7422
-11.599,-5.3045,-5.7674
6.2034,5.8301,-11.118
6.8202,11.182,-5.2349
-5.8203,-5.4713,11.674
-11.44,6.2329,5.6434
-5.4949,5.4412,12.001
-11.44,6.2329,-5.8663
12.08,-5.658,-5.315
6.4514,-11.775,-5.238
-5.2062,12.192,5.6944
-5.2062,12.192,-5.8153
6.8202,11.182,6.2748
12.239,5.8793,-5.4139
6.2034,5.8301,11.902
12.08,-5.658,6.1946
6.4514,-11.775,6.2716
12.239,5.8793,6.0958
6.1601,-6.2138,12.225
0.12021,11.336,-11.25
11.775,-0.31869,-11.025
-0.24853,-11.62,-11.253
0.12021,11.336,11.77
11.655,-11.655,0.22462
-11.655,11.655,-0.22462
-12.024,-11.301,-0.22775
12.024,11.301,0.22775
-11.904,0.034903,-11.477
-0.24853,-11.62,11.767
-11.904,0.034903,11.542
-5.7708,-10.848,-11.312
6.4864,11.057,-10.873
11.775,-0.31869,11.994
-11.462,-10.971,-5.6474
-11.462,-10.971,5.8622
-5.7708,-10.848,11.707
-11.569,-5.4445,11.301
-11.169,5.885,11.493
-11.169,5.885,-11.526
6.1177,-11.899,-10.876
-11.094,11.986,-5.6443
-11.569,-5.4445,-11.718
-11.094,11.986,5.8654
-5.4021,12.108,-11.309
12.216,-11.324,-5.195
12.11,-5.7981,-11.266
12.51,5.5314,-11.074
6.4864,11.057,12.146
-5.4021,12.108,11.71
12.216,-11.324,6.3146
12.11,-5.7981,11.753
12.585,11.632,-5.1919
6.1177,-11.899,12.143
12.51,5.5314,11.945
12.585,11.632,6.3178
11.655,-11.655,-11.285
-11.655,11.655,11.285
-12.024,-11.301,11.282
12.024,11.301,-11.282
11.655,-11.655,11.734
-11.655,11.655,-11.734
-12.024,-11.301,-11.737
12.024,11.301,11.737
