-9.6811,-8.4893,-9.4308
-9.4923,-8.4617,-3.6368
-4.2626,-7.7291,-8.9638
-10.068,-2.4569,-9.3038
-3.665,-8.3493,-3.3528
-9.8805,-2.4378,-3.1988
-9.6811,-8.4893,2.0789
-9.4923,-8.4617,7.8729
-4.2626,-7.7291,2.5459
-10.068,-2.4569,2.2059
-3.665,-8.3493,8.1569
-9.8805,-2.4378,8.3109
2.4888,-9.3619,-2.9284
8.5353,-3.4314,-2.7304
8.0827,-9.1321,-8.6254
7.749,-9.2707,-2.7614
2.4888,-9.3619,8.5813
8.5353,-3.4314,8.7793
8.0827,-9.1321,2.8843
7.749,-9.2707,8.7483
2.4204,-8.0787,-9.001
-3.4832,-2.885,-8.931
8.9011,-2.1128,-8.883
2.3426,2.8122,-9.203
-9.1662,2.2931,-3.153
-3.0406,-2.769,-3.388
-3.1198,8.2237,-2.955
2.5314,2.8397,-3.409
2.3144,-2.6029,-9.105
-3.5723,2.523,-8.85
7.7612,3.5723,-8.736
1.9559,8.8445,-9.076
2.4141,-2.7379,-3.247
-3.9061,2.3844,-2.986
8.3587,2.9522,-3.125
2.1432,8.8636,-2.971
2.4204,-8.0787,2.5087
-3.4832,-2.885,2.5787
8.9011,-2.1128,2.6267
2.3426,2.8122,2.3067
-9.1662,2.2931,8.3567
-3.0406,-2.769,8.1217
-3.1198,8.2237,8.5547
2.5314,2.8397,8.1007
2.3144,-2.6029,2.4047
-3.5723,2.523,2.6597
7.7612,3.5723,2.7737
1.9559,8.8445,2.4337
2.4141,-2.7379,8.2627
-3.9061,2.3844,8.5237
8.3587,2.9522,8.3847
2.1432,8.8636,8.5387
-9.2346,3.5763,-9.2256
-2.754,9.5422,-9.1076
-9.3407,9.0522,-9.3296
-9.241,8.9171,-3.4716
-9.2346,3.5763,2.284
-2.754,9.5422,2.402
-9.3407,9.0522,2.18
-9.241,8.9171,8.038
8.5406,8.4164,-8.7032
8.9832,8.5324,-3.1602
8.5406,8.4164,2.8064
8.9832,8.5324,8.3494
-8.6537,-8.3429,-8.3538
-9.1996,-8.3599,-2.1748
-8.6537,-8.3429,3.1559
-9.1996,-8.3599,9.3349
8.7516,-8.9327,-7.3024
8.7693,-9.0097,-1.6984
2.9251,-8.5918,-7.5654
8.5275,-3.5636,-7.6354
8.7516,-8.9327,4.2073
8.7693,-9.0097,9.8113
2.9251,-8.5918,3.9443
8.5275,-3.5636,3.8743
-2.8489,-8.2088,-7.676
-8.9421,-2.8496,-7.787
3.0462,-2.6898,-7.796
-2.9034,2.7224,-7.527
-2.593,-8.3432,-1.854
-8.7094,-2.8334,-1.709
3.2753,-2.5399,-2.032
-2.8857,2.6453,-1.923
-2.8574,-2.8645,-7.569
-8.7299,3.0632,-7.79
3.3701,2.9585,-8.126
-3.1275,8.0914,-7.86
-2.803,-2.7973,-1.91
3.0533,-8.0582,-2.006
2.8242,2.9416,-1.947
8.8035,-2.3688,-1.633
-2.8489,-8.2088,3.8337
-8.9421,-2.8496,3.7227
3.0462,-2.6898,3.7137
-2.9034,2.7224,3.9827
-2.593,-8.3432,9.6557
-8.7094,-2.8334,9.8007
3.2753,-2.5399,9.4777
-2.8857,2.6453,9.5867
-2.8574,-2.8645,3.9407
-8.7299,3.0632,3.7197
3.3701,2.9585,3.3837
-3.1275,8.0914,3.6497
-2.803,-2.7973,9.5997
3.0533,-8.0582,9.5037
2.8242,2.9416,9.5627
8.8035,-2.3688,9.8767
-8.6088,8.9652,-8.0206
-8.3797,9.1151,-2.2566
-8.6017,3.5968,-2.2306
-2.8515,9.2862,-1.8576
-8.6088,8.9652,3.489
-8.3797,9.1151,9.253
-8.6017,3.5968,9.279
-2.8515,9.2862,9.652
9.1748,3.0926,-7.4482
3.0817,8.4518,-7.5592
9.4308,2.9583,-1.6262
3.3143,8.4681,-1.4812
9.1663,8.4369,-7.3412
9.2208,8.5041,-1.6822
9.1748,3.0926,4.0614
3.0817,8.4518,3.9504
9.4308,2.9583,9.8834
3.3143,8.4681,10.028
9.1663,8.4369,4.1684
9.2208,8.5041,9.8274
-9.143,-11.183,-12.125
-3.1878,-10.709,-11.598
-9.3601,-5.4233,-12.083
-12.05,-8.3592,-11.873
-6.3648,-8.1753,-12.179
-12.305,-2.6903,-11.876
-9.056,-11.296,-6.0298
-9.143,-11.183,-0.61575
-3.3907,-10.787,-6.5108
-9.5524,-5.18,-6.0878
-3.1878,-10.709,-0.088752
-9.3601,-5.4233,-0.57375
-11.834,-8.3026,-6.6208
-12.05,-8.3592,-0.36375
-6.5027,-8.2227,-5.8948
-12.536,-2.6231,-6.2838
-6.3648,-8.1753,-0.66975
-12.305,-2.6903,-0.36675
-7.091,-11.051,-8.9508
-6.2474,-11.394,-3.0868
-12.631,-6.3623,-3.2788
-12.652,-11.706,-8.9208
-7.3201,-5.4339,-8.9448
-12.421,-11.389,-3.1668
-1.3853,-11.084,-3.1728
-9.056,-11.296,5.4799
-9.143,-11.183,10.894
-3.3907,-10.787,4.9989
-9.5524,-5.18,5.4219
-3.1878,-10.709,11.421
-9.3601,-5.4233,10.936
-11.834,-8.3026,4.8889
-12.05,-8.3592,11.146
-6.5027,-8.2227,5.6149
-12.536,-2.6231,5.2259
-6.3648,-8.1753,10.84
-12.305,-2.6903,11.143
-7.091,-11.051,2.5589
-6.2474,-11.394,8.4229
-12.631,-6.3623,8.2309
-12.652,-11.706,2.5889
-7.3201,-5.4339,2.5649
-12.421,-11.389,8.3429
-1.3853,-11.084,8.3369
2.6352,-11.754,-11.492
8.367,-6.2329,-11.688
8.7071,-11.813,-11.479
11.629,-8.7127,-11.421
5.279,-8.7976,-11.545
11.374,-3.0439,-11.424
2.4994,-11.798,-5.5154
8.3302,-6.2952,-5.5804
2.6352,-11.754,0.017623
8.367,-6.2329,-0.17838
8.5098,-11.777,-5.8854
8.7071,-11.813,0.030623
11.845,-8.6562,-6.1684
11.629,-8.7127,0.088623
5.4537,-8.8436,-5.6264
11.142,-2.9767,-5.8314
5.279,-8.7976,-0.035377
11.374,-3.0439,0.085623
4.7317,-11.483,-8.5504
10.478,-5.9324,-8.5114
5.482,-12.301,-2.7254
11.048,-6.7159,-2.8264
5.2211,-6.4274,-8.5384
11.027,-12.059,-8.4684
11.258,-11.743,-2.7144
2.4994,-11.798,5.9943
8.3302,-6.2952,5.9293
2.6352,-11.754,11.527
8.367,-6.2329,11.331
8.5098,-11.777,5.6243
8.7071,-11.813,11.54
11.845,-8.6562,5.3413
11.629,-8.7127,11.598
5.4537,-8.8436,5.8833
11.142,-2.9767,5.6783
5.279,-8.7976,11.474
11.374,-3.0439,11.595
4.7317,-11.483,2.9593
10.478,-5.9324,2.9983
5.482,-12.301,8.7843
11.048,-6.7159,8.6833
5.2211,-6.4274,2.9713
11.027,-12.059,3.0413
11.258,-11.743,8.7953
-3.0632,-5.7643,-11.592
-9.0199,-0.098995,-11.717
2.8808,0.11879,-11.898
-3.288,5.4221,-11.913
2.7825,-5.2757,-11.603
-2.9479,-0.15768,-11.704
8.836,0.59256,-11.371
2.6637,5.8782,-11.856
0.4476,-8.5609,-11.787
6.0712,-2.6884,-11.527
-0.026163,2.9423,-11.646
-0.078489,-2.8433,-11.686
-6.376,2.8574,-11.77
5.659,3.1261,-11.952
-0.28143,8.6111,-11.649
-3.0554,-5.857,-5.596
-9.1556,-0.14284,-5.74
2.9677,0.0049497,-5.802
-3.3248,5.3599,-5.805
-3.0632,-5.7643,-0.082
-9.0199,-0.098995,-0.207
2.8808,0.11879,-0.388
-3.288,5.4221,-0.403
2.8525,-5.5154,-6.118
-3.1452,-0.12162,-6.11
8.6331,0.51407,-6.283
2.4713,6.1214,-5.86
2.7825,-5.2757,-0.093
-2.9479,-0.15768,-0.194
8.836,0.59256,0.139
2.6637,5.8782,-0.346
0.073539,-8.5079,-5.769
-5.98,-2.8815,-6.352
6.2282,-2.7676,-6.354
0.19021,2.9988,-6.393
0.4476,-8.5609,-0.277
-6.5068,-2.8086,-11.149
6.0712,-2.6884,-0.017
-0.026163,2.9423,-0.136
0.076368,-2.7662,-5.886
-6.2013,2.8115,-5.851
5.5211,3.0787,-5.667
-0.51265,8.6783,-6.056
-0.078489,-2.8433,-0.176
-6.376,2.8574,-0.26
5.659,3.1261,-0.442
-0.28143,8.6111,-0.139
-0.79479,-5.6668,-8.531
-6.9233,0.17183,-8.775
4.9328,0.25032,-8.723
-1.1773,5.7226,-8.736
-0.29416,-5.63,-2.828
-6.173,-0.6463,-2.95
5.7764,-0.092631,-2.859
-0.6074,4.9391,-3.051
-6.434,5.2276,-8.763
-0.62791,-0.40447,-8.693
-0.23405,-10.842,-8.712
4.7037,5.8676,-8.717
5.1492,-5.3684,-3.012
-0.39739,-0.087681,-2.939
10.638,0.21708,-2.945
-6.2975,-4.8635,-2.946
-3.0554,-5.857,5.9137
-9.1556,-0.14284,5.7697
2.9677,0.0049497,5.7077
-3.3248,5.3599,5.7047
-3.0632,-5.7643,11.428
-9.0199,-0.098995,11.303
2.8808,0.11879,11.122
-3.288,5.4221,11.107
2.8525,-5.5154,5.3917
-3.1452,-0.12162,5.3997
8.6331,0.51407,5.2267
2.4713,6.1214,5.6497
2.7825,-5.2757,11.417
-2.9479,-0.15768,11.316
8.836,0.59256,11.649
2.6637,5.8782,11.164
0.073539,-8.5079,5.7407
-5.98,-2.8815,5.1577
6.2282,-2.7676,5.1557
0.19021,2.9988,5.1167
0.4476,-8.5609,11.233
-6.5068,-2.8086,0.36066
6.0712,-2.6884,11.493
-0.026163,2.9423,11.374
0.076368,-2.7662,5.6237
-6.2013,2.8115,5.6587
5.5211,3.0787,5.8427
-0.51265,8.6783,5.4537
-0.078489,-2.8433,11.334
-6.376,2.8574,11.25
5.659,3.1261,11.068
-0.28143,8.6111,11.371
-0.79479,-5.6668,2.9787
-6.9233,0.17183,2.7347
4.9328,0.25032,2.7867
-1.1773,5.7226,2.7737
-0.29416,-5.63,8.6817
-6.173,-0.6463,8.5597
5.7764,-0.092631,8.6507
-0.6074,4.9391,8.4587
-6.434,5.2276,2.7467
-0.62791,-0.40447,2.8167
-0.23405,-10.842,2.7977
4.7037,5.8676,2.7927
5.1492,-5.3684,8.4977
-0.39739,-0.087681,8.5707
10.638,0.21708,8.5647
-6.2975,-4.8635,8.5637
-6.5068,-2.8086,11.87
-8.7743,11.774,-12.122
-8.8726,6.3793,-11.827
-2.819,12.248,-11.595
-11.207,3.0941,-12.011
-5.5838,8.9666,-11.751
-11.734,8.8117,-11.91
-8.6873,11.66,-6.0266
-8.7743,11.774,-0.61262
-8.8026,6.1396,-6.3426
-3.022,12.169,-6.5076
-8.8726,6.3793,-0.31762
-2.819,12.248,-0.085623
-11.581,3.1471,-5.9936
-5.4268,8.8874,-6.5786
-11.207,3.0941,-0.50162
-5.5838,8.9666,-0.24162
-11.579,8.8888,-6.1106
-11.734,8.8117,-0.40062
-12.45,5.9883,-8.7556
-6.7222,11.905,-8.9476
-11.949,6.025,-3.0526
-5.8787,11.562,-3.0836
-12.283,11.251,-8.9176
-11.889,0.81295,-8.9366
-6.5059,6.2867,-3.2366
-12.052,11.567,-3.1636
-1.0166,11.872,-3.1696
-8.6873,11.66,5.483
-8.7743,11.774,10.897
-8.8026,6.1396,5.167
-3.022,12.169,5.002
-8.8726,6.3793,11.192
-2.819,12.248,11.424
-11.581,3.1471,5.516
-5.4268,8.8874,4.931
-11.207,3.0941,11.008
-5.5838,8.9666,11.268
-11.579,8.8888,5.399
-11.734,8.8117,11.109
-12.45,5.9883,2.754
-6.7222,11.905,2.562
-11.949,6.025,8.457
-5.8787,11.562,8.426
-12.283,11.251,2.592
-11.889,0.81295,2.573
-6.5059,6.2867,8.273
-12.052,11.567,8.346
-1.0166,11.872,8.34
8.9606,5.5371,-11.364
3.0039,11.202,-11.489
9.0758,11.144,-11.476
12.471,2.7405,-11.559
11.945,8.4582,-11.458
8.9684,5.4445,-5.3682
2.8681,11.159,-5.5122
8.9606,5.5371,0.14575
3.0039,11.202,0.020752
8.8785,11.18,-5.8822
9.0758,11.144,0.033752
12.097,2.7935,-5.5412
6.0438,8.42,-6.1242
12.471,2.7405,-0.049248
5.517,8.4928,-10.921
12.1,8.5352,-5.6582
11.945,8.4582,0.051752
11.229,5.6347,-8.3032
5.1005,11.473,-8.5472
11.73,5.6714,-2.6002
5.8507,10.655,-2.7222
11.396,10.897,-8.4652
11.79,0.45936,-8.4842
11.626,11.214,-2.7112
5.7263,6.438,-2.7182
8.9684,5.4445,6.1414
2.8681,11.159,5.9974
8.9606,5.5371,11.655
3.0039,11.202,11.53
8.8785,11.18,5.6274
9.0758,11.144,11.543
12.097,2.7935,5.9684
6.0438,8.42,5.3854
12.471,2.7405,11.46
5.517,8.4928,0.58841
12.1,8.5352,5.8514
11.945,8.4582,11.561
11.229,5.6347,3.2064
5.1005,11.473,2.9624
11.73,5.6714,8.9094
5.8507,10.655,8.7874
11.396,10.897,3.0444
11.79,0.45936,3.0254
11.626,11.214,8.7984
5.7263,6.438,8.7914
5.517,8.4928,12.098
0.13469,12.114,-8.7089
0.13469,12.114,2.8008
0.11771,12.021,-8.6989
0.11771,12.021,2.8108
0.34823,11.676,-3.1799
0.34823,11.676,8.3298
0,0,0
0.16051,-5.5755,0.237
0.025456,0.073539,-5.717
-0.33375,5.7714,0.188
0.025456,0.073539,5.7927
6.0111,0.29911,0.189
-6.0337,-0.0035355,0.168
-0.031113,-5.6102,-5.558
-0.25951,5.7311,-5.631
5.9298,-5.572,0.091
5.9192,0.28638,-5.582
-0.031113,-5.6102,5.9517
-5.9673,-5.6236,-0.012
-0.25951,5.7311,5.8787
-6.0451,-0.1492,-5.584
6.0565,5.6778,0.21575
-5.7252,6.083,-0.13362
5.9192,0.28638,5.9277
-6.0451,-0.1492,5.9257
5.5209,-6.0102,-5.4324
5.4928,6.0076,-5.642
5.4928,6.0076,5.8677
-6.1342,5.6448,-5.657
-6.531,-5.2939,5.6399
5.5209,-6.0102,6.0773
-6.1342,5.6448,5.8527
-6.531,-5.2939,-5.8698
0.23205,11.225,0.43775
0,0,-11.51
0,0,11.51
-0.13669,-11.731,0.43462
-11.792,-0.076368,0.21
11.887,-0.42996,0.66238
-0.47671,-10.939,5.6299
-0.47671,-10.939,-5.8798
-6.0126,-11.002,-0.038752
0.16051,-5.5755,-11.273
-0.33375,5.7714,-11.322
11.321,-5.8836,0.41262
5.99,11.298,0.39575
6.0111,0.29911,-11.321
-6.0337,-0.0035355,-11.342
11.547,0.36204,-5.652
5.6213,-11.659,0.39262
11.547,0.36204,5.8577
-11.495,6.0795,0.012377
0.16051,-5.5755,11.747
-0.33375,5.7714,11.698
-6.0337,-0.0035355,11.678
6.0111,0.29911,11.699
-5.6439,11.954,-0.035623
-0.10797,12.017,5.633
-12.132,0.71563,5.4053
-0.10797,12.017,-5.8766
12.184,5.7259,0.46475
-12.358,-5.53,-0.039752
-12.132,0.71563,-6.1044
5.9787,11.152,-5.3562
-6.1046,-11.015,5.6999
-6.1046,-11.015,-5.8098
11.396,-5.9239,-5.4064
6.0565,5.6778,-11.294
5.9298,-5.572,-11.419
5.9787,11.152,6.1534
-5.7252,6.083,11.376
-5.9673,-5.6236,11.498
5.61,-11.804,-5.3594
-5.9673,-5.6236,-11.522
5.9298,-5.572,11.601
11.396,-5.9239,6.1033
11.993,5.6912,-5.3302
-5.7252,6.083,-11.643
-11.686,6.0448,5.727
6.0565,5.6778,11.725
-11.686,6.0448,-5.7826
-5.7358,11.941,5.703
5.61,-11.804,6.1503
-5.7358,11.941,-5.8066
-12.283,-5.5703,5.6509
11.993,5.6912,6.1794
-12.283,-5.5703,-5.8588
0.23205,11.225,-11.072
11.887,-0.42996,-10.847
-0.13669,-11.731,-11.075
-11.792,-0.076368,-11.3
0.23205,11.225,11.947
11.655,-11.655,0.22462
-11.655,11.655,-0.22462
-12.024,-11.301,-0.22775
12.024,11.301,0.22775
-11.792,-0.076368,11.72
-0.13669,-11.731,11.944
11.321,-5.8836,-11.097
5.99,11.298,-11.114
-6.0126,-11.002,11.471
11.887,-0.42996,12.172
-6.0126,-11.002,-11.548
5.6213,-11.659,-11.117
11.68,-11.581,-5.4924
-11.998,-11.228,5.5649
-11.495,6.0795,-11.497
-11.495,6.0795,11.522
12.184,5.7259,-11.045
-11.63,11.729,5.568
12.049,11.375,-5.4892
11.321,-5.8836,11.922
5.99,11.298,11.905
-11.998,-11.228,-5.9448
-5.6439,11.954,11.474
11.68,-11.581,6.0173
-5.6439,11.954,-11.545
-11.63,11.729,-5.9416
5.6213,-11.659,11.902
12.049,11.375,6.0204
-12.358,-5.53,11.47
-12.358,-5.53,-11.549
12.184,5.7259,11.974
11.655,-11.655,-11.285
-11.655,11.655,11.285
-12.024,-11.301,11.282
12.024,11.301,-11.282
-11.655,11.655,-11.734
11.655,-11.655,11.734
-12.024,-11.301,-11.737
12.024,11.301,11.737
