-9.488,-10.004,-9.0977
-3.9549,-9.8489,-9.3717
-10.122,-9.8822,-2.7736
-9.488,-10.004,3.7884
-3.9549,-9.8489,3.5144
-10.122,-9.8822,10.113
10.058,-10.303,-8.5928
3.2907,-10.522,-3.3036
10.038,-9.8385,-2.5846
10.058,-10.303,4.2934
3.2907,-10.522,9.5825
10.038,-9.8385,10.301
3.2117,-9.8316,-9.7941
-3.2251,-3.573,-8.8661
9.5615,-3.9004,-9.5221
3.6748,2.7174,-8.9251
3.5094,-4.4003,-9.3881
-2.8786,2.634,-8.7691
9.2079,2.8723,-9.1991
-9.6435,-3.2484,-10.194
-9.6464,2.4155,-3.48
-3.6077,-3.4281,-2.919
8.7936,-3.5355,-3.059
3.0413,2.839,-2.601
3.2117,-9.8316,3.092
-3.2251,-3.573,4.02
9.5615,-3.9004,3.364
3.6748,2.7174,3.961
3.1594,-3.8,-3.293
-2.8991,3.0985,-2.761
-2.716,-10.334,-2.019
-9.6082,-3.1777,-4.315
3.5094,-4.4003,3.498
-2.8786,2.634,4.117
9.2079,2.8723,3.687
-9.6435,-3.2484,2.692
-9.6464,2.4155,9.4061
-3.6077,-3.4281,9.9671
8.7936,-3.5355,9.8271
3.0413,2.839,10.285
3.1594,-3.8,9.5931
-2.8991,3.0985,10.125
-2.716,-10.334,10.867
-9.6082,-3.1777,8.5711
-9.7254,3.1054,-9.9705
-3.3755,9.0366,-9.6985
-9.4277,8.5367,-9.5645
-4.1435,9.4015,-3.2354
-9.7254,3.1054,2.9156
-3.3755,9.0366,3.1876
-9.7777,9.137,-3.4694
-9.4277,8.5367,3.3216
-4.1435,9.4015,9.6508
-9.7777,9.137,9.4168
9.9377,9.1482,-8.6936
3.5193,9.4728,-10.022
9.5552,9.2932,-2.7464
9.9377,9.1482,4.1926
10.447,2.3868,-1.8464
3.5547,9.5435,-4.1424
3.5193,9.4728,2.8646
9.5552,9.2932,10.14
10.447,2.3868,11.04
3.5547,9.5435,8.7437
-9.4095,-10.047,-10.589
-10.474,-3.8993,-3.4876
-10.378,-9.9904,-4.2826
-9.4095,-10.047,2.2974
-10.474,-3.8993,9.3986
-10.378,-9.9904,8.6036
10.631,-11.539,-9.1378
4.369,-9.8632,-9.0188
8.717,-9.2191,-2.3906
10.631,-11.539,3.7484
4.369,-9.8632,3.8674
8.717,-9.2191,10.495
-2.3257,-10.387,-9.5351
-8.8487,-3.8749,-9.1061
3.916,-3.4776,-8.2791
-2.3059,1.398,-9.3141
-1.8356,-3.9966,-8.5661
-8.568,3.0738,-9.1951
3.7533,2.6743,-10.416
8.1395,-3.5122,-9.3381
-2.1637,-10.204,-3.425
2.6884,8.8219,-3.315
2.6884,-3.5058,-1.896
-4.22,3.718,-2.567
-2.3257,-10.387,3.351
-8.8487,-3.8749,3.78
3.916,-3.4776,4.607
-2.3059,1.398,3.572
-3.5567,-3.5893,-1.437
3.4875,-9.7849,-2.084
2.7846,2.7308,-4.11
9.4547,-3.2576,-1.745
-1.8356,-3.9966,4.32
-8.568,3.0738,3.691
3.7533,2.6743,2.47
8.1395,-3.5122,3.548
-2.1637,-10.204,9.4611
2.6884,8.8219,9.5711
2.6884,-3.5058,10.99
-4.22,3.718,10.319
-3.5567,-3.5893,11.449
3.4875,-9.7849,10.802
2.7846,2.7308,8.7761
9.4547,-3.2576,11.141
-9.0211,9.4595,-8.4555
-4.7975,9.4248,-9.5145
-10.249,9.4312,-2.0724
-9.0211,9.4595,4.4306
-9.4496,3.1521,-2.2604
-3.4823,9.6794,-1.9214
-4.7975,9.4248,3.3716
-10.249,9.4312,10.814
-9.4496,3.1521,10.626
-3.4823,9.6794,10.965
10.837,2.3345,-9.3626
4.3141,8.8463,-8.9336
11.327,8.7246,-8.3936
10.999,2.5177,-3.2524
10.837,2.3345,3.5236
4.3141,8.8463,3.9526
9.6061,9.1319,-1.2644
11.327,8.7246,4.4926
10.999,2.5177,9.6337
9.6061,9.1319,11.622
-10.571,-13.778,-12.285
-9.5948,-13.256,-6.3267
-3.8022,-13.138,-12.317
-9.9187,-6.8452,-11.875
-3.6714,-12.986,-7.6357
-9.7369,-6.5602,-6.9147
-13.173,-9.8249,-11.711
-13.331,-10.303,-6.1987
-6.2481,-9.8115,-12.996
-12.41,-3.4645,-13.087
-7.5216,-13.071,-9.5467
-13.698,-5.8602,-9.5087
-12.574,-14.374,-9.1617
-10.571,-13.778,0.60145
-9.5948,-13.256,6.5594
-3.8022,-13.138,0.56945
-9.9187,-6.8452,1.0114
-3.6714,-12.986,5.2504
-9.7369,-6.5602,5.9714
-13.173,-9.8249,1.1754
-13.331,-10.303,6.6874
-6.2481,-9.8115,-0.10955
-12.41,-3.4645,-0.20055
-6.5408,-9.3674,-4.7446
-13.286,-3.7862,-5.7496
-8.0236,-13.425,-2.6216
-12.266,-7.2631,-2.4716
-7.5216,-13.071,3.3394
-13.698,-5.8602,3.3774
-12.529,-13.072,-2.9606
-1.6165,-13.32,-3.3876
-7.5802,-5.7937,-2.8646
-12.574,-14.374,3.7244
-10.571,-13.778,13.488
-3.8022,-13.138,13.456
-9.9187,-6.8452,13.898
-13.173,-9.8249,14.062
-6.2481,-9.8115,12.777
-12.41,-3.4645,12.686
-6.5408,-9.3674,8.1416
-13.286,-3.7862,7.1366
-8.0236,-13.425,10.265
-12.266,-7.2631,10.415
-12.529,-13.072,9.9256
-1.6165,-13.32,9.4986
-7.5802,-5.7937,10.022
3.3621,-13.72,-13.761
9.7727,-6.4253,-13.146
3.4979,-13.276,-7.0068
9.8067,-12.835,-12.661
10.081,-13.735,-5.7898
12.927,-10.041,-11.362
12.769,-10.519,-5.8498
6.2754,-10.316,-12.487
13.69,-3.6803,-12.738
7.4131,-12.452,-9.0988
12.402,-6.076,-9.1598
3.3621,-13.72,-0.87464
9.7727,-6.4253,-0.25964
3.4979,-13.276,5.8794
9.6129,-7.0631,-4.8866
9.8067,-12.835,0.22536
10.081,-13.735,7.0964
12.927,-10.041,1.5244
12.769,-10.519,7.0364
6.2754,-10.316,0.39936
13.69,-3.6803,0.14836
6.8587,-10.322,-5.2036
12.814,-4.002,-5.4006
6.2033,-14.027,-3.0336
13.834,-7.4789,-2.1226
7.4131,-12.452,3.7874
12.402,-6.076,3.7264
13.571,-13.288,-2.6116
3.3621,-13.72,12.011
9.7727,-6.4253,12.626
9.6129,-7.0631,7.9995
9.8067,-12.835,13.111
12.927,-10.041,14.41
6.2754,-10.316,13.285
13.69,-3.6803,13.034
6.8587,-10.322,7.6825
12.814,-4.002,7.4855
6.2033,-14.027,9.8525
13.834,-7.4789,10.763
13.571,-13.288,10.274
-3.4719,-6.9014,-12.979
-9.5749,-0.78277,-13.937
2.5923,-1.0564,-12.112
-3.1643,6.5117,-13.322
-9.4392,-0.3387,-7.1831
3.5681,-0.53457,-6.1541
3.1275,-7.0421,-12.222
-3.1304,0.10253,-12.837
9.3607,-0.41719,-12.144
3.2442,5.8761,-11.702
4.1323,-7.1616,-6.3351
-2.856,-0.79832,-5.9661
9.4915,-0.26517,-7.4631
3.4259,6.161,-6.7421
0.89661,-10.431,-12.985
-6.5612,-3.474,-12.451
6.6001,-3.5468,-12.885
-0.0098995,2.8963,-11.538
0.26729,-10.311,-6.8081
-6.4686,-3.5044,-6.5701
6.7571,-3.5016,-6.2321
-0.16829,2.4183,-6.0261
-0.1096,-3.5914,-12.054
-6.6617,2.6212,-12.663
6.9148,2.9097,-12.823
0.75307,9.2567,-12.914
-0.49073,-7.2238,-9.3601
-5.5239,0.48508,-9.2751
5.6413,-0.34931,-9.3741
-0.53528,6.8611,-9.3361
6.5987,-6.8476,-9.4281
0.58902,-1.6525,-8.9891
0.59468,-12.876,-9.5321
-5.9036,-6.9035,-9.1021
-3.4719,-6.9014,-0.093
-9.5749,-0.78277,-1.051
2.5923,-1.0564,0.774
-3.1643,6.5117,-0.436
-3.1997,-6.7437,-5.623
-9.4392,-0.3387,5.703
3.5681,-0.53457,6.732
-3.3241,5.8739,-5.063
3.1275,-7.0421,0.664
-3.1304,0.10253,0.049
9.3607,-0.41719,0.742
3.2442,5.8761,1.184
4.1323,-7.1616,6.551
-2.856,-0.79832,6.92
9.4915,-0.26517,5.423
3.4259,6.161,6.144
0.89661,-10.431,-0.099
-6.5612,-3.474,0.435
6.6001,-3.5468,0.001
-0.0098995,2.8963,1.348
0.26729,-10.311,6.078
-6.4686,-3.5044,6.316
6.7571,-3.5016,6.654
-0.16829,2.4183,6.86
-0.1096,-3.5914,0.832
-6.6617,2.6212,0.223
6.9148,2.9097,0.063
0.75307,9.2567,-0.028
-0.23688,-4.1613,-5.363
-6.0783,2.6149,-5.38
6.6221,3.3538,-4.572
-0.12304,8.935,-5.577
0.7757,-7.9896,-2.874
-6.7338,-1.0897,-3.21
5.1393,-0.70428,-2.449
0.89732,5.4582,-2.299
-0.49073,-7.2238,3.526
-5.5239,0.48508,3.611
5.6413,-0.34931,3.512
-0.53528,6.8611,3.55
6.0062,-6.6977,-2.609
0.63357,-0.35072,-2.788
11.546,-0.59892,-3.215
5.5826,6.9275,-2.692
6.5987,-6.8476,3.458
0.58902,-1.6525,3.897
0.59468,-12.876,3.354
-5.9036,-6.9035,3.784
-3.4719,-6.9014,12.793
-9.5749,-0.78277,11.835
2.5923,-1.0564,13.66
-3.1643,6.5117,12.45
-3.1997,-6.7437,7.2631
-3.3241,5.8739,7.8231
3.1275,-7.0421,13.55
-3.1304,0.10253,12.935
9.3607,-0.41719,13.628
3.2442,5.8761,14.07
0.89661,-10.431,12.787
-6.5612,-3.474,13.321
6.6001,-3.5468,12.887
-0.0098995,2.8963,14.234
-0.1096,-3.5914,13.718
-6.6617,2.6212,13.109
6.9148,2.9097,12.949
0.75307,9.2567,12.858
-0.23688,-4.1613,7.5231
-6.0783,2.6149,7.5061
6.6221,3.3538,8.3141
-0.12304,8.935,7.3091
0.7757,-7.9896,10.012
-6.7338,-1.0897,9.6761
5.1393,-0.70428,10.437
0.89732,5.4582,10.587
6.0062,-6.6977,10.277
0.63357,-0.35072,10.098
11.546,-0.59892,9.6711
5.5826,6.9275,10.194
-10.345,11.881,-12.288
-9.369,12.402,-6.3305
-9.8095,5.895,-12.398
-3.5764,12.52,-12.32
-8.8047,5.7755,-6.5115
-3.4455,12.672,-7.6395
-12.04,2.5058,-13.161
-6.3369,9.3902,-13.061
-12.67,2.626,-6.9845
-6.1799,9.4354,-6.4085
-13.047,9.3456,-12.23
-13.428,5.7132,-9.5365
-7.2957,12.588,-9.5505
-6.3383,6.0894,-9.6045
-12.348,11.285,-9.1655
-12.342,0.061332,-9.7085
-10.345,11.881,0.59764
-9.369,12.402,6.5556
-9.8095,5.895,0.48764
-3.5764,12.52,0.56564
-8.8047,5.7755,6.3746
-3.4455,12.672,5.2466
-12.04,2.5058,-0.27536
-6.3369,9.3902,-0.17536
-12.67,2.626,5.9016
-6.1799,9.4354,6.4776
-13.047,9.3456,0.65564
-13.174,8.7757,-5.5394
-12.161,4.9474,-3.0504
-7.7978,12.233,-2.6254
-13.428,5.7132,3.3496
-7.2957,12.588,3.3356
-6.9309,6.2393,-2.7854
-12.303,12.586,-2.9644
-1.3907,12.338,-3.3914
-6.3383,6.0894,3.2816
-12.348,11.285,3.7206
-12.342,0.061332,3.1776
-10.345,11.881,13.484
-9.8095,5.895,13.374
-3.5764,12.52,13.452
-12.04,2.5058,12.611
-6.3369,9.3902,12.711
-13.047,9.3456,13.542
-13.174,8.7757,7.3468
-12.161,4.9474,9.8358
-7.7978,12.233,10.261
-6.9309,6.2393,10.101
-12.303,12.586,9.9218
-1.3907,12.338,9.4948
9.691,5.8198,-12.807
3.5879,11.938,-13.765
3.7237,12.383,-7.0106
10.032,12.824,-12.665
10.307,11.923,-5.7936
14.059,2.29,-12.813
6.6016,9.2472,-12.279
13.43,2.4102,-6.6356
6.6942,9.2168,-6.3976
13.053,9.1298,-11.882
12.672,5.4974,-9.1876
7.6389,13.206,-9.1026
13.752,11.069,-8.8166
13.758,-0.1545,-9.3596
7.2592,5.8177,-8.9296
9.691,5.8198,0.079551
3.5879,11.938,-0.87845
9.9632,5.9775,-5.4504
3.7237,12.383,5.8756
10.032,12.824,0.22155
10.307,11.923,7.0926
14.059,2.29,0.073551
6.6016,9.2472,0.60755
13.43,2.4102,6.2506
6.6942,9.2168,6.4886
13.053,9.1298,1.0046
12.926,8.5599,-5.1904
13.939,4.7316,-2.7014
6.4291,11.632,-3.0374
12.672,5.4974,3.6986
7.6389,13.206,3.7836
13.796,12.37,-2.6154
13.752,11.069,4.0696
13.758,-0.1545,3.5266
7.2592,5.8177,3.9566
9.691,5.8198,12.966
3.5879,11.938,12.008
9.9632,5.9775,7.4357
10.032,12.824,13.108
14.059,2.29,12.96
6.6016,9.2472,13.494
13.053,9.1298,13.891
12.926,8.5599,7.6957
13.939,4.7316,10.185
6.4291,11.632,9.8487
13.796,12.37,10.271
0.8205,12.783,-9.5359
0.8205,12.783,3.3502
0.80989,12.772,-9.6269
0.80989,12.772,3.2592
0.80918,12.754,-9.7349
0.80918,12.754,3.1512
0,0,0
0.10112,-0.70216,-5.9701
-6.137,-0.34295,0.579
0.14566,6.1773,0.366
6.3208,-0.51548,0.436
0.10112,-0.70216,6.916
-0.26446,-7.1319,0.555
6.2466,-0.52609,-5.309
-5.9609,5.7233,0.604
-6.1221,-0.45255,-5.9881
0.23335,6.1759,-6.3781
6.4919,6.0281,0.669
0.23335,6.1759,6.508
0.36133,-7.011,-5.612
-6.1221,-0.45255,6.898
-6.6709,-6.6931,0.49645
6.2466,-0.52609,7.5771
6.9761,-7.2137,0.78036
-6.2466,5.5833,-5.611
0.36133,-7.011,7.2741
6.7317,6.0016,-5.4934
-6.4311,-6.7196,-5.666
-6.2466,5.5833,7.2751
6.6905,-7.3537,-5.4346
6.7317,6.0016,7.3927
-6.4311,-6.7196,7.2201
0.19092,12.1,0.29
6.6905,-7.3537,7.4515
0,0,12.886
0,0,-12.886
-12.972,-0.6212,0.11745
13.128,-0.83703,0.46636
-0.0349,-13.558,0.29381
-6.137,-0.34295,-12.307
-0.45519,12.479,6.2386
0.14566,6.1773,-12.52
6.3208,-0.51548,-12.45
12.482,-0.45821,6.415
12.482,-0.45821,-6.4711
-6.6162,12.422,0.25964
12.898,5.5893,0.72755
-0.45519,12.479,-6.6475
-0.26446,-7.1319,-12.331
7.0259,12.378,0.75155
-13.201,5.8052,0.37864
-13.017,-6.5439,0.19345
-0.68101,-13.179,6.2424
0.14566,6.1773,13.252
13.083,-6.7598,0.54236
6.3208,-0.51548,13.322
-0.68101,-13.179,-6.6437
-6.137,-0.34295,13.465
-5.9609,5.7233,-12.282
-6.842,-13.237,0.26345
-13.618,-0.24237,6.0661
6.8001,-13.28,0.75536
-12.576,5.9261,-5.7884
6.4919,6.0281,-12.217
-6.6905,12.411,-5.4854
-0.26446,-7.1319,13.441
-13.618,-0.24237,-6.82
7.0407,12.269,-5.8156
-6.6709,-6.6931,-12.39
-12.576,5.9261,7.0978
13.524,5.7102,-5.4394
6.9761,-7.2137,-12.106
7.0407,12.269,7.0706
-12.93,-6.5453,6.3354
-5.9609,5.7233,13.49
-12.93,-6.5453,-6.5507
-6.9163,-13.247,-5.4816
-6.6905,12.411,7.4008
13.17,-6.7612,-6.2018
6.8149,-13.39,-5.8118
6.4919,6.0281,13.555
13.17,-6.7612,6.6844
-6.6709,-6.6931,13.383
13.524,5.7102,7.4467
6.8149,-13.39,7.0744
-6.9163,-13.247,7.4046
6.9761,-7.2137,13.666
0.19092,12.1,-12.596
0.19092,12.1,13.176
13.128,-0.83703,-12.42
-12.972,-0.6212,-12.769
12.937,-12.937,0.17636
-12.937,12.937,-0.17636
-13.163,-12.721,-0.17255
13.163,12.721,0.17255
-12.972,-0.6212,13.004
-0.0349,-13.558,-12.592
12.898,5.5893,-12.159
7.0259,12.378,-12.135
13.128,-0.83703,13.352
-12.836,12.235,-6.1465
13.264,12.019,-5.7976
-6.6162,12.422,-12.626
-0.0349,-13.558,13.18
-12.836,12.235,6.7396
-13.201,5.8052,-12.507
13.083,-6.7598,-12.344
6.8001,-13.28,-12.131
13.264,12.019,7.0886
-6.6162,12.422,13.146
-13.017,-6.5439,-12.693
-6.842,-13.237,-12.623
12.898,5.5893,13.614
-13.017,-6.5439,13.08
-13.201,5.8052,13.265
-13.062,-13.423,-6.1427
7.0259,12.378,13.638
13.038,-13.639,-5.7938
-6.842,-13.237,13.15
-13.062,-13.423,6.7434
13.083,-6.7598,13.428
13.038,-13.639,7.0924
6.8001,-13.28,13.641
12.937,-12.937,-12.71
-12.937,12.937,12.71
-13.163,-12.721,12.714
13.163,12.721,-12.714
12.937,-12.937,13.062
-12.937,12.937,-13.062
-13.163,-12.721,-13.059
13.163,12.721,13.059
