-10.474,-8.3019,-8.7738
-8.9931,-8.234,-3.0418
-10.397,-2.831,-9.1588
-9.901,-2.8784,-3.1768
-10.474,-8.3019,2.7359
-8.9931,-8.234,8.4679
-10.397,-2.831,2.3509
-9.901,-2.8784,8.3329
1.7958,-9.2318,-8.2384
2.7518,-8.3946,-2.0854
7.6563,-9.3449,-7.7494
7.6486,-8.3217,-2.4354
1.7958,-9.2318,3.2713
2.7518,-8.3946,9.4243
7.6563,-9.3449,3.7603
7.6486,-8.3217,9.0743
-9.8592,2.4233,-8.463
-3.4641,-2.4176,-8.786
8.7745,-1.9905,-7.935
1.55,2.9995,-8.546
-8.9032,3.2605,-2.31
-2.7726,-2.6029,-2.582
8.5609,-1.6652,-3.093
3.0307,3.0674,-2.814
2.6361,-3.2046,-8.314
-3.9987,2.3101,-7.974
-3.0285,-8.2215,-8.929
1.6271,8.4704,-8.931
2.6651,-2.9833,-3.24
-4.0065,3.3333,-2.66
-3.3255,-7.8326,-3.092
2.1227,8.4231,-2.949
-9.8592,2.4233,3.0467
-3.4641,-2.4176,2.7237
8.7745,-1.9905,3.5747
1.55,2.9995,2.9637
-8.9032,3.2605,9.1997
-2.7726,-2.6029,8.9277
8.5609,-1.6652,8.4167
3.0307,3.0674,8.6957
2.6361,-3.2046,3.1957
-3.9987,2.3101,3.5357
-3.0285,-8.2215,2.5807
1.6271,8.4704,2.5787
2.6651,-2.9833,8.2697
-4.0065,3.3333,8.8497
-3.3255,-7.8326,8.4177
2.1227,8.4231,8.5607
-2.8805,9.6645,-8.1596
-3.0941,9.9898,-3.3176
-9.0189,8.4504,-8.5386
-8.9899,8.6717,-3.4646
-2.8805,9.6645,3.35
-3.0941,9.9898,8.192
-9.0189,8.4504,2.971
-8.9899,8.6717,8.045
8.5596,8.8838,-8.5582
9.2512,8.6986,-2.3542
8.9952,3.0799,-8.7012
8.6982,3.4688,-2.8642
8.5596,8.8838,2.9514
9.2512,8.6986,9.1554
8.9952,3.0799,2.8084
8.6982,3.4688,8.6454
-9.1685,-3.5657,-8.7608
-4.358,-8.8089,-3.3408
-9.2689,-8.4348,-7.9128
-10.477,-8.0869,-3.3128
-9.1685,-3.5657,2.7489
-4.358,-8.8089,8.1689
-9.2689,-8.4348,3.5969
-10.477,-8.0869,8.1969
8.3288,-8.4419,-8.7404
8.6286,-9.3244,-3.0084
8.3649,-3.5056,-8.7164
8.8365,-3.314,-2.3834
8.3288,-8.4419,2.7693
8.6286,-9.3244,8.5013
8.3649,-3.5056,2.7933
8.8365,-3.314,9.1263
-3.5228,-6.8278,-8.784
2.8553,7.7357,-8.533
2.9034,-2.1652,-7.278
-3.3262,3.2131,-8.965
7.6657,2.4926,-3.113
-9.821,-1.7953,-3.281
2.4579,-1.6221,-2.66
-3.0264,2.3306,-3.233
-2.9981,-2.7209,-10.171
2.9805,-7.6304,-8.431
2.7549,2.8666,-7.685
-3.2902,8.1494,-8.941
-3.6112,-2.6495,-3.838
1.9438,-8.4676,-3.154
1.5471,3.2145,-3.085
-2.8185,8.341,-2.608
-3.5228,-6.8278,2.7257
2.8553,7.7357,2.9767
2.9034,-2.1652,4.2317
-3.3262,3.2131,2.5447
7.6657,2.4926,8.3967
-9.821,-1.7953,8.2287
2.4579,-1.6221,8.8497
-3.0264,2.3306,8.2767
-2.9981,-2.7209,1.3387
2.9805,-7.6304,3.0787
2.7549,2.8666,3.8247
-3.2902,8.1494,2.5687
-3.6112,-2.6495,7.6717
1.9438,-8.4676,8.3557
1.5471,3.2145,8.4247
-2.8185,8.341,8.9017
-8.7516,9.4899,-7.5026
-9.1971,10.033,-2.8846
-8.6746,4.0246,-8.6556
-9.7112,3.1874,-3.3786
-8.7516,9.4899,4.007
-9.1971,10.033,8.625
-8.6746,4.0246,2.854
-9.7112,3.1874,8.131
8.501,4.4736,-8.5562
2.2028,9.5061,-3.0532
9.0256,8.5805,-9.9432
8.4126,8.6519,-3.6102
8.501,4.4736,2.9534
2.2028,9.5061,8.4564
9.0256,8.5805,1.5664
8.4126,8.6519,7.8994
-9.2229,-10.687,-12.155
-3.5901,-10.462,-11.8
-9.4909,-4.9912,-11.953
-12.325,-8.0289,-12.138
-6.8506,-7.9483,-11.895
-12.626,-2.587,-12.341
-9.4117,-11.129,-5.4978
-9.2229,-10.687,-0.64575
-3.7329,-10.326,-6.1918
-9.5871,-5.3759,-6.2628
-3.5901,-10.462,-0.29075
-9.4909,-4.9912,-0.44375
-12.845,-8.2842,-5.7458
-12.325,-8.0289,-0.62875
-6.4935,-8.0933,-5.5968
-12.56,-2.4463,-5.5498
-6.8506,-7.9483,-0.38575
-12.626,-2.587,-0.83175
-7.4721,-10.97,-8.6908
-6.8223,-11.13,-3.1528
-12.334,-5.4897,-3.2638
-11.768,-11.452,-8.8228
-7.1808,-6.0356,-8.4108
-12.679,-11.029,-2.9408
-1.1039,-10.374,-2.9578
-7.0337,-5.2012,-2.8148
-9.4117,-11.129,6.0119
-9.2229,-10.687,10.864
-3.7329,-10.326,5.3179
-9.5871,-5.3759,5.2469
-3.5901,-10.462,11.219
-9.4909,-4.9912,11.066
-12.845,-8.2842,5.7639
-12.325,-8.0289,10.881
-6.4935,-8.0933,5.9129
-12.56,-2.4463,5.9599
-6.8506,-7.9483,11.124
-12.626,-2.587,10.678
-7.4721,-10.97,2.8189
-6.8223,-11.13,8.3569
-12.334,-5.4897,8.2459
-11.768,-11.452,2.6869
-7.1808,-6.0356,3.0989
-12.679,-11.029,8.5689
-1.1039,-10.374,8.5519
-7.0337,-5.2012,8.6949
-12.759,1.2806,-3.1824
-12.759,1.2806,8.3273
2.6635,-11.765,-11.687
8.3231,-5.6248,-11.336
8.7891,-11.248,-11.095
11.354,-8.3825,-11.686
5.1765,-8.6625,-11.061
11.053,-2.9406,-11.889
2.1869,-11.177,-5.3594
8.5501,-5.3992,-5.1784
2.6635,-11.765,-0.17738
8.3231,-5.6248,0.17362
8.5034,-11.53,-5.2924
8.7891,-11.248,0.41462
10.834,-8.6378,-5.2934
11.354,-8.3825,-0.17638
5.325,-8.6541,-4.9294
11.118,-2.7999,-5.0974
5.1765,-8.6625,0.44862
11.053,-2.9406,-0.37938
4.5168,-11.677,-8.3214
10.542,-5.8058,-8.4354
5.5279,-12.4,-2.5404
11.345,-5.8433,-2.8114
6.2732,-6.0328,-8.3184
11.91,-11.806,-8.3704
-0.11901,-12.067,-8.1214
11,-11.383,-2.4884
2.1869,-11.177,6.1503
8.5501,-5.3992,6.3313
2.6635,-11.765,11.332
8.3231,-5.6248,11.683
8.5034,-11.53,6.2173
8.7891,-11.248,11.924
10.834,-8.6378,6.2163
11.354,-8.3825,11.333
5.325,-8.6541,6.5803
11.118,-2.7999,6.4123
5.1765,-8.6625,11.958
11.053,-2.9406,11.13
4.5168,-11.677,3.1883
10.542,-5.8058,3.0743
5.5279,-12.4,8.9693
11.345,-5.8433,8.6983
6.2732,-6.0328,3.1913
11.91,-11.806,3.1393
-0.11901,-12.067,3.3883
11,-11.383,9.0213
-2.9175,-5.5508,-11.688
-8.9916,-0.11031,-11.912
2.8008,0.61448,-11.928
-3.3319,6.0302,-11.561
-2.8659,0.40659,-11.32
8.4337,0.83934,-11.573
2.5329,6.3102,-11.726
-0.30123,3.2725,-11.911
0.50487,-2.6729,-11.631
-6.4785,2.9925,-11.286
5.1732,3.3531,-11.668
-0.60245,8.7144,-12.114
-3.2173,-5.5069,-5.82
-9.4682,0.478,-5.584
2.6121,0.17253,-5.27
-3.1049,6.2558,-5.403
-2.9175,-5.5508,-0.178
-8.9916,-0.11031,-0.402
2.8008,0.61448,-0.418
-3.3319,6.0302,-0.051
2.3886,-6.0585,-5.57
-3.1516,0.12516,-5.517
8.2908,0.9751,-5.964
2.4367,5.9256,-6.035
2.3038,-5.3556,-11.208
-2.8659,0.40659,0.19
8.4337,0.83934,-0.063
2.5329,6.3102,-0.216
-0.6463,-8.3453,-6.035
-6.4608,-2.8518,-6.134
5.6024,-2.7499,-6.269
-0.82095,3.0172,-5.518
-0.087681,-8.4061,-10.939
-6.6609,-2.9684,-10.906
5.2312,-2.3646,-11.061
-0.30123,3.2725,-0.401
-0.34507,-2.6559,-5.697
-6.33,3.001,-5.154
5.5303,3.2081,-5.369
-0.53669,8.8551,-5.322
0.50487,-2.6729,-0.121
-6.4785,2.9925,0.224
5.1732,3.3531,-0.158
-0.60245,8.7144,-0.604
-1.0253,-5.135,-8.477
-7.1382,-0.02192,-8.546
4.5516,0.33163,-8.463
-1.113,5.8492,-8.66
0.17112,-5.8959,-2.664
-6.1271,-0.74458,-2.765
5.2015,0.17112,-2.925
-0.31042,5.8117,-3.036
-5.3818,5.6222,-8.543
0.25527,-0.15061,-8.595
-11.774,-0.41224,-8.346
4.843,5.2658,-8.183
5.485,-5.1329,-2.826
-0.65549,0.27224,-2.713
10.92,0.92702,-2.73
4.9901,6.1002,-2.587
-3.2173,-5.5069,5.6897
-9.4682,0.478,5.9257
2.6121,0.17253,6.2397
-3.1049,6.2558,6.1067
-2.9175,-5.5508,11.332
-8.9916,-0.11031,11.108
2.8008,0.61448,11.092
-3.3319,6.0302,11.459
2.3886,-6.0585,5.9397
-3.1516,0.12516,5.9927
8.2908,0.9751,5.5457
2.4367,5.9256,5.4747
2.3038,-5.3556,0.30166
-2.8659,0.40659,11.7
8.4337,0.83934,11.447
2.5329,6.3102,11.294
-0.6463,-8.3453,5.4747
-6.4608,-2.8518,5.3757
5.6024,-2.7499,5.2407
-0.82095,3.0172,5.9917
-0.087681,-8.4061,0.57066
-6.6609,-2.9684,0.60366
5.2312,-2.3646,0.44866
-0.30123,3.2725,11.109
-0.34507,-2.6559,5.8127
-6.33,3.001,6.3557
5.5303,3.2081,6.1407
-0.53669,8.8551,6.1877
0.50487,-2.6729,11.389
-6.4785,2.9925,11.734
5.1732,3.3531,11.352
-0.60245,8.7144,10.906
-1.0253,-5.135,3.0327
-7.1382,-0.02192,2.9637
4.5516,0.33163,3.0467
-1.113,5.8492,2.8497
0.17112,-5.8959,8.8457
-6.1271,-0.74458,8.7447
5.2015,0.17112,8.5847
-0.31042,5.8117,8.4737
-5.3818,5.6222,2.9667
0.25527,-0.15061,2.9147
-11.774,-0.41224,3.1637
4.843,5.2658,3.3267
5.485,-5.1329,8.6837
-0.65549,0.27224,8.7967
10.92,0.92702,8.7797
4.9901,6.1002,8.9227
2.3038,-5.3556,11.811
-0.087681,-8.4061,12.08
-6.6609,-2.9684,12.113
5.2312,-2.3646,11.958
-8.8542,12.269,-12.152
-3.2214,12.494,-11.797
-11.15,8.9822,-11.855
-9.043,11.828,-5.4946
-8.8542,12.269,-0.64262
-9.2664,5.5965,-5.7946
-3.3642,12.63,-6.1886
-9.3513,6.2994,-11.433
-3.2214,12.494,-0.28762
-12.301,3.3097,-6.2596
-6.0526,8.9051,-6.4936
-11.743,3.2489,-11.164
-6.4238,9.2905,-11.286
-12,8.9991,-5.9216
-11.15,8.9822,-0.34562
-12.68,6.52,-8.7016
-7.1034,11.987,-8.6876
-11.484,5.7592,-2.8886
-6.4535,11.826,-3.1496
-11.4,11.504,-8.8196
-6.17,6.5221,-3.0506
-12.311,11.927,-2.9376
-0.73517,12.582,-2.9546
-9.043,11.828,6.015
-8.8542,12.269,10.867
-9.2664,5.5965,5.715
-3.3642,12.63,5.321
-9.3513,6.2994,0.077033
-3.2214,12.494,11.222
-12.301,3.3097,5.25
-6.0526,8.9051,5.016
-11.743,3.2489,0.34603
-6.4238,9.2905,0.22403
-12,8.9991,5.588
-11.15,8.9822,11.164
-12.68,6.52,2.808
-7.1034,11.987,2.822
-11.484,5.7592,8.621
-6.4535,11.826,8.36
-11.4,11.504,2.69
-6.17,6.5221,8.459
-12.311,11.927,8.572
-0.73517,12.582,8.555
-9.3513,6.2994,11.587
-11.743,3.2489,11.856
-6.4238,9.2905,11.734
11.905,-0.76583,-7.8936
11.905,-0.76583,3.616
9.1062,5.7506,-11.46
3.0322,11.191,-11.684
9.1579,11.708,-11.092
12.529,8.6286,-11.403
8.8064,5.7945,-5.5922
2.5556,11.779,-5.3562
9.1062,5.7506,0.049752
3.0322,11.191,-0.17425
8.8722,11.427,-5.2892
9.1579,11.708,0.41775
11.377,2.9562,-5.8072
5.5629,8.4497,-5.9062
11.936,2.8953,-10.711
5.3628,8.333,-10.678
11.679,8.6455,-5.4692
12.529,8.6286,0.10675
10.998,6.1664,-8.2492
4.8855,11.28,-8.3182
12.195,5.4056,-2.4362
5.8967,10.557,-2.5372
12.279,11.151,-8.3672
0.24972,10.889,-8.1182
11.368,11.574,-2.4852
8.8064,5.7945,5.9174
2.5556,11.779,6.1534
9.1062,5.7506,11.559
3.0322,11.191,11.335
8.8722,11.427,6.2204
9.1579,11.708,11.927
11.377,2.9562,5.7024
5.5629,8.4497,5.6034
11.936,2.8953,0.79841
5.3628,8.333,0.83141
11.679,8.6455,6.0404
12.529,8.6286,11.616
10.998,6.1664,3.2604
4.8855,11.28,3.1914
12.195,5.4056,9.0734
5.8967,10.557,8.9724
12.279,11.151,3.1424
0.24972,10.889,3.3914
11.368,11.574,9.0244
11.936,2.8953,12.308
5.3628,8.333,12.341
0.17499,11.964,-8.4155
0.17499,11.964,3.0941
0,0,0
5.4985,0.45255,0.057
0.062933,-5.5968,0.106
-0.43699,0.16546,5.7377
-0.43699,0.16546,-5.772
-0.239,5.9765,-0.144
-6.3519,0.22274,0.011
5.8223,-5.0403,-0.229
5.4179,0.40164,-5.591
5.4179,0.40164,5.9187
-0.37194,-5.6837,-5.717
-0.37194,-5.6837,5.7927
5.3754,6.1306,0.173
-0.41931,6.0748,-5.641
-6.6483,-5.1708,-0.054752
-0.41931,6.0748,5.8687
-5.8327,6.6148,-0.45362
-6.8285,-0.0091924,-5.733
-6.8285,-0.0091924,5.7767
5.3266,6.154,-5.285
5.757,-5.8702,-5.4774
-5.898,5.7848,-5.702
-6.6971,-5.1475,-5.5128
-5.898,5.7848,5.8077
5.757,-5.8702,6.0323
5.3266,6.154,6.2247
-6.6971,-5.1475,5.9969
-0.31183,-10.942,-0.011
0,0,-11.51
0,0,11.51
11.712,0.35895,0.21675
-11.967,0.71254,-0.23562
0.056904,12.014,-0.007871
-0.4674,-10.924,5.7477
-0.4674,-10.924,-5.762
5.3031,-11.432,0.23562
-6.5253,-10.849,-0.17075
0.062933,-5.5968,-11.404
5.4985,0.45255,-11.453
11.416,-5.6786,0.080623
5.4985,0.45255,11.567
11.556,0.37734,-5.5342
-0.239,5.9765,11.366
5.6718,11.524,0.23875
0.062933,-5.5968,11.616
11.556,0.37734,5.9754
-11.592,6.0583,-0.11862
-0.239,5.9765,-11.654
-6.3519,0.22274,-11.499
-6.3519,0.22274,11.521
-0.09866,12.032,5.7508
-0.09866,12.032,-5.7589
-12.122,0.73093,5.523
12.087,5.7047,0.33375
-12.263,-5.325,-0.37175
-12.122,0.73093,-5.9866
-6.1566,12.108,-0.16762
5.1952,11.292,-5.5052
5.8223,-5.0403,11.281
11.236,-5.5803,-5.4164
4.8265,-11.664,-5.5084
5.1952,11.292,6.0044
11.236,-5.5803,6.0933
-6.6059,-10.9,5.6909
5.3754,6.1306,-11.337
4.8265,-11.664,6.0013
-6.6059,-10.9,-5.8188
5.8223,-5.0403,-11.739
11.652,5.6177,-5.4892
-5.8327,6.6148,11.056
-6.6483,-5.1708,11.455
5.3754,6.1306,11.683
11.652,5.6177,6.0204
-6.6483,-5.1708,-11.564
-12.027,5.9713,5.568
-12.443,-5.2267,5.6409
-12.027,5.9713,-5.9416
-12.443,-5.2267,-5.8688
-6.2372,12.057,5.694
-6.2372,12.057,-5.8156
-5.8327,6.6148,-11.963
-0.31183,-10.942,11.499
-0.31183,-10.942,-11.521
11.712,0.35895,-11.293
-11.967,0.71254,11.274
11.655,-11.655,0.22462
-11.655,11.655,-0.22462
-12.024,-11.301,-0.22775
12.024,11.301,0.22775
11.712,0.35895,11.726
0.056904,12.014,11.502
0.056904,12.014,-11.518
-11.967,0.71254,-11.745
5.3031,-11.432,-11.274
11.218,-11.49,-5.5474
-6.5253,-10.849,11.339
5.6718,11.524,-11.271
11.416,-5.6786,-11.429
11.218,-11.49,5.9623
11.587,11.467,-5.5442
-6.5253,-10.849,-11.68
5.3031,-11.432,11.745
11.416,-5.6786,11.59
-11.592,6.0583,11.391
11.587,11.467,5.9654
-12.263,-5.325,11.138
5.6718,11.524,11.748
12.087,5.7047,-11.176
-11.592,6.0583,-11.628
-12.461,-11.136,5.5099
-6.1566,12.108,11.342
-12.461,-11.136,-5.9998
-12.092,11.82,5.513
12.087,5.7047,11.843
-12.263,-5.325,-11.881
-6.1566,12.108,-11.677
-12.092,11.82,-5.9966
11.655,-11.655,-11.285
-11.655,11.655,11.285
-12.024,-11.301,11.282
12.024,11.301,-11.282
-11.655,11.655,-11.734
11.655,-11.655,11.734
-12.024,-11.301,-11.737
12.024,11.301,11.737
