-2.918,-8.9891,-2.8087
-9.3357,-3.0848,-3.9707
-9.2947,-8.9806,-9.7597
-9.4283,-7.9348,-3.7837
-2.918,-8.9891,9.2545
-9.3357,-3.0848,8.0925
-9.2947,-8.9806,2.3035
-9.4283,-7.9348,8.2795
9.3146,-8.9498,-9.3657
9.4921,-9.7962,-2.9007
9.6003,-2.7923,-3.5507
9.3146,-8.9498,2.6975
9.4921,-9.7962,9.1625
9.6003,-2.7923,8.5125
3.3177,-2.0718,-9.1
-2.8567,3.2216,-9.572
-2.5088,-8.1798,-9.479
-9.0602,-2.4459,-8.773
2.9585,-2.8892,-3.543
-2.6792,2.3752,-3.107
9.5481,2.8956,-2.599
3.1304,8.7999,-3.761
2.7082,-8.8841,-8.919
-2.9882,-3.4846,-9.752
8.7504,-2.3144,-9.449
3.1714,2.9041,-9.55
2.8772,-8.9739,-3.559
-2.7542,-2.337,-3.692
-2.571,9.3791,-3.757
3.0377,3.9499,-3.574
3.3177,-2.0718,2.9632
-2.8567,3.2216,2.4912
-2.5088,-8.1798,2.5842
-9.0602,-2.4459,3.2902
2.9585,-2.8892,8.5202
-2.6792,2.3752,8.9562
9.5481,2.8956,9.4642
3.1304,8.7999,8.3022
2.7082,-8.8841,3.1442
-2.9882,-3.4846,2.3112
8.7504,-2.3144,2.6142
3.1714,2.9041,2.5132
2.8772,-8.9739,8.5042
-2.7542,-2.337,8.3712
-2.571,9.3791,8.3062
3.0377,3.9499,8.4892
-8.8536,10.1,-9.3063
-9.2128,9.2821,-3.7493
-9.4631,3.2873,-9.1253
-3.4209,9.857,-9.6553
-9.2941,3.1975,-3.7653
-8.8536,10.1,2.7569
-9.2128,9.2821,8.3139
-9.4631,3.2873,2.9379
-3.4209,9.857,2.4079
-9.2941,3.1975,8.2979
9.9572,3.7049,-9.2693
3.4059,9.4388,-8.5633
9.4778,8.4001,-9.5423
9.7119,9.5477,-3.4823
9.9572,3.7049,2.7939
3.4059,9.4388,3.4999
9.4778,8.4001,2.5209
9.7119,9.5477,8.5809
-3.3048,-8.8371,-8.6387
-9.0557,-3.5218,-9.5387
-8.304,-8.9615,-8.6367
-9.4297,-8.871,-2.6177
-3.3048,-8.8371,3.4245
-9.0557,-3.5218,2.5245
-8.304,-8.9615,3.4265
-9.4297,-8.871,9.4455
8.4095,-8.8918,-8.1677
8.7723,-8.4725,-2.9757
3.4096,-9.1966,-7.6017
2.7089,-10.172,-2.1707
9.4942,-3.0949,-2.0907
8.4095,-8.8918,3.8955
8.7723,-8.4725,9.0875
3.4096,-9.1966,4.4615
2.7089,-10.172,9.8925
9.4942,-3.0949,9.9725
9.1613,3.0476,-8.429
3.4104,8.363,-9.329
3.3566,-3.4797,-8.597
-3.7618,3.2796,-8.374
-2.7987,-8.1077,-3.521
-9.4271,-2.2019,-2.917
3.8163,-2.733,-2.324
-3.3991,3.6989,-3.182
-2.6835,-2.7542,-8.481
-8.7618,2.9748,-7.808
4.162,2.9232,-8.427
9.437,-2.2246,-8.127
-2.9854,-3.0886,-2.418
-9.4625,1.9997,-2.377
3.0363,3.0137,-2.408
-2.6771,9.0764,-2.297
9.1613,3.0476,3.6342
3.4104,8.363,2.7342
3.3566,-3.4797,3.4662
-3.7618,3.2796,3.6892
-2.7987,-8.1077,8.5422
-9.4271,-2.2019,9.1462
3.8163,-2.733,9.7392
-3.3991,3.6989,8.8812
-2.6835,-2.7542,3.5822
-8.7618,2.9748,4.2552
4.162,2.9232,3.6362
9.437,-2.2246,3.9362
-2.9854,-3.0886,9.6452
-9.4625,1.9997,9.6862
3.0363,3.0137,9.6552
-2.6771,9.0764,9.7662
-8.8147,8.6917,-8.8033
-8.3551,9.4384,-2.5303
-2.7343,9.9468,-8.3333
-8.8147,8.6917,3.2599
-8.3551,9.4384,9.5329
-2.7343,9.9468,3.7299
9.6673,3.777,-3.3113
3.0389,9.6828,-2.7073
9.7826,9.1305,-8.2713
9.4806,8.7961,-2.2083
9.6673,3.777,8.7519
3.0389,9.6828,9.3559
9.7826,9.1305,3.7919
9.4806,8.7961,9.8549
-9.1561,-11.73,-12.757
-2.8501,-11.748,-12.439
-9.1603,-5.6615,-12.797
-11.922,-8.9014,-12.46
-6.3991,-8.7183,-13.181
-12.216,-2.855,-13.091
-9.1009,-11.369,-6.6087
-9.1561,-11.73,-0.69369
-3.0707,-11.471,-6.2357
-9.2657,-5.7711,-7.1397
-2.8501,-11.748,-0.37569
-9.1603,-5.6615,-0.73369
-12.207,-8.5465,-7.0367
-11.922,-8.9014,-0.39669
-6.0759,-8.3145,-5.7527
-12.096,-2.4654,-6.3677
-6.3991,-8.7183,-1.1177
-12.216,-2.855,-1.0277
-6.0703,-11.443,-9.3677
-12.304,-4.8879,-9.5967
-5.7125,-12.57,-3.3217
-13.052,-6.0143,-3.6777
-12.695,-12.53,-9.5037
-0.76626,-12.141,-9.3557
-5.8426,-6.0136,-9.2397
-11.98,-11.687,-3.5557
-9.1009,-11.369,5.4545
-9.1561,-11.73,11.37
-3.0707,-11.471,5.8275
-9.2657,-5.7711,4.9235
-2.8501,-11.748,11.688
-9.1603,-5.6615,11.33
-12.207,-8.5465,5.0265
-11.922,-8.9014,11.667
-6.0759,-8.3145,6.3105
-12.096,-2.4654,5.6955
-6.3991,-8.7183,10.946
-12.216,-2.855,11.036
-6.0703,-11.443,2.6955
-12.304,-4.8879,2.4665
-5.7125,-12.57,8.7415
-13.052,-6.0143,8.3855
-12.695,-12.53,2.5595
-0.76626,-12.141,2.7075
-5.8426,-6.0136,2.8235
-11.98,-11.687,8.5075
-12.938,0.030652,-9.562
-12.938,0.030652,2.5012
9.3634,-6.2606,-12.067
9.205,-12.199,-12.042
12.715,-9.1881,-12.044
6.0209,-9.1011,-12.728
12.422,-3.1416,-12.675
3.0737,-12.043,-5.8777
9.1216,-5.8618,-6.8757
2.851,-12.118,-11.544
9.3634,-6.2606,-0.003721
9.403,-11.687,-6.1967
9.205,-12.199,0.021279
12.431,-8.8331,-6.6207
12.715,-9.1881,0.019279
6.1765,-8.855,-5.0757
12.541,-2.752,-5.9517
6.0209,-9.1011,-0.66472
12.422,-3.1416,-0.61172
5.9297,-11.099,-8.7077
12.333,-5.1745,-9.1807
5.6122,-12.647,-2.6397
11.586,-6.301,-3.2617
11.942,-12.816,-9.0877
12.658,-11.973,-3.1397
3.0737,-12.043,6.1855
9.1216,-5.8618,5.1875
2.851,-12.118,0.51949
9.3634,-6.2606,12.059
9.403,-11.687,5.8665
9.205,-12.199,12.084
12.431,-8.8331,5.4425
12.715,-9.1881,12.082
6.1765,-8.855,6.9875
12.541,-2.752,6.1115
6.0209,-9.1011,11.398
12.422,-3.1416,11.451
5.9297,-11.099,3.3555
12.333,-5.1745,2.8825
5.6122,-12.647,9.4235
11.586,-6.301,8.8015
11.942,-12.816,2.9755
12.658,-11.973,8.9235
2.851,-12.118,12.583
-2.8659,-6.3222,-12.628
3.31,0.15486,-12.547
-2.8079,5.9107,-12.273
3.4896,-5.659,-13.032
-2.9663,-0.027577,-12.248
9.6159,0.13647,-12.229
3.3057,6.2232,-12.587
0.49144,-9.0686,-12.165
0.54377,2.9833,-12.25
0.031113,-2.9373,-12.772
-6.1504,3.0703,-12.934
6.067,3.1664,-12.971
0.25032,9.0298,-12.881
-2.8567,-5.5579,-6.325
-9.0976,0.12869,-6.084
3.3651,0.51548,-6.399
-3.0498,6.3095,-7.082
-2.8659,-6.3222,-0.565
-9.3204,0.053033,-11.75
3.31,0.15486,-0.484
-2.8079,5.9107,-0.21
3.4203,-6.0139,-6.029
-2.7683,0.48437,-6.403
9.3953,0.41366,-6.026
3.2004,6.1136,-6.93
3.4896,-5.659,-0.969
-2.9663,-0.027577,-0.185
9.6159,0.13647,-0.166
3.3057,6.2232,-0.524
-0.54164,-8.8106,-6.164
-5.7813,-2.7761,-6.493
6.1745,-2.4933,-6.66
0.25951,3.3383,-6.827
0.49144,-9.0686,-0.102
-6.3046,-3.0151,-11.484
5.9482,-2.9076,-11.64
0.54377,2.9833,-0.187
0.72549,-2.711,-6.216
-5.9949,3.3163,-5.282
6.3901,3.5702,-5.543
0.36982,9.4194,-6.158
0.031113,-2.9373,-0.709
-6.1504,3.0703,-0.871
6.067,3.1664,-0.908
0.25032,9.0298,-0.818
0.77357,-5.6371,-9.212
-6.2416,1.0727,-8.914
6.3958,0.44194,-9.158
0.16193,6.9968,-9.387
-0.08061,-5.6724,-3.156
-6.5591,-0.47518,-2.846
6.7536,-0.68519,-3.112
-0.58548,5.8704,-3.468
5.5819,-5.9878,-9.22
-0.2291,-0.64488,-9.294
11.7,-0.25597,-9.146
6.6235,5.8711,-9.03
6.8674,-4.739,-3.243
0.48649,0.19799,-3.346
0.41295,-11.68,-3.218
-5.4546,-5.07,-3.057
-2.8567,-5.5579,5.7382
-9.0976,0.12869,5.9792
3.3651,0.51548,5.6642
-3.0498,6.3095,4.9812
-2.8659,-6.3222,11.498
-9.3204,0.053033,0.31321
3.31,0.15486,11.579
-2.8079,5.9107,11.853
3.4203,-6.0139,6.0342
-2.7683,0.48437,5.6602
9.3953,0.41366,6.0372
3.2004,6.1136,5.1332
3.4896,-5.659,11.094
-2.9663,-0.027577,11.878
9.6159,0.13647,11.897
3.3057,6.2232,11.539
-0.54164,-8.8106,5.8992
-5.7813,-2.7761,5.5702
6.1745,-2.4933,5.4032
0.25951,3.3383,5.2362
0.49144,-9.0686,11.961
-6.3046,-3.0151,0.57921
5.9482,-2.9076,0.42322
0.54377,2.9833,11.876
0.72549,-2.711,5.8472
-5.9949,3.3163,6.7812
6.3901,3.5702,6.5202
0.36982,9.4194,5.9052
0.031113,-2.9373,11.354
-6.1504,3.0703,11.192
6.067,3.1664,11.155
0.25032,9.0298,11.245
0.77357,-5.6371,2.8512
-6.2416,1.0727,3.1492
6.3958,0.44194,2.9052
0.16193,6.9968,2.6762
-0.08061,-5.6724,8.9072
-6.5591,-0.47518,9.2172
6.7536,-0.68519,8.9512
-0.58548,5.8704,8.5952
5.5819,-5.9878,2.8432
-0.2291,-0.64488,2.7692
11.7,-0.25597,2.9172
6.6235,5.8711,3.0332
6.8674,-4.739,8.8202
0.48649,0.19799,8.7172
0.41295,-11.68,8.8452
-5.4546,-5.07,9.0062
-9.3204,0.053033,12.376
-6.3046,-3.0151,12.642
5.9482,-2.9076,12.486
-8.8614,12.326,-12.753
-8.6818,6.5124,-13.238
-2.5554,12.308,-12.435
-11.68,3.1027,-12.371
-12.14,9.234,-12.978
-8.8062,12.687,-6.6053
-8.8614,12.326,-0.69028
-8.7511,6.1574,-6.2353
-2.776,12.585,-6.2323
-8.6818,6.5124,-1.1753
-2.5554,12.308,-0.37228
-12.713,3.3608,-6.3703
-5.9969,9.6781,-6.8663
-11.68,3.1027,-0.30828
-6.2232,9.2637,-11.846
-11.446,9.4603,-6.4223
-12.14,9.234,-0.91528
-11.398,6.5343,-9.4183
-5.7756,12.613,-9.3643
-12.252,6.4989,-3.3623
-5.4178,11.486,-3.3183
-6.5895,6.1836,-9.4263
-12.4,11.526,-9.5003
-0.47156,11.915,-9.3523
-5.3039,7.4323,-3.4493
-11.685,12.369,-3.5523
-11.758,0.49136,-3.4243
-8.8062,12.687,5.4579
-8.8614,12.326,11.373
-8.7511,6.1574,5.8279
-2.776,12.585,5.8309
-8.6818,6.5124,10.888
-2.5554,12.308,11.691
-12.713,3.3608,5.6929
-5.9969,9.6781,5.1969
-11.68,3.1027,11.755
-6.2232,9.2637,0.21694
-11.446,9.4603,5.6409
-12.14,9.234,11.148
-11.398,6.5343,2.6449
-5.7756,12.613,2.6989
-12.252,6.4989,8.7009
-5.4178,11.486,8.7449
-6.5895,6.1836,2.6369
-12.4,11.526,2.5629
-0.47156,11.915,2.7109
-5.3039,7.4323,8.6139
-11.685,12.369,8.5109
-11.758,0.49136,8.6389
-6.2232,9.2637,12.28
9.6001,5.5625,-12.419
9.4997,11.857,-12.039
12.957,2.8161,-11.956
12.497,8.9474,-12.563
9.6093,6.3269,-6.1153
3.3684,12.013,-5.8743
9.6001,5.5625,-0.35531
3.1457,11.938,-11.54
9.6977,12.369,-6.1933
9.4997,11.857,0.024689
11.924,3.0742,-5.9543
6.6847,9.1086,-6.2833
12.957,2.8161,0.10769
6.1615,8.8696,-11.274
13.192,9.1737,-6.0063
12.497,8.9474,-0.49931
13.24,6.2477,-9.0023
6.2244,12.957,-8.7043
12.385,6.2123,-2.9463
5.9069,11.41,-2.6363
12.237,11.24,-9.0843
12.953,12.083,-3.1363
12.879,0.20474,-3.0083
7.0114,6.8148,-2.8473
9.6093,6.3269,5.9479
3.3684,12.013,6.1889
9.6001,5.5625,11.708
3.1457,11.938,0.5229
9.6977,12.369,5.8699
9.4997,11.857,12.088
11.924,3.0742,6.1089
6.6847,9.1086,5.7799
12.957,2.8161,12.171
6.1615,8.8696,0.7889
13.192,9.1737,6.0569
12.497,8.9474,11.564
13.24,6.2477,3.0609
6.2244,12.957,3.3589
12.385,6.2123,9.1169
5.9069,11.41,9.4269
12.237,11.24,2.9789
12.953,12.083,8.9269
12.879,0.20474,9.0549
7.0114,6.8148,9.2159
3.1457,11.938,12.586
6.1615,8.8696,12.852
0.70764,12.376,-3.2146
0.70764,12.376,8.8486
0,0,0
0.30335,0.45184,5.8162
0.338,-5.852,-0.398
0.2093,5.992,-0.473
-6.108,0.12304,-0.243
6.2381,0.18102,0.004
0.30335,0.45184,-6.247
0.32527,-5.7092,5.8472
-5.8711,0.10536,5.8762
-6.0547,-5.6954,-0.12869
0.11102,6.2812,5.5322
-6.0238,5.9065,0.067
0.32527,-5.7092,-6.216
6.3838,0.2984,-5.643
-5.8711,0.10536,-6.187
6.1475,-6.2649,0.27328
6.4113,6.1893,0.081
6.3838,0.2984,6.4202
0.11102,6.2812,-6.531
-5.9574,-5.7269,-6.012
-5.9574,-5.7269,6.0512
6.4389,-5.4207,-5.939
6.4389,-5.4207,6.1242
-5.7324,6.7507,5.9179
6.5087,6.1579,-5.8023
-5.7324,6.7507,-6.1453
6.5087,6.1579,6.2609
-0.18085,-11.996,0.00359
0.11384,12.06,0.007
0,0,-12.063
0,0,12.063
12.285,-0.11165,0.21328
-12.352,0.17498,-0.20269
0.2093,5.992,11.59
0.338,-5.852,11.665
0.29628,-11.719,5.9012
-11.875,0.45247,5.6949
0.29628,-11.719,-6.162
-6.228,-11.704,-0.20569
-6.108,0.12304,11.82
-11.833,6.3193,-0.60428
-11.875,0.45247,-6.3683
6.0634,-12.048,-0.036721
6.2381,0.18102,-12.059
6.2381,0.18102,12.067
6.3581,12.008,-0.033311
-12.257,-5.8927,-0.68269
0.59097,12.337,5.9046
-5.9333,12.352,-0.20228
-6.108,0.12304,-12.306
0.338,-5.852,-12.461
0.59097,12.337,-6.1586
12.381,-6.1793,-0.26672
0.2093,5.992,-12.536
12.762,0.16585,-5.9523
12.762,0.16585,6.1109
12.804,6.0327,-0.18831
-6.0823,-11.586,-5.8527
-6.0823,-11.586,6.2105
-6.0547,-5.6954,11.935
-12.355,-5.6035,5.3225
-11.846,6.4622,5.6409
-6.0238,5.9065,-11.996
6.1475,-6.2649,-11.79
-6.0547,-5.6954,-12.192
-6.0238,5.9065,12.13
12.282,-5.8901,5.7385
6.3002,-12.066,-5.9807
6.3002,-12.066,6.0825
6.5949,11.99,-5.9773
6.4113,6.1893,-11.982
-5.7876,12.47,-5.8493
-11.846,6.4622,-6.4223
6.5949,11.99,6.0859
12.282,-5.8901,-6.3247
6.4113,6.1893,12.144
-5.7876,12.47,6.2139
6.1475,-6.2649,12.336
-12.355,-5.6035,-6.7407
12.791,6.1755,-6.0063
12.791,6.1755,6.0569
-0.18085,-11.996,-12.06
-0.18085,-11.996,12.067
0.11384,12.06,-12.056
0.11384,12.06,12.07
12.285,-0.11165,-11.85
-12.352,0.17498,11.861
12.171,-12.171,0.20628
-12.171,12.171,-0.20628
-12.466,-11.885,-0.20969
12.466,11.885,0.20969
12.285,-0.11165,12.276
-12.352,0.17498,-12.266
-12.163,-11.433,5.6065
-11.833,6.3193,11.459
-12.257,-5.8927,11.381
-6.228,-11.704,11.858
-12.163,-11.433,-6.4567
-6.228,-11.704,-12.269
6.0634,-12.048,12.026
6.0634,-12.048,-12.1
-5.9333,12.352,11.861
12.475,-11.72,6.0225
6.3581,12.008,12.03
12.475,-11.72,-6.0407
12.381,-6.1793,11.796
6.3581,12.008,-12.097
-11.868,12.623,5.6099
-5.9333,12.352,-12.265
-11.833,6.3193,-12.667
12.804,6.0327,11.875
-11.868,12.623,-6.4533
12.381,-6.1793,-12.33
-12.257,-5.8927,-12.746
12.804,6.0327,-12.252
12.769,12.337,6.0259
12.769,12.337,-6.0373
12.171,-12.171,-11.857
-12.171,12.171,11.857
-12.466,-11.885,11.854
12.466,11.885,-11.854
12.171,-12.171,12.269
-12.171,12.171,-12.269
-12.466,-11.885,-12.273
12.466,11.885,12.273
