-9.1423,-8.5586,-9.0744
-9.3035,-8.5586,-3.3198
-9.1423,-8.5586,2.4352
-9.3035,-8.5586,8.1899
8.5841,-8.536,-8.559
8.4243,-8.5374,-2.8044
8.5841,-8.536,2.9506
8.4243,-8.5374,8.7053
3.0597,-8.7377,-8.8467
-2.9458,-3.0886,-8.8467
8.8947,-2.9083,-8.8467
2.8815,2.7429,-8.8467
2.9401,-2.5286,-8.7837
-3.071,3.119,-8.7837
-2.8942,-8.3587,-8.7847
-8.9011,-2.7125,-8.7837
2.9055,-8.742,-3.093
-3.1042,-3.0901,-3.092
8.7328,-2.9062,-3.092
2.7202,2.7429,-3.092
3.0597,-8.7377,2.663
-2.9458,-3.0886,2.663
8.8947,-2.9083,2.663
2.8815,2.7429,2.663
2.7818,-2.5272,-3.029
-3.2308,3.1176,-3.029
-3.054,-8.3615,-3.03
-9.0623,-2.7125,-3.028
2.9401,-2.5286,2.726
-3.071,3.119,2.726
-2.8942,-8.3587,2.725
-8.9011,-2.7125,2.726
2.9055,-8.742,8.4167
-3.1042,-3.0901,8.4177
8.7328,-2.9062,8.4177
2.7202,2.7429,8.4177
2.7818,-2.5272,8.4807
-3.2308,3.1176,8.4807
-3.054,-8.3615,8.4797
-9.0623,-2.7125,8.4817
-8.5954,2.9173,-9.0713
-2.7603,8.7467,-9.0713
-8.7149,9.1264,-9.0083
-8.7495,2.9131,-3.3176
-2.9223,8.7488,-3.3166
-8.5954,2.9173,2.4384
-2.7603,8.7467,2.4384
-8.8733,9.1278,-3.2536
-8.7149,9.1264,2.5014
-8.7495,2.9131,8.192
-2.9223,8.7488,8.193
-8.8733,9.1278,8.256
9.078,8.2128,-8.6189
9.1296,2.9427,-8.5569
3.1227,8.589,-8.5559
8.9196,8.2114,-2.8642
9.078,8.2128,2.8908
8.9698,2.9399,-2.8022
2.9615,8.589,-2.8002
9.1296,2.9427,2.9528
3.1227,8.589,2.9538
8.9196,8.2114,8.6454
8.9698,2.9399,8.7074
2.9615,8.589,8.7094
-8.5568,-8.4949,-7.6974
-8.7173,-8.4956,-1.9428
-8.5568,-8.4949,3.8122
-8.7173,-8.4956,9.5669
9.2233,-8.6915,-7.214
3.2829,-9.0331,-7.245
9.1137,-3.2023,-7.243
9.0642,-8.6937,-1.4604
9.2233,-8.6915,4.2956
3.1238,-9.0352,-1.4894
8.9539,-3.2023,-1.4894
3.2829,-9.0331,4.2646
9.1137,-3.2023,4.2666
9.0642,-8.6937,10.049
3.1238,-9.0352,10.02
8.9539,-3.2023,10.02
-2.2543,-8.515,-7.4407
-8.2618,-2.8694,-7.4397
3.5765,-2.6842,-7.4387
-2.4317,2.9635,-7.4387
-2.3639,-3.0243,-7.4687
-8.3721,2.622,-7.4697
3.4669,2.8065,-7.4697
-2.5413,8.4528,-7.4677
-2.4148,-8.5171,-1.685
-8.4223,-2.8701,-1.684
3.4167,-2.6856,-1.683
-2.5908,2.9614,-1.685
-2.2543,-8.515,4.069
-8.2618,-2.8694,4.07
3.5765,-2.6842,4.071
-2.4317,2.9635,4.071
-2.5237,-3.0257,-1.714
-8.5312,2.6198,-1.714
3.3064,2.8058,-1.715
-2.7011,8.4528,-1.714
-2.3639,-3.0243,4.041
-8.3721,2.622,4.04
3.4669,2.8065,4.04
-2.5413,8.4528,4.042
-2.4148,-8.5171,9.8247
-8.4223,-2.8701,9.8257
3.4167,-2.6856,9.8267
-2.5908,2.9614,9.8247
-2.5237,-3.0257,9.7957
-8.5312,2.6198,9.7957
3.3064,2.8058,9.7947
-2.7011,8.4528,9.7957
-8.0785,8.9708,-7.6633
-8.2383,8.9694,-1.9076
-8.0785,8.9708,3.8464
-8.2383,8.9694,9.602
9.7695,2.7865,-7.2129
3.7619,8.432,-7.2119
9.6599,8.2771,-7.2409
9.609,2.7843,-1.4572
3.6014,8.4313,-1.4562
9.7695,2.7865,4.2968
3.7619,8.432,4.2978
9.5001,8.2757,-1.4862
9.6599,8.2771,4.2688
9.609,2.7843,10.052
3.6014,8.4313,10.053
9.5001,8.2757,10.023
-8.9761,-11.249,-11.652
-8.817,-11.247,-5.8984
-3.0576,-11.142,-11.83
-9.0652,-5.4947,-11.829
-2.8993,-11.142,-6.0774
-8.9047,-5.494,-6.0744
-11.653,-8.4044,-12.05
-11.493,-8.403,-6.2974
-5.8387,-8.3408,-12.033
-11.846,-2.6952,-12.033
-5.6782,-8.3401,-6.2814
-11.685,-2.6938,-6.2814
-6.2106,-11.271,-8.6344
-12.22,-5.6248,-8.6344
-12.315,-11.111,-8.9744
-0.47246,-10.921,-8.9754
-6.4807,-5.2776,-8.9744
-8.9761,-11.249,-0.14275
-8.817,-11.247,5.6112
-3.0576,-11.142,-0.32075
-9.0652,-5.4947,-0.31975
-2.8993,-11.142,5.4322
-8.9047,-5.494,5.4352
-11.653,-8.4044,-0.54075
-11.493,-8.403,5.2122
-5.8387,-8.3408,-0.52375
-11.846,-2.6952,-0.52375
-5.6782,-8.3401,5.2282
-11.685,-2.6938,5.2282
-6.3704,-11.264,-2.8798
-12.377,-5.6255,-2.8798
-6.2106,-11.271,2.8752
-12.22,-5.6248,2.8752
-12.473,-11.109,-3.2198
-0.63368,-10.927,-3.2198
-6.6406,-5.2804,-3.2188
-12.315,-11.111,2.5352
-0.47246,-10.921,2.5342
-6.4807,-5.2776,2.5352
-8.9761,-11.249,11.367
-3.0576,-11.142,11.189
-9.0652,-5.4947,11.19
-11.653,-8.4044,10.969
-5.8387,-8.3408,10.986
-11.846,-2.6952,10.986
-6.3704,-11.264,8.6299
-12.377,-5.6255,8.6299
-12.473,-11.109,8.2899
-0.63368,-10.927,8.2899
-6.6406,-5.2804,8.2909
-12.127,0.73401,-9.2
-12.289,0.72836,-3.4444
-12.127,0.73401,2.3096
-12.289,0.72836,8.0653
2.8636,-11.787,-11.198
8.6937,-5.9557,-11.201
3.022,-11.786,-5.446
8.8542,-5.955,-5.444
8.782,-11.68,-11.378
8.9404,-11.678,-5.623
12.026,-8.758,-11.598
12.186,-8.7566,-5.845
6.0024,-8.8803,-11.582
11.833,-3.0488,-11.581
6.1608,-8.8789,-5.826
11.994,-3.0474,-5.829
5.6305,-11.811,-8.182
11.458,-5.9784,-8.182
11.364,-11.464,-8.522
2.8636,-11.787,0.31162
8.6937,-5.9557,0.30862
3.022,-11.786,6.0636
8.8542,-5.955,6.0656
8.782,-11.68,0.13162
8.9404,-11.678,5.8866
12.026,-8.758,-0.088377
12.186,-8.7566,5.6646
6.0024,-8.8803,-0.072377
11.833,-3.0488,-0.071377
6.1608,-8.8789,5.6836
11.994,-3.0474,5.6806
5.4671,-11.811,-2.4264
11.302,-5.9791,-2.4274
5.6305,-11.811,3.3276
11.458,-5.9784,3.3276
11.205,-11.463,-2.7674
11.364,-11.464,2.9876
2.8636,-11.787,11.821
8.6937,-5.9557,11.818
8.782,-11.68,11.641
12.026,-8.758,11.421
6.0024,-8.8803,11.437
11.833,-3.0488,11.438
5.4671,-11.811,9.0833
11.302,-5.9791,9.0823
11.205,-11.463,8.7423
-2.7839,-5.7778,-11.426
-8.7915,-0.13223,-11.423
3.0476,0.052326,-11.425
-2.9614,5.6993,-11.426
-2.6234,-5.7771,-5.6717
-8.6331,-0.13081,-5.6707
3.2067,0.054447,-5.6707
-2.8008,5.7,-5.6687
3.1353,-5.6724,-11.603
-2.873,-0.024749,-11.603
8.9661,0.15981,-11.603
2.9585,5.8068,-11.602
3.2958,-5.6703,-5.8487
-2.7146,-0.023335,-5.8477
9.1245,0.15981,-5.8497
3.119,5.8075,-5.8467
0.54801,-8.5807,-11.825
-5.4596,-2.9338,-11.824
6.3767,-2.7506,-11.826
0.37123,2.897,-11.823
0.70711,-8.58,-6.0667
-5.3005,-2.9331,-6.0677
6.5365,-2.7492,-6.0677
0.53104,2.8984,-6.0697
0.35567,-2.8716,-11.807
-5.6526,2.7747,-11.807
6.1851,2.9607,-11.806
0.17748,8.6062,-11.806
0.51548,-2.8701,-6.0517
-5.4942,2.7761,-6.0507
6.3456,2.9614,-6.0537
0.3387,8.6076,-6.0537
-0.016971,-5.8025,-8.4067
-6.0245,-0.15556,-8.4067
5.8131,0.030406,-8.4067
-0.19658,5.6767,-8.4067
5.7219,-5.4688,-8.7467
-0.29133,0.19092,-8.7467
11.551,0.38042,-8.7477
5.543,6.0238,-8.7467
-2.7839,-5.7778,0.084
-8.7915,-0.13223,0.087
3.0476,0.052326,0.085
-2.9614,5.6993,0.084
-2.6234,-5.7771,5.838
-8.6331,-0.13081,5.839
3.2067,0.054447,5.839
-2.8008,5.7,5.841
3.1353,-5.6724,-0.093
-2.873,-0.024749,-0.093
8.9661,0.15981,-0.093
2.9585,5.8068,-0.092
3.2958,-5.6703,5.661
-2.7146,-0.023335,5.662
9.1245,0.15981,5.66
3.119,5.8075,5.663
0.54801,-8.5807,-0.315
-5.4596,-2.9338,-0.314
6.3767,-2.7506,-0.316
0.37123,2.897,-0.313
0.70711,-8.58,5.443
-5.3005,-2.9331,5.442
6.5365,-2.7492,5.442
0.53104,2.8984,5.44
0.35567,-2.8716,-0.297
-5.6526,2.7747,-0.297
6.1851,2.9607,-0.296
0.17748,8.6062,-0.296
0.51548,-2.8701,5.458
-5.4942,2.7761,5.459
6.3456,2.9614,5.456
0.3387,8.6076,5.456
-0.17678,-5.8011,-2.652
-6.1879,-0.15627,-2.651
5.6533,0.037477,-2.652
-0.35285,5.6759,-2.652
-0.016971,-5.8025,3.103
-6.0245,-0.15556,3.103
5.8131,0.030406,3.103
-0.19658,5.6767,3.103
5.5593,-5.4673,-2.991
-0.44972,0.19233,-2.992
11.39,0.37477,-2.992
5.3832,6.021,-2.991
5.7219,-5.4688,2.763
-0.29133,0.19092,2.763
11.551,0.38042,2.762
5.543,6.0238,2.763
-2.7839,-5.7778,11.594
-8.7915,-0.13223,11.597
3.0476,0.052326,11.595
-2.9614,5.6993,11.594
3.1353,-5.6724,11.417
-2.873,-0.024749,11.417
8.9661,0.15981,11.417
2.9585,5.8068,11.418
0.54801,-8.5807,11.195
-5.4596,-2.9338,11.196
6.3767,-2.7506,11.194
0.37123,2.897,11.197
0.35567,-2.8716,11.213
-5.6526,2.7747,11.213
6.1851,2.9607,11.214
0.17748,8.6062,11.214
-0.17678,-5.8011,8.8577
-6.1879,-0.15627,8.8587
5.6533,0.037477,8.8577
-0.35285,5.6759,8.8577
5.5593,-5.4673,8.5187
-0.44972,0.19233,8.5177
11.39,0.37477,8.5177
5.3832,6.021,8.5187
-8.6074,11.707,-11.649
-8.4483,11.709,-5.8953
-8.5197,5.9826,-11.827
-2.6889,11.815,-11.827
-8.3592,5.9847,-6.0733
-2.5305,11.815,-6.0743
-11.107,3.0743,-12.049
-5.2783,8.9044,-12.05
-10.948,3.075,-6.2913
-5.1185,8.9058,-6.2923
-11.299,8.7835,-12.031
-11.14,8.7849,-6.2763
-11.672,5.8525,-8.6313
-5.8419,11.685,-8.6313
-5.9331,6.1863,-8.9713
-11.946,11.846,-8.9713
-0.10372,12.035,-8.9723
-8.6074,11.707,-0.13962
-8.4483,11.709,5.6144
-8.5197,5.9826,-0.31762
-2.6889,11.815,-0.31762
-8.3592,5.9847,5.4364
-2.5305,11.815,5.4354
-11.107,3.0743,-0.53962
-5.2783,8.9044,-0.54062
-10.948,3.075,5.2184
-5.1185,8.9058,5.2174
-11.299,8.7835,-0.52162
-11.14,8.7849,5.2334
-11.832,5.8539,-2.8766
-6.0017,11.692,-2.8766
-11.672,5.8525,2.8784
-5.8419,11.685,2.8784
-6.0957,6.1877,-3.2156
-12.105,11.847,-3.2166
-0.26495,12.03,-3.2166
-5.9331,6.1863,2.5384
-11.946,11.846,2.5384
-0.10372,12.035,2.5374
-8.6074,11.707,11.37
-8.5197,5.9826,11.192
-2.6889,11.815,11.192
-11.107,3.0743,10.97
-5.2783,8.9044,10.969
-11.299,8.7835,10.988
-11.832,5.8539,8.633
-6.0017,11.692,8.633
-6.0957,6.1877,8.294
-12.105,11.847,8.293
-0.26495,12.03,8.293
9.2399,5.5237,-11.198
3.2323,11.169,-11.195
9.4004,5.5244,-5.4439
3.3907,11.171,-5.4429
9.1508,11.277,-11.375
9.3092,11.278,-5.6199
12.572,2.7207,-11.597
6.5642,8.3676,-11.596
12.731,2.7214,-5.8389
6.7233,8.3684,-5.8399
12.379,8.4299,-11.579
12.539,8.4313,-5.8239
12.007,5.4989,-8.1789
5.9992,11.146,-8.1789
11.732,11.492,-8.5189
9.2399,5.5237,0.31175
3.2323,11.169,0.31475
9.4004,5.5244,6.0658
3.3907,11.171,6.0668
9.1508,11.277,0.13475
9.3092,11.278,5.8898
12.572,2.7207,-0.087248
6.5642,8.3676,-0.086248
12.731,2.7214,5.6708
6.7233,8.3684,5.6698
12.379,8.4299,-0.069248
12.539,8.4313,5.6858
11.847,5.5003,-2.4242
5.8359,11.145,-2.4232
12.007,5.4989,3.3308
5.9992,11.146,3.3308
11.574,11.494,-2.7642
11.732,11.492,2.9908
9.2399,5.5237,11.821
3.2323,11.169,11.824
9.1508,11.277,11.644
12.572,2.7207,11.422
6.5642,8.3676,11.423
12.379,8.4299,11.44
11.847,5.5003,9.0854
5.8359,11.145,9.0864
11.574,11.494,8.7454
0,0,0
0.079196,5.7148,0.355
0.15839,0.0014142,5.754
0.15839,0.0014142,-5.7557
-5.7523,-0.11667,0.353
0.25668,-5.7636,0.354
6.0868,0.067882,0.353
-0.079196,5.7134,-5.401
0.096874,-5.765,-5.399
-5.9142,-0.11738,-5.401
5.9248,0.067175,-5.402
-5.6474,6.0052,-0.22562
6.0076,-5.6498,-0.001
5.8315,5.8315,-0.001
-6.1922,-5.4699,-0.22875
-0.079196,5.7134,6.1087
0.096874,-5.765,6.1107
-5.9142,-0.11738,6.1087
5.9248,0.067175,6.1077
-5.4876,6.0067,5.5304
-6.031,-5.4685,5.5262
-5.4876,6.0067,-5.9793
-6.031,-5.4685,-5.9834
5.9927,5.8329,5.754
6.1674,-5.6484,-5.7547
6.1674,-5.6484,5.755
5.9927,5.8329,-5.7557
-0.18467,-11.117,-0.22875
0,0,-11.51
0,0,11.51
11.839,0.18455,-0.001
0.18407,11.84,-0.22562
-11.84,0.53814,-0.45337
-0.026278,-11.117,5.5252
0.079196,5.7148,-11.155
-5.7523,-0.11667,-11.157
0.25668,-5.7636,-11.156
-0.026278,-11.117,-5.9844
-5.937,-11.234,0.12525
6.0868,0.067882,-11.157
-11.398,5.8914,0.12938
6.2714,11.185,0.58075
-11.681,0.53814,5.3006
-5.5682,11.723,0.12838
0.34246,11.84,5.5284
11.734,-5.9402,0.57962
0.079196,5.7148,11.865
5.9027,-11.772,0.57762
-5.7523,-0.11667,11.863
-11.945,-5.5866,0.12725
0.25668,-5.7636,11.864
-11.681,0.53814,-6.209
0.34246,11.84,-5.9813
11.997,0.18455,5.753
11.997,0.18455,-5.7567
6.0868,0.067882,11.863
12.28,5.5378,0.58175
6.1095,11.184,-5.1732
-6.0989,-11.234,-5.6298
-5.6474,6.0052,11.284
-6.1922,-5.4699,11.281
11.576,-5.9416,-5.1764
-6.0989,-11.234,5.8799
5.7408,-11.772,-5.1764
-11.558,5.89,-5.6236
6.0076,-5.6498,11.509
5.8315,5.8315,11.509
6.0076,-5.6498,-11.511
5.8315,5.8315,-11.511
-5.7302,11.722,-5.6266
6.1095,11.184,6.3364
-11.558,5.89,5.886
12.121,5.5364,-5.1712
-5.7302,11.722,5.883
-5.6474,6.0052,-11.735
-6.1922,-5.4699,-11.738
-12.103,-5.588,-5.6288
11.576,-5.9416,6.3333
5.7408,-11.772,6.3333
-12.103,-5.588,5.8809
12.121,5.5364,6.3384
-0.18467,-11.117,11.281
-0.18467,-11.117,-11.738
-11.84,0.53814,11.056
0.18407,11.84,11.284
11.655,-11.655,0.22462
-11.655,11.655,-0.22462
-12.024,-11.301,-0.22775
12.024,11.301,0.22775
11.839,0.18455,11.509
11.839,0.18455,-11.511
0.18407,11.84,-11.735
-11.84,0.53814,-11.963
6.2714,11.185,-10.929
-5.937,-11.234,-11.384
11.734,-5.9402,-10.93
5.9027,-11.772,-10.932
-11.398,5.8914,-11.38
-5.937,-11.234,11.635
-5.5682,11.723,-11.381
-11.497,11.656,5.5294
-11.865,-11.3,5.5262
-11.398,5.8914,11.639
12.28,5.5378,-10.928
-11.945,-5.5866,-11.382
-11.497,11.656,-5.9803
-5.5682,11.723,11.638
-11.865,-11.3,-5.9834
11.813,-11.654,-5.531
12.182,11.303,-5.5279
-11.945,-5.5866,11.637
6.2714,11.185,12.09
11.813,-11.654,5.9786
12.182,11.303,5.9818
11.734,-5.9402,12.089
5.9027,-11.772,12.087
12.28,5.5378,12.091
11.655,-11.655,-11.285
-11.655,11.655,11.285
-12.024,-11.301,11.282
12.024,11.301,-11.282
11.655,-11.655,11.734
-11.655,11.655,-11.734
-12.024,-11.301,-11.737
12.024,11.301,11.737
