-9.5269,-9.0089,-9.2447
-3.9266,-9.3851,-10.066
-9.9604,-9.4042,-3.8826
-9.5269,-9.0089,3.6414
-10.789,-2.7729,-3.7596
-3.9266,-9.3851,2.8204
-9.9604,-9.4042,9.0036
-10.789,-2.7729,9.1266
9.6525,-9.9226,-8.7618
9.5882,-3.3359,-2.8506
9.7416,-8.3953,-2.3096
9.6525,-9.9226,4.1244
9.5882,-3.3359,10.035
9.7416,-8.3953,10.576
2.7648,-9.6082,-9.5911
-3.5235,-2.6326,-9.0891
9.495,-3.2654,-9.4821
3.6359,3.7123,-9.0721
2.2882,-2.5244,-9.2661
-3.2845,3.0144,-8.9381
9.2362,3.3361,-9.8931
-9.5459,-2.7803,-9.3571
2.8525,-9.4738,-2.54
-4.3275,-2.9925,-2.824
-3.3489,9.6011,-3.027
3.2025,3.317,-3.71
2.7648,-9.6082,3.295
-3.5235,-2.6326,3.797
9.495,-3.2654,3.404
3.6359,3.7123,3.814
3.6748,-2.9762,-3.061
-3.1954,4.5417,-2.486
-2.6156,-9.8366,-3.794
2.3738,9.9483,-3.587
2.2882,-2.5244,3.62
-3.2845,3.0144,3.948
9.2362,3.3361,2.993
-9.5459,-2.7803,3.529
2.8525,-9.4738,10.346
-4.3275,-2.9925,10.062
-3.3489,9.6011,9.8591
3.2025,3.317,9.1761
3.6748,-2.9762,9.8251
-3.1954,4.5417,10.4
-2.6156,-9.8366,9.0921
2.3738,9.9483,9.2991
-10.172,3.3289,-9.7675
-3.442,9.6716,-9.6585
-10.649,10.413,-9.4425
-10.085,3.4632,-2.7164
-10.172,3.3289,3.1186
-3.442,9.6716,3.2276
-9.2622,9.9608,-3.2374
-10.649,10.413,3.4436
-10.085,3.4632,10.17
-9.2622,9.9608,9.6488
9.6393,10.089,-8.9166
3.6169,9.9409,-9.1846
8.8354,9.7287,-2.6514
9.6393,10.089,3.9696
10.547,2.8846,-3.6214
3.6169,9.9409,3.7016
8.8354,9.7287,10.235
10.547,2.8846,9.2647
-5.0389,-8.376,-10.085
-10.902,-8.4623,-9.5637
-5.0389,-8.376,2.8014
-10.4,-9.3632,-2.4466
-10.902,-8.4623,3.3224
-10.4,-9.3632,10.44
9.6306,-10.645,-10.059
3.4816,-11.002,-9.2578
10.657,-9.567,-2.1316
9.6306,-10.645,2.8274
3.4816,-11.002,3.6284
10.657,-9.567,10.754
8.1239,4.3452,-9.9121
-9.2921,-3.0116,-7.9041
3.4959,-2.7747,-10.16
-3.3064,2.2924,-10.235
-3.1671,-2.1376,-10.434
-9.4554,1.9346,-9.4341
2.2606,4.2589,-9.3911
9.6159,-2.8588,-8.0621
-3.5921,-8.7031,-4.031
-10.088,-2.3511,-2.366
2.2847,-2.8518,-2.48
-2.2797,3.3701,-2.308
8.1239,4.3452,2.974
-9.2921,-3.0116,4.982
3.4959,-2.7747,2.726
-3.3064,2.2924,2.651
-2.9387,-2.9048,-3.412
1.6893,-9.4547,-3.46
2.7627,3.3581,-2.274
9.8698,-1.6928,-2.514
-3.1671,-2.1376,2.452
-9.4554,1.9346,3.452
2.2606,4.2589,3.495
9.6159,-2.8588,4.824
-3.5921,-8.7031,8.8551
-10.088,-2.3511,10.52
2.2847,-2.8518,10.406
-2.2797,3.3701,10.578
-2.9387,-2.9048,9.4741
1.6893,-9.4547,9.4261
2.7627,3.3581,10.612
9.8698,-1.6928,10.372
-9.4411,10.162,-10.336
-3.3211,10.078,-8.2385
-10.652,10.085,-2.6564
-9.4411,10.162,2.5496
-11.248,3.4823,-3.6364
-3.0672,11.244,-2.6904
-3.3211,10.078,4.6476
-10.652,10.085,10.23
-11.248,3.4823,9.2498
-3.0672,11.244,10.196
3.8708,9.7096,-7.7316
9.9957,10.584,-10.262
9.5708,4.0181,-3.8584
3.0746,10.37,-2.1934
3.8708,9.7096,5.1546
10.224,9.8164,-3.2394
9.9957,10.584,2.6246
9.5708,4.0181,9.0277
3.0746,10.37,10.693
10.224,9.8164,9.6467
-10.143,-13.044,-12.518
-9.587,-12.363,-6.6987
-3.5504,-11.672,-13.582
-10.035,-5.4394,-13.726
-3.3221,-12.88,-6.2397
-9.9575,-6.0581,-6.3737
-13.238,-9.4911,-12.324
-12.963,-9.3511,-6.6707
-7.5216,-8.9127,-12.904
-13.631,-2.5926,-13.924
-6.5486,-9.6255,-6.5377
-13.073,-2.6174,-6.1447
-6.9672,-12.257,-9.6707
-12.643,-5.6452,-9.8467
-13.67,-12.893,-9.4097
-1.1357,-13.207,-9.7927
-10.143,-13.044,0.36845
-9.587,-12.363,6.1874
-3.5504,-11.672,-0.69555
-10.035,-5.4394,-0.83955
-3.3221,-12.88,6.6464
-9.9575,-6.0581,6.5124
-13.238,-9.4911,0.56245
-12.963,-9.3511,6.2154
-7.5216,-8.9127,-0.017551
-13.631,-2.5926,-1.0376
-6.5486,-9.6255,6.3484
-13.073,-2.6174,6.7414
-7.1348,-11.786,-3.1026
-13.137,-6.9604,-2.8306
-6.9672,-12.257,3.2154
-12.643,-5.6452,3.0394
-12.094,-12.358,-3.2356
-6.8958,-7.1004,-3.4716
-13.67,-12.893,3.4764
-1.1357,-13.207,3.0934
-10.143,-13.044,13.255
-3.5504,-11.672,12.191
-10.035,-5.4394,12.047
-13.238,-9.4911,13.449
-7.5216,-8.9127,12.869
-13.631,-2.5926,11.849
-7.1348,-11.786,9.7836
-13.137,-6.9604,10.056
-12.094,-12.358,9.6506
-6.8958,-7.1004,9.4146
-14.073,-0.26995,-9.969
-14.073,-0.26995,2.9171
2.9067,-13.407,-11.863
9.7826,-6.8184,-11.181
3.3826,-12.818,-6.0988
9.958,-6.7873,-6.4428
9.4772,-12.458,-13.007
12.862,-9.707,-11.975
13.136,-9.567,-6.3218
6.1729,-9.4468,-12.196
12.469,-2.8084,-13.575
5.586,-9.5344,-6.4668
13.027,-2.8332,-5.7958
6.892,-12.839,-9.1418
13.457,-5.861,-9.4978
12.43,-13.109,-9.0608
2.9067,-13.407,1.0234
9.7826,-6.8184,1.7054
3.3826,-12.818,6.7874
9.958,-6.7873,6.4434
9.4772,-12.458,-0.12064
9.835,-12.556,-4.6646
12.862,-9.707,0.91136
13.136,-9.567,6.5644
6.1729,-9.4468,0.69036
12.469,-2.8084,-0.68864
5.586,-9.5344,6.4194
13.027,-2.8332,7.0904
5.6454,-13.251,-2.8106
12.963,-7.1762,-2.4816
6.892,-12.839,3.7444
13.457,-5.861,3.3884
5.8179,-7.464,-3.1066
14.005,-12.574,-2.8866
0.054261,-12.696,-2.8016
12.43,-13.109,3.8254
2.9067,-13.407,13.909
9.7826,-6.8184,14.591
9.4772,-12.458,12.765
9.835,-12.556,8.2215
12.862,-9.707,13.797
6.1729,-9.4468,13.576
12.469,-2.8084,12.197
5.6454,-13.251,10.075
12.963,-7.1762,10.404
5.8179,-7.464,9.7795
14.005,-12.574,9.9995
0.054261,-12.696,10.084
-3.7371,-7.3772,-13.035
-10.03,-0.47023,-12.039
3.0201,-0.32315,-12.345
-3.1544,6.1186,-11.357
-9.5544,0.11879,-6.2751
3.5758,0.3585,-6.5261
-2.979,6.1497,-6.6191
3.2555,-5.5663,-13.021
-3.4599,0.47871,-13.183
9.6124,1.0493,-13.409
3.1282,7.2818,-13.553
3.2117,-6.3413,-6.3461
9.8408,-0.1591,-6.0671
3.2053,6.6631,-6.2011
0.30618,-8.9046,-12.632
-6.1943,-2.9769,-12.475
7.4472,-2.9515,-12.851
-0.074953,3.2301,-12.151
0.24112,-9.5056,-6.4771
-6.1773,-2.7832,-6.0891
0.1994,3.3701,-6.4981
-0.9051,-2.9953,-13.128
-6.7642,3.4903,-12.372
5.6413,3.8085,-12.731
-0.4681,10.129,-13.751
-7.3511,3.4026,-6.6431
6.6143,3.0957,-6.3651
0.089803,10.104,-5.9721
-0.77216,-5.5451,-9.5101
-6.0451,0.098288,-9.3181
6.1957,0.46386,-9.4981
0.51972,7.076,-9.6741
6.2169,-5.4928,-9.6901
-0.507,-0.17183,-9.2371
12.027,-0.48578,-9.6201
-6.557,-5.7014,-9.3691
-3.7371,-7.3772,-0.149
-10.03,-0.47023,0.847
3.0201,-0.32315,0.541
-3.1544,6.1186,1.529
-3.5695,-5.5409,-5.804
-9.5544,0.11879,6.611
3.5758,0.3585,6.36
-2.979,6.1497,6.267
3.2555,-5.5663,-0.135
-3.4599,0.47871,-0.297
9.6124,1.0493,-0.523
3.1282,7.2818,-0.667
3.2117,-6.3413,6.54
-3.1021,0.38113,-4.841
9.8408,-0.1591,6.819
3.2053,6.6631,6.685
0.30618,-8.9046,0.254
-6.1943,-2.9769,0.411
7.4472,-2.9515,0.035
-0.074953,3.2301,0.735
0.24112,-9.5056,6.409
-6.1773,-2.7832,6.797
6.5563,-3.0618,-5.634
0.1994,3.3701,6.388
-0.9051,-2.9953,-0.242
-6.7642,3.4903,0.514
5.6413,3.8085,0.155
-0.4681,10.129,-0.865
0.47235,-2.8737,-5.806
-7.3511,3.4026,6.243
6.6143,3.0957,6.521
0.089803,10.104,6.914
-0.65407,-6.2586,-2.822
-7.2917,-0.31396,-2.987
6.0281,0.9355,-2.93
0.026163,5.7608,-2.658
-0.77216,-5.5451,3.376
-6.0451,0.098288,3.568
6.1957,0.46386,3.388
0.51972,7.076,3.212
-7.1192,5.473,-3.283
1.0684,0.36275,-3.063
-12.883,0.24112,-2.978
6.2671,5.6208,-3.299
6.2169,-5.4928,3.196
-0.507,-0.17183,3.649
12.027,-0.48578,3.266
-6.557,-5.7014,3.517
-3.7371,-7.3772,12.737
-10.03,-0.47023,13.733
3.0201,-0.32315,13.427
-3.1544,6.1186,14.415
-3.5695,-5.5409,7.0821
3.2555,-5.5663,12.751
-3.4599,0.47871,12.589
9.6124,1.0493,12.363
3.1282,7.2818,12.219
-3.1021,0.38113,8.0451
0.30618,-8.9046,13.14
-6.1943,-2.9769,13.297
7.4472,-2.9515,12.921
-0.074953,3.2301,13.621
6.5563,-3.0618,7.2521
-0.9051,-2.9953,12.644
-6.7642,3.4903,13.4
5.6413,3.8085,13.041
-0.4681,10.129,12.021
0.47235,-2.8737,7.0801
-0.65407,-6.2586,10.064
-7.2917,-0.31396,9.8991
6.0281,0.9355,9.9561
0.026163,5.7608,10.228
-7.1192,5.473,9.6031
1.0684,0.36275,9.8231
-12.883,0.24112,9.9081
6.2671,5.6208,9.5871
-9.917,12.614,-12.521
-9.3612,13.296,-6.7025
-9.6815,7.3707,-13.197
-3.3246,13.986,-13.585
-9.7254,6.5957,-6.5225
-3.0962,12.778,-6.2435
-12.631,4.0324,-12.808
-5.4898,9.9856,-13.027
-12.696,3.4314,-6.6535
-13.842,9.9417,-13.304
-13.709,7.3919,-9.6865
-6.7414,13.401,-9.6745
-6.7202,7.4442,-9.8665
-13.444,12.765,-9.4135
-0.90986,12.451,-9.7965
-9.917,12.614,0.36464
-9.3612,13.296,6.1836
-9.6815,7.3707,-0.31136
-3.3246,13.986,-0.69936
-9.7254,6.5957,6.3636
-3.0962,12.778,6.6426
-12.631,4.0324,0.077643
-5.4898,9.9856,-0.14136
-12.696,3.4314,6.2326
-6.3807,9.8753,-5.8104
-13.842,9.9417,-0.41836
-12.465,10.063,-5.9824
-13.591,6.6784,-2.9984
-6.909,13.873,-3.1064
-13.709,7.3919,3.1996
-6.7414,13.401,3.2116
-11.869,13.3,-3.2394
-6.7202,7.4442,3.0196
-13.444,12.765,3.4726
-0.90986,12.451,3.0896
-9.917,12.614,13.251
-9.6815,7.3707,12.575
-3.3246,13.986,12.187
-12.631,4.0324,12.964
-5.4898,9.9856,12.745
-6.3807,9.8753,7.0758
-13.842,9.9417,12.468
-12.465,10.063,6.9038
-13.591,6.6784,9.8878
-6.909,13.873,9.7798
-11.869,13.3,9.6468
13.217,0.025293,-2.6291
13.217,0.025293,10.257
9.4258,5.344,-12.863
3.1325,12.251,-11.867
3.6084,12.84,-6.1026
9.703,13.2,-13.011
13.469,3.8166,-12.46
6.9686,9.7443,-12.303
13.404,3.2156,-6.3046
6.9856,9.938,-5.9166
12.258,9.7259,-12.956
12.391,7.1761,-9.3376
7.1178,12.819,-9.1456
12.656,12.549,-9.0646
6.6059,7.0198,-9.1966
9.4258,5.344,0.023551
3.1325,12.251,1.0196
9.5934,7.1803,-5.6314
3.6084,12.84,6.7836
9.703,13.2,-0.12445
10.061,13.102,-4.6684
13.469,3.8166,0.42655
6.9686,9.7443,0.58355
13.404,3.2156,6.5816
6.9856,9.938,6.9696
12.258,9.7259,-0.069449
13.635,9.8475,-5.6334
12.509,6.4626,-2.6494
5.8712,12.407,-2.8144
12.391,7.1761,3.5486
7.1178,12.819,3.7406
14.231,13.084,-2.8904
0.28008,12.962,-2.8054
12.656,12.549,3.8216
6.6059,7.0198,3.6896
9.4258,5.344,12.91
3.1325,12.251,13.906
9.5934,7.1803,7.2547
9.703,13.2,12.762
10.061,13.102,8.2177
13.469,3.8166,13.313
6.9686,9.7443,13.47
12.258,9.7259,12.817
13.635,9.8475,7.2527
12.509,6.4626,10.237
5.8712,12.407,10.072
14.231,13.084,9.9957
0.28008,12.962,10.081
0,0,0
0.08061,-5.8251,0.486
0.10394,0.43628,-6.0981
-6.5888,0.18809,0.134
0.10394,0.43628,6.788
6.82,0.21567,-0.099
0.16688,7.0739,0.113
0.0070711,-6.1716,-5.903
0.070711,6.5846,-6.0821
-5.9701,6.7027,0.368
-6.458,0.57912,-6.2481
-6.6702,-6.155,-0.73355
6.4927,6.5662,-0.561
6.6454,0.15981,-6.4401
6.6454,0.15981,6.446
-6.458,0.57912,6.638
0.0070711,-6.1716,6.9831
6.9669,-6.2344,0.54436
0.070711,6.5846,6.804
6.3873,-6.1554,-5.88
-6.3272,-5.9312,-6.3611
-6.3272,-5.9312,6.525
-6.5497,6.7817,-6.0564
6.3873,-6.1554,7.0061
6.8357,6.79,-6.1886
-6.5497,6.7817,6.8298
6.8357,6.79,6.6976
-0.13017,-12.316,0.029449
0,0,-12.886
0,0,12.886
13.033,0.40517,0.202
-13.067,0.621,-0.14691
0.095646,13.342,0.025643
-0.10755,-12.424,5.7494
0.08061,-5.8251,-12.4
-6.3428,-12.506,-0.27155
-12.996,-5.6473,-0.059551
-13.045,0.51352,5.5731
6.3482,-12.749,0.31036
-0.10755,-12.424,-7.1367
13.055,0.29769,5.922
-6.5888,0.18809,-12.752
13.104,-5.8631,0.28936
0.11827,13.235,5.7456
6.574,12.909,0.30655
6.82,0.21567,12.787
-6.117,13.153,-0.27536
0.08061,-5.8251,13.372
-6.5888,0.18809,13.02
0.16688,7.0739,-12.773
6.82,0.21567,-12.985
-12.856,7.1119,0.30964
13.055,0.29769,-6.9641
0.16688,7.0739,12.999
13.243,6.8961,0.65855
-13.045,0.51352,-7.313
0.11827,13.235,-7.1405
-6.6702,-6.155,12.153
6.479,-12.358,-6.0718
6.4927,6.5662,12.325
-5.9701,6.7027,-12.518
-6.5175,-12.561,6.2734
6.9669,-6.2344,-12.342
6.479,-12.358,6.8144
-6.5175,-12.561,-6.6127
13.008,-6.3525,-5.9058
-13.092,-6.1366,-6.2547
13.17,6.5496,-5.7304
-12.93,6.7654,-6.0794
-6.2916,13.097,6.2696
-13.092,-6.1366,6.6314
-6.2916,13.097,-6.6165
-5.9701,6.7027,13.254
13.008,-6.3525,6.9804
6.7049,13.3,-6.0756
-12.93,6.7654,6.8068
6.4927,6.5662,-13.447
13.17,6.5496,7.1557
6.9669,-6.2344,13.43
-6.6702,-6.155,-13.62
6.7049,13.3,6.8106
-0.13017,-12.316,-12.857
-0.13017,-12.316,12.916
13.033,0.40517,-12.684
-13.067,0.621,12.739
12.937,-12.937,0.17636
-12.937,12.937,-0.17636
-13.163,-12.721,-0.17255
13.163,12.721,0.17255
-13.067,0.621,-13.033
13.033,0.40517,13.088
0.095646,13.342,-12.86
0.095646,13.342,12.912
-6.3428,-12.506,12.615
-13.059,-12.285,-6.2707
6.3482,-12.749,-12.576
13.041,-12.501,-5.9218
13.104,-5.8631,-12.597
-13.059,-12.285,6.6154
-12.996,-5.6473,12.827
6.574,12.909,-12.58
-12.996,-5.6473,-12.946
-6.117,13.153,12.611
-6.3428,-12.506,-13.158
13.243,6.8961,-12.228
-12.856,7.1119,-12.576
13.041,-12.501,6.9644
6.3482,-12.749,13.196
13.104,-5.8631,13.175
-12.833,13.373,-6.2745
-6.117,13.153,-13.161
6.574,12.909,13.193
13.267,13.157,-5.9256
-12.833,13.373,6.6116
-12.856,7.1119,13.196
13.267,13.157,6.9606
13.243,6.8961,13.545
12.937,-12.937,-12.71
-12.937,12.937,12.71
-13.163,-12.721,12.714
13.163,12.721,-12.714
12.937,-12.937,13.062
-12.937,12.937,-13.062
-13.163,-12.721,-13.059
13.163,12.721,13.059
