-9.7249,-9.518,-10.118
-3.3454,-9.2804,-10.51
-10.404,-2.7291,-9.1867
-9.7765,-9.2613,-3.2496
-9.7249,-9.518,2.7684
-3.7654,-9.6835,-4.0476
-3.3454,-9.2804,2.3764
-10.404,-2.7291,3.6994
-9.7765,-9.2613,9.6366
-3.7654,-9.6835,8.8386
10.017,-9.7126,-9.4588
10.828,-9.2672,-3.1076
10.017,-9.7126,3.4274
10.828,-9.2672,9.7785
2.6969,-9.0057,-9.8021
-3.2456,-2.5329,-10.434
9.9554,-2.4134,-8.7851
3.438,3.2032,-9.9451
3.3595,-2.832,-9.1401
-2.9204,3.2244,-9.6351
9.8175,3.4408,-10.337
2.7584,9.9921,-9.0141
3.7031,-8.5411,-2.133
-3.0752,-3.1219,-3.083
9.4696,-3.3192,-2.943
3.3863,3.4599,-3.077
2.6969,-9.0057,3.084
-3.2456,-2.5329,2.452
9.9554,-2.4134,4.101
3.438,3.2032,2.941
3.3736,-3.7767,-3.968
-2.1086,3.6699,-3.284
9.3974,3.0377,-3.875
-9.4802,-2.576,-3.46
3.3595,-2.832,3.746
-2.9204,3.2244,3.251
9.8175,3.4408,2.549
2.7584,9.9921,3.872
3.7031,-8.5411,10.753
-3.0752,-3.1219,9.8031
9.4696,-3.3192,9.9431
3.3863,3.4599,9.8091
3.3736,-3.7767,8.9181
-2.1086,3.6699,9.6021
9.3974,3.0377,9.0111
-9.4802,-2.576,9.4261
-10.24,3.9313,-9.9785
-2.9817,10.524,-8.9615
-9.5776,10.105,-9.3165
-9.2339,4.3959,-2.3094
-3.4675,9.6179,-3.1194
-10.24,3.9313,2.9076
-2.9817,10.524,3.9246
-9.5634,9.1604,-4.1444
-9.5776,10.105,3.5696
-9.2339,4.3959,10.577
-3.4675,9.6179,9.7668
-9.5634,9.1604,8.7418
9.9172,10.188,-10.262
10.088,9.5993,-2.9104
9.9172,10.188,2.6246
3.6827,10.145,-3.2874
10.088,9.5993,9.9757
3.6827,10.145,9.5987
-2.8723,-9.9204,-9.2057
-9.6047,-3.9531,-9.5347
-8.5476,-8.8965,-9.3997
-3.7944,-9.622,-2.5416
-2.8723,-9.9204,3.6804
-9.6047,-3.9531,3.3514
-10.479,-9.8532,-4.4106
-8.5476,-8.8965,3.4864
-3.7944,-9.622,10.345
-10.479,-9.8532,8.4756
10.371,-11.152,-9.8208
3.7949,-9.7657,-9.1278
9.533,-9.4199,-2.3826
10.371,-11.152,3.0654
9.4779,-3.4151,-1.2746
3.7949,-9.7657,3.7584
9.533,-9.4199,10.503
9.4779,-3.4151,11.611
10.291,2.8008,-9.0331
3.5582,8.7681,-9.3621
3.107,-3.0236,-10.569
-2.5661,1.7854,-9.9971
-3.9725,-3.264,-9.3051
-9.1422,3.1714,-9.3041
4.6153,3.8247,-9.2271
9.4392,-3.4457,-7.8631
9.3685,3.0992,-2.369
-9.6117,-1.842,-2.161
4.2144,-3.2838,-2.846
-3.404,3.5171,-2.559
10.291,2.8008,3.853
3.5582,8.7681,3.524
3.107,-3.0236,2.317
-2.5661,1.7854,2.889
-1.7466,-3.5709,-3.633
3.1297,-8.8219,-3.499
2.6842,2.868,-4.238
-3.4592,9.5219,-1.451
-3.9725,-3.264,3.581
-9.1422,3.1714,3.582
4.6153,3.8247,3.659
9.4392,-3.4457,5.023
9.3685,3.0992,10.517
-9.6117,-1.842,10.725
4.2144,-3.2838,10.04
-3.404,3.5171,10.327
-1.7466,-3.5709,9.2531
3.1297,-8.8219,9.3871
2.6842,2.868,8.6481
-3.4592,9.5219,11.435
-9.83,9.9135,-10.745
-3.4979,9.4913,-8.0395
-8.7227,9.6532,-3.0224
-9.83,9.9135,2.1406
-9.8074,4.1152,-3.6754
-3.4979,9.4913,4.8466
-8.7227,9.6532,9.8638
-9.8074,4.1152,9.2108
9.1903,9.4572,-9.1326
3.5512,10.879,-1.9884
11.416,9.1503,-3.4604
9.1903,9.4572,3.7536
3.5512,10.879,10.898
11.416,9.1503,9.4257
-9.9625,-12.898,-12.539
-9.8529,-11.961,-6.9437
-3.3588,-12.218,-13.524
-9.8211,-6.1366,-12.268
-9.9229,-6.6019,-6.8467
-13.86,-9.4063,-12.827
-13.137,-9.2048,-6.6527
-6.4842,-9.1185,-13.395
-12.285,-2.6746,-12.448
-6.2778,-9.5102,-6.2487
-12.91,-2.6287,-6.1997
-5.8917,-11.697,-9.6247
-13.647,-4.8723,-9.3937
-12.883,-13.554,-9.9127
-1.1307,-12.741,-9.9497
-9.9625,-12.898,0.34745
-9.8529,-11.961,5.9424
-3.3588,-12.218,-0.63755
-9.8211,-6.1366,0.61845
-3.2931,-13.22,-5.5686
-9.9229,-6.6019,6.0394
-13.86,-9.4063,0.059449
-13.137,-9.2048,6.2334
-6.4842,-9.1185,-0.50855
-12.285,-2.6746,0.43845
-6.2778,-9.5102,6.6374
-12.91,-2.6287,6.6864
-7.1864,-12.851,-3.3496
-13.35,-5.1948,-2.6146
-5.8917,-11.697,3.2614
-13.647,-4.8723,3.4924
-12.058,-12.769,-3.2406
-7.564,-5.8396,-3.1126
-12.883,-13.554,2.9734
-1.1307,-12.741,2.9364
-9.9625,-12.898,13.234
-3.3588,-12.218,12.249
-9.8211,-6.1366,13.505
-3.2931,-13.22,7.3176
-13.86,-9.4063,12.946
-6.4842,-9.1185,12.378
-12.285,-2.6746,13.325
-7.1864,-12.851,9.5366
-13.35,-5.1948,10.272
-12.058,-12.769,9.6456
-7.564,-5.8396,9.7736
-14.068,0.19603,-10.126
-14.068,0.19603,2.7601
3.1507,-12.599,-12.034
9.5288,-6.6438,-12.629
3.1259,-12.669,-6.7288
9.8583,-12.817,-13.461
12.24,-9.6221,-12.478
12.963,-9.4206,-6.3038
5.4665,-9.4616,-12.035
13.815,-2.8905,-12.099
13.189,-2.8445,-5.8508
7.1918,-12.398,-9.2568
12.453,-5.0882,-9.0448
7.4676,-6.619,-8.7758
13.217,-13.77,-9.5638
3.1507,-12.599,0.85236
9.5288,-6.6438,0.25736
3.1259,-12.669,6.1574
9.3909,-6.4394,-5.2826
9.8583,-12.817,-0.57464
9.5323,-12.847,-5.4956
12.24,-9.6221,0.40836
12.963,-9.4206,6.5824
5.4665,-9.4616,0.85136
13.815,-2.8905,0.78736
6.4705,-9.4743,-5.3256
13.189,-2.8445,7.0354
5.7401,-12.237,-2.3356
12.75,-5.4106,-2.2656
7.1918,-12.398,3.6294
12.453,-5.0882,3.8414
14.042,-12.984,-2.8916
0.52237,-12.511,-2.8556
7.4676,-6.619,4.1104
13.217,-13.77,3.3224
3.1507,-12.599,13.738
9.5288,-6.6438,13.143
9.3909,-6.4394,7.6035
9.8583,-12.817,12.311
9.5323,-12.847,7.3905
12.24,-9.6221,13.294
5.4665,-9.4616,13.737
13.815,-2.8905,13.673
6.4705,-9.4743,7.5605
5.7401,-12.237,10.55
12.75,-5.4106,10.62
14.042,-12.984,9.9945
0.52237,-12.511,10.03
-3.1431,-6.1582,-13.196
-9.7864,0.338,-12.21
3.2004,-0.17678,-12.366
-3.4083,6.2933,-12.805
-3.2315,-6.0542,-5.8821
-9.8111,0.26799,-6.9051
3.31,0.76014,-6.7711
3.1947,-5.456,-13.075
-3.0787,0.12021,-13.637
9.804,0.50275,-13.351
3.3418,6.5846,-12.095
3.7017,-6.6107,-6.9241
3.24,6.1193,-6.6741
0.031113,-9.43,-12.845
-7.1382,-3.0229,-12.336
7.1559,-3.0094,-12.074
-0.69721,3.3149,-12.654
0.31678,-9.1386,-6.5991
-6.2027,-2.7846,-6.7641
6.3753,-2.8864,-6.5021
0.026163,3.5164,-6.4801
0.25739,-3.0872,-13.658
-7.4706,3.4754,-12.211
6.6786,3.6027,-13.222
0.87823,10.047,-12.275
1.0345,-2.9154,-5.9661
6.8851,3.211,-6.0761
0.25244,10.093,-6.0271
-0.031113,-5.1506,-9.5441
-5.7452,0.53952,-9.4331
7.2712,1.0246,-9.4521
-0.48366,7.8489,-9.2211
-5.4695,6.318,-8.9521
0.28001,-0.83297,-9.7401
12.032,-0.019799,-9.7771
-6.0443,-6.1221,-9.5161
-3.1431,-6.1582,-0.31
-9.7864,0.338,0.676
3.2004,-0.17678,0.52
-3.4083,6.2933,0.081
-3.2315,-6.0542,7.004
-9.8111,0.26799,5.981
3.31,0.76014,6.115
-3.5461,6.4976,-5.459
3.1947,-5.456,-0.189
-3.0787,0.12021,-0.751
9.804,0.50275,-0.465
3.3418,6.5846,0.791
3.7017,-6.6107,5.962
-3.4047,0.089803,-5.672
9.8698,-0.49922,-5.396
3.24,6.1193,6.212
0.031113,-9.43,0.041
-7.1382,-3.0229,0.55
7.1559,-3.0094,0.812
-0.69721,3.3149,0.232
0.31678,-9.1386,6.287
-6.2027,-2.7846,6.122
6.3753,-2.8864,6.384
0.026163,3.5164,6.406
0.25739,-3.0872,-0.772
-7.4706,3.4754,0.675
6.6786,3.6027,-0.336
0.87823,10.047,0.611
1.0345,-2.9154,6.92
-6.4665,3.4627,-5.502
6.8851,3.211,6.81
0.25244,10.093,6.859
0.67741,-6.562,-3.084
-7.1969,0.70004,-2.512
5.9765,-0.13011,-3.177
-0.18668,7.5264,-2.442
-0.031113,-5.1506,3.342
-5.7452,0.53952,3.453
7.2712,1.0246,3.434
-0.48366,7.8489,3.665
6.6143,-6.0245,-2.22
1.1052,-0.047376,-3.068
-12.415,0.42639,-3.032
5.5989,6.8816,-2.94
-5.4695,6.318,3.934
0.28001,-0.83297,3.146
12.032,-0.019799,3.109
-6.0443,-6.1221,3.37
-3.1431,-6.1582,12.576
-9.7864,0.338,13.562
3.2004,-0.17678,13.406
-3.4083,6.2933,12.967
-3.5461,6.4976,7.4271
3.1947,-5.456,12.697
-3.0787,0.12021,12.135
9.804,0.50275,12.421
3.3418,6.5846,13.677
-3.4047,0.089803,7.2141
9.8698,-0.49922,7.4901
0.031113,-9.43,12.927
-7.1382,-3.0229,13.436
7.1559,-3.0094,13.698
-0.69721,3.3149,13.118
0.25739,-3.0872,12.114
-7.4706,3.4754,13.561
6.6786,3.6027,12.55
0.87823,10.047,13.497
-6.4665,3.4627,7.3841
0.67741,-6.562,9.8021
-7.1969,0.70004,10.374
5.9765,-0.13011,9.7091
-0.18668,7.5264,10.444
6.6143,-6.0245,10.666
1.1052,-0.047376,9.8181
-12.415,0.42639,9.8541
5.5989,6.8816,9.9461
-9.7367,12.76,-12.542
-9.6271,13.697,-6.9475
-9.7423,7.481,-13.251
-3.133,13.44,-13.527
-9.2353,6.3263,-7.1005
-12.906,3.5071,-13.021
-5.7811,9.9276,-12.25
-12.62,3.7984,-6.7755
-6.5618,10.051,-6.6785
-12.68,9.8498,-13.834
-11.903,10.022,-6.1425
-12.968,7.7865,-9.7205
-5.6659,13.962,-9.6285
-12.657,12.104,-9.9165
-0.90491,12.917,-9.9535
-9.7367,12.76,0.34364
-9.6271,13.697,5.9386
-9.7423,7.481,-0.36536
-3.133,13.44,-0.64136
-9.2353,6.3263,5.7856
-3.0672,12.438,-5.5724
-12.906,3.5071,-0.13536
-5.7811,9.9276,0.63564
-12.62,3.7984,6.1106
-6.5618,10.051,6.2076
-12.68,9.8498,-0.94836
-11.903,10.022,6.7436
-12.26,6.3751,-3.2604
-6.9606,12.807,-3.3534
-12.968,7.7865,3.1656
-5.6659,13.962,3.2576
-6.3228,6.9125,-2.3964
-11.832,12.89,-3.2444
-12.657,12.104,2.9696
-0.90491,12.917,2.9326
-9.7367,12.76,13.23
-9.7423,7.481,12.521
-3.133,13.44,12.245
-3.0672,12.438,7.3138
-12.906,3.5071,12.751
-5.7811,9.9276,13.522
-12.68,9.8498,11.938
-12.26,6.3751,9.6258
-6.9606,12.807,9.5328
-6.3228,6.9125,10.49
-11.832,12.89,9.6418
13.685,0.21056,-2.6831
13.685,0.21056,10.203
10.02,6.563,-13.024
3.3765,13.059,-12.038
9.9314,6.667,-5.7096
3.3518,12.989,-6.7326
10.084,12.841,-13.465
13.194,3.2912,-12.673
6.0246,9.6983,-12.164
13.48,3.5826,-6.4266
6.9601,9.9366,-6.5916
13.42,9.634,-13.486
14.197,9.8058,-5.7936
13.132,7.5706,-9.3716
7.4176,13.261,-9.2606
13.443,11.888,-9.5676
7.1185,6.5991,-9.3436
10.02,6.563,-0.13745
3.3765,13.059,0.84855
9.9314,6.667,7.1766
3.3518,12.989,6.1536
10.084,12.841,-0.57845
9.7581,12.811,-5.4994
13.194,3.2912,0.21355
6.0246,9.6983,0.72255
13.48,3.5826,6.4596
6.9601,9.9366,6.2946
13.42,9.634,-0.59945
14.197,9.8058,7.0926
13.84,6.1593,-2.9114
5.9659,13.421,-2.3394
13.132,7.5706,3.5146
7.4176,13.261,3.6256
14.268,12.674,-2.8954
0.74818,13.148,-2.8594
13.443,11.888,3.3186
7.1185,6.5991,3.5426
10.02,6.563,12.749
3.3765,13.059,13.735
10.084,12.841,12.308
9.7581,12.811,7.3867
13.194,3.2912,13.1
6.0246,9.6983,13.609
13.42,9.634,12.287
13.84,6.1593,9.9747
5.9659,13.421,10.547
14.268,12.674,9.9907
0.74818,13.148,10.027
0,0,0
-6.0889,-0.27648,0.374
-0.057983,-6.1631,0.31
0.3578,0.22627,-6.2581
6.4721,-0.024749,0.367
0.16122,6.5775,0.285
0.3578,0.22627,6.628
-6.4552,0.14779,-5.791
0.65832,-6.2162,6.316
-6.6532,-6.0518,-0.24755
0.65832,-6.2162,-6.5701
6.3357,-6.4333,0.908
-6.6014,6.5038,0.73164
6.5096,6.6694,-0.075
0.071418,6.7988,-6.4251
0.071418,6.7988,6.461
7.1771,0.059397,-6.1531
-6.4552,0.14779,7.0951
7.1771,0.059397,6.733
-6.2289,-5.7566,-6.1141
-6.2289,-5.7566,6.772
6.7635,-6.2077,-6.1311
-6.1736,6.7293,-6.3075
-6.1736,6.7293,6.5786
6.7635,-6.2077,6.755
6.934,6.9647,-5.9416
6.934,6.9647,6.9446
-12.671,0.23617,0.107
0.26569,-12.701,0.28336
0,0,-12.886
0,0,12.886
0.4915,12.957,0.27955
13.429,0.020343,0.45591
0.13782,-12.338,6.2134
-6.0889,-0.27648,-12.512
-0.057983,-6.1631,-12.576
0.13782,-12.338,-6.6727
6.4721,-0.024749,-12.519
-12.799,0.59908,6.0371
0.16122,6.5775,-12.601
7.074,12.445,0.54655
-13.002,-6.1437,0.11245
-6.6907,-12.746,0.19445
-6.4649,12.912,0.19064
-12.799,0.59908,-6.849
-0.057983,-6.1631,13.196
13.098,-6.3595,0.46136
-6.0889,-0.27648,13.26
-12.995,6.7739,0.13364
13.105,6.5581,0.48255
0.36364,13.32,6.2096
0.16122,6.5775,13.171
6.4721,-0.024749,13.253
13.301,0.38325,6.386
13.301,0.38325,-6.5001
6.8481,-13.214,0.55036
0.36364,13.32,-6.6765
6.3357,-6.4333,-11.978
-6.6014,6.5038,-12.154
-12.279,6.7209,6.1396
-5.9857,-12.662,-6.3257
6.4819,-12.789,-5.6146
-5.9857,-12.662,6.5604
-6.6532,-6.0518,12.639
-12.279,6.7209,-6.7465
-5.7599,12.996,-6.3295
6.7077,12.869,-5.6184
-5.7599,12.996,6.5566
13.008,-6.1382,-6.2488
-13.091,-5.9224,6.2884
-13.091,-5.9224,-6.5977
13.008,-6.1382,6.6374
6.5096,6.6694,12.811
-6.6532,-6.0518,-13.134
6.5096,6.6694,-12.961
6.4819,-12.789,7.2715
6.7077,12.869,7.2677
-6.6014,6.5038,13.618
6.3357,-6.4333,13.794
13.821,6.505,-6.3976
13.821,6.505,6.4886
0.26569,-12.701,-12.603
-12.671,0.23617,-12.779
0.4915,12.957,-12.607
-12.671,0.23617,12.993
12.937,-12.937,0.17636
-12.937,12.937,-0.17636
0.26569,-12.701,13.169
13.429,0.020343,-12.43
-13.163,-12.721,-0.17255
13.163,12.721,0.17255
0.4915,12.957,13.166
7.074,12.445,-12.34
13.429,0.020343,13.342
-12.805,-12.495,-6.4307
-12.805,-12.495,6.4554
13.098,-6.3595,-12.425
-6.6907,-12.746,-12.692
13.105,6.5581,-12.404
-6.4649,12.912,-12.695
-13.002,-6.1437,-12.774
-12.579,13.163,-6.4345
-12.579,13.163,6.4516
6.8481,-13.214,-12.336
13.295,-12.711,-6.0818
-13.002,-6.1437,12.999
-12.995,6.7739,-12.752
-6.6907,-12.746,13.081
-6.4649,12.912,13.077
-12.995,6.7739,13.02
13.295,-12.711,6.8044
7.074,12.445,13.433
13.521,12.947,-6.0856
13.098,-6.3595,13.347
13.105,6.5581,13.369
13.521,12.947,6.8006
6.8481,-13.214,13.436
12.937,-12.937,-12.71
-12.937,12.937,12.71
-13.163,-12.721,12.714
13.163,12.721,-12.714
12.937,-12.937,13.062
-12.937,12.937,-13.062
-13.163,-12.721,-13.059
13.163,12.721,13.059
