-10.386,-9.5216,-9.3467
-11.13,-9.4155,-3.9996
-10.386,-9.5216,3.5394
-4.3714,-9.2811,-4.2036
-11.13,-9.4155,8.8866
-4.3714,-9.2811,8.6826
2.6592,-9.9764,-9.9198
8.7991,-3.6343,-10.388
8.4766,-9.4156,-9.4238
9.4213,-4.2128,-3.0296
2.6592,-9.9764,2.9664
8.7991,-3.6343,2.4984
8.4596,-9.5118,-3.5246
8.4766,-9.4156,3.4624
9.4213,-4.2128,9.8565
8.4596,-9.5118,9.3615
-10.278,2.9607,-10.096
-4.2243,-3.66,-9.8101
-4.138,9.3027,-10.564
2.7768,3.1997,-9.1741
2.6403,-2.39,-9.4461
-4.4604,3.5214,-9.6001
-4.1429,-8.6133,-9.7231
-10.491,-2.5039,-10.181
2.6587,-8.7186,-3.477
-4.2568,-3.2046,-2.56
-3.5157,8.7243,-3.206
2.0329,3.3057,-3.827
-10.278,2.9607,2.79
-4.2243,-3.66,3.076
-4.138,9.3027,2.322
2.7768,3.1997,3.712
3.1219,-2.4006,-3.081
-4.4774,3.4252,-3.701
8.7915,3.4401,-4.031
-10.077,-2.9734,-2.959
2.6403,-2.39,3.44
-4.4604,3.5214,3.286
-4.1429,-8.6133,3.163
-10.491,-2.5039,2.705
2.6587,-8.7186,9.4091
-4.2568,-3.2046,10.326
-3.5157,8.7243,9.6801
2.0329,3.3057,9.0591
3.1219,-2.4006,9.8051
-4.4774,3.4252,9.1851
8.7915,3.4401,8.8551
-10.077,-2.9734,9.9271
-10.297,10.547,-9.6225
-10.278,4.2184,-3.6534
-9.8152,10.536,-3.2574
-10.297,10.547,3.2636
-10.278,4.2184,9.2328
-9.8152,10.536,9.6288
8.9386,9.0612,-9.6376
9.0199,4.1079,-9.5506
2.6715,10.217,-10.009
8.9061,9.5166,-2.3874
8.9386,9.0612,3.2486
3.0859,9.7478,-2.7864
9.0199,4.1079,3.3356
2.6715,10.217,2.8776
8.9061,9.5166,10.499
3.0859,9.7478,10.1
-4.2243,-9.3278,-11.08
-10.716,-3.1413,-9.0867
-10.793,-8.0727,-9.2047
-4.2243,-9.3278,1.8064
-10.716,-3.1413,3.7994
-10.537,-8.5507,-2.9246
-10.793,-8.0727,3.6814
-10.537,-8.5507,9.9616
9.5705,-9.9792,-10.322
9.7982,-10.193,-3.4506
9.5705,-9.9792,2.5644
9.7982,-10.193,9.4355
8.9385,3.3934,-10.907
2.4466,9.5799,-8.9141
2.4791,-3.4295,-8.3671
-3.3665,2.9578,-10.498
-4.0482,-3.3199,-11.27
2.7139,-8.7964,-11.234
2.3702,4.6485,-9.0321
9.331,-2.5937,-9.3401
-4.1472,-8.6345,-2.812
-10.494,-1.7034,-3.638
2.0782,-2.2946,-4.154
-3.1388,2.7443,-3.627
8.9385,3.3934,1.979
2.4466,9.5799,3.972
2.4791,-3.4295,4.519
-3.3665,2.9578,2.388
-4.5849,-3.0038,-4.024
2.3603,-9.3734,-4.786
2.6262,4.1705,-2.752
8.9767,-2.6651,-3.001
-4.0482,-3.3199,1.616
2.7139,-8.7964,1.652
2.3702,4.6485,3.854
9.331,-2.5937,3.546
-4.1472,-8.6345,10.074
-10.494,-1.7034,9.2481
2.0782,-2.2946,8.7321
-3.1388,2.7443,9.2591
-4.5849,-3.0038,8.8621
2.3603,-9.3734,8.1001
2.6262,4.1705,10.134
8.9767,-2.6651,9.8851
-10.458,9.5076,-8.5435
-10.223,4.1406,-11.41
-3.6061,10.343,-9.5165
-10.859,10.642,-4.3304
-10.458,9.5076,4.3426
-10.577,3.5636,-4.9624
-3.9603,10.272,-3.1774
-10.223,4.1406,1.4756
-3.6061,10.343,3.3696
-10.859,10.642,8.5558
-10.577,3.5636,7.9238
-3.9603,10.272,9.7088
9.1147,9.4013,-11.098
9.0157,4.0867,-2.6394
2.6687,11.018,-3.4654
8.578,9.7174,-3.8514
9.1147,9.4013,1.7886
9.0157,4.0867,10.247
2.6687,11.018,9.4207
8.578,9.7174,9.0347
-1.1528,-13.501,-9.8893
-1.1528,-13.501,2.9968
-10.201,-13.068,-12.932
-10.345,-12.299,-6.5747
-3.5384,-11.919,-13.952
-10.774,-5.7873,-13.31
-13.054,-9.5237,-12.323
-14.085,-9.016,-7.4217
-7.2069,-9.1553,-12.429
-13.752,-2.7899,-13.652
-7.4077,-9.1963,-7.0597
-5.9532,-12.136,-9.7677
-14.014,-5.1728,-9.4037
-14.09,-0.56392,-10.066
-8.0385,-5.5957,-9.8337
-10.201,-13.068,-0.045551
-10.345,-12.299,6.3114
-3.5384,-11.919,-1.0656
-10.774,-5.7873,-0.42355
-4.0433,-12.935,-5.8666
-10.837,-6.0383,-6.1096
-13.054,-9.5237,0.56345
-14.085,-9.016,5.4644
-7.2069,-9.1553,0.45745
-13.752,-2.7899,-0.76555
-7.4077,-9.1963,5.8264
-13.418,-2.7758,-5.9416
-7.6849,-11.557,-3.3866
-13.902,-7.4066,-2.9896
-5.9532,-12.136,3.1184
-14.014,-5.1728,3.4824
-13.706,-12.54,-3.1776
-7.5887,-6.1642,-3.3366
-14.09,-0.56392,2.8204
-8.0385,-5.5957,3.0524
-10.201,-13.068,12.841
-3.5384,-11.919,11.821
-10.774,-5.7873,12.463
-4.0433,-12.935,7.0196
-10.837,-6.0383,6.7766
-13.054,-9.5237,13.45
-7.2069,-9.1553,13.344
-13.752,-2.7899,12.121
-13.418,-2.7758,6.9446
-7.6849,-11.557,9.4996
-13.902,-7.4066,9.8966
-13.706,-12.54,9.7086
-7.5887,-6.1642,9.5496
2.597,-12.925,-12.908
8.9256,-6.5653,-12.725
2.5786,-12.666,-7.3388
9.0536,-5.6043,-6.6458
9.1151,-12.588,-13.559
13.046,-9.7395,-11.974
12.015,-9.2318,-7.0728
5.4636,-9.6313,-13.007
12.348,-3.0057,-13.303
5.7889,-9.8604,-6.1718
6.8559,-12.955,-9.9868
12.086,-5.3887,-9.0548
11.302,-13.445,-9.6088
12.01,-0.77975,-9.7168
2.597,-12.925,-0.021643
8.9256,-6.5653,0.16136
2.5786,-12.666,5.5474
9.0536,-5.6043,6.2404
9.1151,-12.588,-0.67264
9.0175,-12.663,-5.6876
13.046,-9.7395,0.91236
12.015,-9.2318,5.8134
5.4636,-9.6313,-0.12064
12.348,-3.0057,-0.41664
5.7889,-9.8604,6.7144
12.682,-2.9916,-5.5926
6.0852,-13.45,-3.3656
12.197,-7.6224,-2.6406
6.8559,-12.955,2.8994
12.086,-5.3887,3.8314
6.1594,-6.2386,-3.3476
12.394,-12.756,-2.8286
11.302,-13.445,3.2774
12.01,-0.77975,3.1694
2.597,-12.925,12.864
8.9256,-6.5653,13.047
9.1151,-12.588,12.213
9.0175,-12.663,7.1985
13.046,-9.7395,13.798
5.4636,-9.6313,12.765
12.348,-3.0057,12.469
12.682,-2.9916,7.2935
6.0852,-13.45,9.5205
12.197,-7.6224,10.245
6.1594,-6.2386,9.5385
12.394,-12.756,10.057
-3.9096,-6.376,-12.8
-10.34,0.012021,-13.084
2.9621,-0.34719,-12.759
-4.0114,6.3717,-12.901
-10.358,0.27082,-7.5151
2.8178,0.42214,-6.4021
-3.8834,7.3327,-6.8221
2.7902,-5.6823,-14.135
-3.8219,0.3486,-13.735
9.6244,0.80257,-13.779
2.3886,6.9339,-13.137
-0.5473,-9.1005,-12.093
-7.4847,-3.1176,-12.897
6.6553,-2.6828,-13.175
0.10889,3.1975,-12.15
-0.36062,-9.3974,-7.4571
-7.5491,-3.24,-6.7981
5.8923,-3.1346,-7.4731
-0.92207,3.7052,-7.2491
-0.71206,-2.9748,-12.93
-7.4734,3.3057,-13.183
5.956,3.5659,-12.256
-0.58902,9.9313,-13.479
-0.30759,-3.0469,-6.3531
-7.1481,3.0766,-6.3481
5.7551,3.5249,-6.8871
-0.4978,-5.4787,-9.3181
-6.0811,-0.018385,-10.163
7.2097,0.58548,-9.5951
-0.85065,7.5484,-9.2311
4.9335,-5.9192,-10.4
-1.6355,-0.50841,-9.7851
-0.92702,12.157,-9.8931
5.1244,7.1255,-9.6611
-3.9096,-6.376,0.086
-10.34,0.012021,-0.198
2.9621,-0.34719,0.127
-4.0114,6.3717,-0.015
-3.9768,-5.7827,-5.994
-10.358,0.27082,5.371
2.8178,0.42214,6.484
-3.8834,7.3327,6.064
2.7902,-5.6823,-1.249
-3.8219,0.3486,-0.849
9.6244,0.80257,-0.893
2.3886,6.9339,-0.251
2.5046,-6.1914,-6.107
-3.9195,0.27365,-5.864
9.1196,-0.21425,-5.694
2.3257,6.6829,-5.937
-0.5473,-9.1005,0.793
-7.4847,-3.1176,-0.011
6.6553,-2.6828,-0.289
0.10889,3.1975,0.736
-0.36062,-9.3974,5.429
-7.5491,-3.24,6.088
5.8923,-3.1346,5.413
-0.92207,3.7052,5.637
-0.71206,-2.9748,-0.044
-7.4734,3.3057,-0.297
5.956,3.5659,0.63
-0.58902,9.9313,-0.593
-0.30759,-3.0469,6.533
-7.1481,3.0766,6.538
5.7551,3.5249,5.999
-0.25527,9.9455,-5.769
-1.0904,-7.2705,-3.189
-6.8519,-0.51336,-3.542
5.478,1.1646,-3.214
-0.73963,5.3146,-2.817
-0.4978,-5.4787,3.568
-6.0811,-0.018385,2.723
7.2097,0.58548,3.291
-0.85065,7.5484,3.655
-6.7776,6.6984,-3.524
-0.54306,0.18102,-3.005
0.37547,-11.551,-3.256
5.5741,6.557,-3.164
4.9335,-5.9192,2.486
-1.6355,-0.50841,3.101
-0.92702,12.157,2.993
5.1244,7.1255,3.225
-3.9096,-6.376,12.972
-10.34,0.012021,12.688
2.9621,-0.34719,13.013
-4.0114,6.3717,12.871
-3.9768,-5.7827,6.8921
2.7902,-5.6823,11.637
-3.8219,0.3486,12.037
9.6244,0.80257,11.993
2.3886,6.9339,12.635
2.5046,-6.1914,6.7791
-3.9195,0.27365,7.0221
9.1196,-0.21425,7.1921
2.3257,6.6829,6.9491
-0.5473,-9.1005,13.679
-7.4847,-3.1176,12.875
6.6553,-2.6828,12.597
0.10889,3.1975,13.622
-0.71206,-2.9748,12.842
-7.4734,3.3057,12.589
5.956,3.5659,13.516
-0.58902,9.9313,12.293
-0.25527,9.9455,7.1171
-1.0904,-7.2705,9.6971
-6.8519,-0.51336,9.3441
5.478,1.1646,9.6721
-0.73963,5.3146,10.069
-6.7776,6.6984,9.3621
-0.54306,0.18102,9.8811
0.37547,-11.551,9.6301
5.5741,6.557,9.7221
-9.975,12.59,-12.935
-10.119,13.359,-6.5785
-10.147,7.2547,-14.311
-3.3126,13.74,-13.955
-13.484,3.8366,-12.269
-6.2817,10.254,-13.351
-13.298,3.5396,-7.6335
-7.0447,9.8024,-7.6495
-13.649,9.9622,-13.106
-13.245,9.8901,-6.5295
-13.435,7.4584,-9.4945
-5.7274,13.523,-9.7715
-8.0036,7.0178,-10.576
-14.573,12.429,-9.9615
-9.975,12.59,-0.049357
-10.119,13.359,6.3076
-10.147,7.2547,-1.4254
-3.3126,13.74,-1.0694
-10.432,6.7456,-6.2834
-3.8175,12.723,-5.8704
-13.484,3.8366,0.61664
-6.2817,10.254,-0.46536
-13.298,3.5396,5.2526
-7.0447,9.8024,5.2366
-13.649,9.9622,-0.22036
-13.245,9.8901,6.3566
-14.027,5.6666,-3.3654
-7.4591,14.102,-3.3904
-13.435,7.4584,3.3916
-5.7274,13.523,3.1146
-13.48,13.118,-3.1814
-12.562,1.3864,-3.4324
-8.0036,7.0178,2.3096
-14.573,12.429,2.9246
-9.975,12.59,12.837
-10.147,7.2547,11.461
-3.3126,13.74,11.817
-10.432,6.7456,6.6028
-3.8175,12.723,7.0158
-13.484,3.8366,13.503
-6.2817,10.254,12.421
-13.649,9.9622,12.666
-14.027,5.6666,9.5208
-7.4591,14.102,9.4958
-13.48,13.118,9.7048
-12.562,1.3864,9.4538
9.2533,6.3452,-12.628
2.8228,12.733,-12.912
2.8045,12.992,-7.3426
9.3409,13.07,-13.563
12.616,3.6207,-11.921
5.6781,9.6036,-12.725
12.802,3.3238,-7.2846
5.6138,9.4812,-6.6256
12.451,9.7464,-12.758
12.855,9.6743,-6.1806
12.665,7.2425,-9.1456
7.0817,12.703,-9.9906
11.527,12.213,-9.6126
9.2533,6.3452,0.25855
2.8228,12.733,-0.025449
9.1861,6.9385,-5.8214
2.8045,12.992,5.5436
9.3409,13.07,-0.67645
9.2434,12.995,-5.6914
12.616,3.6207,0.96555
5.6781,9.6036,0.16155
12.802,3.3238,5.6016
5.6138,9.4812,6.2606
12.451,9.7464,0.12855
12.855,9.6743,6.7056
12.072,5.4507,-3.0164
6.311,12.208,-3.3694
12.665,7.2425,3.7406
7.0817,12.703,2.8956
12.62,12.902,-2.8324
13.538,1.1706,-3.0834
11.527,12.213,3.2736
9.2533,6.3452,13.145
2.8228,12.733,12.861
9.1861,6.9385,7.0647
9.3409,13.07,12.21
9.2434,12.995,7.1947
12.616,3.6207,13.852
5.6781,9.6036,13.048
12.451,9.7464,13.015
12.072,5.4507,9.8697
6.311,12.208,9.5167
12.62,12.902,10.054
13.538,1.1706,9.8027
0.60129,14.108,-3.2598
0.60129,14.108,9.6263
0.71584,14.065,-3.2608
0.71584,14.065,9.6253
0,0,0
-0.68801,0.2185,5.853
6.0847,0.40659,-0.279
-0.15556,-6.0953,-0.582
-0.70004,6.2324,0.084
-6.977,0.13223,-0.671
-0.68801,0.2185,-7.0331
5.9234,0.13364,6.125
5.869,-6.2324,-0.438
5.5762,6.7939,0.217
-7.1283,0.037477,5.467
5.9234,0.13364,-6.7611
-0.57064,-6.5471,6.35
-0.92914,6.5676,6.409
-0.57064,-6.5471,-6.5361
-0.92914,6.5676,-6.4771
-7.5866,-5.9273,0.044449
-7.0681,6.7046,-0.61436
-7.1283,0.037477,-7.4191
6.0908,-6.4769,-6.3608
6.0048,6.61,-6.3991
6.0908,-6.4769,6.5254
6.0048,6.61,6.487
-7.1581,-6.1112,6.3144
-6.8462,6.4601,6.349
-6.8462,6.4601,-6.5371
-7.1581,-6.1112,-6.5717
12.35,0.059584,0.24936
-0.81272,-12.662,0.076806
0,0,-12.886
0,0,12.886
-0.5869,12.997,0.073
12.198,0.17819,-5.99
-0.15556,-6.0953,12.304
-13.75,0.27541,-0.099551
12.237,-6.7046,0.26036
6.0847,0.40659,12.607
-0.96527,-12.543,-6.1626
12.198,0.17819,6.8961
-6.977,0.13223,12.215
5.96,-12.805,-0.49464
-7.0782,-12.315,-0.45155
-0.70004,6.2324,-12.802
-0.96527,-12.543,6.7236
6.1858,12.853,-0.49845
-0.70004,6.2324,12.97
6.0847,0.40659,-13.165
-0.73945,13.115,-6.1664
13.007,6.6259,-0.40945
-0.73945,13.115,6.7198
-0.15556,-6.0953,-13.468
-13.093,6.8418,-0.75836
12.008,-6.3694,-6.3008
-6.8524,13.344,-0.45536
12.008,-6.3694,6.5854
5.869,-6.2324,12.448
6.0345,12.759,5.6396
5.8087,-12.9,5.6434
-6.977,0.13223,-13.557
-13.902,0.39402,-6.3389
-13.863,-6.4888,-0.088551
-13.902,0.39402,6.5472
12.592,6.1741,-6.3636
5.5762,6.7939,-12.669
12.592,6.1741,6.5226
-7.0681,6.7046,12.272
-7.2394,-12.588,5.9524
5.5762,6.7939,13.103
5.869,-6.2324,-13.324
6.0345,12.759,-7.2466
5.8087,-12.9,-7.2428
-7.0136,13.071,5.9486
-7.5866,-5.9273,-12.842
-7.2394,-12.588,-6.9337
-7.5866,-5.9273,12.931
-13.508,6.3899,6.1736
-7.0136,13.071,-6.9375
-13.508,6.3899,-6.7125
-14.092,-6.1536,6.2364
-7.0681,6.7046,-13.5
-14.092,-6.1536,-6.6497
12.35,0.059584,-12.637
-0.81272,-12.662,-12.809
12.35,0.059584,13.135
-0.81272,-12.662,12.963
-0.5869,12.997,-12.813
12.937,-12.937,0.17636
-12.937,12.937,-0.17636
-13.163,-12.721,-0.17255
13.163,12.721,0.17255
-0.5869,12.997,12.959
12.249,-12.719,6.0294
-13.75,0.27541,12.787
5.96,-12.805,12.391
12.237,-6.7046,-12.626
-7.0782,-12.315,12.435
6.1858,12.853,12.388
-13.75,0.27541,-12.986
12.249,-12.719,-6.8568
12.475,12.94,6.0256
-13.093,6.8418,12.128
12.237,-6.7046,13.146
13.007,6.6259,12.477
12.475,12.94,-6.8606
5.96,-12.805,-13.381
-6.8524,13.344,12.431
-7.0782,-12.315,-13.338
-13.851,-12.503,5.6804
6.1858,12.853,-13.385
13.007,6.6259,-13.296
-13.625,13.156,5.6766
-13.863,-6.4888,12.798
-13.851,-12.503,-7.2057
-13.863,-6.4888,-12.975
-6.8524,13.344,-13.341
-13.093,6.8418,-13.644
-13.625,13.156,-7.2095
12.937,-12.937,-12.71
-12.937,12.937,12.71
-13.163,-12.721,12.714
13.163,12.721,-12.714
12.937,-12.937,13.062
-12.937,12.937,-13.062
-13.163,-12.721,-13.059
13.163,12.721,13.059
