-9.5453,-8.4341,-8.6944
-3.8425,-8.0091,-9.2774
-9.5772,-3.0438,-9.1414
-9.8699,-8.6385,-3.6938
-9.5453,-8.4341,2.8152
-3.8425,-8.0091,2.2322
-9.5772,-3.0438,2.3682
-9.8699,-8.6385,7.8159
8.997,-2.7716,-9.018
8.425,-8.9327,-8.73
8.997,-2.7716,2.4916
9.241,-9.0175,-2.8154
8.425,-8.9327,2.7796
9.241,-9.0175,8.6943
3.0929,-8.4273,-9.3057
-3.416,-2.477,-9.1147
-2.658,8.8834,-9.2427
2.4784,2.8673,-8.4667
2.8631,-2.4996,-9.1617
-3.2301,2.7224,-8.9547
8.1812,3.2923,-9.0497
2.4466,8.2576,-8.9137
2.5357,-8.1925,-3.268
-3.4797,-3.0102,-3.078
8.2859,-3.1127,-3.232
2.1538,2.663,-3.466
3.0929,-8.4273,2.204
-3.416,-2.477,2.395
-2.658,8.8834,2.267
2.4784,2.8673,3.043
2.9734,-3.6013,-3.474
-2.4141,2.6375,-3.04
-3.066,-8.4103,-2.881
-8.5715,-2.7591,-3.037
2.8631,-2.4996,2.348
-3.2301,2.7224,2.555
8.1812,3.2923,2.46
2.4466,8.2576,2.596
2.5357,-8.1925,8.2417
-3.4797,-3.0102,8.4317
8.2859,-3.1127,8.2777
2.1538,2.663,8.0437
2.9734,-3.6013,8.0357
-2.4141,2.6375,8.4697
-3.066,-8.4103,8.6287
-8.5715,-2.7591,8.4727
-8.5621,3.2277,-9.5303
-8.7919,9.1554,-9.3863
-9.1193,3.4625,-3.4926
-3.3691,8.5423,-3.4566
-8.5621,3.2277,1.9794
-8.6816,8.0537,-3.6986
-8.7919,9.1554,2.1234
-9.1193,3.4625,8.017
-3.3691,8.5423,8.053
-8.6816,8.0537,7.811
8.6077,8.8244,-8.8869
8.5441,8.2913,-2.8502
8.6077,8.8244,2.6228
8.9577,2.8911,-2.6532
3.4522,8.5423,-2.8092
8.5441,8.2913,8.6594
8.9577,2.8911,8.8564
3.4522,8.5423,8.7004
-2.9367,-8.5713,-8.2254
-8.1934,-7.7949,-8.6924
-9.7122,-3.1888,-2.2578
-2.9367,-8.5713,3.2842
-8.5759,-8.4843,-2.9808
-8.1934,-7.7949,2.8172
-9.7122,-3.1888,9.2519
-8.5759,-8.4843,8.5289
9.1066,-8.9242,-7.4
8.6498,-3.6067,-7.815
8.2637,-8.8209,-1.7024
9.1066,-8.9242,4.1096
3.1492,-8.5699,-1.8914
9.0995,-2.5927,-2.5404
8.6498,-3.6067,3.6946
8.2637,-8.8209,9.8073
3.1492,-8.5699,9.6183
9.0995,-2.5927,8.9693
9.087,2.7301,-7.9977
-8.5871,-2.7917,-7.6987
3.6869,-2.885,-7.9837
-2.5484,2.7308,-7.6247
-3.2704,-3.1261,-7.7707
2.4621,-8.7158,-7.9857
3.8304,3.5065,-8.4647
-3.0052,8.0483,-8.0397
-1.6553,-7.9443,-2.717
2.3115,8.1126,-2.03
2.9119,-2.4918,-2.459
-3.3913,2.8341,-1.927
9.087,2.7301,3.512
-8.5871,-2.7917,3.811
3.6869,-2.885,3.526
-2.5484,2.7308,3.885
-2.5901,-2.7924,-1.9
-8.5058,3.0851,-2.116
3.4479,2.8171,-2.753
-2.5555,9.0623,-2.765
-3.2704,-3.1261,3.739
2.4621,-8.7158,3.524
3.8304,3.5065,3.045
-3.0052,8.0483,3.47
-1.6553,-7.9443,8.7927
2.3115,8.1126,9.4797
2.9119,-2.4918,9.0507
-3.3913,2.8341,9.5827
-2.5901,-2.7924,9.6097
-8.5058,3.0851,9.3937
3.4479,2.8171,8.7567
-2.5555,9.0623,8.7447
-7.9682,8.77,-8.2083
-9.1929,2.9392,-8.2103
-8.7432,9.1632,-2.6836
-7.9682,8.77,3.3014
-9.1929,2.9392,3.2994
-8.7432,9.1632,8.826
3.4367,8.5098,-7.4709
8.7534,8.1753,-7.5429
10.368,3.3571,-2.4892
3.4367,8.5098,4.0388
9.4336,8.5091,-1.6722
8.7534,8.1753,3.9668
10.368,3.3571,9.0204
9.4336,8.5091,9.8374
-0.40409,-11.808,-3.0901
-0.40409,-11.808,8.4195
-9.184,-11.309,-11.783
-9.1218,-11.669,-6.1254
-3.175,-10.623,-12.23
-9.2795,-5.8631,-11.558
-9.0829,-5.098,-6.1224
-12.35,-8.2326,-11.583
-11.897,-8.5161,-5.9454
-6.6094,-8.246,-11.588
-12.02,-2.3912,-12.024
-6.6717,-8.1824,-5.7924
-12.336,-2.6061,-6.1704
-5.384,-11.242,-8.5794
-12.556,-5.7888,-8.7044
-12.37,-11.072,-8.8034
-9.184,-11.309,-0.27375
-9.1218,-11.669,5.3842
-3.175,-10.623,-0.72075
-9.2795,-5.8631,-0.048752
-3.3207,-10.77,-5.6688
-9.0829,-5.098,5.3872
-12.35,-8.2326,-0.073752
-11.897,-8.5161,5.5642
-6.6094,-8.246,-0.078752
-12.02,-2.3912,-0.51475
-6.6717,-8.1824,5.7172
-12.336,-2.6061,5.3392
-6.6505,-11.033,-3.0988
-12.415,-4.9276,-2.9338
-5.384,-11.242,2.9302
-12.556,-5.7888,2.8052
-11.853,-12.438,-3.0388
-12.059,-0.15319,-3.3148
-7.4629,-5.2896,-2.9248
-12.37,-11.072,2.7062
-9.184,-11.309,11.236
-3.175,-10.623,10.789
-9.2795,-5.8631,11.461
-3.3207,-10.77,5.8409
-12.35,-8.2326,11.436
-6.6094,-8.246,11.431
-12.02,-2.3912,10.995
-6.6505,-11.033,8.4109
-12.415,-4.9276,8.5759
-11.853,-12.438,8.4709
-12.059,-0.15319,8.1949
-7.4629,-5.2896,8.5849
2.6493,-11.512,-11.847
8.4582,-5.9494,-11.653
2.8247,-12.024,-5.539
8.7884,-6.4012,-5.427
8.7615,-11.664,-11.595
8.7856,-11.778,-5.587
11.328,-8.5862,-11.131
11.782,-8.8697,-5.493
5.5661,-8.7198,-11.122
11.659,-2.7448,-11.572
5.4869,-8.7255,-6.482
11.343,-2.9597,-5.718
5.3596,-12.183,-8.606
11.123,-6.1424,-8.252
11.309,-11.425,-8.351
2.6493,-11.512,-0.33738
8.4582,-5.9494,-0.14338
2.8247,-12.024,5.9706
8.7884,-6.4012,6.0826
8.7615,-11.664,-0.085377
8.7856,-11.778,5.9226
11.328,-8.5862,0.37862
11.782,-8.8697,6.0166
5.5661,-8.7198,0.38762
11.659,-2.7448,-0.062377
5.4869,-8.7255,5.0276
11.343,-2.9597,5.7916
5.5831,-10.782,-2.8544
11.263,-5.2812,-2.4814
5.3596,-12.183,2.9036
11.123,-6.1424,3.2576
5.5449,-6.6494,-3.0544
11.826,-12.792,-2.5864
11.62,-0.50678,-2.8624
11.309,-11.425,3.1586
2.6493,-11.512,11.172
8.4582,-5.9494,11.366
8.7615,-11.664,11.424
11.328,-8.5862,11.888
5.5661,-8.7198,11.897
11.659,-2.7448,11.447
5.5831,-10.782,8.6553
11.263,-5.2812,9.0283
5.5449,-6.6494,8.4553
11.826,-12.792,8.9233
11.62,-0.50678,8.6473
-3.0787,-5.3726,-11.42
-9.0057,0.14284,-12.072
2.8397,-0.0070711,-11.556
-3.1968,5.7056,-11.878
-2.7641,-6.2996,-5.8297
-8.8303,-0.36911,-5.7637
2.902,-0.3677,-5.8977
-2.8666,5.2538,-5.6517
2.9437,-5.3224,-11.591
-2.8935,-0.0084853,-11.82
8.8487,0.67882,-12.003
2.7443,5.4384,-11.331
3.1869,-5.7014,-6.6437
-2.8694,-0.12304,-5.8117
2.9409,6.2034,-5.8947
0.37618,-8.2039,-11.766
-6.5485,-2.9112,-11.694
5.6936,-2.5979,-11.816
-0.32668,3.0688,-11.356
-5.5989,-2.7478,-5.6637
6.3279,-2.692,-5.6477
0.12657,2.7853,-5.7177
-0.33022,-2.6439,-10.761
-6.0889,2.9352,-11.347
5.4143,3.0554,-11.361
0.0035355,8.9103,-11.797
-0.3776,-2.9161,-6.5387
-6.1681,2.9295,-6.7067
5.3521,3.119,-5.5647
-0.31183,8.6953,-5.9427
-0.49427,-6.137,-8.7797
-6.2954,-0.52821,-8.8307
6.6397,0.059397,-8.3517
-0.53174,5.5126,-8.4767
6.412,-4.6386,-8.7817
-0.34578,0.22981,-8.5757
0.16051,-10.595,-8.8737
-5.816,-5.3379,-8.2607
-3.0787,-5.3726,0.09
-9.0057,0.14284,-0.562
2.8397,-0.0070711,-0.046
-3.1968,5.7056,-0.368
-2.7641,-6.2996,5.68
-8.8303,-0.36911,5.746
2.902,-0.3677,5.612
-2.8666,5.2538,5.858
2.9437,-5.3224,-0.081
-2.8935,-0.0084853,-0.31
8.8487,0.67882,-0.493
2.7443,5.4384,0.179
3.1869,-5.7014,4.866
-2.8694,-0.12304,5.698
8.7031,0.53174,-5.441
2.9409,6.2034,5.615
0.37618,-8.2039,-0.256
-6.5485,-2.9112,-0.184
5.6936,-2.5979,-0.306
-0.32668,3.0688,0.154
-0.16546,-8.3905,-5.507
-5.5989,-2.7478,5.846
6.3279,-2.692,5.862
0.12657,2.7853,5.792
-0.33022,-2.6439,0.749
-6.0889,2.9352,0.163
5.4143,3.0554,0.149
0.0035355,8.9103,-0.287
-0.3776,-2.9161,4.971
-6.1681,2.9295,4.803
5.3521,3.119,5.945
-0.31183,8.6953,5.567
-0.25809,-4.908,-2.944
-6.0719,0.87328,-3.079
5.3733,0.26799,-2.871
-0.39174,6.3739,-2.706
-0.49427,-6.137,2.73
-6.2954,-0.52821,2.679
6.6397,0.059397,3.158
-0.53174,5.5126,3.033
-6.1101,5.0056,-3.279
0.17112,-1.137,-2.811
-0.035355,11.148,-3.087
4.5608,6.0118,-2.697
6.412,-4.6386,2.728
-0.34578,0.22981,2.934
0.16051,-10.595,2.636
-5.816,-5.3379,3.249
-3.0787,-5.3726,11.6
-9.0057,0.14284,10.948
2.8397,-0.0070711,11.464
-3.1968,5.7056,11.142
2.9437,-5.3224,11.429
-2.8935,-0.0084853,11.2
8.8487,0.67882,11.017
2.7443,5.4384,11.689
8.7031,0.53174,6.0687
0.37618,-8.2039,11.254
-6.5485,-2.9112,11.326
5.6936,-2.5979,11.204
-0.32668,3.0688,11.664
-0.16546,-8.3905,6.0027
-0.33022,-2.6439,12.259
-6.0889,2.9352,11.673
5.4143,3.0554,11.659
0.0035355,8.9103,11.223
-0.25809,-4.908,8.5657
-6.0719,0.87328,8.4307
5.3733,0.26799,8.6387
-0.39174,6.3739,8.8037
-6.1101,5.0056,8.2307
0.17112,-1.137,8.6987
-0.035355,11.148,8.4227
4.5608,6.0118,8.8127
-8.8153,11.648,-11.78
-8.7531,11.287,-6.1223
-8.7113,6.3326,-11.815
-2.8063,12.334,-12.227
-8.4681,5.9536,-6.8683
-11.279,3.4512,-11.99
-5.9614,9.0571,-12.04
-5.3271,8.9631,-5.8723
-11.985,9.0111,-10.985
-12.033,8.7389,-6.7633
-12.149,5.518,-9.0043
-5.0153,11.714,-8.5763
-5.243,7.0164,-9.0063
-12.001,11.885,-8.8003
-11.495,1.0604,-9.0983
-8.8153,11.648,-0.27062
-8.7531,11.287,5.3874
-8.7113,6.3326,-0.30562
-2.8063,12.334,-0.71762
-8.4681,5.9536,4.6414
-2.952,12.187,-5.6656
-11.279,3.4512,-0.48062
-5.9614,9.0571,-0.53062
-11.82,3.2645,-5.7316
-5.3271,8.9631,5.6374
-11.985,9.0111,0.52438
-12.033,8.7389,4.7464
-11.913,6.747,-3.1686
-6.2817,11.923,-3.0956
-12.149,5.518,2.5054
-5.0153,11.714,2.9334
-11.484,10.518,-3.0356
-5.243,7.0164,2.5034
-12.001,11.885,2.7094
-11.495,1.0604,2.4114
-8.8153,11.648,11.239
-8.7113,6.3326,11.204
-2.8063,12.334,10.792
-2.952,12.187,5.844
-11.279,3.4512,11.029
-5.9614,9.0571,10.979
-11.82,3.2645,5.778
-11.985,9.0111,12.034
-11.913,6.747,8.341
-6.2817,11.923,8.414
-11.484,10.518,8.474
8.945,5.9288,-11.192
3.018,11.444,-11.844
9.2597,5.0018,-5.6019
3.1934,10.932,-5.5359
9.1303,11.293,-11.592
9.1543,11.178,-5.5839
12.4,3.0976,-11.538
5.4752,8.3903,-11.466
6.4249,8.5536,-5.4359
11.694,8.6576,-10.533
11.646,8.3853,-6.3109
11.529,5.1645,-8.5519
5.7284,10.773,-8.6029
11.678,11.531,-8.3479
12.184,0.70685,-8.6459
6.2078,5.9635,-8.0329
8.945,5.9288,0.31775
3.018,11.444,-0.33425
9.2597,5.0018,5.9078
3.1934,10.932,5.9738
9.1303,11.293,-0.082248
9.1543,11.178,5.9258
12.4,3.0976,-0.028248
5.4752,8.3903,0.043752
11.858,2.9109,-5.2792
6.4249,8.5536,6.0738
11.694,8.6576,0.97675
11.646,8.3853,5.1988
11.766,6.3934,-2.7162
5.9518,12.175,-2.8512
11.529,5.1645,2.9578
5.7284,10.773,2.9068
12.195,10.164,-2.5832
11.678,11.531,3.1618
12.184,0.70685,2.8638
6.2078,5.9635,3.4768
8.945,5.9288,11.827
3.018,11.444,11.175
9.1303,11.293,11.427
12.4,3.0976,11.481
5.4752,8.3903,11.553
11.858,2.9109,6.2304
11.694,8.6576,12.486
11.766,6.3934,8.7934
5.9518,12.175,8.6584
12.195,10.164,8.9264
0.52925,12.362,-8.8705
0.52925,12.362,2.6391
0,0,0
0.13647,-5.4285,0.133
-0.045962,5.5939,0.073
-0.21708,-0.169,-5.7507
-0.21708,-0.169,5.759
5.9892,0.20789,-0.051
-6.1129,0.054447,0.096
0.0056569,-5.6173,5.536
0.068589,5.6972,5.733
0.068589,5.6972,-5.7767
6.0811,-5.3768,0.144
-5.7898,-5.7106,0.249
5.8195,0.16829,-5.7127
-5.9206,0.18597,-5.6497
0.0056569,-5.6173,-5.9737
5.8195,0.16829,5.797
-5.9206,0.18597,5.86
6.234,5.5908,0.47675
-5.5739,6.2782,-0.080623
5.4334,5.9637,-5.246
-5.7007,5.5168,5.621
-5.7007,5.5168,-5.8887
-6.5904,-5.3377,-5.4738
5.4334,5.9637,6.2637
5.9543,-6.1382,-5.664
5.9543,-6.1382,5.8456
-6.5904,-5.3377,6.0359
0.1888,-11.252,-0.154
-11.466,0.40283,-0.37862
0,0,-11.51
0,0,11.51
0.55754,11.704,-0.15087
12.213,0.049242,0.073752
-0.30912,-11.123,5.4972
0.13647,-5.4285,-11.377
-6.0346,-11.094,-0.27875
-0.30912,-11.123,-6.0124
-0.045962,5.5939,-11.437
5.9108,11.356,0.32375
0.13647,-5.4285,11.643
5.5421,-11.601,0.32062
-0.045962,5.5939,11.583
5.9892,0.20789,11.459
-6.1129,0.054447,-11.414
5.9892,0.20789,-11.561
11.715,0.1789,5.725
0.059617,11.834,5.5004
11.715,0.1789,-5.7847
-11.964,0.53249,5.2726
-11.519,6.2266,-0.091623
11.609,-6.0611,0.29762
-6.1129,0.054447,11.606
-5.6658,11.863,-0.27562
0.059617,11.834,-6.0093
-12.07,-5.7075,-0.15475
-11.964,0.53249,-6.237
12.16,5.873,0.36075
6.234,5.5908,-11.033
-5.7898,-5.7106,-11.261
-6.2043,-11.133,5.5692
5.7344,-11.469,-5.425
6.0811,-5.3768,-11.366
-6.2043,-11.133,-5.9404
6.1032,11.487,-5.4219
-11.649,6.0378,5.3114
-5.5739,6.2782,11.429
5.7344,-11.469,6.0846
6.0811,-5.3768,11.654
11.724,-5.9579,-5.552
-5.7898,-5.7106,11.759
-11.955,-5.6043,5.5052
-5.5739,6.2782,-11.59
-5.8355,11.823,5.5724
6.1032,11.487,6.0878
11.724,-5.9579,5.9576
-5.8355,11.823,-5.9373
12.029,5.6842,-5.7459
12.029,5.6842,5.7638
-11.955,-5.6043,-6.0044
-11.649,6.0378,-6.1983
6.234,5.5908,11.986
-11.466,0.40283,11.131
0.1888,-11.252,11.356
0.1888,-11.252,-11.664
0.55754,11.704,11.359
11.655,-11.655,0.22462
-11.655,11.655,-0.22462
-12.024,-11.301,-0.22775
12.024,11.301,0.22775
-11.466,0.40283,-11.888
0.55754,11.704,-11.661
12.213,0.049242,-11.436
12.213,0.049242,11.583
-6.0346,-11.094,11.231
5.9108,11.356,-11.186
5.5421,-11.601,-11.189
11.807,11.132,-5.5229
11.609,-6.0611,-11.212
-6.0346,-11.094,-11.788
-5.6658,11.863,11.234
11.807,11.132,5.9868
11.438,-11.824,-5.526
-11.519,6.2266,11.418
-11.872,11.486,5.5344
5.9108,11.356,11.833
5.5421,-11.601,11.83
-11.519,6.2266,-11.601
11.438,-11.824,5.9836
12.16,5.873,-11.149
-12.07,-5.7075,11.355
-11.872,11.486,-5.9753
11.609,-6.0611,11.807
-5.6658,11.863,-11.785
-12.241,-11.47,5.5312
-12.07,-5.7075,-11.664
-12.241,-11.47,-5.9784
12.16,5.873,11.87
11.655,-11.655,-11.285
-11.655,11.655,11.285
-12.024,-11.301,11.282
12.024,11.301,-11.282
11.655,-11.655,11.734
-11.655,11.655,-11.734
-12.024,-11.301,-11.737
12.024,11.301,11.737
