-9.6952,-8.9,-9.9037
-3.0442,-9.7598,-9.5777
-10.059,-3.2948,-10.646
-9.8967,-9.209,-4.1046
-9.6952,-8.9,2.9824
-9.9625,-3.5741,-3.1476
-3.0442,-9.7598,3.3084
-10.059,-3.2948,2.2404
-9.8967,-9.209,8.7816
-9.9625,-3.5741,9.7386
9.7628,-4.089,-9.5948
9.7034,-9.9325,-8.7388
9.9389,-3.6301,-2.9836
9.7628,-4.089,3.2914
9.8251,-10.177,-3.3856
9.7034,-9.9325,4.1474
9.9389,-3.6301,9.9025
9.8251,-10.177,9.5005
3.631,-8.8113,-10.399
-3.1014,-3.7703,-8.7931
-3.1742,8.848,-9.7711
3.4677,3.8212,-9.7311
4.1917,-3.0533,-10.677
-3.2336,3.0045,-8.9151
10.119,2.9614,-9.4051
3.1035,9.4264,-10.473
2.4643,-9.0743,-3.517
-2.9437,-3.9662,-3.063
-2.9981,9.3069,-3.16
3.2661,3.5122,-3.932
3.631,-8.8113,2.487
-3.1014,-3.7703,4.093
-3.1742,8.848,3.115
3.4677,3.8212,3.155
3.7738,-3.2195,-3.06
-3.112,2.7598,-3.562
-1.8427,-10.458,-3.704
3.2004,9.1471,-2.975
4.1917,-3.0533,2.209
-3.2336,3.0045,3.971
10.119,2.9614,3.481
3.1035,9.4264,2.413
2.4643,-9.0743,9.3691
-2.9437,-3.9662,9.8231
-2.9981,9.3069,9.7261
3.2661,3.5122,8.9541
3.7738,-3.2195,9.8261
-3.112,2.7598,9.3241
-1.8427,-10.458,9.1821
3.2004,9.1471,9.9111
-9.306,4.1258,-10.575
-8.7453,9.8838,-10.853
-10.473,3.8627,-3.6934
-9.306,4.1258,2.3106
-9.1632,9.7176,-3.2364
-8.7453,9.8838,2.0326
-10.473,3.8627,9.1928
-9.1632,9.7176,9.6498
10.061,8.9509,-8.6206
10.219,8.755,-2.8904
10.061,8.9509,4.2656
11.32,2.2631,-3.5314
10.219,8.755,9.9957
11.32,2.2631,9.3547
-4.2215,-8.8625,-9.8007
-9.9816,-4.0061,-9.2907
-9.9427,-10.384,-10.047
-2.9876,-9.8984,-2.7426
-4.2215,-8.8625,3.0854
-9.9816,-4.0061,3.5954
-8.9004,-9.2465,-2.9826
-9.9427,-10.384,2.8394
-2.9876,-9.8984,10.144
-8.9004,-9.2465,9.9036
10.059,-11.182,-9.4708
9.9226,-9.5436,-2.0256
10.059,-11.182,3.4154
9.9226,-9.5436,10.86
8.9414,3.8587,-9.6281
3.1813,8.7151,-9.1181
4.1627,-3.3326,-9.2091
-2.8779,1.755,-9.6471
-3.2612,-3.3078,-10.202
3.3609,-9.1874,-8.9711
3.2202,2.3377,-9.8741
10.188,-2.9812,-8.5801
10.175,2.8228,-2.57
-9.6881,-3.0314,-4.236
5.1725,-3.5094,-3.49
-3.0144,3.3934,-2.202
8.9414,3.8587,3.258
3.1813,8.7151,3.768
4.1627,-3.3326,3.677
-2.8779,1.755,3.239
-1.8547,-2.9352,-2.933
2.9571,-9.949,-4.632
4.2624,3.4747,-2.81
10.173,-2.057,-3.868
-3.2612,-3.3078,2.684
3.3609,-9.1874,3.915
3.2202,2.3377,3.012
10.188,-2.9812,4.306
10.175,2.8228,10.316
-9.6881,-3.0314,8.6501
5.1725,-3.5094,9.3961
-3.0144,3.3934,10.684
-1.8547,-2.9352,9.9531
2.9571,-9.949,8.2541
4.2624,3.4747,10.076
10.173,-2.057,9.0181
-8.7743,9.6044,-9.3855
-9.5762,3.7496,-9.1475
-2.749,9.9559,-8.7565
-7.7646,9.4277,-3.6664
-8.7743,9.6044,3.5006
-9.9799,2.988,-4.8084
-2.7639,10.88,-4.0444
-9.5762,3.7496,3.7386
-2.749,9.9559,4.1296
-7.7646,9.4277,9.2198
-9.9799,2.988,8.0778
-2.7639,10.88,8.8418
9.9017,9.4134,-10.03
3.4748,9.6898,-4.0634
11.308,9.786,-2.7604
9.9017,9.4134,2.8566
3.4748,9.6898,8.8227
11.308,9.786,10.126
-9.8515,-12.612,-13.015
-9.6047,-12.973,-7.6967
-2.7663,-12.858,-14.151
-9.889,-6.3516,-13.372
-2.9501,-12.378,-6.6727
-13.282,-9.7903,-11.91
-12.789,-9.9614,-7.1077
-6.2735,-9.6573,-12.562
-13.126,-3.4525,-13.268
-6.6016,-9.523,-7.3137
-5.5883,-13.666,-9.8677
-12.978,-5.6664,-9.4637
-13.638,-13.563,-9.6487
-0.6308,-13.381,-10.061
-6.9523,-5.7555,-9.3957
-9.8515,-12.612,-0.12855
-9.6047,-12.973,5.1894
-2.7663,-12.858,-1.2646
-9.889,-6.3516,-0.48555
-2.9501,-12.378,6.2134
-10.11,-5.928,-6.1966
-13.282,-9.7903,0.97645
-12.789,-9.9614,5.7784
-6.2735,-9.6573,0.32445
-13.126,-3.4525,-0.38155
-6.6016,-9.523,5.5724
-13.194,-2.9066,-6.2116
-6.4142,-11.991,-3.3806
-13.683,-7.0262,-3.1326
-5.5883,-13.666,3.0184
-12.978,-5.6664,3.4224
-13.061,-11.559,-3.0446
-6.0274,-7.3564,-3.0796
-13.638,-13.563,3.2374
-0.6308,-13.381,2.8254
-6.9523,-5.7555,3.4904
-9.8515,-12.612,12.758
-2.7663,-12.858,11.622
-9.889,-6.3516,12.401
-10.11,-5.928,6.6896
-13.282,-9.7903,13.863
-6.2735,-9.6573,13.211
-13.126,-3.4525,12.505
-13.194,-2.9066,6.6746
-6.4142,-11.991,9.5056
-13.683,-7.0262,9.7536
-13.061,-11.559,9.8416
-6.0274,-7.3564,9.8066
-13.568,-0.4439,-10.237
-13.568,-0.4439,2.6491
3.3678,-13.441,-12.589
9.8739,-6.0413,-12.544
3.5353,-13.424,-7.3508
9.9651,-6.9952,-6.3438
9.6886,-12.987,-13.335
12.818,-10.006,-11.561
13.311,-10.177,-6.7588
7.2194,-9.4821,-12.018
12.974,-3.6683,-12.919
6.3426,-9.9941,-6.5368
7.4563,-13.778,-9.6148
13.122,-5.8822,-9.1148
12.462,-13.778,-9.2998
3.3678,-13.441,0.29736
9.8739,-6.0413,0.34236
3.5353,-13.424,5.5354
9.9651,-6.9952,6.5424
9.6886,-12.987,-0.44864
9.7303,-13.049,-5.8596
12.818,-10.006,1.3254
13.311,-10.177,6.1274
7.2194,-9.4821,0.86836
12.974,-3.6683,-0.032643
6.3426,-9.9941,6.3494
12.906,-3.1224,-5.8626
5.1405,-12.492,-3.2226
12.417,-7.242,-2.7836
7.4563,-13.778,3.2714
13.122,-5.8822,3.7714
7.044,-6.7909,-3.0356
13.039,-11.775,-2.6956
0.84834,-13.209,-3.1416
12.462,-13.778,3.5864
3.3678,-13.441,13.183
9.8739,-6.0413,13.228
9.6886,-12.987,12.437
9.7303,-13.049,7.0265
12.818,-10.006,14.211
7.2194,-9.4821,13.754
12.974,-3.6683,12.853
12.906,-3.1224,7.0235
5.1405,-12.492,9.6635
12.417,-7.242,10.102
7.044,-6.7909,9.8505
13.039,-11.775,10.19
0.84834,-13.209,9.7445
-3.1381,-6.3569,-11.902
-9.5693,-0.50417,-12.765
3.3114,0.1096,-12.842
-3.0632,6.8957,-12.72
-2.9812,-6.9608,-6.3121
-9.4017,-0.48649,-7.5271
3.5582,-0.25173,-7.5241
-2.972,5.9418,-6.5201
3.5575,-6.2925,-13.47
-3.2484,-0.049497,-13.511
10.397,-0.13647,-13.978
3.2739,6.3696,-13.199
3.8184,-6.2112,-6.2951
10.213,0.34295,-6.5001
-0.55508,-9.7687,-12.585
-6.231,-3.3545,-13.83
7.3928,-3.1714,-13.464
-0.1195,2.931,-11.737
0.4476,-9.401,-6.8651
7.4791,-3.1671,-6.3221
0.37406,2.7598,-6.9351
0.15698,-3.3347,-13.115
-5.7177,3.4549,-12.194
6.8893,3.0639,-12.389
0.03677,9.2688,-13.095
-6.5945,2.943,-6.7131
6.5612,3.1982,-7.1411
1.2268,-5.6887,-9.5011
-5.4808,-0.84075,-9.7911
7.5745,-0.94469,-9.6951
0.18455,7.0548,-9.2911
6.3887,-6.3336,-9.3951
-0.47518,-0.84146,-9.4761
12.532,-0.65973,-9.8881
6.2105,6.9657,-9.2231
-3.1381,-6.3569,0.984
-9.5693,-0.50417,0.121
3.3114,0.1096,0.044
-3.0632,6.8957,0.166
-2.9812,-6.9608,6.574
-9.4017,-0.48649,5.359
3.5582,-0.25173,5.362
-2.972,5.9418,6.366
3.5575,-6.2925,-0.584
-3.2484,-0.049497,-0.625
10.397,-0.13647,-1.092
3.2739,6.3696,-0.313
3.8184,-6.2112,6.591
-3.2067,-0.11243,-6.036
10.213,0.34295,6.386
3.0526,6.7932,-6.024
-0.55508,-9.7687,0.301
-6.231,-3.3545,-0.944
7.3928,-3.1714,-0.578
-0.1195,2.931,1.149
0.4476,-9.401,6.021
-6.5216,-3.3595,-5.71
7.4791,-3.1671,6.564
0.37406,2.7598,5.951
0.15698,-3.3347,-0.229
-5.7177,3.4549,0.692
6.8893,3.0639,0.497
0.03677,9.2688,-0.209
0.51407,-3.4316,-5.732
-6.5945,2.943,6.173
6.5612,3.1982,5.745
-0.031113,9.8146,-6.039
-0.40305,-6.3385,-2.931
-7.7966,0.44548,-3.399
6.7486,0.72973,-3.208
-0.52043,5.695,-2.96
1.2268,-5.6887,3.385
-5.4808,-0.84075,3.095
7.5745,-0.94469,3.191
0.18455,7.0548,3.595
-5.893,6.1462,-3.212
0.10182,1.1625,-2.872
-12.089,-0.27153,-3.318
7.1354,5.3648,-2.907
6.3887,-6.3336,3.491
-0.47518,-0.84146,3.41
12.532,-0.65973,2.998
6.2105,6.9657,3.663
-3.1381,-6.3569,13.87
-9.5693,-0.50417,13.007
3.3114,0.1096,12.93
-3.0632,6.8957,13.052
3.5575,-6.2925,12.302
-3.2484,-0.049497,12.261
10.397,-0.13647,11.794
3.2739,6.3696,12.573
-3.2067,-0.11243,6.8501
3.0526,6.7932,6.8621
-0.55508,-9.7687,13.187
-6.231,-3.3545,11.942
7.3928,-3.1714,12.308
-0.1195,2.931,14.035
-6.5216,-3.3595,7.1761
0.15698,-3.3347,12.657
-5.7177,3.4549,13.578
6.8893,3.0639,13.383
0.03677,9.2688,12.677
0.51407,-3.4316,7.1541
-0.031113,9.8146,6.8471
-0.40305,-6.3385,9.9551
-7.7966,0.44548,9.4871
6.7486,0.72973,9.6781
-0.52043,5.695,9.9261
-5.893,6.1462,9.6741
0.10182,1.1625,10.014
-12.089,-0.27153,9.5681
7.1354,5.3648,9.9791
-9.6257,13.047,-13.018
-9.3789,12.685,-7.7005
-9.3796,6.6445,-13.646
-2.5404,12.801,-14.154
-9.1187,6.7258,-6.4715
-2.7243,13.28,-6.6765
-13.492,3.1684,-12.761
-5.5442,9.7657,-13.64
-12.489,3.5361,-7.0415
-5.458,9.7699,-6.4985
-12.78,9.6023,-13.291
-11.71,7.2484,-9.6775
-5.3625,11.992,-9.8715
-6.5483,6.6035,-9.5715
-13.412,12.096,-9.6525
-0.40499,12.277,-10.064
-9.6257,13.047,-0.13236
-9.3789,12.685,5.1856
-9.3796,6.6445,-0.76036
-2.5404,12.801,-1.2684
-9.1187,6.7258,6.4146
-2.7243,13.28,6.2096
-13.492,3.1684,0.12464
-5.5442,9.7657,-0.75436
-12.489,3.5361,5.8446
-5.458,9.7699,6.3876
-12.78,9.6023,-0.40536
-12.423,9.5054,-5.9084
-13.34,6.5985,-3.1074
-6.1884,13.667,-3.3844
-11.71,7.2484,3.2086
-5.3625,11.992,3.0146
-12.835,14.1,-3.0484
-6.5483,6.6035,3.3146
-13.412,12.096,3.2336
-0.40499,12.277,2.8216
-9.6257,13.047,12.754
-9.3796,6.6445,12.126
-2.5404,12.801,11.618
-13.492,3.1684,13.011
-5.5442,9.7657,12.132
-12.78,9.6023,12.481
-12.423,9.5054,6.9778
-13.34,6.5985,9.7788
-6.1884,13.667,9.5018
-12.835,14.1,9.8378
14.011,-0.48736,-2.9691
14.011,-0.48736,9.917
10.025,6.3643,-11.73
3.5936,12.217,-12.593
10.182,5.7604,-6.1396
3.7612,12.235,-7.3546
9.9144,12.672,-13.339
12.608,2.9525,-12.413
6.9318,9.3667,-13.658
13.61,3.3202,-6.6926
13.32,9.3865,-12.943
14.39,7.0325,-9.3286
7.6821,11.88,-9.6186
12.688,11.88,-9.3036
10.025,6.3643,1.1566
3.5936,12.217,0.29355
10.182,5.7604,6.7466
3.7612,12.235,5.5316
9.9144,12.672,-0.45245
9.9561,12.609,-5.8634
12.608,2.9525,0.47355
6.9318,9.3667,-0.77145
13.61,3.3202,6.1936
6.6412,9.3617,-5.5374
13.32,9.3865,-0.056449
13.677,9.2896,-5.5594
12.76,6.3827,-2.7584
5.3663,13.167,-3.2264
14.39,7.0325,3.5576
7.6821,11.88,3.2676
13.265,13.884,-2.6994
1.0742,12.45,-3.1454
12.688,11.88,3.5826
10.025,6.3643,14.043
3.5936,12.217,13.18
9.9144,12.672,12.434
9.9561,12.609,7.0227
12.608,2.9525,13.36
6.9318,9.3667,12.115
6.6412,9.3617,7.3487
13.32,9.3865,12.83
13.677,9.2896,7.3267
12.76,6.3827,10.128
5.3663,13.167,9.6597
13.265,13.884,10.187
1.0742,12.45,9.7407
0,0,0
-6.3039,0.51124,0.316
0.1994,-0.37052,-6.3261
-0.14779,6.434,0.648
0.1994,-0.37052,6.56
6.6461,0.055861,-0.07
0.019092,-6.7918,-0.057
-0.094045,5.601,-5.762
-6.3017,-0.13294,-6.1991
-6.4778,-6.2388,-0.234
0.48083,-6.3187,6.389
-6.1099,6.6346,-0.18636
-0.094045,5.601,7.1241
0.48083,-6.3187,-6.4971
-6.3017,-0.13294,6.687
7.0767,0.15415,5.968
6.8271,-6.3024,-0.01
6.6851,6.4824,-0.061449
7.0767,0.15415,-6.9181
-5.9355,6.1561,6.38
-5.9355,6.1561,-6.5061
-6.1059,-6.4523,-6.2501
-6.1059,-6.4523,6.636
7.057,6.2689,-6.0776
7.0016,-6.781,-6.3298
7.057,6.2689,6.8086
7.0016,-6.781,6.5564
0.67959,12.469,-0.074449
-12.483,-0.25173,-0.247
0,0,12.886
0,0,-12.886
0.45378,-13.189,-0.070643
13.617,-0.46756,0.10191
-0.14779,6.434,-12.238
-12.78,0.21371,5.5111
0.15691,-12.723,5.6874
-6.3039,0.51124,-12.57
6.6332,-12.426,0.49236
0.38273,12.935,5.6836
-6.5168,-12.665,-0.24255
-12.918,6.1453,-0.23336
12.789,-6.5031,0.82436
6.6461,0.055861,12.816
-6.2909,12.993,-0.24636
13.182,5.9294,0.11555
0.019092,-6.7918,12.829
13.32,-0.0021213,5.86
6.6461,0.055861,-12.956
0.019092,-6.7918,-12.943
0.15691,-12.723,-7.1987
-6.3039,0.51124,13.202
-13.311,-6.2872,0.47545
-12.78,0.21371,-7.375
0.38273,12.935,-7.2025
6.859,13.232,0.48855
-0.14779,6.434,13.534
13.32,-0.0021213,-7.0261
-6.0861,-12.567,5.7954
-12.456,6.6183,6.2126
-5.8603,13.091,5.7916
-6.4778,-6.2388,12.652
6.8611,12.588,-6.0266
-6.1099,6.6346,12.7
-12.456,6.6183,-6.6735
-6.0861,-12.567,-7.0907
12.843,-7.336,-5.5856
6.6353,-13.07,-6.0228
6.6851,6.4824,12.825
6.8271,-6.3024,12.876
-6.1099,6.6346,-13.072
6.8611,12.588,6.8596
6.8271,-6.3024,-12.896
-6.4778,-6.2388,-13.12
6.6851,6.4824,-12.948
-5.8603,13.091,-7.0945
-13.257,-7.1202,-5.9346
6.6353,-13.07,6.8634
13.644,6.4025,-6.3246
13.644,6.4025,6.5616
12.843,-7.336,7.3005
-13.257,-7.1202,6.9516
-12.483,-0.25173,12.639
0.67959,12.469,12.812
0.67959,12.469,-12.961
-12.483,-0.25173,-13.133
12.937,-12.937,0.17636
-12.937,12.937,-0.17636
-13.163,-12.721,-0.17255
13.163,12.721,0.17255
0.45378,-13.189,12.815
0.45378,-13.189,-12.957
13.617,-0.46756,-12.784
12.789,-6.5031,-12.062
6.6332,-12.426,-12.394
13.617,-0.46756,12.988
-12.738,12.567,6.3836
-12.738,12.567,-6.5025
-6.5168,-12.665,12.644
-12.918,6.1453,12.653
-6.2909,12.993,12.64
13.362,12.351,-6.1536
-13.311,-6.2872,-12.411
13.182,5.9294,-12.771
-6.5168,-12.665,-13.129
6.859,13.232,-12.398
13.362,12.351,6.7326
-12.918,6.1453,-13.119
6.6332,-12.426,13.378
13.182,5.9294,13.002
-12.963,-13.092,6.3874
-6.2909,12.993,-13.132
-12.963,-13.092,-6.4987
13.136,-13.308,-6.1498
12.789,-6.5031,13.71
13.136,-13.308,6.7364
-13.311,-6.2872,13.362
6.859,13.232,13.375
12.937,-12.937,-12.71
-12.937,12.937,12.71
-13.163,-12.721,12.714
13.163,12.721,-12.714
12.937,-12.937,13.062
-12.937,12.937,-13.062
-13.163,-12.721,-13.059
13.163,12.721,13.059
