-9.184,-7.7079,-8.4124
-10.194,-8.1393,-3.2828
-9.184,-7.7079,3.0972
-9.0921,-2.6974,-2.4888
-10.194,-8.1393,8.2269
-9.0921,-2.6974,9.0209
9.0896,-2.8162,-7.665
9.1299,-9.2869,-8.581
2.6917,-9.043,-3.0304
9.0896,-2.8162,3.8446
8.4115,-8.6237,-2.5104
9.1299,-9.2869,2.9286
2.6917,-9.043,8.4793
8.4115,-8.6237,8.9993
3.2449,-7.9755,-8.3817
-2.5611,-1.8173,-8.5107
-2.5654,8.8388,-7.8897
2.8397,3.5935,-8.1847
3.4797,-2.6113,-8.0077
-2.5251,2.3681,-8.8057
-3.2732,-7.7548,-8.3377
-8.5447,-2.1736,-8.5347
-8.9633,2.6121,-3.255
-2.402,-2.7811,-2.634
8.8381,-1.7699,-2.928
1.83,3.1622,-3.055
3.2449,-7.9755,3.128
-2.5611,-1.8173,2.999
-2.5654,8.8388,3.62
2.8397,3.5935,3.325
2.6806,-2.4119,-2.599
-3.2435,3.0314,-2.735
-2.8122,-7.9217,-2.539
2.9317,8.6041,-2.261
3.4797,-2.6113,3.502
-2.5251,2.3681,2.704
-3.2732,-7.7548,3.172
-8.5447,-2.1736,2.975
-8.9633,2.6121,8.2547
-2.402,-2.7811,8.8757
8.8381,-1.7699,8.5817
1.83,3.1622,8.4547
2.6806,-2.4119,8.9107
-3.2435,3.0314,8.7747
-2.8122,-7.9217,8.9707
2.9317,8.6041,9.2487
-8.4101,3.6796,-8.6063
-8.1753,9.0437,-8.2323
-2.8169,9.8851,-3.1526
-8.4101,3.6796,2.9034
-8.9744,9.2431,-2.8236
-8.1753,9.0437,3.2774
-2.8169,9.8851,8.357
-8.9744,9.2431,8.686
9.4626,9.4842,-8.2829
8.7506,3.5466,-8.1099
3.4791,9.1278,-8.3069
9.6217,8.5204,-2.4062
9.4626,9.4842,3.2268
9.2116,3.3797,-2.3112
8.7506,3.5466,3.3998
3.4791,9.1278,3.2028
9.6217,8.5204,9.1034
9.2116,3.3797,9.1984
-10.03,-2.1211,-7.8354
-9.766,-9.0352,-8.6884
-4.3524,-7.604,-3.7048
-10.03,-2.1211,3.6742
-8.9896,-8.3592,-2.3828
-9.766,-9.0352,2.8212
-4.3524,-7.604,7.8049
-8.9896,-8.3592,9.1269
8.3847,-8.7043,-7.393
8.9708,-3.2291,-9.135
9.8158,-8.4681,-1.9844
8.3847,-8.7043,4.1166
9.4941,-3.0043,-2.0494
8.9708,-3.2291,2.3746
9.8158,-8.4681,9.5253
9.4941,-3.0043,9.4603
-2.0273,-8.6104,-8.3287
1.9933,9.1804,-7.6077
3.0625,-2.2889,-9.4147
-3.2704,2.9508,-7.6177
-2.7627,-3.2888,-8.3587
2.1355,-8.9039,-8.3117
2.2578,2.2663,-8.4607
-2.6842,8.4259,-9.3597
7.6714,3.6975,-3.477
-8.6925,-2.3837,-3.608
3.2308,-2.6439,-3.95
-1.8392,3.1869,-2.209
-2.0273,-8.6104,3.181
1.9933,9.1804,3.902
3.0625,-2.2889,2.095
-3.2704,2.9508,3.892
-3.4401,-2.9635,-3.69
3.0795,-7.5738,-2.211
3.0342,2.9423,-2.155
-2.1609,8.6507,-2.274
-2.7627,-3.2888,3.151
2.1355,-8.9039,3.198
2.2578,2.2663,3.049
-2.6842,8.4259,2.15
7.6714,3.6975,8.0327
-8.6925,-2.3837,7.9017
3.2308,-2.6439,7.5597
-1.8392,3.1869,9.3007
-3.4401,-2.9635,7.8197
3.0795,-7.5738,9.2987
3.0342,2.9423,9.3547
-2.1609,8.6507,9.2357
-8.5925,9.3661,-9.6393
-9.5196,2.7511,-8.5363
-8.4243,9.0111,-4.1746
-8.5925,9.3661,1.8704
-8.5756,4.0812,-2.4356
-9.5196,2.7511,2.9734
-8.4243,9.0111,7.335
-8.5756,4.0812,9.074
9.9965,2.691,-8.1009
9.2611,8.0127,-8.1309
3.3313,8.9178,-3.3802
9.9965,2.691,3.4088
8.5837,8.3379,-3.4622
9.2611,8.0127,3.3788
3.3313,8.9178,8.1294
8.5837,8.3379,8.0474
-0.50733,-11.59,-2.6211
-0.50733,-11.59,8.8885
-8.9563,-11.166,-12.007
-9.155,-11.199,-5.8694
-2.574,-10.78,-10.987
-8.998,-5.5661,-11.729
-3.2344,-10.033,-5.9984
-8.9959,-4.6801,-5.6944
-11.665,-8.3457,-11.543
-12.295,-8.2008,-5.8664
-6.0975,-8.0707,-12.089
-11.79,-2.411,-10.961
-6.9687,-10.57,-8.9254
-12.476,-5.5887,-8.7424
-11.568,-11.502,-8.9524
-0.34235,-11.118,-8.4424
-6.509,-5.7386,-8.3354
-8.9563,-11.166,-0.49775
-9.155,-11.199,5.6402
-2.574,-10.78,0.52225
-8.998,-5.5661,-0.21975
-3.2344,-10.033,5.5112
-8.9959,-4.6801,5.8152
-11.665,-8.3457,-0.033752
-12.295,-8.2008,5.6432
-6.0975,-8.0707,-0.57975
-11.79,-2.411,0.54825
-7.0273,-8.0827,-5.3648
-12.306,-2.517,-5.3988
-6.0204,-10.987,-2.9758
-12.145,-5.4084,-2.9548
-6.9687,-10.57,2.5842
-12.476,-5.5887,2.7672
-11.683,-11.153,-2.9928
-12.162,0.064602,-2.8458
-11.568,-11.502,2.5572
-0.34235,-11.118,3.0672
-6.509,-5.7386,3.1742
-8.9563,-11.166,11.012
-2.574,-10.78,12.032
-8.998,-5.5661,11.29
-11.665,-8.3457,11.476
-6.0975,-8.0707,10.93
-11.79,-2.411,12.058
-7.0273,-8.0827,6.1449
-12.306,-2.517,6.1109
-6.0204,-10.987,8.5339
-12.145,-5.4084,8.5549
-11.683,-11.153,8.5169
-12.162,0.064602,8.6639
-11.997,0.53744,-8.667
-11.997,0.53744,2.8426
3.1464,-11.917,-11.429
9.0635,-5.733,-11.513
2.469,-11.591,-5.593
8.8026,-11.586,-11.972
12.014,-8.6993,-11.091
11.384,-8.5544,-5.414
5.4876,-8.77,-11.041
11.889,-2.7646,-10.509
5.6588,-8.4476,-5.459
5.1935,-11.126,-8.058
11.203,-5.9423,-8.29
6.8106,-5.5279,-8.001
12.11,-11.856,-8.5
3.1464,-11.917,0.080623
9.0635,-5.733,-0.003377
2.469,-11.591,5.9166
8.4999,-5.3193,-4.5804
8.8026,-11.586,-0.46238
8.3182,-11.603,-4.8884
12.014,-8.6993,0.41862
11.384,-8.5544,6.0956
5.4876,-8.77,0.46862
11.889,-2.7646,1.0006
5.6588,-8.4476,6.0506
11.373,-2.8706,-4.9464
5.3413,-12.247,-2.6834
11.533,-5.762,-2.5024
5.1935,-11.126,3.4516
11.203,-5.9423,3.2196
11.996,-11.507,-2.5404
11.516,-0.28899,-2.3934
6.8106,-5.5279,3.5086
12.11,-11.856,3.0096
3.1464,-11.917,11.59
9.0635,-5.733,11.506
8.4999,-5.3193,6.9293
8.8026,-11.586,11.047
8.3182,-11.603,6.6213
12.014,-8.6993,11.928
5.4876,-8.77,11.978
11.889,-2.7646,12.51
11.373,-2.8706,6.5633
5.3413,-12.247,8.8263
11.533,-5.762,9.0073
11.996,-11.507,8.9693
11.516,-0.28899,9.1163
-2.4763,-5.1732,-11.392
-8.5086,-0.26234,-11.654
3.0674,0.13576,-11.78
-2.5915,5.922,-11.738
-9.186,0.064347,-5.8177
2.8687,0.10253,-5.6417
3.4415,-5.246,-10.407
-2.8525,0.069296,-12.197
9.4498,0.52184,-10.76
3.0257,5.7353,-11.502
8.7893,1.2685,-5.7707
3.0278,6.6213,-5.4667
0.52962,-8.4676,-11.013
-5.3867,-2.7987,-10.697
6.5521,-2.4013,-10.924
0.35921,2.9557,-11.316
0.6067,-8.2519,-5.9527
-5.4808,-3.0639,-6.6337
6.3406,-2.4091,-5.5387
-0.27082,3.1007,-5.6387
0.23547,-2.6962,-10.959
-6.1674,2.885,-11.266
5.9263,3.2308,-11.862
0.23405,8.8905,-10.734
-0.50841,-2.7245,-6.0777
-5.9963,3.2074,-5.6837
-0.33588,-5.7198,-8.5897
-6.4615,0.52892,-8.2827
5.0551,0.73186,-8.6977
-0.45184,5.7127,-8.5147
-4.8444,6.1271,-8.2257
0.45538,-0.20082,-8.7247
11.681,0.18385,-8.2147
5.5147,5.5628,-8.1077
-2.4763,-5.1732,0.118
-8.5086,-0.26234,-0.144
3.0674,0.13576,-0.27
-2.5915,5.922,-0.228
-2.5463,-5.6576,-5.279
-9.186,0.064347,5.692
2.8687,0.10253,5.868
-3.1551,6.3357,-4.805
3.4415,-5.246,1.103
-2.8525,0.069296,-0.687
9.4498,0.52184,0.75
3.0257,5.7353,0.008
3.2081,-5.3379,-5.261
-3.3368,0.051619,-5.113
8.7893,1.2685,5.739
3.0278,6.6213,6.043
0.52962,-8.4676,0.497
-5.3867,-2.7987,0.813
6.5521,-2.4013,0.586
0.35921,2.9557,0.194
0.6067,-8.2519,5.557
-5.4808,-3.0639,4.876
6.3406,-2.4091,5.971
-0.27082,3.1007,5.871
0.23547,-2.6962,0.551
-6.1674,2.885,0.244
5.9263,3.2308,-0.352
0.23405,8.8905,0.776
-0.50841,-2.7245,5.432
-5.9963,3.2074,5.826
4.9964,3.2188,-5.137
-0.28214,8.7844,-5.171
0.57983,-5.8973,-2.711
-6.3138,-0.59185,-2.908
6.0033,0.31396,-2.748
-0.12162,5.893,-2.727
-0.33588,-5.7198,2.92
-6.4615,0.52892,3.227
5.0551,0.73186,2.812
-0.45184,5.7127,2.995
5.5543,-5.1428,-2.407
0.34083,0.14849,-2.765
-0.13859,11.366,-2.618
-5.4822,-5.0381,-2.656
-4.8444,6.1271,3.284
0.45538,-0.20082,2.785
11.681,0.18385,3.295
5.5147,5.5628,3.402
-2.4763,-5.1732,11.628
-8.5086,-0.26234,11.366
3.0674,0.13576,11.24
-2.5915,5.922,11.282
-2.5463,-5.6576,6.2307
-3.1551,6.3357,6.7047
3.4415,-5.246,12.613
-2.8525,0.069296,10.823
9.4498,0.52184,12.26
3.0257,5.7353,11.518
3.2081,-5.3379,6.2487
-3.3368,0.051619,6.3967
0.52962,-8.4676,12.007
-5.3867,-2.7987,12.323
6.5521,-2.4013,12.096
0.35921,2.9557,11.704
0.23547,-2.6962,12.061
-6.1674,2.885,11.754
5.9263,3.2308,11.158
0.23405,8.8905,12.286
4.9964,3.2188,6.3727
-0.28214,8.7844,6.3387
0.57983,-5.8973,8.7987
-6.3138,-0.59185,8.6017
6.0033,0.31396,8.7617
-0.12162,5.893,8.7827
5.5543,-5.1428,9.1027
0.34083,0.14849,8.7447
-0.13859,11.366,8.8917
-5.4822,-5.0381,8.8537
-8.5876,11.791,-12.004
-8.7863,11.758,-5.8663
-8.2135,6.409,-10.631
-2.2052,12.177,-10.984
-2.8657,12.924,-5.9953
-11.125,3.1874,-11.237
-5.103,9.2537,-11.148
-11.048,3.4031,-6.1773
-5.3144,9.2459,-5.7633
-11.42,8.9588,-11.183
-12.163,8.9305,-6.3023
-11.991,5.9352,-8.8143
-6.5999,12.387,-8.9223
-11.2,11.454,-8.9493
0.026383,11.839,-8.4393
-8.5876,11.791,-0.49462
-8.7863,11.758,5.6434
-8.2135,6.409,0.87838
-2.2052,12.177,0.52538
-8.4469,6.3171,-5.4856
-2.8657,12.924,5.5144
-11.125,3.1874,0.27238
-5.103,9.2537,0.36138
-11.048,3.4031,5.3324
-5.3144,9.2459,5.7464
-11.42,8.9588,0.32638
-12.163,8.9305,5.2074
-11.075,5.7578,-2.9356
-5.6517,11.969,-2.9726
-11.991,5.9352,2.6954
-6.5999,12.387,2.5874
-6.1007,6.5122,-2.6316
-11.314,11.804,-2.9896
-11.2,11.454,2.5604
0.026383,11.839,3.0704
-8.5876,11.791,11.015
-8.2135,6.409,12.388
-2.2052,12.177,12.035
-8.4469,6.3171,6.024
-11.125,3.1874,11.782
-5.103,9.2537,11.871
-11.42,8.9588,11.836
-11.075,5.7578,8.574
-5.6517,11.969,8.537
-6.1007,6.5122,8.878
-11.314,11.804,8.52
9.5475,6.1282,-11.164
3.5151,11.039,-11.426
2.8377,11.366,-5.5899
9.1713,11.371,-11.969
12.553,2.8338,-10.785
6.637,8.5027,-10.469
12.63,3.0495,-5.7249
6.543,8.2375,-6.4059
12.259,8.6052,-10.731
11.515,8.5769,-5.8499
11.688,5.5816,-8.3619
5.5622,11.83,-8.0549
12.479,11.101,-8.4969
9.5475,6.1282,0.34575
3.5151,11.039,0.083752
9.4775,5.6439,-5.0512
2.8377,11.366,5.9198
9.1713,11.371,-0.45925
8.6869,11.353,-4.8852
12.553,2.8338,0.72475
6.637,8.5027,1.0408
12.63,3.0495,5.7848
6.543,8.2375,5.1038
12.259,8.6052,0.77875
11.515,8.5769,5.6598
12.604,5.4042,-2.4832
5.71,10.71,-2.6802
11.688,5.5816,3.1478
5.5622,11.83,3.4548
12.365,11.45,-2.5372
6.5416,6.2633,-2.4282
12.479,11.101,3.0128
9.5475,6.1282,11.855
3.5151,11.039,11.593
9.4775,5.6439,6.4584
9.1713,11.371,11.05
8.6869,11.353,6.6244
12.553,2.8338,12.234
6.637,8.5027,12.55
12.259,8.6052,12.288
12.604,5.4042,9.0264
5.71,10.71,8.8294
12.365,11.45,8.9724
6.5416,6.2633,9.0814
0,0,0
0.3387,-5.3549,0.299
-0.025456,-0.12869,5.711
-0.025456,-0.12869,-5.7987
0.12657,5.8442,0.164
-5.8676,0.074953,0.072
6.0677,0.70216,-0.132
0.22557,-5.4638,-5.37
-5.4426,-5.4921,0.317
5.8096,0.48508,5.498
-0.025456,5.8152,-5.6527
6.2763,-5.21,0.306
0.22557,-5.4638,6.1397
-0.025456,5.8152,5.857
5.8096,0.48508,-6.0117
-5.3787,6.4451,0.081377
-6.2749,0.577,-5.6187
-6.2749,0.577,5.891
6.5812,5.8093,0.54475
-5.3174,6.173,-5.5547
-6.299,-5.1355,5.6582
6.3376,-5.482,-5.33
-6.299,-5.1355,-5.8514
-5.3174,6.173,5.955
5.7247,6.166,-5.6237
5.7247,6.166,5.886
6.3376,-5.482,6.1796
-11.191,0.1096,0.152
0.83238,11.411,0.37975
0,0,-11.51
0,0,11.51
0.46364,-11.545,0.37662
-5.9561,-10.599,-0.35975
-0.37771,-11.003,-5.7044
0.3387,-5.3549,-11.211
-0.37771,-11.003,5.8052
12.487,-0.24399,0.60437
0.12657,5.8442,-11.346
-5.8676,0.074953,-11.438
11.646,0.2984,-5.4767
6.0677,0.70216,11.378
6.1562,11.376,0.29975
5.7874,-11.58,0.29662
-11.316,6.3001,0.074377
0.3387,-5.3549,11.809
-5.8676,0.074953,11.582
0.12657,5.8442,11.674
-11.897,-5.4572,-0.063752
11.646,0.2984,6.033
11.782,-5.8108,0.38862
6.0677,0.70216,-11.642
-0.0089725,11.953,-5.7013
-12.033,0.65199,5.5806
-0.0089725,11.953,5.8084
-12.033,0.65199,-5.929
5.3802,-11.078,-5.394
-6.2142,-10.816,5.2702
-5.5873,12.357,-0.35662
-5.4426,-5.4921,-11.193
12.362,5.9465,0.52675
5.3802,-11.078,6.1156
6.2763,-5.21,-11.204
-6.2142,-10.816,-6.2394
6.5812,5.8093,-10.965
11.63,-5.8398,-5.428
-5.4426,-5.4921,11.827
-11.429,6.1912,-5.5946
-5.3787,6.4451,-11.428
5.7489,11.878,-5.3909
-11.429,6.1912,5.915
-5.3787,6.4451,11.591
6.2763,-5.21,11.816
11.63,-5.8398,6.0816
-12.049,-5.4862,5.6292
-5.8454,12.14,5.2734
-12.049,-5.4862,-5.8804
12.249,5.8376,-5.1422
5.7489,11.878,6.1188
-5.8454,12.14,-6.2363
6.5812,5.8093,12.054
12.249,5.8376,6.3674
-11.191,0.1096,-11.358
0.83238,11.411,-11.13
0.46364,-11.545,-11.133
-11.191,0.1096,11.662
11.655,-11.655,0.22462
-11.655,11.655,-0.22462
-5.9561,-10.599,11.15
0.83238,11.411,11.889
-12.024,-11.301,-0.22775
12.024,11.301,0.22775
0.46364,-11.545,11.886
12.487,-0.24399,-10.905
-5.9561,-10.599,-11.869
6.1562,11.376,-11.21
5.7874,-11.58,-11.213
11.782,-5.8108,-11.121
-11.316,6.3001,-11.435
-11.68,11.526,5.4864
11.998,11.173,-5.5709
-11.316,6.3001,11.584
-11.897,-5.4572,11.446
12.487,-0.24399,12.114
11.998,11.173,5.9388
11.63,-11.784,-5.574
-11.897,-5.4572,-11.573
-11.68,11.526,-6.0233
-12.049,-11.43,5.4832
6.1562,11.376,11.809
5.7874,-11.58,11.806
-5.5873,12.357,11.153
12.362,5.9465,-10.983
11.63,-11.784,5.9356
-12.049,-11.43,-6.0264
11.782,-5.8108,11.898
-5.5873,12.357,-11.866
12.362,5.9465,12.036
11.655,-11.655,-11.285
-11.655,11.655,11.285
-12.024,-11.301,11.282
12.024,11.301,-11.282
11.655,-11.655,11.734
-11.655,11.655,-11.734
-12.024,-11.301,-11.737
12.024,11.301,11.737
