-9.8798,-9.1623,-9.6887
-3.5702,-10.258,-10.289
-9.0588,-9.3568,-3.6706
-9.8798,-9.1623,3.1974
-3.6678,-10.791,-3.7016
-3.5702,-10.258,2.5974
-9.0588,-9.3568,9.2156
-3.6678,-10.791,9.1846
2.6536,-11.031,-10.306
9.9615,-4.3386,-10.296
8.9044,-9.9127,-10.189
9.4934,-4.7657,-3.4446
2.6536,-11.031,2.5804
9.9615,-4.3386,2.5904
10.082,-10.519,-4.3036
8.9044,-9.9127,2.6974
9.4934,-4.7657,9.4415
10.082,-10.519,8.5825
-10.283,1.9057,-10.482
-2.7337,-4.3487,-9.8241
-2.9755,8.5984,-10.472
3.2831,3.5589,-9.5161
3.3269,-3.9619,-10.66
-4.0326,3.0243,-10.365
9.5926,2.4636,-10.116
-9.4158,-3.8919,-10.238
3.2873,-9.7984,-2.939
-3.5659,-3.6904,-4.034
-3.4436,8.1713,-3.621
4.104,3.3644,-3.498
-10.283,1.9057,2.404
-2.7337,-4.3487,3.062
-2.9755,8.5984,2.414
3.2831,3.5589,3.37
3.0893,-2.1588,-3.007
-2.8546,2.4176,-4.48
9.495,1.9304,-3.529
-9.355,-4.1125,-3.009
3.3269,-3.9619,2.226
-4.0326,3.0243,2.521
9.5926,2.4636,2.77
-9.4158,-3.8919,2.648
3.2873,-9.7984,9.9471
-3.5659,-3.6904,8.8521
-3.4436,8.1713,9.2651
4.104,3.3644,9.3881
3.0893,-2.1588,9.8791
-2.8546,2.4176,8.4061
9.495,1.9304,9.3571
-9.355,-4.1125,9.8771
-9.6101,8.9751,-10.836
-9.6497,3.1387,-3.1154
-9.8477,10.778,-3.1834
-9.6101,8.9751,2.0496
-9.6497,3.1387,9.7708
-9.8477,10.778,9.7028
10.429,8.3725,-9.6516
3.747,8.8293,-10.066
9.5969,9.0308,-3.8614
10.429,8.3725,3.2346
3.8078,8.6087,-2.8364
3.747,8.8293,2.8206
9.5969,9.0308,9.0247
3.8078,8.6087,10.05
-3.5992,-11.715,-9.9747
-9.6549,-3.999,-8.9377
-10.262,-10.612,-9.6587
-3.6933,-9.9182,-2.4726
-3.5992,-11.715,2.9114
-9.6549,-3.999,3.9484
-9.5312,-9.651,-2.2696
-10.262,-10.612,3.2274
-3.6933,-9.9182,10.414
-9.5312,-9.651,10.617
9.1972,-10.739,-8.9828
9.6235,-10.087,-2.9446
9.1972,-10.739,3.9034
2.9902,-10.542,-4.1646
9.6235,-10.087,9.9415
2.9902,-10.542,8.7215
9.5636,1.0062,-9.8021
3.508,8.7222,-8.7651
3.5405,-4.2858,-9.2181
-3.7399,2.1984,-9.1591
-2.9875,-3.6169,-11.111
3.387,-9.4385,-10.159
2.9013,2.1093,-9.4861
10.196,-3.4182,-9.1441
9.4696,2.803,-2.3
-9.3649,-2.7167,-3.52
2.6382,-3.5193,-3.401
-3.3135,2.8496,-3.121
9.5636,1.0062,3.084
3.508,8.7222,4.121
3.5405,-4.2858,3.668
-3.7399,2.1984,3.727
-3.124,-5.0671,-3.641
-9.9469,2.395,-4.341
3.6317,3.0703,-2.097
9.4717,-3.3241,-2.745
-2.9875,-3.6169,1.775
3.387,-9.4385,2.727
2.9013,2.1093,3.4
10.196,-3.4182,3.742
9.4696,2.803,10.586
-9.3649,-2.7167,9.3661
2.6382,-3.5193,9.4851
-3.3135,2.8496,9.7651
-3.124,-5.0671,9.2451
-9.9469,2.395,8.5451
3.6317,3.0703,10.789
9.4717,-3.3241,10.141
-9.3966,8.6513,-9.3945
-9.55,3.4986,-10.335
-2.7406,9.5189,-9.3205
-10.299,9.4178,-3.5774
-9.3966,8.6513,3.4916
-3.4653,9.6129,-2.9214
-9.55,3.4986,2.5506
-2.7406,9.5189,3.5656
-10.299,9.4178,9.3088
-3.4653,9.6129,9.9648
10.175,9.1044,-10.939
3.7979,10.005,-3.3474
10.039,7.6541,-3.4684
10.175,9.1044,1.9476
3.7979,10.005,9.5387
10.039,7.6541,9.4177
-0.51432,-14.345,-9.9313
-0.51432,-14.345,2.9548
-10.016,-12.544,-12.669
-9.7313,-13.566,-7.5797
-3.3503,-13.203,-13.274
-10.123,-6.4909,-13.477
-3.2266,-13.493,-6.6987
-10.059,-6.6698,-6.6707
-13.175,-9.7634,-12.354
-13.729,-10.249,-8.3157
-6.2742,-10.016,-12.878
-13.652,-3.7749,-13.851
-6.9311,-10.438,-7.3207
-6.2657,-14.466,-10.086
-12.616,-5.7336,-10.112
-13.477,-14.158,-10.028
-13.451,-1.4075,-10.108
-10.016,-12.544,0.21745
-9.7313,-13.566,5.3064
-3.3503,-13.203,-0.38755
-10.123,-6.4909,-0.59055
-3.2266,-13.493,6.1874
-10.059,-6.6698,6.2154
-13.175,-9.7634,0.53245
-13.729,-10.249,4.5704
-6.2742,-10.016,0.008449
-13.652,-3.7749,-0.96455
-6.9311,-10.438,5.5654
-13.214,-3.7063,-6.3726
-7.3639,-12.747,-3.5326
-13.601,-7.6965,-3.3336
-6.2657,-14.466,2.8004
-12.616,-5.7336,2.7744
-12.519,-11.84,-3.1506
-13.477,-14.158,2.8584
-13.451,-1.4075,2.7784
-10.016,-12.544,13.104
-3.3503,-13.203,12.499
-10.123,-6.4909,12.296
-13.175,-9.7634,13.419
-6.2742,-10.016,12.895
-13.652,-3.7749,11.922
-13.214,-3.7063,6.5136
-7.3639,-12.747,9.3536
-13.601,-7.6965,9.5526
-12.519,-11.84,9.7356
3.0503,-14.067,-12.75
9.1342,-6.7824,-12.792
3.3077,-13.935,-6.6348
9.4496,-7.0285,-7.2488
9.5889,-12.926,-12.989
9.7098,-13.822,-6.4898
12.925,-9.9792,-12.005
12.371,-10.465,-7.9668
5.7231,-9.9177,-12.5
12.448,-3.9907,-13.502
6.1163,-10.744,-7.3388
7.1225,-14.474,-9.7618
13.484,-5.9494,-9.7628
12.623,-14.374,-9.6788
12.649,-1.6233,-9.7588
3.0503,-14.067,0.13636
9.1342,-6.7824,0.094357
3.3077,-13.935,6.2514
9.4496,-7.0285,5.6374
9.5889,-12.926,-0.10264
9.7098,-13.822,6.3964
12.925,-9.9792,0.88136
12.371,-10.465,4.9194
5.7231,-9.9177,0.38636
12.448,-3.9907,-0.61564
6.1163,-10.744,5.5474
12.885,-3.9221,-6.0236
5.8766,-12.806,-3.2406
12.499,-7.9123,-2.9846
7.1225,-14.474,3.1244
13.484,-5.9494,3.1234
6.5356,-8.3868,-3.3926
13.581,-12.056,-2.8016
0.46863,-13.44,-3.3376
12.623,-14.374,3.2074
12.649,-1.6233,3.1274
3.0503,-14.067,13.022
9.1342,-6.7824,12.98
9.5889,-12.926,12.783
12.925,-9.9792,13.767
5.7231,-9.9177,13.272
12.448,-3.9907,12.27
12.885,-3.9221,6.8625
5.8766,-12.806,9.6455
12.499,-7.9123,9.9015
6.5356,-8.3868,9.4935
13.581,-12.056,10.084
0.46863,-13.44,9.5485
-3.2329,-7.0513,-12.927
-9.8868,-1.13,-12.926
3.1473,0.17748,-12.496
-3.8028,6.1547,-12.968
-3.1841,-7.2627,-6.7351
-9.6294,-0.99843,-6.8111
3.4316,-0.84499,-7.4071
-3.4875,5.9086,-7.4251
3.0455,-6.3732,-13.916
-3.3482,0.010607,-13.165
9.8125,-0.48154,-13.101
3.0399,6.2303,-13.304
-3.2272,-0.8853,-6.6661
9.9363,-0.77216,-6.5261
3.1042,6.0514,-6.4981
0.11738,-10.185,-12.944
-6.202,-3.8686,-13.633
6.4424,-3.6253,-14.099
-0.012021,2.9578,-12.181
0.65761,-10.184,-7.1621
-0.56569,2.472,-8.1431
-0.79903,-3.6543,-14.105
-7.2139,3.0193,-12.676
6.8886,2.7054,-12.705
-0.48932,8.9463,-13.678
-6.8208,2.1934,-7.5151
6.2317,2.2832,-7.1481
0.89944,-6.8886,-10.122
-5.8145,-1.5365,-9.9381
6.8971,-1.7451,-9.9131
0.5473,6.9876,-9.9391
6.4311,-6.0946,-9.6251
-0.31396,-1.4368,-9.8551
-0.2885,11.314,-9.9351
-6.4057,-6.1356,-9.5301
-3.2329,-7.0513,-0.041
-9.8868,-1.13,-0.04
3.1473,0.17748,0.39
-3.8028,6.1547,-0.082
-3.1841,-7.2627,6.151
-9.6294,-0.99843,6.075
3.4316,-0.84499,5.479
-3.4875,5.9086,5.461
3.0455,-6.3732,-1.03
-3.3482,0.010607,-0.279
9.8125,-0.48154,-0.215
3.0399,6.2303,-0.418
3.2951,-6.6553,-5.933
-3.2272,-0.8853,6.22
9.9363,-0.77216,6.36
3.1042,6.0514,6.388
0.11738,-10.185,-0.058
-6.202,-3.8686,-0.747
6.4424,-3.6253,-1.213
-0.012021,2.9578,0.705
0.65761,-10.184,5.724
-6.7684,-4.0899,-6.007
5.9666,-3.8509,-5.452
-0.56569,2.472,4.743
-0.79903,-3.6543,-1.219
-7.2139,3.0193,0.21
6.8886,2.7054,0.181
-0.48932,8.9463,-0.792
0.0056569,-3.6218,-5.687
-6.8208,2.1934,5.371
6.2317,2.2832,5.738
-0.051619,9.0149,-6.2
-0.66609,-7.9465,-3.541
-7.0605,0.13081,-3.417
5.799,-0.026163,-3.36
-0.43841,5.0247,-3.161
0.89944,-6.8886,2.764
-5.8145,-1.5365,2.948
6.8971,-1.7451,2.973
0.5473,6.9876,2.947
-6.4014,4.5502,-3.569
0.64347,0.88106,-2.978
-12.468,-0.50275,-3.514
-5.8223,-7.122,-3.2
6.4311,-6.0946,3.261
-0.31396,-1.4368,3.031
-0.2885,11.314,2.951
-6.4057,-6.1356,3.356
-3.2329,-7.0513,12.845
-9.8868,-1.13,12.846
3.1473,0.17748,13.276
-3.8028,6.1547,12.804
3.0455,-6.3732,11.856
-3.3482,0.010607,12.607
9.8125,-0.48154,12.671
3.0399,6.2303,12.468
3.2951,-6.6553,6.9531
0.11738,-10.185,12.828
-6.202,-3.8686,12.139
6.4424,-3.6253,11.673
-0.012021,2.9578,13.591
-6.7684,-4.0899,6.8791
5.9666,-3.8509,7.4341
-0.79903,-3.6543,11.667
-7.2139,3.0193,13.096
6.8886,2.7054,13.067
-0.48932,8.9463,12.094
0.0056569,-3.6218,7.1991
-0.051619,9.0149,6.6861
-0.66609,-7.9465,9.3451
-7.0605,0.13081,9.4691
5.799,-0.026163,9.5261
-0.43841,5.0247,9.7251
-6.4014,4.5502,9.3171
0.64347,0.88106,9.9081
-12.468,-0.50275,9.3721
-5.8223,-7.122,9.6861
-9.7897,13.115,-12.672
-9.5054,12.092,-7.5835
-9.8915,6.5639,-14.092
-3.1245,12.455,-13.277
-3.0008,12.165,-6.7025
-12.82,2.7519,-13.12
-6.4946,9.3117,-14.275
-12.279,2.7533,-7.3385
-13.736,9.2827,-14.281
-12.038,6.0484,-10.298
-6.0399,11.192,-10.089
-6.5059,6.8425,-9.8015
-13.251,11.5,-10.031
-9.7897,13.115,0.21364
-9.5054,12.092,5.3026
-9.8915,6.5639,-1.2064
-3.1245,12.455,-0.39136
-9.6419,6.2817,-6.1094
-3.0008,12.165,6.1836
-12.82,2.7519,-0.23436
-6.4946,9.3117,-1.3894
-12.279,2.7533,5.5476
-6.9705,9.0861,-5.6284
-13.736,9.2827,-1.3954
-12.931,9.3152,-5.8634
-13.603,4.9906,-3.7174
-7.1381,12.911,-3.5364
-12.038,6.0484,2.5876
-6.0399,11.192,2.7966
-12.294,13.818,-3.1544
-6.5059,6.8425,3.0846
-13.251,11.5,2.8546
-9.7897,13.115,13.1
-9.8915,6.5639,11.68
-3.1245,12.455,12.495
-9.6419,6.2817,6.7768
-12.82,2.7519,12.652
-6.4946,9.3117,11.497
-6.9705,9.0861,7.2578
-13.736,9.2827,11.491
-12.931,9.3152,7.0228
-13.603,4.9906,9.1688
-7.1381,12.911,9.3498
-12.294,13.818,9.7318
13.631,-0.71858,-3.1651
13.631,-0.71858,9.721
9.93,5.6699,-12.755
3.2761,11.591,-12.754
9.9788,5.4585,-6.5626
3.5335,11.723,-6.6386
9.8147,12.732,-12.993
9.9356,11.836,-6.4936
13.28,2.536,-12.772
6.9608,8.8526,-13.461
13.82,2.5375,-6.9896
12.364,9.0669,-13.933
14.062,5.8326,-9.9496
7.3483,11.185,-9.7656
12.849,11.284,-9.6826
6.7572,6.5856,-9.3576
9.93,5.6699,0.13155
3.2761,11.591,0.13255
9.9788,5.4585,6.3236
3.5335,11.723,6.2476
9.8147,12.732,-0.10645
9.9356,11.836,6.3926
13.28,2.536,0.11455
6.9608,8.8526,-0.57445
13.82,2.5375,5.8966
6.3944,8.6313,-5.8344
12.364,9.0669,-1.0464
13.169,9.0994,-5.5144
12.497,4.7747,-3.3684
6.1024,12.852,-3.2444
14.062,5.8326,2.9366
7.3483,11.185,3.1206
13.806,13.602,-2.8054
0.69444,12.218,-3.3414
7.3405,5.5992,-3.0274
12.849,11.284,3.2036
6.7572,6.5856,3.5286
9.93,5.6699,13.018
3.2761,11.591,13.019
9.8147,12.732,12.78
13.28,2.536,13.001
6.9608,8.8526,12.312
6.3944,8.6313,7.0517
12.364,9.0669,11.84
13.169,9.0994,7.3717
12.497,4.7747,9.5177
6.1024,12.852,9.6417
13.806,13.602,10.081
0.69444,12.218,9.5447
7.3405,5.5992,9.8587
0,0,0
-0.75943,5.9171,-0.33
0.099702,-0.79832,5.982
6.178,-0.25102,-0.115
-6.8688,-0.1895,-0.282
0.099702,-0.79832,-6.9041
-0.10182,-6.9282,-0.606
0.15556,5.8068,5.763
-6.2819,-1.0607,5.937
6.1935,6.1822,-0.114
6.5337,-0.8952,6.092
6.1752,-6.7083,-0.823
0.15556,5.8068,-7.1231
-6.7619,6.2287,-0.99936
0.56993,-7.1474,6.106
-6.2819,-1.0607,-6.9491
6.5337,-0.8952,-6.7941
-6.9693,-6.539,-0.28655
0.56993,-7.1474,-6.7801
-6.175,6.0364,6.1206
6.7338,5.5614,6.187
-6.175,6.0364,-6.7655
6.7338,5.5614,-6.6991
-6.4291,-7.1598,6.0144
6.7621,-6.9007,6.297
6.7621,-6.9007,-6.5891
-6.4291,-7.1598,-6.8717
0.29724,12.501,-0.47981
-12.866,-0.2201,-0.65236
0,0,-12.886
0,0,12.886
0.071418,-13.157,-0.476
13.234,-0.43593,-0.30345
-0.0042426,12.069,5.939
-0.75943,5.9171,12.556
-0.0042426,12.069,-6.9471
6.294,12.532,-0.10945
12.178,-7.02,-0.15364
-0.10182,-6.9282,12.28
6.178,-0.25102,12.771
13.061,5.793,-0.43345
12.933,-0.86814,6.1154
-6.8688,-0.1895,12.604
-6.759,12.686,-0.29136
-13.039,6.0088,-0.78236
-13.167,-0.65231,5.7664
6.178,-0.25102,-13.001
6.0682,-13.127,-0.10564
-0.75943,5.9171,-13.216
12.933,-0.86814,-6.7708
-6.9849,-12.972,-0.28755
-0.23006,-13.589,5.9428
-6.8688,-0.1895,-13.168
6.8809,11.661,6.1096
-6.4034,12.042,5.9156
-12.367,5.7896,5.9296
-13.167,-0.65231,-7.1197
-6.7619,6.2287,11.887
6.1752,-6.7083,12.063
6.8809,11.661,-6.7766
-0.10182,-6.9282,-13.492
-0.23006,-13.589,-6.9433
-6.4034,12.042,-6.9705
-12.367,5.7896,-6.9565
6.1935,6.1822,12.772
-13.922,-6.8041,-0.50255
6.1935,6.1822,-13
-13.007,-6.9144,5.5904
-6.9693,-6.539,12.6
13.093,-7.1303,5.9394
13.733,5.5738,6.2786
13.733,5.5738,-6.6076
-6.6292,-13.616,5.9194
-6.9693,-6.539,-13.173
-13.007,-6.9144,-7.2957
13.093,-7.1303,-6.9468
6.1752,-6.7083,-13.709
-6.7619,6.2287,-13.885
6.6551,-13.998,6.1134
-6.6292,-13.616,-6.9667
6.6551,-13.998,-6.7728
0.29724,12.501,12.406
-12.866,-0.2201,12.234
0.071418,-13.157,12.41
13.234,-0.43593,12.583
12.937,-12.937,0.17636
-12.937,12.937,-0.17636
0.29724,12.501,-13.366
-13.163,-12.721,-0.17255
13.163,12.721,0.17255
-12.837,12.139,5.8056
-12.866,-0.2201,-13.538
13.234,-0.43593,-13.19
0.071418,-13.157,-13.362
-13.039,6.0088,12.104
13.263,11.923,6.1546
13.061,5.793,12.453
12.178,-7.02,12.732
6.294,12.532,12.777
-12.837,12.139,-7.0805
13.263,11.923,-6.7316
-6.759,12.686,12.595
6.294,12.532,-12.996
12.178,-7.02,-13.04
6.0682,-13.127,12.78
-6.9849,-12.972,12.599
6.0682,-13.127,-12.992
-6.759,12.686,-13.177
13.061,5.793,-13.32
-13.063,-13.52,5.8094
-6.9849,-12.972,-13.174
-13.039,6.0088,-13.668
-13.922,-6.8041,12.384
13.037,-13.735,6.1584
-13.063,-13.52,-7.0767
13.037,-13.735,-6.7278
-13.922,-6.8041,-13.389
12.937,-12.937,-12.71
-12.937,12.937,12.71
-13.163,-12.721,12.714
13.163,12.721,-12.714
12.937,-12.937,13.062
-12.937,12.937,-13.062
-13.163,-12.721,-13.059
13.163,12.721,13.059
