-10.263,-9.9076,-9.7677
-10.709,-2.57,-9.9447
-9.6881,-10.091,-3.2906
-10.263,-9.9076,3.1184
-10.684,-3.2714,-3.0966
-10.709,-2.57,2.9414
-9.6881,-10.091,9.5956
-10.684,-3.2714,9.7896
10.12,-4.5083,-8.6888
9.8505,-9.4885,-9.1328
10.582,-2.5772,-2.5256
10.12,-4.5083,4.1974
9.6787,-9.6207,-2.5436
9.8505,-9.4885,3.7534
10.582,-2.5772,10.36
9.6787,-9.6207,10.342
3.2859,-9.3826,-10.01
-3.252,-3.9421,-9.0771
-2.8171,8.4287,-8.8651
2.8998,2.8136,-9.5951
4.097,-3.2725,-7.8541
-3.0865,3.4486,-9.3091
-2.9614,-9.3126,-9.0321
2.4537,10.151,-9.7721
3.3955,-9.5983,-1.443
-3.6579,-3.9831,-2.465
-2.3554,10.36,-2.702
3.4747,2.6304,-3.118
3.2859,-9.3826,2.876
-3.252,-3.9421,3.809
-2.8171,8.4287,4.021
2.8998,2.8136,3.291
3.4139,-2.3801,-2.777
-3.2583,3.3163,-2.72
-2.7598,-9.4887,-2.079
2.4791,9.4498,-2.924
4.097,-3.2725,5.032
-3.0865,3.4486,3.577
-2.9614,-9.3126,3.854
2.4537,10.151,3.114
3.3955,-9.5983,11.443
-3.6579,-3.9831,10.421
-2.3554,10.36,10.184
3.4747,2.6304,9.7681
3.4139,-2.3801,10.109
-3.2583,3.3163,10.166
-2.7598,-9.4887,10.807
2.4791,9.4498,9.9621
-9.6511,3.5544,-10.186
-8.8401,9.6645,-8.0305
-9.5415,3.3388,-1.6194
-9.6511,3.5544,2.6996
-9.5231,10.557,-2.9534
-8.8401,9.6645,4.8556
-9.5415,3.3388,11.267
-9.5231,10.557,9.9328
9.9109,8.7791,-8.9046
10.201,3.4086,-8.8596
9.505,8.7381,-2.2924
9.9109,8.7791,3.9816
10.403,3.2325,-1.9064
10.201,3.4086,4.0266
9.505,8.7381,10.594
10.403,3.2325,10.98
-3.7166,-10.462,-9.5707
-10.889,-3.8541,-9.2417
-9.8013,-8.7784,-8.9277
-4.1989,-9.3122,-3.1406
-3.7166,-10.462,3.3154
-10.889,-3.8541,3.6444
-9.4131,-9.6842,-1.8846
-9.8013,-8.7784,3.9584
-4.1989,-9.3122,9.7456
-9.4131,-9.6842,11.002
9.3251,-10.888,-8.8568
10.047,-3.4696,-7.6108
9.8088,-11.011,-3.0676
9.3251,-10.888,4.0294
10.047,-3.4696,5.2754
9.8088,-11.011,9.8185
9.4462,2.2592,-9.3981
2.2741,8.8671,-9.0691
3.7809,-3.0384,-9.3301
-3.6119,2.0492,-9.0331
-3.0328,-3.1685,-10.379
2.5901,-10.596,-9.4591
3.3616,3.9428,-8.7551
-2.8899,9.4675,-7.7871
8.964,3.409,-2.968
-9.6089,-2.2649,-2.701
3.7286,-3.1558,-1.548
-3.1282,1.9262,-3.244
9.4462,2.2592,3.488
2.2741,8.8671,3.817
3.7809,-3.0384,3.556
-3.6119,2.0492,3.853
-2.3632,-3.9909,-3.19
2.9812,-9.4682,-2.886
3.7498,3.037,-1.712
9.5664,-1.5988,-3.06
-3.0328,-3.1685,2.507
2.5901,-10.596,3.427
3.3616,3.9428,4.131
-2.8899,9.4675,5.099
8.964,3.409,9.9181
-9.6089,-2.2649,10.185
3.7286,-3.1558,11.338
-3.1282,1.9262,9.6421
-2.3632,-3.9909,9.6961
2.9812,-9.4682,10
3.7498,3.037,11.174
9.5664,-1.5988,9.8261
-9.1561,9.8986,-9.5065
-10.347,2.341,-9.6355
-9.2085,9.7812,-1.7244
-9.1561,9.8986,3.3796
-9.9559,3.4689,-3.0624
-3.3706,11.338,-3.2364
-10.347,2.341,3.2506
-9.2085,9.7812,11.162
-9.9559,3.4689,9.8238
-3.3706,11.338,9.6498
10.13,9.5527,-10.207
3.554,10.456,-2.5284
10.8,8.7303,-3.0174
10.13,9.5527,2.6796
3.554,10.456,10.358
10.8,8.7303,9.8687
-9.9151,-12.265,-12.562
-9.4916,-12.626,-6.3977
-3.2089,-12.544,-12.683
-9.6917,-6.9548,-12.413
-2.8469,-11.749,-6.0457
-9.9469,-6.8027,-6.0177
-13.627,-9.506,-12.345
-13.548,-10.103,-5.8937
-5.985,-9.2288,-12.111
-12.81,-3.0445,-13.122
-6.5175,-9.3398,-6.8217
-13.269,-2.966,-6.0307
-5.8443,-13.821,-9.3007
-12.845,-6.5149,-8.9707
-13.761,-12.945,-9.5227
-0.92496,-13.182,-9.5197
-9.9151,-12.265,0.32445
-9.4916,-12.626,6.4884
-3.2089,-12.544,0.20345
-9.6917,-6.9548,0.47345
-2.8469,-11.749,6.8404
-9.9469,-6.8027,6.8684
-13.627,-9.506,0.54145
-13.548,-10.103,6.9924
-5.985,-9.2288,0.77545
-12.81,-3.0445,-0.23555
-6.5175,-9.3398,6.0644
-13.269,-2.966,6.8554
-6.1151,-12.209,-2.8346
-12.459,-7.4526,-2.9906
-5.8443,-13.821,3.5854
-12.845,-6.5149,3.9154
-13.741,-13.459,-3.1156
-6.813,-7.0842,-2.7026
-13.761,-12.945,3.3634
-0.92496,-13.182,3.3664
-9.9151,-12.265,13.211
-3.2089,-12.544,13.09
-9.6917,-6.9548,13.36
-13.627,-9.506,13.428
-5.985,-9.2288,13.662
-12.81,-3.0445,12.651
-6.1151,-12.209,10.052
-12.459,-7.4526,9.8956
-13.741,-13.459,9.7706
-6.813,-7.0842,10.184
-13.862,-0.2445,-9.696
-13.862,-0.2445,3.1901
3.0503,-13.103,-12.05
9.456,-6.2726,-12.862
3.4257,-13.011,-6.2998
9.5705,-13.182,-12.624
9.8477,-13.813,-5.9518
12.472,-9.7218,-11.996
12.552,-10.319,-5.5448
6.7301,-9.608,-11.442
13.29,-3.2603,-12.773
7.7002,-10.035,-5.7578
12.831,-3.1818,-5.6818
6.9691,-14.047,-9.2578
13.255,-6.7308,-8.6218
12.339,-13.16,-9.1738
3.0503,-13.103,0.83636
9.456,-6.2726,0.024357
3.4257,-13.011,6.5864
9.5161,-6.1375,-4.6176
9.5705,-13.182,0.26236
9.8477,-13.813,6.9344
12.472,-9.7218,0.89036
12.552,-10.319,7.3414
6.7301,-9.608,1.4444
13.29,-3.2603,0.11336
7.7002,-10.035,7.1284
12.831,-3.1818,7.2044
5.8907,-12.216,-2.2716
13.641,-7.6684,-2.6416
6.9691,-14.047,3.6284
13.255,-6.7308,4.2644
12.359,-13.675,-2.7666
0.92188,-12.384,-3.0196
12.339,-13.16,3.7124
3.0503,-13.103,13.722
9.456,-6.2726,12.91
9.5161,-6.1375,8.2685
9.5705,-13.182,13.148
12.472,-9.7218,13.776
6.7301,-9.608,14.33
13.29,-3.2603,12.999
5.8907,-12.216,10.614
13.641,-7.6684,10.244
12.359,-13.675,10.119
0.92188,-12.384,9.8665
-2.7924,-6.236,-12.52
-9.8868,-0.16546,-12.226
3.2477,0.45608,-12.389
-3.4811,6.6645,-13.038
-9.5113,-0.074246,-6.4761
3.6713,0.094752,-6.2251
3.4691,-5.9425,-11.814
-3.3665,-0.24537,-12.8
9.9539,0.17748,-12.51
3.4712,5.7665,-12.24
4.027,-7.274,-5.9461
-3.0893,-0.87611,-6.1281
10.316,0.97227,-5.8731
3.2159,5.9185,-5.8451
-0.24254,-9.8182,-11.837
-6.6892,-3.083,-12.92
6.4078,-2.6361,-12.681
-0.46457,3.2152,-12.172
0.4978,-9.6266,-7.0841
-0.38537,2.6184,-5.7211
0.34224,-3.0165,-12.704
-6.207,3.3291,-11.618
7.1778,3.4924,-11.938
0.35285,9.6768,-12.949
0.86691,-3.3927,-6.2771
-5.2368,2.902,-5.9341
6.6454,3.3814,-6.6491
-0.10607,9.7552,-5.8581
0.54023,-5.4278,-9.2221
-5.968,-1.1102,-9.4341
7.3186,-1.1003,-9.1281
0.31749,6.2063,-8.7981
7.0428,-6.0189,-9.0571
-0.59821,-0.22345,-9.3501
12.238,-0.46033,-9.3471
-7.0944,-5.3973,-8.7671
-2.7924,-6.236,0.366
-9.8868,-0.16546,0.66
3.2477,0.45608,0.497
-3.4811,6.6645,-0.152
-2.8228,-6.9664,-5.437
-9.5113,-0.074246,6.41
3.6713,0.094752,6.661
-3.421,6.7995,-4.794
3.4691,-5.9425,1.072
-3.3665,-0.24537,0.086
9.9539,0.17748,0.376
3.4712,5.7665,0.646
4.027,-7.274,6.94
-3.0893,-0.87611,6.758
10.316,0.97227,7.013
3.2159,5.9185,7.041
-0.24254,-9.8182,1.049
-6.6892,-3.083,-0.034
6.4078,-2.6361,0.205
-0.46457,3.2152,0.714
0.4978,-9.6266,5.802
-6.9615,-3.2421,-4.845
7.3454,-3.1254,-5.577
-0.38537,2.6184,7.165
0.34224,-3.0165,0.182
-6.207,3.3291,1.268
7.1778,3.4924,0.948
0.35285,9.6768,-0.063
0.86691,-3.3927,6.609
-5.2368,2.902,6.952
6.6454,3.3814,6.237
-0.10607,9.7552,7.028
0.53599,-6.586,-2.646
-7.0463,0.72054,-2.448
7.0477,0.51265,-2.662
0.70357,5.2687,-2.818
0.54023,-5.4278,3.664
-5.968,-1.1102,3.452
7.3186,-1.1003,3.758
0.31749,6.2063,4.088
5.6908,-6.0755,-2.798
-0.57841,-0.73822,-2.943
-12.015,0.55296,-3.196
6.3498,5.6371,-2.53
7.0428,-6.0189,3.829
-0.59821,-0.22345,3.536
12.238,-0.46033,3.539
-7.0944,-5.3973,4.119
-2.7924,-6.236,13.252
-9.8868,-0.16546,13.546
3.2477,0.45608,13.383
-3.4811,6.6645,12.734
-2.8228,-6.9664,7.4491
-3.421,6.7995,8.0921
3.4691,-5.9425,13.958
-3.3665,-0.24537,12.972
9.9539,0.17748,13.262
3.4712,5.7665,13.532
-0.24254,-9.8182,13.935
-6.6892,-3.083,12.852
6.4078,-2.6361,13.091
-0.46457,3.2152,13.6
-6.9615,-3.2421,8.0411
7.3454,-3.1254,7.3091
0.34224,-3.0165,13.068
-6.207,3.3291,14.154
7.1778,3.4924,13.834
0.35285,9.6768,12.823
0.53599,-6.586,10.24
-7.0463,0.72054,10.438
7.0477,0.51265,10.224
0.70357,5.2687,10.068
5.6908,-6.0755,10.088
-0.57841,-0.73822,9.9431
-12.015,0.55296,9.6901
6.3498,5.6371,10.356
-9.6893,13.393,-12.565
-9.2657,13.032,-6.4015
-9.468,6.9945,-11.99
-2.9831,13.115,-12.686
-8.9101,5.663,-6.1225
-2.6211,13.909,-6.0495
-13.18,3.1189,-12.013
-6.5292,10.301,-12.857
-12.439,3.3105,-7.2605
-12.595,9.9205,-12.88
-12.07,9.5443,-6.4535
-12.397,7.5093,-9.3985
-5.6185,11.837,-9.3045
-5.8943,6.9181,-9.2335
-13.535,12.714,-9.5265
-0.69914,12.477,-9.5235
-9.6893,13.393,0.32064
-9.2657,13.032,6.4846
-9.468,6.9945,0.89564
-2.9831,13.115,0.19964
-8.9101,5.663,6.7636
-2.6211,13.909,6.8366
-13.18,3.1189,0.87264
-6.5292,10.301,0.028643
-12.439,3.3105,5.6256
-5.5916,9.8116,-5.7534
-12.595,9.9205,0.005643
-12.07,9.5443,6.4326
-12.401,6.351,-2.8224
-5.8893,13.45,-2.8384
-12.397,7.5093,3.4876
-5.6185,11.837,3.5816
-7.2462,6.8616,-2.9744
-13.515,12.199,-3.1194
-5.8943,6.9181,3.6526
-13.535,12.714,3.3596
-0.69914,12.477,3.3626
-9.6893,13.393,13.207
-9.468,6.9945,13.782
-2.9831,13.115,13.086
-13.18,3.1189,13.759
-6.5292,10.301,12.915
-5.5916,9.8116,7.1328
-12.595,9.9205,12.892
-12.401,6.351,10.064
-5.8893,13.45,10.048
-7.2462,6.8616,9.9118
-13.515,12.199,9.7668
14.085,0.33713,-2.8471
14.085,0.33713,10.039
10.37,6.4852,-12.348
3.2761,12.556,-12.054
3.6516,12.647,-6.3036
9.7963,12.476,-12.628
10.074,11.845,-5.9556
12.92,2.903,-11.665
6.4736,9.6382,-12.748
13.661,3.0947,-6.9116
13.505,9.7047,-12.532
14.03,9.3285,-6.1046
13.703,7.2935,-9.0496
7.1949,11.611,-9.2616
12.565,12.498,-9.1776
6.0685,7.3239,-8.5946
10.37,6.4852,0.53855
3.2761,12.556,0.83255
10.34,5.7548,-5.2644
3.6516,12.647,6.5826
9.7963,12.476,0.25855
10.074,11.845,6.9306
12.92,2.903,1.2216
6.4736,9.6382,0.13855
13.661,3.0947,5.9746
6.2014,9.4791,-4.6724
13.505,9.7047,0.35455
14.03,9.3285,6.7816
13.699,6.1352,-2.4734
6.1165,13.442,-2.2754
13.703,7.2935,3.8366
7.1949,11.611,3.6246
12.584,11.983,-2.7704
1.1477,13.274,-3.0234
12.565,12.498,3.7086
6.0685,7.3239,4.2916
10.37,6.4852,13.425
3.2761,12.556,13.719
10.34,5.7548,7.6217
9.7963,12.476,13.145
12.92,2.903,14.108
6.4736,9.6382,13.025
6.2014,9.4791,8.2137
13.505,9.7047,13.241
13.699,6.1352,10.413
6.1165,13.442,10.611
12.584,11.983,10.116
1.1477,13.274,9.8627
0,0,0
-0.51619,6.2593,0.136
0.053033,-0.44901,-6.2991
-6.3399,-0.059397,0.555
0.12021,-6.4446,0.714
0.053033,-0.44901,6.587
6.685,0.40588,0.358
-0.507,6.5683,-5.243
-6.0111,-0.45184,-6.2511
0.45821,-6.644,-5.8121
-6.0111,-0.45184,6.635
6.3873,-6.2742,0.575
6.2621,6.6496,0.528
-6.9007,-6.0716,0.35545
-6.5497,6.6629,0.39864
7.0103,-0.31254,-6.2961
7.0103,-0.31254,6.59
0.45821,-6.644,7.074
-0.507,6.5683,7.6431
-6.2784,5.7834,-5.8761
6.1829,6.2848,-6.0761
-6.2784,5.7834,7.01
6.1829,6.2848,6.81
6.6586,-7.1536,-5.6998
-6.9799,-6.4364,-6.2487
-6.9799,-6.4364,6.6374
6.6586,-7.1536,7.1864
0.050205,12.635,0.432
0,0,12.886
0,0,-12.886
12.987,-0.30175,0.60836
-0.17561,-13.023,0.43581
-13.113,-0.085918,0.25945
0.12021,-6.4446,-12.172
-6.3399,-0.059397,-12.331
-6.4779,-12.315,0.18545
-12.367,0.038891,-6.3901
-12.367,0.038891,6.496
12.421,-6.6777,0.31236
6.685,0.40588,-12.528
-0.51619,6.2593,-12.75
0.79627,12.76,-6.2176
0.57045,-12.898,-6.2138
-12.817,6.4925,0.53764
6.8229,12.662,0.72755
0.79627,12.76,6.6686
-0.51619,6.2593,13.022
0.57045,-12.898,6.6724
6.5971,-12.996,0.73136
13.283,6.2766,0.88655
-6.2521,13.343,0.18164
6.685,0.40588,13.244
12.43,-6.3687,-5.0666
-6.3399,-0.059397,13.441
13.733,-0.17694,-6.0412
0.12021,-6.4446,13.6
-13.679,-6.4619,-0.036551
-12.479,6.2931,-5.9885
6.3873,-6.2742,-12.311
13.733,-0.17694,6.8449
-5.9268,12.624,6.4136
6.2621,6.6496,-12.358
-5.9268,12.624,-6.4725
7.1517,12.269,-6.0786
-6.9007,-6.0716,-12.531
-12.479,6.2931,6.8976
-6.5497,6.6629,-12.487
7.1517,12.269,6.8076
-6.1526,-13.034,6.4174
-6.1526,-13.034,-6.4687
-13.67,-6.1529,-5.4156
13.621,6.0772,-5.6396
12.43,-6.3687,7.8195
-6.9007,-6.0716,13.242
6.3873,-6.2742,13.461
6.2621,6.6496,13.414
-6.5497,6.6629,13.285
6.9259,-13.389,-6.0748
6.9259,-13.389,6.8114
13.621,6.0772,7.2466
-13.67,-6.1529,7.4706
0.050205,12.635,-12.454
12.987,-0.30175,-12.278
-0.17561,-13.023,-12.45
-13.113,-0.085918,-12.627
12.937,-12.937,0.17636
-12.937,12.937,-0.17636
-13.163,-12.721,-0.17255
13.163,12.721,0.17255
0.050205,12.635,13.318
-13.113,-0.085918,13.146
-0.17561,-13.023,13.322
12.987,-0.30175,13.494
6.8229,12.662,-12.159
-6.4779,-12.315,-12.701
12.421,-6.6777,-12.574
-12.817,6.4925,-12.348
13.283,6.2766,-12
6.5971,-12.996,-12.155
13.216,12.272,-6.1266
-12.884,12.488,6.4106
-12.884,12.488,-6.4755
-6.4779,-12.315,13.072
13.216,12.272,6.7596
12.421,-6.6777,13.198
-6.2521,13.343,-12.704
12.99,-13.386,-6.1228
-13.11,-13.17,6.4144
-12.817,6.4925,13.424
-13.11,-13.17,-6.4717
-6.2521,13.343,13.068
6.8229,12.662,13.614
12.99,-13.386,6.7634
-13.679,-6.4619,12.85
-13.679,-6.4619,-12.923
6.5971,-12.996,13.617
13.283,6.2766,13.773
12.937,-12.937,-12.71
-12.937,12.937,12.71
-13.163,-12.721,12.714
13.163,12.721,-12.714
12.937,-12.937,13.062
-12.937,12.937,-13.062
-13.163,-12.721,-13.059
13.163,12.721,13.059
