-8.7859,-7.7482,-9.3864
-3.3193,-8.2934,-9.3164
-9.5347,-3.3734,-9.3384
-9.5277,-8.8464,-4.1628
-8.7859,-7.7482,2.1232
-3.2196,-8.7947,-4.1228
-9.4435,-2.4223,-3.7938
-3.3193,-8.2934,2.1932
-9.5347,-3.3734,2.1712
-9.5277,-8.8464,7.3469
-3.2196,-8.7947,7.3869
-9.4435,-2.4223,7.7159
3.0149,-8.8839,-8.468
8.5211,-8.6767,-9.29
3.092,-8.9015,-3.5654
3.0149,-8.8839,3.0416
7.4343,-8.4144,-2.9924
8.5211,-8.6767,2.2196
3.092,-8.9015,7.9443
7.4343,-8.4144,8.5173
-8.6401,2.7712,-8.6927
-2.4402,-3.4344,-9.6017
8.3198,-2.5215,-8.7007
3.2378,3.5532,-9.1587
3.3595,-3.515,-8.8327
-3.1339,2.9783,-9.5147
8.7045,3.008,-9.0887
2.489,7.9281,-9.1107
-8.5631,2.7535,-3.79
-2.6304,-2.8284,-2.991
8.3714,-2.0499,-3.012
2.4961,2.4551,-3.935
-8.6401,2.7712,2.817
-2.4402,-3.4344,1.908
8.3198,-2.5215,2.809
3.2378,3.5532,2.351
3.0992,-2.7867,-3.161
-4.2207,3.2407,-3.217
8.8042,2.5067,-3.895
2.5802,8.8791,-3.566
3.3595,-3.515,2.677
-3.1339,2.9783,1.995
8.7045,3.008,2.421
2.489,7.9281,2.399
-8.5631,2.7535,7.7197
-2.6304,-2.8284,8.5187
8.3714,-2.0499,8.4977
2.4961,2.4551,7.5747
3.0992,-2.7867,8.3487
-4.2207,3.2407,8.2927
8.8042,2.5067,7.6147
2.5802,8.8791,7.9437
-3.3352,9.1335,-8.9253
-8.2956,8.14,-9.0573
-3.2836,9.6051,-3.2366
-3.3352,9.1335,2.5844
-8.5558,8.8683,-3.3856
-8.2956,8.14,2.4524
-3.2836,9.6051,8.273
-8.5558,8.8683,8.124
9.5835,7.867,-9.3739
9.3933,8.473,-2.7632
9.5835,7.867,2.1358
9.3933,8.473,8.7464
-9.056,-8.1937,-10.82
-8.9273,-7.4823,-4.1038
-9.056,-8.1937,0.68925
-8.9273,-7.4823,7.4059
8.8485,-8.4737,-7.828
2.4457,-9.4191,-9.721
8.9666,-3.5799,-9.413
8.9065,-8.6138,-3.1604
8.8485,-8.4737,3.6816
8.2701,-3.8111,-3.2874
2.4457,-9.4191,1.7886
8.9666,-3.5799,2.0966
8.9065,-8.6138,8.3493
8.2701,-3.8111,8.2223
-1.7225,-9.4158,-8.6757
-8.4075,-2.6149,-8.4347
3.5631,-2.0527,-9.1817
-2.8065,3.1813,-8.0527
-3.8332,-2.9083,-9.7387
-9.2094,2.2359,-9.9457
2.9677,3.1077,-10.593
-2.6884,8.0752,-9.6377
-3.0618,-7.7994,-3.26
-7.6212,-2.6262,-3.816
2.7528,-1.3584,-3.447
-2.7485,3.0413,-3.385
-1.7225,-9.4158,2.834
-8.4075,-2.6149,3.075
3.5631,-2.0527,2.328
-2.8065,3.1813,3.457
-2.1595,-2.011,-4.132
2.967,-7.1998,-3.387
3.0964,3.8191,-3.876
-3.3849,7.8439,-3.512
-3.8332,-2.9083,1.771
-9.2094,2.2359,1.564
2.9677,3.1077,0.917
-2.6884,8.0752,1.872
-3.0618,-7.7994,8.2497
-7.6212,-2.6262,7.6937
2.7528,-1.3584,8.0627
-2.7485,3.0413,8.1247
-2.1595,-2.011,7.3777
2.967,-7.1998,8.1227
3.0964,3.8191,7.6337
-3.3849,7.8439,7.9977
-8.0919,9.6023,-9.4063
-8.9023,10.297,-3.6716
-8.0919,9.6023,2.1034
-8.688,4.4553,-3.6116
-8.9023,10.297,7.838
-8.688,4.4553,7.898
10.301,1.8856,-8.4479
3.6163,8.6866,-8.2069
8.1905,8.3931,-9.5109
8.962,3.502,-3.0322
4.4026,8.6752,-3.5882
10.301,1.8856,3.0618
3.6163,8.6866,3.3028
9.8643,9.2904,-3.9042
8.1905,8.3931,1.9988
8.962,3.502,8.4774
4.4026,8.6752,7.9214
9.8643,9.2904,7.6054
-0.6933,-12.22,-3.0721
-0.6933,-12.22,8.4375
-9.4386,-11.125,-12.299
-8.7767,-11.249,-6.7954
-2.796,-11.267,-11.273
-9.6436,-5.7506,-12.883
-2.3548,-11.163,-6.7654
-8.8064,-5.2345,-6.6974
-12.632,-8.4221,-12.781
-6.4666,-8.0141,-12.505
-12.179,-2.6295,-11.933
-6.077,-8.3486,-6.3074
-11.583,-2.8317,-6.4144
-6.5995,-10.714,-9.2844
-12.268,-5.6234,-9.1394
-11.103,-10.145,-9.1954
-9.4386,-11.125,-0.78975
-8.7767,-11.249,4.7142
-2.796,-11.267,0.23625
-9.6436,-5.7506,-1.3738
-2.3548,-11.163,4.7442
-8.8064,-5.2345,4.8122
-12.632,-8.4221,-1.2718
-12.523,-8.3302,-6.1808
-6.4666,-8.0141,-0.99575
-12.179,-2.6295,-0.42375
-6.077,-8.3486,5.2022
-11.583,-2.8317,5.0952
-6.5522,-11.238,-3.7248
-12.891,-5.1107,-3.6168
-6.5995,-10.714,2.2252
-12.268,-5.6234,2.3702
-12.261,-11.053,-3.7508
-12.348,-0.56543,-3.2968
-6.2623,-5.5074,-3.5808
-11.103,-10.145,2.3142
-9.4386,-11.125,10.72
-2.796,-11.267,11.746
-9.6436,-5.7506,10.136
-12.632,-8.4221,10.238
-12.523,-8.3302,5.3289
-6.4666,-8.0141,10.514
-12.179,-2.6295,11.086
-6.5522,-11.238,7.7849
-12.891,-5.1107,7.8929
-12.261,-11.053,7.7589
-12.348,-0.56543,8.2129
-6.2623,-5.5074,7.9289
2.9626,-12.472,-11.651
8.0848,-5.3017,-12.004
3.5799,-11.936,-5.882
8.7488,-11.87,-11.263
8.9617,-11.661,-6.776
11.047,-8.7757,-12.329
5.2585,-8.6965,-12.028
11.499,-2.9831,-11.481
6.1608,-8.6724,-5.983
12.096,-3.1853,-5.962
5.2006,-11.944,-8.729
11.41,-5.977,-8.687
6.2428,-5.9331,-8.746
12.576,-10.498,-8.743
0.74507,-11.835,-8.618
2.9626,-12.472,-0.14138
8.0848,-5.3017,-0.49438
3.5799,-11.936,5.6276
8.811,-5.8596,-5.7374
8.7488,-11.87,0.24662
8.9617,-11.661,4.7336
11.047,-8.7757,-0.81938
11.156,-8.6838,-5.7284
5.2585,-8.6965,-0.51838
11.499,-2.9831,0.028623
6.1608,-8.6724,5.5266
12.096,-3.1853,5.5476
6.0024,-11.972,-2.9634
10.787,-5.4643,-3.1644
5.2006,-11.944,2.7806
11.41,-5.977,2.8226
11.418,-11.407,-3.2984
11.33,-0.91902,-2.8444
6.2428,-5.9331,2.7636
12.576,-10.498,2.7666
0.74507,-11.835,2.8916
2.9626,-12.472,11.368
8.0848,-5.3017,11.015
8.811,-5.8596,5.7723
8.7488,-11.87,11.756
11.047,-8.7757,10.69
11.156,-8.6838,5.7813
5.2585,-8.6965,10.991
11.499,-2.9831,11.538
6.0024,-11.972,8.5463
10.787,-5.4643,8.3453
11.418,-11.407,8.2113
11.33,-0.91902,8.6653
-3.1763,-5.4348,-12.478
-8.6925,-0.81671,-11.876
2.5852,0.17678,-12.072
-3.5702,6.3534,-12.229
-2.7542,-6.161,-6.1157
-8.0752,-0.28143,-6.1067
3.247,0.052326,-6.5677
2.4763,-6.4375,-12.053
-2.9062,-0.21496,-11.488
9.2277,0.033941,-11.046
2.3801,5.5508,-12.656
3.2279,-5.7368,-6.0917
-2.6934,-0.006364,-7.0007
9.669,0.13859,-6.5377
3.2173,6.067,-6.4697
-0.17253,-8.7101,-11.638
-5.6576,-2.8588,-12.534
6.0698,-2.5173,-11.355
-0.60811,2.8793,-12.554
-4.908,-2.7881,-6.2707
6.0585,-2.3009,-6.4287
0.63357,-2.5569,-11.263
-6.3965,2.9585,-12.253
5.5572,3.2873,-12.278
-0.15556,8.672,-11.706
0.4681,-2.943,-6.4897
-5.4942,2.9826,-6.2077
5.9468,2.9529,-6.0797
0.44123,8.4697,-6.1867
0.049497,-6.8816,-8.5207
-6.4545,-0.2885,-8.9537
5.4242,0.58761,-9.0567
-0.24466,5.6781,-8.9117
-5.4122,5.7219,-8.9707
0.92065,1.1568,-8.9677
-10.91,-0.18031,-8.8427
-5.7933,-5.1046,-9.1487
-3.1763,-5.4348,-0.968
-8.6925,-0.81671,-0.366
2.5852,0.17678,-0.562
-3.5702,6.3534,-0.719
-2.7542,-6.161,5.394
-8.0752,-0.28143,5.403
3.247,0.052326,4.942
-2.844,5.7954,-5.962
2.4763,-6.4375,-0.543
-2.9062,-0.21496,0.022
9.2277,0.033941,0.464
2.3801,5.5508,-1.146
3.2279,-5.7368,5.418
-2.6934,-0.006364,4.509
9.669,0.13859,4.972
3.2173,6.067,5.04
-0.17253,-8.7101,-0.128
-5.6576,-2.8588,-1.024
6.0698,-2.5173,0.155
-0.60811,2.8793,-1.044
0.096167,-8.6465,-5.847
-4.908,-2.7881,5.239
6.0585,-2.3009,5.081
-0.49922,2.9713,-5.953
0.63357,-2.5569,0.247
-6.3965,2.9585,-0.743
5.5572,3.2873,-0.768
-0.15556,8.672,-0.196
0.4681,-2.943,5.02
-5.4942,2.9826,5.302
5.9468,2.9529,5.43
0.44123,8.4697,5.323
-0.26799,-6.1582,-3.162
-5.6526,-0.31678,-3.188
5.4716,0.06364,-3.497
-0.86762,6.1907,-3.389
0.049497,-6.8816,2.989
-6.4545,-0.2885,2.556
5.4242,0.58761,2.453
-0.24466,5.6781,2.598
5.7332,-4.872,-3.037
-0.23688,0.24819,-3.523
-0.32456,10.736,-3.069
5.7615,5.794,-3.353
-5.4122,5.7219,2.539
0.92065,1.1568,2.542
-10.91,-0.18031,2.667
-5.7933,-5.1046,2.361
-3.1763,-5.4348,10.542
-8.6925,-0.81671,11.144
2.5852,0.17678,10.948
-3.5702,6.3534,10.791
-2.844,5.7954,5.5477
2.4763,-6.4375,10.967
-2.9062,-0.21496,11.532
9.2277,0.033941,11.974
2.3801,5.5508,10.364
-0.17253,-8.7101,11.382
-5.6576,-2.8588,10.486
6.0698,-2.5173,11.665
-0.60811,2.8793,10.466
0.096167,-8.6465,5.6627
-0.49922,2.9713,5.5567
0.63357,-2.5569,11.757
-6.3965,2.9585,10.767
5.5572,3.2873,10.742
-0.15556,8.672,11.314
-0.26799,-6.1582,8.3477
-5.6526,-0.31678,8.3217
5.4716,0.06364,8.0127
-0.86762,6.1907,8.1207
5.7332,-4.872,8.4727
-0.23688,0.24819,7.9867
-0.32456,10.736,8.4407
5.7615,5.794,8.1567
-9.0698,11.832,-12.296
-8.408,11.707,-6.7923
-9.1787,5.2175,-12.277
-2.4273,11.689,-11.27
-8.4271,5.9183,-6.3163
-1.986,11.794,-6.7623
-11.828,2.9449,-11.862
-5.5852,9.1377,-11.579
-5.5965,9.3541,-6.6533
-11.021,9.0981,-11.487
-11.187,8.712,-6.7143
-11.606,4.7735,-8.7453
-6.2308,12.243,-9.2813
-10.734,12.812,-9.1923
-9.0698,11.832,-0.78662
-8.408,11.707,4.7174
-9.1787,5.2175,-0.76762
-2.4273,11.689,0.23938
-8.4271,5.9183,5.1934
-1.986,11.794,4.7474
-11.828,2.9449,-0.35262
-5.5852,9.1377,-0.069623
-11.559,3.0085,-6.0716
-5.5965,9.3541,4.8564
-11.021,9.0981,0.022377
-11.187,8.712,4.7954
-11.923,5.4968,-3.3866
-6.1834,11.719,-3.7216
-11.606,4.7735,2.7644
-6.2308,12.243,2.2284
-5.9218,6.7831,-3.2616
-11.892,11.903,-3.7476
-10.734,12.812,2.3174
-9.0698,11.832,10.723
-9.1787,5.2175,10.742
-2.4273,11.689,11.749
-11.828,2.9449,11.157
-5.5852,9.1377,11.44
-11.559,3.0085,5.438
-11.021,9.0981,11.532
-11.923,5.4968,8.123
-6.1834,11.719,7.788
-5.9218,6.7831,8.248
-11.892,11.903,7.762
12.769,-0.5339,-8.3903
12.769,-0.5339,3.1194
8.8474,5.8666,-12.25
3.3313,10.485,-11.648
9.2696,5.1404,-5.8879
3.9486,11.02,-5.8789
9.1176,11.086,-11.26
9.3304,11.295,-6.7729
11.851,2.5913,-11.41
6.3662,8.4426,-12.306
7.1157,8.5133,-6.0429
12.657,8.7445,-11.035
12.492,8.3585,-6.2619
12.073,4.4199,-8.2929
5.5693,11.013,-8.7259
12.944,12.458,-8.7399
1.1138,11.121,-8.6149
6.2304,6.1968,-8.9209
8.8474,5.8666,-0.74025
3.3313,10.485,-0.13825
9.2696,5.1404,5.6218
3.9486,11.02,5.6308
9.1176,11.086,0.24975
9.3304,11.295,4.7368
11.851,2.5913,0.099752
6.3662,8.4426,-0.79625
12.12,2.6549,-5.6192
7.1157,8.5133,5.4668
12.657,8.7445,0.47475
12.492,8.3585,5.2478
11.756,5.1432,-2.9342
6.3711,10.985,-2.9602
12.073,4.4199,3.2168
5.5693,11.013,2.7838
11.787,11.55,-3.2952
12.944,12.458,2.7698
1.1138,11.121,2.8948
6.2304,6.1968,2.5888
8.8474,5.8666,10.769
3.3313,10.485,11.371
9.1176,11.086,11.759
11.851,2.5913,11.609
6.3662,8.4426,10.713
12.12,2.6549,5.8904
12.657,8.7445,11.984
11.756,5.1432,8.5754
6.3711,10.985,8.5494
11.787,11.55,8.2144
0,0,0
0.081317,0.26799,4.842
-0.32527,5.5013,-0.504
-5.8315,0.014849,-0.428
-0.12374,-5.8754,-0.34
6.5535,0.29698,0.079
0.081317,0.26799,-6.6677
-5.3896,-0.011314,5.259
0.06364,-5.7205,5.428
0.22486,5.7049,5.534
-5.7346,-5.6328,-0.63
5.8336,-5.63,-0.43
-5.3896,-0.011314,-6.2507
0.22486,5.7049,-5.9757
6.4106,0.21355,5.215
0.06364,-5.7205,-6.0817
-5.8214,6.025,-0.65462
6.2891,5.6686,-0.40225
6.4106,0.21355,-6.2947
-5.9921,-5.5527,4.8892
-5.7516,5.6413,5.214
6.0316,5.7488,5.117
5.9034,-6.0137,5.4386
-5.7516,5.6413,-6.2957
5.9034,-6.0137,-6.071
6.0316,5.7488,-6.3927
-5.9921,-5.5527,-6.6204
0.54247,10.992,-0.015248
-11.481,-0.30901,-0.243
0,0,-11.51
0,0,11.51
0.17373,-11.964,-0.018377
12.197,-0.66259,0.20937
-5.4703,-11.004,-0.14875
-0.32527,5.5013,11.006
0.42579,11.053,-5.7252
0.42579,11.053,5.7844
-5.8315,0.014849,11.082
-0.12374,-5.8754,11.17
-11.598,-0.2489,5.5567
11.33,-6.1537,-0.27938
6.1922,11.316,-0.20025
-5.1016,11.952,-0.14562
5.8235,-11.64,-0.20338
-11.598,-0.2489,-5.953
11.9,5.4261,-0.11225
-11.779,5.7797,-0.56462
6.5535,0.29698,-11.431
0.057056,-11.904,-5.7284
-0.32527,5.5013,-12.014
-0.12374,-5.8754,-11.85
0.057056,-11.904,5.7813
-5.8315,0.014849,-11.938
12.081,-0.60249,-5.5006
6.5535,0.29698,11.589
-5.6131,-11.088,4.9872
12.081,-0.60249,6.009
-5.7346,-5.6328,10.88
-12.349,-5.8001,-0.73175
-5.8214,6.025,10.855
5.8336,-5.63,11.08
-5.2444,11.869,4.9904
6.2891,5.6686,11.107
-11.591,5.9345,5.2034
-5.6131,-11.088,-6.5224
-11.799,-5.5965,5.3062
6.6342,11.29,5.4868
6.2655,-11.666,5.4836
6.6342,11.29,-6.0229
5.8336,-5.63,-11.94
-11.799,-5.5965,-6.2034
12.087,5.5809,5.6558
-11.591,5.9345,-6.3063
11.88,-5.9501,-5.751
11.88,-5.9501,5.7586
-5.2444,11.869,-6.5193
12.087,5.5809,-5.8539
6.2655,-11.666,-6.026
-5.7346,-5.6328,-12.14
6.2891,5.6686,-11.912
-5.8214,6.025,-12.164
0.54247,10.992,11.494
0.54247,10.992,-11.525
-11.481,-0.30901,11.267
-11.481,-0.30901,-11.753
11.655,-11.655,0.22462
-11.655,11.655,-0.22462
-12.024,-11.301,-0.22775
12.024,11.301,0.22775
0.17373,-11.964,11.491
0.17373,-11.964,-11.528
12.197,-0.66259,-11.3
-5.4703,-11.004,11.361
-11.942,-11.033,4.6142
12.197,-0.66259,11.719
-5.4703,-11.004,-11.658
-11.779,5.7797,10.945
11.33,-6.1537,11.23
11.736,-11.387,5.0666
6.1922,11.316,11.309
5.8235,-11.64,11.306
-11.574,11.923,4.6174
-5.1016,11.952,11.364
11.9,5.4261,11.397
-12.349,-5.8001,10.778
6.1922,11.316,-11.71
-5.1016,11.952,-11.655
11.33,-6.1537,-11.789
12.105,11.569,5.0698
11.9,5.4261,-11.622
5.8235,-11.64,-11.713
11.736,-11.387,-6.443
-11.942,-11.033,-6.8954
-11.779,5.7797,-12.074
12.105,11.569,-6.4399
-11.574,11.923,-6.8923
-12.349,-5.8001,-12.241
11.655,-11.655,-11.285
-11.655,11.655,11.285
-12.024,-11.301,11.282
12.024,11.301,-11.282
11.655,-11.655,11.734
-11.655,11.655,-11.734
-12.024,-11.301,-11.737
12.024,11.301,11.737
