-9.708,-4.1077,-9.9844
-9.93,-10.397,-10.101
-3.5276,-10.188,-9.9674
-9.708,-4.1077,2.91
-8.8121,-9.5262,-3.613
-9.93,-10.397,2.793
-3.5276,-10.188,2.927
-8.8121,-9.5262,9.2814
-9.2808,8.6147,-10.362
-2.9168,2.5972,-10.081
3.4026,9.0029,-9.9844
-9.6994,2.2691,-10.126
-3.2972,-3.7272,-10.205
-3.1176,8.7929,-9.9634
3.1806,2.7139,-10.101
2.944,-3.6101,-10.362
9.3079,-9.6276,-10.081
9.583,2.9229,-9.9674
2.5254,-9.9556,-10.126
9.1071,-3.4319,-9.9634
-9.2808,8.6147,2.532
-2.9168,2.5972,2.813
3.4026,9.0029,2.91
-9.0361,-2.9295,-3.594
-2.1192,3.45,-3.541
-8.2774,9.5063,-3.542
-8.6288,3.2393,-3.711
-2.2634,-3.1813,-3.389
-2.361,9.6697,-3.709
4.2985,3.5843,-3.613
-9.6994,2.2691,2.768
-3.2972,-3.7272,2.689
-3.1176,8.7929,2.931
3.1806,2.7139,2.793
2.944,-3.6101,2.532
9.3079,-9.6276,2.813
9.583,2.9229,2.927
-2.6726,-9.3977,-3.479
10.106,-8.7748,-3.541
3.9474,-2.7184,-3.542
3.5959,-8.9855,-3.711
9.8637,-2.5551,-3.709
2.5254,-9.9556,2.768
9.1071,-3.4319,2.931
-9.0361,-2.9295,9.3004
-2.1192,3.45,9.3534
-8.2774,9.5063,9.3524
-8.6288,3.2393,9.1834
-2.2634,-3.1813,9.5054
-2.361,9.6697,9.1854
4.2985,3.5843,9.2814
-2.6726,-9.3977,9.4154
10.106,-8.7748,9.3534
3.9474,-2.7184,9.3524
3.5959,-8.9855,9.1834
9.8637,-2.5551,9.1854
9.8133,9.3834,-10.205
4.0744,10.181,-3.594
10.847,9.9293,-3.389
9.8133,9.3834,2.689
10.438,3.7128,-3.479
4.0744,10.181,9.3004
10.847,9.9293,9.5054
10.438,3.7128,9.4154
-8.5653,-9.8225,-9.9124
-9.7108,-4.2449,-3.366
-8.5653,-9.8225,2.982
-10.223,-10.023,-3.587
-3.1804,-10.798,-3.571
-9.7108,-4.2449,9.5284
-10.223,-10.023,9.3074
-3.1804,-10.798,9.3234
-8.639,9.9627,-10.277
-9.1061,-2.7407,-9.9784
-2.9967,-8.7922,-9.8834
-2.1871,3.894,-9.9134
3.5857,-2.262,-10.277
-8.3488,2.9013,-10.273
-1.9368,-3.1162,-10.275
-1.8434,9.5848,-9.8934
4.5453,3.288,-9.9124
10.038,-8.3307,-9.9134
3.8759,-9.3235,-10.273
10.381,-2.6399,-9.8934
-8.639,9.9627,2.617
-8.5772,8.0412,-3.591
-2.641,2.0584,-3.694
3.3998,8.8657,-3.366
-9.1061,-2.7407,2.916
-2.9967,-8.7922,3.011
-2.1871,3.894,2.981
3.5857,-2.262,2.617
-8.3488,2.9013,2.621
-1.9368,-3.1162,2.619
-1.8434,9.5848,3.001
4.5453,3.288,2.982
-9.8981,2.4537,-3.824
-3.7144,-3.5306,-3.498
-3.759,9.1768,-3.904
2.8878,3.0872,-3.587
3.6476,-4.1835,-3.591
9.5837,-10.166,-3.694
9.9302,2.3127,-3.571
10.038,-8.3307,2.981
3.8759,-9.3235,2.621
10.381,-2.6399,3.001
2.3267,-9.7711,-3.824
8.4658,-3.0479,-3.904
-8.5772,8.0412,9.3034
-2.641,2.0584,9.2004
3.3998,8.8657,9.5284
-9.8981,2.4537,9.0704
-3.7144,-3.5306,9.3964
-3.759,9.1768,8.9904
2.8878,3.0872,9.3074
3.6476,-4.1835,9.3034
9.5837,-10.166,9.2004
9.9302,2.3127,9.3234
2.3267,-9.7711,9.0704
8.4658,-3.0479,8.9904
4.0044,10.37,-9.9784
10.114,4.3184,-9.8834
11.174,9.9943,-10.275
4.0044,10.37,2.916
10.114,4.3184,3.011
11.174,9.9943,2.619
9.3961,9.58,-3.498
9.3961,9.58,9.3964
-11.675,-7.3745,-9.9024
-13.143,-12.42,-9.9294
-11.783,-3.8305,-7.0754
-5.6838,-9.8487,-7.0304
-9.8515,-12.363,-7.2094
-11.812,-3.6141,-12.708
-5.5919,-9.7355,-12.935
-13.15,-9.8013,-13.414
-9.3587,-7.5442,-13.537
-9.6224,-12.151,-13.08
-5.7754,-13.372,-10.134
-3.3812,-13.632,-13.593
-13.132,-6.323,-3.44
-7.0436,-12.521,-3.835
-11.675,-7.3745,2.992
-13.143,-12.42,2.965
-12.126,-14.039,-3.782
-12.014,-1.0933,-3.552
-13.398,-9.8989,-6.593
-11.783,-3.8305,5.819
-5.6838,-9.8487,5.864
-9.8515,-12.363,5.685
-9.2257,-7.3179,-6.523
-11.812,-3.6141,0.186
-5.5919,-9.7355,-0.041
-13.15,-9.8013,-0.52
-9.3587,-7.5442,-0.643
-9.6224,-12.151,-0.186
-5.7754,-13.372,2.76
0.21092,-13.318,-3.552
-3.2115,-13.469,-6.51
-3.3812,-13.632,-0.699
-13.132,-6.323,9.4544
-7.0436,-12.521,9.0594
-12.126,-14.039,9.1124
-12.014,-1.0933,9.3424
-13.398,-9.8989,6.3014
-9.2257,-7.3179,6.3714
-11.812,-3.6141,13.08
-5.5919,-9.7355,12.853
-13.15,-9.8013,12.374
-9.3587,-7.5442,12.251
-9.6224,-12.151,12.708
0.21092,-13.318,9.3424
-3.2115,-13.469,6.3844
-3.3812,-13.632,12.195
-12.257,12.915,-9.9294
-11.082,8.7415,-7.1984
-8.9657,12.972,-7.2094
-11.345,9.2266,-13.324
-8.7366,13.184,-13.08
-11.334,5.4666,-10.307
-5.3684,-0.69862,-9.8434
-4.8896,11.964,-10.134
1.4354,5.7361,-9.9024
-12.732,0.37618,-9.9704
-6.603,-5.8407,-9.8674
-6.3894,6.5634,-10.173
-0.032527,0.69014,-9.9294
-5.1378,2.8143,-7.3424
1.1427,-3.4832,-7.1984
1.3279,9.2801,-7.0754
7.4267,3.2619,-7.0304
-9.1146,0.27153,-7.2394
-3.0759,-5.7502,-7.1664
-2.5265,6.8596,-7.0364
3.2591,0.74741,-7.2094
-5.1421,2.8567,-13.085
0.87964,-2.9981,-13.324
1.2982,9.4964,-12.708
7.5187,3.375,-12.935
-12.811,2.8489,-13.557
-6.866,-3.3955,-13.736
-6.3265,9.1521,-13.565
-0.039598,3.3093,-13.414
-8.8169,5.0551,-13.517
-2.9939,-0.91499,-13.243
-2.4954,11.703,-13.593
3.7519,5.5663,-13.537
-9.3713,0.16617,-13.371
-3.0547,-5.886,-12.878
-2.6552,6.8483,-12.904
3.4882,0.95955,-13.08
0.89054,-6.7581,-10.307
6.8564,-12.923,-9.8434
7.3351,-0.26121,-10.134
13.66,-6.4887,-9.9024
-0.50741,-11.849,-9.9704
5.8353,-5.6614,-10.173
12.192,-11.535,-9.9294
7.0869,-9.4105,-7.3424
13.553,-2.9447,-7.0754
3.1101,-11.953,-7.2394
9.6983,-5.3651,-7.0364
7.0827,-9.368,-13.085
13.523,-2.7283,-12.708
-0.5859,-9.3758,-13.557
5.8983,-3.0727,-13.565
12.185,-8.9155,-13.414
3.4078,-7.1696,-13.517
9.2309,-13.14,-13.243
9.7294,-0.52143,-13.593
2.8535,-12.059,-13.371
9.5696,-5.3764,-12.904
-12.68,6.0022,-3.753
-6.1578,12.814,-3.835
-12.257,12.915,2.965
-11.24,11.296,-3.782
-11.082,8.7415,5.696
-8.9657,12.972,5.685
-11.345,9.2266,-0.43
-8.7366,13.184,-0.186
-6.417,0.28638,-3.522
-0.45538,-6.2225,-3.753
-0.02192,6.7875,-3.44
6.067,0.58973,-3.835
-11.334,5.4666,2.587
-5.3684,-0.69862,3.051
-4.8896,11.964,2.76
1.4354,5.7361,2.992
-12.732,0.37618,2.924
-6.603,-5.8407,3.027
-6.3894,6.5634,2.721
-0.032527,0.69014,2.965
-5.1322,5.3486,-3.711
0.985,-0.92843,-3.782
1.0967,12.017,-3.552
-5.5402,-7.2217,-3.562
-12.963,2.5449,-6.336
-6.9183,-3.52,-6.467
-6.4078,9.1528,-6.688
-0.28709,3.2117,-6.593
-5.1378,2.8143,5.552
1.1427,-3.4832,5.696
1.3279,9.2801,5.819
7.4267,3.2619,5.864
-9.1146,0.27153,5.655
-3.0759,-5.7502,5.728
-2.5265,6.8596,5.858
3.2591,0.74741,5.685
-8.7391,5.2969,-6.526
-2.7938,-1.4135,-6.532
-2.3257,11.866,-6.51
3.8848,5.7926,-6.523
-5.1421,2.8567,-0.191
0.87964,-2.9981,-0.43
1.2982,9.4964,0.186
7.5187,3.375,-0.041
-12.811,2.8489,-0.663
-6.866,-3.3955,-0.842
-6.3265,9.1521,-0.671
-0.039598,3.3093,-0.52
-8.8169,5.0551,-0.623
-2.9939,-0.915,-0.349
-2.4954,11.703,-0.699
3.7519,5.5663,-0.643
-9.3713,0.16617,-0.477
-3.0547,-5.886,0.016
-2.6552,6.8483,-0.01
3.4882,0.95954,-0.186
5.8078,-11.938,-3.522
12.203,-5.4372,-3.44
0.89054,-6.7581,2.587
6.8564,-12.923,3.051
7.3351,-0.26122,2.76
13.66,-6.4887,2.992
-0.50741,-11.849,2.924
5.8353,-5.6614,2.721
12.192,-11.535,2.965
7.0926,-6.8762,-3.711
13.21,-13.153,-3.782
13.321,-0.20748,-3.552
-0.73863,-9.6799,-6.336
5.817,-3.072,-6.688
11.938,-9.0131,-6.593
7.0869,-9.4105,5.552
13.553,-2.9447,5.819
3.1101,-11.953,5.655
9.6983,-5.3651,5.858
3.4856,-6.9278,-6.526
9.431,-13.638,-6.532
9.8991,-0.3588,-6.51
7.0827,-9.368,-0.191
13.523,-2.7283,0.186
-0.5859,-9.3758,-0.663
5.8983,-3.0727,-0.671
12.185,-8.9155,-0.52
3.4078,-7.1696,-0.623
9.2309,-13.14,-0.349
9.7294,-0.52143,-0.699
2.8535,-12.059,-0.477
9.5696,-5.3764,-0.01
-12.68,6.0022,9.1414
-6.1578,12.814,9.0594
-11.24,11.296,9.1124
-11.345,9.2266,12.464
-8.7366,13.184,12.708
-6.417,0.28638,9.3724
-0.45538,-6.2225,9.1414
-0.02192,6.7875,9.4544
6.067,0.58973,9.0594
-5.1322,5.3486,9.1834
0.985,-0.92843,9.1124
1.0967,12.017,9.3424
-5.5402,-7.2217,9.3324
-12.963,2.5449,6.5584
-6.9183,-3.52,6.4274
-6.4078,9.1528,6.2064
-0.28709,3.2117,6.3014
-8.7391,5.2969,6.3684
-2.7938,-1.4135,6.3624
-2.3257,11.866,6.3844
3.8848,5.7926,6.3714
-5.1421,2.8567,12.703
0.87964,-2.9981,12.464
1.2982,9.4964,13.08
7.5187,3.375,12.853
-12.811,2.8489,12.231
-6.866,-3.3955,12.052
-6.3265,9.1521,12.223
-0.039598,3.3093,12.374
-8.8169,5.0551,12.271
-2.9939,-0.915,12.545
-2.4954,11.703,12.195
3.7519,5.5663,12.251
-9.3713,0.16617,12.417
-3.0547,-5.886,12.91
-2.6552,6.8483,12.884
3.4882,0.95954,12.708
5.8078,-11.938,9.3724
12.203,-5.4372,9.4544
7.0926,-6.8762,9.1834
13.21,-13.153,9.1124
13.321,-0.20748,9.3424
-0.73863,-9.6799,6.5584
5.817,-3.072,6.2064
11.938,-9.0131,6.3014
3.4856,-6.9278,6.3684
9.431,-13.638,6.3624
9.8991,-0.3588,6.3844
7.0827,-9.368,12.703
13.523,-2.7283,13.08
-0.5859,-9.3758,12.231
5.8983,-3.0727,12.223
12.185,-8.9155,12.374
3.4078,-7.1697,12.271
9.2309,-13.14,12.545
9.7294,-0.52143,12.195
2.8535,-12.059,12.417
9.5696,-5.3764,12.884
7.7422,12.412,-9.8434
0.3784,13.487,-9.9704
6.5076,7.2699,-9.8674
13.078,13.801,-9.9294
14.253,9.6274,-7.1984
3.996,13.382,-7.2394
10.035,7.3604,-7.1664
13.99,10.112,-13.324
6.2446,9.715,-13.736
10.117,12.196,-13.243
3.7393,13.277,-13.371
10.056,7.2246,-12.878
14.001,6.3524,-10.307
12.603,1.262,-9.9704
12.525,3.7347,-13.557
6.6936,13.397,-3.522
12.655,6.888,-3.753
7.7422,12.412,3.051
0.3784,13.487,2.924
6.5076,7.2699,3.027
13.078,13.801,2.965
14.096,12.182,-3.782
7.5704,5.8889,-3.562
6.1922,9.5906,-6.467
14.253,9.6274,5.696
3.996,13.382,5.655
10.035,7.3604,5.728
10.317,11.697,-6.532
13.99,10.112,-0.43
6.2446,9.715,-0.842
10.117,12.196,-0.349
3.7393,13.277,-0.477
10.056,7.2246,0.016
14.001,6.3524,2.587
12.603,1.262,2.924
12.372,3.4307,-6.336
12.525,3.7347,-0.663
6.6936,13.397,9.3724
12.655,6.888,9.1414
14.096,12.182,9.1124
7.5704,5.8889,9.3324
6.1922,9.5906,6.4274
10.317,11.697,6.3624
13.99,10.112,12.464
6.2446,9.715,12.052
10.117,12.196,12.545
3.7393,13.277,12.417
10.056,7.2246,12.91
12.372,3.4307,6.5584
12.525,3.7347,12.231
0,0,0
-6.149,-0.089095,-0.447
0.22557,-0.63145,6.1324
0.29091,-6.2773,-0.437
0.72337,6.3039,-0.192
6.6249,0.27506,-0.209
0.22557,-0.63145,-6.762
-5.7962,6.0012,-0.158
6.2091,0.047376,5.975
-6.154,-0.49427,6.078
0.56144,6.1617,6.3574
6.4286,-6.2235,-0.158
-0.019506,-6.6499,6.008
0.56144,6.1617,-6.537
-6.2268,-6.5011,-0.021
-6.154,-0.49427,-6.8164
6.2091,0.047378,-6.9194
6.8838,6.6094,-0.021
-0.019506,-6.6499,-6.8864
-5.6286,5.8973,6.2474
-5.6286,5.8973,-6.647
6.5962,-6.3275,6.2474
-6.178,-6.6574,6.3724
-6.178,-6.6574,-6.522
6.5962,-6.3275,-6.647
6.9326,6.4531,6.3724
6.9326,6.4532,-6.522
-0.34133,-12.549,-0.046
-12.566,-0.32466,-0.046
12.769,0.56115,-0.046
0.54447,12.786,-0.046
5.583e-16,1.4142e-06,-12.894
-5.583e-16,-1.4142e-06,12.894
-11.934,5.9475,-0.437
-5.5999,12.5,-0.209
6.0758,-12.314,-0.447
0.74883,12.309,6.2874
-6.149,-0.089097,12.447
-12.362,-0.80195,6.2874
0.29091,-6.2773,12.457
0.74883,12.309,-6.607
-12.362,-0.80195,-6.607
-12.387,-6.8067,-0.192
0.72337,6.3039,12.702
12.948,-5.9209,-0.192
6.6249,0.27506,12.685
-6.4857,-12.835,-0.209
12.974,0.083851,6.2874
-0.13698,-13.027,6.2874
0.72337,6.3039,-13.086
12.974,0.083852,-6.607
-0.13698,-13.027,-6.607
6.6249,0.27507,-13.103
-6.149,-0.089094,-13.341
-12.244,5.5748,6.008
0.29091,-6.2773,-13.331
6.9616,13.021,-0.447
-6.0157,12.272,5.975
13.401,6.8333,-0.437
-12.244,5.5748,-6.8864
-5.7962,6.0012,12.736
-6.0157,12.272,-6.9194
6.0708,-12.719,6.078
-5.7962,6.0012,-13.052
12.786,-6.063,6.3574
6.4286,-6.2235,12.736
12.786,-6.063,-6.537
6.9566,12.616,6.078
6.0708,-12.719,-6.8164
-12.549,-6.9488,6.3574
-6.2268,-6.5011,12.873
-6.2268,-6.5011,-12.915
-12.549,-6.9488,-6.537
13.091,6.4606,6.008
6.4286,-6.2235,-13.052
-6.9015,-13.063,5.975
6.9566,12.616,-6.8164
6.8838,6.6094,12.873
6.8838,6.6094,-12.915
13.091,6.4606,-6.8864
-6.9015,-13.063,-6.9194
-12.225,12.225,-1.0586e-15
12.225,-12.225,1.0586e-15
-11.999,11.593,6.1324
-0.34133,-12.549,12.848
-12.566,-0.32466,12.848
-11.999,11.593,-6.762
-0.34133,-12.549,-12.94
-12.566,-0.32465,-12.94
12.769,0.56115,12.848
0.54447,12.786,12.848
12.769,0.56115,-12.94
0.54447,12.786,-12.94
-11.934,5.9475,12.457
6.0758,-12.314,12.447
-13.111,-13.111,0
13.111,13.111,0
-5.5999,12.5,12.685
-11.934,5.9475,-13.331
12.45,-12.856,6.1324
-5.5999,12.5,-13.103
-12.387,-6.8067,12.702
12.948,-5.9209,12.702
12.45,-12.856,-6.762
6.0758,-12.314,-13.341
-6.4857,-12.835,12.685
-12.387,-6.8067,-13.086
13.336,12.479,6.1324
6.9616,13.021,12.447
12.948,-5.9209,-13.086
-6.4857,-12.835,-13.103
13.336,12.479,-6.762
13.401,6.8333,12.457
-12.885,-13.742,6.1324
6.9616,13.021,-13.341
-12.885,-13.742,-6.762
13.401,6.8333,-13.331
12.225,-12.225,-12.894
-12.225,12.225,12.894
-12.225,12.225,-12.894
12.225,-12.225,12.894
-13.111,-13.111,-12.894
13.111,13.111,12.894
-13.111,-13.111,12.894
13.111,13.111,-12.894
