-9.6461,-9.5047,-8.7402
-8.7509,1.7313,-8.8502
-3.2701,-3.6024,-8.8652
-9.1624,-3.7969,-8.6472
-4.1257,-9.265,-8.6102
2.0859,-9.1056,-8.8502
-9.6461,-9.5047,2.828
-8.7509,1.7313,2.718
-3.2701,-3.6024,2.703
-8.6186,-8.2807,-2.895
-8.1498,-2.6217,-2.984
-2.6782,-8.2404,-3.18
-9.1624,-3.7969,2.921
-4.1257,-9.265,2.958
2.0859,-9.1056,2.718
-8.6186,-8.2807,8.6732
-8.1498,-2.6217,8.5842
-2.6782,-8.2404,8.3882
-8.8583,7.546,-8.7342
-3.0024,7.8149,-8.5442
2.4303,2.5717,-8.7402
8.8063,8.474,-8.8652
-3.4217,2.3186,-8.6982
1.9785,-3.2909,-8.7342
2.914,8.2795,-8.6472
7.9507,2.8115,-8.6102
7.8344,-3.0219,-8.5442
7.4151,-8.5182,-8.6982
-1.7915,9.1624,-2.699
-7.4618,8.6271,-2.846
-8.8583,7.546,2.834
-3.0024,7.8149,3.024
2.4303,2.5717,2.828
8.8063,8.474,2.703
-2.3179,-2.3603,-2.98
-7.8659,2.762,-3.118
3.4578,3.7957,-2.895
9.0453,-1.6744,-2.699
-1.8314,3.3474,-2.814
3.375,-2.2097,-2.846
3.9266,9.4547,-2.984
9.3982,3.8361,-3.18
-3.4217,2.3186,2.87
1.9785,-3.2909,2.834
2.914,8.2795,2.921
7.9507,2.8115,2.958
7.8344,-3.0219,3.024
2.971,-8.0749,-3.118
9.0054,-7.4894,-2.814
7.4151,-8.5182,2.87
-1.7915,9.1624,8.8692
-7.4618,8.6271,8.7222
-2.3179,-2.3603,8.5882
-7.8659,2.762,8.4502
3.4578,3.7957,8.6732
9.0453,-1.6744,8.8692
-1.8314,3.3474,8.7542
3.375,-2.2097,8.7222
3.9266,9.4547,8.5842
9.3982,3.8361,8.3882
2.971,-8.0749,8.4502
9.0054,-7.4894,8.7542
9.7585,9.7161,-2.98
9.7585,9.7161,8.5882
-8.7728,-8.299,-8.5822
-7.8635,-3.0933,-8.8682
-2.8006,-8.6144,-8.8722
-9.3943,-9.5485,-2.773
-8.567,1.4399,-3.126
-2.988,-3.6951,-2.926
-8.7728,-8.299,2.986
-7.8635,-3.0933,2.7
-2.8006,-8.6144,2.696
-9.4707,-3.3288,-2.972
-3.8372,-9.0924,-2.784
2.2698,-9.3969,-3.126
-9.3943,-9.5485,8.7952
-8.567,1.4399,8.4422
-2.988,-3.6951,8.6422
-9.4707,-3.3288,8.5962
-3.8372,-9.0924,8.7842
2.2698,-9.3969,8.4422
-8.3372,3.1456,-8.6442
-2.2964,9.1172,-8.6902
-7.5898,8.3238,-8.7832
-2.6022,-2.2698,-8.8242
2.4996,-7.6912,-8.6442
3.3036,3.7774,-8.5822
8.5404,-1.7197,-8.6902
-2.1305,3.071,-8.6522
3.247,-2.5131,-8.7832
4.2129,8.9831,-8.8682
9.2758,3.462,-8.8722
8.7063,-7.7659,-8.6522
-8.3372,3.1456,2.924
-2.2964,9.1172,2.878
-7.5898,8.3238,2.785
-8.6596,7.756,-3.06
-2.576,7.8991,-2.811
2.6821,2.5279,-2.773
9.0884,8.3813,-2.926
-2.6022,-2.2698,2.744
2.4996,-7.6912,2.924
3.3036,3.7774,2.986
8.5404,-1.7197,2.878
-2.1305,3.071,2.916
3.247,-2.5131,2.785
4.2129,8.9831,2.7
9.2758,3.462,2.696
-3.0816,2.6658,-3.285
2.1772,-3.0809,-3.06
2.6057,8.7476,-2.972
8.2392,2.984,-2.784
8.2608,-2.9377,-2.811
8.7063,-7.7659,2.916
7.7552,-8.171,-3.285
-8.6596,7.756,8.5082
-2.576,7.8991,8.7572
2.6821,2.5279,8.7952
9.0884,8.3813,8.6422
-3.0816,2.6658,8.2832
2.1772,-3.0809,8.5082
2.6057,8.7476,8.5962
8.2392,2.984,8.7842
8.2608,-2.9377,8.7572
7.7552,-8.171,8.2832
9.4742,9.8066,-8.8242
9.4742,9.8066,2.744
-11.609,5.2573,-8.9072
-10.993,2.1079,-6.0532
-10.737,2.3087,-11.351
-11.568,-12.425,-8.9282
-10.808,-1.0781,-8.7402
-5.6615,-6.5016,-8.7452
-0.77259,-5.5795,-8.9072
-12.239,-5.8411,-8.7552
-7.0439,-11.596,-8.6862
-11.52,-9.2925,-6.1362
-5.1658,-3.2015,-6.4012
-0.15599,-8.729,-6.0532
-8.9078,-5.5406,-5.8632
-3.4652,-11.347,-6.1542
-11.545,-9.0316,-11.327
-5.1948,-3.1725,-11.447
0.099983,-8.5282,-11.351
-11.978,-3.2524,-11.775
-6.6812,-8.8619,-11.84
-9.3406,-12.513,-11.863
-8.6858,-0.85251,-11.932
-2.93,-6.3184,-12.082
-8.7106,-5.6884,-11.234
-3.5904,-11.275,-11.163
0.02897,-11.915,-8.7402
2.151,-11.689,-11.932
-11.636,-0.35711,-3.054
-11.609,5.2573,2.661
-10.993,2.1079,5.515
-10.737,2.3087,0.217
-12.498,-11.628,-3.056
-6.4372,-5.6637,-2.997
-0.79946,-11.194,-3.054
-11.568,-12.425,2.64
-10.808,-1.0781,2.828
-5.6615,-6.5016,2.823
-0.77259,-5.5795,2.661
-12.239,-5.8411,2.813
-7.0439,-11.596,2.882
-11.172,-6.4726,-2.973
-5.7923,-12.2,-3.137
-12.096,-3.5148,-5.584
-6.5306,-8.6731,-5.536
-11.52,-9.2925,5.432
-5.1658,-3.2015,5.167
-0.15599,-8.729,5.515
-8.9078,-5.5406,5.705
-3.4652,-11.347,5.414
-9.1688,-12.303,-5.56
-8.2941,-0.96847,-5.713
-2.9738,-6.1007,-5.567
-11.545,-9.0316,0.241
-5.1948,-3.1725,0.121
0.099983,-8.5282,0.217
-11.978,-3.2524,-0.207
-6.6812,-8.8619,-0.272
-9.3406,-12.513,-0.295
-8.6858,-0.85251,-0.364
-2.93,-6.3184,-0.514
-8.7106,-5.6884,0.334
-3.5904,-11.275,0.405
0.02897,-11.915,2.828
2.5427,-11.805,-5.713
2.151,-11.689,-0.364
-11.636,-0.35711,8.5142
-10.737,2.3087,11.785
-12.498,-11.628,8.5122
-6.4372,-5.6637,8.5712
-0.79946,-11.194,8.5142
-11.172,-6.4726,8.5952
-5.7923,-12.2,8.4312
-12.096,-3.5148,5.9842
-6.5306,-8.6731,6.0322
-9.1688,-12.303,6.0082
-8.2941,-0.96847,5.8552
-2.9738,-6.1007,6.0012
-11.545,-9.0316,11.809
-5.1948,-3.1725,11.689
0.099983,-8.5282,11.785
-11.978,-3.2524,11.361
-6.6812,-8.8619,11.296
-9.3406,-12.513,11.273
-8.6858,-0.85251,11.204
-2.93,-6.3184,11.054
-8.7106,-5.6884,11.902
-3.5904,-11.275,11.973
2.5427,-11.805,5.8552
2.151,-11.689,11.204
-10.328,10.488,-8.9282
-5.8043,11.317,-8.6862
-4.8589,8.2856,-6.0962
-8.159,5.9401,-6.1442
-2.2257,11.567,-6.1542
-4.8582,8.3047,-11.273
-11.29,8.0204,-11.968
-8.101,10.401,-11.863
-8.1208,5.7619,-11.379
-2.3508,11.638,-11.163
-5.118,5.3768,-8.6882
0.50841,-0.3486,-8.9282
1.2685,10.998,-8.7402
6.4149,5.5748,-8.7452
-6.0585,0.29557,-8.9692
11.304,6.4969,-8.9072
-0.16263,6.2353,-8.7552
5.0325,0.48013,-8.6862
0.55649,2.7839,-6.1362
5.9779,-2.5512,-6.0962
6.9106,8.8749,-6.4012
11.92,3.3474,-6.0532
-2.8327,0.36487,-6.2172
2.6778,-4.8967,-6.1442
3.1685,6.5358,-5.8632
8.6111,0.72973,-6.1542
0.53174,3.0448,-11.327
5.9786,-2.5321,-11.273
6.8816,8.9039,-11.447
12.176,3.5483,-11.351
-5.9807,2.523,-12.078
-0.45326,-2.8164,-11.968
0.098288,8.824,-11.775
5.3952,3.2145,-11.84
-2.4947,5.193,-11.817
2.7358,-0.43628,-11.863
3.3906,11.224,-11.932
9.1464,5.758,-12.082
-2.9303,0.32527,-11.454
2.716,-5.0749,-11.379
3.3658,6.388,-11.234
8.486,0.80115,-11.163
5.7188,-5.46,-8.6882
11.345,-11.185,-8.9282
12.105,0.1615,-8.7402
4.7783,-10.541,-8.9692
10.674,-4.6016,-8.7552
11.393,-8.053,-6.1362
8.0041,-10.472,-6.2172
11.369,-7.792,-11.327
4.8561,-8.3139,-12.078
10.935,-2.0129,-11.775
8.3421,-5.6438,-11.817
7.9066,-10.512,-11.454
-11.258,11.285,-3.056
-5.5936,6.0264,-2.883
0.44012,11.719,-3.054
-10.328,10.488,2.64
-5.8043,11.317,2.882
-4.5528,10.713,-3.137
-10.37,4.6794,-2.986
-11.404,7.9434,-5.648
-4.8589,8.2856,5.472
-8.159,5.9401,5.424
-2.2257,11.567,5.414
-7.9292,10.611,-5.56
-4.8582,8.3047,0.295
-11.29,8.0204,-0.4
-8.101,10.401,-0.295
-8.1208,5.7619,0.189
-2.3508,11.638,0.405
-0.42144,0.44831,-3.056
5.2432,-4.8104,-2.883
5.6392,6.4128,-2.997
11.277,0.88247,-3.054
-5.118,5.3768,2.88
0.50841,-0.3486,2.64
1.2685,10.998,2.828
6.4149,5.5748,2.823
-6.0585,0.29557,2.599
11.304,6.4969,2.661
-0.16263,6.2353,2.813
5.0325,0.48013,2.882
0.90439,5.6038,-2.973
6.2841,-0.12374,-3.137
-5.2029,-0.56286,-3.189
0.46669,-6.1575,-2.986
-6.0048,2.6078,-5.716
-0.5671,-2.8935,-5.648
-0.019799,8.5616,-5.584
5.5458,3.4033,-5.536
0.55649,2.7839,5.432
5.9779,-2.5512,5.472
6.9106,8.8749,5.167
11.92,3.3474,5.515
-2.8327,0.36487,5.351
2.6778,-4.8967,5.424
3.1685,6.5358,5.705
8.6111,0.72973,5.414
-2.4508,5.4094,-5.653
2.9076,-0.22627,-5.56
3.7823,11.108,-5.713
9.1026,5.9758,-5.567
0.53174,3.0448,0.241
5.9786,-2.5321,0.295
6.8816,8.9039,0.121
12.176,3.5483,0.217
-5.9807,2.523,-0.51
-0.45326,-2.8164,-0.4
0.098288,8.824,-0.207
5.3952,3.2145,-0.272
-2.4947,5.193,-0.249
2.7358,-0.43628,-0.295
3.3906,11.224,-0.364
9.1464,5.758,-0.514
-2.9303,0.32527,0.114
2.716,-5.0749,0.189
3.3658,6.388,0.334
8.486,0.80115,0.405
10.415,-10.389,-3.056
5.7188,-5.46,2.88
11.345,-11.185,2.64
12.105,0.1615,2.828
4.7783,-10.541,2.599
10.674,-4.6016,2.813
11.741,-5.233,-2.973
5.6339,-11.4,-3.189
4.8321,-8.229,-5.716
10.817,-2.2752,-5.584
11.393,-8.053,5.432
8.0041,-10.472,5.351
8.386,-5.4275,-5.653
11.369,-7.792,0.241
4.8561,-8.3139,-0.51
10.935,-2.0129,-0.207
8.3421,-5.6438,-0.249
7.9066,-10.512,0.114
-11.258,11.285,8.5122
-5.5936,6.0264,8.6852
0.44012,11.719,8.5142
-4.5528,10.713,8.4312
-10.37,4.6794,8.5822
-11.404,7.9434,5.9202
-7.9292,10.611,6.0082
-4.8582,8.3047,11.863
-11.29,8.0204,11.168
-8.101,10.401,11.273
-8.1208,5.7619,11.757
-2.3508,11.638,11.973
-0.42144,0.44831,8.5122
5.2432,-4.8104,8.6852
5.6392,6.4128,8.5712
11.277,0.88247,8.5142
0.90439,5.6038,8.5952
6.2841,-0.12374,8.4312
-5.2029,-0.56286,8.3792
0.46669,-6.1575,8.5822
-6.0048,2.6078,5.8522
-0.5671,-2.8935,5.9202
-0.019799,8.5616,5.9842
5.5458,3.4033,6.0322
-2.4508,5.4094,5.9152
2.9076,-0.22627,6.0082
3.7823,11.108,5.8552
9.1026,5.9758,6.0012
0.53174,3.0448,11.809
5.9786,-2.5321,11.863
6.8816,8.9039,11.689
12.176,3.5483,11.785
-5.9807,2.523,11.058
-0.45326,-2.8164,11.168
0.098288,8.824,11.361
5.3952,3.2145,11.296
-2.4947,5.193,11.319
2.7358,-0.43628,11.273
3.3906,11.224,11.204
9.1464,5.758,11.054
-2.9303,0.32527,11.682
2.716,-5.0749,11.757
3.3658,6.388,11.902
8.486,0.80115,11.973
10.415,-10.389,8.5122
11.741,-5.233,8.5952
5.6339,-11.4,8.3792
4.8321,-8.229,5.8522
10.817,-2.2752,5.9842
8.386,-5.4275,5.9152
11.369,-7.792,11.809
4.8561,-8.3139,11.058
10.935,-2.0129,11.361
8.3421,-5.6438,11.319
7.9066,-10.512,11.682
12.585,11.728,-8.9282
6.0179,12.372,-8.9692
9.2437,12.441,-6.2172
11.623,9.26,-11.968
9.1461,12.402,-11.454
11.655,12.525,-3.056
12.585,11.728,2.64
6.0179,12.372,2.599
6.8735,11.514,-3.189
12.543,5.9189,-2.986
11.509,9.1829,-5.648
9.2437,12.441,5.351
11.623,9.26,-0.4
9.1461,12.402,0.114
11.655,12.525,8.5122
6.8735,11.514,8.3792
12.543,5.9189,8.5822
11.509,9.1829,5.9202
11.623,9.26,11.168
9.1461,12.402,11.682
0,0,0
-5.5635,-0.30971,-0.198
-0.23476,-5.6611,0.031
5.712,0.26729,0.145
0.067882,0.087681,5.742
0.067882,0.087681,-5.8262
0.22698,5.8471,0.058
5.4723,-5.3111,0.052
-5.3645,5.5258,0.052
-5.6165,-0.25809,5.643
-0.16617,-5.7551,-5.617
5.6816,0.29062,-5.732
5.6816,0.29062,5.8362
-5.6165,-0.25809,-5.9252
-0.16617,-5.7551,5.9512
0.44618,5.98,5.738
0.44618,5.98,-5.8302
-5.9677,-5.9748,0.007
6.1087,6.1016,0.007
-5.3415,5.4589,5.7832
-5.3415,5.4589,-5.785
5.4953,-5.378,5.7832
5.4953,-5.378,-5.785
-5.9422,-5.856,-5.751
-5.9422,-5.856,5.8172
6.1342,6.2204,-5.751
6.1342,6.2204,5.8172
-0.61137,-11.239,0.097
-11.448,-0.40236,0.097
11.465,0.83721,0.097
5.0088e-16,-5.0088e-16,-11.568
-5.0088e-16,5.0088e-16,11.568
0.62821,11.674,0.097
11.064,-4.9898,0.058
-11.072,5.1757,0.031
-5.1248,11.104,0.145
5.2733,-11.147,-0.198
-5.5635,-0.30971,11.37
11.404,0.66609,5.656
-0.67218,-11.41,5.656
5.712,0.26729,-11.423
0.5674,11.503,5.656
-11.509,-0.57348,5.656
-0.23476,-5.6611,-11.537
11.404,0.66609,-5.9122
-0.67218,-11.41,-5.9122
-0.23476,-5.6611,11.599
0.22698,5.8471,-11.51
0.5674,11.503,-5.9122
-11.509,-0.57348,-5.9122
0.22698,5.8471,11.626
-5.5635,-0.30971,-11.766
5.712,0.26729,11.713
-11.003,5.0817,-5.617
-11.849,-6.2293,0.058
-6.3644,-11.809,0.145
6.5129,11.767,-0.198
11.842,6.4153,0.031
5.2203,-11.095,5.643
-11.003,5.0817,5.9512
-5.1552,11.127,-5.732
11.283,-4.8568,5.738
-5.1552,11.127,5.8362
11.283,-4.8568,-5.8302
5.2203,-11.095,-5.9252
5.4723,-5.3111,-11.516
-5.3645,5.5258,-11.516
5.4723,-5.3111,11.62
-5.3645,5.5258,11.62
-5.9677,-5.9748,-11.561
-5.9677,-5.9748,11.575
-11.63,-6.0964,5.738
-11.63,-6.0964,-5.8302
6.1087,6.1016,-11.561
6.1087,6.1016,11.575
-6.3948,-11.786,-5.732
6.4598,11.818,5.643
11.91,6.3213,-5.617
-6.3948,-11.786,5.8362
6.4598,11.818,-5.9252
11.91,6.3213,5.9512
10.837,-10.837,9.3842e-16
-10.837,10.837,-9.3842e-16
-0.61137,-11.239,-11.471
-0.61137,-11.239,11.665
-11.448,-0.40236,-11.471
11.465,0.83721,-11.471
-11.448,-0.40236,11.665
10.905,-10.749,5.742
11.465,0.83721,11.665
0.62821,11.674,-11.471
-10.769,10.925,5.742
10.905,-10.749,-5.8262
-10.769,10.925,-5.8262
0.62821,11.674,11.665
11.064,-4.9898,-11.51
-5.1248,11.104,-11.423
5.2733,-11.147,11.37
11.064,-4.9898,11.626
-11.072,5.1757,-11.537
-11.072,5.1757,11.599
-5.1248,11.104,11.713
5.2733,-11.147,-11.766
-12.076,-12.076,7.9602e-22
12.076,12.076,-7.9602e-22
6.5129,11.767,11.37
-6.3644,-11.809,-11.423
-11.849,-6.2293,-11.51
-11.849,-6.2293,11.626
11.842,6.4153,-11.537
11.842,6.4153,11.599
-6.3644,-11.809,11.713
6.5129,11.767,-11.766
-12.009,-11.989,5.742
-12.009,-11.989,-5.8262
12.144,12.164,5.742
12.144,12.164,-5.8262
-10.837,10.837,-11.568
10.837,-10.837,-11.568
-10.837,10.837,11.568
10.837,-10.837,11.568
-12.076,-12.076,-11.568
-12.076,-12.076,11.568
12.076,12.076,-11.568
12.076,12.076,11.568
