-4.0034,-9.284,-8.5762
-9.2727,-3.8323,-8.5922
-9.7698,-9.6864,-8.7432
-4.0034,-9.284,2.992
-9.2727,-3.8323,2.976
-8.5571,-8.8555,-2.969
-9.7698,-9.6864,2.825
-8.5571,-8.8555,8.5992
-8.7318,7.6004,-8.4832
2.1051,-3.2364,-8.4832
-3.1898,1.8095,-8.4422
8.073,2.7924,-8.5762
2.8037,8.2442,-8.5922
-8.9916,1.871,-8.5182
-3.7378,-3.6416,-8.4702
-3.0229,7.6162,-8.4622
2.3066,2.39,-8.7432
7.6471,-9.0274,-8.4422
1.8452,-8.9658,-8.5182
7.8139,-3.2206,-8.4622
-8.7318,7.6004,3.085
2.1051,-3.2364,3.085
-3.1898,1.8095,3.126
8.073,2.7924,2.992
2.8037,8.2442,2.976
-8.4796,-2.7337,-2.654
-2.7584,-8.0943,-2.713
-2.3469,3.269,-2.831
-7.4621,8.3163,-2.562
-8.0469,2.9204,-2.672
-2.4961,-2.5512,-2.848
-1.69,8.9817,-2.58
3.5193,3.2209,-2.969
-8.9916,1.871,3.05
-3.7378,-3.6416,3.098
-3.0229,7.6162,3.106
2.3066,2.39,2.825
7.6471,-9.0274,3.126
8.4899,-7.5679,-2.831
3.3747,-2.5206,-2.562
2.7899,-7.9165,-2.672
9.1468,-1.8552,-2.58
1.8452,-8.9658,3.05
7.8139,-3.2206,3.106
-8.4796,-2.7337,8.9142
-2.7584,-8.0943,8.8552
-2.3469,3.269,8.7372
-7.4621,8.3163,9.0062
-8.0469,2.9204,8.8962
-2.4961,-2.5512,8.7202
-1.69,8.9817,8.9882
3.5193,3.2209,8.5992
8.4899,-7.5679,8.7372
3.3747,-2.5206,9.0062
2.7899,-7.9165,8.8962
9.1468,-1.8552,8.9882
8.3386,8.4348,-8.4702
3.5968,9.3427,-2.654
9.318,3.9822,-2.713
9.5803,9.5252,-2.848
8.3386,8.4348,3.098
3.5968,9.3427,8.9142
9.318,3.9822,8.8552
9.5803,9.5252,8.7202
-8.5225,-8.8676,-8.6202
-9.3625,-3.9433,-2.747
-8.5225,-8.8676,2.948
-9.7741,-9.6949,-2.765
-3.595,-9.3234,-2.536
-9.3625,-3.9433,8.8212
-9.7741,-9.6949,8.8032
-3.595,-9.3234,9.0322
-8.0084,8.9093,-8.4482
-8.7497,-2.4367,-8.5132
-3.3305,-7.9507,-8.5722
-2.5251,3.1502,-8.5482
2.8284,-1.9276,-8.4482
-7.6488,2.5222,-8.4762
-2.3709,-3.0427,-8.6072
-1.7543,8.3898,-8.6342
3.5539,3.2089,-8.6202
8.3117,-7.6867,-8.5482
3.188,-8.3146,-8.4762
9.0825,-2.447,-8.6342
-8.0084,8.9093,3.12
-8.5093,7.2634,-2.719
-2.8935,1.8936,-2.597
2.7139,8.1331,-2.747
-8.7497,-2.4367,3.055
-3.3305,-7.9507,2.996
-2.5251,3.1502,3.02
2.8284,-1.9276,3.12
-7.6488,2.5222,3.092
-2.3709,-3.0427,2.961
-1.7543,8.3898,2.934
3.5539,3.2089,2.948
-9.3267,2.151,-2.588
-3.8064,-3.2605,-2.706
-3.0038,8.2661,-2.63
2.3023,2.3815,-2.765
2.3275,-3.5734,-2.719
7.9433,-8.9432,-2.597
8.4814,2.753,-2.536
8.3117,-7.6867,3.02
3.188,-8.3146,3.092
9.0825,-2.447,2.934
1.5101,-8.6858,-2.588
7.833,-2.5708,-2.63
-8.5093,7.2634,8.8492
-2.8935,1.8936,8.9712
2.7139,8.1331,8.8212
-9.3267,2.151,8.9802
-3.8064,-3.2605,8.8622
-3.0038,8.2661,8.9382
2.3023,2.3815,8.8032
2.3275,-3.5734,8.8492
7.9433,-8.9432,8.9712
8.4814,2.753,9.0322
1.5101,-8.6858,8.9802
7.833,-2.5708,8.9382
3.3267,9.6397,-8.5132
8.7459,4.1257,-8.5722
9.7055,9.0337,-8.6072
3.3267,9.6397,3.055
8.7459,4.1257,2.996
9.7055,9.0337,2.961
8.27,8.8159,-2.706
8.27,8.8159,8.8622
-11.487,-6.8933,-8.5412
-12.113,-0.12772,-8.5272
-6.5878,-5.7351,-8.3092
-12.588,-11.799,-8.4532
-11.216,-3.6102,-6.0522
-5.752,-9.1957,-5.8772
-9.2586,-11.485,-6.0302
-11.01,-3.42,-11.141
-5.7803,-9.0684,-11.126
-12.325,-9.0479,-11.899
-8.8909,-6.9817,-11.8
-9.3668,-11.651,-11.152
-5.8054,-12.47,-8.5912
-1.2763,-10.965,-8.5272
-3.4472,-12.096,-11.477
-12.052,-5.8114,-2.782
-6.836,-11.557,-2.863
-11.487,-6.8933,3.027
-12.113,-0.12772,3.041
-6.5878,-5.7351,3.259
-12.588,-11.799,3.115
-11.627,-12.805,-2.615
-5.839,-6.6522,-2.627
-12.653,-9.2904,-5.34
-11.216,-3.6102,5.516
-5.752,-9.1957,5.691
-9.2586,-11.485,5.538
-8.9616,-6.4047,-5.092
-11.01,-3.42,0.427
-5.7803,-9.0684,0.442
-12.325,-9.0479,-0.331
-8.8909,-6.9817,-0.232
-9.3668,-11.651,0.416
-5.8054,-12.47,2.977
-1.2763,-10.965,3.041
-3.4175,-12.242,-5.319
-3.4472,-12.096,0.091
-12.052,-5.8114,8.7862
-6.836,-11.557,8.7052
-11.627,-12.805,8.9532
-5.839,-6.6522,8.9412
-12.653,-9.2904,6.2282
-8.9616,-6.4047,6.4762
-11.01,-3.42,11.995
-5.7803,-9.0684,12.01
-12.325,-9.0479,11.237
-8.8909,-6.9817,11.336
-9.3668,-11.651,11.984
-3.4175,-12.242,6.2492
-3.4472,-12.096,11.659
-11.348,11.115,-8.4532
-10.594,7.9412,-5.8062
-8.019,11.429,-6.0302
-10.598,7.983,-11.043
-8.1272,11.263,-11.152
-10.732,4.5417,-8.6422
-5.3775,-0.98076,-8.8062
-4.5658,10.443,-8.5912
0.58973,5.1831,-8.5412
-0.03677,11.949,-8.5272
5.4886,6.3413,-8.3092
-5.9383,5.9878,-8.2822
-0.51124,0.27789,-8.4532
-4.8621,2.2981,-5.8372
0.24254,-2.8956,-5.8062
0.86055,8.4662,-6.0522
6.3244,2.8808,-5.8772
-8.7137,0.24254,-5.7972
-3.2138,-5.2771,-5.7202
-2.6128,5.939,-5.7142
2.8178,0.59185,-6.0302
-5.1074,2.3469,-10.902
0.239,-2.8539,-11.043
1.0663,8.6564,-11.141
6.2961,3.008,-11.126
-11.915,2.3497,-11.672
-6.5209,-3.3135,-11.728
-5.6915,8.0872,-11.663
-0.24819,3.0285,-11.899
-8.2731,4.8211,-11.607
-2.873,-0.92985,-11.657
-2.2076,10.817,-11.477
3.1855,5.0947,-11.8
-8.614,0.077782,-11.101
-3.1997,-5.6703,-11.16
-2.4883,6.0578,-11.175
2.7096,0.42568,-11.152
0.10506,-6.2951,-8.6422
5.4593,-11.818,-8.8062
6.271,-0.39358,-8.5912
11.427,-5.6537,-8.5412
10.8,1.1119,-8.5272
4.8985,-4.8491,-8.2822
10.326,-10.559,-8.4532
5.9747,-8.5387,-5.8372
11.697,-2.3706,-6.0522
2.1231,-10.594,-5.7972
8.2241,-4.8978,-5.7142
5.7294,-8.49,-10.902
11.903,-2.1804,-11.141
-1.0786,-8.4871,-11.672
5.1453,-2.7497,-11.663
10.589,-7.8083,-11.899
2.5637,-6.0158,-11.607
7.9638,-11.767,-11.657
8.6292,-0.019519,-11.477
2.2228,-10.759,-11.101
8.3485,-4.7791,-11.175
-11.689,5.3829,-2.824
-5.5964,11.357,-2.863
-11.348,11.115,3.115
-10.387,10.109,-2.615
-10.594,7.9412,5.762
-8.019,11.429,5.538
-10.598,7.983,0.525
-8.1272,11.263,0.416
-6.2013,0.18243,-2.974
-0.85206,-5.4539,-2.824
0.024042,6.265,-2.782
5.2404,0.51972,-2.863
-10.732,4.5417,2.926
-5.3775,-0.98076,2.762
-4.5658,10.443,2.977
0.58973,5.1831,3.027
-0.03677,11.949,3.041
5.4886,6.3413,3.259
-5.9383,5.9878,3.286
-0.51124,0.27789,3.115
-5.1534,4.9752,-2.586
0.44972,-0.72832,-2.615
-11.079,-0.89378,-2.759
6.2374,5.4242,-2.627
-11.681,2.3101,-5.302
-6.5054,-3.3998,-5.25
-5.8683,8.1296,-5.343
-0.577,2.786,-5.34
-4.8621,2.2981,5.731
0.24254,-2.8956,5.762
0.86055,8.4662,5.516
6.3244,2.8808,5.691
-8.7137,0.24254,5.771
-3.2138,-5.2771,5.848
-2.6128,5.939,5.854
2.8178,0.59185,5.538
-8.334,4.7546,-5.447
-2.9239,-0.72054,-5.465
-2.1779,10.672,-5.319
3.1148,5.6717,-5.092
-5.1074,2.3469,0.666
0.239,-2.8539,0.525
1.0663,8.6564,0.427
6.2961,3.008,0.442
-11.915,2.3497,-0.104
-6.5209,-3.3135,-0.16
-5.6915,8.0872,-0.095
-0.24819,3.0285,-0.331
-8.2731,4.8211,-0.039
-2.873,-0.92985,-0.089
-2.2076,10.817,0.091
3.1855,5.0947,-0.232
-8.614,0.077782,0.467
-3.1997,-5.6703,0.408
-2.4883,6.0578,0.393
2.7096,0.42568,0.416
4.6355,-10.654,-2.974
10.861,-4.5719,-2.782
0.10506,-6.2951,2.926
5.4593,-11.818,2.762
6.271,-0.39358,2.977
11.427,-5.6537,3.027
10.8,1.1119,3.041
4.8985,-4.8491,3.286
10.326,-10.559,3.115
5.6834,-5.8616,-2.586
11.287,-11.565,-2.615
-0.24213,-11.731,-2.759
-0.84388,-8.5267,-5.302
4.9685,-2.7072,-5.343
10.26,-8.0508,-5.34
5.9747,-8.5387,5.731
11.697,-2.3706,5.516
2.1231,-10.594,5.771
8.2241,-4.8978,5.854
2.5029,-6.0823,-5.447
7.9129,-11.557,-5.465
8.6589,-0.16518,-5.319
5.7294,-8.49,0.666
11.903,-2.1804,0.427
-1.0786,-8.4871,-0.104
5.1453,-2.7497,-0.095
10.589,-7.8083,-0.331
2.5637,-6.0158,-0.039
7.9638,-11.767,-0.089
8.6292,-0.019519,0.091
2.2228,-10.759,0.467
8.3485,-4.7791,0.393
-11.689,5.3829,8.7442
-5.5964,11.357,8.7052
-10.387,10.109,8.9532
-10.598,7.983,12.093
-8.1272,11.263,11.984
-6.2013,0.18243,8.5942
-0.85206,-5.4539,8.7442
0.024042,6.265,8.7862
5.2404,0.51972,8.7052
-5.1534,4.9752,8.9822
0.44972,-0.72832,8.9532
-11.079,-0.89378,8.8092
6.2374,5.4242,8.9412
-11.681,2.3101,6.2662
-6.5054,-3.3998,6.3182
-5.8683,8.1296,6.2252
-0.577,2.786,6.2282
-8.334,4.7546,6.1212
-2.9239,-0.72054,6.1032
-2.1779,10.672,6.2492
3.1148,5.6717,6.4762
-5.1074,2.3469,12.234
0.239,-2.8539,12.093
1.0663,8.6564,11.995
6.2961,3.008,12.01
-11.915,2.3497,11.464
-6.5209,-3.3135,11.408
-5.6915,8.0872,11.473
-0.24819,3.0285,11.237
-8.2731,4.8211,11.529
-2.873,-0.92985,11.479
-2.2076,10.817,11.659
3.1855,5.0947,11.336
-8.614,0.077782,12.035
-3.1997,-5.6703,11.976
-2.4883,6.0578,11.961
2.7096,0.42568,11.984
4.6355,-10.654,8.5942
10.861,-4.5719,8.7862
5.6834,-5.8616,8.9822
11.287,-11.565,8.9532
-0.24213,-11.731,8.8092
-0.84388,-8.5267,6.2662
4.9685,-2.7072,6.2252
10.26,-8.0508,6.2282
2.5029,-6.0823,6.1212
7.9129,-11.557,6.1032
8.6589,-0.16518,6.2492
5.7294,-8.49,12.234
11.903,-2.1804,11.995
-1.0786,-8.4871,11.464
5.1453,-2.7497,11.473
10.589,-7.8083,11.237
2.5637,-6.0158,11.529
7.9638,-11.767,11.479
8.6292,-0.019519,11.659
2.2228,-10.759,12.035
8.3485,-4.7791,11.961
6.6988,11.096,-8.8062
11.565,12.354,-8.4532
12.319,9.1808,-5.8062
3.3627,12.319,-5.7972
8.8626,6.7993,-5.7202
12.315,9.2225,-11.043
5.5555,8.7629,-11.728
9.2034,11.147,-11.657
3.4624,12.154,-11.101
8.8767,6.4061,-11.16
12.181,5.7813,-8.6422
10.998,3.5893,-11.672
5.8751,12.259,-2.974
11.224,6.6225,-2.824
6.6988,11.096,2.762
11.565,12.354,3.115
12.526,11.348,-2.615
0.99745,11.183,-2.759
5.571,8.6766,-5.25
12.319,9.1808,5.762
3.3627,12.319,5.771
8.8626,6.7993,5.848
9.1525,11.356,-5.465
12.315,9.2225,0.525
5.5555,8.7629,-0.16
9.2034,11.147,-0.089
3.4624,12.154,0.467
8.8767,6.4061,0.408
12.181,5.7813,2.926
11.834,0.34579,-2.759
11.233,3.5497,-5.302
10.998,3.5893,-0.104
5.8751,12.259,8.5942
11.224,6.6225,8.7442
12.526,11.348,8.9532
0.99745,11.183,8.8092
5.571,8.6766,6.3182
9.1525,11.356,6.1032
12.315,9.2225,12.093
5.5555,8.7629,11.408
9.2034,11.147,11.479
3.4624,12.154,12.035
8.8767,6.4061,11.976
11.834,0.34579,8.8092
11.233,3.5497,6.2662
10.998,3.5893,11.464
0,0,0
-5.6448,-0.507,0.149
-0.19587,-0.074246,-5.7082
-0.29698,-5.7205,0.203
0.38254,5.7537,0.008
-0.19587,-0.074246,5.86
5.9012,0.1615,0.276
-5.2701,5.2517,0.164
5.5667,-5.5852,0.164
5.5805,0.18243,-5.6232
-5.8131,-0.30335,-5.549
0.25527,5.7396,-5.6632
-0.47235,-5.8138,-5.6092
5.5805,0.18243,5.945
0.25527,5.7396,5.905
-0.47235,-5.8138,5.959
-5.8131,-0.30335,6.0192
6.0203,5.9029,0.111
-6.0561,-6.1735,0.111
5.2146,-5.4268,-5.588
-5.6222,5.4101,-5.588
5.2146,-5.4268,5.9802
-5.6222,5.4101,5.9802
5.9503,6.0012,-5.488
-6.1261,-6.0752,-5.488
5.9503,6.0012,6.0802
-6.1261,-6.0752,6.0802
-11.308,-0.55579,0.423
-0.47124,-11.393,0.423
0.76834,11.521,0.423
5.0088e-16,-5.0088e-16,-11.568
-5.0088e-16,5.0088e-16,11.568
11.605,0.68379,0.423
-4.9356,10.998,0.276
-11.134,5.1163,0.203
11.219,-5.0831,0.008
5.192,-11.344,0.149
-11.439,-0.61023,-5.452
-0.60205,-11.447,-5.452
0.63753,11.466,-5.452
11.474,0.62934,-5.452
-0.29698,-5.7205,-11.365
5.9012,0.1615,-11.292
-5.6448,-0.507,-11.419
0.38254,5.7537,-11.56
0.38254,5.7537,11.576
-11.439,-0.61023,6.1162
-0.60205,-11.447,6.1162
0.63753,11.466,6.1162
-5.6448,-0.507,11.717
11.474,0.62934,6.1162
-0.29698,-5.7205,11.771
5.9012,0.1615,11.844
6.4316,11.569,0.149
-11.694,-6.3227,0.008
11.779,6.3559,0.203
5.0237,-11.14,-5.549
-6.1752,-11.915,0.276
-5.2563,11.019,-5.6232
11.092,-5.0973,-5.6632
11.092,-5.0973,5.905
-5.2563,11.019,5.945
-11.309,5.023,-5.6092
-5.2701,5.2517,-11.404
5.0237,-11.14,6.0192
-11.309,5.023,5.959
5.5667,-5.5852,-11.404
-5.2701,5.2517,11.732
5.5667,-5.5852,11.732
6.0203,5.9029,-11.457
11.604,6.2626,-5.6092
-6.0561,-6.1735,-11.457
6.0203,5.9029,11.679
6.2633,11.773,-5.549
11.604,6.2626,5.959
-6.0561,-6.1735,11.679
-11.821,-6.3368,-5.6632
6.2633,11.773,6.0192
-11.821,-6.3368,5.905
-6.4959,-11.894,-5.6232
-6.4959,-11.894,5.945
-10.837,10.837,-9.3842e-16
10.837,-10.837,9.3842e-16
-11.308,-0.55579,-11.145
-0.47124,-11.393,-11.145
0.76834,11.521,-11.145
11.605,0.68379,-11.145
10.641,-10.911,-5.7082
10.641,-10.911,5.86
-11.033,10.763,-5.7082
-11.033,10.763,5.86
-11.308,-0.55579,11.991
-4.9356,10.998,-11.292
-0.47124,-11.393,11.991
0.76834,11.521,11.991
11.605,0.68379,11.991
-11.134,5.1163,-11.365
11.219,-5.0831,-11.56
-4.9356,10.998,11.844
11.219,-5.0831,11.576
5.192,-11.344,-11.419
-11.134,5.1163,11.771
-12.076,-12.076,7.9602e-22
12.076,12.076,-7.9602e-22
5.192,-11.344,11.717
6.4316,11.569,-11.419
-6.1752,-11.915,-11.292
11.779,6.3559,-11.365
-11.694,-6.3227,-11.56
-11.694,-6.3227,11.576
6.4316,11.569,11.717
11.779,6.3559,11.771
11.881,12.002,-5.7082
11.881,12.002,5.86
-6.1752,-11.915,11.844
-12.272,-12.151,-5.7082
-12.272,-12.151,5.86
-10.837,10.837,-11.568
10.837,-10.837,-11.568
-10.837,10.837,11.568
10.837,-10.837,11.568
-12.076,-12.076,-11.568
-12.076,-12.076,11.568
12.076,12.076,-11.568
12.076,12.076,11.568
