-9.2472,2.0702,-8.9088
-9.7446,-10.218,-9.0628
2.1624,-9.3394,-8.9088
-3.3735,-3.836,-9.0958
-9.4483,-3.9725,-9.0318
-3.5807,-9.4596,-8.7798
-9.2472,2.0702,3.194
-9.7446,-10.218,3.04
2.1624,-9.3394,3.194
-3.3735,-3.836,3.007
-8.9222,-8.8233,-3.141
-8.4096,-3.2307,-2.943
-2.8269,-8.8501,-3.096
-9.4483,-3.9725,3.071
-3.5807,-9.4596,3.323
-8.9222,-8.8233,8.9618
-8.4095,-3.2307,9.1598
-2.8269,-8.8501,9.0068
-8.9906,8.0163,-8.8808
-3.0222,8.1487,-9.1998
2.7528,2.279,-9.0628
9.1238,8.6614,-9.0958
-3.4811,2.3455,-9.0078
2.419,-3.3934,-8.8808
3.049,8.5249,-9.0318
8.9166,3.0377,-8.7798
8.3874,-3.261,-9.1998
7.9285,-9.0642,-9.0078
-1.8757,9.3866,-3.147
-8.0657,8.9709,-3.062
-8.9906,8.0163,3.222
-3.0222,8.1487,2.903
2.7528,2.279,3.04
9.1238,8.6614,3.007
-2.5816,-2.6764,-2.987
-8.1869,2.9571,-2.878
3.5751,3.6741,-3.141
9.5339,-2.023,-3.147
-2.1029,3.3474,-2.72
3.3439,-2.4388,-3.062
4.0878,9.2666,-2.943
9.6704,3.6473,-3.096
-3.4811,2.3455,3.095
2.419,-3.3934,3.222
3.049,8.5249,3.071
8.9166,3.0377,3.323
8.3874,-3.261,2.903
3.2227,-8.4525,-2.878
9.3067,-8.0622,-2.72
7.9285,-9.0642,3.095
-1.8757,9.3866,8.9558
-8.0657,8.9709,9.0408
-2.5816,-2.6764,9.1158
-8.1869,2.9571,9.2248
3.5751,3.6741,8.9618
9.5339,-2.023,8.9558
-2.1029,3.3474,9.3828
3.3439,-2.4388,9.0408
4.0878,9.2666,9.1598
9.6704,3.6473,9.0068
3.2227,-8.4525,9.2248
9.3067,-8.0622,9.3828
9.9157,9.821,-2.987
9.9157,9.821,9.1158
-9.1315,-8.8586,-9.0148
-8.0942,-3.358,-9.1968
-2.1757,-9.1195,-9.1608
-9.6343,-10.125,-2.958
-8.9081,1.6646,-3.106
-3.2958,-3.9817,-2.857
-9.1315,-8.8586,3.088
-8.0942,-3.358,2.906
-2.1757,-9.1195,2.942
-9.7615,-3.829,-2.734
-4.186,-9.4229,-2.838
2.5016,-9.7451,-3.106
-9.6343,-10.125,9.1448
-8.9081,1.6646,8.9968
-3.2958,-3.9817,9.2458
-9.7615,-3.829,9.3688
-4.186,-9.4229,9.2648
2.5016,-9.7451,8.9968
-8.5338,3.3635,-8.6988
-2.2476,9.4276,-9.2148
-7.7072,8.7736,-8.9608
-2.7917,-2.4918,-8.7868
2.8758,-8.0462,-8.6988
3.3658,3.6388,-9.0148
9.162,-1.982,-9.2148
-2.1362,2.9946,-9.0338
3.7024,-2.6361,-8.9608
4.4032,9.1394,-9.1968
10.322,3.3778,-9.1608
9.2734,-8.4151,-9.0338
-8.5338,3.3635,3.404
-2.2476,9.4276,2.888
-7.7072,8.7736,3.142
-9.4672,8.4688,-2.911
-2.3936,8.0193,-2.827
2.8631,2.3723,-2.958
9.2016,8.5157,-2.857
-2.7917,-2.4918,3.316
2.8758,-8.0462,3.404
3.3658,3.6388,3.088
9.162,-1.982,2.888
-2.1362,2.9946,3.069
3.7024,-2.6361,3.142
4.4032,9.1394,2.906
10.322,3.3778,2.942
-3.4592,2.7238,-2.846
1.9424,-2.9409,-2.911
2.7358,8.6684,-2.734
8.3113,3.0745,-2.838
9.0161,-3.3904,-2.827
9.2735,-8.4151,3.069
7.9505,-8.6859,-2.846
-9.4672,8.4688,9.1918
-2.3936,8.0193,9.2758
2.8631,2.3723,9.1448
9.2016,8.5157,9.2458
-3.4592,2.7238,9.2568
1.9424,-2.9409,9.1918
2.7358,8.6684,9.3688
8.3113,3.0745,9.2648
9.0161,-3.3904,9.2758
7.9505,-8.6859,9.2568
9.7057,10.006,-8.7868
9.7057,10.006,3.316
-11.163,2.3877,-6.2098
-10.95,2.3927,-11.773
-11.924,-13.14,-8.7978
-11.349,-1.1596,-8.8288
-5.7204,-6.8999,-9.0288
-6.5202,0.15205,-9.1178
-12.596,-6.0677,-9.0518
-6.8483,-11.853,-9.0748
-11.614,-9.6711,-6.1908
-5.3195,-3.5079,-6.2778
0.24685,-9.0219,-6.2098
-9.1697,-5.9015,-6.1338
-3.2477,-11.429,-6.0568
-11.838,-9.5912,-11.615
-5.4609,-3.2788,-11.717
0.45969,-9.017,-11.773
-12.584,-3.4697,-12.312
-7.0738,-9.133,-12.362
-9.5303,-13.011,-12.324
-8.9349,-1.2714,-12.317
-3.1282,-6.8914,-12.285
-9.2022,-5.9581,-11.745
-3.5319,-11.559,-11.536
0.060626,-12.569,-8.8288
4.8895,-11.258,-9.1178
2.4747,-12.681,-12.317
-12.257,-0.27878,-2.821
-11.117,4.7289,-2.91
-11.163,2.3877,5.893
-10.95,2.3927,0.33
-13.067,-12.092,-2.868
-6.5527,-6.0125,-2.982
-0.84704,-11.688,-2.821
-11.924,-13.14,3.305
-11.349,-1.1596,3.274
-5.7204,-6.8999,3.074
-6.5202,0.15205,2.985
-12.596,-6.0677,3.051
-6.8483,-11.853,3.028
-11.683,-7.0385,-2.858
-6.1107,-13.309,-3.056
-5.5281,-0.91638,-3.013
0.29281,-6.6807,-2.91
-12.451,-3.5751,-5.735
-6.861,-9.2666,-5.742
-11.614,-9.6711,5.912
-5.3195,-3.5079,5.825
0.24685,-9.0219,5.893
-9.1697,-5.9015,5.969
-3.2477,-11.429,6.046
-9.297,-12.728,-5.534
-8.6952,-1.2395,-5.586
-3.0942,-6.9904,-5.872
-11.838,-9.5912,0.488
-5.4609,-3.2788,0.386
0.45969,-9.017,0.33
-12.584,-3.4697,-0.209
-7.0738,-9.133,-0.259
-9.5303,-13.011,-0.221
-8.9349,-1.2714,-0.214
-3.1282,-6.8914,-0.182
-9.2022,-5.9581,0.358
-3.5319,-11.559,0.567
0.060627,-12.569,3.274
4.8895,-11.258,2.985
5.8815,-12.326,-3.013
2.7144,-12.649,-5.586
2.4747,-12.681,-0.214
-12.257,-0.27878,9.2818
-11.117,4.7289,9.1928
-10.95,2.3927,12.433
-13.067,-12.092,9.2348
-6.5527,-6.0125,9.1208
-0.84704,-11.688,9.2818
-11.683,-7.0385,9.2448
-6.1107,-13.309,9.0468
-5.5281,-0.91639,9.0898
0.29281,-6.6807,9.1928
-12.451,-3.5751,6.3678
-6.861,-9.2666,6.3608
-9.297,-12.728,6.5688
-8.6952,-1.2395,6.5168
-3.0942,-6.9904,6.2308
-11.838,-9.5912,12.591
-5.4609,-3.2788,12.489
0.45969,-9.017,12.433
-12.584,-3.4697,11.894
-7.0738,-9.133,11.844
-9.5303,-13.011,11.882
-8.9349,-1.2714,11.889
-3.1282,-6.8914,11.921
-9.2022,-5.9581,12.461
-3.5319,-11.559,12.67
5.8815,-12.326,9.0898
2.7144,-12.649,6.5168
2.4747,-12.681,11.889
-10.836,10.767,-8.7978
-11.946,5.8624,-9.0008
-5.7605,12.054,-9.0748
-4.707,8.7191,-6.3318
-8.6943,6.3807,-5.9978
-2.16,12.478,-6.0568
-4.8455,8.688,-11.984
-12.208,8.3726,-12.143
-8.4426,10.896,-12.324
-8.6816,5.9946,-11.657
-2.4442,12.348,-11.536
-5.2715,5.1866,-8.9078
0.57346,-0.64276,-8.7978
1.1483,11.338,-8.8288
6.7769,5.5975,-9.0288
5.9772,12.649,-9.1178
-0.53669,-5.5473,-9.0008
-0.098289,6.4297,-9.0518
5.6491,0.64417,-9.0748
0.88318,2.8263,-6.1908
6.7027,-2.6905,-6.3318
7.1778,8.9894,-6.2778
12.744,3.4754,-6.2098
-2.9359,0.44265,-6.2788
2.7153,-5.0289,-5.9978
3.3276,6.5959,-6.1338
9.2497,1.0684,-6.0568
0.65902,2.9062,-11.615
6.5641,-2.7217,-11.984
7.0364,9.2186,-11.717
12.957,3.4804,-11.773
-6.347,2.6347,-12.134
-0.79832,-3.037,-12.143
-0.086975,9.0276,-12.312
5.4235,3.3644,-12.362
-2.6849,5.2163,-11.974
2.967,-0.51336,-12.324
3.5624,11.226,-12.317
9.3692,5.6059,-12.285
-3.0052,0.41437,-11.593
2.728,-5.415,-11.657
3.2951,6.5393,-11.745
8.9654,0.93833,-11.536
6.1381,-6.223,-8.9078
11.983,-12.052,-8.7978
12.558,-0.071917,-8.8288
11.311,-4.9799,-9.0518
12.293,-8.5834,-6.1908
8.4737,-10.967,-6.2788
12.069,-8.5035,-11.615
5.0626,-8.775,-12.134
11.323,-2.382,-12.312
8.7247,-6.1933,-11.974
8.4044,-10.995,-11.593
-11.98,11.816,-2.868
-6.0356,6.2124,-2.889
0.24067,12.219,-2.821
-10.836,10.767,3.305
-11.946,5.8624,3.102
-5.7605,12.054,3.028
-5.023,10.598,-3.056
-12.101,8.321,-5.613
-4.707,8.7191,5.771
-8.6943,6.3807,6.105
-2.16,12.478,6.046
-8.2093,11.179,-5.534
-4.8455,8.688,0.119
-12.208,8.3726,-0.040001
-8.4426,10.896,-0.221
-8.6816,5.9946,0.446
-2.4442,12.348,0.567
-0.56993,0.40588,-2.868
5.374,-5.1972,-2.889
5.9446,6.4849,-2.982
11.65,0.80893,-2.821
-5.2715,5.1866,3.195
0.57346,-0.64276,3.305
1.1483,11.338,3.274
6.7769,5.5975,3.074
5.9772,12.649,2.985
-0.53669,-5.5473,3.102
-0.098288,6.4297,3.051
5.6491,0.64417,3.028
0.81459,5.4589,-2.858
6.3866,-0.81176,-3.056
6.9692,11.581,-3.013
12.79,5.8167,-2.91
-6.1943,2.7125,-5.605
-0.69155,-3.0886,-5.613
0.046669,8.9223,-5.735
5.6363,3.2308,-5.742
0.88318,2.8263,5.912
6.7027,-2.6905,5.771
7.1778,8.9894,5.825
12.744,3.4754,5.893
-2.9359,0.44265,5.824
2.7153,-5.0289,6.105
3.3276,6.5959,5.969
9.2497,1.0684,6.046
-2.5654,5.3005,-5.707
3.2004,-0.23052,-5.534
3.8021,11.258,-5.586
9.4031,5.5069,-5.872
0.65902,2.9062,0.488
6.5641,-2.7217,0.119
7.0364,9.2186,0.386
12.957,3.4804,0.33
-6.347,2.6347,-0.031
-0.79832,-3.037,-0.04
-0.086974,9.0276,-0.209
5.4235,3.3644,-0.259
-2.6849,5.2163,0.129
2.967,-0.51336,-0.221
3.5624,11.226,-0.214
9.3692,5.6059,-0.182
-3.0052,0.41436,0.51
2.728,-5.415,0.446
3.2951,6.5393,0.358
8.9654,0.93833,0.567
10.84,-11.004,-2.868
6.1381,-6.223,3.195
11.983,-12.052,3.305
12.558,-0.071918,3.274
11.311,-4.9799,3.051
12.224,-5.9508,-2.858
5.2154,-8.6972,-5.605
11.456,-2.4874,-5.735
12.293,-8.5834,5.912
8.4737,-10.967,5.824
8.8442,-6.1092,-5.707
12.069,-8.5035,0.488
5.0626,-8.775,-0.030999
11.323,-2.382,-0.209
8.7247,-6.1933,0.129
8.4044,-10.995,0.51
-11.98,11.816,9.2348
-6.0356,6.2124,9.2138
0.24067,12.219,9.2818
-5.023,10.598,9.0468
-12.101,8.321,6.4898
-8.2093,11.179,6.5688
-4.8455,8.688,12.222
-12.208,8.3726,12.063
-8.4426,10.896,11.882
-8.6816,5.9946,12.549
-2.4442,12.348,12.67
-0.56993,0.40588,9.2348
5.374,-5.1972,9.2138
5.9446,6.4849,9.1208
11.65,0.80893,9.2818
0.81459,5.4589,9.2448
6.3866,-0.81176,9.0468
6.9692,11.581,9.0898
12.79,5.8167,9.1928
-6.1943,2.7125,6.4978
-0.69155,-3.0886,6.4898
0.04667,8.9223,6.3678
5.6363,3.2308,6.3608
-2.5654,5.3005,6.3958
3.2004,-0.23052,6.5688
3.8021,11.258,6.5168
9.4031,5.5069,6.2308
0.65902,2.9062,12.591
6.5641,-2.7217,12.222
7.0364,9.2186,12.489
12.957,3.4804,12.433
-6.347,2.6347,12.072
-0.79832,-3.037,12.063
-0.086973,9.0276,11.894
5.4235,3.3644,11.844
-2.6849,5.2163,12.232
2.967,-0.51336,11.882
3.5624,11.226,11.889
9.3692,5.6059,11.921
-3.0052,0.41436,12.613
2.728,-5.415,12.549
3.2951,6.5393,12.461
8.9654,0.93833,12.67
10.84,-11.004,9.2348
12.224,-5.9508,9.2448
5.2154,-8.6972,6.4978
11.456,-2.4874,6.3678
8.8442,-6.1092,6.3958
12.069,-8.5035,12.591
5.0626,-8.775,12.072
11.323,-2.382,11.894
8.7247,-6.1933,12.232
8.4044,-10.995,12.613
13.071,11.855,-8.7978
11.961,6.9501,-9.0008
9.5614,12.94,-6.2788
11.699,9.4604,-12.143
9.4921,12.912,-11.593
11.927,12.903,-2.868
13.071,11.855,3.305
11.961,6.9501,3.102
11.806,9.4087,-5.613
9.5614,12.94,5.824
11.699,9.4604,-0.04
9.4921,12.912,0.51
11.927,12.903,9.2348
11.806,9.4087,6.4898
11.699,9.4604,12.063
9.4921,12.912,12.613
0,0,0
0.12445,-0.02687,-5.911
-5.9291,-0.1987,0.232
-0.15486,-5.9446,0.125
6.0274,0.36487,0.15
0.24607,6.1292,0.266
0.12445,-0.026871,6.1918
5.7523,-5.5586,0.033
-5.6573,5.8511,0.032999
-5.6964,-0.59819,-5.915
0.37901,5.985,-5.664
-0.12021,-6.0387,-5.852
-5.6964,-0.59819,6.1878
6.2133,0.13789,-5.845
-0.12021,-6.0387,6.2508
-6.0938,-6.2296,0.095
0.37901,5.985,6.4388
6.2133,0.13789,6.2578
6.4036,6.2678,0.095
-5.5473,5.5968,-6.0468
-5.5473,5.5968,6.056
5.8624,-5.8129,-6.0468
5.8624,-5.8129,6.056
6.3958,6.0337,-5.9768
-6.1016,-6.4636,-5.9768
6.3958,6.0337,6.126
-6.1016,-6.4636,6.126
-11.78,-0.4301,0.070999
-0.37045,-11.84,0.071
0.71726,12.067,0.070999
-7.0711e-07,7.0711e-07,-12.103
7.0711e-07,-7.0711e-07,12.103
12.127,0.65761,0.071
-11.564,5.465,0.125
11.656,-5.2805,0.266
5.4805,-11.608,0.232
-5.3822,11.775,0.15
-11.768,-0.61162,-5.9468
-5.9291,-0.1987,-11.871
-11.768,-0.61162,6.156
0.72903,11.886,-5.9468
0.24607,6.1292,-11.837
-0.15486,-5.9446,-11.978
6.0274,0.36487,-11.953
0.72903,11.886,6.156
-0.35869,-12.021,-5.9468
-0.35869,-12.021,6.156
12.139,0.47609,-5.9468
-0.15486,-5.9446,12.228
12.139,0.47609,6.156
6.0274,0.36487,12.253
-5.9291,-0.1987,12.335
-6.47,-12.133,0.15
0.24607,6.1292,12.369
-12.251,-6.3682,0.266
6.5682,12.299,0.232
-5.1963,11.548,-5.845
12.342,6.5527,0.125
-11.53,5.371,-5.852
-5.1963,11.548,6.2578
11.789,-5.4247,-5.664
-11.53,5.371,6.2508
5.7523,-5.5586,-12.07
11.789,-5.4247,6.4388
5.7523,-5.5586,12.136
5.7132,-12.008,-5.915
-5.6573,5.8511,-12.07
-5.6573,5.8511,12.136
5.7132,-12.008,6.1878
-6.0938,-6.2296,-12.008
-12.118,-6.5124,-5.664
6.801,11.899,-5.915
6.4036,6.2678,-12.008
-6.0938,-6.2296,12.198
6.801,11.899,6.1878
-6.284,-12.359,-5.845
6.4036,6.2678,12.198
12.377,6.4587,-5.852
-12.118,-6.5124,6.4388
-6.284,-12.359,6.2578
12.377,6.4587,6.2508
-11.41,11.41,-1e-06
11.41,-11.41,1e-06
-11.78,-0.4301,-12.032
-0.37045,-11.84,-12.032
-11.78,-0.4301,12.174
-0.37045,-11.84,12.174
0.71726,12.067,-12.032
-11.285,11.383,-5.911
12.127,0.65761,-12.032
0.71726,12.067,12.174
-11.285,11.383,6.1918
12.127,0.65761,12.174
11.534,-11.437,-5.911
11.534,-11.437,6.1918
11.656,-5.2805,-11.837
5.4805,-11.608,-11.871
-11.564,5.465,-11.978
-5.3822,11.775,-11.953
-12.497,-12.497,1.9594e-21
12.497,12.497,-1.9594e-21
-11.564,5.465,12.228
11.656,-5.2805,12.369
5.4805,-11.608,12.335
-5.3822,11.775,12.253
-12.251,-6.3682,-11.837
-6.47,-12.133,-11.953
6.5682,12.299,-11.871
12.342,6.5527,-11.978
-6.47,-12.133,12.253
-12.251,-6.3682,12.369
12.342,6.5527,12.228
-12.373,-12.524,-5.911
6.5682,12.299,12.335
-12.373,-12.524,6.1918
12.622,12.471,-5.911
12.622,12.471,6.1918
-11.41,11.41,12.103
11.41,-11.41,-12.103
-11.41,11.41,-12.103
11.41,-11.41,12.103
-12.497,-12.497,-12.103
12.497,12.497,12.103
-12.497,-12.497,12.103
12.497,12.497,-12.103
