-9.5329,-9.6348,-8.6852
-8.881,1.7822,-8.8792
-3.6293,-3.4483,-8.8042
-9.2727,-3.7516,-8.7362
-3.8089,-9.05,-8.7652
1.9558,-9.0547,-8.8792
-9.5329,-9.6348,2.883
-8.881,1.7822,2.689
-3.6293,-3.4483,2.764
-8.6194,-8.7127,-3.154
-8.1866,-2.848,-3.061
-2.6012,-8.3061,-3.008
-9.2727,-3.7516,2.832
-3.8089,-9.05,2.803
1.9558,-9.0547,2.689
-8.6194,-8.7127,8.4142
-8.1866,-2.848,8.5072
-2.6012,-8.3061,8.5602
-8.678,7.7305,-8.9222
-2.7938,7.7294,-8.6782
2.5435,2.4416,-8.6852
8.4471,8.6281,-8.8042
-3.4118,2.4402,-8.7742
2.1588,-3.1063,-8.9222
2.8037,8.3248,-8.7362
8.2675,3.0264,-8.7652
8.043,-3.1075,-8.6782
7.425,-8.3966,-8.7742
-7.8945,3.1414,-3.105
-1.9768,9.0281,-2.809
-7.5544,8.6222,-3.186
-8.678,7.7305,2.646
-2.7938,7.7294,2.89
2.5435,2.4416,2.883
8.4471,8.6281,2.764
-2.5703,-2.757,-2.949
2.9423,-7.6954,-3.105
3.457,3.3637,-3.154
8.86,-1.8088,-2.809
-1.9679,3.0851,-2.99
3.2824,-2.2147,-3.186
3.8898,9.2285,-3.061
9.4752,3.7703,-3.008
-3.4118,2.4402,2.794
2.1588,-3.1063,2.646
2.8037,8.3248,2.832
8.2675,3.0264,2.803
8.043,-3.1075,2.89
8.8689,-7.7517,-2.99
7.425,-8.3966,2.794
-7.8945,3.1414,8.4632
-1.9768,9.0281,8.7592
-7.5544,8.6222,8.3822
-2.5703,-2.757,8.6192
2.9423,-7.6954,8.4632
3.457,3.3637,8.4142
8.86,-1.8088,8.7592
-1.9679,3.0851,8.5782
3.2824,-2.2147,8.3822
3.8898,9.2285,8.5072
9.4752,3.7703,8.5602
8.8689,-7.7517,8.5782
9.5061,9.3194,-2.949
9.5061,9.3194,8.6192
-8.847,-8.3054,-8.7172
-7.9624,-3.0396,-8.6722
-2.3459,-8.7537,-8.7522
-9.1469,-10.076,-2.852
-8.5783,1.8175,-3.192
-3.2828,-4.055,-3.124
-8.847,-8.3054,2.851
-7.9624,-3.0396,2.896
-2.3459,-8.7537,2.816
-9.5181,-3.495,-2.883
-4.0097,-8.8082,-3.116
2.2585,-9.0193,-3.192
-9.1469,-10.076,8.7162
-8.5783,1.8175,8.3762
-3.2828,-4.055,8.4442
-9.5181,-3.495,8.6852
-4.0097,-8.8082,8.4522
2.2585,-9.0193,8.3762
-8.1823,3.1053,-8.8622
-2.3657,9.137,-8.9332
-7.4095,8.5211,-8.9622
-2.9451,-2.1249,-8.9132
2.6545,-7.7315,-8.8622
3.2294,3.771,-8.7172
8.4711,-1.6999,-8.9332
-2.0789,3.1198,-8.8182
3.4273,-2.3158,-8.9622
4.1139,9.0368,-8.6722
9.7305,3.3227,-8.7522
8.7579,-7.7171,-8.8182
-8.1823,3.1053,2.706
-2.3657,9.137,2.635
-7.4095,8.5211,2.606
-8.8958,7.9794,-3.082
-2.7026,7.7541,-3.105
2.9295,2.0004,-2.852
8.7936,8.0214,-3.124
-2.9451,-2.1249,2.655
2.6545,-7.7315,2.706
3.2294,3.771,2.851
8.4711,-1.6999,2.635
-2.0789,3.1198,2.75
3.4273,-2.3158,2.606
4.1139,9.0368,2.896
9.7305,3.3227,2.816
-3.3573,2.5541,-3.127
1.941,-2.8574,-3.082
2.5583,8.5814,-2.883
8.0667,3.2682,-3.116
8.1343,-3.0827,-3.105
8.7579,-7.7171,2.75
7.4795,-8.2828,-3.127
-8.8958,7.9794,8.4862
-2.7026,7.7541,8.4632
2.9295,2.0004,8.7162
8.7936,8.0214,8.4442
-3.3573,2.5541,8.4412
1.941,-2.8574,8.4862
2.5583,8.5814,8.6852
8.0667,3.2682,8.4522
8.1343,-3.0827,8.4632
7.4795,-8.2828,8.4412
9.1313,9.9516,-8.9132
9.1313,9.9516,2.655
-10.781,2.0845,-6.2842
-10.749,2.2231,-11.522
-12.014,-12.593,-8.9482
-10.941,-1.0371,-8.7032
-5.5646,-6.3694,-8.7712
-12.057,-5.9493,-8.8122
-6.6684,-11.234,-8.7302
-11.368,-9.2183,-6.0952
-5.4261,-3.0813,-6.1332
0.055436,-8.7523,-6.2842
-8.7523,-5.3412,-6.0482
-3.6123,-11.034,-6.1022
-11.333,-9.2296,-11.332
-5.3377,-3.0721,-11.473
0.087963,-8.6137,-11.522
-12.144,-3.5169,-11.932
-6.7802,-8.9227,-11.998
-9.0083,-12.569,-12.109
-8.5536,-0.81503,-12.053
-3.1039,-6.3043,-11.95
-8.9383,-5.6587,-11.379
-3.4327,-10.985,-11.519
-0.10397,-11.874,-8.7032
2.2832,-11.652,-12.053
-12.16,-0.31751,-2.961
-10.781,2.0845,5.284
-10.749,2.2231,0.046
-12.666,-11.907,-3.21
-6.4853,-5.5251,-2.87
-1.3227,-11.154,-2.961
-12.014,-12.593,2.62
-10.941,-1.0371,2.865
-5.5646,-6.3694,2.797
-12.057,-5.9493,2.756
-6.6684,-11.234,2.838
-11.243,-6.8615,-3.127
-5.9847,-12.199,-3.03
-5.3334,-0.931,-2.91
-12.2,-3.4009,-5.567
-6.771,-8.7014,-5.722
-11.368,-9.2183,5.473
-5.4261,-3.0813,5.435
0.055436,-8.7523,5.284
-8.7523,-5.3412,5.52
-3.6123,-11.034,5.466
-9.3208,-12.32,-5.732
-8.6448,-0.9812,-5.548
-3.0233,-6.4655,-5.775
-11.333,-9.2296,0.236
-5.3377,-3.0721,0.095
0.087963,-8.6137,0.046
-12.144,-3.5169,-0.364
-6.7802,-8.9227,-0.43
-9.0083,-12.569,-0.541
-8.5536,-0.81503,-0.485
-3.1039,-6.3043,-0.382
-8.9383,-5.6587,0.189
-3.4327,-10.985,0.049
-0.10397,-11.874,2.865
5.5034,-11.768,-2.91
2.192,-11.818,-5.548
2.2832,-11.652,-0.485
-12.16,-0.31751,8.6072
-10.749,2.2231,11.614
-12.666,-11.907,8.3582
-6.4853,-5.5251,8.6982
-1.3227,-11.154,8.6072
-11.243,-6.8615,8.4412
-5.9847,-12.199,8.5382
-5.3334,-0.931,8.6582
-12.2,-3.4009,6.0012
-6.771,-8.7014,5.8462
-9.3208,-12.32,5.8362
-8.6448,-0.9812,6.0202
-3.0233,-6.4655,5.7932
-11.333,-9.2296,11.804
-5.3377,-3.0721,11.663
0.087963,-8.6137,11.614
-12.144,-3.5169,11.204
-6.7802,-8.9227,11.138
-9.0083,-12.569,11.027
-8.5536,-0.81503,11.083
-3.1039,-6.3043,11.186
-8.9383,-5.6587,11.757
-3.4327,-10.985,11.617
5.5034,-11.768,8.6582
2.192,-11.818,6.0202
2.2832,-11.652,11.083
-10.775,10.321,-8.9482
-11.688,5.7032,-8.9242
-5.4289,11.68,-8.7302
-4.721,8.4489,-6.3562
-8.1986,6.0221,-6.2912
-2.3727,11.879,-6.1022
-4.7394,8.2552,-11.429
-11.555,8.0289,-11.99
-7.7687,10.344,-12.109
-8.2502,5.7923,-11.41
-2.1931,11.929,-11.519
-4.9717,5.1838,-8.8822
0.062225,-0.51619,-8.9482
1.1356,11.039,-8.7032
6.5117,5.7071,-8.7712
-6.0147,0.043841,-8.6962
-0.85136,-5.1336,-8.9242
0.019092,6.1271,-8.8122
5.408,0.84287,-8.7302
0.70852,2.8581,-6.0952
6.1158,-2.3879,-6.3562
6.6503,8.9951,-6.1332
12.132,3.3241,-6.2842
-3.0618,0.48649,-6.2212
2.6382,-4.8147,-6.2912
3.3241,6.7352,-6.0482
8.4641,1.0423,-6.1022
0.74388,2.8468,-11.332
6.0974,-2.5816,-11.429
6.7387,9.0043,-11.473
12.164,3.4627,-11.522
-5.9998,2.5576,-11.926
-0.71771,-2.8079,-11.99
-0.067175,8.5595,-11.932
5.2962,3.1537,-11.998
-2.4162,5.0438,-12.103
3.0681,-0.49285,-12.109
3.5228,11.261,-12.053
8.9725,5.7721,-11.95
-2.7316,0.53811,-11.543
2.5866,-5.0445,-11.41
3.1381,6.4177,-11.379
8.6437,1.0918,-11.519
5.8651,-5.653,-8.8822
10.899,-11.353,-8.9482
11.972,0.20251,-8.7032
4.8222,-10.793,-8.6962
10.856,-4.7098,-8.8122
11.545,-7.9787,-6.0952
7.775,-10.35,-6.2212
11.581,-7.99,-11.332
4.837,-8.2792,-11.926
10.77,-2.2773,-11.932
8.4206,-5.793,-12.103
8.1053,-10.299,-11.543
-11.427,11.007,-3.21
-6.0412,5.8433,-3.1
-0.083136,11.759,-2.961
-10.775,10.321,2.62
-11.688,5.7032,2.644
-5.4289,11.68,2.838
-4.7451,10.715,-3.03
-10.742,4.7684,-3.148
-11.431,8.019,-5.577
-4.721,8.4489,5.212
-8.1986,6.0221,5.277
-2.3727,11.879,5.466
-8.0812,10.593,-5.732
-4.7394,8.2552,0.139
-11.555,8.0289,-0.422
-7.7687,10.344,-0.541
-8.2502,5.7923,0.158
-2.1931,11.929,0.049
-0.58973,0.16971,-3.21
4.7956,-4.9936,-3.1
5.5911,6.5513,-2.87
10.754,0.92207,-2.961
-4.9717,5.1838,2.686
0.062225,-0.51619,2.62
1.1356,11.039,2.865
6.5117,5.7071,2.797
-6.0147,0.043841,2.872
-0.85136,-5.1336,2.644
0.019092,6.1271,2.756
5.408,0.84287,2.838
0.83368,5.2149,-3.127
6.0917,-0.12233,-3.03
6.743,11.145,-2.91
0.094752,-6.0684,-3.148
-6.2508,2.8171,-5.803
-0.59468,-2.8178,-5.577
-0.12374,8.6755,-5.567
5.3054,3.375,-5.722
0.70852,2.8581,5.473
6.1158,-2.3879,5.212
6.6503,8.9951,5.435
12.132,3.3241,5.284
-3.0618,0.48649,5.347
2.6382,-4.8147,5.277
3.3241,6.7352,5.52
8.4641,1.0423,5.466
-2.4459,5.0707,-5.562
2.7556,-0.24395,-5.732
3.4316,11.095,-5.548
9.0531,5.6109,-5.775
0.74388,2.8468,0.236
6.0974,-2.5816,0.139
6.7387,9.0043,0.095
12.164,3.4627,0.046
-5.9998,2.5576,-0.358
-0.71771,-2.8079,-0.422
-0.067175,8.5595,-0.364
5.2962,3.1537,-0.43
-2.4162,5.0438,-0.535
3.0681,-0.49285,-0.541
3.5228,11.261,-0.485
8.9725,5.7721,-0.382
-2.7316,0.53811,0.025
2.5866,-5.0445,0.158
3.1381,6.4177,0.189
8.6437,1.0918,0.049
10.247,-10.667,-3.21
5.8651,-5.653,2.686
10.899,-11.353,2.62
11.972,0.20251,2.865
4.8222,-10.793,2.872
10.856,-4.7098,2.756
11.67,-5.6219,-3.127
4.586,-8.0197,-5.803
10.713,-2.1613,-5.567
11.545,-7.9787,5.473
7.775,-10.35,5.347
8.3909,-5.7662,-5.562
11.581,-7.99,0.236
4.837,-8.2792,-0.358
10.77,-2.2773,-0.364
8.4206,-5.793,-0.535
8.1053,-10.299,0.025
-11.427,11.007,8.3582
-6.0412,5.8433,8.4682
-0.083136,11.759,8.6072
-4.7451,10.715,8.5382
-10.742,4.7684,8.4202
-11.431,8.019,5.9912
-8.0812,10.593,5.8362
-4.7394,8.2552,11.707
-11.555,8.0289,11.146
-7.7687,10.344,11.027
-8.2502,5.7923,11.726
-2.1931,11.929,11.617
-0.58973,0.16971,8.3582
4.7956,-4.9936,8.4682
5.5911,6.5513,8.6982
10.754,0.92207,8.6072
0.83368,5.2149,8.4412
6.0917,-0.12233,8.5382
6.743,11.145,8.6582
0.094752,-6.0684,8.4202
-6.2508,2.8171,5.7652
-0.59468,-2.8178,5.9912
-0.12374,8.6755,6.0012
5.3054,3.375,5.8462
-2.4459,5.0707,6.0062
2.7556,-0.24395,5.8362
3.4316,11.095,6.0202
9.0531,5.6109,5.7932
0.74388,2.8468,11.804
6.0974,-2.5816,11.707
6.7387,9.0043,11.663
12.164,3.4627,11.614
-5.9998,2.5576,11.21
-0.71771,-2.8079,11.146
-0.067175,8.5595,11.204
5.2962,3.1537,11.138
-2.4162,5.0438,11.033
3.0681,-0.49285,11.027
3.5228,11.261,11.083
8.9725,5.7721,11.186
-2.7316,0.53811,11.593
2.5866,-5.0445,11.726
3.1381,6.4177,11.757
8.6437,1.0918,11.617
10.247,-10.667,8.3582
11.67,-5.6219,8.4412
4.586,-8.0197,5.7652
10.713,-2.1613,6.0012
8.3909,-5.7662,6.0062
11.581,-7.99,11.804
4.837,-8.2792,11.21
10.77,-2.2773,11.204
8.4206,-5.793,11.033
8.1053,-10.299,11.593
12.139,11.56,-8.9482
6.0617,12.12,-8.6962
11.225,6.9428,-8.9242
9.0146,12.563,-6.2212
11.359,9.2685,-11.99
9.3448,12.615,-11.543
11.487,12.246,-3.21
12.139,11.56,2.62
6.0617,12.12,2.872
11.225,6.9428,2.644
12.171,6.008,-3.148
11.482,9.2586,-5.577
9.0146,12.563,5.347
11.359,9.2685,-0.422
9.3448,12.615,0.025
11.487,12.246,8.3582
12.171,6.008,8.4202
11.482,9.2586,5.9912
11.359,9.2685,11.146
9.3448,12.615,11.593
0,0,0
-0.057276,0.060104,5.7092
-0.37661,-5.7323,-0.083
0.34507,5.7346,-0.14
-5.7785,-0.22627,-0.233
5.7799,0.33093,-0.306
-0.057276,0.060104,-5.859
5.3804,-5.379,-0.11
-5.4564,5.4579,-0.11
5.7431,0.50912,5.416
-0.22698,-5.6957,5.529
0.1994,5.7262,5.7412
-5.8485,-0.15344,5.619
0.1994,5.7262,-5.827
-0.22698,-5.6957,-6.0392
-5.8485,-0.15344,-5.9492
5.7431,0.50912,-6.1522
-6.0837,-5.9592,-0.102
5.9927,6.1172,-0.102
5.3924,-5.2425,5.7432
5.3924,-5.2425,-5.825
-5.4444,5.5943,5.7432
-5.4444,5.5943,-5.825
-6.049,-5.9288,5.506
6.0274,6.1476,5.506
-6.049,-5.9288,-6.0622
6.0274,6.1476,-6.0622
0.6173,11.446,-0.232
11.454,0.6091,-0.232
-11.459,-0.63048,-0.232
-0.62228,-11.467,-0.232
5.0088e-16,-5.0088e-16,-11.568
-5.0088e-16,5.0088e-16,11.568
5.0583,-11.063,-0.233
-5.0569,11.168,-0.306
11.182,-5.1022,-0.14
-11.213,5.1046,-0.083
5.7799,0.33093,11.262
0.62155,11.392,5.622
-5.7785,-0.22627,11.335
11.458,0.55536,5.622
-11.455,-0.68422,5.622
0.34507,5.7346,11.428
-0.61803,-11.521,5.622
-0.37661,-5.7323,11.485
0.62155,11.392,-5.9462
11.458,0.55536,-5.9462
-11.455,-0.68422,-5.9462
-0.61803,-11.521,-5.9462
-0.37661,-5.7323,-11.651
0.34507,5.7346,-11.708
-5.7785,-0.22627,-11.801
5.7799,0.33093,-11.874
11.7,6.3442,-0.083
4.9883,-10.99,5.619
-6.2965,-11.745,-0.306
-11.731,-6.3418,-0.14
-11.064,5.1411,5.529
6.2979,11.85,-0.233
11.036,-5.1107,5.7412
4.9883,-10.99,-5.9492
11.036,-5.1107,-5.827
-5.0937,11.346,5.416
-11.064,5.1411,-6.0392
5.3804,-5.379,11.458
-5.4564,5.4579,11.458
-5.0937,11.346,-6.1522
5.3804,-5.379,-11.678
-5.4564,5.4579,-11.678
-6.3333,-11.567,5.416
-6.0837,-5.9592,11.466
5.9927,6.1172,11.466
-6.0837,-5.9592,-11.67
5.9927,6.1172,-11.67
11.849,6.3807,5.529
-6.3333,-11.567,-6.1522
6.2279,11.923,5.619
-11.877,-6.3503,5.7412
-11.877,-6.3503,-5.827
6.2279,11.923,-5.9492
11.849,6.3807,-6.0392
-10.837,10.837,-9.3842e-16
10.837,-10.837,9.3842e-16
0.6173,11.446,11.336
11.454,0.6091,11.336
-11.459,-0.63048,11.336
-0.62228,-11.467,11.336
10.78,-10.777,5.7092
10.78,-10.777,-5.859
-10.894,10.897,5.7092
0.6173,11.446,-11.8
11.454,0.6091,-11.8
-11.459,-0.63048,-11.8
-0.62228,-11.467,-11.8
-10.894,10.897,-5.859
5.0583,-11.063,11.335
-5.0569,11.168,11.262
11.182,-5.1022,11.428
-11.213,5.1046,11.485
5.0583,-11.063,-11.801
-11.213,5.1046,-11.651
11.182,-5.1022,-11.708
-5.0569,11.168,-11.874
-12.076,-12.076,7.9602e-22
12.076,12.076,-7.9602e-22
-6.2965,-11.745,11.262
-11.731,-6.3418,11.428
6.2979,11.85,11.335
11.7,6.3442,11.485
11.7,6.3442,-11.651
-11.731,-6.3418,-11.708
-6.2965,-11.745,-11.874
6.2979,11.85,-11.801
-12.134,-12.016,5.7092
12.019,12.137,5.7092
-12.134,-12.016,-5.859
12.019,12.137,-5.859
-10.837,10.837,-11.568
10.837,-10.837,-11.568
-10.837,10.837,11.568
10.837,-10.837,11.568
-12.076,-12.076,-11.568
-12.076,-12.076,11.568
12.076,12.076,-11.568
12.076,12.076,11.568
