-4.026,-9.4919,-8.9042
-9.1907,-4.1193,-8.8402
-9.5273,-9.7352,-8.7412
-4.026,-9.4919,2.664
-9.1907,-4.1193,2.728
-8.4998,-8.6243,-2.957
-9.5273,-9.7352,2.827
-8.4998,-8.6243,8.6112
-8.5164,7.4557,-8.8072
-2.9755,1.8385,-8.8152
8.0504,2.5845,-8.9042
2.8857,7.9571,-8.8402
-8.9845,1.6645,-8.7282
-3.5864,-3.3644,-8.6182
-3.1516,7.8637,-8.9722
2.5491,2.3412,-8.7412
2.3204,-3.3811,-8.8072
7.8613,-8.9984,-8.8152
1.8523,-9.1723,-8.7282
7.6852,-2.9731,-8.9722
-7.8776,8.2608,-3.197
-8.5164,7.4557,2.761
-2.9755,1.8385,2.753
8.0504,2.5845,2.664
2.8857,7.9571,2.728
-8.3849,-2.5272,-3.074
-2.803,-8.2802,-2.703
-2.3165,3.0109,-2.987
2.9592,-2.576,-3.197
-8.0136,2.8404,-3.113
-2.3624,-2.8461,-2.464
-1.6695,8.6005,-2.803
3.5765,3.4521,-2.957
-8.9845,1.6645,2.84
-3.5864,-3.3644,2.95
-3.1516,7.8637,2.596
2.5491,2.3412,2.827
2.3204,-3.3811,2.761
7.8613,-8.9984,2.753
8.5203,-7.826,-2.987
2.8232,-7.9964,-3.113
9.1673,-2.2363,-2.803
1.8523,-9.1723,2.84
7.6852,-2.9731,2.596
-7.8776,8.2608,8.3712
-8.3849,-2.5272,8.4942
-2.803,-8.2802,8.8652
-2.3165,3.0109,8.5812
2.9592,-2.576,8.3712
-8.0136,2.8404,8.4552
-2.3624,-2.8461,9.1042
-1.6695,8.6005,8.7652
3.5765,3.4521,8.6112
8.5203,-7.826,8.5812
2.8232,-7.9964,8.4552
9.1673,-2.2363,8.7652
8.4899,8.712,-8.6182
3.6915,9.5492,-3.074
9.2734,3.7962,-2.703
9.714,9.2303,-2.464
8.4899,8.712,2.95
3.6915,9.5492,8.4942
9.2734,3.7962,8.8652
9.714,9.2303,9.1042
-8.2389,-8.9927,-8.6232
-9.1271,-3.8181,-3.062
-8.2389,-8.9927,2.945
-9.8441,-9.2911,-2.901
-3.5589,-9.5546,-2.888
-9.1271,-3.8181,8.5062
-9.8441,-9.2911,8.6672
-3.5589,-9.5546,8.6802
-7.9391,8.8258,-8.6392
-8.4966,-2.8185,-8.5782
-3.1799,-8.2555,-8.9432
-2.1963,3.107,-8.7202
2.8977,-2.011,-8.6392
-7.7032,2.4027,-8.9752
-2.1744,-2.8631,-8.5492
-1.7458,8.3135,-8.8262
3.8375,3.0837,-8.6232
8.6405,-7.7298,-8.7202
3.1336,-8.4341,-8.9752
9.091,-2.5234,-8.8262
-7.9391,8.8258,2.929
-8.5051,6.9367,-2.929
-3.1685,1.7826,-3.028
2.9493,8.2583,-3.062
-8.4966,-2.8185,2.99
-3.1799,-8.2555,2.625
-2.1963,3.107,2.848
2.8977,-2.011,2.929
-7.7032,2.4027,2.593
-2.1744,-2.8631,3.019
-1.7458,8.3135,2.742
3.8375,3.0837,2.945
-9.2369,1.9919,-3.051
-3.7851,-3.1176,-2.828
-2.9493,7.8199,-2.798
2.2323,2.7853,-2.901
2.3317,-3.9001,-2.929
7.6683,-9.0542,-3.028
8.5175,2.5218,-2.888
8.6405,-7.7298,2.848
3.1336,-8.4341,2.593
9.091,-2.5234,2.742
1.5999,-8.8449,-3.051
7.8875,-3.0169,-2.798
-8.5051,6.9367,8.6392
-3.1685,1.7826,8.5402
2.9493,8.2583,8.5062
-9.2369,1.9919,8.5172
-3.7851,-3.1176,8.7402
-2.9493,7.8199,8.7702
2.2323,2.7853,8.6672
2.3317,-3.9001,8.6392
7.6683,-9.0542,8.5402
8.5175,2.5218,8.6802
1.5999,-8.8449,8.5172
7.8875,-3.0169,8.7702
3.5798,9.2579,-8.5782
8.8965,3.8209,-8.9432
9.902,9.2133,-8.5492
3.5798,9.2579,2.99
8.8965,3.8209,2.625
9.902,9.2133,3.019
8.2913,8.9588,-2.828
8.2913,8.9588,8.7402
-11.287,-7.0305,-8.7422
-12.211,-11.757,-8.7712
-11.31,-3.7509,-6.3912
-5.5463,-9.0578,-5.9772
-9.4057,-11.675,-5.9702
-11.284,-3.7191,-11.282
-5.8468,-9.0033,-11.279
-12.63,-9.3463,-11.936
-8.7806,-6.7342,-12.009
-9.2621,-11.553,-11.412
-6.038,-12.181,-8.8272
-3.5759,-12.16,-11.93
-12.115,-6.182,-2.936
-6.9859,-11.533,-3.145
-11.287,-7.0305,2.826
-12.211,-11.757,2.797
-11.804,-13.039,-3.036
-11.296,-1.2153,-3.108
-12.505,-9.5351,-5.556
-11.31,-3.7509,5.177
-5.5463,-9.0578,5.591
-9.4057,-11.675,5.598
-8.8209,-6.9456,-5.776
-11.284,-3.7191,0.286
-5.8468,-9.0033,0.289
-12.63,-9.3463,-0.368
-8.7806,-6.7342,-0.441
-9.2621,-11.553,0.156
-6.038,-12.181,2.741
-0.45893,-12.052,-3.108
-3.7102,-12.474,-5.376
-3.5759,-12.16,-0.362
-12.115,-6.182,8.6322
-6.9859,-11.533,8.4232
-11.804,-13.039,8.5322
-11.296,-1.2153,8.4602
-12.505,-9.5351,6.0122
-8.8209,-6.9456,5.7922
-11.284,-3.7191,11.854
-5.8468,-9.0033,11.857
-12.63,-9.3463,11.2
-8.7806,-6.7342,11.127
-9.2621,-11.553,11.724
-0.45893,-12.052,8.4602
-3.7102,-12.474,6.1922
-3.5759,-12.16,11.206
-10.971,11.156,-8.7712
-10.311,7.7348,-6.1702
-8.1661,11.238,-5.9702
-10.527,7.9094,-11.442
-8.0225,11.36,-11.412
-10.309,4.4597,-8.7192
-5.3323,-0.73751,-8.8082
-4.7984,10.732,-8.8272
0.78913,5.0459,-8.7422
-11.81,-0.23476,-8.8222
-6.6079,-5.6576,-8.8262
-5.7064,5.7134,-8.9692
-0.13435,0.31961,-8.7712
-4.9342,2.4098,-6.3722
0.52538,-3.1021,-6.1702
0.7665,8.3255,-6.3912
6.5301,3.0186,-5.9772
-8.877,-0.0056569,-5.9342
-3.1247,-5.6066,-6.3612
-2.5873,5.8004,-6.3002
2.6707,0.40093,-5.9702
-5.0968,2.523,-11.413
0.30971,-2.9274,-11.442
0.79267,8.3573,-11.282
6.2296,3.0731,-11.279
-11.657,2.284,-11.815
-6.3668,-3.1848,-12.074
-5.8852,8.189,-12.012
-0.55366,2.7301,-11.936
-8.0624,4.5156,-11.837
-2.9925,-0.73681,-11.624
-2.3363,10.754,-11.93
3.2958,5.3422,-12.009
-8.7497,-0.16263,-11.397
-3.0144,-5.2856,-11.347
-2.4119,5.9277,-11.307
2.8143,0.52326,-11.412
0.52791,-6.3771,-8.7192
5.5045,-11.574,-8.8082
6.0384,-0.10437,-8.8272
11.626,-5.7909,-8.7422
-0.97328,-11.072,-8.8222
5.1305,-5.1234,-8.9692
10.702,-10.517,-8.7712
5.9026,-8.427,-6.3722
11.603,-2.5114,-6.3912
1.9598,-10.842,-5.9342
8.2495,-5.0364,-6.3002
5.74,-8.3139,-11.413
11.629,-2.4795,-11.282
-0.82055,-8.5529,-11.815
4.9516,-2.6478,-12.012
10.283,-8.1067,-11.936
2.7744,-6.3213,-11.837
7.8443,-11.574,-11.624
8.5005,-0.083159,-11.93
2.0871,-10.999,-11.397
8.4249,-4.9092,-11.307
-11.316,5.1439,-2.986
-5.7464,11.381,-3.145
-10.971,11.156,2.797
-10.565,9.8745,-3.036
-10.311,7.7348,5.398
-8.1661,11.238,5.598
-10.527,7.9094,0.126
-8.0225,11.36,0.156
-6.2678,0.26446,-2.938
-0.47871,-5.6929,-2.986
-0.038184,5.8944,-2.936
5.0905,0.54377,-3.145
-10.309,4.4597,2.849
-5.3323,-0.73751,2.76
-4.7984,10.732,2.741
0.78913,5.0459,2.826
-11.81,-0.23476,2.746
-6.6079,-5.6576,2.742
-5.7064,5.7134,2.599
-0.13435,0.31961,2.797
-5.0459,4.8352,-3.232
0.27224,-0.96237,-3.036
0.78065,10.861,-3.108
-5.4879,-6.5711,-2.945
-12.109,2.0046,-5.553
-6.3392,-3.2209,-5.406
-5.7919,8.0405,-5.485
-0.42851,2.5413,-5.556
-4.9342,2.4098,5.196
0.52538,-3.1021,5.398
0.7665,8.3255,5.177
6.5301,3.0186,5.591
-8.877,-0.0056569,5.634
-3.1247,-5.6066,5.207
-2.5873,5.8004,5.268
2.6707,0.40093,5.598
-8.3036,4.6209,-5.817
-3.0618,-0.95177,-5.431
-2.4706,10.44,-5.376
3.2555,5.1308,-5.776
-5.0968,2.523,0.155
0.30971,-2.9274,0.126
0.79267,8.3573,0.286
6.2296,3.0731,0.289
-11.657,2.284,-0.247
-6.3668,-3.1848,-0.506
-5.8852,8.189,-0.444
-0.55366,2.7301,-0.368
-8.0624,4.5156,-0.269
-2.9925,-0.73681,-0.056
-2.3363,10.754,-0.362
3.2958,5.3422,-0.441
-8.7497,-0.16263,0.171
-3.0144,-5.2856,0.221
-2.4119,5.9277,0.261
2.8143,0.52326,0.156
4.569,-10.572,-2.938
10.799,-4.9424,-2.936
0.52791,-6.3771,2.849
5.5045,-11.574,2.76
6.0384,-0.10437,2.741
11.626,-5.7909,2.826
-0.97328,-11.072,2.746
5.1305,-5.1234,2.599
10.702,-10.517,2.797
5.7909,-6.0016,-3.232
11.109,-11.799,-3.036
11.617,0.024322,-3.108
-1.2724,-8.8322,-5.553
5.0449,-2.7963,-5.485
10.408,-8.2955,-5.556
5.9026,-8.427,5.196
11.603,-2.5114,5.177
1.9598,-10.842,5.634
8.2495,-5.0364,5.268
2.5333,-6.2159,-5.817
7.775,-11.789,-5.431
8.3662,-0.39711,-5.376
5.74,-8.3139,0.155
11.629,-2.4795,0.286
-0.82055,-8.5529,-0.247
4.9516,-2.6478,-0.444
10.283,-8.1067,-0.368
2.7744,-6.3213,-0.269
7.8443,-11.574,-0.056
8.5005,-0.083159,-0.362
2.0871,-10.999,0.171
8.4249,-4.9092,0.261
-11.316,5.1439,8.5822
-5.7464,11.381,8.4232
-10.565,9.8745,8.5322
-10.527,7.9094,11.694
-8.0225,11.36,11.724
-6.2678,0.26446,8.6302
-0.47871,-5.6929,8.5822
-0.038184,5.8944,8.6322
5.0905,0.54377,8.4232
-5.0459,4.8352,8.3362
0.27224,-0.96237,8.5322
0.78065,10.861,8.4602
-5.4879,-6.5711,8.6232
-12.109,2.0046,6.0152
-6.3392,-3.2209,6.1622
-5.7919,8.0405,6.0832
-0.42851,2.5413,6.0122
-8.3036,4.6209,5.7512
-3.0618,-0.95177,6.1372
-2.4706,10.44,6.1922
3.2555,5.1308,5.7922
-5.0968,2.523,11.723
0.30971,-2.9274,11.694
0.79267,8.3573,11.854
6.2296,3.0731,11.857
-11.657,2.284,11.321
-6.3668,-3.1848,11.062
-5.8852,8.189,11.124
-0.55366,2.7301,11.2
-8.0624,4.5156,11.299
-2.9925,-0.73681,11.512
-2.3363,10.754,11.206
3.2958,5.3422,11.127
-8.7497,-0.16263,11.739
-3.0144,-5.2856,11.789
-2.4119,5.9277,11.829
2.8143,0.52326,11.724
4.569,-10.572,8.6302
10.799,-4.9424,8.6322
5.7909,-6.0016,8.3362
11.109,-11.799,8.5322
11.617,0.024322,8.4602
-1.2724,-8.8322,6.0152
5.0449,-2.7963,6.0832
10.408,-8.2955,6.0122
2.5333,-6.2159,5.7512
7.775,-11.789,6.1372
8.3662,-0.39711,6.1922
5.74,-8.3139,11.723
11.629,-2.4795,11.854
-0.82055,-8.5529,11.321
4.9516,-2.6478,11.124
10.283,-8.1067,11.2
2.7744,-6.3213,11.299
7.8443,-11.574,11.512
8.5005,-0.083159,11.206
2.0871,-10.999,11.739
8.4249,-4.9092,11.829
6.7441,11.339,-8.8082
0.2663,11.842,-8.8222
5.4685,6.4189,-8.8262
11.942,12.396,-8.7712
12.602,8.9743,-6.1702
3.1994,12.071,-5.9342
8.9517,6.4698,-6.3612
12.386,9.149,-11.442
5.7096,8.8916,-12.074
9.0839,11.34,-11.624
3.3267,11.914,-11.397
9.062,6.7908,-11.347
12.604,5.6993,-8.7192
11.103,1.0048,-8.8222
11.256,3.5235,-11.815
5.8086,12.341,-2.938
11.598,6.3835,-2.986
6.7441,11.339,2.76
0.2663,11.842,2.746
5.4685,6.4189,2.742
11.942,12.396,2.797
12.349,11.114,-3.036
6.5885,5.5053,-2.945
5.7372,8.8555,-5.406
12.602,8.9743,5.398
3.1994,12.071,5.634
8.9517,6.4698,5.207
9.0146,11.125,-5.431
12.386,9.149,0.126
5.7096,8.8916,-0.506
9.0839,11.34,-0.056
3.3267,11.914,0.171
9.062,6.7908,0.221
12.604,5.6993,2.849
11.103,1.0048,2.746
10.804,3.2442,-5.553
11.256,3.5235,-0.247
5.8086,12.341,8.6302
11.598,6.3835,8.5822
12.349,11.114,8.5322
6.5885,5.5053,8.6232
5.7372,8.8555,6.1622
9.0146,11.125,6.1372
12.386,9.149,11.694
5.7096,8.8916,11.062
9.0839,11.34,11.512
3.3267,11.914,11.739
9.062,6.7908,11.789
10.804,3.2442,6.0152
11.256,3.5235,11.321
0,0,0
-0.037477,-0.37547,5.56
0.34719,5.5798,-0.025
5.6961,0.068162,-0.034
-0.1888,-5.7184,0.22
-5.927,-0.38184,-0.129
-0.037477,-0.37547,-6.0082
-5.427,5.1315,-0.298
5.4098,-5.7054,-0.298
0.18809,5.4263,5.7442
0.18809,5.4263,-5.824
5.6335,0.15486,-5.669
-5.6774,-0.45891,5.7782
-5.6774,-0.45891,-5.79
5.6335,0.15486,5.8992
-0.46386,-5.992,-5.76
-0.46386,-5.992,5.8082
5.9988,5.9295,0.063
-6.0776,-6.1469,0.063
-5.4136,5.1803,5.526
5.4232,-5.6566,5.526
-5.4136,5.1803,-6.0422
5.4232,-5.6566,-6.0422
6.1151,5.7375,-5.7
6.1151,5.7375,5.8682
-5.9613,-6.3389,-5.7
-5.9613,-6.3389,5.8682
11.288,0.47546,0.168
0.45113,11.312,0.168
5.0088e-16,-5.0088e-16,-11.568
-5.0088e-16,5.0088e-16,11.568
-0.78845,-11.601,0.168
-11.625,-0.76412,0.168
-5.1407,10.905,-0.034
-11.026,5.1185,0.22
4.9098,-11.219,-0.129
11.184,-5.2571,-0.025
0.3486,11.116,5.7382
0.3486,11.116,-5.83
11.185,0.27959,5.7382
11.185,0.27959,-5.83
-0.1888,-5.7184,-11.348
0.34719,5.5798,11.543
5.6961,0.068162,11.534
0.34719,5.5798,-11.593
-5.927,-0.38184,11.439
5.6961,0.068162,-11.602
-11.728,-0.95999,5.7382
-0.1888,-5.7184,11.788
-5.927,-0.38184,-11.697
-11.728,-0.95999,-5.83
-0.89098,-11.797,5.7382
-0.89098,-11.797,-5.83
6.1494,11.695,-0.129
-11.729,-6.4966,-0.025
-5.2033,10.992,-5.669
11.888,6.358,0.22
-5.2033,10.992,5.8992
-5.427,5.1315,11.27
11.025,-5.4105,5.7442
-11.301,4.8448,-5.76
11.025,-5.4105,-5.824
-6.3802,-12.008,-0.034
-11.301,4.8448,5.8082
5.1595,-11.296,5.7782
5.1595,-11.296,-5.79
5.4098,-5.7054,11.27
-5.427,5.1315,-11.866
5.4098,-5.7054,-11.866
5.9988,5.9295,-11.505
11.613,6.0844,-5.76
11.613,6.0844,5.8082
5.9988,5.9295,11.631
-6.0776,-6.1469,-11.505
6.399,11.618,5.7782
6.399,11.618,-5.79
-6.0776,-6.1469,11.631
-6.4429,-11.922,-5.669
-6.4429,-11.922,5.8992
-11.888,-6.6501,5.7442
-11.888,-6.6501,-5.824
-10.837,10.837,-9.3842e-16
10.837,-10.837,9.3842e-16
11.288,0.47546,-11.4
0.45113,11.312,-11.4
-10.874,10.461,5.56
-10.874,10.461,-6.0082
-0.78845,-11.601,-11.4
11.288,0.47546,11.736
-11.625,-0.76412,-11.4
0.45113,11.312,11.736
-0.78845,-11.601,11.736
10.799,-11.212,5.56
-11.625,-0.76412,11.736
-11.026,5.1185,-11.348
-5.1407,10.905,11.534
10.799,-11.212,-6.0082
-5.1407,10.905,-11.602
4.9098,-11.219,11.439
11.184,-5.2571,11.543
-11.026,5.1185,11.788
4.9098,-11.219,-11.697
11.184,-5.2571,-11.593
-12.076,-12.076,7.9602e-22
12.076,12.076,-7.9602e-22
6.1494,11.695,11.439
11.888,6.358,-11.348
6.1494,11.695,-11.697
12.039,11.701,5.56
-11.729,-6.4966,11.543
-11.729,-6.4966,-11.593
-6.3802,-12.008,11.534
12.039,11.701,-6.0082
-6.3802,-12.008,-11.602
11.888,6.358,11.788
-12.114,-12.452,5.56
-12.114,-12.452,-6.0082
-10.837,10.837,-11.568
10.837,-10.837,-11.568
-10.837,10.837,11.568
10.837,-10.837,11.568
-12.076,-12.076,-11.568
-12.076,-12.076,11.568
12.076,12.076,-11.568
12.076,12.076,11.568
