-10.027,-3.9486,-9.5324
-3.9422,-10.252,-9.7744
-10.417,-10.311,-9.6454
-10.027,-3.9486,3.362
-3.9422,-10.252,3.12
-9.3933,-9.3424,-3.222
-10.417,-10.311,3.249
-9.3933,-9.3424,9.6724
-9.6544,8.7168,-9.4074
-10.024,2.5098,-9.5784
-3.4093,9.1495,-9.3954
-3.445,2.6474,-9.6734
2.5703,-3.508,-9.4074
3.0837,9.162,-9.5324
9.1683,2.8581,-9.7744
-3.7618,-3.8806,-9.3604
2.2012,-9.7149,-9.5784
2.6934,2.7994,-9.6454
8.8155,-3.0752,-9.3954
8.7797,-9.5773,-9.6734
-9.6544,8.7168,3.487
-9.2457,-2.9985,-2.934
-8.8172,9.67,-3.498
-8.8292,3.2318,-2.839
-2.2729,9.7456,-3.138
-10.024,2.5098,3.316
-3.4093,9.1495,3.499
-3.445,2.6474,3.221
2.5703,-3.508,3.487
3.0837,9.162,3.362
9.1683,2.8581,3.12
-3.3651,-9.1026,-3.01
3.4075,-2.5548,-3.498
-2.4848,3.4507,-2.993
-2.8355,-3.0703,-3.042
3.3955,-8.993,-2.839
3.7173,3.7682,-3.222
9.9518,-2.4791,-3.138
-3.7618,-3.8806,3.534
2.2012,-9.7149,3.316
2.6934,2.7994,3.249
8.8155,-3.0752,3.499
8.7797,-9.5773,3.221
9.74,-8.7741,-2.993
-9.2457,-2.9985,9.9604
-8.8172,9.67,9.3964
-8.8292,3.2318,10.055
-2.2729,9.7456,9.7564
-3.3651,-9.1026,9.8844
3.4075,-2.5548,9.3964
-2.4848,3.4507,9.9014
-2.8355,-3.0703,9.8524
3.3955,-8.993,10.055
3.7173,3.7682,9.6724
9.9518,-2.4791,9.7564
9.74,-8.7741,9.9014
9.3488,9.23,-9.3604
3.8648,10.112,-2.934
9.7454,4.008,-3.01
10.275,10.04,-3.042
9.3488,9.23,3.534
3.8648,10.112,9.9604
9.7454,4.008,9.8844
10.275,10.04,9.8524
-9.1041,-9.6005,-9.6574
-9.7956,-4.3792,-3.098
-3.8376,-10.517,-3.125
-9.1041,-9.6005,3.237
-10.653,-10.093,-2.941
-9.7956,-4.3792,9.7964
-3.8376,-10.517,9.7694
-10.653,-10.093,9.9534
-9.4402,-2.5722,-9.5454
-9.1658,10.129,-9.4564
-2.7106,3.9509,-9.6674
-8.68,3.1618,-9.6094
-1.9441,9.4281,-9.3294
-3.4394,-8.8487,-9.6814
3.0589,-2.0959,-9.4564
9.5141,-8.2739,-9.6674
-2.4805,-3.1268,-9.5124
3.5447,-9.063,-9.6094
4.0065,3.5101,-9.6574
10.281,-2.7966,-9.3294
-9.5731,8.4431,-3.093
-9.4402,-2.5722,3.349
-9.1658,10.129,3.438
-2.7106,3.9509,3.227
-8.68,3.1618,3.285
-1.9441,9.4281,3.565
-10.199,2.7149,-3.139
-3.6871,9.2521,-3.06
-3.0844,2.0803,-2.905
2.6517,-3.7816,-3.093
3.3149,8.7314,-3.098
9.273,2.5937,-3.125
-3.4394,-8.8487,3.213
3.0589,-2.0959,3.438
9.5141,-8.2739,3.227
-2.4805,-3.1268,3.382
3.5447,-9.063,3.285
4.0065,3.5101,3.237
10.281,-2.7966,3.565
-4.2101,-3.6289,-2.865
2.0259,-9.5099,-3.139
2.4579,3.0179,-2.941
8.5376,-2.9727,-3.06
9.1404,-10.144,-2.905
-9.5731,8.4431,9.8014
-10.199,2.7149,9.7554
-3.6871,9.2521,9.8344
-3.0844,2.0803,9.9894
2.6517,-3.7816,9.8014
3.3149,8.7314,9.7964
9.273,2.5937,9.7694
-4.2101,-3.6289,10.029
2.0259,-9.5099,9.7554
2.4579,3.0179,9.9534
8.5376,-2.9727,9.8344
9.1404,-10.144,9.9894
3.6704,10.538,-9.5454
9.6712,4.2618,-9.6814
10.63,9.9837,-9.5124
3.6704,10.538,3.349
9.6712,4.2618,3.213
10.63,9.9837,3.382
8.9004,9.4817,-2.865
8.9004,9.4817,10.029
-12.088,-3.4484,-6.6594
-11.897,-3.6103,-12.425
-12.145,-7.2041,-9.5744
-6.2919,-13.264,-9.6834
-13.744,-12.658,-9.5314
-6.0112,-9.6472,-6.8374
-10.107,-12.158,-6.6164
-6.1795,-9.8579,-12.499
-13.579,-9.9067,-12.925
-9.737,-7.4092,-13.202
-3.5667,-13.502,-13.192
-10.022,-12.481,-12.369
-13.634,-6.5144,-3.169
-12.088,-3.4484,6.235
-11.897,-3.6103,0.469
-7.6411,-12.362,-3.151
-12.145,-7.2041,3.32
-6.2919,-13.264,3.211
-13.744,-12.658,3.363
-12.877,-13.876,-2.932
-6.3648,-7.2684,-3.102
-13.78,-9.7822,-6.211
-6.0112,-9.6472,6.057
-10.107,-12.158,6.278
-9.8961,-7.4212,-6.274
-3.7251,-13.367,-5.913
-6.1795,-9.8579,0.395
-13.579,-9.9067,-0.031
-9.737,-7.4092,-0.308
-3.5667,-13.502,-0.298
-10.022,-12.481,0.525
-13.634,-6.5144,9.7254
-11.897,-3.6103,13.363
-7.6411,-12.362,9.7434
-12.877,-13.876,9.9624
-6.3648,-7.2684,9.7924
-13.78,-9.7822,6.6834
-9.8961,-7.4212,6.6204
-3.7251,-13.367,6.9814
-6.1795,-9.8579,13.289
-13.579,-9.9067,12.863
-9.737,-7.4092,12.586
-3.5667,-13.502,12.596
-10.022,-12.481,13.419
-11.919,5.4846,-9.5304
-5.4061,12.071,-9.6834
-13.034,0.45355,-9.4934
-12.858,12.677,-9.5314
-6.633,7.0304,-9.6914
-11.661,9.1736,-6.4524
-5.5391,2.7785,-6.6514
1.0222,9.6622,-6.6594
-9.5639,0.3291,-6.8144
-9.2217,13.177,-6.6164
-3.0578,7.0544,-6.4734
-11.767,8.9162,-12.202
-5.5822,2.7891,-12.479
1.2138,9.5003,-12.425
-13.312,2.7177,-13.151
-6.9321,9.3178,-13.305
-9.2104,5.4118,-13.032
-2.6809,11.834,-13.192
-9.5696,0.41112,-12.587
-9.1361,12.854,-12.369
-2.9581,7.0975,-12.477
-5.7778,-0.886,-9.4604
0.30547,-6.7401,-9.5304
0.9652,5.9065,-9.5744
6.8186,-0.15344,-9.6834
-6.9806,-5.7417,-9.6774
-0.80964,-11.771,-9.4934
-0.63357,0.45255,-9.5314
5.5918,-5.1944,-9.6914
0.56356,-3.0512,-6.4524
6.6857,-9.4462,-6.6514
7.0994,3.4634,-6.8374
13.247,-2.5626,-6.6594
-3.6218,-5.7177,-6.4164
2.6608,-11.896,-6.8144
3.0031,0.95247,-6.6164
9.1669,-5.1704,-6.4734
0.4575,-3.3086,-12.202
6.6426,-9.4356,-12.479
6.9311,3.2527,-12.499
13.439,-2.7245,-12.425
-7.1022,-3.4733,-13.194
-1.0868,-9.507,-13.151
-0.46881,3.2039,-12.925
5.2927,-2.9069,-13.305
-3.1198,-0.95601,-13.047
3.0144,-6.813,-13.032
3.3736,5.7014,-13.202
9.5438,-0.39103,-13.192
-3.4542,-5.8103,-12.581
2.6552,-11.814,-12.587
3.0886,0.62933,-12.369
9.2666,-5.1272,-12.477
6.447,-13.111,-9.4604
13.19,-6.3183,-9.5744
11.591,-11.772,-9.5314
11.756,-9.0209,-12.925
9.105,-13.181,-13.047
-12.691,6.5538,-3.081
-6.8642,0.15798,-3.129
-6.7553,12.974,-3.151
-0.52355,6.5962,-3.169
-11.919,5.4846,3.364
-5.4061,12.071,3.211
-13.034,0.45355,3.401
-12.858,12.677,3.363
-6.633,7.0303,3.203
-11.991,11.459,-2.932
-5.6522,5.4132,-3.068
-12.094,-0.91965,-3.105
-13.247,2.8266,-5.969
-6.6605,9.4027,-6.285
-11.661,9.1736,6.442
-5.5391,2.7785,6.243
1.0222,9.6622,6.235
-9.5639,0.3291,6.08
-9.2217,13.177,6.278
-3.0578,7.0544,6.421
-9.2507,5.2979,-5.93
-2.8393,11.968,-5.913
-11.767,8.9162,0.692
-5.5822,2.7891,0.415
1.2138,9.5003,0.469
-13.312,2.7177,-0.257
-6.9321,9.3178,-0.411
-9.2104,5.4118,-0.138
-2.6809,11.834,-0.298
-9.5696,0.41112,0.307
-9.1361,12.854,0.525
-2.9581,7.0975,0.417
-0.46669,-5.671,-3.081
5.3606,-12.067,-3.129
5.4695,0.74883,-3.151
11.701,-5.6286,-3.169
-5.7778,-0.886,3.434
0.30547,-6.7401,3.364
0.9652,5.9065,3.32
6.8186,-0.15344,3.211
-6.9806,-5.7417,3.217
-0.80964,-11.771,3.401
-0.63357,0.45255,3.363
5.5918,-5.1944,3.203
0.23405,-0.7658,-2.932
6.5726,-6.8116,-3.068
6.7458,5.8421,-3.102
0.13081,-13.144,-3.105
-7.2973,-3.5384,-5.874
-1.0218,-9.3982,-5.969
-0.66963,3.3284,-6.211
5.5642,-2.8221,-6.285
0.56356,-3.0512,6.442
6.6857,-9.4462,6.243
7.0994,3.4634,6.057
13.247,-2.5626,6.235
-3.6218,-5.7177,6.478
2.6608,-11.896,6.08
3.0031,0.95247,6.278
9.1669,-5.1704,6.421
-3.2251,-0.93692,-5.783
2.9741,-6.9268,-5.93
3.2145,5.6894,-6.274
9.3854,-0.25668,-5.913
0.4575,-3.3086,0.692
6.6426,-9.4356,0.415
6.9311,3.2527,0.395
13.439,-2.7245,0.469
-7.1022,-3.4733,-0.3
-1.0868,-9.5071,-0.257
-0.46881,3.2039,-0.031
5.2927,-2.9069,-0.411
-3.1198,-0.95601,-0.153
3.0144,-6.813,-0.138
3.3736,5.7014,-0.308
9.5438,-0.39103,-0.298
-3.4542,-5.8103,0.313
2.6552,-11.814,0.307
3.0886,0.62933,0.525
9.2666,-5.1272,0.417
6.447,-13.111,3.434
13.19,-6.3183,3.32
11.591,-11.772,3.363
12.459,-12.991,-2.932
11.555,-8.8964,-6.211
8.9996,-13.162,-5.783
11.756,-9.0209,-0.031
9.105,-13.181,-0.153
-12.691,6.5538,9.8134
-6.8642,0.15798,9.7654
-6.7553,12.974,9.7434
-0.52355,6.5962,9.7254
-11.991,11.459,9.9624
-5.6522,5.4132,9.8264
-12.094,-0.91965,9.7894
-13.247,2.8266,6.9254
-6.6605,9.4027,6.6094
-9.2507,5.2979,6.9644
-2.8393,11.968,6.9814
-11.767,8.9162,13.586
-5.5822,2.7891,13.309
1.2138,9.5003,13.363
-13.312,2.7177,12.637
-6.9321,9.3178,12.483
-9.2104,5.4118,12.756
-2.6809,11.834,12.596
-9.5696,0.41112,13.201
-9.1361,12.854,13.419
-2.9581,7.0975,13.311
-0.46669,-5.671,9.8134
5.3606,-12.067,9.7654
5.4695,0.74882,9.7434
11.701,-5.6286,9.7254
0.23405,-0.7658,9.9624
6.5726,-6.8116,9.8264
6.7458,5.8421,9.7924
0.13081,-13.144,9.7894
-7.2973,-3.5384,7.0204
-1.0218,-9.3982,6.9254
-0.66963,3.3284,6.6834
5.5642,-2.8221,6.6094
-3.2251,-0.93692,7.1114
2.9741,-6.9268,6.9644
3.2145,5.6894,6.6204
9.3854,-0.25668,6.9814
0.4575,-3.3086,13.586
6.6426,-9.4356,13.309
6.9311,3.2527,13.289
13.439,-2.7245,13.363
-7.1022,-3.4733,12.594
-1.0868,-9.5071,12.637
-0.46881,3.2039,12.863
5.2927,-2.9069,12.483
-3.1198,-0.95601,12.741
3.0144,-6.813,12.756
3.3736,5.7014,12.586
9.5438,-0.39103,12.596
-3.4542,-5.8103,13.207
2.6552,-11.814,13.201
3.0886,0.62932,13.419
9.2666,-5.1272,13.311
12.459,-12.991,9.9624
11.555,-8.8964,6.6834
8.9996,-13.162,7.1114
11.756,-9.0209,12.863
9.105,-13.181,12.741
0.076168,13.564,-9.4934
3.5466,13.44,-6.8144
3.541,13.522,-12.587
7.3328,12.225,-9.4604
13.416,6.3704,-9.5304
6.13,7.3689,-9.6774
12.301,1.3394,-9.4934
12.477,13.563,-9.5314
13.674,10.059,-6.4524
9.4888,7.3929,-6.4164
13.568,9.802,-12.202
6.0084,9.6373,-13.194
12.024,3.6035,-13.151
9.9908,12.155,-13.047
9.6563,7.3003,-12.581
6.2464,13.269,-3.129
0.076168,13.564,3.401
1.0166,12.191,-3.105
3.5466,13.44,6.08
3.541,13.522,0.307
12.644,7.4396,-3.081
7.3328,12.225,3.434
13.416,6.3704,3.364
6.13,7.3689,3.217
12.301,1.3394,3.401
12.477,13.563,3.363
13.345,12.345,-2.932
13.241,-0.033847,-3.105
5.8132,9.5722,-5.874
12.089,3.7124,-5.969
13.674,10.059,6.442
9.4888,7.3929,6.478
9.8854,12.174,-5.783
13.568,9.802,0.692
6.0084,9.6373,-0.3
12.024,3.6035,-0.257
9.9908,12.155,-0.153
9.6563,7.3003,0.313
6.2464,13.269,9.7654
1.0166,12.191,9.7894
3.541,13.522,13.201
12.644,7.4396,9.8134
13.345,12.345,9.9624
13.241,-0.033848,9.7894
5.8132,9.5722,7.0204
12.089,3.7124,6.9254
9.8854,12.174,7.1114
13.568,9.802,13.586
6.0084,9.6373,12.594
12.024,3.6035,12.637
9.9908,12.155,12.741
9.6563,7.3003,13.207
0,0,0
-6.1441,-0.26375,0.461
-0.17253,-6.313,-0.099
0.23547,6.3449,0.294
-0.13506,-0.016263,6.424
6.4304,0.17253,0.218
-0.13506,-0.016262,-6.4704
6.1745,-5.8761,0.211
6.1886,0.24466,-6.156
-6.3534,-0.42214,-6.03
-6.0503,6.3487,0.211
0.10789,6.413,-6.224
-0.34719,-6.5344,6.31
6.1886,0.24466,6.7384
0.10789,6.413,6.6704
-6.5499,-6.557,0.263
6.5606,6.5536,0.263
-0.34719,-6.5344,-6.5844
-6.3534,-0.42214,6.8644
-6.0956,5.7901,-6.011
6.1292,-6.4347,-6.011
6.2395,6.3823,-6.18
-6.0956,5.7901,6.8834
6.2395,6.3823,6.7144
6.1292,-6.4347,6.8834
-6.8711,-6.7282,-6.18
-6.8711,-6.7282,6.7144
-12.539,-0.4572,-0.111
0.57114,12.653,-0.111
-0.31466,-12.682,-0.111
12.796,0.4286,-0.111
-6.9738e-17,1.4142e-06,-12.894
6.9738e-17,-1.4142e-06,12.894
-5.7943,12.397,0.218
-12.397,5.9117,-0.099
12.46,-5.8799,0.294
-6.1441,-0.26375,-12.433
6.0807,-12.489,0.461
-0.57064,-12.538,6.445
0.23547,6.3449,-12.6
-0.57064,-12.538,-6.4494
12.54,0.57285,6.445
12.54,0.57285,-6.4494
6.4304,0.17254,-12.676
-0.17253,-6.3131,12.795
-12.795,-0.31295,6.445
-12.795,-0.31295,-6.4494
0.31517,12.798,6.445
0.31517,12.798,-6.4494
-0.17253,-6.313,-12.993
-12.875,-6.7657,0.294
-6.6801,-12.938,0.218
6.4304,0.17253,13.112
12.938,6.7975,-0.099
6.9665,12.847,0.461
0.23547,6.3449,13.188
-6.1441,-0.26375,13.355
12.333,-5.8117,-6.224
-6.0362,12.469,-6.156
-12.572,5.6904,6.31
12.333,-5.8117,6.6704
5.8714,-12.647,-6.03
6.1745,-5.8761,-12.683
-12.572,5.6904,-6.5844
-6.0362,12.469,6.7384
-6.0503,6.3487,-12.683
5.8714,-12.647,6.8644
6.7572,12.688,-6.03
6.1745,-5.8761,13.105
-6.5499,-6.557,-12.631
6.5606,6.5536,-12.631
12.763,6.5762,6.31
-6.0503,6.3487,13.105
12.763,6.5762,-6.5844
-6.922,-12.866,-6.156
-13.003,-6.6975,-6.224
6.7572,12.688,6.8644
-13.003,-6.6975,6.6704
-6.922,-12.866,6.7384
-6.5499,-6.557,13.157
6.5606,6.5536,13.157
-12.225,12.225,-1.0586e-15
12.225,-12.225,1.0586e-15
-12.539,-0.45721,12.783
0.57114,12.653,12.783
-0.31466,-12.682,12.783
-12.539,-0.4572,-13.005
12.796,0.4286,12.783
0.57114,12.653,-13.005
-0.31466,-12.682,-13.005
12.796,0.4286,-13.005
12.09,-12.241,6.424
12.09,-12.241,-6.4704
-12.36,12.208,6.424
-12.36,12.208,-6.4704
-13.111,-13.111,0
13.111,13.111,0
6.0807,-12.489,-12.433
-5.7943,12.397,-12.676
12.46,-5.8799,-12.6
-12.397,5.9117,12.795
-12.397,5.9117,-12.993
-5.7943,12.397,13.112
12.46,-5.8799,13.188
6.9665,12.847,-12.433
-12.875,-6.7657,-12.6
6.0807,-12.489,13.355
-6.6801,-12.938,-12.676
12.938,6.7975,12.795
12.976,13.094,6.424
12.976,13.094,-6.4704
12.938,6.7975,-12.993
-6.6801,-12.938,13.112
-12.875,-6.7657,13.188
-13.246,-13.127,6.424
-13.246,-13.127,-6.4704
6.9665,12.847,13.355
-12.225,12.225,12.894
12.225,-12.225,-12.894
-12.225,12.225,-12.894
12.225,-12.225,12.894
13.111,13.111,12.894
-13.111,-13.111,-12.894
-13.111,-13.111,12.894
13.111,13.111,-12.894
