-10.234,-3.681,-9.6054
-3.8135,-9.5835,-9.5934
-10.301,-9.6196,-9.6624
-10.234,-3.681,3.289
-3.8135,-9.5835,3.301
-9.3205,-9.2625,-3.092
-10.301,-9.6196,3.232
-9.3205,-9.2625,9.8024
-3.6886,2.915,-9.6544
-9.4444,8.7133,-9.0344
2.8769,9.4296,-9.6054
-9.8043,2.7997,-9.7534
-3.3018,9.4776,-9.2004
8.5362,-9.3098,-9.6544
2.7803,-3.5115,-9.0344
9.297,3.5271,-9.5934
-3.9647,-3.2859,-9.7494
2.4204,-9.425,-9.7534
2.8093,3.491,-9.6624
8.923,-2.7471,-9.2004
-3.6886,2.915,3.24
-9.4444,8.7133,3.86
2.8769,9.4296,3.289
-9.3695,9.9196,-3.007
-9.1587,3.5118,-2.871
-2.227,10.077,-2.985
-9.8043,2.7997,3.141
-3.3018,9.4776,3.694
8.5362,-9.3098,3.24
2.7803,-3.5115,3.86
9.297,3.527,3.301
-3.2555,-8.8572,-2.97
-9.319,-2.8419,-3.155
2.8553,-2.3052,-3.007
-2.7096,3.7703,-2.881
-2.979,-2.4063,-3.057
3.066,-8.713,-2.871
3.7901,3.8481,-3.092
9.9978,-2.1475,-2.985
-3.9647,-3.2859,3.145
2.4204,-9.425,3.141
2.8093,3.491,3.232
8.923,-2.7471,3.694
9.5151,-8.4545,-2.881
-9.3695,9.9196,9.8874
-9.1587,3.5118,10.023
-2.227,10.077,9.9094
-3.2555,-8.8572,9.9244
-9.319,-2.8419,9.7394
2.8553,-2.3052,9.8874
-2.7096,3.7703,10.013
-2.979,-2.4063,9.8374
3.066,-8.713,10.023
3.7901,3.8481,9.8024
9.9978,-2.1475,9.9094
9.5151,-8.4545,10.013
9.1458,9.8246,-9.7494
9.855,4.2533,-2.97
3.7916,10.269,-3.155
10.132,10.704,-3.057
9.1458,9.8246,3.145
9.855,4.2533,9.9244
3.7916,10.269,9.7394
10.132,10.704,9.8374
-8.9111,-9.1769,-9.3114
-9.942,-4.1932,-3.225
-4.0207,-10.107,-2.688
-8.9111,-9.1769,3.583
-10.566,-10.041,-2.828
-9.942,-4.1932,9.6694
-4.0207,-10.107,10.206
-10.566,-10.041,10.066
-9.5731,-2.3459,-9.5344
-8.7288,9.9366,-9.5084
-3.1087,4.274,-9.4324
-8.3717,3.1307,-9.4444
-1.8762,9.8977,-9.3694
-3.2859,-8.2088,-9.3434
3.4959,-2.2882,-9.5084
9.116,-7.9507,-9.4324
-2.5611,-2.7874,-9.6414
3.853,-9.0941,-9.4444
4.1995,3.9336,-9.3114
10.349,-2.3271,-9.3694
-9.7393,8.4835,-3.197
-9.5731,-2.3459,3.36
-8.7288,9.9366,3.386
-3.1087,4.274,3.462
-8.3717,3.1307,3.45
-1.8762,9.8977,3.525
-10.542,2.997,-3.071
-3.6589,9.6961,-3.126
-3.2916,2.3851,-2.932
2.4855,-3.7413,-3.197
3.1685,8.9173,-3.225
9.0899,3.0031,-2.688
-3.2859,-8.2088,3.551
3.4959,-2.2882,3.386
9.116,-7.9507,3.462
-2.5611,-2.7874,3.253
3.853,-9.0941,3.45
4.1995,3.9336,3.583
10.349,-2.3271,3.525
-4.3084,-3.0893,-3.078
1.6829,-9.2277,-3.071
2.5449,3.0696,-2.828
8.5659,-2.5286,-3.126
8.9332,-9.8397,-2.932
-9.7393,8.4835,9.6974
-10.542,2.997,9.8234
-3.6589,9.6961,9.7684
-3.2916,2.3851,9.9624
2.4855,-3.7413,9.6974
3.1685,8.9173,9.6694
9.0899,3.0031,10.206
-4.3084,-3.0894,9.8164
1.6829,-9.2277,9.8234
2.5449,3.0695,10.066
8.5659,-2.5286,9.7684
8.9332,-9.8397,9.9624
3.5375,10.765,-9.5344
9.8246,4.9018,-9.3434
10.549,10.323,-9.6414
3.5375,10.765,3.36
9.8246,4.9018,3.551
10.549,10.323,3.253
8.8022,10.021,-3.078
8.8022,10.021,9.8164
-12.106,-3.3062,-6.4884
-12.392,-3.2539,-12.242
-12.307,-6.8357,-9.3334
-6.1569,-12.859,-9.5424
-14.032,-12.223,-9.7214
-5.7588,-9.4301,-6.5334
-10.067,-11.914,-6.8314
-6.1724,-9.4633,-12.13
-13.773,-9.5644,-12.798
-9.8543,-7.0499,-12.979
-3.8453,-13.173,-13.108
-10.187,-12.073,-12.287
-13.739,-6.1184,-2.929
-12.263,-0.9346,-3.004
-12.106,-3.3062,6.406
-12.392,-3.2539,0.652
-7.4855,-12.1,-3.158
-12.307,-6.8357,3.561
-6.1569,-12.859,3.352
-14.032,-12.223,3.173
-12.903,-13.253,-3.131
-0.038278,-13.159,-3.004
-13.678,-9.5948,-5.897
-5.7588,-9.4301,6.361
-10.067,-11.914,6.063
-9.6698,-7.0181,-6.012
-3.5943,-13.263,-5.937
-6.1724,-9.4633,0.764
-13.773,-9.5644,0.096
-9.8543,-7.0499,-0.085
-3.8453,-13.173,-0.214
-10.187,-12.073,0.607
-13.739,-6.1184,9.9654
-12.263,-0.9346,9.8904
-12.392,-3.2539,13.546
-7.4855,-12.1,9.7364
-12.903,-13.253,9.7634
-0.038278,-13.159,9.8904
-13.678,-9.5948,6.9974
-9.6698,-7.0181,6.8824
-3.5943,-13.263,6.9574
-6.1724,-9.4633,13.658
-13.773,-9.5644,12.99
-9.8543,-7.05,12.809
-3.8453,-13.173,12.68
-10.187,-12.073,13.501
-11.803,5.9174,-9.4824
-5.2711,12.476,-9.5424
-13.147,0.58719,-9.6374
-13.146,13.112,-9.7214
-6.0171,7.1244,-9.3124
-11.686,9.3709,-6.5184
-5.3998,3.1497,-6.4954
1.0045,9.8043,-6.4884
-9.5377,0.69326,-6.7644
-9.1814,13.421,-6.8314
-2.985,7.0989,-6.2924
-11.286,9.2521,-12.519
-5.4613,3.2608,-12.849
0.71883,9.8567,-12.242
-13.319,3.2261,-13.103
-6.9413,9.6155,-13.171
-9.3419,5.5433,-12.971
-2.9595,12.162,-13.108
-9.5625,0.78306,-12.598
-9.3016,13.263,-12.287
-3.1406,7.4977,-12.302
-5.9949,-0.27436,-9.6884
0.42144,-6.3074,-9.4824
0.80327,6.2749,-9.3334
6.9537,0.25173,-9.5424
-6.9162,-5.239,-9.5904
-0.92207,-11.638,-9.6374
-0.92136,0.88742,-9.7214
6.2077,-5.1004,-9.3124
0.53882,-2.8539,-6.5184
6.825,-9.075,-6.4954
7.3518,3.6805,-6.5334
13.229,-2.4204,-6.4884
-3.438,-5.2524,-6.6624
2.687,-11.531,-6.7644
3.0434,1.1964,-6.8314
9.2398,-5.1258,-6.2924
0.93904,-2.9727,-12.519
6.7635,-8.964,-12.849
6.9381,3.6473,-12.13
12.944,-2.3681,-12.242
-7.344,-3.0278,-13.103
-1.0946,-8.9986,-13.103
-0.66256,3.5461,-12.798
5.2835,-2.6092,-13.171
-3.2605,-0.64559,-12.967
2.8829,-6.6815,-12.971
3.2562,6.0606,-12.979
9.2652,-0.062931,-13.108
-3.4747,-5.5564,-12.4
2.6623,-11.442,-12.598
2.9232,1.038,-12.287
9.0842,-4.727,-12.302
6.2299,-12.499,-9.6884
13.028,-5.9499,-9.3334
11.303,-11.337,-9.7214
11.562,-8.6786,-12.798
8.9643,-12.87,-12.967
-13.227,6.8903,-3.023
-7.4108,0.53911,-3.259
-6.5997,13.235,-3.158
-0.6282,6.9922,-2.929
-11.803,5.9174,3.412
-5.2711,12.476,3.352
-13.147,0.58719,3.257
-13.146,13.112,3.173
-6.0171,7.1244,3.582
-12.017,12.082,-3.131
-5.6904,5.7653,-2.969
0.84753,12.176,-3.004
-13.253,3.0706,-5.747
-6.7362,9.6297,-5.751
-11.686,9.3709,6.376
-5.3998,3.1497,6.399
1.0045,9.8043,6.406
-9.5377,0.69326,6.13
-9.1814,13.421,6.063
-2.985,7.0989,6.602
-9.221,5.718,-6.023
-2.7085,12.072,-5.937
-11.286,9.2521,0.375
-5.4613,3.2608,0.045
0.71883,9.8567,0.652
-13.319,3.2261,-0.209
-6.9413,9.6155,-0.277
-9.3419,5.5433,-0.077
-2.9595,12.162,-0.214
-9.5625,0.78306,0.296
-9.3016,13.263,0.607
-3.1406,7.4977,0.592
-1.0027,-5.3344,-3.023
4.814,-11.686,-3.259
5.625,1.0105,-3.158
11.597,-5.2326,-2.929
-5.9949,-0.27436,3.206
0.42144,-6.3074,3.412
0.80327,6.2749,3.561
6.9537,0.25173,3.352
-6.9162,-5.239,3.304
-0.92207,-11.638,3.257
-0.92136,0.88742,3.173
6.2077,-5.1004,3.582
0.20789,-0.14284,-3.131
6.5344,-6.4594,-2.969
-6.0882,-6.412,-2.976
13.072,-0.04879,-3.004
-7.139,-3.0179,-5.94
-1.0281,-9.1542,-5.747
-0.5671,3.5157,-5.897
5.4886,-2.5951,-5.751
0.53882,-2.8539,6.376
6.825,-9.075,6.399
7.3518,3.6805,6.361
13.229,-2.4204,6.406
-3.438,-5.2524,6.232
2.687,-11.531,6.13
3.0434,1.1964,6.063
9.2398,-5.1258,6.602
-3.2286,-0.50629,-6.204
3.0038,-6.5068,-6.023
3.4408,6.0924,-6.012
9.5162,-0.15274,-5.937
0.93904,-2.9727,0.375
6.7635,-8.964,0.045
6.9381,3.6473,0.764
12.944,-2.3681,0.652
-7.344,-3.0278,-0.209
-1.0946,-8.9986,-0.209
-0.66256,3.5461,0.096
5.2835,-2.6092,-0.277
-3.2605,-0.64559,-0.073
2.8829,-6.6815,-0.077
3.2562,6.0606,-0.085
9.2652,-0.062933,-0.214
-3.4747,-5.5564,0.494
2.6623,-11.442,0.296
2.9232,1.038,0.607
9.0842,-4.727,0.592
6.2299,-12.499,3.206
13.028,-5.9499,3.561
11.303,-11.337,3.173
12.433,-12.368,-3.131
11.658,-8.709,-5.897
8.9961,-12.731,-6.204
11.562,-8.6786,0.096
8.9643,-12.87,-0.073
-13.227,6.8903,9.8714
-7.4108,0.53911,9.6354
-6.5997,13.235,9.7364
-0.6282,6.9922,9.9654
-12.017,12.082,9.7634
-5.6904,5.7653,9.9254
0.84753,12.176,9.8904
-13.253,3.0705,7.1474
-6.7362,9.6297,7.1434
-9.221,5.718,6.8714
-2.7085,12.072,6.9574
-11.286,9.2521,13.269
-5.4613,3.2608,12.939
0.71883,9.8567,13.546
-13.319,3.2261,12.685
-6.9413,9.6155,12.617
-9.3419,5.5433,12.817
-2.9595,12.162,12.68
-9.5625,0.78306,13.19
-9.3016,13.263,13.501
-3.1406,7.4977,13.486
-1.0027,-5.3344,9.8714
4.814,-11.686,9.6354
5.625,1.0105,9.7364
11.597,-5.2326,9.9654
0.20789,-0.14284,9.7634
6.5344,-6.4594,9.9254
-6.0882,-6.412,9.9184
13.072,-0.048792,9.8904
-7.139,-3.0179,6.9544
-1.0281,-9.1542,7.1474
-0.5671,3.5157,6.9974
5.4886,-2.5951,7.1434
-3.2286,-0.50629,6.6904
3.0038,-6.5068,6.8714
3.4408,6.0924,6.8824
9.5162,-0.15274,6.9574
0.93904,-2.9727,13.269
6.7635,-8.964,12.939
6.9381,3.6473,13.658
12.944,-2.3681,13.546
-7.344,-3.0278,12.685
-1.0946,-8.9986,12.685
-0.66256,3.5461,12.99
5.2835,-2.6092,12.617
-3.2605,-0.64559,12.821
2.8829,-6.6815,12.817
3.2562,6.0606,12.809
9.2652,-0.062934,12.68
-3.4747,-5.5564,13.388
2.6623,-11.442,13.19
2.9232,1.038,13.501
9.0842,-4.727,13.486
12.433,-12.368,9.7634
11.658,-8.709,6.9974
8.9961,-12.731,6.6904
11.562,-8.6786,12.99
8.9643,-12.87,12.821
-0.036262,13.698,-9.6374
3.5728,13.804,-6.7644
3.5481,13.894,-12.598
7.1157,12.836,-9.6884
13.532,6.8032,-9.4824
6.1943,7.8716,-9.5904
12.188,1.473,-9.6374
12.189,13.998,-9.7214
13.649,10.257,-6.5184
9.6726,7.8582,-6.6624
14.05,10.138,-12.519
5.7665,10.083,-13.103
12.016,4.1119,-13.103
9.8501,12.465,-12.967
9.6358,7.5541,-12.4
5.6998,13.65,-3.259
-0.036262,13.698,3.257
3.5728,13.804,6.13
3.5481,13.894,0.296
12.108,7.7761,-3.023
7.1157,12.836,3.206
13.532,6.8032,3.412
6.1943,7.8716,3.304
12.188,1.473,3.257
12.189,13.998,3.173
13.318,12.968,-3.131
7.0224,6.6985,-2.976
5.9716,10.093,-5.94
12.082,3.9564,-5.747
13.649,10.257,6.376
9.6726,7.8582,6.232
9.8819,12.604,-6.204
14.05,10.138,0.375
5.7665,10.083,-0.209
12.016,4.1119,-0.209
9.8501,12.465,-0.073
9.6358,7.5541,0.494
5.6998,13.65,9.6354
3.5481,13.894,13.19
12.108,7.7761,9.8714
13.318,12.968,9.7634
7.0224,6.6985,9.9184
5.9716,10.093,6.9544
12.082,3.9564,7.1474
9.8819,12.604,6.6904
14.05,10.138,13.269
5.7665,10.083,12.685
12.016,4.1119,12.685
9.8501,12.465,12.821
9.6358,7.5541,13.388
0,0,0
-0.18173,-5.9758,0.304
-0.053033,0.42497,6.243
6.2537,0.32244,0.305
-6.3654,0.032527,-0.294
0.22132,6.6221,0.077
-0.053033,0.42497,-6.6514
-0.5176,-5.9736,-5.916
6.202,-5.7424,0.072
-6.0227,6.4823,0.072
6.4721,0.43204,-6.048
-6.3526,0.12021,6.314
-6.3526,0.12021,-6.5804
-6.6943,-6.2912,0.419
-0.5176,-5.9736,6.9784
0.10648,6.7666,-6.3154
6.4163,6.8193,0.419
6.4721,0.43204,6.8464
0.10648,6.7666,6.579
6.1723,-5.9135,-6.244
-6.0524,6.3112,-6.244
6.1723,-5.9135,6.6504
-6.0524,6.3112,6.6504
-6.7134,-6.3683,-5.976
6.3972,6.7423,-5.976
-6.7134,-6.3683,6.9184
6.3972,6.7423,6.9184
-0.52972,-12.314,0.357
12.581,0.7962,0.357
-12.754,-0.089603,0.357
-6.9738e-17,1.4142e-06,-12.894
6.9738e-17,-1.4142e-06,12.894
0.35609,13.021,0.357
5.8594,-12.192,-0.294
-0.35285,-12.314,-5.846
12.446,-5.6027,0.077
-12.578,-0.089509,-5.846
-12.406,6.249,0.304
-5.9711,12.547,0.305
-0.18173,-5.9758,-12.59
12.758,0.7963,-5.846
6.2537,0.32244,-12.589
-6.3654,0.032525,12.6
-0.35285,-12.314,7.0484
0.53296,13.021,-5.846
-12.578,-0.089511,7.0484
0.22132,6.6221,-12.817
-12.889,-6.4885,0.077
-0.18173,-5.9758,13.198
-6.8569,-12.788,0.305
0.22132,6.6221,12.971
12.758,0.79629,7.0484
6.2537,0.32244,13.199
-6.3654,0.032528,-13.188
12.929,7.1348,0.304
6.7452,13.143,-0.294
0.53296,13.021,7.0484
5.8721,-12.105,6.314
12.331,-5.4582,-6.3154
5.8721,-12.105,-6.5804
12.331,-5.4582,6.579
-5.7526,12.657,-6.048
6.202,-5.7424,-12.822
-12.742,6.2511,-5.916
6.202,-5.7424,12.966
-6.6943,-6.2912,-12.475
-5.7526,12.657,6.8464
-6.6384,-12.679,-6.048
-6.0227,6.4823,-12.822
6.4163,6.8193,-12.475
12.593,7.1369,-5.916
-6.0227,6.4823,12.966
-13.004,-6.344,-6.3154
-12.742,6.2511,6.9784
-6.6384,-12.679,6.8464
-13.004,-6.344,6.579
12.593,7.1369,6.9784
6.7579,13.231,6.314
-6.6943,-6.2912,13.313
6.7579,13.231,-6.5804
6.4163,6.8193,13.313
-12.225,12.225,-1.0586e-15
12.225,-12.225,1.0586e-15
-0.52972,-12.314,-12.537
12.581,0.7962,-12.537
-12.754,-0.089602,-12.537
12.172,-11.8,6.243
0.35609,13.021,-12.537
-0.52972,-12.314,13.251
12.172,-11.8,-6.6514
12.581,0.7962,13.251
-12.754,-0.089605,13.251
5.8594,-12.192,12.6
-13.111,-13.111,0
13.111,13.111,0
0.35609,13.021,13.251
-12.278,12.65,6.243
12.446,-5.6027,-12.817
-12.406,6.249,-12.59
-5.9711,12.547,-12.589
12.446,-5.6027,12.971
-12.278,12.65,-6.6514
5.8594,-12.192,-13.188
-12.406,6.249,13.198
-5.9711,12.547,13.199
-6.8569,-12.788,-12.589
-12.889,-6.4885,-12.817
-13.164,-12.686,6.243
-12.889,-6.4885,12.971
12.929,7.1348,-12.59
6.7452,13.143,12.6
-13.164,-12.686,-6.6514
-6.8569,-12.788,13.199
6.7452,13.143,-13.188
12.929,7.1348,13.198
13.058,13.536,6.243
13.058,13.536,-6.6514
12.225,-12.225,-12.894
-12.225,12.225,12.894
-12.225,12.225,-12.894
12.225,-12.225,12.894
-13.111,-13.111,-12.894
13.111,13.111,12.894
-13.111,-13.111,12.894
13.111,13.111,-12.894
