-9.7092,-4.1401,-9.1568
-3.8431,-9.7064,-9.1748
-9.9199,-10.066,-9.0718
-9.7092,-4.1401,2.946
-3.8431,-9.7064,2.928
-8.7787,-9.0432,-3.156
-9.9199,-10.066,3.031
-8.7787,-9.0432,8.9468
-9.125,8.0035,-9.1468
-9.4389,2.0299,-8.9688
-2.9844,8.3132,-9.1408
-3.3121,2.1355,-9.3318
2.2847,-3.4061,-9.1468
2.7881,8.3573,-9.1568
8.6543,2.791,-9.1748
-3.6331,-3.5751,-9.0818
1.9707,-9.3798,-8.9688
2.5774,2.4317,-9.0718
8.4252,-3.0964,-9.1408
8.0975,-9.2742,-9.3318
-9.125,8.0035,2.956
-8.7078,-2.7968,-3.181
-8.1838,9.1328,-3.126
-2.4725,3.4625,-3.117
-8.4292,2.959,-3.004
-2.1112,9.137,-3.087
-9.4389,2.0299,3.134
-2.9844,8.3132,2.962
-3.3121,2.1355,2.771
2.2847,-3.4061,2.956
2.7881,8.3573,2.946
8.6543,2.791,2.928
-3.0483,-8.7603,-3.044
3.2258,-2.2769,-3.126
8.9371,-7.9472,-3.117
-2.7118,-2.7697,-3.03
2.9805,-8.4506,-3.004
3.7187,3.4542,-3.156
9.2985,-2.2726,-3.087
-3.6331,-3.5751,3.021
1.9707,-9.3798,3.134
2.5774,2.4317,3.031
8.4252,-3.0964,2.962
8.0975,-9.2742,2.771
-8.7078,-2.7968,8.9218
-8.1838,9.1328,8.9768
-2.4725,3.4625,8.9858
-8.4292,2.959,9.0988
-2.1112,9.137,9.0158
-3.0483,-8.7603,9.0588
3.2258,-2.2769,8.9768
8.9371,-7.9472,8.9858
-2.7118,-2.7697,9.0728
2.9805,-8.4506,9.0988
3.7187,3.4542,8.9468
9.2985,-2.2726,9.0158
8.8642,8.9222,-9.0818
3.7896,9.7006,-3.181
9.449,3.737,-3.044
9.7856,9.7276,-3.03
8.8642,8.9222,3.021
3.7896,9.7006,8.9218
9.449,3.737,9.0588
9.7856,9.7276,9.0728
-8.5899,-9.3847,-9.1018
-9.3818,-4.1351,-3.164
-3.6154,-10.139,-3.107
-8.5899,-9.3847,3.001
-10.168,-9.577,-3.322
-9.3818,-4.1351,8.9388
-3.6154,-10.139,8.9958
-10.168,-9.577,8.7808
-8.9984,-2.83,-9.0538
-8.4907,9.3562,-9.1178
-2.7582,3.5134,-9.1448
-8.0756,2.6394,-8.9878
-1.6926,9.0691,-9.1638
-3.141,-8.3891,-9.1998
2.9189,-2.0534,-9.1178
8.6515,-7.8963,-9.1448
-2.2097,-3.1233,-9.0528
3.334,-8.7702,-8.9878
3.9075,3.1127,-9.1018
9.7171,-2.3405,-9.1638
-8.816,7.7836,-2.985
-8.9984,-2.83,3.049
-8.4907,9.3562,2.985
-2.7582,3.5134,2.958
-8.0756,2.6394,3.115
-1.6926,9.0691,2.939
-9.7274,2.2251,-3.137
-3.3811,8.3677,-2.923
-3.1615,2.1404,-3.002
2.5937,-3.626,-2.985
3.1155,8.3622,-3.164
8.882,2.3582,-3.107
-3.141,-8.3891,2.903
2.9189,-2.0534,2.985
8.6515,-7.8963,2.958
-2.2097,-3.1233,3.05
3.334,-8.7702,3.115
3.9075,3.1127,3.001
9.7171,-2.3405,2.939
-4.1274,-3.2435,-3.007
1.6822,-9.1846,-3.137
2.3292,2.9204,-3.322
8.0285,-3.042,-2.923
8.2481,-9.2693,-3.002
-8.816,7.7836,9.1178
-9.7274,2.2251,8.9658
-3.3811,8.3677,9.1798
-3.1615,2.1404,9.1008
2.5937,-3.626,9.1178
3.1155,8.3622,8.9388
8.882,2.3582,8.9958
-4.1274,-3.2435,9.0958
1.6822,-9.1846,8.9658
2.3292,2.9204,8.7808
8.0285,-3.042,9.1798
8.2481,-9.2693,9.1008
3.4989,9.6673,-9.0538
9.3564,4.1083,-9.1998
10.288,9.3741,-9.0528
3.4989,9.6673,3.049
9.3564,4.1083,2.903
10.288,9.3741,3.05
8.37,9.2539,-3.007
8.37,9.2539,9.0958
-11.557,-3.7535,-6.3058
-11.627,-3.6793,-11.908
-11.62,-7.2627,-9.0068
-6.0358,-12.875,-9.0958
-6.7973,-5.8909,-9.2468
-12.847,-12.038,-9.2168
-5.5946,-9.3847,-6.3718
-9.7191,-11.894,-6.2868
-5.7848,-9.3472,-11.797
-13.178,-9.6032,-12.228
-9.2149,-7.1375,-12.531
-3.5468,-12.729,-12.517
-9.5339,-11.665,-11.968
-12.766,-6.2446,-2.985
-11.696,-1.1775,-3.109
-11.557,-3.7535,5.797
-11.627,-3.6793,0.195
-7.0505,-11.889,-3.127
-11.62,-7.2627,3.096
-6.0358,-12.875,3.007
-6.7973,-5.8909,2.856
-12.847,-12.038,2.886
-12.393,-13.238,-3.146
-0.28631,-12.587,-3.109
-13.129,-9.7107,-5.865
-5.5946,-9.3847,5.731
-9.7191,-11.894,5.816
-9.1159,-6.8207,-5.796
-3.6026,-13.064,-5.848
-5.7848,-9.3472,0.306
-13.178,-9.6032,-0.125
-9.2149,-7.1375,-0.428
-3.5468,-12.729,-0.414
-9.5339,-11.665,0.135
-12.766,-6.2446,9.1178
-11.696,-1.1775,8.9938
-11.627,-3.6793,12.298
-7.0505,-11.889,8.9758
-12.393,-13.238,8.9568
-0.28631,-12.587,8.9938
-13.129,-9.7107,6.2378
-9.1159,-6.8207,6.3068
-3.6026,-13.064,6.2548
-5.7848,-9.3472,12.409
-13.178,-9.6032,11.978
-9.2149,-7.1375,11.675
-3.5468,-12.729,11.689
-9.5338,-11.665,12.238
-11.041,4.8873,-9.0018
-4.9481,11.032,-9.0958
-12.412,0.040099,-9.1328
-11.76,11.869,-9.2168
-6.1438,6.1339,-9.2208
-11.059,8.1329,-6.3648
-5.1574,2.5892,-6.5138
0.94071,8.7439,-6.3058
-9.1306,-0.057482,-6.3398
-8.6314,12.013,-6.2868
-2.6019,6.392,-6.2888
-11.047,8.2638,-11.901
-5.5116,2.597,-11.833
0.8707,8.8181,-11.908
-12.378,2.3113,-12.517
-6.2562,8.6831,-12.431
-8.8266,4.929,-12.417
-2.4591,11.178,-12.517
-9.0585,0.09101,-11.697
-8.4461,12.242,-11.968
-2.8664,6.1601,-11.846
-5.7495,-0.84075,-9.0158
0.36911,-6.5224,-9.0018
0.87752,5.2347,-9.0068
6.4615,-0.37759,-9.0958
5.7,6.6065,-9.2468
-1.002,-11.37,-9.1328
-0.35002,0.45891,-9.2168
5.2658,-5.2757,-9.2208
0.35072,-3.2767,-6.3648
6.2522,-8.8204,-6.5138
6.9028,3.1127,-6.3718
12.35,-2.6658,-6.3058
-3.2004,-5.6371,-6.4418
2.279,-11.467,-6.3398
2.7782,0.60316,-6.2868
8.8077,-5.0176,-6.2888
0.36275,-3.1459,-11.901
5.898,-8.8127,-11.833
6.7126,3.1502,-11.797
12.28,-2.5915,-11.908
-6.82,-3.2944,-12.45
-0.96803,-9.0983,-12.517
-0.68094,2.8942,-12.228
5.1534,-2.7266,-12.431
-2.9995,-0.72549,-12.362
2.5831,-6.4806,-12.417
3.2824,5.3599,-12.531
8.9506,-0.23193,-12.517
-3.3899,-5.5225,-11.693
2.3511,-11.319,-11.697
2.9635,0.83227,-11.968
8.5433,-5.2496,-11.846
5.6601,-12.25,-9.0158
12.287,-6.175,-9.0068
11.06,-10.951,-9.2168
10.729,-8.5155,-12.228
8.4101,-12.135,-12.362
-12.407,5.7549,-2.934
-6.3248,0.28759,-2.939
-5.9628,12.018,-3.127
-0.26915,6.2527,-2.985
-11.041,4.8873,3.101
-4.9481,11.032,3.007
-12.412,0.040098,2.97
-11.76,11.869,2.886
-6.1438,6.1339,2.882
-11.306,10.669,-3.146
-5.3561,5.1567,-3.135
0.80141,11.32,-3.109
-12.45,2.3205,-5.638
-6.218,8.6378,-5.742
-11.059,8.1329,5.738
-5.1574,2.5892,5.589
0.94071,8.7439,5.797
-9.1306,-0.057483,5.763
-8.6314,12.013,5.816
-2.6019,6.392,5.814
-8.5098,5.0139,-5.728
-2.5149,10.843,-5.848
-11.047,8.2637,0.202
-5.5116,2.597,0.27
0.8707,8.8181,0.195
-12.378,2.3113,-0.414
-6.2562,8.6831,-0.328
-8.8266,4.929,-0.314
-2.4591,11.178,-0.414
-9.0585,0.09101,0.406
-8.4461,12.242,0.135
-2.8664,6.1601,0.257
-0.99773,-5.6547,-2.934
5.0848,-11.122,-2.939
5.4468,0.60882,-3.127
11.14,-5.1569,-2.985
-5.7495,-0.84075,3.087
0.36911,-6.5224,3.101
0.87752,5.2347,3.096
6.4615,-0.3776,3.007
5.7,6.6065,2.856
-1.002,-11.37,2.97
-0.35002,0.45891,2.886
5.2658,-5.2757,2.882
0.10394,-0.74034,-3.146
6.0535,-6.2529,-3.135
-5.7445,-6.7175,-3.188
12.211,-0.089803,-3.109
-6.4622,-3.218,-5.703
-1.0409,-9.0892,-5.638
-0.63145,2.7867,-5.865
5.1916,-2.7719,-5.742
0.35072,-3.2767,5.738
6.2522,-8.8204,5.589
6.9028,3.1127,5.731
12.35,-2.6658,5.797
-3.2004,-5.6371,5.661
2.279,-11.467,5.763
2.7782,0.60316,5.816
8.8077,-5.0176,5.814
-3.0505,-0.76368,-5.775
2.8998,-6.3958,-5.728
3.3814,5.6767,-5.796
8.8947,-0.56639,-5.848
0.36275,-3.1459,0.202
5.898,-8.8127,0.27
6.7126,3.1502,0.306
12.28,-2.5915,0.195
-6.82,-3.2944,-0.347
-0.96803,-9.0983,-0.414
-0.68094,2.8942,-0.125
5.1534,-2.7266,-0.328
-2.9995,-0.72549,-0.259
2.5831,-6.4806,-0.314
3.2824,5.3599,-0.428
8.9506,-0.23193,-0.414
-3.3899,-5.5225,0.41
2.3511,-11.319,0.406
2.9635,0.83226,0.135
8.5433,-5.2496,0.257
5.6601,-12.25,3.087
12.287,-6.175,3.096
11.06,-10.951,2.886
11.514,-12.15,-3.146
10.778,-8.623,-5.865
8.3592,-12.173,-5.775
10.729,-8.5155,-0.125
8.4101,-12.135,-0.259
-12.407,5.7549,9.1688
-6.3248,0.28758,9.1638
-5.9628,12.018,8.9758
-0.26915,6.2527,9.1178
-11.306,10.669,8.9568
-5.3561,5.1567,8.9678
0.80141,11.32,8.9938
-12.45,2.3205,6.4648
-6.218,8.6378,6.3608
-8.5098,5.0139,6.3748
-2.5149,10.843,6.2548
-11.047,8.2637,12.305
-5.5116,2.597,12.373
0.8707,8.8181,12.298
-12.378,2.3113,11.689
-6.2562,8.6831,11.775
-8.8266,4.929,11.789
-2.4591,11.178,11.689
-9.0585,0.091009,12.509
-8.4461,12.242,12.238
-2.8664,6.1601,12.36
-0.99773,-5.6547,9.1688
5.0848,-11.122,9.1638
5.4468,0.60882,8.9758
11.14,-5.1569,9.1178
0.10395,-0.74034,8.9568
6.0535,-6.2529,8.9678
-5.7445,-6.7175,8.9148
12.211,-0.089803,8.9938
-6.4622,-3.218,6.3998
-1.0409,-9.0892,6.4648
-0.63145,2.7867,6.2378
5.1916,-2.7719,6.3608
-3.0505,-0.76368,6.3278
2.8998,-6.3958,6.3748
3.3814,5.6767,6.3068
8.8947,-0.56639,6.2548
0.36275,-3.1459,12.305
5.898,-8.8127,12.373
6.7126,3.1502,12.409
12.28,-2.5915,12.298
-6.82,-3.2944,11.756
-0.96803,-9.0983,11.689
-0.68094,2.8942,11.978
5.1534,-2.7266,11.775
-2.9995,-0.72549,11.844
2.5831,-6.4806,11.789
3.2824,5.3599,11.675
8.9506,-0.23193,11.689
-3.3899,-5.5225,12.513
2.3511,-11.319,12.509
2.9635,0.83226,12.238
8.5433,-5.2496,12.36
11.514,-12.15,8.9568
10.778,-8.623,6.2378
8.3592,-12.173,6.3278
10.729,-8.5155,11.978
8.4101,-12.135,11.844
0.085744,12.537,-9.1328
3.3667,12.44,-6.3398
3.4388,12.588,-11.697
6.7478,11.657,-9.0158
12.866,5.975,-9.0018
11.495,1.1278,-9.1328
12.147,12.956,-9.2168
12.848,9.2206,-6.3648
9.297,6.8603,-6.4418
12.86,9.3515,-11.901
5.6773,9.203,-12.45
11.529,3.399,-12.517
9.4978,11.772,-12.362
9.1075,6.9749,-11.693
6.1725,12.785,-2.939
0.085744,12.537,2.97
3.3667,12.44,5.763
3.4388,12.588,0.406
11.5,6.8426,-2.934
6.7478,11.657,3.087
12.866,5.975,3.101
11.495,1.1278,2.97
12.147,12.956,2.886
12.601,11.757,-3.146
6.7528,5.7799,-3.188
6.0351,9.2793,-5.703
11.456,3.4082,-5.638
12.848,9.2206,5.738
9.297,6.8603,5.661
9.4469,11.734,-5.775
12.86,9.3515,0.202
5.6773,9.203,-0.347
11.529,3.399,-0.414
9.4978,11.772,-0.259
9.1075,6.9749,0.41
6.1725,12.785,9.1638
3.4388,12.588,12.509
11.5,6.8426,9.1688
12.601,11.757,8.9568
6.7528,5.7799,8.9148
6.0351,9.2793,6.3998
11.456,3.4082,6.4648
9.4469,11.734,6.3278
12.86,9.3515,12.305
5.6773,9.203,11.756
11.529,3.399,11.689
9.4978,11.772,11.844
9.1075,6.9749,12.513
0,0,0
0.30193,5.922,-0.169
-0.14001,-0.23335,5.975
6.0238,0.25385,0.099
-6.0321,-0.29931,-0.121
-0.42144,-6.0641,-0.11
-0.14001,-0.23334,-6.1278
5.5798,-5.7254,0.087
-5.8298,5.6842,0.086999
0.28567,5.7035,5.886
5.9949,0.029698,-5.928
0.28567,5.7035,-6.2168
-6.0359,-0.44123,5.936
5.9949,0.029698,6.1748
-0.19021,-6.2006,5.977
-6.0359,-0.44123,-6.1668
-0.19021,-6.2006,-6.1258
-6.2925,-6.1681,0.016
6.2048,6.3293,0.016
-5.5519,5.4304,6.0458
-5.5519,5.4304,-6.057
5.8577,-5.9793,6.0458
5.8577,-5.9793,-6.057
6.2841,5.9574,5.964
6.2841,5.9574,-6.1388
-6.2133,-6.54,5.964
-6.2133,-6.54,-6.1388
0.52769,11.84,0.169
11.937,0.4299,0.169
-11.97,-0.65782,0.169
-0.56003,-12.067,0.169
-7.0711e-07,7.0711e-07,-12.103
7.0711e-07,-7.0711e-07,12.103
-5.3858,11.664,0.098999
5.3775,-11.709,-0.121
11.712,-5.4876,-0.169
-11.831,5.3455,-0.11
0.47826,11.874,-5.935
11.888,0.46386,-5.935
0.30194,5.922,11.934
0.47826,11.874,6.1678
11.888,0.46386,6.1678
-6.0321,-0.29931,11.982
-12.019,-0.62385,-5.935
-0.60946,-12.034,-5.935
6.0238,0.25385,-12.004
-0.42143,-6.0641,11.993
-12.019,-0.62385,6.1678
-0.60945,-12.034,6.1678
6.0238,0.25385,12.202
0.30193,5.922,-12.272
-6.0321,-0.29931,-12.224
-0.42144,-6.0641,-12.213
12.076,6.4332,-0.11
6.4653,12.198,-0.121
-6.4735,-12.244,0.099
-12.195,-6.5754,-0.169
-5.4148,11.439,-5.928
-11.6,5.209,5.977
-5.4148,11.439,6.1748
-11.6,5.209,-6.1258
11.695,-5.7061,5.886
5.3738,-11.851,5.936
5.3738,-11.851,-6.1668
11.695,-5.7061,-6.2168
5.5798,-5.7254,-12.016
-5.8298,5.6842,-12.016
5.5798,-5.7254,12.19
-5.8298,5.6842,12.19
6.4615,12.056,5.936
-6.2925,-6.1681,-12.087
-6.2925,-6.1681,12.119
6.2048,6.3293,-12.087
6.4615,12.056,-6.1668
6.2048,6.3293,12.119
12.307,6.2968,5.977
12.307,6.2968,-6.1258
-12.212,-6.7939,5.886
-6.5025,-12.468,-5.928
-12.212,-6.7939,-6.2168
-6.5025,-12.468,6.1748
-11.41,11.41,-1e-06
11.41,-11.41,1e-06
0.52769,11.84,-11.934
11.937,0.4299,-11.934
-11.97,-0.65782,-11.934
-0.56003,-12.067,-11.934
0.52769,11.84,12.272
11.937,0.42989,12.272
-11.55,11.176,5.975
-11.97,-0.65782,12.272
-11.55,11.176,-6.1278
-0.56003,-12.067,12.272
11.27,-11.643,5.975
11.27,-11.643,-6.1278
-5.3858,11.664,-12.004
5.3775,-11.709,11.982
11.712,-5.4876,11.934
-12.497,-12.497,1.9594e-21
12.497,12.497,-1.9594e-21
-11.831,5.3455,11.993
-5.3858,11.664,12.202
5.3775,-11.709,-12.224
-11.831,5.3455,-12.213
11.712,-5.4876,-12.272
12.076,6.4332,11.993
6.4653,12.198,11.982
-12.195,-6.5754,11.934
-6.4735,-12.244,-12.004
12.076,6.4332,-12.213
12.357,12.264,5.975
6.4653,12.198,-12.224
12.357,12.264,-6.1278
-6.4735,-12.244,12.202
-12.195,-6.5754,-12.272
-12.637,-12.731,5.975
-12.637,-12.731,-6.1278
-11.41,11.41,12.103
11.41,-11.41,-12.103
-11.41,11.41,-12.103
11.41,-11.41,12.103
-12.497,-12.497,-12.103
12.497,12.497,12.103
-12.497,-12.497,12.103
12.497,12.497,-12.103
