-9.6336,-4.0008,-9.2888
-10.041,-9.9645,-9.2838
-3.907,-9.7402,-9.3188
-9.6336,-4.0008,2.814
-8.58,-8.8515,-3.214
-10.041,-9.9645,2.819
-3.9069,-9.7402,2.784
-8.58,-8.8515,8.8888
-9.0269,7.8644,-9.2518
-3.3877,2.2536,-9.2138
2.8638,8.4966,-9.2888
-9.4964,1.987,-9.1508
-3.7837,-3.7059,-9.1658
-3.2527,8.2279,-9.2168
2.4565,2.5329,-9.2838
2.3827,-3.5452,-9.2518
8.0219,-9.1561,-9.2138
8.5904,2.7572,-9.3188
1.9132,-9.4227,-9.1508
8.1569,-3.1818,-9.2168
-9.0269,7.8644,2.851
-3.3877,2.2535,2.889
2.8638,8.4966,2.814
-8.4584,-2.8185,-3.258
-2.2543,3.4761,-3.209
-7.892,9.0814,-3.18
-8.0299,3.1028,-3.064
-2.3313,-2.6113,-3.129
-1.7911,9.343,-3.206
3.9174,3.6458,-3.214
-9.4964,1.987,2.952
-3.7837,-3.7059,2.937
-3.2527,8.2279,2.886
2.4565,2.5329,2.819
2.3827,-3.5452,2.851
8.0219,-9.1561,2.889
8.5904,2.7572,2.784
-2.7318,-8.5692,-3.233
9.1554,-7.9335,-3.209
3.5176,-2.3283,-3.18
3.3797,-8.3069,-3.064
9.6185,-2.0667,-3.206
1.9132,-9.4227,2.952
8.1569,-3.1818,2.886
-8.4584,-2.8185,8.8448
-2.2543,3.4761,8.8938
-7.892,9.0814,8.9228
-8.0299,3.1028,9.0388
-2.3313,-2.6113,8.9738
-1.7911,9.343,8.8968
3.9174,3.6458,8.8888
-2.7318,-8.5692,8.8698
9.1554,-7.9335,8.8938
3.5176,-2.3283,8.9228
3.3797,-8.3069,9.0388
9.6185,-2.0667,8.8968
8.7136,8.7914,-9.1658
4.0389,9.6789,-3.258
10.166,9.886,-3.129
8.7136,8.7914,2.937
9.7655,3.9282,-3.233
4.0389,9.6789,8.8448
10.166,9.886,8.9738
9.7655,3.9282,8.8698
-8.7058,-9.2885,-9.2548
-9.3175,-4.0425,-3.193
-8.7058,-9.2885,2.848
-9.9107,-9.536,-3.194
-3.6149,-9.7762,-3.207
-9.3175,-4.0425,8.9098
-9.9107,-9.536,8.9088
-3.6149,-9.7762,8.8958
-8.205,9.1144,-9.2318
-8.7554,-2.7917,-9.2218
-3.0469,-8.5213,-9.2158
-2.5046,3.4606,-9.2168
3.2046,-2.2953,-9.2318
-8.16,2.6601,-9.1428
-2.4508,-3.0278,-9.1848
-1.9184,8.906,-9.2428
3.7915,3.2089,-9.2548
8.905,-7.9491,-9.2168
3.2496,-8.7495,-9.1428
9.4912,-2.5037,-9.2428
-8.205,9.1144,2.871
-8.7759,7.875,-3.142
-3.0703,2.2246,-3.148
3.1799,8.4549,-3.193
-8.7554,-2.7917,2.881
-3.0469,-8.5213,2.887
-2.5046,3.4606,2.886
3.2046,-2.2953,2.871
-8.16,2.6601,2.96
-2.4508,-3.0278,2.918
-1.9184,8.906,2.86
3.7915,3.2089,2.848
-9.3649,2.4282,-3.124
-3.6635,-3.2916,-3.138
-3.124,8.6663,-3.152
2.5866,2.9614,-3.194
2.6337,-3.5346,-3.142
8.3394,-9.1851,-3.148
8.8824,2.7212,-3.207
8.905,-7.9491,2.886
3.2496,-8.7495,2.96
9.4912,-2.5037,2.86
2.0447,-8.9815,-3.124
8.2856,-2.7434,-3.152
-8.7759,7.875,8.9608
-3.0703,2.2246,8.9548
3.1799,8.4549,8.9098
-9.3649,2.4282,8.9788
-3.6635,-3.2916,8.9648
-3.124,8.6663,8.9508
2.5866,2.9614,8.9088
2.6337,-3.5346,8.9608
8.3394,-9.1851,8.9548
8.8824,2.7212,8.8958
2.0447,-8.9815,8.9788
8.2856,-2.7434,8.9508
3.7419,9.7057,-9.2218
9.4504,3.976,-9.2158
10.047,9.4695,-9.1848
3.7419,9.7057,2.881
9.4504,3.976,2.887
10.047,9.4695,2.918
8.8338,9.2058,-3.138
8.8338,9.2058,8.9648
-11.637,-7.0116,-9.2678
-12.543,-0.29342,-9.3598
-6.8758,-5.9764,-9.2898
-13.121,-12.215,-9.2838
-11.572,-3.6444,-6.5378
-5.8527,-9.3387,-6.5818
-9.4631,-11.951,-6.6138
-11.592,-3.5716,-11.994
-5.893,-9.2928,-12
-12.739,-9.4639,-12.604
-9.1654,-6.8617,-12.648
-9.4999,-11.972,-11.934
-5.9243,-12.712,-9.3408
-1.1337,-11.703,-9.3598
-3.4424,-12.552,-12.649
-12.681,-6.0981,-3.214
-6.9819,-11.806,-3.292
-11.637,-7.0116,2.835
-12.543,-0.29342,2.743
-6.8758,-5.9764,2.813
-13.121,-12.215,2.819
-11.732,-12.847,-3.234
-12.757,-9.5254,-5.909
-11.572,-3.6444,5.565
-5.8527,-9.3387,5.521
-9.4631,-11.951,5.489
-9.1082,-6.8596,-5.867
-11.592,-3.5716,0.109
-5.893,-9.2928,0.103
-12.739,-9.4639,-0.501
-9.1654,-6.8617,-0.545
-9.4999,-11.972,0.169
-5.9243,-12.712,2.762
-1.1337,-11.703,2.743
-3.407,-12.575,-5.876
-3.4424,-12.552,-0.546
-12.681,-6.0981,8.8888
-6.9819,-11.806,8.8108
-11.732,-12.847,8.8688
-12.757,-9.5254,6.1938
-9.1082,-6.8596,6.2358
-11.592,-3.5716,12.212
-5.893,-9.2928,12.206
-12.739,-9.4639,11.602
-9.1654,-6.8617,11.558
-9.4999,-11.972,12.272
-3.407,-12.575,6.2268
-3.4424,-12.552,11.557
-12.033,11.693,-9.2838
-11.013,8.3033,-6.5278
-8.3754,11.956,-6.6138
-11.045,8.3719,-11.94
-8.4122,11.935,-11.934
-11.092,4.9406,-9.1128
-5.3832,-0.75731,-9.1248
-4.8366,11.195,-9.3408
0.85984,5.4857,-9.2678
-0.045963,12.204,-9.3598
5.6215,6.5209,-9.2898
-6.265,5.9369,-9.0798
-0.62367,0.28284,-9.2838
-5.3026,2.6354,-6.4568
0.39669,-3.1063,-6.5278
0.92489,8.853,-6.5378
6.6447,3.1586,-6.5818
-8.9032,-0.043133,-6.5278
-3.1883,-5.7311,-6.5408
-2.6877,6.2473,-6.5328
3.0342,0.54659,-6.6138
-5.3606,2.6594,-11.921
0.36487,-3.0377,-11.94
0.9058,8.9258,-11.994
6.6044,3.2046,-12
-12.227,2.4862,-12.566
-6.5315,-3.2209,-12.596
-5.9588,8.6953,-12.537
-0.24183,3.0335,-12.604
-8.6012,5.1209,-12.52
-2.9246,-0.59538,-12.602
-2.3547,11.355,-12.649
3.3319,5.6356,-12.648
-8.9675,0.032528,-11.854
-3.2704,-5.6802,-11.855
-2.7026,6.2395,-11.877
2.9974,0.52538,-11.934
0.31723,-6.4691,-9.1128
6.0264,-12.167,-9.1248
6.573,-0.21475,-9.3408
12.269,-5.9239,-9.2678
11.364,0.79429,-9.3598
5.1447,-5.4728,-9.0798
10.786,-11.127,-9.2838
6.107,-8.7743,-6.4568
12.335,-2.5567,-6.5378
2.5064,-11.453,-6.5278
8.7219,-5.1624,-6.5328
6.049,-8.7502,-11.921
12.315,-2.4839,-11.994
-0.81767,-8.9235,-12.566
5.4508,-2.7144,-12.537
11.168,-8.3762,-12.604
2.8084,-6.2888,-12.52
8.485,-12.005,-12.602
9.055,-0.054946,-12.649
2.4421,-11.377,-11.854
8.7071,-5.1702,-11.877
-12.139,5.849,-3.062
-5.8942,12.101,-3.292
-12.033,11.693,2.819
-10.644,11.06,-3.234
-11.013,8.3033,5.575
-8.3754,11.956,5.489
-11.045,8.3719,0.163
-8.4122,11.935,0.169
-6.4396,0.14496,-3.074
-0.72973,-5.5607,-3.062
-0.18385,6.3993,-3.214
5.5154,0.69155,-3.292
-11.092,4.9406,2.99
-5.3832,-0.75731,2.978
-4.8366,11.195,2.762
0.85984,5.4857,2.835
-0.045962,12.204,2.743
5.6215,6.5209,2.813
-6.265,5.9369,3.023
-0.62367,0.28284,2.819
-5.019,5.4009,-3.03
0.7658,-0.35002,-3.234
-11.242,-0.86974,-3.306
-5.4963,-6.6008,-3.237
-12.157,2.4077,-5.919
-6.4545,-3.2796,-5.919
-5.9397,8.6833,-5.902
-0.25951,2.972,-5.909
-5.3026,2.6354,5.646
0.39669,-3.1063,5.575
0.9249,8.853,5.565
6.6447,3.1586,5.521
-8.9032,-0.043134,5.575
-3.1883,-5.7311,5.562
-2.6877,6.2473,5.57
3.0342,0.54659,5.489
-8.5624,5.0721,-5.764
-2.856,-0.6272,-5.806
-2.3193,11.332,-5.876
3.3892,5.6378,-5.867
-5.3606,2.6594,0.182
0.36487,-3.0377,0.163
0.9058,8.9258,0.109
6.6044,3.2046,0.103
-12.227,2.4862,-0.463
-6.5315,-3.2209,-0.493
-5.9588,8.6953,-0.434
-0.24183,3.0335,-0.501
-8.6012,5.1209,-0.417
-2.9246,-0.59538,-0.499
-2.3547,11.355,-0.546
3.3319,5.6356,-0.545
-8.9675,0.032527,0.249
-3.2704,-5.6802,0.248
-2.7026,6.2395,0.226
2.9974,0.52538,0.169
4.97,-11.265,-3.074
11.226,-5.0104,-3.214
0.31724,-6.4691,2.99
6.0264,-12.167,2.978
6.573,-0.21475,2.762
12.269,-5.9239,2.835
11.364,0.79429,2.743
5.1447,-5.4728,3.023
10.786,-11.127,2.819
6.3906,-6.0088,-3.03
12.175,-11.76,-3.234
0.16804,-12.279,-3.306
-0.74767,-9.002,-5.919
5.4699,-2.7264,-5.902
11.15,-8.4377,-5.909
6.107,-8.7743,5.646
12.335,-2.5567,5.565
2.5064,-11.453,5.575
8.7219,-5.1624,5.57
2.8473,-6.3376,-5.764
8.5536,-12.037,-5.806
9.0903,-0.077575,-5.876
6.049,-8.7502,0.182
12.315,-2.4839,0.109
-0.81767,-8.9235,-0.463
5.4508,-2.7144,-0.434
11.168,-8.3762,-0.501
2.8084,-6.2888,-0.417
8.485,-12.005,-0.499
9.055,-0.054947,-0.546
2.4421,-11.377,0.249
8.7071,-5.1702,0.226
-12.139,5.849,9.0408
-5.8942,12.101,8.8108
-10.644,11.06,8.8688
-11.045,8.3719,12.266
-8.4122,11.935,12.272
-6.4396,0.14496,9.0288
-0.72973,-5.5607,9.0408
-0.18385,6.3993,8.8888
5.5154,0.69155,8.8108
-5.019,5.4009,9.0728
0.7658,-0.35002,8.8688
-11.242,-0.86974,8.7968
-5.4963,-6.6008,8.8658
-12.157,2.4077,6.1838
-6.4545,-3.2796,6.1838
-5.9397,8.6833,6.2008
-0.25951,2.972,6.1938
-8.5624,5.0721,6.3388
-2.856,-0.6272,6.2968
-2.3193,11.332,6.2268
3.3892,5.6378,6.2358
-5.3606,2.6594,12.285
0.36487,-3.0377,12.266
0.9058,8.9258,12.212
6.6044,3.2046,12.206
-12.227,2.4862,11.64
-6.5315,-3.2209,11.61
-5.9588,8.6953,11.669
-0.24183,3.0335,11.602
-8.6012,5.1209,11.686
-2.9246,-0.59538,11.604
-2.3547,11.355,11.557
3.3319,5.6356,11.558
-8.9675,0.032526,12.352
-3.2704,-5.6802,12.351
-2.7026,6.2395,12.329
2.9974,0.52538,12.272
4.97,-11.265,9.0288
11.226,-5.0104,8.8888
6.3906,-6.0088,9.0728
12.175,-11.76,8.8688
0.16804,-12.279,8.7968
-0.74767,-9.002,6.1838
5.4699,-2.7264,6.2008
11.15,-8.4377,6.1938
2.8473,-6.3376,6.3388
8.5536,-12.037,6.2968
9.0903,-0.077575,6.2268
6.049,-8.7502,12.285
12.315,-2.4839,12.212
-0.81767,-8.9235,11.64
5.4508,-2.7144,11.669
11.168,-8.3762,11.602
2.8084,-6.2888,11.686
8.485,-12.005,11.604
9.055,-0.054948,11.557
2.4421,-11.377,12.352
8.7071,-5.1702,12.329
7.1141,11.74,-9.1248
11.874,12.78,-9.2838
12.894,9.3911,-6.5278
3.5942,12.454,-6.5278
9.309,6.7663,-6.5408
12.862,9.4596,-11.94
5.9658,9.2765,-12.596
9.5727,11.902,-12.602
3.5298,12.53,-11.854
9.227,6.8172,-11.855
12.815,6.0283,-9.1128
11.68,3.5739,-12.566
6.0577,12.642,-3.074
11.768,6.9367,-3.062
7.1141,11.74,2.978
11.874,12.78,2.819
13.263,12.147,-3.234
1.2558,11.628,-3.306
7.001,5.8965,-3.237
6.0429,9.2178,-5.919
12.894,9.3911,5.575
3.5942,12.454,5.575
9.309,6.7663,5.562
9.6413,11.87,-5.806
12.862,9.4596,0.163
5.9658,9.2765,-0.493
9.5727,11.902,-0.499
3.5298,12.53,0.249
9.227,6.8172,0.248
12.815,6.0283,2.99
12.665,0.21797,-3.306
11.75,3.4954,-5.919
11.68,3.5739,-0.463
6.0577,12.642,9.0288
11.768,6.9367,9.0408
13.263,12.147,8.8688
1.2558,11.628,8.7968
7.001,5.8965,8.8658
6.0429,9.2178,6.1838
9.6413,11.87,6.2968
12.862,9.4596,12.266
5.9658,9.2765,11.61
9.5727,11.902,11.604
3.5298,12.53,12.352
9.227,6.8172,12.351
12.665,0.21797,8.7968
11.75,3.4954,6.1838
11.68,3.5739,11.64
0,0,0
-5.9397,-0.29416,-0.155
0.34507,5.9439,-0.096
-0.23405,-5.9772,-0.162
0.1294,-0.072832,-6.051
0.1294,-0.072833,6.0518
6.0589,0.2187,-0.041999
-5.6116,5.6682,-0.203
5.798,-5.7415,-0.203
-5.8824,-0.3288,5.898
0.33163,5.9277,5.9578
-0.17915,-6.0378,5.886
6.026,0.26163,6.0068
0.33163,5.9277,-6.145
-5.8824,-0.3288,-6.2048
6.026,0.26163,-6.096
-0.17915,-6.0378,-6.2168
-6.2437,-6.2409,-0.004
6.2537,6.2565,-0.004
-5.6675,5.6703,5.849
5.7422,-5.7394,5.849
-5.6675,5.6703,-6.2538
5.7422,-5.7394,-6.2538
-6.12,-6.3293,6.0478
-6.12,-6.3293,-6.055
6.3773,6.1681,6.0478
6.3773,6.1681,-6.055
-11.934,-0.53455,-0.014
-0.52486,-11.944,-0.013999
0.56286,11.963,-0.014
11.972,0.55316,-0.013999
7.0711e-07,-7.0711e-07,12.103
-7.0711e-07,7.0711e-07,-12.103
-5.3507,11.628,-0.042
-11.644,5.4325,-0.162
5.4699,-11.704,-0.155
11.755,-5.4657,-0.095999
-11.841,-0.6272,6.0388
-11.841,-0.6272,-6.064
0.65683,11.87,6.0388
0.65683,11.87,-6.064
-5.9397,-0.29416,11.948
-0.23405,-5.9772,11.941
0.34507,5.9439,12.007
-0.43088,-12.037,6.0388
-0.43088,-12.037,-6.064
6.0589,0.2187,12.061
12.066,0.46051,6.0388
12.066,0.46051,-6.064
6.0589,0.2187,-12.145
0.34507,5.9439,-12.199
-5.9397,-0.29416,-12.258
-0.23405,-5.9772,-12.265
-12.152,-6.5534,-0.096
6.5576,12.203,-0.155
-6.4384,-12.279,-0.041999
12.263,6.5202,-0.162
-11.589,5.3719,5.886
-5.3837,11.671,6.0068
-11.589,5.3719,-6.2168
-5.3837,11.671,-6.096
5.5272,-11.738,5.898
11.741,-5.482,5.9578
-5.6116,5.6682,11.9
11.741,-5.482,-6.145
5.5272,-11.738,-6.2048
5.798,-5.7415,11.9
-5.6116,5.6682,-12.306
5.798,-5.7415,-12.306
-6.2437,-6.2409,12.099
-6.2437,-6.2409,-12.107
6.2537,6.2565,12.099
6.2537,6.2565,-12.107
6.6149,12.169,5.898
-12.166,-6.5697,5.9578
-6.4714,-12.236,6.0068
12.318,6.4596,5.886
-6.4714,-12.236,-6.096
-12.166,-6.5697,-6.145
6.6149,12.169,-6.2048
12.318,6.4596,-6.2168
11.41,-11.41,1e-06
-11.41,11.41,-1e-06
-11.934,-0.53455,12.089
-0.52486,-11.944,12.089
-11.934,-0.53455,-12.117
0.56286,11.963,12.089
-0.52486,-11.944,-12.117
11.972,0.55316,12.089
0.56286,11.963,-12.117
11.972,0.55317,-12.117
-11.28,11.337,-6.051
-11.28,11.337,6.0518
11.539,-11.482,-6.051
11.539,-11.483,6.0518
-11.644,5.4325,11.941
-5.3507,11.628,12.061
5.4699,-11.704,11.948
-5.3507,11.628,-12.145
11.755,-5.4657,12.007
-12.497,-12.497,1.9594e-21
12.497,12.497,-1.9594e-21
-11.644,5.4325,-12.265
11.755,-5.4657,-12.199
5.4699,-11.704,-12.258
6.5576,12.203,11.948
-12.152,-6.5534,12.007
12.263,6.5202,11.941
-6.4384,-12.279,12.061
-12.152,-6.5534,-12.199
-6.4384,-12.279,-12.145
6.5576,12.203,-12.258
12.263,6.5202,-12.265
-12.368,-12.57,-6.051
-12.368,-12.57,6.0518
12.627,12.425,-6.051
12.627,12.425,6.0518
-11.41,11.41,12.103
11.41,-11.41,-12.103
-11.41,11.41,-12.103
11.41,-11.41,12.103
12.497,12.497,12.103
-12.497,-12.497,-12.103
-12.497,-12.497,12.103
12.497,12.497,-12.103
