-9.4794,-4.0446,-9.2048
-9.8761,-9.9935,-8.9938
-3.5499,-9.7451,-9.2948
-9.4794,-4.0446,2.898
-8.8253,-9.2341,-3.066
-9.8761,-9.9935,3.109
-3.5499,-9.7451,2.808
-8.8253,-9.2341,9.0368
-8.8471,8.0834,-9.2438
2.5626,-3.3262,-9.2438
-3.2265,2.0612,-9.4308
3.0179,8.4528,-9.2048
-9.0142,2.1637,-9.0178
-3.4825,-3.853,-9.0478
-2.9614,8.1515,-9.1178
2.6212,2.5039,-8.9938
8.1831,-9.3485,-9.4308
8.9475,2.7523,-9.2948
2.3954,-9.2459,-9.0178
8.4483,-3.2581,-9.1178
-8.8471,8.0834,2.859
2.5626,-3.3262,2.859
-3.2265,2.0612,2.672
3.0179,8.4528,2.898
-8.474,-3.1212,-3.226
-2.2316,3.3206,-3.236
-7.9196,8.8247,-3.329
-8.1133,3.0519,-3.085
-2.354,-2.8659,-3.136
-1.9156,9.1082,-3.261
3.672,3.2633,-3.066
-9.0142,2.1637,3.085
-3.4825,-3.853,3.055
-2.9614,8.1515,2.985
2.6212,2.5039,3.109
8.1831,-9.3485,2.672
8.9475,2.7523,2.808
-2.7064,-8.7531,-3.202
9.178,-8.0891,-3.236
3.49,-2.585,-3.329
3.2963,-8.3578,-3.085
9.4941,-2.3014,-3.261
2.3954,-9.2459,3.085
8.4483,-3.2581,2.985
-8.474,-3.1212,8.8768
-2.2316,3.3206,8.8668
-7.9196,8.8247,8.7738
-8.1133,3.0519,9.0178
-2.354,-2.8659,8.9668
-1.9156,9.1082,8.8418
3.672,3.2633,9.0368
-2.7064,-8.7531,8.9008
9.178,-8.0891,8.8668
3.49,-2.585,8.7738
3.2963,-8.3578,9.0178
9.4941,-2.3014,8.8418
9.0148,8.6444,-9.0478
4.0234,9.3762,-3.226
10.143,9.6315,-3.136
9.0148,8.6444,3.055
9.791,3.7443,-3.202
4.0234,9.3762,8.8768
10.143,9.6315,8.9668
9.791,3.7443,8.9008
-8.5609,-9.3076,-8.8308
-9.3733,-4.2723,-2.898
-8.5609,-9.3076,3.272
-10.214,-9.78,-3.015
-3.3724,-10.077,-3.001
-9.3733,-4.2723,9.2048
-10.214,-9.78,9.0878
-3.3724,-10.077,9.1018
-8.1661,9.4149,-9.2168
-8.6479,-2.8001,-9.2258
-2.9677,-8.4407,-8.8548
-2.5166,3.3722,-9.2748
3.2435,-1.9947,-9.2168
-7.6099,2.6418,-9.2128
-2.2316,-3.0943,-9.3838
-1.6384,8.8452,-9.1048
3.9365,3.1898,-8.8308
8.893,-8.0375,-9.2748
3.7997,-8.7679,-9.2128
9.7713,-2.5645,-9.1048
-8.1661,9.4149,2.886
-8.6324,7.5321,-3.083
-2.9599,2.0223,-3.084
3.124,8.2251,-2.898
-8.6479,-2.8001,2.877
-2.9677,-8.4407,3.248
-2.5166,3.3722,2.828
3.2435,-1.9947,2.886
-7.6099,2.6418,2.89
-2.2316,-3.0943,2.719
-1.6384,8.8452,2.998
3.9365,3.1898,3.272
-9.5028,2.5095,-2.97
-3.6572,-3.5864,-3.05
-3.3206,8.6253,-3.097
2.2832,2.7174,-3.015
2.7773,-3.8776,-3.083
8.4497,-9.3873,-3.084
9.125,2.4206,-3.001
8.893,-8.0375,2.828
3.7997,-8.7679,2.89
9.7713,-2.5645,2.998
1.9068,-8.9001,-2.97
8.089,-2.7844,-3.097
-8.6324,7.5321,9.0198
-2.9599,2.0223,9.0188
3.124,8.2251,9.2048
-9.5028,2.5095,9.1328
-3.6572,-3.5864,9.0528
-3.3206,8.6253,9.0058
2.2832,2.7174,9.0878
2.7773,-3.8776,9.0198
8.4497,-9.3873,9.0188
9.125,2.4206,9.1018
1.9068,-8.9001,9.1328
8.089,-2.7844,9.0058
3.8494,9.6972,-9.2258
9.5296,4.0566,-8.8548
10.266,9.4031,-9.3838
3.8494,9.6972,2.877
9.5296,4.0566,3.248
10.266,9.4031,2.719
8.8402,8.9109,-3.05
8.8402,8.9109,9.0528
-11.505,-7.0908,-9.1998
-6.7387,-6.173,-9.2018
-12.804,-12.07,-9.2848
-11.386,-3.841,-6.4058
-5.4843,-9.5487,-6.2228
-9.3649,-11.855,-6.3128
-11.636,-3.7321,-11.917
-5.5465,-9.3055,-11.877
-12.816,-9.5862,-12.422
-9.1167,-7.2712,-12.425
-9.3542,-11.777,-11.835
-5.5262,-12.529,-9.0538
-3.4445,-12.792,-12.556
-12.837,-6.3074,-3.086
-7.1127,-12.03,-2.945
-11.505,-7.0908,2.903
-6.7387,-6.173,2.901
-12.804,-12.07,2.818
-11.838,-13.076,-3.027
-11.321,-1.2933,-3.388
-5.8215,-7.1552,-3.169
-12.718,-9.7241,-5.979
-11.386,-3.841,5.697
-5.4842,-9.5487,5.88
-9.3649,-11.855,5.79
-9.1456,-7.0753,-5.629
-11.636,-3.7321,0.186
-5.5465,-9.3055,0.226
-12.816,-9.5862,-0.319
-9.1167,-7.2712,-0.322
-9.3542,-11.777,0.268
-5.5262,-12.529,3.049
0.088204,-12.703,-3.388
-3.1214,-12.633,-5.799
-3.4445,-12.792,-0.453
-12.837,-6.3074,9.0168
-7.1127,-12.03,9.1578
-11.838,-13.076,9.0758
-11.321,-1.2933,8.7148
-5.8215,-7.1552,8.9338
-12.718,-9.7241,6.1238
-9.1456,-7.0753,6.4738
-11.636,-3.7321,12.289
-5.5465,-9.3055,12.329
-12.816,-9.5862,11.784
-9.1167,-7.2712,11.781
-9.3542,-11.777,12.371
0.088204,-12.703,8.7148
-3.1214,-12.633,6.3038
-3.4445,-12.792,11.65
-11.717,11.837,-9.2848
-10.744,8.1351,-6.3888
-8.2771,12.052,-6.3128
-10.932,8.2828,-12.039
-8.2665,12.13,-11.835
-10.822,5.0495,-9.2938
-5.3408,-0.96661,-9.2198
-4.4385,11.378,-9.0538
0.99278,5.4065,-9.1998
-12.056,-0.082024,-9.3478
5.7587,6.3244,-9.2018
-5.9701,6.236,-9.2348
-0.30689,0.42709,-9.2848
-5.118,2.39,-6.6118
0.66539,-3.2746,-6.3888
1.1116,8.6564,-6.4058
7.0131,2.9486,-6.2228
-8.7179,0.14779,-6.3958
-3.1233,-5.9093,-6.4148
-2.6509,6.3336,-6.3108
3.1325,0.64205,-6.3128
-5.1187,2.6043,-12.059
0.478,-3.1268,-12.039
0.86126,8.7653,-11.917
6.9509,3.1919,-11.877
-12.34,2.3702,-12.379
-6.5216,-3.3114,-12.424
-6.0613,8.6606,-12.508
-0.31891,2.9112,-12.422
-8.4895,5.0346,-12.357
-2.8397,-0.9051,-12.533
-2.3568,11.115,-12.556
3.3807,5.2262,-12.425
-8.9732,0.10607,-11.886
-3.1332,-5.9008,-11.709
-2.6517,6.306,-11.998
3.1431,0.72054,-11.835
0.58735,-6.3602,-9.2938
6.0688,-12.376,-9.2198
6.9711,-0.031612,-9.0538
12.402,-6.0031,-9.1998
-0.64655,-11.492,-9.3478
5.4395,-5.1737,-9.2348
11.103,-10.983,-9.2848
6.2916,-9.0196,-6.6118
12.521,-2.7533,-6.4058
2.6917,-11.262,-6.3958
8.7587,-5.0761,-6.3108
6.2909,-8.8054,-12.059
12.271,-2.6444,-11.917
-0.93081,-9.0394,-12.379
5.3483,-2.749,-12.508
11.091,-8.4985,-12.422
2.9201,-6.3751,-12.357
8.5699,-12.315,-12.533
9.0528,-0.29466,-12.556
2.4364,-11.304,-11.886
8.758,-5.1037,-11.998
-12.125,5.7514,-3.216
-6.025,11.877,-2.945
-11.717,11.837,2.818
-10.751,10.831,-3.027
-10.744,8.1351,5.714
-8.2771,12.052,5.79
-10.932,8.2828,0.063999
-8.2665,12.13,0.268
-6.5584,0.03182,-3.249
-0.71559,-5.6583,-3.216
-0.33941,6.19,-3.086
5.3846,0.4674,-2.945
-10.822,5.0494,2.809
-5.3408,-0.96661,2.883
-4.4385,11.378,3.049
0.99278,5.4065,2.903
-12.056,-0.082024,2.755
5.7587,6.3244,2.901
-5.9701,6.236,2.868
-0.30688,0.42709,2.818
-5.1074,5.0989,-3.216
0.65902,-0.57841,-3.027
1.1759,11.204,-3.388
6.6758,5.3422,-3.169
-12.043,2.214,-5.882
-6.6001,-3.5723,-5.807
-5.8718,8.5107,-6.015
-0.22062,2.7733,-5.979
-5.118,2.39,5.491
0.66539,-3.2746,5.714
1.1116,8.6564,5.697
7.0131,2.9486,5.88
-8.7179,0.14779,5.707
-3.1233,-5.9093,5.688
-2.6509,6.3336,5.792
3.1325,0.64205,5.79
-8.4393,4.5446,-6.056
-2.7337,-0.84429,-5.736
-2.0336,11.274,-5.799
3.3517,5.4221,-5.629
-5.1187,2.6043,0.044
0.478,-3.1268,0.064
0.86126,8.7653,0.186
6.9509,3.1919,0.226
-12.34,2.3702,-0.276
-6.5216,-3.3114,-0.321
-6.0613,8.6606,-0.405
-0.31891,2.9112,-0.319
-8.4895,5.0346,-0.254
-2.8397,-0.9051,-0.43
-2.3568,11.115,-0.453
3.3807,5.2262,-0.322
-8.9732,0.10607,0.217
-3.1332,-5.9008,0.394
-2.6517,6.306,0.105
3.1431,0.72054,0.268
4.8512,-11.378,-3.249
11.07,-5.2197,-3.086
0.58735,-6.3602,2.809
6.0688,-12.376,2.883
6.9711,-0.031613,3.049
12.402,-6.0031,2.903
-0.64655,-11.492,2.755
5.4395,-5.1737,2.868
11.103,-10.983,2.818
6.3022,-6.3107,-3.216
12.069,-11.988,-3.027
12.586,-0.20556,-3.388
-0.63312,-9.1957,-5.882
5.5378,-2.8989,-6.015
11.189,-8.6364,-5.979
6.2916,-9.0196,5.491
12.521,-2.7533,5.697
2.6917,-11.262,5.707
8.7587,-5.0761,5.792
2.9703,-6.8651,-6.056
8.6759,-12.254,-5.736
9.376,-0.13556,-5.799
6.2909,-8.8054,0.044001
12.271,-2.6444,0.186
-0.93081,-9.0394,-0.276
5.3483,-2.749,-0.405
11.091,-8.4985,-0.319
2.9201,-6.3751,-0.254
8.5699,-12.315,-0.43
9.0528,-0.29466,-0.453
2.4364,-11.304,0.217
8.758,-5.1037,0.105
-12.125,5.7514,8.8868
-6.025,11.877,9.1578
-10.751,10.831,9.0758
-10.932,8.2828,12.167
-8.2665,12.13,12.371
-6.5584,0.031819,8.8538
-0.71559,-5.6583,8.8868
-0.33941,6.19,9.0168
5.3846,0.4674,9.1578
-5.1074,5.0989,8.8868
0.65902,-0.57841,9.0758
1.1759,11.204,8.7148
6.6758,5.3422,8.9338
-12.043,2.214,6.2208
-6.6001,-3.5723,6.2958
-5.8718,8.5107,6.0878
-0.22062,2.7733,6.1238
-8.4393,4.5446,6.0468
-2.7337,-0.84429,6.3668
-2.0336,11.274,6.3038
3.3517,5.4221,6.4738
-5.1187,2.6043,12.147
0.478,-3.1268,12.167
0.86126,8.7653,12.289
6.9509,3.1919,12.329
-12.34,2.3702,11.827
-6.5216,-3.3114,11.782
-6.0613,8.6606,11.698
-0.3189,2.9112,11.784
-8.4895,5.0346,11.849
-2.8397,-0.9051,11.673
-2.3568,11.115,11.65
3.3807,5.2262,11.781
-8.9732,0.10607,12.32
-3.1332,-5.9008,12.497
-2.6516,6.306,12.208
3.1431,0.72054,12.371
4.8512,-11.378,8.8538
11.07,-5.2197,9.0168
6.3022,-6.3107,8.8868
12.069,-11.988,9.0758
12.586,-0.20556,8.7148
-0.63312,-9.1957,6.2208
5.5378,-2.8989,6.0878
11.189,-8.6364,6.1238
2.9703,-6.8651,6.0468
8.6759,-12.254,6.3668
9.376,-0.13556,6.3038
6.2909,-8.8054,12.147
12.271,-2.6444,12.289
-0.93081,-9.0394,11.827
5.3483,-2.749,11.698
11.091,-8.4985,11.784
2.9201,-6.3751,11.849
8.5699,-12.315,11.673
9.0528,-0.29466,11.65
2.4364,-11.304,12.32
8.758,-5.1037,12.208
7.1566,11.531,-9.2198
0.44116,12.415,-9.3478
12.19,12.924,-9.2848
13.163,9.2228,-6.3888
3.7794,12.645,-6.3958
9.374,6.5881,-6.4148
12.975,9.3706,-12.039
5.9757,9.186,-12.424
9.6576,11.592,-12.533
3.5241,12.603,-11.886
9.3641,6.5966,-11.709
13.085,6.1372,-9.2938
11.851,1.0057,-9.3478
11.567,3.4579,-12.379
5.9389,12.529,-3.249
11.782,6.8391,-3.216
7.1566,11.531,2.883
0.44116,12.415,2.755
12.19,12.924,2.818
13.156,11.919,-3.027
5.8972,8.9251,-5.807
13.163,9.2228,5.714
3.7794,12.645,5.707
9.374,6.5881,5.688
9.7637,11.653,-5.736
12.975,9.3706,0.064
5.9757,9.186,-0.321
9.6576,11.592,-0.43
3.5241,12.603,0.217
9.3641,6.5966,0.394
13.085,6.1372,2.809
11.851,1.0057,2.755
11.864,3.3017,-5.882
11.567,3.4579,-0.276
5.9389,12.529,8.8538
11.782,6.8391,8.8868
13.156,11.919,9.0758
5.8972,8.9251,6.2958
9.7637,11.653,6.3668
12.975,9.3706,12.167
5.9757,9.186,11.782
9.6576,11.592,11.673
3.5242,12.603,12.32
9.3641,6.5966,12.497
11.864,3.3017,6.2208
11.567,3.4579,11.827
0,0,0
0.38254,5.84,-0.26
0.27931,-0.21708,-5.9
-0.21567,-5.9758,-0.288
-5.9991,-0.34648,-0.474
6.0938,0.26446,-0.013
0.27931,-0.21708,6.2028
-5.5805,5.6922,0.098
-5.7792,-0.60882,5.733
5.8291,-5.7175,0.098001
0.46528,5.7884,5.84
0.46528,5.7884,-6.2628
0.093083,-6.3213,5.746
6.1151,0.14849,6.0168
-5.7792,-0.60882,-6.3698
6.1151,0.14849,-6.086
6.3357,6.1462,0.013
-6.1617,-6.3512,0.013
0.093082,-6.3213,-6.3568
-5.4822,5.5402,-6.002
-5.4822,5.5402,6.1008
5.9274,-5.8695,-6.002
5.9274,-5.8695,6.1008
6.3576,5.9404,-5.979
6.3576,5.9404,6.1238
-6.1397,-6.557,-5.979
-6.1397,-6.557,6.1238
0.5077,11.85,-0.049
11.917,0.44003,-0.048999
-11.99,-0.64768,-0.049
-0.58001,-12.057,-0.048999
-7.0711e-07,7.0711e-07,-12.103
7.0711e-07,-7.0711e-07,12.103
-5.3158,11.674,-0.013001
-11.625,5.4339,-0.288
5.4105,-11.756,-0.474
11.792,-5.5697,-0.26
-11.628,-0.73539,5.9658
-5.9991,-0.34648,11.629
-11.628,-0.73539,-6.137
0.38255,5.84,11.843
0.86967,11.762,5.9658
-0.21567,-5.9758,11.815
0.86967,11.762,-6.137
-0.21804,-12.145,5.9658
6.0938,0.26446,12.09
6.0938,0.26446,-12.116
-0.21804,-12.145,-6.137
12.279,0.35232,5.9658
-11.317,5.0883,5.746
0.38254,5.84,-12.363
12.279,0.35232,-6.137
-0.21567,-5.9758,-12.391
6.4982,12.151,-0.474
-6.4035,-12.233,-0.013
-12.115,-6.6574,-0.26
12.282,6.5216,-0.288
-5.9991,-0.34648,-12.577
-11.317,5.0883,-6.3568
-5.2946,11.558,6.0168
-5.2946,11.558,-6.086
11.875,-5.6213,5.84
-5.5805,5.6922,-12.005
5.6304,-12.018,5.733
5.8291,-5.7175,-12.005
11.875,-5.6213,-6.2628
-5.5805,5.6922,12.201
5.8291,-5.7175,12.201
5.6304,-12.018,-6.3698
6.7182,11.889,5.733
-12.032,-6.709,5.84
6.3357,6.1462,-12.09
-6.1617,-6.3512,-12.09
6.3357,6.1462,12.116
-6.1617,-6.3512,12.116
6.7182,11.889,-6.3698
-12.032,-6.709,-6.2628
-6.3823,-12.349,6.0168
12.59,6.1761,5.746
-6.3823,-12.349,-6.086
12.59,6.1761,-6.3568
-11.41,11.41,-1e-06
11.41,-11.41,1e-06
-11.13,11.193,-5.9
0.5077,11.85,12.054
11.917,0.44003,12.054
-11.13,11.193,6.2028
0.5077,11.85,-12.152
-11.99,-0.64769,12.054
11.917,0.44003,-12.152
-0.58001,-12.057,12.054
-11.99,-0.64768,-12.152
-0.58001,-12.057,-12.152
5.4105,-11.756,11.629
-11.625,5.4339,11.815
11.689,-11.627,-5.9
11.689,-11.627,6.2028
11.792,-5.5697,11.843
-5.3158,11.674,12.09
-5.3158,11.674,-12.116
-12.497,-12.497,1.9594e-21
12.497,12.497,-1.9594e-21
-11.625,5.4339,-12.391
11.792,-5.5697,-12.363
6.4982,12.151,11.629
5.4105,-11.756,-12.577
-12.115,-6.6574,11.843
12.282,6.5216,11.815
-6.4035,-12.233,12.09
-6.4035,-12.233,-12.116
-12.115,-6.6574,-12.363
-12.218,-12.714,-5.9
12.282,6.5216,-12.391
6.4982,12.151,-12.577
12.777,12.28,-5.9
-12.218,-12.714,6.2028
12.777,12.28,6.2028
-11.41,11.41,12.103
11.41,-11.41,-12.103
-11.41,11.41,-12.103
11.41,-11.41,12.103
-12.497,-12.497,-12.103
12.497,12.497,12.103
-12.497,-12.497,12.103
12.497,12.497,-12.103
