-9.4226,-3.8464,-8.3602
-3.7771,-9.376,-8.7402
-9.9141,-9.4177,-8.6412
-9.4226,-3.8464,3.208
-3.7771,-9.376,2.828
-8.3973,-8.4808,-2.817
-9.9141,-9.4177,2.927
-8.3973,-8.4808,8.7512
-8.7678,7.3112,-8.8352
-8.9651,1.8163,-8.6702
-3.135,7.9787,-8.6972
-3.3156,2.0556,-8.9442
2.069,-3.5256,-8.8352
2.6538,8.23,-8.3602
8.2993,2.7004,-8.7402
-3.4146,-3.4457,-8.7842
1.8717,-9.0206,-8.6702
2.1623,2.6587,-8.6412
7.7018,-2.8581,-8.6972
7.5212,-8.7813,-8.9442
-8.7678,7.3112,2.733
-7.7291,8.5889,-2.912
-7.9285,2.7695,-2.733
-2.0036,8.7127,-2.797
-8.9651,1.8163,2.898
-3.135,7.9787,2.871
-3.3156,2.0556,2.624
2.069,-3.5256,2.733
2.6538,8.23,3.208
8.2993,2.7004,2.828
-3.2025,-8.0448,-2.655
-8.4117,-2.8511,-2.89
3.1077,-2.2479,-2.912
-2.233,3.1622,-3.043
-2.6799,-2.8228,-2.884
2.9083,-8.0674,-2.733
3.6791,3.5956,-2.817
8.8332,-2.1241,-2.797
-3.4146,-3.4457,2.784
1.8717,-9.0206,2.898
2.1623,2.6587,2.927
7.7018,-2.8581,2.871
7.5212,-8.7813,2.624
8.6038,-7.6747,-3.043
-7.7291,8.5889,8.6562
-7.9285,2.7695,8.8352
-2.0036,8.7127,8.7712
-3.2025,-8.0448,8.9132
-8.4117,-2.8511,8.6782
3.1077,-2.2479,8.6562
-2.233,3.1622,8.5252
-2.6799,-2.8228,8.6842
2.9083,-8.0674,8.8352
3.6791,3.5956,8.7512
8.8332,-2.1241,8.7712
8.6038,-7.6747,8.5252
8.6618,8.6307,-8.7842
8.8739,4.0317,-2.655
3.6647,9.2254,-2.89
9.3965,9.2536,-2.884
8.6618,8.6307,2.784
8.8739,4.0317,8.9132
3.6647,9.2254,8.6782
9.3965,9.2536,8.6842
-8.5112,-8.9326,-8.7172
-9.1426,-4.1519,-2.754
-3.9263,-9.2791,-3.111
-8.5112,-8.9326,2.851
-9.6934,-9.2056,-3.007
-9.1426,-4.1519,8.8142
-3.9263,-9.2791,8.4572
-9.6934,-9.2056,8.5612
-9.05,-2.4094,-8.4132
-8.159,8.678,-8.7902
-2.6605,3.3776,-8.7432
-7.6881,2.5432,-8.9162
-1.8502,8.7106,-8.4572
-3.1551,-8.0341,-8.5432
2.6778,-2.1588,-8.7902
8.1763,-7.4593,-8.7432
-2.1567,-2.6997,-8.5052
3.1487,-8.2937,-8.9162
3.5652,3.1438,-8.7172
8.9866,-2.1263,-8.4572
-8.4482,7.2857,-2.925
-9.05,-2.4094,3.155
-8.159,8.678,2.778
-2.6605,3.3776,2.825
-7.6881,2.5432,2.652
-1.8502,8.7106,3.111
-9.3059,2.1981,-2.85
-3.4652,8.5592,-2.996
-2.8892,1.8314,-3.093
2.3886,-3.5511,-2.925
2.9338,7.9245,-2.754
8.1501,2.7973,-3.111
-3.1551,-8.0341,3.025
2.6778,-2.1588,2.778
8.1763,-7.4593,2.825
-2.1567,-2.6997,3.063
3.1487,-8.2937,2.652
3.5652,3.1438,2.851
8.9866,-2.1263,3.111
-4.0546,-3.4012,-2.77
1.5309,-8.6387,-2.85
2.3829,2.8709,-3.007
7.3716,-2.2776,-2.996
7.9476,-9.0054,-3.093
-8.4482,7.2857,8.6432
-9.3059,2.1981,8.7182
-3.4652,8.5592,8.5722
-2.8892,1.8314,8.4752
2.3886,-3.5511,8.6432
2.9338,7.9245,8.8142
8.1501,2.7973,8.4572
-4.0546,-3.4012,8.7982
1.5309,-8.6387,8.7182
2.3829,2.8709,8.5612
7.3716,-2.2776,8.5722
7.9476,-9.0054,8.4752
3.0264,9.667,-8.4132
8.9213,4.0423,-8.5432
9.9197,9.3767,-8.5052
3.0264,9.667,3.155
8.9213,4.0423,3.025
9.9197,9.3767,3.063
8.0218,8.6752,-2.77
8.0218,8.6752,8.7982
-11.368,-3.4769,-5.8992
-11.227,-3.6855,-11.058
-11.555,-6.6748,-8.6412
-5.7824,-12.19,-8.6132
-12.46,-11.605,-8.5862
-6.0306,-8.8775,-6.1752
-9.1949,-11.281,-6.1132
-5.7146,-8.8753,-11.372
-12.613,-9.3038,-11.787
-8.8704,-6.8438,-11.733
-3.7877,-12.306,-11.87
-9.5407,-11.396,-11.352
-12.56,-5.9722,-2.841
-11.388,-0.86976,-2.633
-11.368,-3.4769,5.669
-11.227,-3.6855,0.51
-7.0588,-11.357,-2.816
-11.555,-6.6748,2.927
-5.7824,-12.19,2.955
-12.46,-11.605,2.982
-11.818,-12.674,-2.682
-0.55126,-11.707,-2.633
-12.395,-9.0733,-5.595
-6.0306,-8.8775,5.393
-9.1949,-11.281,5.455
-8.8152,-6.5242,-5.374
-3.5805,-11.926,-5.578
-5.7146,-8.8753,0.196
-12.613,-9.3038,-0.219
-8.8704,-6.8438,-0.165
-3.7877,-12.306,-0.302
-9.5407,-11.396,0.216
-12.56,-5.9722,8.7272
-11.388,-0.86976,8.9352
-11.227,-3.6855,12.078
-7.0588,-11.357,8.7522
-11.818,-12.674,8.8862
-0.55126,-11.707,8.9352
-12.395,-9.0733,5.9732
-8.8152,-6.5242,6.1942
-3.5805,-11.926,5.9902
-5.7146,-8.8753,11.764
-12.613,-9.3038,11.349
-8.8704,-6.8438,11.403
-3.7877,-12.306,11.266
-9.5407,-11.396,11.784
-10.782,4.4396,-8.6762
-4.5429,10.723,-8.6132
-11.858,-0.021493,-8.4852
-11.221,11.308,-8.5862
-5.8984,5.8376,-8.8322
-10.442,8.0247,-6.0532
-5.158,2.3494,-6.3142
0.70882,8.5996,-5.8992
-8.6596,0.10932,-5.8502
-7.9554,11.632,-6.1132
-2.6308,6.0971,-6.1402
-10.723,7.6471,-11.272
-5.0774,2.621,-11.464
0.84954,8.391,-11.058
-12.355,2.003,-11.679
-5.938,8.509,-11.928
-8.2424,4.6419,-11.876
-2.5481,10.608,-11.87
-8.8965,-0.1219,-11.192
-8.3011,11.517,-11.352
-2.6026,6.1678,-11.29
-5.5861,-0.95318,-8.6172
0.054447,-6.3972,-8.6762
0.52114,5.4016,-8.6412
6.294,-0.11384,-8.6132
-6.6716,-5.4695,-8.5502
-1.0211,-10.858,-8.4852
-0.38396,0.47164,-8.5862
4.9384,-4.9992,-8.8322
0.39527,-2.8122,-6.0532
5.6788,-8.4874,-6.3142
6.0458,3.199,-6.1752
11.546,-2.2373,-5.8992
-3.3078,-5.1732,-6.0572
2.1772,-10.728,-5.8502
2.8815,0.7955,-6.1132
8.206,-4.7397,-6.1402
0.11384,-3.1898,-11.272
5.7594,-8.2159,-11.464
6.3618,3.2011,-11.372
11.686,-2.4459,-11.058
-6.5082,-3.0703,-11.95
-1.5182,-8.8339,-11.679
-0.53669,2.7726,-11.787
4.8988,-2.3278,-11.928
-3.0201,-0.87752,-11.623
2.5944,-6.195,-11.876
3.206,5.2326,-11.733
8.2887,-0.2291,-11.87
-3.2244,-5.4306,-11.113
1.9403,-10.959,-11.192
2.5357,0.68024,-11.352
8.2343,-4.669,-11.29
5.2507,-11.79,-8.6172
11.358,-5.4352,-8.6412
10.453,-10.365,-8.5862
10.3,-8.0643,-11.787
7.8168,-11.714,-11.623
-11.634,5.4869,-2.933
-6.0518,0.14326,-2.821
-5.8192,11.557,-2.816
-0.48407,6.1042,-2.841
-10.782,4.4396,2.892
-4.5429,10.723,2.955
-11.858,-0.021493,3.083
-11.221,11.308,2.982
-5.8984,5.8376,2.736
-10.579,10.239,-2.682
-4.895,4.7197,-2.924
0.68832,11.207,-2.633
-12.095,2.4711,-5.1
-5.9889,8.1088,-5.443
-10.442,8.0247,5.515
-5.158,2.3494,5.254
0.70882,8.5996,5.669
-8.6596,0.10932,5.718
-7.9554,11.632,5.455
-2.6308,6.0971,5.428
-8.3747,4.644,-5.372
-2.3409,10.987,-5.578
-10.723,7.6471,0.296
-5.0774,2.621,0.104
0.84954,8.391,0.51
-12.355,2.003,-0.111
-5.938,8.509,-0.36
-8.2424,4.6419,-0.308
-2.5481,10.608,-0.302
-8.8965,-0.1219,0.376
-8.3011,11.517,0.216
-2.6026,6.1678,0.278
-0.79762,-5.35,-2.933
4.785,-10.694,-2.821
5.0176,0.71983,-2.816
10.353,-4.7327,-2.841
-5.5861,-0.95318,2.951
0.054447,-6.3972,2.892
0.52114,5.4016,2.927
6.294,-0.11384,2.955
-6.6716,-5.4695,3.018
-1.0211,-10.858,3.083
-0.38396,0.47164,2.982
4.9384,-4.9992,2.736
0.25809,-0.59751,-2.682
5.9418,-6.1172,-2.924
-5.9362,-6.1327,-2.715
11.525,0.36982,-2.633
-6.7309,-3.2364,-5.452
-1.2579,-8.3658,-5.1
-0.31891,3.0031,-5.595
4.8479,-2.728,-5.443
0.39527,-2.8122,5.515
5.6788,-8.4874,5.254
6.0458,3.199,5.393
11.546,-2.2373,5.669
-3.3078,-5.1732,5.511
2.1772,-10.728,5.718
2.8815,0.7955,5.455
8.206,-4.7397,5.428
-2.8786,-0.84499,-5.472
2.4621,-6.1928,-5.372
3.2612,5.5522,-5.374
8.4959,0.15061,-5.578
0.11384,-3.1898,0.296
5.7594,-8.2159,0.104
6.3618,3.2011,0.196
11.686,-2.4459,0.51
-6.5082,-3.0703,-0.382
-1.5182,-8.8339,-0.111
-0.53669,2.7726,-0.219
4.8988,-2.3278,-0.36
-3.0201,-0.87752,-0.055
2.5944,-6.195,-0.308
3.206,5.2326,-0.165
8.2887,-0.2291,-0.302
-3.2244,-5.4306,0.455
1.9403,-10.959,0.376
2.5357,0.68024,0.216
8.2343,-4.669,0.278
5.2507,-11.79,2.951
11.358,-5.4352,2.927
10.453,-10.365,2.982
11.095,-11.434,-2.682
10.518,-7.8338,-5.595
7.9582,-11.682,-5.472
10.3,-8.0643,-0.219
7.8168,-11.714,-0.055
-11.634,5.4869,8.6352
-6.0518,0.14326,8.7472
-5.8192,11.557,8.7522
-0.48407,6.1042,8.7272
-10.579,10.239,8.8862
-4.895,4.7197,8.6442
0.68832,11.207,8.9352
-12.095,2.4711,6.4682
-5.9889,8.1088,6.1252
-8.3747,4.644,6.1962
-2.3409,10.987,5.9902
-10.723,7.6471,11.864
-5.0774,2.621,11.672
0.84954,8.391,12.078
-12.355,2.003,11.457
-5.938,8.509,11.208
-8.2424,4.6419,11.26
-2.5481,10.608,11.266
-8.8965,-0.1219,11.944
-8.3011,11.517,11.784
-2.6026,6.1678,11.846
-0.79762,-5.35,8.6352
4.785,-10.694,8.7472
5.0176,0.71983,8.7522
10.353,-4.7327,8.7272
0.25809,-0.59751,8.8862
5.9418,-6.1172,8.6442
-5.9362,-6.1327,8.8532
11.525,0.36982,8.9352
-6.7309,-3.2364,6.1162
-1.2579,-8.3658,6.4682
-0.31891,3.0031,5.9732
4.8479,-2.728,6.1252
-2.8786,-0.84499,6.0962
2.4621,-6.1928,6.1962
3.2612,5.5522,6.1942
8.4959,0.15061,5.9902
0.11384,-3.1898,11.864
5.7594,-8.2159,11.672
6.3618,3.2011,11.764
11.686,-2.4459,12.078
-6.5082,-3.0703,11.186
-1.5182,-8.8339,11.457
-0.53669,2.7726,11.349
4.8988,-2.3278,11.208
-3.0201,-0.87752,11.513
2.5944,-6.195,11.26
3.206,5.2326,11.403
8.2887,-0.2291,11.266
-3.2244,-5.4306,12.023
1.9403,-10.959,11.944
2.5357,0.68024,11.784
8.2343,-4.669,11.846
11.095,-11.434,8.8862
10.518,-7.8338,5.9732
7.9582,-11.682,6.0962
10.3,-8.0643,11.349
7.8168,-11.714,11.513
0.21852,12.055,-8.4852
3.4168,12.186,-5.8502
3.1799,11.955,-11.192
6.4903,11.123,-8.6172
12.131,5.6792,-8.6762
5.4048,6.6069,-8.5502
11.055,1.2181,-8.4852
11.692,12.548,-8.5862
12.472,9.2643,-6.0532
8.7685,6.9032,-6.0572
12.19,8.8867,-11.272
5.5682,9.0062,-11.95
10.558,3.2425,-11.679
9.0563,11.199,-11.623
8.852,6.6458,-11.113
6.0246,12.22,-2.821
0.21852,12.055,3.083
3.4168,12.186,5.718
3.1799,11.955,0.376
11.279,6.7264,-2.933
6.4903,11.123,2.951
12.131,5.6792,2.892
5.4048,6.6069,3.018
11.055,1.2181,3.083
11.692,12.548,2.982
12.334,11.479,-2.682
6.1402,5.9437,-2.715
5.3454,8.84,-5.452
10.818,3.7106,-5.1
12.472,9.2643,5.515
8.7685,6.9032,5.511
9.1978,11.231,-5.472
12.19,8.8867,0.296
5.5682,9.0062,-0.382
10.558,3.2425,-0.111
9.0563,11.199,-0.055
8.852,6.6458,0.455
6.0246,12.22,8.7472
3.1799,11.955,11.944
11.279,6.7264,8.6352
12.334,11.479,8.8862
6.1402,5.9437,8.8532
5.3454,8.84,6.1162
10.818,3.7106,6.4682
9.1978,11.231,6.0962
12.19,8.8867,11.864
5.5682,9.0062,11.186
10.558,3.2425,11.457
9.0563,11.199,11.513
8.852,6.6458,12.023
0,0,0
5.577,0.4179,-0.101
0.12374,5.6561,0.093
-5.6689,-0.47305,0.149
-0.072125,-0.032527,-5.726
-0.072125,-0.032527,5.8422
-0.53457,-5.968,0.244
5.3104,-5.4037,-0.006
-5.5264,5.4331,-0.006
-0.59326,-5.5317,-5.699
5.5897,0.51124,5.666
-0.59326,-5.5317,5.8692
-5.868,-0.24565,-5.624
5.5897,0.51124,-5.9022
0.056871,5.8616,5.759
0.056871,5.8616,-5.8092
-5.868,-0.24565,5.9442
5.8428,5.9956,0.085
-6.2336,-6.0809,0.085
5.1612,-5.4751,-5.563
-5.6756,5.3617,-5.563
5.1612,-5.4751,6.0052
-5.6756,5.3617,6.0052
-6.2339,-5.8096,5.778
-6.2339,-5.8096,-5.7902
5.8425,6.2668,5.778
5.8425,6.2668,-5.7902
11.275,0.48154,0.081
0.438,11.318,0.081
5.0088e-16,-5.0088e-16,-11.568
-5.0088e-16,5.0088e-16,11.568
-0.80158,-11.595,0.081
-11.638,-0.75804,0.081
10.961,-5.1807,0.093
-11.371,4.8689,0.244
-5.2599,11.255,-0.101
5.1679,-11.31,0.149
11.141,0.82422,-5.655
-0.9355,-11.252,-5.655
11.141,0.82422,5.9132
-0.9355,-11.252,5.9132
-5.6689,-0.47305,-11.419
5.577,0.4179,11.467
0.12374,5.6561,-11.475
-0.53457,-5.968,-11.324
5.577,0.4179,-11.669
0.12374,5.6561,11.661
0.30408,11.661,-5.655
-5.6689,-0.47305,11.717
11.542,6.1084,0.244
-11.772,-0.41535,-5.655
0.30408,11.661,5.9132
-11.772,-0.41535,5.9132
-0.53457,-5.968,11.812
6.4075,11.603,0.149
10.894,-4.9752,5.759
10.894,-4.9752,-5.8092
-6.4994,-11.659,-0.101
4.9688,-11.082,-5.624
4.9688,-11.082,5.9442
-11.953,-6.4203,0.093
-5.2471,11.348,5.666
5.3104,-5.4037,11.562
-5.2471,11.348,-5.9022
-11.43,5.3051,-5.699
5.3104,-5.4037,-11.574
-11.43,5.3051,5.8692
-5.5264,5.4331,11.562
-5.5264,5.4331,-11.574
5.8428,5.9956,-11.483
5.8428,5.9956,11.653
11.483,6.5447,-5.699
-6.2336,-6.0809,-11.483
-6.4867,-11.565,5.666
11.483,6.5447,5.8692
6.2084,11.831,-5.624
-6.4867,-11.565,-5.9022
-6.2336,-6.0809,11.653
6.2084,11.831,5.9442
-12.02,-6.2148,5.759
-12.02,-6.2148,-5.8092
-10.837,10.837,-9.3842e-16
10.837,-10.837,9.3842e-16
11.275,0.48154,-11.487
0.438,11.318,-11.487
11.275,0.48154,11.649
0.438,11.318,11.649
10.765,-10.869,-5.726
-0.80158,-11.595,-11.487
-11.638,-0.75804,-11.487
10.765,-10.869,5.8422
-10.909,10.804,-5.726
-10.909,10.804,5.8422
-0.80158,-11.595,11.649
-11.638,-0.75804,11.649
10.961,-5.1807,-11.475
-11.371,4.8689,-11.324
10.961,-5.1807,11.661
5.1679,-11.31,-11.419
-5.2599,11.255,11.467
-5.2599,11.255,-11.669
-12.076,-12.076,7.9602e-22
12.076,12.076,-7.9602e-22
5.1679,-11.31,11.717
-11.371,4.8689,11.812
11.542,6.1084,-11.324
6.4075,11.603,-11.419
-6.4994,-11.659,11.467
11.542,6.1084,11.812
6.4075,11.603,11.717
-6.4994,-11.659,-11.669
-11.953,-6.4203,-11.475
-11.953,-6.4203,11.661
12.004,12.044,-5.726
12.004,12.044,5.8422
-12.149,-12.109,-5.726
-12.149,-12.109,5.8422
-10.837,10.837,-11.568
10.837,-10.837,-11.568
-10.837,10.837,11.568
10.837,-10.837,11.568
-12.076,-12.076,-11.568
-12.076,-12.076,11.568
12.076,12.076,-11.568
12.076,12.076,11.568
