-9.8468,-3.8808,-9.2628
-4.1146,-9.7305,-9.5988
-10.065,-9.6195,-9.1028
-9.8468,-3.8808,2.84
-4.1146,-9.7305,2.504
-8.6379,-9.1542,-3.318
-10.065,-9.6195,3
-8.6379,-9.1542,8.7848
-9.2346,7.9194,-9.2068
2.6505,8.6166,-9.2628
-9.6786,1.9769,-9.4778
-3.4335,8.4568,-9.2008
-3.4952,2.4233,-9.5118
2.1751,-3.4903,-9.2068
8.3828,2.7669,-9.5988
-4.1069,-3.5412,-9.3268
1.731,-9.4328,-9.4778
2.4324,2.8779,-9.1028
7.9762,-2.9529,-9.2008
7.9144,-8.9864,-9.5118
-9.2346,7.9194,2.896
2.6505,8.6166,2.84
-8.7665,-2.748,-3.323
-8.345,9.3308,-3.404
-8.4002,2.9216,-2.963
-2.061,9.4022,-3.358
-9.6786,1.9769,2.625
-3.4335,8.4568,2.902
-3.4952,2.4233,2.591
2.1751,-3.4903,2.896
8.3828,2.7669,2.504
-3.3149,-8.3637,-3.53
3.0646,-2.0789,-3.404
-2.588,3.288,-3.362
-2.803,-2.7238,-2.67
3.0094,-8.4881,-2.963
3.8594,3.3432,-3.318
9.3487,-2.0075,-3.358
-4.1069,-3.5412,2.776
1.731,-9.4328,2.625
2.4324,2.8779,3
7.9762,-2.9529,2.902
7.9144,-8.9864,2.591
8.8216,-8.1216,-3.362
-8.7665,-2.748,8.7798
-8.345,9.3308,8.6988
-8.4002,2.9216,9.1398
-2.061,9.4022,8.7448
-3.3149,-8.3637,8.5728
3.0646,-2.0789,8.6988
-2.588,3.288,8.7408
-2.803,-2.7238,9.4328
3.0094,-8.4881,9.1398
3.8594,3.3432,8.7848
9.3487,-2.0075,8.7448
8.8216,-8.1216,8.7408
8.3905,8.9562,-9.3268
3.7309,9.7494,-3.323
9.1824,4.1337,-3.53
9.6944,9.7736,-2.67
8.3905,8.9562,2.776
3.7309,9.7494,8.7798
9.1824,4.1337,8.5728
9.6944,9.7736,9.4328
-8.6266,-9.2122,-9.2208
-9.1492,-4.1698,-3.036
-3.9491,-9.7135,-3.379
-8.6266,-9.2122,2.882
-10.039,-9.5728,-2.993
-9.1492,-4.1698,9.0668
-3.9491,-9.7135,8.7238
-10.039,-9.5728,9.1098
-9.4311,-2.451,-9.4588
-8.8548,9.3697,-9.1598
-2.8996,3.7878,-9.2778
-8.2828,2.4365,-9.1918
-2.1988,9.2247,-9.5438
-3.6062,-8.334,-9.4968
2.5548,-2.04,-9.1598
8.51,-7.6219,-9.2778
-2.7103,-3.1219,-9.0018
3.1268,-8.9732,-9.1918
3.8707,3.2852,-9.2208
9.2108,-2.185,-9.5438
-9.2586,8.1499,-3.298
-9.4311,-2.451,2.644
-8.8548,9.3697,2.943
-2.8996,3.7878,2.825
-8.2828,2.4365,2.911
-2.1988,9.2247,2.559
-9.7727,2.5107,-3.405
-3.4193,8.8301,-3.121
-3.1827,2.0244,-2.826
2.151,-3.2598,-3.298
3.3482,8.3276,-3.036
8.5482,2.7839,-3.379
-3.6062,-8.334,2.606
2.5548,-2.04,2.943
8.51,-7.6219,2.825
-2.7103,-3.1219,3.101
3.1268,-8.9732,2.911
3.8707,3.2852,2.882
9.2108,-2.185,2.559
-4.15,-3.3284,-2.918
1.637,-8.8989,-3.405
2.4579,2.9246,-2.993
7.9903,-2.5795,-3.121
8.2269,-9.3852,-2.826
-9.2586,8.1499,8.8048
-9.7727,2.5107,8.6978
-3.4193,8.8301,8.9818
-3.1827,2.0244,9.2768
2.151,-3.2598,8.8048
3.3482,8.3276,9.0668
8.5482,2.7839,8.7238
-4.15,-3.3284,9.1848
1.637,-8.8989,8.6978
2.4579,2.9246,9.1098
7.9903,-2.5795,8.9818
8.2269,-9.3852,9.2768
3.0662,10.046,-9.4588
8.8911,4.1634,-9.4968
9.787,9.3755,-9.0018
3.0662,10.046,2.644
8.8911,4.1634,2.606
9.787,9.3755,3.101
8.3473,9.169,-2.918
8.3473,9.169,9.1848
-11.554,-3.4197,-6.3178
-11.959,-3.4247,-12.116
-11.849,-6.6701,-9.0068
-6.2182,-12.562,-9.3538
-13.143,-11.75,-9.4008
-5.7621,-9.1846,-6.6068
-9.7248,-11.693,-6.3518
-5.9799,-9.2808,-12.177
-12.95,-9.5374,-12.519
-9.3712,-7.1057,-12.303
-3.7144,-12.594,-12.821
-9.5742,-11.715,-11.765
-13.091,-5.9752,-3.104
-11.839,-1.0248,-3.464
-11.554,-3.4198,5.785
-11.959,-3.4247,-0.013001
-6.8949,-12.176,-3.291
-11.849,-6.6701,3.096
-6.2182,-12.562,2.749
-13.143,-11.75,2.702
-12.214,-12.566,-3.207
-0.42914,-12.434,-3.464
-13.187,-9.4618,-5.93
-5.7621,-9.1846,5.496
-9.7248,-11.693,5.751
-9.4928,-7.0915,-5.928
-3.65,-12.772,-6.115
-5.9799,-9.2808,-0.074
-12.95,-9.5374,-0.416
-9.3712,-7.1057,-0.2
-3.7144,-12.594,-0.718
-9.5742,-11.715,0.338
-13.091,-5.9752,8.9988
-11.839,-1.0248,8.6388
-11.959,-3.4247,12.09
-6.8949,-12.176,8.8118
-12.214,-12.566,8.8958
-0.42914,-12.434,8.6388
-13.187,-9.4618,6.1728
-9.4928,-7.0915,6.1748
-3.65,-12.772,5.9878
-5.9799,-9.2808,12.029
-12.95,-9.5374,11.687
-9.3712,-7.1057,11.903
-3.7144,-12.594,11.385
-9.5742,-11.715,12.441
-11.13,4.9799,-9.1698
-5.1305,11.345,-9.3538
-12.547,0.13202,-9.3698
-12.055,12.157,-9.4008
-6.4295,6.1255,-9.1588
-6.4245,8.8924,-6.2608
-11.185,8.4639,-6.4828
-5.6205,2.7992,-6.7418
0.94354,9.0776,-6.3178
-9.2805,-0.061725,-6.6288
-8.6371,12.214,-6.3518
-3.1245,6.5158,-6.4548
-11.602,8.3946,-11.744
-5.5767,2.6522,-11.978
0.53836,9.0727,-12.116
-12.962,2.6896,-12.884
-6.5129,8.8379,-12.455
-8.9093,5.2918,-12.767
-2.6266,11.313,-12.821
-9.3654,0.31587,-12.386
-8.4864,12.192,-11.765
-2.8183,6.3341,-11.918
-5.5331,-0.63852,-9.2228
0.27931,-6.4297,-9.1698
0.64842,5.8273,-9.0068
6.2791,-0.065053,-9.3538
-6.9141,-5.5819,-9.0968
-1.1377,-11.278,-9.3698
-0.64559,0.74741,-9.4008
4.9802,-5.2842,-9.1588
4.9851,-2.5173,-6.2608
0.22486,-2.9458,-6.4828
5.7891,-8.6104,-6.7418
6.7352,3.3128,-6.6068
12.353,-2.332,-6.3178
-3.4903,-5.5777,-6.4598
2.1291,-11.471,-6.6288
2.7726,0.80398,-6.3518
8.2852,-4.8939,-6.4548
-0.19233,-3.0151,-11.744
5.8329,-8.7575,-11.978
6.5174,3.2166,-12.177
11.948,-2.337,-12.116
-7.139,-3.2852,-12.384
-1.5528,-8.72,-12.884
-0.45255,2.9599,-12.519
4.8967,-2.5717,-12.455
-3.3206,-0.5572,-12.306
2.5003,-6.1179,-12.767
3.1261,5.3917,-12.303
8.783,-0.096873,-12.821
-3.5391,-5.5048,-11.878
2.0442,-11.094,-12.386
2.9232,0.78206,-11.765
8.5913,-5.0756,-11.918
5.8765,-12.048,-9.2228
12.058,-5.5824,-9.0068
10.764,-10.662,-9.4008
10.957,-8.4497,-12.519
8.089,-11.967,-12.306
-12.32,5.977,-3.127
-6.5355,0.016056,-3.153
-5.8072,11.731,-3.291
-0.59371,6.5221,-3.104
-11.13,4.9799,2.933
-5.1305,11.345,2.749
-12.547,0.13202,2.733
-12.055,12.157,2.702
-6.4295,6.1255,2.944
-11.126,11.341,-3.207
-5.5703,5.1518,-3.162
0.65857,11.473,-3.464
-12.797,2.4139,-6.154
-6.4245,8.8924,5.842
-11.185,8.4639,5.62
-5.6205,2.7992,5.361
0.94354,9.0776,5.785
-9.2805,-0.061725,5.474
-8.6371,12.214,5.751
-3.1244,6.5158,5.648
-8.9623,5.1072,-5.592
-2.5623,11.135,-6.115
-11.602,8.3946,0.359
-5.5767,2.6522,0.125
0.53836,9.0727,-0.013001
-12.962,2.6896,-0.781
-6.5129,8.8379,-0.352
-8.9093,5.2918,-0.664
-2.6266,11.313,-0.718
-9.3654,0.31587,-0.283
-8.4864,12.192,0.338
-2.8183,6.3341,0.185
-0.91005,-5.4327,-3.127
4.8741,-11.394,-3.153
5.6024,0.32173,-3.291
10.816,-4.8875,-3.104
-5.5331,-0.63852,2.88
0.27931,-6.4297,2.933
0.64842,5.8273,3.096
6.2791,-0.065054,2.749
-6.9141,-5.5819,3.006
-1.1377,-11.278,2.733
-0.64559,0.74741,2.702
4.9802,-5.2842,2.944
0.28355,-0.068589,-3.207
5.8393,-6.2579,-3.162
-5.9319,-6.5344,-3.071
12.068,0.062933,-3.464
-7.0004,-3.1438,-6.05
-1.3873,-8.9958,-6.154
-0.68943,3.0356,-5.93
4.9851,-2.5173,5.842
0.22486,-2.9458,5.62
5.7891,-8.6104,5.361
6.7352,3.3128,5.496
12.353,-2.332,5.785
-3.4903,-5.5777,5.643
2.1291,-11.471,5.474
2.7726,0.80398,5.751
8.2852,-4.8939,5.648
-3.1735,-0.90085,-5.465
2.4473,-6.3024,-5.592
3.0045,5.4058,-5.928
8.8473,-0.27436,-6.115
-0.19233,-3.0151,0.359
5.8329,-8.7575,0.125
6.5174,3.2166,-0.074
11.948,-2.337,-0.013
-7.139,-3.2852,-0.281
-1.5528,-8.72,-0.781
-0.45255,2.9599,-0.416
4.8967,-2.5717,-0.352
-3.3206,-0.5572,-0.203
2.5003,-6.1179,-0.664
3.1261,5.3917,-0.2
8.783,-0.096874,-0.718
-3.5391,-5.5048,0.225
2.0442,-11.094,-0.283
2.9232,0.78206,0.338
8.5913,-5.0756,0.185
5.8765,-12.048,2.88
12.058,-5.5824,3.096
10.764,-10.662,2.702
11.693,-11.478,-3.207
10.72,-8.3741,-5.93
8.2361,-12.311,-5.465
10.957,-8.4497,-0.416
8.089,-11.967,-0.203
-12.32,5.977,8.9758
-6.5355,0.016056,8.9498
-5.8072,11.731,8.8118
-0.59371,6.5221,8.9988
-11.126,11.341,8.8958
-5.5703,5.1518,8.9408
0.65857,11.473,8.6388
-12.797,2.4139,5.9488
-8.9623,5.1072,6.5108
-2.5623,11.135,5.9878
-11.602,8.3946,12.462
-5.5767,2.6521,12.228
0.53836,9.0727,12.09
-12.962,2.6896,11.322
-6.5129,8.8379,11.751
-8.9093,5.2918,11.439
-2.6266,11.313,11.385
-9.3654,0.31587,11.82
-8.4864,12.192,12.441
-2.8183,6.3341,12.288
-0.91005,-5.4327,8.9758
4.8741,-11.394,8.9498
5.6024,0.32173,8.8118
10.816,-4.8875,8.9988
0.28355,-0.06859,8.8958
5.8393,-6.2579,8.9408
-5.9319,-6.5344,9.0318
12.068,0.062932,8.6388
-7.0004,-3.1438,6.0528
-1.3873,-8.9958,5.9488
-0.68943,3.0356,6.1728
-3.1735,-0.90085,6.6378
2.4473,-6.3024,6.5108
3.0045,5.4058,6.1748
8.8473,-0.27436,5.9878
-0.19233,-3.0151,12.462
5.8329,-8.7575,12.228
6.5174,3.2166,12.029
11.948,-2.337,12.09
-7.1389,-3.2852,11.822
-1.5528,-8.72,11.322
-0.45255,2.9599,11.687
4.8967,-2.5717,11.751
-3.3206,-0.5572,11.9
2.5003,-6.1179,11.439
3.1261,5.3917,11.903
8.783,-0.096874,11.385
-3.5391,-5.5048,12.328
2.0442,-11.094,11.82
2.9232,0.78206,12.441
8.5913,-5.0756,12.288
11.693,-11.478,8.8958
10.72,-8.3741,6.1728
8.2361,-12.311,6.6378
10.957,-8.4497,11.687
8.089,-11.967,11.9
-0.050021,12.629,-9.3698
3.2168,12.436,-6.6288
3.132,12.813,-12.386
6.9642,11.859,-9.2228
12.777,6.0677,-9.1698
5.5832,6.9155,-9.0968
11.36,1.2197,-9.3698
11.852,13.245,-9.4008
12.722,9.5516,-6.4828
9.0071,6.9197,-6.4598
12.305,9.4823,-11.744
5.3584,9.2122,-12.384
10.945,3.7773,-12.884
9.1768,11.94,-12.306
8.9583,6.9926,-11.878
5.9618,12.513,-3.153
-0.05002,12.629,2.733
3.2168,12.436,5.474
3.132,12.813,-0.283
11.587,7.0647,-3.127
6.9642,11.859,2.88
12.777,6.0677,2.933
5.5832,6.9155,3.006
11.36,1.2197,2.733
11.852,13.245,2.702
12.781,12.429,-3.207
6.5654,5.963,-3.071
5.497,9.3536,-6.05
11.11,3.5016,-6.154
12.722,9.5516,5.62
9.0071,6.9197,5.643
9.3238,11.597,-5.465
12.305,9.4823,0.359
5.3584,9.2122,-0.281
10.945,3.7773,-0.781
9.1768,11.94,-0.203
8.9583,6.9926,0.225
5.9618,12.513,8.9498
3.132,12.813,11.82
11.587,7.0647,8.9758
12.781,12.429,8.8958
6.5654,5.963,9.0318
5.497,9.3536,6.0528
11.11,3.5016,5.9488
9.3238,11.597,6.6378
12.305,9.4823,12.462
5.3584,9.2122,11.822
10.945,3.7773,11.322
9.1768,11.94,11.9
8.9583,6.9926,12.328
0,0,0
5.811,0.32668,-0.228
-0.25456,-0.11172,-5.929
-0.47518,-5.9369,-0.263
0.30759,5.9545,-0.144
-0.25456,-0.11172,6.1738
-6.2416,-0.42214,-0.102
5.4384,-5.6533,-0.23
5.7721,0.2284,5.742
-5.9713,5.7563,-0.23
-0.36699,-6.055,5.793
-6.1377,-0.33375,5.816
5.7721,0.2284,-6.3608
0.092887,6.1184,6.0328
0.092886,6.1184,-6.07
-0.36699,-6.055,-6.3098
6.0181,6.4085,0.11
-6.1377,-0.33375,-6.2868
-6.4792,-6.0889,0.11
5.4072,-5.6066,5.795
5.4072,-5.6066,-6.3078
-6.0024,5.803,5.795
-6.0024,5.803,-6.3078
6.1193,6.1405,5.9818
6.1193,6.1405,-6.121
-6.378,-6.3569,5.9818
-6.378,-6.3569,-6.121
11.5,0.55649,-0.109
0.090058,11.966,-0.109
-0.99766,-11.941,-0.109
-7.0711e-07,7.0711e-07,-12.103
7.0711e-07,-7.0711e-07,12.103
-12.407,-0.53122,-0.109
5.168,-11.832,-0.102
11.717,-5.4551,-0.144
-5.5986,11.736,-0.228
-11.885,5.4728,-0.263
11.775,0.62718,5.9408
5.811,0.32668,11.875
-0.47518,-5.9369,11.84
-0.72196,-11.87,5.9408
11.775,0.62718,-6.162
0.30759,5.9545,11.959
-0.72196,-11.87,-6.162
0.36576,12.037,5.9408
-12.132,-0.46053,5.9408
0.36576,12.037,-6.162
-6.2416,-0.42214,12.001
6.2557,12.075,-0.102
-12.132,-0.46053,-6.162
0.30759,5.9545,-12.247
5.811,0.32668,-12.331
12.022,6.5605,-0.263
-6.2416,-0.42214,-12.205
-0.47518,-5.9369,-12.366
-12.19,-6.5428,-0.144
-6.6863,-12.171,-0.228
11.503,-5.2913,6.0328
11.503,-5.2913,-6.07
5.2719,-11.743,5.816
-5.6375,11.638,5.742
-11.777,5.3547,5.793
5.4384,-5.6533,11.873
5.2719,-11.743,-6.2868
-11.777,5.3547,-6.3098
-5.6375,11.638,-6.3608
-5.9713,5.7563,11.873
5.4384,-5.6533,-12.333
-5.9713,5.7563,-12.333
6.0181,6.4085,-11.993
12.13,6.4424,5.793
6.3596,12.164,5.816
-6.4792,-6.0889,-11.993
6.0181,6.4085,12.213
6.3596,12.164,-6.2868
-6.4792,-6.0889,12.213
12.13,6.4424,-6.3098
-6.7252,-12.269,5.742
-12.404,-6.379,6.0328
-12.404,-6.379,-6.07
-6.7252,-12.269,-6.3608
-11.41,11.41,-1e-06
11.41,-11.41,1e-06
11.5,0.55649,11.994
11.5,0.55649,-12.212
0.090059,11.966,11.994
-0.99766,-11.941,11.994
0.090057,11.966,-12.212
11.155,-11.521,-5.929
-0.99766,-11.941,-12.212
11.155,-11.521,6.1738
-12.407,-0.53122,11.994
-11.664,11.298,-5.929
-11.664,11.298,6.1738
-12.407,-0.53122,-12.212
11.717,-5.4551,11.959
-5.5986,11.736,11.875
5.168,-11.832,12.001
-11.885,5.4728,11.84
-12.497,-12.497,1.9594e-21
12.497,12.497,-1.9594e-21
5.168,-11.832,-12.205
11.717,-5.4551,-12.247
-5.5986,11.736,-12.331
-11.885,5.4728,-12.366
12.022,6.5605,11.84
6.2557,12.075,12.001
-6.6863,-12.171,11.875
6.2557,12.075,-12.205
-12.19,-6.5428,11.959
12.243,12.386,-5.929
12.022,6.5605,-12.366
-12.19,-6.5428,-12.247
12.243,12.386,6.1738
-6.6863,-12.171,-12.331
-12.752,-12.609,-5.929
-12.752,-12.609,6.1738
-11.41,11.41,12.103
11.41,-11.41,-12.103
-11.41,11.41,-12.103
11.41,-11.41,12.103
-12.497,-12.497,-12.103
12.497,12.497,12.103
-12.497,-12.497,12.103
12.497,12.497,-12.103
