-9.3915,-3.8011,-8.4372
-3.8252,-9.2982,-8.5492
-9.8299,-9.5146,-8.6892
-9.3915,-3.8011,3.131
-3.8252,-9.2982,3.019
-8.7261,-8.671,-3.061
-9.8299,-9.5146,2.879
-8.7261,-8.671,8.5072
-3.3323,2.2816,-8.5192
-8.5981,7.6195,-8.4902
-8.9665,1.8728,-8.6882
-3.1159,8.0812,-8.7152
7.5045,-8.5553,-8.5192
2.2387,-3.2173,-8.4902
2.6849,8.2753,-8.4372
8.2512,2.7782,-8.5492
-3.7752,-3.3906,-8.6722
1.8703,-8.964,-8.6882
2.2465,2.5618,-8.6892
7.7209,-2.7556,-8.7152
-3.3323,2.2816,3.049
-8.5981,7.6195,3.078
-8.4998,-2.77,-2.896
-7.8726,8.7381,-2.771
-2.3353,3.2871,-2.826
-7.9851,2.9194,-2.873
-2.0093,9.0266,-2.896
-8.9665,1.8728,2.88
-3.1159,8.0812,2.853
7.5045,-8.5553,3.049
2.2387,-3.2173,3.078
2.6849,8.2753,3.131
8.2512,2.7782,3.019
-3.0625,-8.0575,-2.56
2.9642,-2.0987,-2.771
8.5015,-7.5498,-2.826
-2.5725,-2.5173,-2.948
2.8518,-7.9175,-2.873
3.3503,3.4054,-3.061
8.8275,-1.8102,-2.896
-3.7752,-3.3906,2.896
1.8703,-8.964,2.88
2.2465,2.5618,2.879
7.7209,-2.7556,2.853
-8.4998,-2.77,8.6722
-7.8726,8.7381,8.7972
-2.3353,3.2871,8.7422
-7.9851,2.9194,8.6952
-2.0093,9.0266,8.6722
-3.0625,-8.0575,9.0082
2.9642,-2.0987,8.7972
8.5015,-7.5498,8.7422
-2.5725,-2.5173,8.6202
2.8518,-7.9175,8.6952
3.3503,3.4054,8.5072
8.8275,-1.8102,8.6722
8.3012,8.6858,-8.6722
3.5766,9.3064,-2.896
9.0139,4.0189,-2.56
9.5039,9.5591,-2.948
8.3012,8.6858,2.896
3.5766,9.3064,8.6722
9.0139,4.0189,9.0082
9.5039,9.5591,8.6202
-8.4928,-8.8732,-8.5152
-9.3038,-4.0317,-2.874
-3.7233,-9.3632,-2.859
-8.4928,-8.8732,3.053
-10.012,-9.4064,-2.875
-9.3038,-4.0317,8.6942
-3.7233,-9.3632,8.7092
-10.012,-9.4064,8.6932
-8.789,-2.4483,-8.6322
-8.0395,8.9969,-8.6512
-2.6655,3.6159,-8.4432
-7.681,2.6238,-8.5302
-1.7682,8.7233,-8.6522
-3.1247,-7.9811,-8.5932
2.7973,-1.8399,-8.6512
8.1713,-7.221,-8.4432
-2.535,-2.5576,-8.6922
3.1558,-8.213,-8.5302
3.5836,3.2032,-8.5152
9.0686,-2.1135,-8.6522
-8.6116,7.4364,-2.725
-8.789,-2.4483,2.936
-8.0395,8.9969,2.917
-2.6655,3.6159,3.125
-7.681,2.6238,3.038
-1.7682,8.7233,2.916
-9.3385,2.2886,-2.845
-3.3054,8.2877,-2.865
-3.0179,1.9573,-2.843
2.2253,-3.4005,-2.725
2.7726,8.0448,-2.874
8.3531,2.7132,-2.859
-3.1247,-7.9811,2.975
2.7973,-1.8399,2.917
8.1713,-7.221,3.125
-2.535,-2.5576,2.876
3.1558,-8.213,3.038
3.5836,3.2032,3.053
9.0686,-2.1135,2.916
-3.9167,-3.153,-2.794
1.4984,-8.5482,-2.845
2.0648,2.67,-2.875
7.5314,-2.5491,-2.865
7.8189,-8.8796,-2.843
-8.6116,7.4364,8.8432
-9.3385,2.2886,8.7232
-3.3054,8.2877,8.7032
-3.0179,1.9573,8.7252
2.2253,-3.4005,8.8432
2.7726,8.0448,8.6942
8.3531,2.7132,8.7092
-3.9167,-3.153,8.7742
1.4984,-8.5482,8.7232
2.0648,2.67,8.6932
7.5314,-2.5491,8.7032
7.8189,-8.8796,8.7252
3.2874,9.6281,-8.6322
8.9517,4.0953,-8.5932
9.5414,9.5188,-8.6922
3.2874,9.6281,2.936
8.9517,4.0953,2.975
9.5414,9.5188,2.876
8.1597,8.9234,-2.794
8.1597,8.9234,8.7742
-11.423,-3.3128,-5.9062
-11.165,-3.6805,-11.24
-11.355,-6.6784,-8.7822
-5.9012,-12.057,-8.7672
-12.809,-11.538,-8.5522
-5.7556,-8.8258,-6.0672
-9.5718,-11.286,-6.0382
-5.6757,-8.9991,-11.134
-12.632,-9.3116,-11.686
-8.9595,-7.0786,-11.852
-3.3952,-12.213,-11.804
-9.1652,-11.343,-11.143
-12.445,-5.8287,-2.951
-11.16,-1.0239,-2.576
-11.423,-3.3128,5.662
-11.165,-3.6805,0.328
-6.9082,-11.328,-2.96
-11.355,-6.6784,2.786
-5.9012,-12.057,2.801
-12.809,-11.538,3.016
-11.893,-12.482,-2.755
-5.9338,-6.5688,-2.642
-0.32357,-11.861,-2.576
-12.649,-8.9835,-5.579
-5.7556,-8.8258,5.501
-9.5718,-11.286,5.53
-8.9142,-6.5115,-5.452
-3.7615,-12.124,-5.568
-5.6757,-8.9991,0.434
-12.632,-9.3116,-0.118
-8.9595,-7.0786,-0.284
-3.3952,-12.213,-0.236
-9.1652,-11.343,0.425
-12.445,-5.8287,8.6172
-11.16,-1.0239,8.9922
-11.165,-3.6805,11.896
-6.9082,-11.328,8.6082
-11.893,-12.482,8.8132
-5.9338,-6.5688,8.9262
-0.32357,-11.861,8.9922
-12.649,-8.9835,5.9892
-8.9142,-6.5115,6.1162
-3.7615,-12.124,6.0002
-5.6757,-8.9991,12.002
-12.632,-9.3116,11.45
-8.9595,-7.0786,11.284
-3.3952,-12.213,11.332
-9.1652,-11.343,11.993
-10.652,4.6751,-8.7002
-4.6617,10.856,-8.7672
-11.895,-0.13251,-8.3482
-11.569,11.376,-8.5522
-5.8043,6.0052,-8.5042
-10.664,8.1604,-6.0042
-5.2224,2.6514,-5.8472
0.65367,8.7636,-5.9062
-8.9389,0.20337,-5.9292
-8.3322,11.627,-6.0382
-2.7256,6.3121,-6.0662
-10.504,7.8175,-11.057
-5.1559,2.3657,-11.303
0.91106,8.3959,-11.24
-11.901,2.1585,-11.801
-5.9429,8.2312,-11.742
-8.381,4.7112,-11.786
-2.1557,10.7,-11.804
-8.6229,0.11498,-11.352
-7.9257,11.57,-11.143
-2.7305,6.0681,-11.185
-5.4369,-0.52821,-8.7992
0.18526,-6.1617,-8.7002
0.72125,5.3981,-8.7822
6.1752,0.019092,-8.7672
-6.5704,-5.2863,-8.3872
-1.0585,-10.969,-8.3482
-0.73256,0.53882,-8.5522
5.0325,-4.8317,-8.5042
0.17324,-2.6764,-6.0042
5.6144,-8.1855,-5.8472
6.3208,3.2506,-6.0672
11.49,-2.0732,-5.9062
-3.2513,-5.0714,-6.0222
1.8979,-10.633,-5.9292
2.5046,0.79055,-6.0382
8.1112,-4.5248,-6.0662
0.33234,-3.0193,-11.057
5.6809,-8.4711,-11.303
6.4007,3.0773,-11.134
11.748,-2.4409,-11.24
-6.7013,-3.2647,-11.856
-1.0642,-8.6783,-11.801
-0.55579,2.7648,-11.686
4.8939,-2.6057,-11.742
-2.7825,-0.74741,-11.774
2.4558,-6.1257,-11.786
3.1169,4.9978,-11.852
8.6811,-0.13647,-11.804
-3.3814,-5.4405,-11.216
2.214,-10.722,-11.352
2.9112,0.73327,-11.143
8.1063,-4.7687,-11.185
5.3999,-11.365,-8.7992
11.558,-5.4388,-8.7822
10.104,-10.298,-8.5522
10.281,-8.0721,-11.686
8.0544,-11.584,-11.774
-11.945,5.4904,-2.99
-6.3573,0.19135,-3.011
-5.6686,11.586,-2.96
-0.36881,6.2477,-2.951
-10.652,4.6751,2.868
-4.6617,10.856,2.801
-11.895,-0.13251,3.22
-11.569,11.376,3.016
-5.8043,6.0052,3.064
-10.654,10.432,-2.755
-5.1404,4.9452,-2.706
0.91601,11.053,-2.576
-12.136,2.5326,-5.301
-6.0052,8.4687,-5.427
-10.664,8.1604,5.564
-5.2224,2.6514,5.721
0.65367,8.7636,5.662
-8.9389,0.20337,5.639
-8.3322,11.627,5.53
-2.7256,6.3121,5.502
-8.2948,5.0011,-5.337
-2.5219,10.789,-5.568
-10.504,7.8175,0.511
-5.1559,2.3657,0.265
0.91106,8.3959,0.328
-11.901,2.1585,-0.233
-5.9429,8.2312,-0.174
-8.381,4.7112,-0.218
-2.1557,10.7,-0.236
-8.6229,0.11498,0.216
-7.9257,11.57,0.425
-2.7305,6.0681,0.383
-1.108,-5.3464,-2.99
4.4795,-10.645,-3.011
5.1682,0.74883,-2.96
10.468,-4.5891,-2.951
-5.4369,-0.52821,2.769
0.18526,-6.1617,2.868
0.72125,5.3981,2.786
6.1752,0.019092,2.801
-6.5704,-5.2863,3.181
-1.0585,-10.969,3.22
-0.73256,0.53882,3.016
5.0325,-4.8317,3.064
0.18314,-0.40517,-2.755
5.6965,-5.8916,-2.706
6.1426,5.5077,-2.642
11.753,0.21567,-2.576
-6.644,-3.0646,-5.576
-1.2997,-8.3043,-5.301
-0.57276,3.0929,-5.579
4.8317,-2.3681,-5.427
0.17324,-2.6764,5.564
5.6144,-8.1855,5.721
6.3208,3.2506,5.501
11.49,-2.0732,5.662
-3.2513,-5.0714,5.546
1.8979,-10.633,5.639
2.5046,0.79055,5.53
8.1112,-4.5248,5.502
-3.153,-0.55084,-5.441
2.542,-5.8358,-5.337
3.1622,5.5649,-5.452
8.3149,-0.047376,-5.568
0.33234,-3.0193,0.511
5.6809,-8.4711,0.265
6.4007,3.0773,0.434
11.748,-2.4409,0.328
-6.7013,-3.2647,-0.288
-1.0642,-8.6783,-0.233
-0.55579,2.7648,-0.118
4.8939,-2.6057,-0.174
-2.7825,-0.74741,-0.206
2.4558,-6.1257,-0.218
3.1169,4.9978,-0.284
8.6811,-0.13647,-0.236
-3.3814,-5.4405,0.352
2.214,-10.722,0.216
2.9112,0.73327,0.425
8.1063,-4.7687,0.383
5.3999,-11.365,2.769
11.558,-5.4388,2.786
10.104,-10.298,3.016
11.02,-11.242,-2.755
10.264,-7.744,-5.579
7.6838,-11.388,-5.441
10.281,-8.0721,-0.118
8.0544,-11.584,-0.206
-11.945,5.4904,8.5782
-6.3573,0.19135,8.5572
-5.6686,11.586,8.6082
-0.36881,6.2477,8.6172
-10.654,10.432,8.8132
-5.1404,4.9452,8.8622
0.91601,11.053,8.9922
-12.136,2.5326,6.2672
-6.0052,8.4687,6.1412
-8.2948,5.0011,6.2312
-2.5219,10.789,6.0002
-10.504,7.8175,12.079
-5.1559,2.3657,11.833
0.91106,8.3959,11.896
-11.901,2.1585,11.335
-5.9429,8.2312,11.394
-8.381,4.7112,11.35
-2.1557,10.7,11.332
-8.6229,0.11498,11.784
-7.9257,11.57,11.993
-2.7305,6.0681,11.951
-1.108,-5.3464,8.5782
4.4795,-10.645,8.5572
5.1682,0.74883,8.6082
10.468,-4.5891,8.6172
0.18314,-0.40517,8.8132
5.6965,-5.8916,8.8622
6.1426,5.5077,8.9262
11.753,0.21567,8.9922
-6.644,-3.0646,5.9922
-1.2997,-8.3043,6.2672
-0.57276,3.0929,5.9892
4.8317,-2.3681,6.1412
-3.153,-0.55084,6.1272
2.542,-5.8358,6.2312
3.1622,5.5649,6.1162
8.3149,-0.047376,6.0002
0.33234,-3.0193,12.079
5.6809,-8.4711,11.833
6.4007,3.0773,12.002
11.748,-2.4409,11.896
-6.7013,-3.2647,11.28
-1.0642,-8.6783,11.335
-0.55579,2.7648,11.45
4.8939,-2.6057,11.394
-2.7825,-0.74741,11.362
2.4558,-6.1257,11.35
3.1169,4.9978,11.284
8.6811,-0.13647,11.332
-3.3814,-5.4405,11.92
2.214,-10.722,11.784
2.9112,0.73327,11.993
8.1063,-4.7687,11.951
11.02,-11.242,8.8132
10.264,-7.744,5.9892
7.6838,-11.388,6.1272
10.281,-8.0721,11.45
8.0544,-11.584,11.362
0.18104,11.944,-8.3482
3.1375,12.28,-5.9292
3.4535,12.191,-11.352
6.6395,11.548,-8.7992
12.262,5.9147,-8.7002
5.506,6.7901,-8.3872
11.018,1.1071,-8.3482
11.344,12.615,-8.5522
12.25,9.4,-6.0042
8.8251,7.005,-6.0222
12.409,9.0571,-11.057
5.3751,8.8117,-11.856
11.012,3.3981,-11.801
9.2939,11.329,-11.774
8.695,6.6359,-11.216
5.7191,12.268,-3.011
0.18104,11.944,3.22
3.1375,12.28,5.639
3.4535,12.191,0.216
10.968,6.73,-2.99
6.6395,11.548,2.769
12.262,5.9147,2.868
5.506,6.7901,3.181
11.018,1.1071,3.22
11.344,12.615,3.016
12.26,11.671,-2.755
5.4324,9.0118,-5.576
10.777,3.7722,-5.301
12.25,9.4,5.564
8.8251,7.005,5.546
8.9234,11.526,-5.441
12.409,9.0571,0.511
5.3751,8.8117,-0.288
11.012,3.3981,-0.233
9.2939,11.329,-0.206
8.695,6.6359,0.352
5.7191,12.268,8.5572
3.4535,12.191,11.784
10.968,6.73,8.5782
12.26,11.671,8.8132
5.4324,9.0118,5.9922
10.777,3.7722,6.2672
8.9234,11.526,6.1272
12.409,9.0571,12.079
5.3751,8.8117,11.28
11.012,3.3981,11.335
9.2939,11.329,11.362
8.695,6.6359,11.92
0,0,0
0.28426,5.654,0.085
-5.7064,-0.36487,0.079
-0.20365,0.12445,5.746
5.7672,0.32668,0.088
-0.38467,-5.7969,0.158
-0.20365,0.12445,-5.8222
5.362,-5.4072,0.073
-5.4748,5.4296,0.073
5.577,0.46881,-5.661
-0.51407,-5.5798,-5.7732
-0.51407,-5.5798,5.795
5.577,0.46881,5.9072
0.10566,5.8793,-5.678
-5.9387,-0.17776,-5.7232
0.10566,5.8793,5.8902
-5.9387,-0.17776,5.845
5.8761,6.0528,0.13
-6.2003,-6.0236,0.13
5.3295,-5.2093,-5.669
5.3295,-5.2093,5.8992
-5.5074,5.6276,-5.669
-5.5074,5.6276,5.8992
5.8899,6.1332,-5.672
-6.1865,-5.9432,-5.672
5.8899,6.1332,5.8962
-6.1865,-5.9432,5.8962
0.64448,11.331,0.118
-11.432,-0.74531,0.118
11.481,0.49427,0.118
5.0088e-16,-5.0088e-16,-11.568
-5.0088e-16,5.0088e-16,11.568
-0.5951,-11.582,0.118
-5.0697,11.164,0.088
11.121,-5.1828,0.085
-11.221,5.04,0.158
5.1305,-11.202,0.079
-0.84146,-11.169,-5.64
11.235,0.90695,-5.64
-0.84146,-11.169,5.9282
11.235,0.90695,5.9282
0.28426,5.654,-11.483
-0.38467,-5.7969,-11.41
-5.7064,-0.36487,-11.489
5.7672,0.32668,-11.48
0.28426,5.654,11.653
-11.678,-0.33262,-5.64
-5.7064,-0.36487,11.647
5.7672,0.32668,11.656
0.39812,11.744,-5.64
-0.38467,-5.7969,11.726
-11.678,-0.33262,5.9282
0.39812,11.744,5.9282
11.692,6.2796,0.158
10.942,-4.9575,-5.678
6.37,11.712,0.079
-6.3092,-11.75,0.088
4.8981,-11.015,-5.7232
10.942,-4.9575,5.8902
4.8981,-11.015,5.845
-11.792,-6.4224,0.085
-5.2599,11.306,-5.661
-11.351,5.2571,-5.7732
-11.351,5.2571,5.795
5.362,-5.4072,-11.495
-5.2599,11.306,5.9072
-5.4748,5.4296,-11.495
5.362,-5.4072,11.641
-5.4748,5.4296,11.641
5.8761,6.0528,-11.438
-6.2003,-6.0236,-11.438
5.8761,6.0528,11.698
-6.4994,-11.608,-5.661
11.562,6.4966,-5.7732
11.562,6.4966,5.795
-6.2003,-6.0236,11.698
-6.4994,-11.608,5.9072
6.1377,11.899,-5.7232
6.1377,11.899,5.845
-11.971,-6.1971,-5.678
-11.971,-6.1971,5.8902
-10.837,10.837,-9.3842e-16
10.837,-10.837,9.3842e-16
0.64448,11.331,-11.45
10.633,-10.712,5.746
10.633,-10.712,-5.8222
-11.432,-0.74531,-11.45
11.481,0.49427,-11.45
0.64448,11.331,11.686
-0.5951,-11.582,-11.45
-11.432,-0.74531,11.686
11.481,0.49427,11.686
-0.5951,-11.582,11.686
-11.04,10.961,5.746
-11.04,10.961,-5.8222
-11.221,5.04,-11.41
-5.0697,11.164,-11.48
11.121,-5.1828,-11.483
5.1305,-11.202,-11.489
-5.0697,11.164,11.656
11.121,-5.1828,11.653
5.1305,-11.202,11.647
-11.221,5.04,11.726
-12.076,-12.076,7.9602e-22
12.076,12.076,-7.9602e-22
11.692,6.2796,-11.41
-6.3092,-11.75,-11.48
6.37,11.712,-11.489
-11.792,-6.4224,-11.483
6.37,11.712,11.647
11.692,6.2796,11.726
-6.3092,-11.75,11.656
-11.792,-6.4224,11.653
11.873,12.201,5.746
11.873,12.201,-5.8222
-12.28,-11.952,5.746
-12.28,-11.952,-5.8222
-10.837,10.837,-11.568
10.837,-10.837,-11.568
-10.837,10.837,11.568
10.837,-10.837,11.568
-12.076,-12.076,-11.568
-12.076,-12.076,11.568
12.076,12.076,-11.568
12.076,12.076,11.568
