-9.6215,-4.0793,-9.1798
-9.9956,-9.8981,-9.1728
-3.9112,-9.784,-9.1918
-9.6215,-4.0793,2.923
-8.7023,-8.9032,-3.116
-9.9956,-9.8981,2.93
-3.9112,-9.784,2.911
-8.7023,-8.9032,8.9868
-9.0686,7.8694,-9.1698
-3.3764,2.1715,-9.1618
2.8758,8.4181,-9.1798
-9.4533,2.0556,-9.1348
-3.7448,-3.6487,-9.1368
-3.2046,8.3043,-9.1608
2.5017,2.5993,-9.1728
2.341,-3.5403,-9.1698
8.0332,-9.2381,-9.1618
8.5861,2.7134,-9.1918
1.9563,-9.3541,-9.1348
8.205,-3.1054,-9.1608
-7.9844,9.1837,-3.113
-9.0686,7.8694,2.933
-3.3764,2.1715,2.941
2.8758,8.4181,2.923
-8.5369,-2.7683,-3.136
-2.8263,-8.4747,-3.128
-2.2917,3.4867,-3.118
3.4252,-2.226,-3.113
-8.1579,3.0498,-3.079
-2.4544,-2.6552,-3.088
-1.9092,9.2985,-3.118
3.795,3.5942,-3.116
-9.4533,2.0556,2.968
-3.7448,-3.6487,2.966
-3.2046,8.3043,2.942
2.5017,2.5993,2.93
2.341,-3.5403,2.933
8.0332,-9.2381,2.941
8.5861,2.7134,2.911
9.1179,-7.9229,-3.118
3.2517,-8.3599,-3.079
9.5004,-2.1112,-3.118
1.9563,-9.3541,2.968
8.205,-3.1054,2.942
-7.9844,9.1837,8.9898
-8.5369,-2.7683,8.9668
-2.8263,-8.4747,8.9748
-2.2917,3.4867,8.9848
3.4252,-2.226,8.9898
-8.1579,3.0498,9.0238
-2.4544,-2.6552,9.0148
-1.9092,9.2985,8.9848
3.795,3.5942,8.9868
9.1179,-7.9229,8.9848
3.2517,-8.3599,9.0238
9.5004,-2.1112,8.9848
8.7525,8.8487,-9.1368
3.9604,9.7291,-3.136
9.671,4.0227,-3.128
10.043,9.8422,-3.088
8.7525,8.8487,2.966
3.9604,9.7291,8.9668
9.671,4.0227,8.9748
10.043,9.8422,9.0148
-8.6719,-9.2008,-9.1798
-9.2517,-4.0828,-3.12
-8.6719,-9.2008,2.923
-10.025,-9.6011,-3.127
-3.5442,-9.7875,-3.124
-9.2517,-4.0828,8.9828
-10.025,-9.6011,8.9758
-3.5442,-9.7875,8.9788
-8.3627,9.1886,-9.1658
-8.906,-2.7655,-9.1618
-3.1954,-8.4704,-9.1598
-2.6559,3.4832,-9.1638
3.0469,-2.221,-9.1658
-8.1289,2.7521,-9.1208
-2.4211,-2.9515,-9.1428
-1.8809,9.0015,-9.1788
3.8254,3.2965,-9.1798
8.7537,-7.9265,-9.1638
3.2807,-8.6576,-9.1208
9.5287,-2.4082,-9.1788
-8.3627,9.1886,2.937
-8.7045,7.8715,-3.101
-2.9988,2.1687,-3.099
3.2456,8.4146,-3.12
-8.906,-2.7655,2.941
-3.1954,-8.4704,2.943
-2.6559,3.4832,2.939
3.0469,-2.221,2.937
-8.1289,2.7521,2.982
-2.4211,-2.9515,2.96
-1.8809,9.0015,2.924
3.8254,3.2965,2.923
-9.4816,2.354,-3.091
-3.7774,-3.3517,-3.09
-3.2336,8.602,-3.107
2.472,2.8963,-3.127
2.7051,-3.5382,-3.101
8.4108,-9.241,-3.099
8.9531,2.7098,-3.124
8.7537,-7.9265,2.939
3.2807,-8.6576,2.982
9.5287,-2.4082,2.924
1.928,-9.0557,-3.091
8.176,-2.8077,-3.107
-8.7045,7.8715,9.0018
-2.9988,2.1687,9.0038
3.2456,8.4146,8.9828
-9.4816,2.354,9.0118
-3.7774,-3.3517,9.0128
-3.2336,8.602,8.9958
2.472,2.8963,8.9758
2.7051,-3.5382,9.0018
8.4108,-9.241,9.0038
8.9531,2.7098,8.9788
1.928,-9.0557,9.0118
8.176,-2.8077,8.9958
3.5913,9.7319,-9.1618
9.3019,4.0269,-9.1598
10.076,9.5459,-9.1428
3.5913,9.7319,2.941
9.3019,4.0269,2.943
10.076,9.5459,2.96
8.72,9.1457,-3.09
8.72,9.1457,9.0128
-11.72,-7.0371,-9.1668
-12.434,-0.22201,-9.2288
-6.7323,-5.9262,-9.2808
-12.982,-12.173,-9.2798
-11.544,-3.5907,-6.4188
-5.8371,-9.2977,-6.4298
-9.4999,-11.908,-6.5038
-11.548,-3.5751,-11.917
-5.8477,-9.2815,-11.928
-12.854,-9.5007,-12.474
-9.2008,-6.8929,-12.549
-9.5034,-11.913,-11.834
-6.0134,-12.739,-9.1978
-1.0241,-11.632,-9.2288
-3.4883,-12.593,-12.553
-12.682,-6.0606,-3.116
-6.9777,-11.765,-3.146
-11.72,-7.0371,2.936
-12.434,-0.22201,2.874
-6.7323,-5.9262,2.822
-12.982,-12.173,2.823
-11.963,-12.876,-3.229
-12.856,-9.5212,-5.868
-11.544,-3.5907,5.684
-5.8371,-9.2977,5.673
-9.4999,-11.908,5.599
-9.1902,-6.8921,-5.778
-11.548,-3.5751,0.186
-5.8477,-9.2815,0.175
-12.854,-9.5007,-0.371
-9.2008,-6.8929,-0.446
-9.5034,-11.913,0.269
-6.0134,-12.739,2.905
-1.0241,-11.632,2.874
-3.4876,-12.596,-5.78
-3.4883,-12.593,-0.45
-12.682,-6.0606,8.9868
-6.9777,-11.765,8.9568
-11.963,-12.876,8.8738
-12.856,-9.5212,6.2348
-9.1902,-6.8921,6.3248
-11.548,-3.5751,12.289
-5.8477,-9.2815,12.278
-12.854,-9.5007,11.732
-9.2008,-6.8929,11.657
-9.5034,-11.913,12.372
-3.4876,-12.596,6.3228
-3.4883,-12.593,11.653
-11.894,11.734,-9.2798
-10.997,8.3564,-6.4178
-8.4122,11.999,-6.5038
-11.008,8.3804,-11.915
-8.4157,11.994,-11.834
-11.175,4.9186,-9.1228
-5.4688,-0.78772,-9.1278
-4.9257,11.168,-9.1978
0.77782,5.4603,-9.1668
0.063639,12.275,-9.2288
5.765,6.5711,-9.2808
-6.1815,6.026,-9.1158
-0.48437,0.32456,-9.2798
-5.2913,2.6651,-6.3978
0.41295,-3.0533,-6.4178
0.95318,8.9067,-6.4188
6.6602,3.1997,-6.4298
-8.9548,0.033942,-6.4818
-3.2442,-5.6668,-6.4808
-2.7103,6.2954,-6.4868
2.9974,0.58902,-6.5038
-5.3054,2.6679,-11.897
0.40164,-3.0292,-11.915
0.94894,8.9223,-11.917
6.6496,3.2159,-11.928
-12.321,2.4494,-12.465
-6.6157,-3.2513,-12.472
-6.0634,8.6868,-12.457
-0.35638,2.9967,-12.474
-8.6543,5.0678,-12.522
-2.9536,-0.6371,-12.537
-2.4006,11.314,-12.553
3.2965,5.6045,-12.549
-8.9647,0.050912,-11.811
-3.2619,-5.6533,-11.814
-2.7139,6.2904,-11.821
2.9939,0.58407,-11.834
0.2345,-6.491,-9.1228
5.9409,-12.197,-9.1278
6.4839,-0.24162,-9.1978
12.187,-5.9494,-9.1668
11.473,0.86571,-9.2288
5.2281,-5.3837,-9.1158
10.925,-11.085,-9.2798
6.1183,-8.7446,-6.3978
12.363,-2.503,-6.4188
2.4548,-11.376,-6.4818
8.6993,-5.1143,-6.4868
6.1042,-8.7418,-11.897
12.359,-2.4874,-11.917
-0.91101,-8.9602,-12.465
5.3462,-2.7229,-12.457
11.053,-8.4129,-12.474
2.7553,-6.3418,-12.522
8.456,-12.047,-12.537
9.009,-0.095252,-12.553
2.4449,-11.359,-11.811
8.6957,-5.1192,-11.821
-12.138,5.8928,-3.072
-5.8899,12.142,-3.146
-11.894,11.734,2.823
-10.875,11.031,-3.229
-10.997,8.3564,5.685
-8.4122,11.999,5.599
-11.008,8.3804,0.188
-8.4157,11.994,0.269
-6.4347,0.18809,-3.076
-0.72832,-5.5168,-3.072
-0.18455,6.4368,-3.116
5.5197,0.73256,-3.146
-11.175,4.9186,2.98
-5.4688,-0.78772,2.975
-4.9257,11.168,2.905
0.77782,5.4603,2.936
0.06364,12.275,2.874
5.765,6.5711,2.822
-6.1815,6.026,2.987
-0.48437,0.32456,2.823
-5.1796,5.3295,-3.064
0.53457,-0.37901,-3.229
-11.425,-0.92136,-3.177
-5.7163,-6.627,-3.229
-12.302,2.431,-5.86
-6.5952,-3.2732,-5.869
-6.0599,8.6903,-5.854
-0.3585,2.9762,-5.868
-5.2913,2.6651,5.705
0.41295,-3.0533,5.685
0.95318,8.9067,5.684
6.6602,3.1997,5.673
-8.9548,0.033941,5.621
-3.2442,-5.6668,5.622
-2.7103,6.2954,5.616
2.9974,0.58902,5.599
-8.6437,5.0572,-5.755
-2.9401,-0.6463,-5.762
-2.3999,11.311,-5.78
3.3071,5.6052,-5.778
-5.3054,2.6679,0.206
0.40164,-3.0292,0.188
0.94894,8.9223,0.186
6.6496,3.2159,0.175
-12.321,2.4494,-0.362
-6.6157,-3.2513,-0.369
-6.0634,8.6868,-0.354
-0.35638,2.9967,-0.371
-8.6543,5.0678,-0.419
-2.9536,-0.6371,-0.434
-2.4006,11.314,-0.45
3.2965,5.6045,-0.446
-8.9647,0.050912,0.292
-3.2619,-5.6533,0.289
-2.7139,6.2904,0.282
2.9939,0.58407,0.269
4.9749,-11.222,-3.076
11.225,-4.9729,-3.116
0.2345,-6.491,2.98
5.9409,-12.197,2.975
6.4839,-0.24162,2.905
12.187,-5.9494,2.936
11.473,0.86571,2.874
5.2281,-5.3837,2.987
10.925,-11.085,2.823
6.2301,-6.0802,-3.064
11.944,-11.789,-3.229
-0.015105,-12.331,-3.177
-0.89262,-8.9786,-5.86
5.3497,-2.7193,-5.854
11.051,-8.4335,-5.868
6.1183,-8.7446,5.705
12.363,-2.503,5.684
2.4548,-11.376,5.621
8.6993,-5.1143,5.616
2.7659,-6.3524,-5.755
8.4695,-12.056,-5.762
9.0097,-0.098788,-5.78
6.1042,-8.7418,0.206
12.359,-2.4874,0.186
-0.91101,-8.9602,-0.362
5.3462,-2.7229,-0.354
11.053,-8.4129,-0.371
2.7553,-6.3418,-0.419
8.456,-12.047,-0.434
9.009,-0.095252,-0.45
2.4449,-11.359,0.292
8.6957,-5.1192,0.282
-12.138,5.8928,9.0308
-5.8899,12.142,8.9568
-10.875,11.031,8.8738
-11.008,8.3804,12.291
-8.4157,11.994,12.372
-6.4347,0.18809,9.0268
-0.72832,-5.5168,9.0308
-0.18455,6.4368,8.9868
5.5197,0.73256,8.9568
-5.1796,5.3295,9.0388
0.53457,-0.37901,8.8738
-11.425,-0.92136,8.9258
-5.7163,-6.627,8.8738
-12.302,2.431,6.2428
-6.5952,-3.2732,6.2338
-6.0599,8.6903,6.2488
-0.3585,2.9762,6.2348
-8.6437,5.0572,6.3478
-2.9401,-0.6463,6.3408
-2.3999,11.311,6.3228
3.3071,5.6052,6.3248
-5.3054,2.6679,12.309
0.40164,-3.0292,12.291
0.94894,8.9223,12.289
6.6496,3.2159,12.278
-12.321,2.4494,11.741
-6.6157,-3.2513,11.734
-6.0634,8.6868,11.749
-0.35638,2.9967,11.732
-8.6543,5.0678,11.684
-2.9536,-0.6371,11.669
-2.4006,11.314,11.653
3.2965,5.6045,11.657
-8.9647,0.050911,12.395
-3.2619,-5.6533,12.392
-2.7139,6.2904,12.385
2.9939,0.58407,12.372
4.9749,-11.222,9.0268
11.225,-4.9729,8.9868
6.2301,-6.0802,9.0388
11.944,-11.789,8.8738
-0.015104,-12.331,8.9258
-0.89262,-8.9786,6.2428
5.3497,-2.7193,6.2488
11.051,-8.4335,6.2348
2.7659,-6.3524,6.3478
8.4695,-12.056,6.3408
9.0097,-0.098788,6.3228
6.1042,-8.7418,12.309
12.359,-2.4874,12.289
-0.91101,-8.9603,11.741
5.3462,-2.7229,11.749
11.053,-8.413,11.732
2.7553,-6.3418,11.684
8.456,-12.047,11.669
9.009,-0.095253,11.653
2.4449,-11.359,12.395
8.6957,-5.1192,12.385
7.0286,11.71,-9.1278
12.013,12.822,-9.2798
12.91,9.4441,-6.4178
3.5425,12.531,-6.4818
9.2531,6.8306,-6.4808
12.899,9.4681,-11.915
5.8816,9.2461,-12.472
9.5437,11.86,-12.537
3.5326,12.548,-11.811
9.2355,6.8441,-11.814
12.732,6.0063,-9.1228
11.586,3.5371,-12.465
6.0627,12.685,-3.076
11.769,6.9805,-3.072
7.0286,11.71,2.975
12.013,12.822,2.823
13.032,12.118,-3.229
1.0726,11.576,-3.177
6.7811,5.8704,-3.229
5.9021,9.2242,-5.869
12.91,9.4441,5.685
3.5425,12.531,5.621
9.2531,6.8306,5.622
9.5572,11.851,-5.762
12.899,9.4681,0.188
5.8816,9.2461,-0.369
9.5437,11.86,-0.434
3.5326,12.548,0.292
9.2355,6.8441,0.289
12.732,6.0063,2.98
12.482,0.16635,-3.177
11.605,3.5187,-5.86
11.586,3.5371,-0.362
6.0627,12.685,9.0268
11.769,6.9805,9.0308
13.032,12.118,8.8738
1.0726,11.576,8.9258
6.7811,5.8704,8.8738
5.9022,9.2242,6.2338
9.5572,11.851,6.3408
12.899,9.4681,12.291
5.8816,9.2461,11.734
9.5438,11.86,11.669
3.5326,12.548,12.395
9.2355,6.8441,12.392
12.482,0.16635,8.9258
11.605,3.5187,6.2428
11.586,3.5371,11.741
0,0,0
0.29981,5.9524,-0.069
-5.9588,-0.29204,-0.082
-0.25527,-5.9927,-0.084
6.0073,0.23921,-0.051999
0.049497,-0.055154,-6.051
0.049498,-0.055155,6.0518
-5.6745,5.6745,-0.095
5.7351,-5.7351,-0.094999
-5.9454,-0.30688,5.97
0.29274,5.9454,5.9838
-0.23996,-6.0152,5.967
5.9949,0.25032,5.9988
0.29274,5.9454,-6.119
-5.9454,-0.30688,-6.1328
5.9949,0.25032,-6.104
-0.23997,-6.0151,-6.1358
-6.248,-6.248,-0.001
6.2493,6.2494,-0.001
-5.6866,5.6809,5.957
5.7231,-5.7288,5.957
-5.6866,5.6809,-6.1458
5.7231,-5.7288,-6.1458
6.2975,6.1928,6.0498
6.2975,6.1928,-6.053
-6.1998,-6.3045,6.0498
-6.1998,-6.3045,-6.053
-11.942,-0.55225,-0.035
0.55501,11.945,-0.035
-0.53271,-11.962,-0.034999
11.965,0.53546,-0.034999
7.0711e-07,-7.0711e-07,12.103
-7.0711e-07,7.0711e-07,-12.103
-5.4023,11.649,-0.052
-11.665,5.4169,-0.084001
5.4508,-11.702,-0.081999
11.709,-5.4572,-0.068999
0.58195,11.907,6.0158
-11.915,-0.59041,6.0158
0.58195,11.907,-6.087
-11.915,-0.59041,-6.087
-5.9588,-0.29204,12.021
11.992,0.4973,6.0158
0.29981,5.9524,12.034
-0.25526,-5.9927,12.019
-0.50577,-12,6.0158
11.992,0.4973,-6.087
-0.50577,-12,-6.087
6.0073,0.23921,12.051
0.29981,5.9524,-12.172
6.0073,0.23921,-12.155
-5.9588,-0.29203,-12.185
-0.25527,-5.9927,-12.187
-12.198,-6.545,-0.069
6.5385,12.205,-0.082
12.242,6.5046,-0.084
-6.49,-12.258,-0.051999
-11.65,5.3945,5.967
-5.4148,11.66,5.9988
-11.65,5.3945,-6.1358
-5.4148,11.66,-6.104
11.702,-5.4643,5.9838
5.4643,-11.717,5.97
11.702,-5.4643,-6.119
5.4643,-11.717,-6.1328
-5.6745,5.6745,12.008
5.7351,-5.7351,12.008
-5.6745,5.6745,-12.198
5.7351,-5.7351,-12.198
-6.248,-6.248,12.102
6.2493,6.2494,12.102
-6.248,-6.248,-12.104
6.2493,6.2494,-12.104
6.552,12.19,5.97
-12.205,-6.552,5.9838
12.257,6.4822,5.967
-6.5025,-12.247,5.9988
6.552,12.19,-6.1328
-12.205,-6.552,-6.119
-6.5025,-12.247,-6.104
12.257,6.4822,-6.1358
-11.41,11.41,-1e-06
11.41,-11.41,1e-06
-11.942,-0.55225,12.068
0.55501,11.945,12.068
-0.53271,-11.962,12.068
11.965,0.53546,12.068
-11.942,-0.55225,-12.138
0.55501,11.945,-12.138
-0.53271,-11.962,-12.138
11.965,0.53546,-12.138
-11.36,11.355,-6.051
-11.36,11.355,6.0518
11.459,-11.465,-6.051
11.459,-11.465,6.0518
-11.665,5.4169,12.019
-5.4023,11.649,12.051
5.4508,-11.702,12.021
11.709,-5.4572,12.034
-12.497,-12.497,1.9594e-21
12.497,12.497,-1.9594e-21
-5.4023,11.649,-12.155
-11.665,5.4169,-12.187
11.709,-5.4572,-12.172
5.4508,-11.702,-12.185
6.5385,12.205,12.021
-12.198,-6.545,12.034
12.242,6.5046,12.019
-6.49,-12.258,12.051
-12.198,-6.545,-12.172
-6.49,-12.258,-12.155
6.5385,12.205,-12.185
12.242,6.5047,-12.187
12.547,12.442,-6.051
12.547,12.442,6.0518
-12.448,-12.553,-6.051
-12.448,-12.553,6.0518
-11.41,11.41,12.103
11.41,-11.41,-12.103
-11.41,11.41,-12.103
11.41,-11.41,12.103
12.497,12.497,12.103
-12.497,-12.497,-12.103
-12.497,-12.497,12.103
12.497,12.497,-12.103
