-9.5402,-3.9216,-8.8428
-10.005,-9.6944,-9.0658
-3.6298,-9.6553,-8.9238
-9.5402,-3.9216,3.26
-8.7002,-8.9208,-2.818
-10.005,-9.6944,3.037
-3.6298,-9.6553,3.179
-8.7002,-8.9208,9.2848
-8.8912,8.1133,-8.7258
-3.1346,2.2804,-8.9038
2.9571,8.5758,-8.8428
-9.1436,2.0909,-8.6388
-3.7095,-3.5681,-8.6398
-2.9607,8.4082,-8.8508
2.4918,2.803,-9.0658
2.5185,-3.2963,-8.7258
8.275,-9.1292,-8.9038
8.8676,2.8421,-8.9238
2.266,-9.3188,-8.6388
8.449,-3.0015,-8.8508
-7.9384,9.1094,-2.716
-8.8912,8.1133,3.377
-3.1346,2.2804,3.199
2.9571,8.5758,3.26
-8.4895,-2.8694,-2.96
-2.9522,-8.4634,-2.894
-2.2811,3.3474,-2.69
3.4712,-2.3002,-2.716
-8.1169,2.9592,-2.674
-2.5265,-2.5265,-2.824
-1.9728,9.4215,-2.724
3.7972,3.5765,-2.818
-9.1436,2.0909,3.464
-3.7095,-3.5681,3.463
-2.9607,8.4082,3.252
2.4918,2.803,3.037
2.5185,-3.2963,3.377
8.275,-9.1292,3.199
8.8676,2.8421,3.179
9.1285,-8.0622,-2.69
3.2927,-8.4504,-2.674
9.4368,-1.9882,-2.724
2.266,-9.3188,3.464
8.449,-3.0015,3.252
-7.9384,9.1094,9.3868
-8.4895,-2.8694,9.1428
-2.9522,-8.4634,9.2088
-2.2811,3.3474,9.4128
3.4712,-2.3002,9.3868
-8.1169,2.9592,9.4288
-2.5265,-2.5265,9.2788
-1.9728,9.4215,9.3788
3.7972,3.5765,9.2848
9.1285,-8.0622,9.4128
3.2927,-8.4504,9.4288
9.4368,-1.9882,9.3788
8.7879,8.9293,-8.6398
4.0078,9.6279,-2.96
9.5452,4.034,-2.894
9.9708,9.9709,-2.824
8.7879,8.9293,3.463
4.0078,9.6279,9.1428
9.5452,4.034,9.2088
9.9708,9.9709,9.2788
-8.6295,-9.1103,-9.0608
-9.1464,-4.2108,-2.852
-8.6295,-9.1103,3.042
-10.041,-9.5784,-2.773
-3.6481,-9.7868,-2.843
-9.1464,-4.2108,9.2508
-10.041,-9.5784,9.3298
-3.6481,-9.7868,9.2598
-8.1824,9.4269,-8.8028
-8.8572,-2.5937,-8.7578
-2.8765,-8.3637,-8.8378
-2.5435,3.6494,-9.0398
3.2272,-1.9827,-8.8028
-7.7916,2.7287,-8.6928
-2.3455,-2.9564,-8.6578
-1.6108,9.0481,-8.7628
3.8679,3.387,-9.0608
8.8662,-7.7603,-9.0398
3.618,-8.6809,-8.6928
9.7988,-2.3615,-8.7628
-8.1824,9.4269,3.3
-8.6394,7.7909,-2.805
-2.9628,2.0181,-2.77
3.351,8.2866,-2.852
-8.8572,-2.5937,3.345
-2.8765,-8.3637,3.265
-2.5435,3.6494,3.063
3.2272,-1.9827,3.3
-7.7916,2.7287,3.41
-2.3455,-2.9564,3.445
-1.6108,9.0481,3.34
3.8679,3.387,3.042
-9.4844,2.361,-2.714
-3.8764,-3.1636,-2.777
-3.3227,8.7816,-2.703
2.4565,2.9189,-2.773
2.7702,-3.6188,-2.805
8.4468,-9.3916,-2.77
8.8492,2.7105,-2.843
8.8662,-7.7603,3.063
3.618,-8.6809,3.41
9.7988,-2.3615,3.34
1.9252,-9.0486,-2.714
8.0869,-2.6281,-2.703
-8.6394,7.7909,9.2978
-2.9628,2.0181,9.3328
3.351,8.2866,9.2508
-9.4844,2.361,9.3888
-3.8764,-3.1636,9.3258
-3.3227,8.7816,9.3998
2.4565,2.9189,9.3298
2.7702,-3.6188,9.2978
8.4468,-9.3916,9.3328
8.8492,2.7105,9.2598
1.9252,-9.0486,9.3888
8.0869,-2.6281,9.3998
3.6401,9.9037,-8.7578
9.6208,4.1337,-8.8378
10.152,9.541,-8.6578
3.6401,9.9037,3.345
9.6208,4.1337,3.265
10.152,9.541,3.445
8.621,9.3338,-2.777
8.621,9.3338,9.3258
-11.702,-6.7974,-8.9508
-6.7026,-5.6929,-8.8518
-12.784,-12.031,-8.6958
-11.416,-3.5334,-6.0078
-5.6631,-9.2383,-6.2318
-9.362,-11.486,-6.2458
-11.394,-3.5178,-11.678
-5.7247,-9.2447,-11.5
-12.808,-9.5982,-12.075
-9.1944,-6.9812,-12.213
-9.432,-11.896,-11.625
-5.7582,-12.661,-8.7888
-3.4233,-12.618,-12.106
-12.874,-6.0436,-2.887
-6.9501,-11.753,-2.737
-11.702,-6.7974,3.152
-6.7026,-5.6929,3.251
-12.784,-12.031,3.407
-11.936,-13.132,-2.735
-11.4,-1.0182,-2.923
-5.8463,-6.7217,-2.782
-12.907,-9.437,-5.477
-11.416,-3.5334,6.095
-5.6631,-9.2383,5.871
-9.362,-11.486,5.857
-9.1053,-7.0392,-5.6
-11.394,-3.5178,0.425
-5.7247,-9.2447,0.603
-12.808,-9.5982,0.028
-9.1944,-6.9812,-0.11
-9.432,-11.896,0.478
-5.7582,-12.661,3.314
0.0097149,-12.428,-2.923
-3.3971,-12.5,-5.504
-3.4233,-12.618,-0.002999
-12.874,-6.0436,9.2158
-6.9501,-11.753,9.3658
-11.936,-13.132,9.3678
-11.4,-1.0182,9.1798
-5.8463,-6.7217,9.3208
-12.907,-9.437,6.6258
-9.1053,-7.0392,6.5028
-11.394,-3.5178,12.528
-5.7247,-9.2447,12.706
-12.808,-9.5982,12.131
-9.1944,-6.9812,11.993
-9.432,-11.896,12.581
0.0097156,-12.428,9.1798
-3.3971,-12.5,6.5988
-3.4233,-12.618,12.1
-11.697,11.876,-8.6958
-10.869,8.4476,-6.0578
-8.2743,12.421,-6.2458
-10.826,8.3939,-11.523
-8.3443,12.011,-11.625
-10.805,5.0261,-8.7948
-5.2474,-0.59326,-8.7938
-4.6704,11.247,-8.7888
0.79549,5.7,-8.9508
-12.159,-0.023334,-9.0548
5.7947,6.8045,-8.8518
-6.1214,6.3831,-8.5408
-0.28709,0.46669,-8.6958
-5.0629,2.7577,-6.0428
0.54094,-2.9621,-6.0578
1.0812,8.964,-6.0078
6.8342,3.2591,-6.2318
-8.8452,0.22557,-5.8858
-3.17,-5.6052,-5.9978
-2.6821,6.5061,-6.0548
3.1353,1.0112,-6.2458
-5.2269,2.5258,-11.663
0.58336,-3.0158,-11.523
1.1038,8.9795,-11.678
6.7727,3.2527,-11.5
-12.305,2.5145,-12.34
-6.738,-3.2972,-12.264
-6.1115,8.6882,-12.086
-0.31113,2.8991,-12.075
-8.5977,4.9618,-12.077
-2.8815,-0.7757,-12.097
-2.3356,11.289,-12.106
3.3029,5.5161,-12.213
-8.8721,0.23971,-11.435
-3.1954,-5.4567,-11.382
-2.6545,6.3908,-11.661
3.0653,0.60175,-11.625
0.60503,-6.3836,-8.7948
6.1622,-12.003,-8.7938
6.7392,-0.16313,-8.7888
12.205,-5.7097,-8.9508
-0.74908,-11.433,-9.0548
5.2882,-5.0266,-8.5408
11.123,-10.943,-8.6958
6.3467,-8.652,-6.0428
12.491,-2.4457,-6.0078
2.5644,-11.184,-5.8858
8.7276,-4.9036,-6.0548
6.1827,-8.8839,-11.663
12.513,-2.4301,-11.678
-0.89545,-8.8952,-12.34
5.2981,-2.7214,-12.086
11.098,-8.5105,-12.075
2.8119,-6.4479,-12.077
8.5282,-12.185,-12.097
9.074,-0.12071,-12.106
2.5376,-11.17,-11.435
8.7551,-5.0188,-11.661
-12.201,6.0109,-2.709
-5.8624,12.154,-2.737
-11.697,11.876,3.407
-10.848,10.775,-2.735
-10.869,8.4476,6.045
-8.2743,12.421,5.857
-10.826,8.3939,0.58
-8.3443,12.011,0.478
-6.5782,0.05869,-2.666
-0.79125,-5.3988,-2.709
-0.37689,6.4538,-2.887
5.5473,0.74458,-2.737
-10.805,5.0261,3.308
-5.2474,-0.59326,3.309
-4.6704,11.247,3.314
0.7955,5.7,3.152
-12.159,-0.023335,3.048
5.7947,6.8045,3.251
-6.1214,6.3831,3.562
-0.28709,0.46669,3.407
-5.1965,5.1668,-2.463
0.56144,-0.63498,-2.735
1.0974,11.479,-2.923
6.651,5.7756,-2.782
-12.239,2.5017,-5.536
-6.4021,-3.2555,-5.65
-5.9524,8.8077,-5.481
-0.41012,3.0604,-5.477
-5.0629,2.7577,6.06
0.54094,-2.9621,6.045
1.0812,8.964,6.095
6.8342,3.2591,5.871
-8.8452,0.22557,6.217
-3.17,-5.6052,6.105
-2.6821,6.5061,6.048
3.1353,1.0112,5.857
-8.5503,4.896,-5.319
-2.8397,-0.51902,-5.515
-2.3094,11.407,-5.504
3.392,5.4582,-5.6
-5.2269,2.5258,0.44
0.58336,-3.0158,0.58
1.1038,8.9795,0.425
6.7727,3.2527,0.603
-12.305,2.5145,-0.237
-6.738,-3.2972,-0.161
-6.1115,8.6882,0.017
-0.31113,2.8991,0.028
-8.5977,4.9618,0.026
-2.8815,-0.7757,0.006
-2.3356,11.289,-0.003
3.3029,5.5161,-0.11
-8.8721,0.23971,0.668
-3.1954,-5.4567,0.721
-2.6545,6.3908,0.442
3.0653,0.60175,0.478
4.8314,-11.351,-2.666
11.033,-4.9559,-2.887
0.60503,-6.3836,3.308
6.1622,-12.003,3.309
6.7392,-0.16313,3.314
12.205,-5.7097,3.152
-0.74908,-11.433,3.048
5.2882,-5.0266,3.562
11.123,-10.943,3.407
6.2131,-6.2428,-2.463
11.971,-12.045,-2.735
12.507,0.069504,-2.923
-0.82898,-8.9079,-5.536
5.4572,-2.6019,-5.481
10.999,-8.3493,-5.477
6.3467,-8.652,6.06
12.491,-2.4457,6.095
2.5644,-11.184,6.217
8.7276,-4.9036,6.048
2.8593,-6.5137,-5.319
8.5699,-11.929,-5.515
9.1002,-0.0026212,-5.504
6.1827,-8.8839,0.44
12.513,-2.4301,0.425
-0.89545,-8.8952,-0.237
5.2981,-2.7214,0.017001
11.098,-8.5105,0.028001
2.8119,-6.4479,0.026001
8.5282,-12.185,0.006001
9.074,-0.12071,-0.002999
2.5376,-11.17,0.668
8.7551,-5.0188,0.442
-12.201,6.0109,9.3938
-5.8624,12.154,9.3658
-10.848,10.775,9.3678
-10.826,8.3939,12.683
-8.3443,12.011,12.581
-6.5782,0.058689,9.4368
-0.79125,-5.3988,9.3938
-0.37689,6.4538,9.2158
5.5473,0.74458,9.3658
-5.1965,5.1668,9.6398
0.56144,-0.63498,9.3678
1.0974,11.479,9.1798
6.651,5.7756,9.3208
-12.239,2.5017,6.5668
-6.4021,-3.2555,6.4528
-5.9524,8.8077,6.6218
-0.41012,3.0604,6.6258
-8.5503,4.896,6.7838
-2.8397,-0.51902,6.5878
-2.3094,11.407,6.5988
3.392,5.4582,6.5028
-5.2269,2.5258,12.543
0.58336,-3.0158,12.683
1.1038,8.9795,12.528
6.7727,3.2527,12.706
-12.305,2.5145,11.866
-6.738,-3.2972,11.942
-6.1115,8.6882,12.12
-0.31113,2.8991,12.131
-8.5977,4.9618,12.129
-2.8815,-0.7757,12.109
-2.3356,11.289,12.1
3.3029,5.5161,11.993
-8.8721,0.23971,12.771
-3.1954,-5.4567,12.824
-2.6545,6.3908,12.545
3.0653,0.60175,12.581
4.8314,-11.351,9.4368
11.033,-4.9559,9.2158
6.2131,-6.2428,9.6398
11.971,-12.045,9.3678
12.507,0.069503,9.1798
-0.82898,-8.9079,6.5668
5.4572,-2.6019,6.6218
10.999,-8.3493,6.6258
2.8593,-6.5137,6.7838
8.5699,-11.929,6.5878
9.1002,-0.002622,6.5988
6.1827,-8.8839,12.543
12.513,-2.4301,12.528
-0.89545,-8.8952,11.866
5.2981,-2.7214,12.12
11.098,-8.5105,12.131
2.8119,-6.4479,12.129
8.5282,-12.185,12.109
9.074,-0.12071,12.1
2.5376,-11.17,12.771
8.7551,-5.0188,12.545
7.2499,11.904,-8.7938
0.33863,12.474,-9.0548
12.21,12.964,-8.6958
13.038,9.5353,-6.0578
3.6521,12.723,-5.8858
9.3274,6.8921,-5.9978
13.081,9.4816,-11.523
5.7593,9.2001,-12.264
9.6159,11.722,-12.097
3.6253,12.737,-11.435
9.3019,7.0406,-11.382
13.102,6.1138,-8.7948
11.748,1.0644,-9.0548
11.602,3.6022,-12.34
5.9191,12.556,-2.666
11.706,7.0986,-2.709
7.2499,11.904,3.309
0.33863,12.474,3.048
12.21,12.964,3.407
13.059,11.862,-2.735
6.0952,9.2419,-5.65
13.038,9.5353,6.045
3.6521,12.723,6.217
9.3274,6.8921,6.105
9.6576,11.978,-5.515
13.081,9.4816,0.58
5.7593,9.2001,-0.161
9.6159,11.722,0.006
3.6253,12.737,0.668
9.3019,7.0406,0.721
13.102,6.1138,3.308
11.748,1.0644,3.048
11.668,3.5895,-5.536
11.602,3.6022,-0.237
5.9191,12.556,9.4368
11.706,7.0986,9.3938
13.059,11.862,9.3678
6.0952,9.2419,6.4528
9.6576,11.978,6.5878
13.081,9.4816,12.683
5.7593,9.2001,11.942
9.6159,11.722,12.109
3.6253,12.737,12.771
9.3019,7.0406,12.824
11.668,3.5895,6.5668
11.602,3.6022,11.866
0,0,0
-0.14566,-5.8068,0.152
0.1796,0.083439,-5.9038
-5.9828,-0.38962,0.168
0.43063,5.9857,0.228
6.0436,0.26941,0.177
0.17961,0.083439,6.199
-5.5671,5.5699,0.292
5.8426,-5.8398,0.292
0.3981,5.9885,-5.704
-5.8457,-0.16617,-5.9088
-0.032783,-6.0555,-5.9048
-5.8457,-0.16617,6.194
6.0854,0.36345,-6.0168
6.0854,0.36345,6.086
-0.032782,-6.0555,6.198
-6.0465,-6.2133,0.455
0.3981,5.9885,6.3988
6.4509,6.284,0.455
5.8157,-5.5654,-5.802
-5.5939,5.8442,-5.802
5.8157,-5.5654,6.3008
-5.5939,5.8442,6.3008
-6.0656,-6.2961,-5.698
6.4318,6.2013,-5.698
-6.0656,-6.2961,6.4048
6.4318,6.2013,6.4048
-11.797,-0.40234,0.227
-0.38704,-11.812,0.227
-7.0711e-07,7.0711e-07,-12.103
7.0711e-07,-7.0711e-07,12.103
0.70067,12.095,0.227
12.11,0.68537,0.227
-11.555,5.6029,0.152
-5.366,11.679,0.177
5.4268,-11.799,0.168
11.84,-5.424,0.228
-11.864,-0.55859,-5.71
0.63357,11.939,-5.71
-0.45415,-11.968,-5.71
-0.14566,-5.8068,-11.951
0.43063,5.9857,-11.875
12.043,0.52912,-5.71
-5.9828,-0.38962,-11.935
6.0436,0.26941,-11.926
-11.864,-0.55859,6.3928
0.63357,11.939,6.3928
-0.14566,-5.8068,12.255
-0.45415,-11.968,6.3928
12.043,0.52912,6.3928
-5.9828,-0.38962,12.271
6.0436,0.26941,12.28
-12.067,-6.5117,0.228
0.43063,5.9857,12.331
6.5145,12.108,0.168
-6.4537,-12.228,0.177
-11.442,5.3542,-5.9048
12.352,6.6906,0.152
-11.442,5.3542,6.198
5.564,-11.576,-5.9088
11.808,-5.4212,-5.704
-5.5671,5.5699,-11.811
-5.3243,11.773,-6.0168
5.564,-11.576,6.194
-5.3243,11.773,6.086
5.8426,-5.8398,-11.811
11.808,-5.4212,6.3988
-6.0465,-6.2133,-11.648
-5.5671,5.5699,12.395
6.4509,6.284,-11.648
-12.099,-6.5089,-5.704
5.8426,-5.8398,12.395
-6.412,-12.134,-6.0168
-6.412,-12.134,6.086
-12.099,-6.5089,6.3988
6.6517,12.331,-5.9088
12.465,6.4419,-5.9048
-6.0465,-6.2133,12.558
6.6517,12.331,6.194
12.465,6.4419,6.198
6.4509,6.284,12.558
-11.41,11.41,-1e-06
11.41,-11.41,1e-06
-11.797,-0.40234,-11.876
-0.38704,-11.812,-11.876
0.70067,12.095,-11.876
12.11,0.68537,-11.876
-11.797,-0.40234,12.33
-0.38704,-11.812,12.33
-11.23,11.493,-5.9038
-11.23,11.493,6.199
11.589,-11.326,-5.9038
0.70067,12.095,12.33
12.11,0.68537,12.33
11.589,-11.326,6.199
-5.366,11.679,-11.926
-11.555,5.6029,-11.951
11.84,-5.424,-11.875
5.4268,-11.799,-11.935
-12.497,-12.497,1.9594e-21
12.497,12.497,-1.9594e-21
-11.555,5.6029,12.255
-5.366,11.679,12.28
5.4268,-11.799,12.271
11.84,-5.424,12.331
-12.067,-6.5117,-11.875
6.5145,12.108,-11.935
-6.4537,-12.228,-11.926
6.5145,12.108,12.271
-12.067,-6.5117,12.331
12.352,6.6906,-11.951
-12.318,-12.414,-5.9038
-6.4537,-12.228,12.28
-12.318,-12.414,6.199
12.352,6.6906,12.255
12.677,12.581,-5.9038
12.677,12.581,6.199
11.41,-11.41,-12.103
-11.41,11.41,12.103
-11.41,11.41,-12.103
11.41,-11.41,12.103
-12.497,-12.497,-12.103
12.497,12.497,12.103
-12.497,-12.497,12.103
12.497,12.497,-12.103
