-9.7863,-10.01,-9.0768
-9.7863,-10.01,3.026
-9.1914,8.1407,-9.0768
-9.2426,1.9438,-9.0768
-3.5377,-3.7611,-9.0768
-2.9939,8.1925,-9.0768
2.711,2.4876,-9.0768
-9.7347,-3.812,-9.0768
-4.0298,-9.5169,-9.0768
-3.486,2.4367,-9.0768
2.2182,-3.269,-9.0768
2.167,-9.4658,-9.0768
8.4157,-3.2171,-9.0768
7.9236,-8.973,-9.0768
-8.4164,3.2178,-3.025
-7.9236,8.9744,-3.025
-9.1914,8.1407,3.026
-9.2426,1.9438,3.026
-3.5377,-3.7611,3.026
-2.9939,8.1925,3.026
2.711,2.4876,3.026
-8.9605,-8.7356,-3.025
-2.7118,-2.4869,-3.025
2.9932,-8.1918,-3.025
-8.4676,-2.979,-3.025
-2.7627,-8.684,-3.025
-2.2189,3.2697,-3.025
3.486,-2.4353,-3.025
-9.7347,-3.812,3.026
-4.0298,-9.517,3.026
-3.486,2.4367,3.026
2.2182,-3.269,3.026
2.167,-9.4658,3.026
8.4157,-3.2171,3.026
9.1907,-8.14,-3.025
7.9236,-8.973,3.026
-8.4164,3.2178,9.0778
-7.9236,8.9744,9.0778
-8.9605,-8.7356,9.0778
-2.7118,-2.4869,9.0778
2.9932,-8.1918,9.0778
-8.4676,-2.979,9.0778
-2.7627,-8.684,9.0778
-2.2189,3.2697,9.0778
3.486,-2.4353,9.0778
9.1907,-8.14,9.0778
8.9597,8.7363,-9.0768
2.7626,8.6854,-9.0768
8.4675,2.9804,-9.0768
-2.1678,9.4665,-3.025
8.9597,8.7363,3.026
3.5369,3.7618,-3.025
9.2418,-1.9432,-3.025
9.7856,10.01,-3.025
4.0297,9.5183,-3.025
9.7347,3.8134,-3.025
2.7626,8.6854,3.026
8.4675,2.9804,3.026
-2.1678,9.4665,9.0778
3.5369,3.7618,9.0778
9.2418,-1.9432,9.0778
9.7856,10.01,9.0778
4.0297,9.5183,9.0778
9.7347,3.8134,9.0778
-9.6229,-10.084,-3.025
-9.6229,-10.084,9.0778
-8.5791,3.2928,-9.0768
-7.8451,8.8068,-9.0768
-9.1224,-8.6614,-9.0768
-2.8737,-2.4126,-9.0768
2.8305,-8.1169,-9.0768
-8.3884,-3.1473,-9.0768
-2.6842,-8.8516,-9.0768
-2.1397,3.1014,-9.0768
3.5645,-2.6029,-9.0768
9.2699,-8.3083,-9.0768
-8.5791,3.2928,3.026
-7.8451,8.8068,3.026
-9.2699,8.3083,-3.025
-9.0793,1.8696,-3.025
-3.3743,-3.8353,-3.025
-2.8305,8.1183,-3.025
2.8744,2.4134,-3.025
-9.1224,-8.6614,3.026
-2.8737,-2.4126,3.026
2.8305,-8.1169,3.026
-8.3884,-3.1473,3.026
-2.6842,-8.8516,3.026
-2.1397,3.1014,3.026
3.5645,-2.6029,3.026
-9.8139,-3.6451,-3.025
-4.109,-9.3501,-3.025
-3.5652,2.6036,-3.025
2.1397,-3.1014,-3.025
2.3304,-9.5401,-3.025
8.5791,-3.2914,-3.025
9.2699,-8.3083,3.026
7.8444,-8.8061,-3.025
-9.2699,8.3083,9.0778
-9.0793,1.8696,9.0778
-3.3743,-3.8353,9.0778
-2.8305,8.1183,9.0778
2.8744,2.4134,9.0778
-9.8139,-3.6451,9.0778
-4.109,-9.3501,9.0778
-3.5652,2.6036,9.0778
2.1397,-3.1014,9.0778
2.3304,-9.5401,9.0778
8.5791,-3.2914,9.0778
7.8444,-8.8061,9.0778
-2.3304,9.5415,-9.0768
3.3749,3.836,-9.0768
9.0792,-1.8682,-9.0768
9.6237,10.085,-9.0768
4.1089,9.35,-9.0768
9.8132,3.6458,-9.0768
-2.3304,9.5415,3.026
9.123,8.662,-3.025
3.3749,3.836,3.026
9.0792,-1.8682,3.026
9.6237,10.085,3.026
4.1089,9.35,3.026
9.8132,3.6458,3.026
2.6834,8.8522,-3.025
8.3883,3.1473,-3.025
9.123,8.662,9.0778
2.6834,8.8522,9.0778
8.3883,3.1473,9.0778
-12.096,-12.847,-9.0768
-11.782,-9.5417,-6.3628
-11.782,-9.5417,-11.791
-9.4759,-12.941,-12.414
-12.898,-12.147,-3.025
-12.096,-12.847,3.026
-11.875,-6.9211,-3.025
-6.1701,-12.626,-3.025
-11.782,-9.5417,5.74
-9.4759,-12.941,-5.74
-11.782,-9.5417,0.312
-9.4759,-12.941,-0.311
-12.898,-12.147,9.0778
-11.875,-6.9211,9.0778
-6.1701,-12.626,9.0778
-9.4759,-12.941,6.3628
-11.782,-9.5417,12.415
-9.4759,-12.941,11.792
-11.009,11.06,-9.0768
-12.032,5.8348,-9.0768
-11.238,2.4117,-6.3628
-4.9891,8.6604,-6.3628
-8.7262,6.1495,-6.3628
-11.238,2.4117,-11.791
-4.9891,8.6604,-11.791
-12.125,8.4554,-12.414
-8.3882,10.966,-12.414
-8.7262,6.1495,-11.791
-11.553,-0.89378,-9.0768
-5.8478,-6.5987,-9.0768
-5.304,5.3549,-9.0768
0.40093,-0.35002,-9.0768
-12.575,-6.1193,-9.0768
-6.871,-11.824,-9.0768
-6.3265,0.1294,-9.0768
-0.62225,-5.5748,-9.0768
-5.5331,-3.293,-6.3628
0.17183,-8.9979,-6.3628
0.71559,2.9557,-6.3628
6.4205,-2.7492,-6.3628
-9.2702,-5.8039,-6.3628
-3.5652,-11.509,-6.3628
-3.0215,0.44477,-6.3628
2.6835,-5.2602,-6.3628
-5.5331,-3.293,-11.791
0.17183,-8.9979,-11.791
0.71559,2.9557,-11.791
6.4205,-2.7492,-11.791
-12.669,-3.4981,-12.414
-6.9643,-9.203,-12.414
-6.4205,2.7506,-12.414
-0.71559,-2.9543,-12.414
-8.9315,-0.98783,-12.414
-3.2265,-6.6928,-12.414
-2.6828,5.2609,-12.414
3.0215,-0.44336,-12.414
-9.2702,-5.8039,-11.791
-3.5652,-11.509,-11.791
-3.0215,0.44477,-11.791
2.6835,-5.2602,-11.791
-0.14309,-12.303,-9.0768
6.1056,-6.0547,-9.0768
11.811,-11.76,-9.0768
5.0831,-11.28,-9.0768
12.125,-8.454,-6.3628
8.3882,-10.965,-6.3628
12.125,-8.454,-11.791
4.9891,-8.659,-12.414
2.4782,-12.397,-12.414
8.7269,-6.1488,-12.414
8.3882,-10.965,-11.791
-12.354,-0.19325,-3.025
-11.81,11.76,-3.025
-6.1049,6.0555,-3.025
-11.009,11.06,3.026
-12.032,5.8348,3.026
-11.331,5.0323,-3.025
-5.0824,11.281,-3.025
-12.125,8.4554,-5.74
-11.238,2.4117,5.74
-4.9891,8.6604,5.74
-8.7261,6.1495,5.74
-8.3882,10.966,-5.74
-11.238,2.4117,0.312
-4.9891,8.6604,0.312
-12.125,8.4554,-0.311
-8.3882,10.966,-0.311
-8.7261,6.1495,0.312
-6.6489,-5.898,-3.025
-0.94399,-11.603,-3.025
-0.40022,0.35072,-3.025
5.3047,-5.3542,-3.025
-11.553,-0.89378,3.026
-5.8478,-6.5987,3.026
-5.304,5.3549,3.026
0.40093,-0.35002,3.026
-12.575,-6.1193,3.026
-6.871,-11.824,3.026
-6.3265,0.1294,3.026
-0.62225,-5.5748,3.026
-5.6264,-0.67246,-3.025
0.078489,-6.3774,-3.025
0.62225,5.5762,-3.025
6.3272,-0.12869,-3.025
-12.669,-3.4981,-5.74
-6.9643,-9.203,-5.74
-6.4205,2.7506,-5.74
-0.71559,-2.9543,-5.74
-5.5331,-3.293,5.74
0.17183,-8.9979,5.74
0.71559,2.9557,5.74
6.4205,-2.7492,5.74
-9.2702,-5.8039,5.74
-3.5652,-11.509,5.74
-3.0215,0.44477,5.74
2.6835,-5.2602,5.74
-8.9315,-0.98783,-5.74
-3.2265,-6.6928,-5.74
-2.6828,5.2609,-5.74
3.0215,-0.44336,-5.74
-5.5331,-3.293,0.312
0.17183,-8.9979,0.312
0.71559,2.9557,0.312
6.4205,-2.7492,0.312
-12.669,-3.4981,-0.311
-6.9643,-9.203,-0.311
-6.4205,2.7506,-0.311
-0.71559,-2.9543,-0.311
-8.9315,-0.98783,-0.311
-3.2265,-6.6928,-0.311
-2.6828,5.2609,-0.311
3.0215,-0.44336,-0.311
-9.2702,-5.8039,0.312
-3.5652,-11.509,0.312
-3.0215,0.44477,0.312
2.6835,-5.2602,0.312
11.009,-11.059,-3.025
-0.14309,-12.303,3.026
6.1056,-6.0547,3.026
11.811,-11.76,3.026
5.0831,-11.28,3.026
5.7832,-12.082,-3.025
12.032,-5.8334,-3.025
4.9891,-8.659,-5.74
12.125,-8.454,5.74
8.3882,-10.965,5.74
2.4782,-12.397,-5.74
8.7269,-6.1488,-5.74
12.125,-8.454,0.312
4.9891,-8.659,-0.311
2.4782,-12.397,-0.311
8.7269,-6.1488,-0.311
8.3882,-10.965,0.312
-12.354,-0.19325,9.0778
-11.81,11.76,9.0778
-6.1049,6.0555,9.0778
-11.331,5.0323,9.0778
-5.0824,11.281,9.0778
-12.125,8.4554,6.3628
-8.3882,10.966,6.3628
-11.238,2.4117,12.415
-4.9891,8.6604,12.415
-12.125,8.4554,11.792
-8.3882,10.966,11.792
-8.7261,6.1495,12.415
-6.6489,-5.898,9.0778
-0.94399,-11.603,9.0778
-0.40022,0.35072,9.0778
5.3047,-5.3542,9.0778
-5.6264,-0.67246,9.0778
0.07849,-6.3774,9.0778
0.62225,5.5762,9.0778
6.3272,-0.12869,9.0778
-12.669,-3.4981,6.3628
-6.9643,-9.203,6.3628
-6.4205,2.7506,6.3628
-0.71559,-2.9543,6.3628
-8.9315,-0.98783,6.3628
-3.2265,-6.6928,6.3628
-2.6828,5.2609,6.3628
3.0215,-0.44336,6.3628
-5.5331,-3.293,12.415
0.17183,-8.9979,12.415
0.71559,2.9557,12.415
6.4205,-2.7492,12.415
-12.669,-3.4981,11.792
-6.9643,-9.203,11.792
-6.4205,2.7506,11.792
-0.71559,-2.9543,11.792
-8.9315,-0.98783,11.792
-3.2265,-6.6928,11.792
-2.6828,5.2609,11.792
3.0215,-0.44336,11.792
-9.2702,-5.8039,12.415
-3.5652,-11.509,12.415
-3.0215,0.44477,12.415
2.6835,-5.2602,12.415
11.009,-11.059,9.0778
5.7832,-12.082,9.0778
12.032,-5.8334,9.0778
4.9891,-8.659,6.3628
2.4782,-12.397,6.3628
8.7269,-6.1488,6.3628
12.125,-8.454,12.415
4.9891,-8.659,11.792
2.4782,-12.397,11.792
8.7269,-6.1488,11.792
8.3882,-10.965,12.415
-5.7832,12.084,-9.0768
-2.4775,12.398,-6.3628
-2.4775,12.398,-11.791
0.94462,11.604,-9.0768
6.6496,5.8987,-9.0768
12.898,12.147,-9.0768
-0.077853,6.3781,-9.0768
5.6264,0.67385,-9.0768
6.1708,12.627,-9.0768
11.875,6.9226,-9.0768
6.9642,9.2044,-6.3628
12.669,3.4994,-6.3628
3.2272,6.6934,-6.3628
8.9321,0.98851,-6.3628
9.4759,12.942,-6.3628
6.9642,9.2044,-11.791
12.669,3.4994,-11.791
-0.1719,8.9993,-12.414
5.533,3.2944,-12.414
11.782,9.5431,-12.414
3.5659,11.51,-12.414
9.2708,5.8046,-12.414
3.2272,6.6934,-11.791
8.9321,0.98851,-11.791
9.4759,12.942,-11.791
12.354,0.19393,-9.0768
11.332,-5.0316,-9.0768
11.238,-2.4103,-12.414
0.14373,12.304,-3.025
-5.7832,12.084,3.026
-2.4775,12.398,5.74
-2.4775,12.398,0.312
5.8484,6.5994,-3.025
11.553,0.89446,-3.025
12.097,12.848,-3.025
0.94462,11.604,3.026
6.6496,5.8987,3.026
12.898,12.147,3.026
-0.077852,6.3781,3.026
5.6264,0.67385,3.026
6.1709,12.627,3.026
11.875,6.9225,3.026
6.8709,11.825,-3.025
12.576,6.12,-3.025
-0.1719,8.9993,-5.74
5.533,3.2944,-5.74
11.782,9.5431,-5.74
6.9642,9.2044,5.74
12.669,3.4994,5.74
3.2272,6.6934,5.74
8.9321,0.98851,5.74
9.4759,12.942,5.74
3.5659,11.51,-5.74
9.2708,5.8046,-5.74
6.9642,9.2044,0.312
12.669,3.4994,0.312
-0.1719,8.9993,-0.311
5.533,3.2944,-0.311
11.782,9.5431,-0.311
3.5659,11.51,-0.311
9.2708,5.8046,-0.311
3.2272,6.6934,0.312
8.9321,0.98851,0.312
9.4759,12.942,0.312
12.354,0.19393,3.026
11.332,-5.0316,3.026
11.238,-2.4103,-5.74
11.238,-2.4103,-0.311
0.14373,12.304,9.0778
-2.4775,12.398,12.415
5.8484,6.5994,9.0778
11.553,0.89446,9.0778
12.097,12.848,9.0778
6.8709,11.825,9.0778
12.576,6.12,9.0778
-0.1719,8.9993,6.3628
5.533,3.2944,6.3628
11.782,9.5431,6.3628
3.5659,11.51,6.3628
9.2708,5.8046,6.3628
6.9642,9.2044,12.415
12.669,3.4994,12.415
-0.1719,8.9993,11.792
5.533,3.2944,11.792
11.782,9.5431,11.792
3.5659,11.51,11.792
9.2708,5.8046,11.792
3.2272,6.6934,12.415
8.9321,0.98851,12.415
9.4759,12.942,12.415
11.238,-2.4103,6.3628
11.238,-2.4103,11.792
0,0,0
-5.9765,-0.27153,-2.4701e-16
-0.27153,-5.9765,2.4701e-16
0.27224,5.9772,-2.4701e-16
5.9772,0.27224,2.4701e-16
-7.0711e-07,7.0711e-07,-6.0508
-2.6204e-16,2.6204e-16,6.052
5.7047,-5.7047,1e-06
-5.7049,5.7049,-4.9402e-16
-0.27153,-5.9765,-6.0508
-5.9765,-0.27153,-6.0508
5.9772,0.27224,-6.0508
0.27224,5.9772,-6.0508
-5.9765,-0.27153,6.052
-0.27153,-5.9765,6.052
0.27224,5.9772,6.052
5.9772,0.27224,6.052
6.2486,6.2487,-1.9594e-21
-6.2487,-6.2487,0
5.7047,-5.7047,-6.0508
-5.7049,5.7049,-6.0508
5.7047,-5.7047,6.052
-5.7049,5.7049,6.052
6.2486,6.2487,-6.0508
-6.2487,-6.2487,-6.0508
6.2486,6.2487,6.052
-6.2487,-6.2487,6.052
11.953,0.54395,1e-06
-0.54402,-11.953,1e-06
0.54369,11.954,-4.9402e-16
-11.954,-0.54377,-4.9402e-16
-7.0711e-07,7.0711e-07,-12.103
7.0711e-07,-7.0711e-07,12.103
-11.681,5.4332,-1e-06
5.4332,-11.681,1e-06
11.682,-5.4325,1e-06
-5.4324,11.682,-1e-06
11.953,0.54395,-6.0508
-0.54402,-11.953,-6.0508
0.54369,11.954,-6.0508
-11.954,-0.54376,-6.0508
11.953,0.54395,6.052
-0.54402,-11.953,6.052
0.54369,11.954,6.052
-11.954,-0.54377,6.052
-0.27153,-5.9765,-12.103
-5.9765,-0.27153,12.103
-5.9765,-0.27153,-12.103
-0.27153,-5.9765,12.103
5.9772,0.27224,-12.103
0.27224,5.9772,12.103
0.27224,5.9772,-12.103
5.9772,0.27224,12.103
-12.225,-6.5202,-2.4701e-16
-6.5202,-12.225,2.4701e-16
12.226,6.5209,2.4701e-16
6.5209,12.226,-2.4701e-16
-11.681,5.4332,-6.0508
5.4332,-11.681,-6.0508
11.682,-5.4325,-6.0508
-5.4324,11.682,-6.0508
-11.681,5.4332,6.052
5.4332,-11.681,6.052
11.682,-5.4325,6.052
-5.4324,11.682,6.052
5.7047,-5.7047,-12.103
5.7047,-5.7047,12.103
-5.7049,5.7049,12.103
-5.7049,5.7049,-12.103
6.2486,6.2487,12.103
6.2486,6.2487,-12.103
-6.2487,-6.2487,-12.103
-6.2487,-6.2487,12.103
-12.225,-6.5202,-6.0508
-6.5202,-12.225,-6.0508
-12.225,-6.5202,6.052
-6.5202,-12.225,6.052
12.226,6.5209,-6.0508
6.5209,12.226,-6.0508
12.226,6.5209,6.052
6.5209,12.226,6.052
-11.41,11.41,-1e-06
11.41,-11.41,1e-06
11.953,0.54395,-12.103
11.953,0.54395,12.103
-0.54402,-11.953,-12.103
-0.54402,-11.953,12.103
0.5437,11.954,12.103
0.54369,11.954,-12.103
-11.954,-0.54377,12.103
-11.954,-0.54376,-12.103
11.41,-11.41,-6.0508
-11.41,11.41,-6.0508
-11.41,11.41,6.052
11.41,-11.41,6.052
-12.497,-12.497,1.9594e-21
12.497,12.497,-1.9594e-21
-11.681,5.4332,12.103
-11.681,5.4332,-12.103
5.4332,-11.681,-12.103
5.4332,-11.681,12.103
11.682,-5.4325,-12.103
11.682,-5.4325,12.103
-5.4324,11.682,12.103
-5.4324,11.682,-12.103
-12.225,-6.5202,12.103
-12.225,-6.5202,-12.103
-6.5202,-12.225,-12.103
-6.5202,-12.225,12.103
12.226,6.5209,-12.103
12.226,6.5209,12.103
6.5209,12.226,12.103
6.5209,12.226,-12.103
-12.497,-12.497,-6.0508
12.497,12.497,-6.0508
-12.497,-12.497,6.052
12.497,12.497,6.052
-11.41,11.41,12.103
11.41,-11.41,-12.103
-11.41,11.41,-12.103
11.41,-11.41,12.103
-12.497,-12.497,-12.103
12.497,12.497,12.103
-12.497,-12.497,12.103
12.497,12.497,-12.103
