-9.7587,-10.009,-9.0558
-9.7587,-10.009,3.047
-9.1186,2.0702,-9.1238
-8.7594,7.918,-8.7508
2.291,-9.3395,-9.1238
-3.5461,-3.7045,-8.9038
-2.8115,8.2222,-9.0178
2.7386,2.4883,-9.0558
-9.4342,-3.9004,-8.9638
-3.7873,-9.727,-8.7358
-3.2223,2.4812,-8.9528
2.6502,-3.4917,-8.7508
8.5982,-3.1874,-9.0178
8.1873,-8.9284,-8.9528
-9.1186,2.0702,2.979
-8.2248,3.1903,-3.12
-7.6584,8.7799,-2.706
-8.7594,7.918,3.352
2.291,-9.3395,2.979
-3.5461,-3.7045,3.199
-2.8115,8.2222,3.085
2.7386,2.4883,3.047
-8.609,-9.1125,-2.864
-2.6184,-2.9946,-3.051
3.1848,-8.2194,-3.12
-8.3559,-3.0908,-2.723
-2.8206,-8.7207,-2.679
-2.1029,3.0066,-2.695
3.7512,-2.6297,-2.706
-9.4342,-3.9004,3.139
-3.7873,-9.727,3.367
-3.2223,2.4812,3.15
2.6502,-3.4917,3.352
8.5982,-3.1874,3.085
9.3067,-8.403,-2.695
8.1873,-8.9284,3.15
-8.2248,3.1903,8.9828
-7.6584,8.7799,9.3968
-8.609,-9.1125,9.2388
-2.6184,-2.9946,9.0518
3.1848,-8.2194,8.9828
-8.3559,-3.0908,9.3798
-2.8206,-8.7207,9.4238
-2.1029,3.0066,9.4078
3.7512,-2.6297,9.3968
9.3067,-8.4031,9.4078
8.9512,8.7928,-8.9038
3.0631,8.597,-8.9638
8.7101,2.7704,-8.7358
8.9512,8.7928,3.199
3.8883,3.3849,-2.864
-1.8541,9.2249,-2.891
9.8789,9.5028,-3.051
4.1415,9.4066,-2.723
9.6767,3.7766,-2.679
3.0631,8.597,3.139
8.7101,2.7704,3.367
9.5555,-2.1848,-2.891
3.8883,3.3849,9.2388
-1.8541,9.2249,9.2118
9.8789,9.5028,9.0518
4.1415,9.4066,9.3798
9.6767,3.7766,9.4238
9.5555,-2.1848,9.2118
-9.1428,-10.505,-2.957
-9.1428,-10.505,9.1458
-8.4822,3.4236,-9.1108
-7.3445,8.4038,-8.8248
-9.2779,-8.6005,-8.9408
-3.001,-2.3122,-8.8598
2.9274,-7.9861,-9.1108
-8.1664,-3.1629,-9.2428
-2.4367,-9.1217,-8.5118
-1.8356,3.0236,-8.8028
4.0652,-3.0059,-8.8248
9.574,-8.3861,-8.8028
-8.4822,3.4236,2.992
-7.3445,8.4038,3.278
-9.0641,8.2864,-2.839
-8.7222,1.784,-3.174
-3.1452,-4.3685,-2.82
-2.4918,7.8715,-2.918
3.3545,1.9926,-2.957
-9.2779,-8.6005,3.162
-3.001,-2.3122,3.243
2.9274,-7.9861,2.992
-8.1664,-3.1629,2.86
-2.4367,-9.1217,3.591
-1.8356,3.0236,3.3
4.0652,-3.0059,3.278
-9.7135,-3.713,-2.697
-4.1288,-9.4038,-2.928
-3.4966,2.4897,-2.91
2.3455,-3.1233,-2.839
2.6875,-9.6256,-3.174
8.9178,-3.5382,-2.918
9.574,-8.3861,3.3
7.913,-8.9199,-2.91
-9.0641,8.2864,9.2638
-8.7222,1.784,8.9288
-3.1452,-4.3685,9.2828
-2.4918,7.8715,9.1848
3.3545,1.9926,9.1458
-9.7135,-3.713,9.4058
-4.1288,-9.4038,9.1748
-3.4966,2.4897,9.1928
2.3455,-3.1233,9.2638
2.6875,-9.6256,8.9288
8.9178,-3.5382,9.1848
7.913,-8.9199,9.1928
-2.2109,9.5818,-8.8688
3.2194,3.8968,-8.9408
9.1987,-1.8279,-8.8688
9.4964,10.185,-8.8598
4.331,9.3345,-9.2428
10.061,3.3757,-8.5118
-2.2109,9.5818,3.234
9.3521,8.1289,-2.82
3.2194,3.8968,3.162
9.1987,-1.8279,3.234
9.4964,10.185,3.243
4.331,9.3345,2.86
10.061,3.3757,3.591
2.7838,8.7844,-2.697
8.3685,3.0936,-2.928
9.3521,8.1289,9.2828
2.7838,8.7844,9.4058
8.3685,3.0936,9.1748
-11.608,-13.077,-8.8488
-6.9925,-11.93,-9.0208
-11.478,-9.7001,-6.2588
-11.821,-9.6103,-11.599
-9.3019,-12.973,-12.127
-13.01,-12.45,-2.838
-11.608,-13.077,3.254
-6.9925,-11.93,3.082
-11.591,-7.3864,-2.972
-5.9311,-13.005,-2.853
-11.478,-9.7001,5.844
-9.3995,-13.177,-5.44
-11.821,-9.6103,0.504
-9.3019,-12.973,-0.024
-13.01,-12.45,9.2648
-11.591,-7.3864,9.1308
-5.9311,-13.005,9.2498
-9.3995,-13.177,6.6628
-11.821,-9.6103,12.607
-9.3019,-12.973,12.079
-10.52,10.83,-8.8488
-5.9048,11.977,-9.0208
-11.925,6.1495,-9.1228
-10.76,2.2951,-6.3058
-4.5245,8.5749,-6.1958
-11.223,2.3629,-11.888
-4.8816,8.5671,-11.669
-12.146,8.4031,-12.412
-8.2142,10.934,-12.127
-8.5989,6.2669,-11.731
-11.176,-0.82378,-8.8098
-5.6561,-6.854,-8.9138
-4.7624,5.362,-8.8188
0.88954,-0.57983,-8.8488
-12.345,-6.0938,-8.9398
5.5048,0.56781,-9.0208
-6.3046,0.33376,-8.9588
-0.51548,-5.2602,-9.1228
-5.2184,-3.4295,-5.9918
0.64912,-9.1146,-6.3058
1.0196,2.7973,-6.2588
6.8851,-2.8348,-6.1958
-8.9145,-5.7537,-6.2168
-3.4005,-11.775,-6.1078
-2.8765,0.40871,-6.3308
-5.4412,-3.3566,-11.857
0.18668,-9.0467,-11.888
0.6767,2.8871,-11.599
6.528,-2.8426,-11.669
-12.739,-3.6798,-12.092
-6.8908,-9.3359,-12.18
-6.3017,2.6898,-12.395
-0.73681,-3.0066,-12.412
-8.8176,-0.84287,-12.338
-3.2018,-6.9098,-12.099
-2.4897,5.1753,-12.182
3.1954,-0.47588,-12.127
-9.0191,-5.7269,-11.567
-3.4302,-11.62,-11.551
-2.8751,0.44972,-11.624
2.8107,-5.1428,-11.731
0.2338,-12.233,-8.8098
6.6473,-6.0477,-8.8188
12.299,-11.989,-8.8488
5.1051,-11.076,-8.9588
12.429,-8.6124,-6.2588
8.5331,-11.001,-6.3308
12.086,-8.5226,-11.599
5.1079,-8.7198,-12.395
2.592,-12.253,-12.338
8.9199,-6.2344,-12.182
8.5345,-10.96,-11.624
-12.314,-0.23143,-2.834
-11.922,11.457,-2.838
-5.8489,5.873,-2.788
-10.52,10.83,3.254
-5.9048,11.977,3.082
-11.925,6.1495,2.98
-11.108,4.8449,-2.97
-4.8434,10.902,-2.853
-11.987,8.2242,-5.583
-10.76,2.2951,5.797
-4.5245,8.5749,5.907
-8.4058,6.0696,-5.895
-8.3118,10.73,-5.44
-11.223,2.3629,0.215
-4.8816,8.5671,0.434
-12.146,8.403,-0.309
-8.2142,10.934,-0.024001
-8.5989,6.2669,0.372
-6.8144,-5.8541,-2.912
-0.90439,-11.641,-2.834
-0.51265,0.047376,-2.838
5.5607,-5.5366,-2.788
-11.176,-0.82378,3.293
-5.6561,-6.854,3.189
-4.7624,5.362,3.284
0.88954,-0.57983,3.254
-12.345,-6.0938,3.163
5.5048,0.56781,3.082
-6.3046,0.33375,3.144
-0.51548,-5.2602,2.98
-5.2481,-1.0409,-3.037
0.30123,-6.5648,-2.97
0.90651,5.111,-2.972
6.5662,-0.5077,-2.853
-12.322,-3.6812,-5.646
-6.6609,-9.2843,-5.704
-6.2982,2.658,-5.718
-0.57771,-3.1855,-5.583
-5.2184,-3.4295,6.111
0.64912,-9.1146,5.797
1.0196,2.7973,5.844
6.8851,-2.8348,5.907
-8.9145,-5.7537,5.886
-3.4005,-11.775,5.995
-2.8765,0.40871,5.772
3.0038,-5.3401,-5.895
-8.6748,-1.3789,-5.543
-2.931,-6.738,-5.62
-2.5527,5.0304,-5.567
3.0978,-0.67953,-5.44
-5.4412,-3.3566,0.246
0.18668,-9.0467,0.215
0.6767,2.8871,0.504
6.528,-2.8426,0.434
-12.739,-3.6798,0.011
-6.8908,-9.3359,-0.077
-6.3017,2.6898,-0.292
-0.73681,-3.0066,-0.309
-8.8176,-0.84287,-0.235
-3.2018,-6.9098,0.004
-2.4897,5.1753,-0.079
3.1954,-0.47588,-0.024
-9.0191,-5.7269,0.536
-3.4302,-11.62,0.552
-2.8751,0.44972,0.479
2.8107,-5.1428,0.372
10.897,-11.362,-2.838
0.2338,-12.233,3.293
6.6473,-6.0477,3.284
12.299,-11.989,3.254
5.1051,-11.076,3.144
6.1615,-12.451,-3.037
12.316,-6.2987,-2.972
5.1114,-8.7517,-5.718
12.429,-8.6124,5.844
8.5331,-11.001,5.772
2.7348,-12.789,-5.543
8.857,-6.3793,-5.567
12.086,-8.5226,0.504
5.1079,-8.7198,-0.292
2.592,-12.253,-0.235
8.9199,-6.2344,-0.078999
8.5345,-10.96,0.479
-12.314,-0.23143,9.2688
-11.922,11.457,9.2648
-5.8489,5.873,9.3148
-11.108,4.8449,9.1328
-4.8434,10.902,9.2498
-11.987,8.2242,6.5198
-8.4058,6.0696,6.2078
-8.3118,10.73,6.6628
-11.223,2.3629,12.318
-4.8816,8.5671,12.537
-12.146,8.403,11.794
-8.2142,10.934,12.079
-8.5989,6.2669,12.475
-6.8144,-5.8541,9.1908
-0.90439,-11.641,9.2688
-0.51265,0.047375,9.2648
5.5607,-5.5366,9.3148
-5.2481,-1.0409,9.0658
0.30123,-6.5648,9.1328
0.90651,5.111,9.1308
6.5662,-0.5077,9.2498
-12.322,-3.6812,6.4568
-6.6609,-9.2843,6.3988
-6.2982,2.658,6.3848
-0.57771,-3.1855,6.5198
3.0038,-5.3401,6.2078
-8.6748,-1.3789,6.5598
-2.931,-6.738,6.4828
-2.5527,5.0304,6.5358
3.0978,-0.67953,6.6628
-5.4412,-3.3566,12.349
0.18668,-9.0467,12.318
0.6767,2.8871,12.607
6.528,-2.8426,12.537
-12.739,-3.6798,12.114
-6.8908,-9.3359,12.026
-6.3017,2.6898,11.811
-0.7368,-3.0066,11.794
-8.8176,-0.84287,11.868
-3.2018,-6.9098,12.107
-2.4897,5.1753,12.024
3.1954,-0.47588,12.079
-9.0191,-5.7269,12.639
-3.4302,-11.62,12.655
-2.8751,0.44972,12.582
2.8108,-5.1428,12.475
10.897,-11.362,9.2648
6.1615,-12.451,9.0658
12.316,-6.2987,9.1308
5.1114,-8.7517,6.3848
2.7348,-12.789,6.5598
8.857,-6.3793,6.5358
12.086,-8.5226,12.607
5.1079,-8.7198,11.811
2.592,-12.253,11.868
8.9199,-6.2344,12.024
8.5345,-10.96,12.582
-2.3128,12.132,-6.1078
-2.3425,12.287,-11.551
1.3215,11.674,-8.8098
6.8412,5.6434,-8.9138
13.387,11.918,-8.8488
0.15266,6.4035,-8.9398
6.1928,12.831,-8.9588
11.982,7.2372,-9.1228
7.2789,9.0679,-5.9918
13.146,3.3828,-6.3058
3.5828,6.7437,-6.2168
9.0969,0.72193,-6.1078
9.6208,12.906,-6.3308
7.0561,9.1407,-11.857
12.684,3.4507,-11.888
-0.2419,8.8176,-12.092
5.6066,3.1614,-12.18
11.761,9.4908,-12.412
3.6797,11.655,-12.338
9.2956,5.5875,-12.099
3.4782,6.7705,-11.567
9.0672,0.87749,-11.551
9.6222,12.947,-11.624
12.731,0.26393,-8.8098
11.562,-5.0061,-8.9398
11.168,-2.5921,-12.092
0.18333,12.266,-2.834
-2.3128,12.132,5.995
-2.3425,12.287,0.552
5.6829,6.6432,-2.912
11.593,0.85628,-2.834
11.985,12.545,-2.838
1.3215,11.674,3.293
6.8412,5.6434,3.189
13.387,11.918,3.254
0.15266,6.4035,3.163
6.1928,12.831,3.144
11.982,7.2372,2.98
7.2492,11.457,-3.037
12.799,5.9326,-2.97
0.17529,8.8162,-5.646
5.8364,3.2131,-5.704
11.92,9.3119,-5.583
7.2789,9.0679,6.111
13.146,3.3828,5.797
3.5828,6.7437,5.886
9.0969,0.72193,5.995
9.6208,12.906,5.772
3.8225,11.119,-5.543
9.5664,5.7594,-5.62
7.0561,9.1407,0.246
12.684,3.4507,0.215
-0.2419,8.8176,0.011
5.6066,3.1614,-0.077
11.761,9.4908,-0.309
3.6797,11.655,-0.235
9.2956,5.5875,0.004
3.4782,6.7705,0.536
9.0672,0.87749,0.552
9.6222,12.947,0.479
12.731,0.26393,3.293
11.562,-5.0061,3.163
11.585,-2.5935,-5.646
11.168,-2.5921,0.011001
0.18333,12.266,9.2688
-2.3425,12.287,12.655
5.6829,6.6432,9.1908
11.593,0.85628,9.2688
11.985,12.545,9.2648
7.2492,11.457,9.0658
12.799,5.9326,9.1328
0.17529,8.8162,6.4568
5.8364,3.2131,6.3988
11.92,9.3119,6.5198
3.8225,11.119,6.5598
9.5664,5.7594,6.4828
7.0561,9.1407,12.349
12.684,3.4507,12.318
-0.2419,8.8176,12.114
5.6066,3.1614,12.026
11.761,9.4908,11.794
3.6797,11.655,11.868
9.2956,5.5875,12.107
3.4782,6.7705,12.639
9.0672,0.87749,12.655
9.6222,12.947,12.582
11.585,-2.5935,6.4568
11.168,-2.5921,12.114
0,0,0
-5.8725,-0.14213,0.344
0.41154,5.8944,0.263
-0.32032,-5.9291,0.181
0.11314,-0.1895,5.979
6.0782,0.26302,0.203
0.11314,-0.1895,-6.1238
-5.5428,5.7662,0.313
-5.6646,-0.49427,-5.824
5.8669,-5.6434,0.313
0.52255,5.765,-5.875
-0.041719,-6.1808,-5.745
-5.6646,-0.49427,6.2788
6.1561,0.057983,-5.833
0.52255,5.765,6.2278
-6.2607,-6.1363,-0.167
6.1561,0.057982,6.2698
-0.041719,-6.1808,6.3578
6.2366,6.3611,-0.167
-5.4355,5.6491,-5.854
-5.4355,5.6491,6.2488
5.9741,-5.7606,-5.854
5.9741,-5.7606,6.2488
-5.9369,-6.3965,5.957
-5.9369,-6.3965,-6.1458
6.5605,6.1009,5.957
6.5605,6.1009,-6.1458
-11.854,-0.6168,-0.12
0.64365,11.881,-0.12
-0.44406,-12.026,-0.12
12.053,0.47091,-0.12
-7.0711e-07,7.0711e-07,-12.103
7.0711e-07,-7.0711e-07,12.103
5.5371,-11.552,0.344
-5.3314,11.673,0.203
-11.73,5.4806,0.181
-11.518,-0.7559,-6.0458
-11.518,-0.7559,6.057
11.821,-5.5152,0.263
-5.8725,-0.14213,-11.759
0.41154,5.8944,-11.84
0.97927,11.741,-6.0458
0.97927,11.741,6.057
-0.32032,-5.9291,-11.922
6.0782,0.26302,-11.9
-0.10844,-12.166,-6.0458
-0.10844,-12.166,6.057
-0.32032,-5.9291,12.284
0.41154,5.8944,12.366
6.0782,0.26302,12.306
-5.8725,-0.14213,12.447
-12.086,-6.6029,0.263
12.389,0.33182,-6.0458
12.389,0.33181,6.057
-6.4191,-12.234,0.203
12.177,6.5683,0.181
-11.451,5.2288,-5.745
-5.2535,11.468,-5.833
6.6248,12.355,0.344
-5.2535,11.468,6.2698
-11.451,5.2288,6.3578
-5.5428,5.7662,-11.79
5.8669,-5.6434,-11.79
5.745,-11.904,-5.824
11.932,-5.6446,-5.875
11.932,-5.6446,6.2278
5.745,-11.904,6.2788
-5.5428,5.7662,12.416
-6.2607,-6.1363,11.936
5.8669,-5.6434,12.416
6.2366,6.3611,11.936
-11.975,-6.7323,-5.875
6.8327,12.003,-5.824
-6.2607,-6.1363,-12.27
-11.975,-6.7323,6.2278
12.456,6.3166,-5.745
-6.3413,-12.439,-5.833
6.2366,6.3611,-12.27
6.8327,12.003,6.2788
-6.3413,-12.439,6.2698
12.456,6.3166,6.3578
-11.41,11.41,-1e-06
11.41,-11.41,1e-06
-11.854,-0.61681,11.983
0.64365,11.881,11.983
-0.44406,-12.026,11.983
12.053,0.47091,11.983
-11.296,11.22,5.979
-11.854,-0.6168,-12.223
0.64365,11.881,-12.223
-11.296,11.22,-6.1238
-0.44406,-12.026,-12.223
12.053,0.47091,-12.223
5.5371,-11.552,-11.759
11.523,-11.599,5.979
11.523,-11.599,-6.1238
-5.3314,11.673,-11.9
-11.73,5.4806,-11.922
11.821,-5.5152,-11.84
-12.497,-12.497,1.9594e-21
12.497,12.497,-1.9594e-21
-5.3314,11.673,12.306
-11.73,5.4806,12.284
5.5371,-11.552,12.447
11.821,-5.5152,12.366
-12.086,-6.6029,-11.84
-6.4191,-12.234,-11.9
12.177,6.5683,-11.922
6.6248,12.355,-11.759
12.177,6.5683,12.284
-6.4191,-12.234,12.306
-12.086,-6.6029,12.366
12.61,12.308,5.979
12.61,12.308,-6.1238
-12.384,-12.687,5.979
6.6248,12.355,12.447
-12.384,-12.687,-6.1238
11.41,-11.41,-12.103
-11.41,11.41,12.103
-11.41,11.41,-12.103
11.41,-11.41,12.103
-12.497,-12.497,-12.103
12.497,12.497,12.103
-12.497,-12.497,12.103
12.497,12.497,-12.103
