-9.5541,-9.5344,-8.6792
-8.9354,1.9215,-8.6872
-3.3846,-3.5869,-8.6942
-9.3413,-3.6887,-8.9072
-3.9305,-9.214,-8.8712
1.9014,-8.9154,-8.6872
-9.5541,-9.5344,2.889
-8.9354,1.9215,2.881
-3.3846,-3.5869,2.874
-8.63,-8.3231,-2.912
-8.1541,-2.732,-3.009
-2.7942,-8.164,-3.078
-9.3413,-3.6887,2.661
-3.9305,-9.214,2.697
1.9014,-8.9154,2.881
-8.63,-8.3231,8.6562
-8.1541,-2.732,8.5592
-2.7942,-8.164,8.4902
-8.6589,7.6817,-8.7952
-2.8928,7.9825,-8.7542
2.5222,2.542,-8.6792
8.6918,8.4895,-8.6942
-3.3107,2.3504,-8.7962
2.1779,-3.1551,-8.7952
2.7351,8.3877,-8.9072
8.1459,2.8624,-8.8712
7.944,-2.8543,-8.7542
7.5261,-8.4864,-8.7962
-7.9815,3.0841,-3.051
-7.5367,8.712,-3.06
-8.6589,7.6817,2.773
-2.8928,7.9825,2.814
2.5222,2.542,2.889
8.6918,8.4895,2.874
-2.5491,-2.2861,-3.015
2.8553,-7.7527,-3.051
3.4464,3.7533,-2.912
-1.8597,9.0609,-2.868
-2.1326,3.2909,-3.026
3.3001,-2.1249,-3.06
3.9223,9.3444,-3.009
9.2822,3.9124,-3.078
-3.3107,2.3504,2.772
2.1779,-3.1551,2.773
2.7351,8.3877,2.661
8.1459,2.8624,2.697
7.944,-2.8543,2.814
8.9771,-1.776,-2.868
8.7042,-7.546,-3.026
7.5261,-8.4864,2.772
-7.9815,3.0841,8.5172
-7.5367,8.712,8.5082
-2.5491,-2.2861,8.5532
2.8553,-7.7527,8.5172
3.4464,3.7533,8.6562
-1.8597,9.0609,8.7002
-2.1326,3.2909,8.5422
3.3001,-2.1249,8.5082
3.9223,9.3444,8.5592
9.2822,3.9124,8.4902
8.9771,-1.776,8.7002
8.7042,-7.546,8.5422
9.5273,9.7903,-3.015
9.5273,9.7903,8.5532
-8.864,-8.2107,-8.7512
-8.036,-2.9604,-8.9332
-2.6358,-8.4751,-8.7532
-9.2925,-9.6616,-2.966
-8.6929,1.7737,-2.934
-3.2404,-3.6109,-3.011
-8.864,-8.2107,2.817
-8.036,-2.9604,2.635
-2.6358,-8.4751,2.815
-9.4488,-3.4766,-2.923
-4.0882,-8.9107,-3.097
2.1439,-9.0632,-2.934
-9.2925,-9.6616,8.6022
-8.6929,1.7737,8.6342
-3.2404,-3.6109,8.5572
-9.4488,-3.4766,8.6452
-4.0882,-8.9107,8.4712
2.1439,-9.0632,8.6342
-8.2198,3.2291,-8.8032
-2.2228,9.3194,-8.7982
-7.372,8.4369,-8.7202
-2.6792,-2.2691,-8.6502
2.617,-7.6078,-8.8032
3.2124,3.8658,-8.7512
8.614,-1.5175,-8.7982
-2.0365,3.1268,-8.6932
3.4648,-2.3999,-8.7202
4.0404,9.116,-8.9332
9.4406,3.6013,-8.7532
8.8003,-7.71,-8.6932
-8.2198,3.2291,2.765
-2.2228,9.3194,2.77
-7.372,8.4369,2.848
-8.8095,7.9441,-2.91
-2.535,7.728,-2.925
2.7839,2.4148,-2.966
8.836,8.4655,-3.011
-2.6792,-2.2691,2.918
2.617,-7.6078,2.765
3.2124,3.8658,2.817
8.614,-1.5175,2.77
-2.0365,3.1268,2.875
3.4648,-2.3999,2.848
4.0404,9.116,2.635
9.4406,3.6013,2.815
-3.4167,2.5272,-3.03
2.0273,-2.8928,-2.91
2.6276,8.5998,-2.923
7.9882,3.1657,-3.097
8.3018,-3.1089,-2.925
8.8003,-7.71,2.875
7.4201,-8.3096,-3.03
-8.8095,7.9441,8.6582
-2.535,7.728,8.6432
2.7839,2.4148,8.6022
8.836,8.4655,8.5572
-3.4167,2.5272,8.5382
2.0273,-2.8928,8.6582
2.6276,8.5998,8.6452
7.9882,3.1657,8.4712
8.3018,-3.1089,8.6432
7.4201,-8.3096,8.5382
9.3972,9.8073,-8.6502
9.3972,9.8073,2.918
-11.479,5.5006,-8.6482
-10.721,2.4353,-6.0832
-10.767,2.1369,-11.345
-11.57,-12.495,-8.9412
-11.097,-1.0038,-8.9752
-5.5682,-6.4125,-8.8352
-6.2272,0.20603,-8.7122
-0.64248,-5.3363,-8.6482
-12.24,-5.8037,-8.6912
-6.8537,-11.316,-8.7672
-11.351,-8.9411,-6.1002
-5.4055,-3.0056,-6.2212
0.11625,-8.4016,-6.0832
-8.9814,-5.3554,-6.1792
-3.7,-10.954,-6.2142
-11.398,-9.335,-11.375
-5.2514,-3.222,-11.31
0.069578,-8.7,-11.345
-12.101,-3.5367,-11.858
-6.5963,-8.8704,-11.999
-9.05,-12.4,-11.978
-8.3867,-0.87867,-11.955
-3.1598,-6.4295,-11.958
-8.9566,-5.7422,-11.379
-3.3952,-11.036,-11.48
-0.26024,-11.841,-8.9752
4.6096,-10.631,-8.7122
2.4501,-11.716,-11.955
-11.918,-0.035372,-3.191
-11.479,5.5006,2.92
-10.721,2.4353,5.485
-10.767,2.1369,0.223
-12.458,-11.474,-3.171
-6.4422,-5.4692,-3.072
-1.0816,-10.872,-3.191
-11.57,-12.495,2.627
-11.097,-1.0038,2.593
-5.5682,-6.4125,2.733
-6.2272,0.20603,2.856
-0.64248,-5.3363,2.92
-12.24,-5.8037,2.877
-6.8537,-11.316,2.801
-11.404,-6.6706,-2.903
-5.8475,-12.159,-2.986
-12.231,-3.1867,-5.624
-6.8325,-8.5946,-5.588
-11.351,-8.9411,5.468
-5.4055,-3.0056,5.347
0.11625,-8.4016,5.485
-8.9814,-5.3554,5.389
-3.7,-10.954,5.354
-9.3356,-12.283,-5.593
-8.6872,-0.96282,-5.643
-3.1372,-6.2145,-5.595
-11.398,-9.335,0.193
-5.2514,-3.222,0.258
0.069578,-8.7,0.223
-12.101,-3.5367,-0.29
-6.5963,-8.8704,-0.431
-9.05,-12.4,-0.41
-8.3867,-0.87867,-0.387
-3.1598,-6.4295,-0.39
-8.9566,-5.7422,0.189
-3.3952,-11.036,0.088
-0.26024,-11.841,2.593
4.6096,-10.631,2.856
2.1496,-11.8,-5.643
2.4501,-11.716,-0.387
-11.918,-0.035372,8.3772
-10.767,2.1369,11.791
-12.458,-11.474,8.3972
-6.4422,-5.4692,8.4962
-1.0816,-10.872,8.3772
-11.404,-6.6706,8.6652
-5.8475,-12.159,8.5822
-12.231,-3.1867,5.9442
-6.8325,-8.5946,5.9802
-9.3356,-12.283,5.9752
-8.6872,-0.96282,5.9252
-3.1372,-6.2145,5.9732
-11.398,-9.335,11.761
-5.2514,-3.222,11.826
0.069578,-8.7,11.791
-12.101,-3.5367,11.278
-6.5963,-8.8704,11.137
-9.05,-12.4,11.158
-8.3867,-0.87867,11.181
-3.1598,-6.4295,11.178
-8.9566,-5.7422,11.757
-3.3952,-11.036,11.656
2.1496,-11.8,5.9252
2.4501,-11.716,11.181
-10.331,10.418,-8.9412
-5.6141,11.598,-8.7672
-4.7939,8.4921,-6.1832
-8.2969,5.8984,-6.1512
-2.4604,11.96,-6.2142
-4.7387,8.2121,-11.373
-11.663,7.9434,-11.964
-7.8104,10.513,-11.978
-8.3711,5.7916,-11.383
-2.1557,11.877,-11.48
-5.0749,5.0353,-8.8522
0.50629,-0.41861,-8.9412
0.97934,11.073,-8.9752
6.5082,5.6639,-8.8352
5.8492,12.282,-8.7122
11.434,6.7401,-8.6482
-0.16334,6.2727,-8.6912
5.2227,0.76085,-8.7672
0.72549,3.1353,-6.1002
6.0429,-2.3448,-6.1832
6.6708,9.0708,-6.2212
12.193,3.6748,-6.0832
-3.0391,0.50629,-6.1672
2.5399,-4.9384,-6.1512
3.095,6.721,-6.1792
8.3764,1.1229,-6.2142
0.67812,2.7415,-11.375
6.0981,-2.6248,-11.373
6.825,8.8544,-11.31
12.146,3.3764,-11.345
-6.0931,2.5873,-12.027
-0.8259,-2.8935,-11.964
-0.024749,8.5397,-11.858
5.4801,3.206,-11.999
-2.5456,5.0176,-11.908
3.0264,-0.32385,-11.978
3.6897,11.198,-11.955
8.9166,5.647,-11.958
-2.7528,0.46315,-11.326
2.4657,-5.0452,-11.383
3.1198,6.3343,-11.379
8.6811,1.0402,-11.48
5.7619,-5.8015,-8.8522
11.343,-11.255,-8.9412
11.816,0.23575,-8.9752
10.673,-4.5641,-8.6912
11.562,-7.7015,-6.1002
7.7977,-10.331,-6.1672
11.515,-8.0954,-11.375
4.7437,-8.2495,-12.027
10.812,-2.2971,-11.858
8.2912,-5.8192,-11.908
8.084,-10.374,-11.326
-11.219,11.439,-3.171
-5.8248,5.9734,-3.052
0.15799,12.041,-3.191
-10.331,10.418,2.627
-5.6141,11.598,2.801
-4.6079,10.754,-2.986
-10.715,4.7967,-2.864
-11.419,8.2764,-5.561
-4.7939,8.4921,5.385
-8.2969,5.8984,5.417
-2.4604,11.96,5.354
-8.0961,10.63,-5.593
-4.7387,8.2121,0.195
-11.663,7.9434,-0.396
-7.8104,10.513,-0.41
-8.3711,5.7916,0.185
-2.1557,11.877,0.088
-0.38184,0.60245,-3.171
5.012,-4.8635,-3.052
5.6342,6.6072,-3.072
10.995,1.2042,-3.191
-5.0749,5.0353,2.716
0.50629,-0.41861,2.627
0.97934,11.073,2.593
6.5082,5.6639,2.733
5.8492,12.282,2.856
11.434,6.7401,2.92
-0.16334,6.2727,2.877
5.2227,0.76085,2.801
0.67246,5.4058,-2.903
6.2289,-0.082731,-2.986
-5.2602,-0.62155,-2.914
0.12162,-6.0401,-2.864
-6.079,2.8093,-5.61
-0.58195,-2.5604,-5.561
-0.15415,8.8897,-5.624
5.2439,3.4818,-5.588
0.72549,3.1353,5.468
6.0429,-2.3448,5.385
6.6708,9.0708,5.347
12.193,3.6748,5.485
-3.0391,0.50629,5.401
2.5399,-4.9384,5.417
3.095,6.721,5.389
8.3764,1.1229,5.354
-2.5251,5.2347,-5.564
2.7407,-0.20648,-5.593
3.3892,11.114,-5.643
8.9392,5.8619,-5.595
0.67812,2.7415,0.193
6.0981,-2.6248,0.195
6.825,8.8544,0.258
12.146,3.3764,0.223
-6.0931,2.5873,-0.459
-0.8259,-2.8935,-0.396
-0.024749,8.5397,-0.29
5.4801,3.206,-0.431
-2.5456,5.0176,-0.34
3.0264,-0.32385,-0.41
3.6897,11.198,-0.387
8.9166,5.647,-0.39
-2.7528,0.46315,0.242
2.4657,-5.0452,0.185
3.1198,6.3343,0.189
8.6811,1.0402,0.088
10.455,-10.234,-3.171
5.7619,-5.8015,2.716
11.343,-11.255,2.627
11.816,0.23575,2.593
10.673,-4.5641,2.877
11.509,-5.431,-2.903
5.5766,-11.458,-2.914
4.7578,-8.0275,-5.61
10.683,-1.9471,-5.624
11.562,-7.7015,5.468
7.7977,-10.331,5.401
8.3117,-5.6021,-5.564
11.515,-8.0954,0.193
4.7437,-8.2495,-0.459
10.812,-2.2971,-0.29
8.2912,-5.8192,-0.34
8.084,-10.374,0.242
-11.219,11.439,8.3972
-5.8248,5.9734,8.5162
0.15799,12.041,8.3772
-4.6079,10.754,8.5822
-10.715,4.7967,8.7042
-11.419,8.2764,6.0072
-8.0961,10.63,5.9752
-4.7387,8.2121,11.763
-11.663,7.9434,11.172
-7.8104,10.513,11.158
-8.3711,5.7916,11.753
-2.1557,11.877,11.656
-0.38184,0.60245,8.3972
5.012,-4.8635,8.5162
5.6342,6.6072,8.4962
10.995,1.2042,8.3772
0.67246,5.4058,8.6652
6.2289,-0.082731,8.5822
-5.2602,-0.62155,8.6542
0.12162,-6.0401,8.7042
-6.079,2.8093,5.9582
-0.58195,-2.5604,6.0072
-0.15415,8.8897,5.9442
5.2439,3.4818,5.9802
-2.5251,5.2347,6.0042
2.7407,-0.20648,5.9752
3.3892,11.114,5.9252
8.9392,5.8619,5.9732
0.67812,2.7415,11.761
6.0981,-2.6248,11.763
6.825,8.8544,11.826
12.146,3.3764,11.791
-6.0931,2.5873,11.109
-0.8259,-2.8935,11.172
-0.024749,8.5397,11.278
5.4801,3.206,11.137
-2.5456,5.0176,11.228
3.0264,-0.32385,11.158
3.6897,11.198,11.181
8.9166,5.647,11.178
-2.7528,0.46315,11.81
2.4657,-5.0452,11.753
3.1198,6.3343,11.757
8.6811,1.0402,11.656
10.455,-10.234,8.3972
11.509,-5.431,8.6652
5.5766,-11.458,8.6542
4.7578,-8.0275,5.9582
10.683,-1.9471,5.9442
8.3117,-5.6021,6.0042
11.515,-8.0954,11.761
4.7437,-8.2495,11.109
10.812,-2.2971,11.278
8.2912,-5.8192,11.228
8.084,-10.374,11.81
12.583,11.658,-8.9412
9.0373,12.583,-6.1672
11.25,9.1829,-11.964
9.3236,12.54,-11.326
11.695,12.679,-3.171
12.583,11.658,2.627
6.8162,11.455,-2.914
12.198,6.0363,-2.864
11.494,9.516,-5.561
9.0373,12.583,5.401
11.25,9.1829,-0.396
9.3236,12.54,0.242
11.695,12.679,8.3972
6.8162,11.455,8.6542
12.198,6.0363,8.7042
11.494,9.516,6.0072
11.25,9.1829,11.172
9.3236,12.54,11.81
0,0,0
-0.33418,-5.6474,-0.151
-5.6561,-0.24678,-0.152
0.34648,5.6965,-0.12
-0.0070711,0.20082,5.7402
5.7622,0.3387,-0.22
-0.0070711,0.20082,-5.828
5.4112,-5.3971,-0.021
-5.4256,5.4398,-0.021
5.6406,0.51124,5.61
-5.7474,-0.18526,5.572
-0.29274,-5.6158,5.7002
-0.29274,-5.6158,-5.868
0.26729,5.9425,5.61
5.6406,0.51124,-5.9582
-5.7474,-0.18526,-5.9962
0.26729,5.9425,-5.9582
-5.9437,-6.0512,0.092
6.1327,6.0253,0.092
5.4313,-5.2474,-5.778
5.4313,-5.2474,5.7902
-5.4055,5.5894,-5.778
-5.4055,5.5894,5.7902
-6.1317,-5.7994,-5.734
-6.1317,-5.7994,5.8342
5.9446,6.277,-5.734
5.9446,6.277,5.8342
-0.58126,-11.404,-0.085
-11.418,-0.56684,-0.085
11.495,0.67274,-0.085
0.65832,11.51,-0.085
5.0088e-16,-5.0088e-16,-11.568
-5.0088e-16,5.0088e-16,11.568
5.1807,-11.084,-0.152
-5.0746,11.176,-0.22
11.183,-5.1404,-0.12
-11.171,5.1894,-0.151
-0.64955,-11.321,5.7272
5.7622,0.3387,11.348
-0.33418,-5.6474,11.417
-5.6561,-0.24678,11.416
-0.64955,-11.321,-5.841
0.34648,5.6965,11.448
11.427,0.75519,5.7272
-11.486,-0.48439,5.7272
11.427,0.75519,-5.841
-11.486,-0.48439,-5.841
0.59003,11.592,5.7272
0.59003,11.592,-5.841
0.34648,5.6965,-11.688
-0.33418,-5.6474,-11.719
-5.6561,-0.24678,-11.72
5.7622,0.3387,-11.788
-6.3142,-11.738,-0.22
-11.73,-6.38,-0.12
5.0895,-11.022,5.572
11.104,-4.8943,5.61
11.742,6.429,-0.151
6.4202,11.83,-0.152
11.104,-4.8943,-5.9582
5.0895,-11.022,-5.9962
-11.13,5.221,5.7002
-11.13,5.221,-5.868
-5.1962,11.348,5.61
-5.1962,11.348,-5.9582
5.4112,-5.3971,11.547
-5.4256,5.4398,11.547
5.4112,-5.3971,-11.589
-5.4256,5.4398,-11.589
-5.9437,-6.0512,-11.476
6.1327,6.0253,-11.476
-6.4358,-11.565,5.61
-5.9437,-6.0512,11.66
-11.809,-6.1339,5.61
6.1327,6.0253,11.66
-6.4358,-11.565,-5.9582
6.329,11.891,5.572
-11.809,-6.1339,-5.9582
11.784,6.4606,5.7002
11.784,6.4606,-5.868
6.329,11.891,-5.9962
-10.837,10.837,-9.3842e-16
10.837,-10.837,9.3842e-16
-0.58126,-11.404,11.483
-11.418,-0.56684,11.483
10.83,-10.636,5.7402
10.83,-10.636,-5.828
11.495,0.67274,11.483
0.65832,11.51,11.483
-0.58126,-11.404,-11.653
-11.418,-0.56684,-11.653
11.495,0.67274,-11.653
0.65832,11.51,-11.653
-10.844,11.038,5.7402
-10.844,11.038,-5.828
-5.0746,11.176,11.348
5.1807,-11.084,11.416
-11.171,5.1894,11.417
11.183,-5.1404,11.448
5.1807,-11.084,-11.72
11.183,-5.1404,-11.688
-11.171,5.1894,-11.719
-5.0746,11.176,-11.788
-12.076,-12.076,7.9602e-22
12.076,12.076,-7.9602e-22
-6.3142,-11.738,11.348
-11.73,-6.38,11.448
11.742,6.429,11.417
6.4202,11.83,11.416
-11.73,-6.38,-11.688
11.742,6.429,-11.719
-6.3142,-11.738,-11.788
6.4202,11.83,-11.72
-12.083,-11.876,5.7402
-12.083,-11.876,-5.828
12.069,12.277,5.7402
12.069,12.277,-5.828
-10.837,10.837,-11.568
10.837,-10.837,-11.568
-10.837,10.837,11.568
10.837,-10.837,11.568
-12.076,-12.076,-11.568
-12.076,-12.076,11.568
12.076,12.076,-11.568
12.076,12.076,11.568
