-9.3038,-9.7182,-8.9152
-9.3038,-9.7182,2.653
-8.4489,7.6598,-8.7982
-8.7123,1.8788,-8.8622
-3.3482,-3.252,-8.7002
-2.6884,7.8828,-8.7902
2.7726,2.3582,-8.9152
-9.268,-3.812,-8.8742
-3.713,-9.1606,-8.8082
-3.2951,2.4522,-8.7142
2.3879,-3.177,-8.7982
2.1246,-8.9581,-8.8622
8.1484,-2.954,-8.7902
7.5417,-8.3846,-8.7142
-7.4314,8.6109,-3.118
-8.4489,7.6598,2.77
-8.7123,1.8788,2.706
-3.3482,-3.252,2.868
-2.6884,7.8828,2.778
2.7726,2.3582,2.653
-8.3276,-8.4549,-3.152
-2.4027,-2.4749,-2.832
-7.8362,2.8892,-2.931
-8.0356,-2.8907,-3.085
-2.5597,-8.2194,-3.032
-1.9445,3.1014,-2.953
3.4054,-2.226,-3.118
-9.268,-3.812,2.694
-3.713,-9.1606,2.76
-3.2951,2.4522,2.854
2.3879,-3.177,2.77
2.1246,-8.9581,2.706
8.1484,-2.954,2.778
3.0007,-7.9476,-2.931
8.8923,-7.7355,-2.953
7.5417,-8.3846,2.854
-7.4314,8.6109,8.4502
-8.3276,-8.4549,8.4162
-2.4027,-2.4749,8.7362
-7.8362,2.8892,8.6372
-8.0356,-2.8907,8.4832
-2.5597,-8.2194,8.5362
-1.9445,3.1014,8.6152
3.4054,-2.226,8.4502
3.0007,-7.9476,8.6372
8.8923,-7.7355,8.6152
8.7282,8.8244,-8.7002
2.8083,8.2644,-8.8742
8.3634,2.9158,-8.8082
-1.8908,8.9062,-2.895
8.7282,8.8244,2.868
3.7488,3.6215,-3.152
8.946,-1.9307,-2.895
9.6736,9.6015,-2.832
4.0408,9.1858,-3.085
9.5167,3.857,-3.032
2.8083,8.2644,2.694
8.3634,2.9158,2.76
-1.8908,8.9062,8.6732
3.7488,3.6215,8.4162
8.946,-1.9307,8.6732
9.6736,9.6015,8.7362
4.0408,9.1858,8.4832
9.5167,3.857,8.5362
-9.1525,-9.6829,-2.92
-9.1525,-9.6829,8.6482
-8.065,3.2312,-8.7922
-7.3183,8.6363,-8.9252
-8.3757,-8.5496,-8.9442
-2.5039,-2.0259,-8.5912
2.7719,-7.6056,-8.7922
-7.9302,-3.1502,-8.8942
-2.4042,-8.4429,-8.8792
-1.8441,2.8044,-8.6752
3.5186,-2.2005,-8.9252
8.9927,-8.0325,-8.6752
-8.065,3.2312,2.776
-7.3183,8.6363,2.643
-8.8704,8.2764,-2.963
-8.5143,1.5776,-2.698
-3.2506,-3.6536,-3.189
-2.6623,7.6233,-2.934
2.9239,2.3936,-2.92
-8.3757,-8.5496,2.624
-2.5039,-2.0259,2.977
2.7719,-7.6056,2.776
-7.9302,-3.1502,2.674
-2.4042,-8.4429,2.689
-1.8441,2.8044,2.893
3.5186,-2.2005,2.643
-9.3253,-3.6487,-3.067
-3.8919,-8.8982,-3.059
-3.2746,2.4162,-2.969
1.9665,-2.5604,-2.963
2.3225,-9.2593,-2.698
8.1746,-3.2135,-2.934
8.9927,-8.0325,2.893
7.5622,-8.4207,-2.969
-8.8704,8.2764,8.6052
-8.5143,1.5776,8.8702
-3.2506,-3.6536,8.3792
-2.6623,7.6233,8.6342
2.9239,2.3936,8.6482
-9.3253,-3.6487,8.5012
-3.8919,-8.8982,8.5092
-3.2746,2.4162,8.5992
1.9665,-2.5604,8.6052
2.3225,-9.2593,8.8702
8.1746,-3.2135,8.6342
7.5622,-8.4207,8.5992
-1.9558,9.1819,-8.6852
3.7007,3.5268,-8.9442
8.881,-1.6549,-8.6852
9.5725,10.051,-8.5912
4.1462,8.9263,-8.8942
9.6722,3.6336,-8.8792
-1.9558,9.1819,2.883
8.8258,8.4228,-3.189
3.7007,3.5268,2.624
8.881,-1.6549,2.883
9.5725,10.051,2.977
4.1462,8.9263,2.674
9.6722,3.6336,2.689
2.7511,8.4277,-3.067
8.1845,3.1782,-3.059
8.8258,8.4228,8.3792
2.7511,8.4277,8.5012
8.1845,3.1782,8.5092
-11.518,-12.479,-8.6392
-11.105,-9.3498,-6.3062
-11.363,-9.3463,-11.365
-9.0669,-12.421,-11.976
-12.479,-11.707,-2.834
-11.518,-12.479,2.929
-11.323,-6.8742,-2.837
-11.105,-9.3498,5.262
-9.0153,-12.402,-5.634
-11.363,-9.3463,0.203
-9.0669,-12.421,-0.408
-12.479,-11.707,8.7342
-11.323,-6.8742,8.7312
-9.0153,-12.402,5.9342
-11.363,-9.3463,11.771
-9.0669,-12.421,11.16
-10.279,10.434,-8.6392
-11.439,5.7174,-8.7472
-10.657,2.1133,-6.0022
-4.4255,8.3683,-6.0762
-7.8839,5.9083,-6.0742
-10.722,2.0701,-11.542
-4.5782,8.4617,-11.31
-11.526,7.9101,-11.85
-7.8274,10.492,-11.976
-8.1017,5.9437,-11.528
-10.899,-1.0691,-8.8082
-5.2595,-6.3003,-8.6302
-5.0388,5.0841,-8.7242
0.55791,-0.40234,-8.6392
-11.862,-6.0168,-8.6962
-6.4934,-11.416,-8.9692
-6.079,-0.017678,-8.8702
-0.60245,-5.1195,-8.7472
-5.3931,-3.0229,-6.4102
0.18031,-8.7236,-6.0022
0.97156,2.7266,-6.3062
6.4113,-2.4685,-6.0762
-8.7073,-5.4999,-6.2162
-3.445,-11.14,-6.1812
-2.7959,0.38891,-6.2362
2.9529,-4.9285,-6.0742
-5.176,-3.042,-11.45
0.11455,-8.7667,-11.542
0.71347,2.7301,-11.365
6.2586,-2.3752,-11.31
-12.014,-3.5306,-11.902
-6.4743,-8.5673,-12.027
-5.8563,2.8369,-11.933
-0.68943,-2.9267,-11.85
-8.3665,-1.1498,-11.937
-2.9635,-6.2515,-12.095
-2.3596,5.1796,-12.085
3.0094,-0.34507,-11.976
-8.7222,-5.857,-11.584
-3.2725,-10.898,-11.433
-2.8065,0.51265,-11.351
2.7351,-4.8932,-11.528
-0.062528,-11.906,-8.8082
5.798,-5.7527,-8.7242
11.395,-11.239,-8.6392
4.7578,-10.855,-8.8702
11.808,-8.1102,-6.3062
8.0409,-10.448,-6.2362
11.55,-8.1067,-11.365
4.9806,-7.9999,-11.933
2.4703,-11.987,-11.937
8.4772,-5.6573,-12.085
8.0303,-10.324,-11.351
-11.765,-0.16079,-3.126
-11.24,11.206,-2.834
-5.764,5.9804,-2.999
-10.279,10.434,2.929
-11.439,5.7174,2.821
-10.532,4.8215,-2.901
-11.359,7.8578,-5.494
-10.657,2.1133,5.566
-4.4255,8.3683,5.492
-7.8839,5.9083,5.494
-7.7758,10.511,-5.634
-10.722,2.0701,0.026
-4.5782,8.4617,0.258
-11.526,7.9101,-0.282
-7.8274,10.492,-0.408
-8.1017,5.9437,0.04
-6.1921,-5.6392,-2.984
-0.92843,-10.998,-3.126
-0.40305,0.36911,-2.834
5.0728,-4.8564,-2.999
-10.899,-1.0691,2.76
-5.2595,-6.3003,2.938
-5.0388,5.0841,2.844
0.55791,-0.40234,2.929
-11.862,-6.0168,2.872
-6.4934,-11.416,2.599
-6.079,-0.017678,2.698
-0.60245,-5.1195,2.821
-5.2679,-0.89237,-3.067
0.30476,-6.0154,-2.901
0.75307,5.2022,-2.837
-5.8053,-12.13,-3.178
-12.227,-3.5751,-5.518
-6.3491,-8.725,-5.571
-5.9503,2.6623,-5.484
-0.52255,-2.979,-5.494
-5.3931,-3.0229,5.158
0.18031,-8.7236,5.566
0.97156,2.7266,5.262
6.4113,-2.4685,5.492
-8.7073,-5.4999,5.352
-3.445,-11.14,5.387
-2.7959,0.38891,5.332
2.9529,-4.9285,5.494
-8.4089,-1.0366,-5.635
-2.8468,-6.5011,-5.717
-2.2465,4.9646,-5.621
3.0611,-0.32598,-5.634
-5.176,-3.042,0.118
0.11455,-8.7667,0.026
0.71347,2.7301,0.203
6.2586,-2.3752,0.258
-12.014,-3.5306,-0.334
-6.4743,-8.5673,-0.459
-5.8563,2.8369,-0.365
-0.68943,-2.9267,-0.282
-8.3665,-1.1498,-0.369
-2.9635,-6.2515,-0.527
-2.3596,5.1796,-0.517
3.0094,-0.34507,-0.408
-8.7222,-5.857,-0.016
-3.2725,-10.898,0.135
-2.8065,0.51265,0.217
2.7351,-4.8932,0.04
10.434,-10.468,-2.834
-0.062528,-11.906,2.76
5.798,-5.7527,2.844
11.395,-11.239,2.929
4.7578,-10.855,2.698
5.5689,-11.729,-3.067
11.59,-5.6347,-2.837
4.8865,-8.1746,-5.484
11.808,-8.1102,5.262
8.0409,-10.448,5.332
2.4279,-11.873,-5.635
8.5903,-5.8722,-5.621
11.55,-8.1067,0.203
4.9806,-7.9999,-0.365
2.4703,-11.987,-0.369
8.4772,-5.6573,-0.517
8.0303,-10.324,0.217
-11.765,-0.16079,8.4422
-11.24,11.206,8.7342
-5.764,5.9804,8.5692
-10.532,4.8215,8.6672
-11.359,7.8578,6.0742
-7.7758,10.511,5.9342
-10.722,2.0701,11.594
-4.5782,8.4617,11.826
-11.526,7.9101,11.286
-7.8274,10.492,11.16
-8.1017,5.9437,11.608
-6.1921,-5.6392,8.5842
-0.92843,-10.998,8.4422
-0.40305,0.36911,8.7342
5.0728,-4.8564,8.5692
-5.2679,-0.89237,8.5012
0.30476,-6.0154,8.6672
0.75307,5.2022,8.7312
-5.8053,-12.13,8.3902
-12.227,-3.5751,6.0502
-6.3491,-8.725,5.9972
-5.9503,2.6623,6.0842
-0.52255,-2.979,6.0742
-8.4089,-1.0366,5.9332
-2.8468,-6.5011,5.8512
-2.2465,4.9646,5.9472
3.0611,-0.32598,5.9342
-5.176,-3.042,11.686
0.11455,-8.7667,11.594
0.71347,2.7301,11.771
6.2586,-2.3752,11.826
-12.014,-3.5306,11.234
-6.4743,-8.5673,11.109
-5.8563,2.8369,11.203
-0.68943,-2.9267,11.286
-8.3665,-1.1498,11.199
-2.9635,-6.2515,11.041
-2.3596,5.1796,11.051
3.0094,-0.34507,11.16
-8.7222,-5.857,11.552
-3.2725,-10.898,11.703
-2.8065,0.51265,11.785
2.7351,-4.8932,11.608
10.434,-10.468,8.7342
5.5689,-11.729,8.5012
11.59,-5.6347,8.7312
4.8865,-8.1746,6.0842
2.4279,-11.873,5.9332
8.5903,-5.8722,5.9472
11.55,-8.1067,11.771
4.9806,-7.9999,11.203
2.4703,-11.987,11.199
8.4772,-5.6573,11.051
8.0303,-10.324,11.785
-5.2538,11.497,-8.9692
-2.2054,11.773,-6.1812
-2.0329,12.015,-11.433
1.1771,11.007,-8.8082
6.8169,5.7761,-8.6302
12.634,11.674,-8.6392
0.21468,6.0596,-8.6962
5.583,0.66017,-8.9692
5.9974,12.059,-8.8702
11.474,6.957,-8.7472
6.6833,9.0535,-6.4102
12.257,3.3528,-6.0022
3.3691,6.5765,-6.2162
8.6314,0.93665,-6.1812
9.2805,12.465,-6.2362
6.9004,9.0344,-11.45
12.191,3.3097,-11.542
0.061944,8.5458,-11.902
5.6021,3.5091,-12.027
11.387,9.1497,-11.85
3.7099,10.927,-11.937
9.1129,5.8249,-12.095
3.3542,6.2194,-11.584
8.8039,1.1785,-11.433
9.2699,12.589,-11.351
12.014,0.17043,-8.8082
11.051,-4.7772,-8.6962
10.899,-2.291,-11.902
0.31115,11.916,-3.126
-5.2538,11.497,2.599
-4.5658,10.784,-3.178
-2.2054,11.773,5.387
-2.0329,12.015,0.135
5.8843,6.4372,-2.984
11.148,1.0788,-3.126
11.673,12.446,-2.834
1.1771,11.007,2.76
6.8169,5.7761,2.938
12.634,11.674,2.929
0.21468,6.0596,2.872
5.583,0.66017,2.599
5.9974,12.059,2.698
11.474,6.957,2.821
6.8084,11.184,-3.067
12.381,6.0611,-2.901
6.271,-0.053296,-3.178
-0.1509,8.5013,-5.518
5.7273,3.3514,-5.571
11.554,9.0974,-5.494
6.6833,9.0535,5.158
12.257,3.3528,5.566
3.3691,6.5765,5.352
8.6314,0.93665,5.387
9.2805,12.465,5.332
3.6675,11.04,-5.635
9.2296,5.5753,-5.717
6.9004,9.0344,0.118
12.191,3.3097,0.026
0.061944,8.5458,-0.334
5.6021,3.5091,-0.459
11.387,9.1497,-0.282
3.7099,10.927,-0.369
9.1129,5.8249,-0.527
3.3542,6.2194,-0.016
8.8039,1.1785,0.135
9.2699,12.589,0.217
12.014,0.17043,2.76
11.051,-4.7772,2.872
10.686,-2.3356,-5.518
10.899,-2.291,-0.334
0.31115,11.916,8.4422
-4.5658,10.784,8.3902
-2.0329,12.015,11.703
5.8843,6.4372,8.5842
11.148,1.0788,8.4422
11.673,12.446,8.7342
6.8084,11.184,8.5012
12.381,6.0611,8.6672
6.271,-0.053296,8.3902
-0.1509,8.5013,6.0502
5.7273,3.3514,5.9972
11.554,9.0974,6.0742
3.6675,11.04,5.9332
9.2296,5.5753,5.8512
6.9004,9.0344,11.686
12.191,3.3097,11.594
0.061944,8.5458,11.234
5.6021,3.5091,11.109
11.387,9.1497,11.286
3.7099,10.927,11.199
9.1129,5.8249,11.041
3.3542,6.2194,11.552
8.8039,1.1785,11.703
9.2699,12.589,11.785
10.686,-2.3356,6.0502
10.899,-2.291,11.234
0,0,0
-5.6498,-0.31113,-0.17
-0.21284,-5.7085,0.103
0.39386,5.7226,-0.216
0.24749,0.050912,5.7512
5.7827,0.39174,-0.115
0.24749,0.050912,-5.817
5.4893,-5.287,-0.05
-5.3475,5.5498,-0.05
-5.6406,-0.25102,5.598
0.42851,5.6554,5.623
-0.093338,-5.7078,-5.643
0.42851,5.6554,-5.9452
-5.6406,-0.25102,-5.9702
-0.093338,-5.7078,5.9252
5.9861,0.4042,5.7392
-5.9941,-5.8046,-0.115
5.9861,0.4042,-5.829
6.0823,6.2718,-0.115
-5.2379,5.5477,-5.772
-5.2379,5.5477,5.7962
5.5989,-5.2892,-5.772
5.5989,-5.2892,5.7962
-5.8669,-5.9461,5.671
-5.8669,-5.9461,-5.8972
6.2095,6.1304,5.671
6.2095,6.1304,-5.8972
-11.366,-0.67175,-0.02
0.71036,11.405,-0.02
-0.52922,-11.509,-0.02
11.547,0.56782,-0.02
5.0088e-16,-5.0088e-16,-11.568
-5.0088e-16,5.0088e-16,11.568
-11.05,5.1284,0.103
5.187,-11.148,-0.17
-5.0541,11.229,-0.115
11.231,-5.1142,-0.216
-11.263,-0.65054,5.7352
-11.263,-0.65054,-5.833
0.39386,5.7226,11.352
-5.6498,-0.31113,11.398
-0.21284,-5.7085,-11.465
0.8136,11.426,5.7352
5.7827,0.39174,11.453
-0.42598,-11.487,5.7352
0.8136,11.426,-5.833
-0.42598,-11.487,-5.833
-0.21284,-5.7085,11.671
11.65,0.58904,5.7352
-5.6498,-0.31113,-11.738
5.7827,0.39174,-11.683
11.65,0.58904,-5.833
0.39386,5.7226,-11.784
-6.2937,-11.685,-0.115
-11.683,-6.3538,-0.216
-10.93,5.1291,-5.643
6.4266,11.765,-0.17
-10.93,5.1291,5.9252
5.1962,-11.088,5.598
11.864,6.3679,0.103
-4.8507,11.241,5.7392
-4.8507,11.241,-5.829
11.265,-5.1814,5.623
5.1962,-11.088,-5.9702
11.265,-5.1814,-5.9452
5.4893,-5.287,11.518
-5.3475,5.5498,11.518
5.4893,-5.287,-11.618
-5.3475,5.5498,-11.618
-5.9941,-5.8046,11.453
-5.9941,-5.8046,-11.683
-6.0903,-11.672,5.7392
-6.0903,-11.672,-5.829
6.0823,6.2718,11.453
-11.648,-6.421,5.623
-11.648,-6.421,-5.9452
6.4358,11.825,5.598
6.0823,6.2718,-11.683
11.983,6.3686,-5.643
6.4358,11.825,-5.9702
11.983,6.3686,5.9252
-10.837,10.837,-9.3842e-16
10.837,-10.837,9.3842e-16
-11.366,-0.67175,11.548
-10.589,10.888,5.7512
-11.366,-0.67175,-11.588
0.71036,11.405,11.548
-10.589,10.888,-5.817
0.71036,11.405,-11.588
-0.52922,-11.509,11.548
-0.52922,-11.509,-11.588
11.547,0.56782,11.548
11.547,0.56782,-11.588
11.084,-10.786,5.7512
11.084,-10.786,-5.817
-11.05,5.1284,-11.465
5.187,-11.148,11.398
11.231,-5.1142,11.352
-5.0541,11.229,11.453
-11.05,5.1284,11.671
-5.0541,11.229,-11.683
5.187,-11.148,-11.738
11.231,-5.1142,-11.784
-12.076,-12.076,7.9602e-22
12.076,12.076,-7.9602e-22
-11.683,-6.3538,11.352
-6.2937,-11.685,11.453
6.4266,11.765,11.398
-6.2937,-11.685,-11.683
11.864,6.3679,-11.465
-11.683,-6.3538,-11.784
6.4266,11.765,-11.738
11.864,6.3679,11.671
-11.829,-12.026,5.7512
-11.829,-12.026,-5.817
12.324,12.127,5.7512
12.324,12.127,-5.817
-10.837,10.837,-11.568
10.837,-10.837,-11.568
-10.837,10.837,11.568
10.837,-10.837,11.568
-12.076,-12.076,-11.568
-12.076,-12.076,11.568
12.076,12.076,-11.568
12.076,12.076,11.568
