-9.8075,-3.9442,-9.2018
-3.9456,-9.6039,-9.0308
-10.141,-9.792,-8.8838
-9.8075,-3.9442,2.901
-3.9456,-9.6039,3.072
-9.2482,-9.1139,-2.721
-10.141,-9.792,3.219
-9.2482,-9.1139,9.3818
-9.0055,8.2234,-8.8078
-9.5075,2.1027,-8.8608
-3.1591,8.3564,-9.0168
-3.4521,2.3872,-8.9548
2.4042,-3.1862,-8.8078
2.6898,8.5532,-9.2018
8.5517,2.8935,-9.0308
-3.6968,-3.438,-8.6218
1.9021,-9.3069,-8.8608
2.3561,2.7054,-8.8838
8.2505,-3.0533,-9.0168
7.9575,-9.0225,-8.9548
-9.0055,8.2234,3.295
-8.9418,-2.8329,-2.898
-8.3266,8.8415,-2.968
-2.8119,3.3479,-2.848
-8.7049,3.017,-2.768
-2.102,9.2056,-2.598
-9.5075,2.1027,3.242
-3.1591,8.3564,3.086
-3.4521,2.3872,3.148
2.4042,-3.1862,3.295
2.6898,8.5532,2.901
8.5517,2.8935,3.072
-3.4146,-8.3262,-3.166
3.083,-2.5682,-2.968
8.5977,-8.0617,-2.848
-2.7605,-2.7407,-2.72
2.7047,-8.3927,-2.768
3.2492,3.3835,-2.721
9.3076,-2.2041,-2.598
-3.6968,-3.438,3.481
1.9021,-9.3069,3.242
2.3561,2.7054,3.219
8.2505,-3.0533,3.086
7.9575,-9.0225,3.148
-8.9418,-2.8329,9.2048
-8.3266,8.8415,9.1348
-2.8119,3.3479,9.2548
-8.7049,3.017,9.3348
-2.102,9.2056,9.5048
-3.4146,-8.3262,8.9368
3.083,-2.5682,9.1348
8.5977,-8.0617,9.2548
-2.7605,-2.7407,9.3828
2.7047,-8.3927,9.3348
3.2492,3.3835,9.3818
9.3076,-2.2041,9.5048
8.8006,9.0594,-8.6218
3.5555,9.6645,-2.898
9.0827,4.1712,-3.166
9.7368,9.7566,-2.72
8.8006,9.0594,3.481
3.5555,9.6645,9.2048
9.0827,4.1712,8.9368
9.7368,9.7566,9.3828
-8.7893,-9.1627,-8.8158
-9.6222,-4.1493,-2.722
-3.8155,-9.6916,-2.691
-8.7893,-9.1627,3.287
-10.598,-9.7397,-2.834
-9.6222,-4.1493,9.3808
-3.8155,-9.6916,9.4118
-10.598,-9.7397,9.2688
-9.1575,-2.6045,-9.2388
-8.5734,9.6553,-8.7698
-2.7624,3.6845,-8.6868
-8.1385,2.6981,-8.7788
-1.8722,9.0833,-8.8188
-3.4528,-8.2003,-8.8978
2.8362,-1.7543,-8.7698
8.6472,-7.7251,-8.6868
-2.2755,-2.9684,-8.5928
3.2711,-8.7116,-8.7788
3.7081,3.3347,-8.8158
9.5375,-2.3264,-8.8188
-8.9934,7.5142,-2.788
-9.1575,-2.6045,2.864
-8.5734,9.6553,3.333
-2.7624,3.6845,3.416
-8.1385,2.6981,3.324
-1.8722,9.0833,3.284
-10.104,2.5178,-2.622
-3.4419,8.601,-2.879
-3.2103,1.9078,-2.957
2.4162,-3.8955,-2.788
2.8751,8.3481,-2.722
8.6819,2.8058,-2.691
-3.4528,-8.2003,3.205
2.8362,-1.7543,3.333
8.6472,-7.7251,3.416
-2.2755,-2.9684,3.51
3.2711,-8.7116,3.324
3.7081,3.3347,3.287
9.5375,-2.3264,3.284
-4.039,-3.5115,-2.74
1.306,-8.8919,-2.622
1.8993,2.7577,-2.834
7.9677,-2.8086,-2.879
8.1994,-9.5019,-2.957
-8.9934,7.5142,9.3148
-10.104,2.5178,9.4808
-3.4419,8.601,9.2238
-3.2103,1.9078,9.1458
2.4162,-3.8955,9.3148
2.8751,8.3481,9.3808
8.6819,2.8058,9.4118
-4.039,-3.5115,9.3628
1.306,-8.8919,9.4808
1.8993,2.7577,9.2688
7.9677,-2.8086,9.2238
8.1994,-9.5019,9.1458
3.3398,9.8929,-9.2388
9.0445,4.2971,-8.8978
10.222,9.5289,-8.5928
3.3398,9.8929,2.864
9.0445,4.2971,3.205
10.222,9.5289,3.51
8.4583,8.9859,-2.74
8.4583,8.9859,9.3628
-12.589,-0.10059,-8.9558
-11.451,-3.5958,-6.2968
-11.819,-3.6128,-11.804
-11.526,-6.7917,-8.7798
-5.8873,-12.591,-8.7098
-1.1794,-11.51,-8.9558
-13.177,-11.945,-8.6078
-5.9927,-9.3005,-6.2468
-9.8414,-11.679,-6.0488
-6.0245,-9.1273,-11.575
-13.261,-9.635,-12.055
-9.5409,-7.0661,-12.227
-3.684,-12.705,-12.184
-9.6958,-11.867,-11.495
-12.885,-6.1923,-2.861
-12.589,-0.10059,3.147
-11.684,-1.092,-2.941
-11.451,-3.5958,5.806
-11.819,-3.6128,0.299
-7.2838,-11.898,-2.681
-11.526,-6.7917,3.323
-5.8873,-12.591,3.393
-1.1794,-11.51,3.147
-13.177,-11.945,3.495
-12.333,-13.468,-2.692
-6.3667,-6.849,-2.811
-0.27429,-12.502,-2.941
-13.204,-9.5466,-5.329
-5.9927,-9.3006,5.856
-9.8414,-11.679,6.054
-9.3302,-7.076,-5.454
-3.6295,-12.611,-5.312
-6.0245,-9.1273,0.528
-13.261,-9.635,0.048
-9.5409,-7.0661,-0.124
-3.684,-12.705,-0.081
-9.6958,-11.867,0.608
-12.885,-6.1923,9.2418
-11.684,-1.092,9.1618
-11.819,-3.6128,12.402
-7.2838,-11.898,9.4218
-12.333,-13.468,9.4108
-6.3667,-6.849,9.2918
-0.27429,-12.502,9.1618
-13.204,-9.5466,6.7738
-9.3302,-7.076,6.6488
-3.6295,-12.611,6.7908
-6.0245,-9.1273,12.631
-13.261,-9.635,12.151
-9.5409,-7.0661,11.979
-3.684,-12.705,12.022
-9.6958,-11.867,12.711
-11.206,5.1263,-8.7108
-4.7996,11.316,-8.7098
-0.091669,12.397,-8.9558
-12.089,11.962,-8.6078
-6.0922,6.4741,-8.8278
-10.978,8.4815,-6.1108
-5.2769,2.522,-6.0028
1.0461,8.9016,-6.2968
-9.2133,-0.052532,-6.4108
-8.7537,12.228,-6.0488
-2.8487,6.4295,-6.2618
-11.04,8.3231,-11.461
-5.453,2.5652,-11.689
0.67837,8.8846,-11.804
-12.773,2.5708,-12.197
-6.3524,8.5897,-12.261
-8.9687,4.992,-12.072
-2.5962,11.202,-12.184
-9.2607,0.35971,-11.644
-8.6081,12.04,-11.495
-2.976,6.3885,-11.701
-5.4214,-0.52821,-8.8958
0.20365,-6.2834,-8.7108
0.97086,5.7056,-8.7798
6.61,-0.093337,-8.7098
-6.895,-5.6462,-8.9408
11.318,0.98712,-8.9558
-0.67953,0.55225,-8.6078
5.3174,-4.9356,-8.8278
0.43204,-2.9281,-6.1108
6.1327,-8.8876,-6.0028
6.5047,3.1968,-6.2468
12.456,-2.5081,-6.2968
-3.3771,-5.4263,-5.9498
2.1963,-11.462,-6.4108
2.6559,0.81883,-6.0488
8.5609,-4.9802,-6.2618
0.36982,-3.0865,-11.461
5.9567,-8.8445,-11.689
6.4729,3.3701,-11.575
12.088,-2.5251,-11.804
-7.0958,-3.2096,-12.264
-1.3633,-8.8388,-12.197
-0.76368,2.8624,-12.055
5.0572,-2.8199,-12.261
-3.1502,-0.71488,-12.274
2.4409,-6.4177,-12.072
2.9564,5.4313,-12.227
8.8134,-0.20789,-12.184
-3.5674,-5.28,-11.378
2.1489,-11.05,-11.644
2.8016,0.63074,-11.495
8.4337,-5.0212,-11.701
5.9882,-11.938,-8.8958
12.38,-5.704,-8.7798
10.73,-10.857,-8.6078
10.646,-8.5473,-12.055
8.2595,-12.125,-12.274
-12.483,5.6948,-2.64
-7.0178,0.13061,-2.881
-6.1961,12.009,-2.681
-0.38795,6.3051,-2.861
-11.206,5.1263,3.392
-4.7996,11.316,3.393
-0.091669,12.397,3.147
-12.089,11.962,3.495
-6.0922,6.4741,3.275
-11.245,10.439,-2.692
-5.5173,5.4537,-2.886
0.81343,11.405,-2.941
-12.499,2.445,-5.721
-6.3835,8.7637,-5.672
-10.978,8.4815,5.992
-5.2769,2.522,6.1
1.0461,8.9016,5.806
-9.2133,-0.052533,5.692
-8.7537,12.228,6.054
-2.8487,6.4295,5.841
-8.8096,4.8569,-5.562
-2.5418,11.296,-5.312
-11.04,8.3231,0.642
-5.453,2.5652,0.414
0.67837,8.8846,0.299
-12.773,2.5708,-0.094001
-6.3524,8.5897,-0.158
-8.9687,4.992,0.030999
-2.5962,11.202,-0.081001
-9.2607,0.35971,0.459
-8.6081,12.04,0.608
-2.976,6.3885,0.402
-1.0734,-5.7148,-2.64
4.3918,-11.279,-2.881
5.2135,0.59892,-2.681
11.022,-5.1046,-2.861
-5.4214,-0.52821,3.207
0.20365,-6.2834,3.392
0.97086,5.7056,3.323
6.61,-0.093338,3.393
-6.895,-5.6462,3.162
11.318,0.98712,3.147
-0.67953,0.55225,3.495
5.3174,-4.9356,3.275
0.16476,-0.97086,-2.692
5.8923,-5.956,-2.886
6.1306,5.6484,-2.811
12.223,-0.0042426,-2.941
-6.7918,-3.293,-5.507
-1.0889,-8.9647,-5.721
-0.7064,2.9508,-5.329
5.0261,-2.646,-5.672
0.43204,-2.9281,5.992
6.1327,-8.8876,6.1
6.5047,3.1968,5.856
12.456,-2.5081,5.806
-3.3771,-5.4263,6.153
2.1963,-11.462,5.692
2.6559,0.81883,6.054
8.5609,-4.9802,5.841
-3.2506,-0.95389,-5.495
2.6,-6.5528,-5.562
3.1671,5.4214,-5.454
8.8678,-0.11384,-5.312
0.36982,-3.0865,0.642
5.9567,-8.8445,0.414
6.4729,3.3701,0.528
12.088,-2.5251,0.299
-7.0958,-3.2096,-0.161
-1.3633,-8.8388,-0.094
-0.76368,2.8624,0.048
5.0572,-2.8199,-0.158
-3.1502,-0.71488,-0.171
2.4409,-6.4177,0.031
2.9564,5.4313,-0.124
8.8134,-0.20789,-0.081
-3.5674,-5.28,0.725
2.1489,-11.05,0.459
2.8016,0.63074,0.608
8.4337,-5.0212,0.402
5.9882,-11.938,3.207
12.38,-5.704,3.323
10.73,-10.857,3.495
11.574,-12.381,-2.692
10.703,-8.4589,-5.329
8.159,-12.364,-5.495
10.646,-8.5473,0.048001
8.2595,-12.125,-0.171
-12.483,5.6948,9.4628
-7.0178,0.13061,9.2218
-6.1961,12.009,9.4218
-0.38795,6.3051,9.2418
-11.245,10.439,9.4108
-5.5173,5.4537,9.2168
0.81343,11.405,9.1618
-12.499,2.445,6.3818
-6.3835,8.7637,6.4308
-8.8096,4.8569,6.5408
-2.5418,11.296,6.7908
-11.04,8.3231,12.745
-5.453,2.5652,12.517
0.67837,8.8846,12.402
-12.773,2.5708,12.009
-6.3524,8.5897,11.945
-8.9687,4.992,12.134
-2.5962,11.202,12.022
-9.2607,0.35971,12.562
-8.6081,12.04,12.711
-2.976,6.3885,12.505
-1.0734,-5.7148,9.4628
4.3918,-11.279,9.2218
5.2135,0.59892,9.4218
11.022,-5.1046,9.2418
0.16476,-0.97086,9.4108
5.8923,-5.956,9.2168
6.1306,5.6484,9.2918
12.223,-0.0042433,9.1618
-6.7918,-3.293,6.5958
-1.0889,-8.9647,6.3818
-0.7064,2.9508,6.7738
5.0261,-2.646,6.4308
-3.2506,-0.95389,6.6078
2.6,-6.5528,6.5408
3.1671,5.4214,6.6488
8.8678,-0.11384,6.7908
0.36982,-3.0865,12.745
5.9567,-8.8445,12.517
6.4729,3.3701,12.631
12.088,-2.5251,12.402
-7.0958,-3.2096,11.942
-1.3633,-8.8388,12.009
-0.76367,2.8624,12.151
5.0572,-2.8199,11.945
-3.1502,-0.71489,11.932
2.4409,-6.4177,12.134
2.9564,5.4313,11.979
8.8134,-0.20789,12.022
-3.5674,-5.28,12.828
2.1489,-11.05,12.562
2.8016,0.63074,12.711
8.4337,-5.0212,12.505
11.574,-12.381,9.4108
10.703,-8.4589,6.7738
8.1591,-12.364,6.6078
10.646,-8.5473,12.151
8.2595,-12.125,11.932
3.284,12.445,-6.4108
3.2366,12.857,-11.644
7.0759,11.969,-8.8958
12.701,6.214,-8.7108
5.6023,6.8511,-8.9408
11.818,13.05,-8.6078
12.929,9.5693,-6.1108
9.1202,7.071,-5.9498
12.867,9.4109,-11.461
5.4015,9.2878,-12.264
11.134,3.6585,-12.197
9.3472,11.782,-12.274
8.93,7.2174,-11.378
5.4796,12.628,-2.881
3.284,12.445,5.692
3.2366,12.857,0.459
11.424,6.7825,-2.64
7.0759,11.969,3.207
12.701,6.214,3.392
5.6023,6.8511,3.162
11.818,13.05,3.495
12.662,11.527,-2.692
5.7056,9.2044,-5.507
11.408,3.5327,-5.721
12.929,9.5693,5.992
9.1202,7.071,6.153
9.2468,11.543,-5.495
12.867,9.4109,0.642
5.4015,9.2878,-0.161
11.134,3.6585,-0.094
9.3472,11.782,-0.171
8.93,7.2174,0.725
5.4796,12.628,9.2218
3.2366,12.857,12.562
11.424,6.7825,9.4628
12.662,11.527,9.4108
5.7056,9.2044,6.5958
11.408,3.5327,6.3818
9.2468,11.543,6.6078
12.867,9.4109,12.745
5.4015,9.2878,11.942
11.134,3.6585,12.009
9.3472,11.782,11.932
8.93,7.2174,12.828
0,0,0
5.8039,0.43134,0.059
-0.31042,0.082732,-5.8648
-0.4971,-5.8655,0.202
0.10182,5.9553,-0.021
-6.1151,-0.33517,0.255
-0.31042,0.082731,6.238
5.4631,-5.8237,0.348
-5.9465,5.5859,0.348
-0.44831,-5.927,-5.8918
-6.1688,-0.30971,-5.737
0.15415,6.0302,-5.9498
6.0451,0.25102,-5.9938
-0.44831,-5.927,6.211
6.0451,0.25102,6.109
0.15415,6.0302,6.153
-6.3321,-6.0832,0.46
-6.1688,-0.30971,6.3658
6.1652,6.4141,0.46
5.4942,-5.7389,-5.9008
5.4942,-5.7389,6.202
-5.9154,5.6708,-5.9008
-5.9154,5.6708,6.202
6.0238,6.236,-5.606
-6.4735,-6.2614,-5.606
6.0238,6.236,6.4968
-6.4735,-6.2614,6.4968
-0.67953,-11.665,0.104
11.818,0.83224,0.104
-12.089,-0.25547,0.104
-7.0711e-07,7.0711e-07,-12.103
7.0711e-07,-7.0711e-07,12.103
0.40819,12.242,0.104
11.511,-5.4544,-0.020999
5.2946,-11.745,0.255
-5.6057,11.841,0.058999
-11.907,5.5442,0.202
11.847,0.50909,-5.816
0.43718,11.919,-5.816
-0.4971,-5.8655,-11.901
-6.1151,-0.33517,-11.848
-0.65054,-11.988,-5.816
5.8039,0.43134,-12.044
-12.06,-0.57862,-5.816
11.847,0.50909,6.2868
0.10182,5.9553,12.082
0.43718,11.919,6.2868
5.8039,0.43133,12.162
0.10182,5.9553,-12.124
-0.65054,-11.988,6.2868
-12.06,-0.57862,6.2868
-0.4971,-5.8655,12.305
12,6.6319,0.202
6.3823,12.162,0.255
-6.1151,-0.33517,12.358
-6.6934,-12.066,0.059
-12.396,-6.5421,-0.021
5.2408,-11.719,-5.737
11.564,-5.3795,-5.9498
11.564,-5.3795,6.153
-5.3646,11.661,-5.9938
5.4631,-5.8237,-11.755
-5.3646,11.661,6.109
-5.9465,5.5859,-11.755
5.2408,-11.719,6.3658
-11.858,5.4827,-5.8918
-11.858,5.4827,6.211
-6.3321,-6.0832,-11.643
6.1652,6.4141,-11.643
5.4631,-5.8237,12.451
6.3285,12.188,-5.737
-5.9465,5.5859,12.451
12.049,6.5704,-5.8918
12.049,6.5704,6.211
-6.4523,-12.246,-5.9938
-6.4523,-12.246,6.109
6.3285,12.188,6.3658
-12.343,-6.4672,-5.9498
-12.343,-6.4672,6.153
-6.3321,-6.0832,12.563
6.1652,6.4141,12.563
-11.41,11.41,-1e-06
11.41,-11.41,1e-06
-0.67953,-11.665,-11.999
11.818,0.83224,-11.999
-0.67953,-11.665,12.207
11.099,-11.327,-5.8648
11.818,0.83224,12.207
-12.089,-0.25547,-11.999
11.099,-11.327,6.238
0.40818,12.242,-11.999
-12.089,-0.25547,12.207
0.40819,12.242,12.207
-11.72,11.492,-5.8648
5.2946,-11.745,-11.848
11.511,-5.4544,12.082
-11.72,11.492,6.238
11.511,-5.4544,-12.124
-12.497,-12.497,1.9594e-21
12.497,12.497,-1.9594e-21
-11.907,5.5442,-11.901
-5.6057,11.841,-12.044
5.2946,-11.745,12.358
-5.6057,11.841,12.162
-11.907,5.5442,12.305
6.3823,12.162,-11.848
12,6.6319,-11.901
-6.6934,-12.066,-12.044
-6.6934,-12.066,12.162
12,6.6319,12.305
12.187,12.58,-5.8648
6.3823,12.162,12.358
-12.396,-6.5421,12.082
-12.396,-6.5421,-12.124
12.187,12.58,6.238
-12.808,-12.415,-5.8648
-12.808,-12.415,6.238
11.41,-11.41,-12.103
-11.41,11.41,12.103
-11.41,11.41,-12.103
11.41,-11.41,12.103
-12.497,-12.497,-12.103
12.497,12.497,12.103
-12.497,-12.497,12.103
12.497,12.497,-12.103
