-9.5329,-10.178,-8.4342
-9.0281,1.5969,-8.8032
-3.5508,-3.6852,-8.6592
-9.499,-3.9313,-8.4612
-4.0925,-9.1101,-8.8252
1.8088,-9.2399,-8.8032
-9.5329,-10.178,3.134
-9.0281,1.5969,2.765
-3.5508,-3.6852,2.909
-8.4942,-8.7375,-2.925
-8.1689,-2.918,-2.781
-2.7419,-8.3097,-2.715
-9.499,-3.9313,3.107
-4.0925,-9.1101,2.743
1.8088,-9.2399,2.765
-8.4942,-8.7375,8.6432
-8.1689,-2.918,8.7872
-2.7419,-8.3097,8.8532
-8.5267,7.7616,-8.8272
-2.2762,7.6474,-9.0222
2.5435,1.8986,-8.4342
8.5256,8.3912,-8.6592
-3.2385,2.2019,-8.8862
2.3101,-3.0752,-8.8272
2.5774,8.1452,-8.4612
7.9839,2.9663,-8.8252
8.5606,-3.1895,-9.0222
7.5983,-8.6349,-8.8862
-1.9506,9.2211,-3.093
-7.4399,8.403,-3.189
-8.5267,7.7616,2.741
-2.2762,7.6474,2.546
2.5435,1.8986,3.134
8.5256,8.3912,2.909
-2.692,-2.7004,-2.786
-7.9083,2.7733,-2.887
3.5822,3.339,-2.925
8.8862,-1.6157,-3.093
-2.2528,3.2866,-2.793
3.3969,-2.4339,-3.189
3.9075,9.1584,-2.781
9.3345,3.7668,-2.715
-3.2385,2.2019,2.682
2.3101,-3.0752,2.741
2.5774,8.1452,3.107
7.9839,2.9663,2.743
8.5606,-3.1895,2.546
2.9285,-8.0636,-2.887
8.584,-7.5502,-2.793
7.5983,-8.6349,2.682
-1.9506,9.2211,8.4752
-7.4399,8.403,8.3792
-2.692,-2.7004,8.7822
-7.9083,2.7733,8.6812
3.5822,3.339,8.6432
8.8862,-1.6157,8.4752
-2.2528,3.2866,8.7752
3.3969,-2.4339,8.3792
3.9075,9.1584,8.7872
9.3345,3.7668,8.8532
2.9285,-8.0636,8.6812
8.584,-7.5502,8.7752
9.3844,9.376,-2.786
9.3844,9.376,8.7822
-9.1172,-8.7834,-8.7572
-8.3301,-3.0622,-8.7662
-2.7412,-8.5296,-8.5542
-9.2741,-10.001,-2.735
-8.6653,1.4986,-2.907
-3.7488,-3.7474,-2.722
-9.1172,-8.7834,2.811
-8.3301,-3.0622,2.802
-2.7412,-8.5296,3.014
-9.5117,-3.3359,-2.255
-4.0847,-8.9156,-3.004
2.1715,-9.3382,-2.907
-9.2741,-10.001,8.8332
-8.6653,1.4986,8.6612
-3.7488,-3.7474,8.8462
-9.5117,-3.3359,9.3132
-4.0847,-8.9156,8.5642
2.1715,-9.3382,8.6612
-8.3895,2.9448,-8.6622
-2.1429,9.0175,-8.4252
-7.1634,8.3853,-8.8292
-2.9317,-2.3306,-8.5672
2.4473,-7.892,-8.6622
2.9592,3.293,-8.7572
8.6939,-1.8194,-8.4252
-1.8809,2.7648,-8.5532
3.6734,-2.4515,-8.8292
3.7463,9.0142,-8.7662
9.3352,3.5468,-8.5542
8.9559,-8.0721,-8.5532
-8.3895,2.9448,2.906
-2.1429,9.0175,3.143
-7.1634,8.3853,2.739
-8.7678,7.7369,-3.016
-2.402,7.8015,-2.986
2.8023,2.0754,-2.735
8.3276,8.329,-2.722
-2.9317,-2.3306,3.001
2.4473,-7.892,2.906
2.9592,3.293,2.811
8.6939,-1.8194,3.143
-1.8809,2.7648,3.015
3.6734,-2.4515,2.739
3.7463,9.0142,2.802
9.3352,3.5468,3.014
-3.3856,2.39,-3.157
2.069,-3.1,-3.016
2.5647,8.7405,-2.255
7.9917,3.1608,-3.004
8.4348,-3.0353,-2.986
8.9559,-8.0721,3.015
7.4512,-8.4468,-3.157
-8.7678,7.7369,8.5522
-2.402,7.8015,8.5822
2.8023,2.0754,8.8332
8.3276,8.329,8.8462
-3.3856,2.39,8.4112
2.069,-3.1,8.5522
2.5647,8.7405,9.3132
7.9917,3.1608,8.5642
8.4348,-3.0353,8.5822
7.4512,-8.4468,8.4112
9.1447,9.7458,-8.5672
9.1447,9.7458,3.001
-10.509,2.238,-6.1182
-10.987,2.0357,-11.126
-11.67,-12.629,-8.7722
-11.128,-1.1707,-8.6102
-6.0165,-6.6246,-8.4882
-6.2534,-0.025193,-8.5312
-11.914,-6.4082,-8.6282
-6.7816,-11.423,-8.9552
-11.323,-9.2657,-5.8692
-5.7301,-3.4278,-6.2532
0.32767,-8.5989,-6.1182
-8.7756,-5.7407,-5.9782
-3.4271,-11.127,-6.2712
-11.588,-9.4226,-11.286
-5.4699,-3.0785,-11.142
-0.15033,-8.8011,-11.126
-12.305,-3.6845,-11.591
-6.8226,-8.852,-11.666
-9.0528,-12.587,-12.067
-8.4447,-1.0484,-11.768
-3.2284,-6.2576,-11.619
-9.0705,-5.938,-11.008
-3.4037,-11.124,-11.223
-0.29135,-12.008,-8.6102
4.5834,-10.862,-8.5312
2.3921,-11.885,-11.768
-11.862,-0.22629,-2.766
-10.509,2.238,5.45
-10.987,2.0357,0.442
-12.591,-11.464,-2.991
-6.6755,-5.8949,-2.547
-1.025,-11.063,-2.766
-11.67,-12.629,2.796
-11.128,-1.1707,2.958
-6.0165,-6.6246,3.08
-6.2534,-0.025193,3.037
-11.914,-6.4082,2.94
-6.7816,-11.423,2.613
-11.119,-6.7505,-2.954
-5.9069,-12.25,-3.067
-5.3801,-0.88998,-2.881
-12.124,-3.3189,-5.456
-6.9089,-9.0797,-5.602
-11.323,-9.2657,5.699
-5.7301,-3.4278,5.315
0.32767,-8.5989,5.45
-8.7756,-5.7407,5.59
-3.4271,-11.127,5.297
-9.2833,-12.378,-5.596
-8.538,-1.0074,-5.756
-3.1131,-6.4323,-5.326
-11.588,-9.4226,0.282
-5.4699,-3.0785,0.426
-0.15033,-8.8011,0.442
-12.305,-3.6845,-0.023
-6.8226,-8.852,-0.098
-9.0528,-12.587,-0.499
-8.4447,-1.0484,-0.2
-3.2284,-6.2576,-0.051
-9.0705,-5.938,0.56
-3.4037,-11.124,0.345
-0.29135,-12.008,2.958
4.5834,-10.862,3.037
5.4567,-11.727,-2.881
2.2988,-11.844,-5.756
2.3921,-11.885,-0.2
-11.862,-0.22629,8.8022
-10.987,2.0357,12.01
-12.591,-11.464,8.5772
-6.6755,-5.8949,9.0212
-1.025,-11.063,8.8022
-11.119,-6.7505,8.6142
-5.9069,-12.25,8.5012
-5.3801,-0.88998,8.6872
-12.124,-3.3189,6.1122
-6.9089,-9.0797,5.9662
-9.2833,-12.378,5.9722
-8.538,-1.0074,5.8122
-3.1131,-6.4323,6.2422
-11.588,-9.4226,11.85
-5.4699,-3.0785,11.994
-0.15033,-8.8011,12.01
-12.305,-3.6845,11.545
-6.8226,-8.852,11.47
-9.0528,-12.587,11.069
-8.4447,-1.0484,11.368
-3.2284,-6.2576,11.517
-9.0705,-5.938,12.128
-3.4037,-11.124,11.913
5.4567,-11.727,8.6872
2.2988,-11.844,5.8122
2.3921,-11.885,11.368
-10.43,10.285,-8.7722
-11.511,5.6481,-8.5142
-5.542,11.49,-8.9552
-4.743,8.2573,-6.0692
-8.3011,5.996,-6.1912
-2.1875,11.786,-6.2712
-4.7408,8.2481,-11.407
-11.745,7.8345,-11.661
-7.8132,10.326,-12.067
-8.4532,5.8567,-11.452
-2.1642,11.789,-11.223
-4.8904,5.1265,-8.7452
0.40659,-0.55225,-8.7722
0.94823,10.906,-8.6102
6.0599,5.4518,-8.4882
5.823,12.051,-8.5312
-0.67458,-5.1887,-8.5142
0.16263,5.6682,-8.6282
5.2948,0.65337,-8.9552
0.75307,2.8107,-5.8692
6.0938,-2.5795,-6.0692
6.3463,8.6486,-6.2532
12.404,3.4776,-6.1182
-2.9847,0.2284,-6.3562
2.5357,-4.8409,-6.1912
3.3008,6.3357,-5.9782
8.6493,0.94894,-6.2712
0.48861,2.6538,-11.286
6.096,-2.5887,-11.407
6.6065,8.9979,-11.142
11.926,3.2753,-11.126
-6.1313,2.6029,-11.814
-0.90793,-3.0024,-11.661
-0.2291,8.3919,-11.591
5.2538,3.2244,-11.666
-2.5314,4.8776,-11.606
3.0236,-0.51053,-12.067
3.6317,11.028,-11.768
8.848,5.8188,-11.619
-2.832,0.26799,-11.297
2.3837,-4.9802,-11.452
3.0059,6.1384,-11.008
8.6727,0.95247,-11.223
5.9465,-5.7103,-8.7452
11.243,-11.389,-8.7722
11.785,0.068869,-8.6102
10.999,-5.1687,-8.6282
11.59,-8.0261,-5.8692
7.8521,-10.608,-6.3562
11.325,-8.1831,-11.286
4.7055,-8.234,-11.814
10.608,-2.4449,-11.591
8.3054,-5.9592,-11.606
8.0049,-10.569,-11.297
-11.352,11.449,-2.991
-5.566,5.7259,-2.955
0.21456,11.85,-2.766
-10.43,10.285,2.796
-11.511,5.6481,3.054
-5.542,11.49,2.613
-4.6673,10.664,-3.067
-10.671,4.5896,-2.648
-11.581,7.9285,-5.219
-4.743,8.2573,5.499
-8.3011,5.996,5.377
-2.1875,11.786,5.297
-8.0437,10.536,-5.596
-4.7408,8.2481,0.161
-11.745,7.8345,-0.093
-7.8132,10.326,-0.499
-8.4532,5.8567,0.116
-2.1642,11.789,0.345
-0.51477,0.61235,-2.991
5.2708,-5.111,-2.955
5.4009,6.1815,-2.547
11.051,1.0133,-2.766
-4.8904,5.1265,2.823
0.40659,-0.55225,2.796
0.94823,10.906,2.958
6.0599,5.4518,3.08
5.823,12.051,3.037
-0.67458,-5.1887,3.054
0.16263,5.6682,2.94
5.2948,0.65337,2.613
0.95742,5.3259,-2.954
6.1695,-0.17324,-3.067
6.6963,11.186,-2.881
0.16617,-6.2473,-2.648
-6.3823,2.5088,-5.494
-0.74458,-2.9083,-5.219
-0.047376,8.7575,-5.456
5.1675,2.9967,-5.602
0.75307,2.8107,5.699
6.0938,-2.5795,5.499
6.3463,8.6486,5.315
12.404,3.4776,5.45
-2.9847,0.2284,5.212
2.5357,-4.8409,5.377
3.3008,6.3357,5.59
8.6493,0.94894,5.297
-2.5321,5.0905,-5.754
2.7931,-0.30123,-5.596
3.5384,11.069,-5.756
8.9633,5.6441,-5.326
0.48861,2.6538,0.282
6.096,-2.5887,0.161
6.6065,8.9979,0.426
11.926,3.2753,0.442
-6.1313,2.6029,-0.246
-0.90793,-3.0024,-0.093
-0.2291,8.3919,-0.023
5.2538,3.2244,-0.098
-2.5314,4.8776,-0.038
3.0236,-0.51053,-0.499
3.6317,11.028,-0.2
8.848,5.8188,-0.051
-2.832,0.26799,0.271
2.3837,-4.9802,0.116
3.0059,6.1384,0.56
8.6727,0.95247,0.345
10.322,-10.224,-2.991
5.9465,-5.7103,2.823
11.243,-11.389,2.796
11.785,0.068869,2.958
10.999,-5.1687,2.94
11.794,-5.5109,-2.954
4.4545,-8.328,-5.494
10.789,-2.0793,-5.456
11.59,-8.0261,5.699
7.8521,-10.608,5.212
8.3047,-5.7464,-5.754
11.325,-8.1831,0.282
4.7055,-8.234,-0.246
10.608,-2.4449,-0.023
8.3054,-5.9592,-0.038
8.0049,-10.569,0.271
-11.352,11.449,8.5772
-5.566,5.7259,8.6132
0.21456,11.85,8.8022
-4.6673,10.664,8.5012
-10.671,4.5896,8.9202
-11.581,7.9285,6.3492
-8.0437,10.536,5.9722
-4.7408,8.2481,11.729
-11.745,7.8345,11.475
-7.8132,10.326,11.069
-8.4532,5.8567,11.684
-2.1642,11.789,11.913
-0.51477,0.61235,8.5772
5.2708,-5.111,8.6132
5.4009,6.1815,9.0212
11.051,1.0133,8.8022
0.95742,5.3259,8.6142
6.1695,-0.17324,8.5012
6.6963,11.186,8.6872
0.16617,-6.2473,8.9202
-6.3823,2.5088,6.0742
-0.74458,-2.9083,6.3492
-0.047376,8.7575,6.1122
5.1675,2.9967,5.9662
-2.5321,5.0905,5.8142
2.7931,-0.30123,5.9722
3.5384,11.069,5.8122
8.9633,5.6441,6.2422
0.48861,2.6538,11.85
6.096,-2.5887,11.729
6.6065,8.9979,11.994
11.926,3.2753,12.01
-6.1313,2.6029,11.322
-0.90793,-3.0024,11.475
-0.2291,8.3919,11.545
5.2538,3.2244,11.47
-2.5314,4.8776,11.53
3.0236,-0.51053,11.069
3.6317,11.028,11.368
8.848,5.8188,11.517
-2.832,0.26799,11.839
2.3837,-4.9802,11.684
3.0059,6.1384,12.128
8.6727,0.95247,11.913
10.322,-10.224,8.5772
11.794,-5.5109,8.6142
4.4545,-8.328,6.0742
10.789,-2.0793,6.1122
8.3047,-5.7464,5.8142
11.325,-8.1831,11.85
4.7055,-8.234,11.322
10.608,-2.4449,11.545
8.3054,-5.9592,11.53
8.0049,-10.569,11.839
12.483,11.524,-8.7722
11.402,6.8877,-8.5142
9.0917,12.305,-6.3562
11.168,9.074,-11.661
9.2444,12.344,-11.297
11.562,12.689,-2.991
12.483,11.524,2.796
11.402,6.8877,3.054
12.243,5.8291,-2.648
11.332,9.1681,-5.219
9.0917,12.305,5.212
11.168,9.074,-0.093
9.2444,12.344,0.271
11.562,12.689,8.5772
12.243,5.8291,8.9202
11.332,9.1681,6.3492
11.168,9.074,11.475
9.2444,12.344,11.839
0,0,0
0.39952,5.6392,0.003
-0.17112,-0.041012,-5.67
-5.683,-0.23264,0.081
5.7099,0.22132,-0.11
-0.41719,-5.7148,0.04
-0.17112,-0.041012,5.8982
5.1718,-5.3924,-0.106
-5.665,5.4444,-0.106
0.28143,5.5791,-5.739
0.28143,5.5791,5.8292
5.816,0.1987,5.682
-5.8004,-0.31325,5.736
-5.8004,-0.31325,-5.8322
-0.34903,-5.9253,5.712
5.816,0.1987,-5.8862
-0.34903,-5.9253,-5.8562
5.9496,6.0811,0.111
-6.1268,-5.9953,0.111
5.3026,-5.4157,5.528
-5.5342,5.4211,5.528
5.3026,-5.4157,-6.0402
-5.5342,5.4211,-6.0402
5.9637,5.8152,-5.75
5.9637,5.8152,5.8182
-6.1127,-6.2612,-5.75
-6.1127,-6.2612,5.8182
-11.407,-0.66583,0.153
0.66963,11.411,0.153
-0.56995,-11.503,0.153
11.506,0.57374,0.153
5.0088e-16,-5.0088e-16,-11.568
-5.0088e-16,5.0088e-16,11.568
-5.1269,11.058,-0.11
5.1538,-11.069,0.081
-11.254,5.122,0.04
11.236,-5.1977,0.003
0.69862,11.376,-5.722
-11.378,-0.70048,-5.722
5.7099,0.22132,11.458
0.69862,11.376,5.8462
-11.378,-0.70048,5.8462
-5.683,-0.23264,-11.487
0.39952,5.6392,-11.565
-0.41719,-5.7148,-11.528
0.39952,5.6392,11.571
11.535,0.5391,-5.722
-0.54096,-11.537,-5.722
11.535,0.5391,5.8462
-0.54096,-11.537,5.8462
-0.41719,-5.7148,11.608
-5.683,-0.23264,11.649
5.7099,0.22132,-11.678
11.659,6.3616,0.04
-11.677,-6.4372,0.003
-5.0209,11.036,5.682
-6.3665,-11.855,-0.11
6.3934,11.844,0.081
-5.0209,11.036,-5.8862
-11.186,4.9115,5.712
5.0364,-11.15,5.736
-11.186,4.9115,-5.8562
5.0364,-11.15,-5.8322
11.118,-5.2578,-5.739
11.118,-5.2578,5.8292
5.1718,-5.3924,11.462
5.1718,-5.3924,-11.674
-5.665,5.4444,11.462
-5.665,5.4444,-11.674
5.9496,6.0811,-11.457
-6.1268,-5.9953,-11.457
11.727,6.1511,5.712
5.9496,6.0811,11.679
11.727,6.1511,-5.8562
-6.1268,-5.9953,11.679
6.276,11.763,5.736
6.276,11.763,-5.8322
-6.2604,-11.878,5.682
-11.795,-6.4973,-5.739
-6.2604,-11.878,-5.8862
-11.795,-6.4973,5.8292
-10.837,10.837,-9.3842e-16
10.837,-10.837,9.3842e-16
-11.407,-0.66583,-11.415
0.66963,11.411,-11.415
-0.56995,-11.503,-11.415
11.506,0.57374,-11.415
10.666,-10.878,-5.67
10.666,-10.878,5.8982
-11.407,-0.66583,11.721
0.66963,11.411,11.721
-11.008,10.796,-5.67
-0.56995,-11.503,11.721
11.506,0.57374,11.721
-11.008,10.796,5.8982
-5.1269,11.058,11.458
5.1538,-11.069,-11.487
5.1538,-11.069,11.649
-5.1269,11.058,-11.678
-11.254,5.122,-11.528
11.236,-5.1977,-11.565
11.236,-5.1977,11.571
-11.254,5.122,11.608
-12.076,-12.076,7.9602e-22
12.076,12.076,-7.9602e-22
11.659,6.3616,-11.528
11.659,6.3616,11.608
-11.677,-6.4372,-11.565
-11.677,-6.4372,11.571
-6.3665,-11.855,11.458
6.3934,11.844,-11.487
6.3934,11.844,11.649
-6.3665,-11.855,-11.678
11.905,12.035,-5.67
11.905,12.035,5.8982
-12.248,-12.117,-5.67
-12.248,-12.117,5.8982
-10.837,10.837,-11.568
10.837,-10.837,-11.568
-10.837,10.837,11.568
10.837,-10.837,11.568
-12.076,-12.076,-11.568
-12.076,-12.076,11.568
12.076,12.076,-11.568
12.076,12.076,11.568
