-9.8506,-9.8959,-9.0768
-9.8506,-9.8959,3.026
-9.1426,8.1301,-9.0768
-9.3062,2.057,-9.0768
-3.6013,-3.648,-9.0768
-3.0575,8.3057,-9.0768
2.6467,2.6014,-9.0768
-9.6859,-3.824,-9.0768
-3.9817,-9.5283,-9.0768
-3.438,2.4254,-9.0768
2.267,-3.2796,-9.0768
2.1034,-9.3527,-9.0768
8.3521,-3.104,-9.0768
7.9717,-8.9843,-9.0768
-8.3514,3.1047,-3.025
-7.9724,8.985,-3.025
-9.1426,8.1301,3.026
-9.3062,2.057,3.026
-3.6013,-3.648,3.026
-3.0575,8.3057,3.026
2.6467,2.6014,3.026
-8.8954,-8.8487,-3.025
-2.6467,-2.6,-3.025
3.0582,-8.305,-3.025
-8.5164,-2.9684,-3.025
-2.8115,-8.6734,-3.025
-2.2677,3.2803,-3.025
3.4372,-2.4247,-3.025
-9.6859,-3.824,3.026
-3.9817,-9.5283,3.026
-3.438,2.4254,3.026
2.267,-3.2796,3.026
2.1034,-9.3527,3.026
8.3521,-3.104,3.026
9.1419,-8.1294,-3.025
7.9717,-8.9843,3.026
-8.3514,3.1047,9.0778
-7.9724,8.985,9.0778
-8.8954,-8.8487,9.0778
-2.6467,-2.6,9.0778
3.0582,-8.305,9.0778
-8.5164,-2.9684,9.0778
-2.8115,-8.6734,9.0778
-2.2677,3.2803,9.0778
3.4372,-2.4247,9.0778
9.1419,-8.1294,9.0778
8.896,8.8494,-9.0768
2.8114,8.6733,-9.0768
8.5156,2.9691,-9.0768
-2.1028,9.3534,-3.025
8.896,8.8494,3.026
3.6019,3.6486,-3.025
9.3069,-2.0563,-3.025
9.8506,9.8973,-3.025
3.9809,9.5289,-3.025
9.6859,3.824,-3.025
2.8114,8.6733,3.026
8.5156,2.9691,3.026
-2.1028,9.3534,9.0778
3.6019,3.6486,9.0778
9.3069,-2.0563,9.0778
9.8506,9.8973,9.0778
3.9809,9.5289,9.0778
9.6859,3.824,9.0778
-9.5558,-10.189,-3.025
-9.5558,-10.189,9.0778
-8.6455,3.3974,-9.0768
-7.7977,8.7835,-9.0768
-9.1896,-8.556,-9.0768
-2.9409,-2.3073,-9.0768
2.7641,-8.0122,-9.0768
-8.3417,-3.17,-9.0768
-2.6368,-8.8749,-9.0768
-2.093,3.0787,-9.0768
3.6119,-2.6262,-9.0768
9.3166,-8.3309,-9.0768
-8.6455,3.3974,3.026
-7.7977,8.7835,3.026
-9.3166,8.3323,-3.025
-9.0121,1.7642,-3.025
-3.3071,-3.9407,-3.025
-2.7634,8.0129,-3.025
2.9416,2.308,-3.025
-9.1896,-8.556,3.026
-2.9409,-2.3073,3.026
2.7641,-8.0122,3.026
-8.3417,-3.17,3.026
-2.6368,-8.8749,3.026
-2.093,3.0787,3.026
3.6119,-2.6262,3.026
-9.8599,-3.6218,-3.025
-4.1557,-9.326,-3.025
-3.6112,2.6269,-3.025
2.093,-3.0773,-3.025
2.3975,-9.6454,-3.025
8.6462,-3.3967,-3.025
9.3166,-8.3309,3.026
7.7984,-8.7828,-3.025
-9.3166,8.3323,9.0778
-9.0121,1.7642,9.0778
-3.3071,-3.9407,9.0778
-2.7634,8.0129,9.0778
2.9416,2.308,9.0778
-9.8599,-3.6218,9.0778
-4.1557,-9.326,9.0778
-3.6112,2.6269,9.0778
2.093,-3.0773,9.0778
2.3975,-9.6454,9.0778
8.6462,-3.3967,9.0778
7.7984,-8.7828,9.0778
-2.3969,9.6461,-9.0768
3.3078,3.9414,-9.0768
9.0127,-1.7635,-9.0768
9.5565,10.19,-9.0768
4.1556,9.3274,-9.0768
9.8605,3.6225,-9.0768
-2.3969,9.6461,3.026
9.1902,8.5567,-3.025
3.3078,3.9414,3.026
9.0127,-1.7635,3.026
9.5565,10.19,3.026
4.1556,9.3274,3.026
9.8605,3.6225,3.026
2.6374,8.8756,-3.025
8.3417,3.1713,-3.025
9.1902,8.5567,9.0778
2.6374,8.8756,9.0778
8.3417,3.1713,9.0778
-11.971,-12.908,-9.0768
-11.768,-9.5388,-6.3228
-11.768,-9.5388,-11.831
-9.4773,-12.975,-12.386
-13.023,-12.087,-3.025
-11.971,-12.908,3.026
-11.765,-7.0717,-3.025
-6.0605,-12.777,-3.025
-11.768,-9.5388,5.78
-9.4773,-12.975,-5.767
-11.768,-9.5388,0.272
-9.4773,-12.975,-0.283
-13.023,-12.087,9.0778
-11.765,-7.0718,9.0778
-6.0605,-12.777,9.0778
-9.4773,-12.975,6.3358
-11.768,-9.5388,12.375
-9.4773,-12.975,11.82
-10.884,11,-9.0768
-12.141,5.9855,-9.0768
-11.224,2.4146,-6.3228
-4.9749,8.6633,-6.3228
-8.7247,6.1834,-6.3348
-11.224,2.4146,-11.831
-4.9749,8.6633,-11.831
-12.139,8.4525,-12.374
-8.3896,10.932,-12.386
-8.7247,6.1834,-11.819
-11.428,-0.95389,-9.0768
-5.7226,-6.6588,-9.0768
-5.1789,5.2948,-9.0768
0.52609,-0.41012,-9.0768
-12.685,-5.9687,-9.0768
-6.9806,-11.673,-9.0768
-6.4361,0.28001,-9.0768
-0.73186,-5.4242,-9.0768
-5.519,-3.2902,-6.3228
0.18597,-8.9951,-6.3228
0.72973,2.9585,-6.3228
6.4347,-2.7464,-6.3228
-9.2688,-5.77,-6.3348
-3.5638,-11.475,-6.3348
-3.0201,0.47871,-6.3348
2.6849,-5.2262,-6.3348
-5.519,-3.2902,-11.831
0.18597,-8.9951,-11.831
0.72973,2.9585,-11.831
6.4347,-2.7464,-11.831
-12.683,-3.5009,-12.374
-6.9784,-9.2058,-12.374
-6.4347,2.7478,-12.374
-0.72973,-2.9571,-12.374
-8.9329,-1.0218,-12.386
-3.2287,-6.726,-12.386
-2.6849,5.2276,-12.386
3.0201,-0.4773,-12.386
-9.2688,-5.77,-11.819
-3.5638,-11.475,-11.819
-3.0201,0.47871,-11.819
2.6849,-5.2262,-11.819
-0.017934,-12.364,-9.0768
6.2308,-6.1149,-9.0768
11.936,-11.82,-9.0768
4.9735,-11.13,-9.0768
12.139,-8.4511,-6.3228
8.3896,-10.931,-6.3348
12.139,-8.4511,-11.831
4.9749,-8.6619,-12.374
2.4767,-12.431,-12.386
8.7247,-6.182,-12.386
8.3896,-10.931,-11.819
-12.479,-0.13314,-3.025
-11.935,11.82,-3.025
-6.2301,6.1156,-3.025
-10.884,11,3.026
-12.141,5.9855,3.026
-11.222,4.8817,-3.025
-4.9728,11.13,-3.025
-12.139,8.4525,-5.779
-11.224,2.4146,5.78
-4.9749,8.6633,5.78
-8.7247,6.1834,5.768
-8.3896,10.932,-5.767
-11.224,2.4146,0.272
-4.9749,8.6633,0.272
-12.139,8.4525,-0.271
-8.3896,10.932,-0.283
-8.7247,6.1834,0.284
-6.7741,-5.8379,-3.025
-1.0691,-11.543,-3.025
-0.52538,0.41083,-3.025
5.1796,-5.2941,-3.025
-11.428,-0.95389,3.026
-5.7226,-6.6588,3.026
-5.1789,5.2948,3.026
0.52609,-0.41012,3.026
-12.685,-5.9687,3.026
-6.9806,-11.673,3.026
-6.4361,0.28001,3.026
-0.73186,-5.4242,3.026
-5.5168,-0.82307,-3.025
0.18809,-6.528,-3.025
0.73186,5.4256,-3.025
6.4368,-0.27931,-3.025
-12.683,-3.5009,-5.779
-6.9784,-9.2058,-5.779
-6.4347,2.7478,-5.779
-0.72973,-2.9571,-5.779
-5.519,-3.2902,5.78
0.18597,-8.9951,5.78
0.72973,2.9585,5.78
6.4347,-2.7464,5.78
-9.2688,-5.77,5.768
-3.5638,-11.475,5.768
-3.0201,0.47871,5.768
2.6849,-5.2262,5.768
-8.9329,-1.0218,-5.767
-3.2286,-6.726,-5.767
-2.6842,5.2269,-5.767
3.0201,-0.4773,-5.767
-5.519,-3.2902,0.272
0.18597,-8.9951,0.272
0.72973,2.9585,0.272
6.4347,-2.7464,0.272
-12.683,-3.5009,-0.271
-6.9784,-9.2058,-0.271
-6.4347,2.7478,-0.271
-0.72973,-2.9571,-0.271
-8.9329,-1.0218,-0.283
-3.2286,-6.726,-0.283
-2.6849,5.2276,-0.283
3.0201,-0.4773,-0.283
-9.2688,-5.77,0.284
-3.5638,-11.475,0.284
-3.0201,0.47871,0.284
2.6849,-5.2262,0.284
10.884,-10.999,-3.025
-0.017933,-12.364,3.026
6.2308,-6.1149,3.026
11.936,-11.82,3.026
4.9735,-11.13,3.026
5.8928,-12.233,-3.025
12.141,-5.984,-3.025
4.9749,-8.6619,-5.779
12.139,-8.4511,5.78
8.3896,-10.931,5.768
2.4767,-12.431,-5.767
8.7254,-6.1827,-5.767
12.139,-8.4511,0.272
4.9749,-8.6619,-0.271
2.4767,-12.431,-0.283
8.7247,-6.182,-0.283
8.3896,-10.931,0.284
-12.479,-0.13314,9.0778
-11.935,11.82,9.0778
-6.2301,6.1156,9.0778
-11.222,4.8817,9.0778
-4.9728,11.13,9.0778
-12.139,8.4525,6.3238
-8.3896,10.932,6.3358
-11.224,2.4146,12.375
-4.9749,8.6633,12.375
-12.139,8.4525,11.832
-8.3896,10.932,11.82
-8.7247,6.1834,12.387
-6.7741,-5.8379,9.0778
-1.0691,-11.543,9.0778
-0.52538,0.41083,9.0778
5.1796,-5.2941,9.0778
-5.5168,-0.82307,9.0778
0.18809,-6.528,9.0778
0.73186,5.4256,9.0778
6.4368,-0.27931,9.0778
-12.683,-3.5009,6.3238
-6.9784,-9.2058,6.3238
-6.4347,2.7478,6.3238
-0.72973,-2.9571,6.3238
-8.9329,-1.0218,6.3358
-3.2286,-6.726,6.3358
-2.6842,5.2269,6.3358
3.0201,-0.4773,6.3358
-5.519,-3.2902,12.375
0.18597,-8.9951,12.375
0.72973,2.9585,12.375
6.4347,-2.7464,12.375
-12.683,-3.5009,11.832
-6.9784,-9.2058,11.832
-6.4347,2.7478,11.832
-0.72973,-2.9571,11.832
-8.9329,-1.0218,11.82
-3.2286,-6.726,11.82
-2.6849,5.2276,11.82
3.0201,-0.4773,11.82
-9.2688,-5.77,12.387
-3.5638,-11.475,12.387
-3.0201,0.47871,12.387
2.6849,-5.2262,12.387
10.884,-10.999,9.0778
5.8928,-12.233,9.0778
12.141,-5.984,9.0778
4.9749,-8.6619,6.3238
2.4767,-12.431,6.3358
8.7254,-6.1827,6.3358
12.139,-8.4511,12.375
4.9749,-8.6619,11.832
2.4767,-12.431,11.82
8.7247,-6.182,11.82
8.3896,-10.931,12.387
-5.8928,12.234,-9.0768
-2.4761,12.432,-6.3348
-2.4761,12.432,-11.819
1.0698,11.543,-9.0768
6.7747,5.8386,-9.0768
13.023,12.087,-9.0768
-0.18745,6.5287,-9.0768
5.5168,0.82446,-9.0768
6.0612,12.777,-9.0768
11.765,7.0732,-9.0768
6.9784,9.2072,-6.3228
12.683,3.5023,-6.3228
3.2286,6.7274,-6.3348
8.9335,1.0225,-6.3348
9.4773,12.976,-6.3348
6.9784,9.2072,-11.831
12.683,3.5023,-11.831
-0.18604,8.9965,-12.374
5.5189,3.2916,-12.374
11.768,9.5403,-12.374
3.5645,11.476,-12.386
9.2687,5.7714,-12.386
3.2286,6.7274,-11.819
8.9335,1.0225,-11.819
9.4773,12.976,-11.819
12.479,0.13383,-9.0768
11.222,-4.881,-9.0768
11.224,-2.4132,-12.374
0.018569,12.364,-3.025
-5.8928,12.234,3.026
-2.4761,12.432,5.768
-2.4761,12.432,0.284
5.7233,6.6595,-3.025
11.428,0.95457,-3.025
11.972,12.908,-3.025
1.0698,11.543,3.026
6.7747,5.8386,3.026
13.023,12.087,3.026
-0.18745,6.5287,3.026
5.5168,0.82446,3.026
6.0612,12.777,3.026
11.765,7.0732,3.026
6.9805,11.674,-3.025
12.685,5.9694,-3.025
-0.18604,8.9965,-5.779
5.5189,3.2916,-5.779
11.768,9.5403,-5.779
6.9784,9.2072,5.78
12.683,3.5023,5.78
3.2286,6.7274,5.768
8.9335,1.0225,5.768
9.4773,12.976,5.768
3.5645,11.476,-5.767
9.2687,5.7714,-5.767
6.9784,9.2072,0.272
12.683,3.5023,0.272
-0.18604,8.9965,-0.271
5.5189,3.2916,-0.271
11.768,9.5403,-0.271
3.5645,11.476,-0.283
9.2687,5.7714,-0.283
3.2286,6.7274,0.284
8.9335,1.0225,0.284
9.4773,12.976,0.284
12.479,0.13382,3.026
11.222,-4.881,3.026
11.224,-2.4132,-5.779
11.224,-2.4132,-0.271
0.01857,12.364,9.0778
-2.4761,12.432,12.387
5.7233,6.6595,9.0778
11.428,0.95457,9.0778
11.972,12.908,9.0778
6.9805,11.674,9.0778
12.685,5.9694,9.0778
-0.18604,8.9965,6.3238
5.5189,3.2916,6.3238
11.768,9.5403,6.3238
3.5645,11.476,6.3358
9.2687,5.7714,6.3358
6.9784,9.2072,12.375
12.683,3.5023,12.375
-0.18604,8.9965,11.832
5.5189,3.2916,11.832
11.768,9.5403,11.832
3.5645,11.476,11.82
9.2687,5.7714,11.82
3.2286,6.7274,12.387
8.9335,1.0225,12.387
9.4773,12.976,12.387
11.224,-2.4132,6.3238
11.224,-2.4132,11.832
0,0,0
-5.9765,-0.27153,-2.4701e-16
-0.27153,-5.9765,2.4701e-16
0.27224,5.9772,-2.4701e-16
5.9772,0.27224,2.4701e-16
2.62e-16,-2.62e-16,-6.051
7.0711e-07,-7.0711e-07,6.0518
5.7047,-5.7047,1e-06
-5.7049,5.7049,-4.9402e-16
-5.9765,-0.27153,-6.0508
-0.27153,-5.9765,-6.051
5.9772,0.27224,-6.0508
0.27224,5.9772,-6.0508
-0.27153,-5.9765,6.0518
-5.9765,-0.27153,6.052
0.27224,5.9772,6.052
5.9772,0.27224,6.052
6.2486,6.2487,-1.9594e-21
-6.2487,-6.2487,0
5.7047,-5.7047,-6.051
-5.7049,5.7049,-6.051
5.7047,-5.7047,6.0518
-5.7049,5.7049,6.0518
6.2486,6.2487,-6.051
-6.2487,-6.2487,-6.051
6.2486,6.2487,6.0518
-6.2487,-6.2487,6.0518
11.953,0.54395,1e-06
-0.54402,-11.953,1e-06
0.54369,11.954,-4.9402e-16
-11.954,-0.54377,-4.9402e-16
-7.0711e-07,7.0711e-07,-12.103
7.0711e-07,-7.0711e-07,12.103
-11.681,5.4332,-1e-06
5.4332,-11.681,1e-06
11.682,-5.4325,1e-06
-5.4324,11.682,-1e-06
11.953,0.54395,-6.0508
-0.54402,-11.953,-6.0508
0.54369,11.954,-6.0508
-11.954,-0.54376,-6.0508
11.953,0.54395,6.052
-0.54402,-11.953,6.052
0.54369,11.954,6.052
-11.954,-0.54377,6.052
-0.27153,-5.9765,-12.103
-5.9765,-0.27153,12.103
-5.9765,-0.27153,-12.103
-0.27153,-5.9765,12.103
5.9772,0.27224,-12.103
0.27224,5.9772,12.103
0.27224,5.9772,-12.103
5.9772,0.27224,12.103
-12.225,-6.5202,-2.4701e-16
-6.5202,-12.225,2.4701e-16
12.226,6.5209,2.4701e-16
6.5209,12.226,-2.4701e-16
5.4332,-11.681,-6.0508
-11.681,5.4332,-6.051
11.682,-5.4325,-6.0508
-5.4324,11.682,-6.0508
-11.681,5.4332,6.0518
5.4332,-11.681,6.052
11.682,-5.4325,6.052
-5.4324,11.682,6.052
5.7047,-5.7047,-12.103
5.7047,-5.7047,12.103
-5.7049,5.7049,12.103
-5.7049,5.7049,-12.103
6.2486,6.2487,12.103
6.2486,6.2487,-12.103
-6.2487,-6.2487,-12.103
-6.2487,-6.2487,12.103
-12.225,-6.5202,-6.0508
-6.5202,-12.225,-6.0508
-12.225,-6.5202,6.052
-6.5202,-12.225,6.052
6.5209,12.226,-6.0508
12.226,6.5209,-6.051
12.226,6.5209,6.0518
6.5209,12.226,6.052
-11.41,11.41,-1e-06
11.41,-11.41,1e-06
11.953,0.54395,-12.103
11.953,0.54395,12.103
-0.54402,-11.953,-12.103
-0.54402,-11.953,12.103
0.5437,11.954,12.103
0.54369,11.954,-12.103
-11.954,-0.54377,12.103
-11.954,-0.54376,-12.103
11.41,-11.41,-6.051
-11.41,11.41,-6.051
-11.41,11.41,6.0518
11.41,-11.41,6.0518
-12.497,-12.497,1.9594e-21
12.497,12.497,-1.9594e-21
-11.681,5.4332,12.103
-11.681,5.4332,-12.103
5.4332,-11.681,-12.103
5.4332,-11.681,12.103
11.682,-5.4325,-12.103
11.682,-5.4325,12.103
-5.4324,11.682,12.103
-5.4324,11.682,-12.103
-12.225,-6.5202,12.103
-12.225,-6.5202,-12.103
-6.5202,-12.225,-12.103
-6.5202,-12.225,12.103
12.226,6.5209,-12.103
12.226,6.5209,12.103
6.5209,12.226,12.103
6.5209,12.226,-12.103
-12.497,-12.497,-6.051
12.497,12.497,-6.051
12.497,12.497,6.0518
-12.497,-12.497,6.0518
-11.41,11.41,12.103
11.41,-11.41,-12.103
-11.41,11.41,-12.103
11.41,-11.41,12.103
-12.497,-12.497,-12.103
12.497,12.497,12.103
-12.497,-12.497,12.103
12.497,12.497,-12.103
