-9.3981,-3.9478,-9.4158
-9.9044,-10.042,-9.0508
-3.8285,-9.5528,-8.9938
-9.3981,-3.9478,2.687
-8.9576,-8.7752,-2.962
-9.9044,-10.042,3.052
-3.8285,-9.5528,3.109
-8.9576,-8.7752,9.1408
-9.0411,7.9974,-8.8888
-3.2534,2.1135,-9.1198
3.0992,8.5496,-9.4158
-9.5969,2.1581,-9.1358
-3.5348,-3.532,-9.0268
-3.1898,8.5864,-9.0758
2.593,2.4558,-9.0508
2.3686,-3.4123,-8.8888
8.1562,-9.2961,-9.1198
8.6689,2.9446,-8.9938
1.8128,-9.2516,-9.1358
8.2199,-2.8233,-9.0758
-8.0162,9.1745,-2.862
-9.0411,7.9974,3.214
-3.2534,2.1135,2.983
3.0992,8.5496,2.687
-8.7144,-2.8991,-3.126
-3.0307,-8.6239,-2.957
-2.2769,3.1919,-2.922
3.3934,-2.2352,-2.862
-8.2286,2.9366,-2.942
-2.6679,-2.6368,-2.877
-2.3419,9.29,-3.088
3.5398,3.7222,-2.962
-9.5969,2.1581,2.967
-3.5348,-3.532,3.076
-3.1898,8.5864,3.027
2.593,2.4558,3.052
2.3686,-3.4123,3.214
8.1562,-9.2961,2.983
8.6689,2.9446,3.109
9.1327,-8.2178,-2.922
3.181,-8.4731,-2.942
9.0677,-2.1197,-3.088
1.8128,-9.2516,2.967
8.2199,-2.8233,3.027
-8.0162,9.1745,9.2408
-8.7144,-2.8991,8.9768
-3.0307,-8.6239,9.1458
-2.2769,3.1919,9.1808
3.3934,-2.2352,9.2408
-8.2286,2.9366,9.1608
-2.6679,-2.6368,9.2258
-2.3419,9.29,9.0148
3.5398,3.7222,9.1408
9.1327,-8.2178,9.1808
3.181,-8.4731,9.1608
9.0677,-2.1197,9.0148
8.9625,8.9654,-9.0268
3.783,9.5982,-3.126
9.4667,3.8735,-2.957
9.8294,9.8606,-2.877
8.9625,8.9654,3.076
3.783,9.5982,8.9768
9.4667,3.8735,9.1458
9.8294,9.8606,9.2258
-8.5793,-9.3628,-8.8638
-9.2362,-4.2964,-3.03
-8.5793,-9.3628,3.239
-10.17,-9.6301,-3.129
-3.5958,-10.01,-2.946
-9.2362,-4.2964,9.0728
-10.17,-9.6301,8.9738
-3.5958,-10.01,9.1568
-8.2177,9.2389,-8.7428
-8.8643,-2.5668,-9.2138
-3.0915,-8.3226,-9.4108
-2.5809,3.4323,-8.8978
3.1919,-2.1708,-8.7428
-8.3064,2.8956,-8.9908
-2.1751,-2.9628,-9.2458
-1.8187,9.1924,-9.1498
3.9181,3.1346,-8.8638
8.8287,-7.9774,-8.8978
3.1032,-8.5141,-8.9908
9.5909,-2.2173,-9.1498
-8.2177,9.2389,3.36
-8.7306,7.8637,-2.859
-3.0264,1.9021,-2.931
3.2612,8.201,-3.03
-8.8643,-2.5668,2.889
-3.0915,-8.3226,2.692
-2.5809,3.4323,3.205
3.1919,-2.1708,3.36
-8.3064,2.8956,3.112
-2.1751,-2.9628,2.857
-1.8187,9.1924,2.953
3.9181,3.1346,3.239
-9.5523,2.2762,-3.178
-3.9619,-3.375,-3.078
-3.6904,8.6444,-2.982
2.3271,2.8673,-3.129
2.679,-3.5459,-2.859
8.3832,-9.5076,-2.931
8.9015,2.4871,-2.946
8.8287,-7.9774,3.205
3.1032,-8.5141,3.112
9.5909,-2.2173,2.953
1.8573,-9.1335,-3.178
7.7192,-2.7653,-2.982
-8.7306,7.8637,9.2438
-3.0264,1.9021,9.1718
3.2612,8.201,9.0728
-9.5523,2.2762,8.9248
-3.9619,-3.375,9.0248
-3.6904,8.6444,9.1208
2.3271,2.8673,8.9738
2.679,-3.5459,9.2438
8.3832,-9.5076,9.1718
8.9015,2.4871,9.1568
1.8573,-9.1335,8.9248
7.7192,-2.7653,9.1208
3.633,9.9306,-9.2138
9.4059,4.1747,-9.4108
10.322,9.5346,-9.2458
3.633,9.9306,2.889
9.4059,4.1747,2.692
10.322,9.5346,2.857
8.5354,9.1224,-3.078
8.5354,9.1224,9.0248
-11.817,-7.1234,-8.9628
-12.89,-12.134,-8.9498
-11.442,-3.539,-6.6678
-5.7636,-9.261,-6.2168
-9.5734,-11.476,-6.1688
-11.388,-3.5249,-12.026
-5.8923,-9.3373,-11.637
-12.915,-9.4024,-12.24
-9.4978,-7.0413,-12.241
-9.6244,-12.009,-11.81
-6.2149,-12.431,-8.9588
-3.6863,-12.864,-12.381
-13.111,-6.2183,-2.822
-6.832,-11.455,-2.834
-11.817,-7.1234,3.14
-12.89,-12.134,3.153
-12.103,-13.13,-3
-11.588,-1.1087,-3.158
-5.7826,-6.9508,-2.811
-13.016,-9.4717,-5.708
-11.442,-3.539,5.435
-5.7636,-9.261,5.886
-9.5734,-11.476,5.934
-9.2149,-6.965,-5.885
-11.388,-3.5249,0.077
-5.8923,-9.3373,0.466
-12.915,-9.4024,-0.137
-9.4978,-7.0413,-0.138
-9.6244,-12.009,0.293
-6.2149,-12.431,3.144
-0.17838,-12.518,-3.158
-3.5301,-12.622,-5.813
-3.6863,-12.864,-0.278
-13.111,-6.2183,9.2808
-6.832,-11.455,9.2688
-12.103,-13.13,9.1028
-11.588,-1.1087,8.9448
-5.7826,-6.9508,9.2918
-13.016,-9.4717,6.3948
-9.2149,-6.965,6.2178
-11.388,-3.5249,12.18
-5.8922,-9.3373,12.569
-12.915,-9.4024,11.966
-9.4978,-7.0413,11.965
-9.6244,-12.009,12.396
-0.17837,-12.518,8.9448
-3.5301,-12.622,6.2898
-3.6863,-12.864,11.825
-11.803,11.773,-8.9498
-11.037,8.6215,-6.2958
-8.4857,12.431,-6.1688
-11.003,8.3132,-11.899
-8.5366,11.898,-11.81
-10.92,5.239,-8.8108
-5.3189,-0.74953,-8.9878
-5.1272,11.476,-8.9588
0.68024,5.374,-8.9628
-12.457,-0.0063633,-9.1578
-6.7423,-5.7056,-8.9368
-6.1943,6.0613,-9.2858
-0.39315,0.36345,-8.9498
-5.4751,2.6481,-6.4088
0.37264,-2.7881,-6.2958
1.0557,8.9583,-6.6678
6.7338,3.2364,-6.2168
-9.0587,0.13223,-6.6288
-3.3425,-5.4681,-6.3748
-2.7259,6.4877,-6.5258
2.9239,1.0218,-6.1688
-5.4928,2.6686,-11.838
0.40659,-3.0964,-11.899
1.1094,8.9725,-12.026
6.6051,3.1601,-11.637
-12.295,2.4423,-12.535
-6.7925,-3.288,-12.411
-6.417,8.7038,-12.135
-0.4179,3.095,-12.24
-8.8374,5.053,-12.303
-3.013,-0.62155,-12.378
-2.5986,11.043,-12.381
2.9995,5.456,-12.241
-9.0962,0.17678,-11.904
-3.5313,-5.5013,-11.853
-2.9027,6.3435,-11.529
2.873,0.48861,-11.81
0.48977,-6.1707,-8.8108
6.0908,-12.159,-8.9878
6.2824,0.065969,-8.9588
12.09,-6.0357,-8.9628
-1.0475,-11.416,-9.1578
5.2154,-5.3483,-9.2858
11.016,-11.046,-8.9498
5.9345,-8.7616,-6.4088
12.465,-2.4513,-6.6678
2.3509,-11.277,-6.6288
8.6837,-4.922,-6.5258
5.9168,-8.741,-11.838
12.519,-2.4372,-12.026
-0.88555,-8.9673,-12.535
4.9926,-2.7059,-12.135
10.992,-8.3147,-12.24
2.5722,-6.3567,-12.303
8.3966,-12.031,-12.378
8.811,-0.36678,-12.381
2.3134,-11.233,-11.904
8.5069,-5.0662,-11.529
-12.094,5.6086,-2.864
-5.7443,12.452,-2.834
-11.803,11.773,3.153
-11.015,10.778,-3
-11.037,8.6215,5.807
-8.4857,12.431,5.934
-11.003,8.3132,0.204
-8.5366,11.898,0.293
-6.5096,-0.14001,-2.971
-0.68448,-5.8011,-2.864
-0.61377,6.2791,-2.822
5.6653,1.0423,-2.834
-10.92,5.239,3.292
-5.3189,-0.74953,3.115
-5.1272,11.476,3.144
0.68024,5.374,3.14
-12.457,-0.006364,2.945
-6.7423,-5.7056,3.166
-6.1943,6.0613,2.817
-0.39315,0.36345,3.153
-5.1831,5.0629,-3.153
0.39457,-0.63215,-3
0.90934,11.389,-3.158
6.7147,5.5465,-2.811
-12.439,2.6128,-5.802
-6.89,-3.2697,-5.93
-6.1822,8.7533,-5.698
-0.51831,3.0257,-5.708
-5.4751,2.6481,5.694
0.37265,-2.7881,5.807
1.0557,8.9583,5.435
6.7338,3.2364,5.886
-9.0587,0.13223,5.474
-3.3425,-5.4681,5.728
-2.7259,6.4877,5.577
2.9239,1.0218,5.934
-8.8106,4.9752,-5.547
-3.1537,-0.84146,-5.877
-2.4423,11.285,-5.813
3.2824,5.5324,-5.885
-5.4928,2.6686,0.265
0.40659,-3.0964,0.204
1.1095,8.9725,0.077
6.6051,3.1601,0.466
-12.295,2.4423,-0.432
-6.7925,-3.288,-0.308
-6.417,8.7038,-0.032
-0.4179,3.095,-0.137
-8.8374,5.053,-0.2
-3.013,-0.62155,-0.275
-2.5986,11.043,-0.278
2.9995,5.456,-0.138
-9.0962,0.17678,0.199
-3.5313,-5.5013,0.25
-2.9027,6.3435,0.574
2.873,0.48861,0.293
4.9,-11.55,-2.971
10.796,-5.1306,-2.822
0.48977,-6.1707,3.292
6.0908,-12.159,3.115
6.2824,0.065968,3.144
12.09,-6.0357,3.14
-1.0475,-11.416,2.945
5.2154,-5.3483,2.817
11.016,-11.046,3.153
6.2265,-6.3468,-3.153
11.804,-12.042,-3
12.319,-0.021006,-3.158
-1.0291,-8.7969,-5.802
5.2274,-2.6564,-5.698
10.891,-8.384,-5.708
5.9345,-8.7616,5.694
12.465,-2.4513,5.435
2.3509,-11.277,5.474
8.6837,-4.922,5.577
2.5991,-6.4345,-5.547
8.2559,-12.251,-5.877
8.9673,-0.12424,-5.813
5.9168,-8.741,0.265
12.519,-2.4372,0.077001
-0.88555,-8.9673,-0.432
4.9926,-2.7059,-0.031999
10.992,-8.3147,-0.137
2.5722,-6.3567,-0.2
8.3966,-12.031,-0.275
8.811,-0.36678,-0.278
2.3134,-11.233,0.199
8.5069,-5.0662,0.574
-12.094,5.6086,9.2388
-5.7443,12.452,9.2688
-11.015,10.778,9.1028
-11.003,8.3132,12.307
-8.5366,11.898,12.396
-6.5096,-0.14001,9.1318
-0.68448,-5.8011,9.2388
-0.61377,6.2791,9.2808
5.6653,1.0423,9.2688
-5.1831,5.0629,8.9498
0.39457,-0.63215,9.1028
0.90934,11.389,8.9448
6.7147,5.5465,9.2918
-12.439,2.6128,6.3008
-6.89,-3.2697,6.1728
-6.1822,8.7533,6.4048
-0.51831,3.0257,6.3948
-8.8105,4.9752,6.5558
-3.1537,-0.84146,6.2258
-2.4423,11.285,6.2898
3.2824,5.5324,6.2178
-5.4928,2.6686,12.368
0.40659,-3.0964,12.307
1.1095,8.9725,12.18
6.6051,3.1601,12.569
-12.295,2.4423,11.671
-6.7925,-3.288,11.795
-6.417,8.7038,12.071
-0.4179,3.095,11.966
-8.8374,5.053,11.903
-3.013,-0.62155,11.828
-2.5986,11.043,11.825
2.9995,5.456,11.965
-9.0962,0.17678,12.302
-3.5313,-5.5013,12.353
-2.9027,6.3435,12.677
2.873,0.48861,12.396
4.9,-11.55,9.1318
10.796,-5.1306,9.2808
6.2265,-6.3468,8.9498
11.804,-12.042,9.1028
12.319,-0.021007,8.9448
-1.0291,-8.7969,6.3008
5.2274,-2.6564,6.4048
10.891,-8.384,6.3948
2.5991,-6.4345,6.5558
8.2559,-12.251,6.2258
8.9673,-0.12424,6.2898
5.9168,-8.741,12.368
12.519,-2.4372,12.18
-0.88555,-8.9673,11.671
4.9926,-2.7059,12.071
10.992,-8.3147,11.966
2.5722,-6.3567,11.903
8.3966,-12.031,11.828
8.811,-0.36678,11.825
2.3134,-11.233,12.302
8.5069,-5.0662,12.677
7.1785,11.748,-8.9878
0.040234,12.491,-9.1578
5.7551,6.7917,-8.9368
12.104,12.861,-8.9498
12.87,9.7093,-6.2958
3.4386,12.63,-6.6288
9.1548,7.0293,-6.3748
12.904,9.401,-11.899
5.7049,9.2093,-12.411
9.4844,11.876,-12.378
3.4011,12.674,-11.904
8.966,6.9961,-11.853
12.987,6.3267,-8.8108
11.45,1.0813,-9.1578
11.612,3.5301,-12.535
5.9877,12.357,-2.971
11.813,6.6963,-2.864
7.1785,11.748,3.115
0.040234,12.491,2.945
5.7551,6.7917,3.166
12.104,12.861,3.153
12.892,11.865,-3
5.6073,9.2277,-5.93
12.87,9.7093,5.807
3.4386,12.63,5.474
9.1548,7.0293,5.728
9.3436,11.656,-5.877
12.904,9.401,0.204
5.7049,9.2093,-0.308
9.4844,11.876,-0.275
3.4011,12.674,0.199
8.966,6.9961,0.25
12.987,6.3267,3.292
11.45,1.0813,2.945
11.468,3.7005,-5.802
11.612,3.5301,-0.432
5.9877,12.357,9.1318
11.813,6.6963,9.2388
12.892,11.865,9.1028
5.6073,9.2277,6.1728
9.3436,11.656,6.2258
12.904,9.401,12.307
5.7049,9.2093,11.795
9.4844,11.876,11.828
3.4011,12.674,12.302
8.966,6.9961,12.353
11.468,3.7005,6.3008
11.612,3.5301,11.671
0,0,0
5.8343,0.32456,0.04
-0.03182,6.0083,-0.03
-0.13435,0.035355,-6.016
-0.38846,-6.0576,-0.045999
-6.0733,-0.33022,-0.069
-0.13435,0.035355,6.0868
5.523,-5.5343,0.012001
-5.8867,5.8754,0.012
5.7594,0.25244,6.011
-0.29133,-5.8294,-5.949
5.7594,0.25244,-6.0918
0.33658,6.067,5.883
-0.29133,-5.8294,6.1538
-6.1865,-0.4476,5.965
6.0373,6.1815,-0.117
0.33658,6.067,-6.2198
-6.1865,-0.4476,-6.1378
-6.4601,-6.3159,-0.117
-5.6604,5.4483,-6.0498
-5.6604,5.4483,6.053
5.7492,-5.9614,-6.0498
5.7492,-5.9614,6.053
6.1355,6.3236,6.024
6.1355,6.3236,-6.0788
-6.3618,-6.1737,6.024
-6.3618,-6.1737,-6.0788
0.56632,11.914,0.07
-11.931,-0.58336,0.07
11.976,0.50435,0.070001
-0.52139,-11.993,0.070001
-7.0711e-07,7.0711e-07,-12.103
7.0711e-07,-7.0711e-07,12.103
11.378,-5.4014,-0.029999
5.3363,-11.74,-0.068999
-11.798,5.3521,-0.046
-5.5753,11.734,0.039999
-0.49523,-11.874,-5.942
-11.905,-0.46386,-5.942
-0.49523,-11.874,6.1608
5.8343,0.32456,-12.063
12.002,0.62385,-5.942
-11.905,-0.46386,6.1608
0.59248,12.034,-5.942
5.8343,0.32456,12.143
-6.0733,-0.33022,12.034
-0.031819,6.0083,12.073
-0.38846,-6.0576,12.057
12.002,0.62385,6.1608
0.59249,12.034,6.1608
-0.031821,6.0083,-12.133
-0.38846,-6.0576,-12.149
-6.0733,-0.33022,-12.172
12.109,6.4398,-0.045999
6.424,12.167,-0.069
-6.663,-12.173,0.04
-12.529,-6.4891,-0.03
11.746,-5.3427,5.883
-11.701,5.5803,-5.949
5.2231,-11.857,5.965
-5.6502,11.662,6.011
-5.6502,11.662,-6.0918
11.746,-5.3427,-6.2198
5.2231,-11.857,-6.1378
-11.701,5.5803,6.1538
5.523,-5.5343,-12.091
5.523,-5.5343,12.115
-5.8867,5.8754,-12.091
-5.8867,5.8753,12.115
6.0373,6.1815,11.986
6.3109,12.05,5.965
6.3109,12.05,-6.1378
-12.161,-6.4304,5.883
6.0373,6.1815,-12.22
-6.4601,-6.3159,11.986
-12.161,-6.4304,-6.2198
12.206,6.668,-5.949
-6.4601,-6.3159,-12.22
12.206,6.668,6.1538
-6.7379,-12.245,6.011
-6.738,-12.245,-6.0918
-11.41,11.41,-1e-06
11.41,-11.41,1e-06
0.56632,11.914,-12.033
-11.931,-0.58336,-12.033
11.976,0.50435,-12.033
-0.52139,-11.993,-12.033
0.56632,11.914,12.173
-11.931,-0.58336,12.173
11.976,0.50435,12.173
-0.52139,-11.993,12.173
11.275,-11.374,-6.016
11.275,-11.374,6.0868
-11.544,11.445,-6.016
-11.544,11.445,6.0868
11.378,-5.4014,12.073
11.378,-5.4014,-12.133
5.3363,-11.74,12.034
-12.497,-12.497,1.9594e-21
12.497,12.497,-1.9594e-21
-11.798,5.3521,12.057
-5.5753,11.734,-12.063
5.3363,-11.74,-12.172
-11.798,5.3521,-12.149
-5.5753,11.734,12.143
12.109,6.4398,12.057
6.424,12.167,12.034
12.109,6.4398,-12.149
6.424,12.167,-12.172
-6.663,-12.173,-12.063
-6.663,-12.173,12.143
-12.529,-6.4891,12.073
12.363,12.533,-6.016
-12.529,-6.4891,-12.133
12.363,12.533,6.0868
-12.632,-12.462,-6.016
-12.632,-12.462,6.0868
11.41,-11.41,-12.103
-11.41,11.41,12.103
-11.41,11.41,-12.103
11.41,-11.41,12.103
-12.497,-12.497,-12.103
12.497,12.497,12.103
-12.497,-12.497,12.103
12.497,12.497,-12.103
