-9.6192,-4.083,-9.0808
-3.667,-10.018,-9.4968
-9.9433,-9.8952,-9.0818
-9.6192,-4.083,3.022
-3.667,-10.018,2.606
-8.7843,-9.1351,-3.253
-9.9433,-9.8952,3.021
-8.7843,-9.1351,8.8498
-3.4624,2.2845,-9.1828
-9.1002,8.0141,-9.1318
2.8782,8.4144,-9.0808
-9.2282,1.8376,-9.0258
-3.0827,8.0863,-9.1908
7.9472,-9.1252,-9.1828
2.3094,-3.3955,-9.1318
8.8303,2.4791,-9.4968
-3.5893,-3.5822,-9.1128
2.1814,-9.5721,-9.0258
2.5541,2.6022,-9.0818
8.3269,-3.3234,-9.1908
-3.4624,2.2845,2.92
-9.1002,8.0141,2.971
2.8782,8.4144,3.022
-8.7537,-3.2048,-3.41
-8.246,8.7311,-3.006
-8.5338,2.6324,-3.251
-2.056,8.9716,-3.235
-9.2282,1.8376,3.077
-3.0827,8.0863,2.912
7.9472,-9.1252,2.92
2.3094,-3.3955,2.971
8.8303,2.4791,2.606
-3.2781,-8.9223,-3.076
3.1636,-2.6785,-3.006
-2.5604,2.9465,-3.458
-2.7308,-3.0717,-3.003
2.8758,-8.7773,-3.251
3.713,3.3623,-3.253
9.3536,-2.4381,-3.235
-3.5893,-3.5822,2.99
2.1814,-9.5721,3.077
2.5541,2.6022,3.021
8.3269,-3.3234,2.912
8.8492,-8.4632,-3.458
-8.7537,-3.2048,8.6928
-8.246,8.7311,9.0968
-8.5338,2.6324,8.8518
-2.056,8.9716,8.8678
-3.2781,-8.9223,9.0268
3.1636,-2.6785,9.0968
-2.5604,2.9465,8.6448
-2.7308,-3.0717,9.0998
2.8758,-8.7773,8.8518
3.713,3.3623,8.8498
9.3536,-2.4381,8.8678
8.8492,-8.4632,8.6448
8.9081,8.9152,-9.1128
3.7436,9.2926,-3.41
9.2192,3.5751,-3.076
9.7665,9.4257,-3.003
8.9081,8.9152,2.99
3.7436,9.2926,8.6928
9.2192,3.5751,9.0268
9.7665,9.4257,9.0998
-8.6556,-9.1535,-9.2198
-9.128,-4.6308,-3.175
-4.1054,-10.171,-3.083
-8.6556,-9.1535,2.883
-10.215,-9.5275,-3.408
-9.128,-4.6308,8.9278
-4.1054,-10.171,9.0198
-10.215,-9.5275,8.6948
-9.033,-2.7204,-8.8528
-8.7254,9.4623,-9.2128
-2.9088,3.6711,-9.3118
-7.8599,2.4337,-9.0598
-1.7993,8.8422,-9.2948
-3.3786,-8.5885,-9.1588
2.6842,-1.9474,-9.2128
8.5008,-7.7386,-9.3118
-2.1241,-3.2994,-9.0648
3.5497,-8.976,-9.0598
3.8417,3.3439,-9.2198
9.6103,-2.5675,-9.2948
-8.8322,7.3615,-3.152
-9.033,-2.7204,3.25
-8.7254,9.4623,2.89
-2.9088,3.6711,2.791
-7.8599,2.4337,3.043
-1.7993,8.8422,2.808
-9.8257,1.8991,-3.142
-3.5296,8.8231,-3.012
-3.2569,1.6221,-3.399
2.5774,-4.0482,-3.152
3.3694,7.8666,-3.175
8.3919,2.3264,-3.083
-3.3786,-8.5885,2.944
2.6842,-1.9474,2.89
8.5008,-7.7386,2.791
-2.1241,-3.2994,3.038
3.5497,-8.976,3.043
3.8417,3.3439,2.883
9.6103,-2.5675,2.808
-4.1974,-3.3687,-3.006
1.5839,-9.5106,-3.142
2.2825,2.9698,-3.408
7.88,-2.5866,-3.012
8.1527,-9.7876,-3.399
-8.8322,7.3615,8.9508
-9.8257,1.8991,8.9608
-3.5296,8.8231,9.0908
-3.2569,1.6221,8.7038
2.5774,-4.0482,8.9508
3.3694,7.8666,8.9278
8.3919,2.3264,9.0198
-4.1974,-3.3687,9.0968
1.5839,-9.5106,8.9608
2.2825,2.9698,8.6948
7.88,-2.5866,9.0908
8.1527,-9.7876,8.7038
3.4643,9.7769,-8.8528
9.1188,3.9089,-9.1588
10.373,9.198,-9.0648
3.4643,9.7769,3.25
9.1188,3.9089,2.944
10.373,9.198,3.038
8.2999,9.1287,-3.006
8.2999,9.1287,9.0968
-11.324,-3.856,-6.1698
-11.673,-3.8164,-11.829
-11.836,-6.8723,-8.9798
-6.0019,-12.78,-9.1378
-12.975,-11.993,-9.3228
-13.183,-9.78,-6.1948
-5.7494,-9.5961,-6.4688
-9.3436,-11.942,-6.4748
-6.0422,-9.4561,-11.985
-12.931,-9.816,-12.747
-9.2545,-7.1644,-12.419
-3.6444,-12.76,-12.523
-9.5565,-11.846,-11.923
-12.923,-6.4221,-2.934
-11.324,-3.856,5.933
-11.673,-3.8164,0.274
-7.2556,-12.065,-3.051
-11.836,-6.8723,3.123
-6.0019,-12.78,2.965
-12.975,-11.993,2.78
-11.997,-13.139,-3.126
-6.0224,-7.2118,-3.465
-13.183,-9.78,5.908
-5.7494,-9.5961,5.634
-9.3436,-11.942,5.628
-9.1464,-7.257,-6.052
-3.3749,-12.888,-5.911
-6.0422,-9.4561,0.118
-12.931,-9.816,-0.644
-9.2545,-7.1644,-0.316
-3.6444,-12.76,-0.42
-9.5565,-11.846,0.18
-12.923,-6.4221,9.1688
-11.673,-3.8164,12.377
-7.2556,-12.065,9.0518
-11.997,-13.139,8.9768
-6.0224,-7.2118,8.6378
-9.1464,-7.257,6.0508
-3.3749,-12.888,6.1918
-6.0422,-9.4561,12.221
-12.931,-9.816,11.459
-9.2545,-7.1644,11.787
-3.6444,-12.76,11.683
-9.5565,-11.846,12.283
-11.06,4.661,-8.9048
-4.9141,11.127,-9.1378
-11.99,0.0061575,-9.2978
-11.887,11.914,-9.3228
-6.3149,5.7917,-9.2668
-10.997,8.1478,-6.3478
-5.2677,2.4902,-6.3528
1.1733,8.6413,-6.1698
-8.9793,-0.060311,-6.3198
-8.2559,11.965,-6.4748
-2.6408,6.3333,-6.3198
-10.907,8.1619,-11.993
-5.4339,2.3538,-11.933
0.82403,8.6809,-11.829
-12.699,2.1466,-12.505
-6.3036,8.5282,-12.332
-8.6887,4.7374,-12.694
-2.5566,11.147,-12.523
-9.0861,-0.070917,-11.759
-8.4688,12.061,-11.923
-2.6528,6.1488,-11.808
-5.5183,-0.97298,-9.1958
0.34931,-6.7486,-8.9048
0.66114,5.625,-8.9798
6.4955,-0.28284,-9.1378
-6.6327,-5.8096,-9.3188
-0.58054,-11.404,-9.2978
-0.4773,0.50417,-9.3228
5.0947,-5.618,-9.2668
-0.68519,2.7174,-6.1948
0.41224,-3.2619,-6.3478
6.1419,-8.9194,-6.3528
6.7479,2.9013,-6.4688
12.583,-2.7683,-6.1698
-3.199,-5.5692,-6.4548
2.4303,-11.47,-6.3198
3.1537,0.55579,-6.4748
8.7688,-5.0763,-6.3198
0.50275,-3.2477,-11.993
5.9758,-9.0559,-11.933
6.4552,3.0413,-11.985
12.234,-2.7287,-11.829
-6.982,-3.4083,-12.287
-1.2898,-9.2631,-12.505
-0.43416,2.6813,-12.747
5.106,-2.8815,-12.332
-3.0391,-0.95318,-12.352
2.7209,-6.6723,-12.694
3.2428,5.333,-12.419
8.853,-0.26304,-12.523
-3.2987,-5.5091,-11.756
2.3236,-11.481,-11.759
2.9409,0.65125,-11.923
8.7568,-5.2609,-11.808
5.8914,-12.383,-9.1958
12.071,-5.7846,-8.9798
10.932,-10.905,-9.3228
10.724,-8.6923,-6.1948
10.975,-8.7283,-12.747
8.3705,-12.363,-12.352
-12.409,5.6383,-2.991
-6.6402,-0.14092,-3.115
-6.1678,11.842,-3.051
-0.42542,6.0753,-2.934
-11.06,4.661,3.198
-4.9141,11.127,2.965
-11.99,0.0061568,2.805
-11.887,11.914,2.78
-6.3149,5.7917,2.836
-10.91,10.768,-3.126
-5.506,4.5246,-3.104
-11.55,-1.2143,-3.318
-12.823,2.1345,-5.797
-6.0462,8.4419,-5.681
-10.997,8.1478,5.755
-5.2677,2.4902,5.75
1.1733,8.6413,5.933
-8.9793,-0.060311,5.783
-8.2559,11.965,5.628
-2.6408,6.3333,5.783
-8.647,4.6957,-5.857
-2.2872,11.019,-5.911
-10.907,8.1619,0.11
-5.4339,2.3538,0.17
0.82403,8.6809,0.274
-12.699,2.1466,-0.402
-6.3036,8.5282,-0.229
-8.6887,4.7374,-0.591
-2.5566,11.147,-0.42
-9.0861,-0.070918,0.344
-8.4688,12.061,0.18
-2.6528,6.1488,0.295
-0.99985,-5.7714,-2.991
4.7694,-11.551,-3.115
5.2418,0.43204,-3.051
10.984,-5.3344,-2.934
-5.5183,-0.97298,2.907
0.34931,-6.7486,3.198
0.66114,5.625,3.123
6.4955,-0.28284,2.965
-6.6327,-5.8096,2.784
-0.58053,-11.404,2.805
-0.4773,0.50417,2.78
5.0947,-5.618,2.836
0.49992,-0.64135,-3.126
5.9036,-6.8851,-3.104
6.475,5.2856,-3.465
-0.14071,-12.624,-3.318
-6.7479,-3.4033,-6.032
-1.4135,-9.2751,-5.797
-0.68519,2.7174,5.908
5.3634,-2.9677,-5.681
0.41224,-3.2619,5.755
6.1419,-8.9194,5.75
6.7479,2.9013,5.634
12.583,-2.7683,5.933
-3.199,-5.5692,5.648
2.4303,-11.47,5.783
3.1537,0.55579,5.628
8.7688,-5.0763,5.783
-2.8065,-1.0713,-5.978
2.7627,-6.714,-5.857
3.351,5.2404,-6.052
9.1224,-0.39103,-5.911
0.50275,-3.2477,0.11
5.9758,-9.0559,0.17
6.4552,3.0413,0.118
12.234,-2.7287,0.274
-6.982,-3.4083,-0.184
-1.2898,-9.2631,-0.402
-0.43416,2.6813,-0.644
5.106,-2.8815,-0.229
-3.0391,-0.95318,-0.249
2.7209,-6.6723,-0.591
3.2428,5.333,-0.316
8.853,-0.26304,-0.42
-3.2987,-5.5091,0.347
2.3236,-11.481,0.344
2.9409,0.65125,0.18
8.7568,-5.2609,0.295
5.8914,-12.383,2.907
12.071,-5.7846,3.123
10.932,-10.906,2.78
11.91,-12.051,-3.126
10.724,-8.6923,5.908
8.6031,-12.481,-5.978
10.975,-8.7283,-0.644
8.3705,-12.363,-0.249
-12.409,5.6383,9.1118
-6.6402,-0.14092,8.9878
-6.1678,11.842,9.0518
-0.42542,6.0753,9.1688
-10.91,10.768,8.9768
-5.506,4.5246,8.9988
-11.55,-1.2143,8.7848
-12.823,2.1345,6.3058
-6.0462,8.4419,6.4218
-8.647,4.6957,6.2458
-2.2872,11.019,6.1918
-10.907,8.1619,12.213
-5.4339,2.3538,12.273
0.82404,8.6809,12.377
-12.699,2.1466,11.701
-6.3036,8.5282,11.874
-8.6887,4.7374,11.512
-2.5566,11.147,11.683
-9.0861,-0.070919,12.447
-8.4688,12.061,12.283
-2.6528,6.1488,12.398
-0.99985,-5.7714,9.1118
4.7694,-11.551,8.9878
5.2418,0.43204,9.0518
10.984,-5.3344,9.1688
0.49993,-0.64135,8.9768
5.9036,-6.8851,8.9988
6.475,5.2856,8.6378
-0.14071,-12.624,8.7848
-6.7479,-3.4033,6.0708
-1.4135,-9.2751,6.3058
5.3634,-2.9677,6.4218
-2.8065,-1.0713,6.1248
2.7627,-6.714,6.2458
3.351,5.2404,6.0508
9.1224,-0.39103,6.1918
0.50275,-3.2477,12.213
5.9758,-9.0559,12.273
6.4552,3.0413,12.221
12.234,-2.7287,12.377
-6.982,-3.4083,11.919
-1.2898,-9.2631,11.701
-0.43416,2.6813,11.459
5.106,-2.8815,11.874
-3.0391,-0.95318,11.854
2.7209,-6.6723,11.512
3.2428,5.333,11.787
8.853,-0.26304,11.683
-3.2987,-5.5091,12.45
2.3236,-11.481,12.447
2.9409,0.65124,12.283
8.7568,-5.2609,12.398
11.91,-12.051,8.9768
8.6031,-12.481,6.1248
10.975,-8.7283,11.459
8.3705,-12.363,11.854
0.50718,12.504,-9.2978
3.518,12.437,-6.3198
3.4113,12.426,-11.759
6.9791,11.524,-9.1958
12.847,5.7488,-8.9048
5.8647,6.6878,-9.3188
11.917,1.0939,-9.2978
12.02,13.002,-9.3228
12.91,9.2355,-6.3478
9.2984,6.9282,-6.4548
13,9.2496,-11.993
5.5154,9.0891,-12.287
11.208,3.2343,-12.505
9.4582,11.544,-12.352
9.1987,6.9883,-11.756
5.8572,12.356,-3.115
0.50718,12.504,2.805
0.947,11.283,-3.318
3.518,12.437,5.783
3.4113,12.426,0.344
11.497,6.726,-2.991
6.9791,11.524,2.907
12.847,5.7488,3.198
5.8647,6.6878,2.784
11.917,1.0939,2.805
12.02,13.002,2.78
12.997,11.856,-3.126
12.357,-0.1266,-3.318
5.7494,9.0941,-6.032
11.084,3.2223,-5.797
12.91,9.2355,5.755
9.2984,6.9282,5.648
9.6908,11.426,-5.978
13,9.2496,0.11
5.5154,9.0891,-0.184
11.208,3.2343,-0.402
9.4582,11.544,-0.249
9.1987,6.9883,0.347
5.8572,12.356,8.9878
0.947,11.283,8.7848
3.4113,12.426,12.447
11.497,6.726,9.1118
12.997,11.856,8.9768
12.357,-0.1266,8.7848
5.7494,9.0941,6.0708
11.084,3.2223,6.3058
9.6908,11.426,6.1248
13,9.2496,12.213
5.5154,9.0891,11.919
11.208,3.2343,11.701
9.4582,11.544,11.854
9.1987,6.9883,12.45
0,0,0
0.33375,5.794,-0.152
5.9157,0.15415,-0.064
0.077075,-0.3981,-5.934
-5.9489,-0.52821,-0.059
-0.24749,-6.0571,0.125
0.077075,-0.3981,6.1688
-5.8001,5.506,0.047999
5.6095,-5.9036,0.048
0.18526,5.5975,5.987
0.18526,5.5975,-6.1158
5.992,-0.025456,5.98
5.992,-0.025455,-6.1228
-6.0493,-0.64842,6.0408
-6.0493,-0.64842,-6.062
6.156,6.1659,-0.074
-0.48437,-6.3746,-5.925
-0.48437,-6.3746,6.1778
-6.3413,-6.3314,-0.074
-5.7393,5.342,-5.825
-5.7393,5.342,6.2778
5.6703,-6.0677,-5.825
6.289,5.8478,5.746
5.6703,-6.0677,6.2778
6.289,5.8478,-6.3568
-6.2083,-6.6496,5.746
-6.2083,-6.6496,-6.3568
0.49445,11.768,-0.061001
11.904,0.35848,-0.061
-12.003,-0.72923,-0.061001
7.0711e-07,-7.0711e-07,12.103
-7.0711e-07,7.0711e-07,-12.103
-0.59326,-12.139,-0.061
-5.494,11.564,-0.064001
-11.657,5.3526,0.125
11.743,-5.6156,-0.152
0.43725,11.601,5.92
5.4607,-11.938,-0.058999
0.43725,11.601,-6.1828
11.847,0.19092,5.92
0.33376,5.794,11.951
11.847,0.19092,-6.1828
5.9157,0.15415,12.039
-0.24749,-6.0571,-11.978
-5.9489,-0.52821,12.044
-12.06,-0.89679,5.92
5.9157,0.15415,-12.167
-5.9489,-0.52821,-12.162
0.33375,5.794,-12.255
-12.06,-0.89679,-6.1828
6.5484,11.969,-0.059
-0.24749,-6.0571,12.228
-0.65047,-12.306,5.92
-0.65047,-12.306,-6.1828
12.25,6.4403,0.125
-12.164,-6.7033,-0.152
-5.4176,11.384,5.98
-6.5817,-12.343,-0.064
-5.4176,11.384,-6.1228
-11.894,5.0351,-5.925
11.595,-5.8122,5.987
-11.894,5.0351,6.1778
11.595,-5.8122,-6.1158
-5.8001,5.506,-12.055
5.3603,-12.058,6.0408
5.3603,-12.058,-6.062
-5.8001,5.506,12.151
5.6095,-5.9036,-12.055
5.6095,-5.9036,12.151
12.013,6.1228,-5.925
6.448,11.849,6.0408
6.448,11.849,-6.062
12.013,6.1228,6.1778
6.156,6.1659,12.029
6.156,6.1659,-12.177
-6.3413,-6.3314,12.029
-6.3413,-6.3314,-12.177
-6.5053,-12.523,5.98
-12.312,-6.8999,5.987
-12.312,-6.8999,-6.1158
-6.5053,-12.523,-6.1228
-11.41,11.41,-1e-06
11.41,-11.41,1e-06
0.49445,11.768,12.042
-11.333,11.012,-5.934
0.49445,11.768,-12.164
11.904,0.35848,12.042
-11.333,11.012,6.1688
-12.003,-0.72923,12.042
11.904,0.35848,-12.164
-12.003,-0.72923,-12.164
-0.59326,-12.139,12.042
-0.59326,-12.139,-12.164
11.487,-11.808,-5.934
-11.657,5.3526,-11.978
-5.494,11.564,12.039
11.487,-11.808,6.1688
-5.494,11.564,-12.167
11.743,-5.6156,11.951
-12.497,-12.497,1.9594e-21
12.497,12.497,-1.9594e-21
-11.657,5.3526,12.228
5.4607,-11.938,12.044
11.743,-5.6156,-12.255
5.4607,-11.938,-12.162
6.5484,11.969,12.044
6.5484,11.969,-12.162
12.25,6.4403,-11.978
-12.164,-6.7033,11.951
12.574,12.099,-5.934
-6.5817,-12.343,12.039
12.25,6.4403,12.228
12.574,12.099,6.1688
-12.164,-6.7033,-12.255
-6.5817,-12.343,-12.167
-12.42,-12.895,-5.934
-12.42,-12.895,6.1688
-11.41,11.41,12.103
11.41,-11.41,-12.103
-11.41,11.41,-12.103
11.41,-11.41,12.103
12.497,12.497,12.103
-12.497,-12.497,-12.103
-12.497,-12.497,12.103
12.497,12.497,-12.103
