-9.5664,-3.9562,-9.5658
-3.9406,-9.5084,-9.6098
-10.076,-9.8457,-8.8958
-9.5664,-3.9562,2.537
-3.9406,-9.5084,2.493
-8.6266,-9.1316,-3.349
-10.076,-9.8457,3.207
-8.6266,-9.1316,8.7538
-9.1504,8.012,-9.4328
-9.3979,1.9054,-9.4688
-3.1591,8.4144,-9.0288
-3.3644,2.1383,-9.3378
2.2592,-3.3976,-9.4328
2.931,8.5411,-9.5658
8.5567,2.9889,-9.6098
-3.5907,-3.7236,-9.0618
2.0117,-9.5042,-9.4688
2.4211,2.6517,-8.8958
8.2505,-2.9953,-9.0288
8.0452,-9.2714,-9.3378
-9.1504,8.012,2.67
-8.7721,-2.9969,-3.705
-8.1138,8.9878,-3.417
-2.7242,3.5445,-2.903
-8.415,2.8275,-3.06
-2.4039,8.8415,-3.432
-9.3979,1.9054,2.634
-3.1591,8.4144,3.074
-3.3644,2.1383,2.765
2.2592,-3.3976,2.67
2.931,8.5411,2.537
8.5567,2.9889,2.493
-3.2944,-8.7052,-3.315
3.2958,-2.4218,-3.417
8.6854,-7.8651,-2.903
-2.5979,-2.902,-3.131
2.9946,-8.5822,-3.06
3.8707,3.3658,-3.349
9.0057,-2.5682,-3.432
-3.5907,-3.7236,3.041
2.0117,-9.5042,2.634
2.4211,2.6517,3.207
8.2505,-2.9953,3.074
8.0452,-9.2714,2.765
-8.7721,-2.9969,8.3978
-8.1138,8.9878,8.6858
-2.7242,3.5445,9.1998
-8.415,2.8275,9.0428
-2.4039,8.8415,8.6708
-3.2944,-8.7052,8.7878
3.2958,-2.4218,8.6858
8.6854,-7.8651,9.1998
-2.5979,-2.902,8.9718
2.9946,-8.5822,9.0428
3.8707,3.3658,8.7538
9.0057,-2.5682,8.6708
8.9066,8.7738,-9.0618
3.7252,9.5005,-3.705
9.2029,3.7922,-3.315
9.8994,9.5954,-3.131
8.9066,8.7738,3.041
3.7252,9.5005,8.3978
9.2029,3.7922,8.7878
9.8994,9.5954,8.9718
-8.715,-9.2751,-9.1518
-9.5218,-4.2893,-3.569
-3.8805,-10.083,-3.342
-8.715,-9.2751,2.951
-9.9567,-9.7814,-3.14
-9.5218,-4.2893,8.5338
-3.8805,-10.083,8.7608
-9.9567,-9.7814,8.9628
-9.0408,-2.5727,-9.3198
-8.49,9.3569,-9.5278
-2.6281,3.4498,-9.1968
-8.0919,2.626,-9.5618
-1.7399,8.8195,-9.2638
-3.2972,-8.1678,-9.4838
2.9196,-2.0527,-9.5278
8.7816,-7.9599,-9.1968
-2.2663,-3.03,-8.9838
3.3177,-8.7837,-9.5618
3.7823,3.2223,-9.1518
9.6697,-2.5901,-9.2638
-8.7155,7.6394,-3.181
-9.0408,-2.5727,2.783
-8.49,9.3569,2.575
-2.6281,3.4498,2.906
-8.0919,2.626,2.541
-1.7399,8.8195,2.839
-9.7988,2.2555,-3.16
-3.6732,8.0587,-3.291
-3.1721,2.3009,-3.599
2.6941,-3.7703,-3.181
2.9755,8.2081,-3.569
8.6168,2.4141,-3.342
-3.2972,-8.1678,2.619
2.9196,-2.0527,2.575
8.7816,-7.9599,2.906
-2.2663,-3.03,3.119
3.3177,-8.7837,2.541
3.7823,3.2223,2.951
9.6697,-2.5901,2.839
-4.0029,-3.4118,-3.236
1.6108,-9.1542,-3.16
2.5406,2.716,-3.14
7.7365,-3.351,-3.291
8.2375,-9.1087,-3.599
-8.7155,7.6394,8.9218
-9.7988,2.2555,8.9428
-3.6732,8.0587,8.8118
-3.1721,2.3009,8.5038
2.6941,-3.7703,8.9218
2.9755,8.2081,8.5338
8.6168,2.4141,8.7608
-4.0029,-3.4118,8.8668
1.6108,-9.1542,8.9428
2.5406,2.716,8.9628
7.7365,-3.351,8.8118
8.2375,-9.1087,8.5038
3.4565,9.9247,-9.3198
9.2001,4.3296,-9.4838
10.231,9.4674,-8.9838
3.4565,9.9247,2.783
9.2001,4.3296,2.619
10.231,9.4674,3.119
8.4944,9.0856,-3.236
8.4944,9.0856,8.8668
-11.32,-3.7019,-6.5948
-11.518,-3.7945,-12.289
-11.515,-6.8837,-9.3198
-6.0209,-12.763,-9.4478
-12.903,-12.027,-9.2208
-5.7975,-9.4915,-6.5798
-9.5678,-12.048,-6.3678
-6.0853,-9.3324,-12.216
-12.855,-9.5954,-12.713
-9.3684,-7.1976,-12.739
-3.6967,-12.721,-12.961
-9.5869,-11.687,-11.632
-12.697,-6.4059,-3.136
-11.32,-3.7019,5.508
-11.518,-3.7945,-0.186
-7.1304,-12.093,-3.393
-11.515,-6.8837,2.783
-6.0209,-12.763,2.655
-12.903,-12.027,2.882
-12.058,-13.162,-3.143
-6.0407,-6.7988,-3.395
-12.982,-9.6385,-5.861
-5.7975,-9.4915,5.523
-9.5678,-12.048,5.735
-9.338,-7.3016,-5.96
-3.522,-12.837,-6.07
-6.0853,-9.3324,-0.113
-12.855,-9.5954,-0.61
-9.3684,-7.1976,-0.636
-3.6967,-12.721,-0.858
-9.5869,-11.687,0.471
-12.697,-6.4059,8.9668
-11.518,-3.7945,11.917
-7.1304,-12.093,8.7098
-12.058,-13.162,8.9598
-6.0407,-6.7988,8.7078
-12.982,-9.6385,6.2418
-9.338,-7.3016,6.1428
-3.522,-12.837,6.0328
-6.0853,-9.3324,11.99
-12.855,-9.5954,11.493
-9.3684,-7.1976,11.467
-3.6967,-12.721,11.245
-9.5869,-11.687,12.574
-10.833,4.8435,-9.0568
-4.9332,11.145,-9.4478
-12.523,0.0104,-9.5098
-11.815,11.88,-9.2208
-6.5263,5.8009,-9.2258
-12.716,2.3276,-6.3448
-6.2541,8.531,-6.3088
-10.921,8.0431,-6.2988
-5.4332,2.5383,-6.6638
1.1776,8.7955,-6.5948
-8.9291,0.18223,-6.4718
-8.4801,11.859,-6.3678
-2.6691,6.5101,-6.5248
-11.444,8.1633,-11.878
-5.6248,2.4966,-11.992
0.97889,8.7029,-12.289
-12.67,2.1628,-12.757
-6.2541,8.5862,-12.607
-8.9609,5.0931,-12.491
-2.609,11.186,-12.961
-9.207,-0.022127,-12.155
-8.4992,12.22,-11.632
-2.9639,6.3567,-11.909
-5.2411,-0.79479,-9.3538
0.577,-6.5662,-9.0568
0.98217,5.6137,-9.3198
6.4764,-0.26516,-9.4478
-6.7182,-5.6434,-9.5218
-1.1137,-11.399,-9.5098
-0.40517,0.47023,-9.2208
4.8833,-5.6088,-9.2258
-6.6935,-3.4026,-6.3068
-1.3067,-9.0821,-6.3448
5.1555,-2.8786,-6.3088
0.48861,-3.3665,-6.2988
5.9765,-8.8714,-6.6638
6.6998,3.0059,-6.5798
12.587,-2.6142,-6.5948
-3.5546,-5.7764,-6.4748
2.4805,-11.227,-6.4718
2.9295,0.44901,-6.3678
8.7405,-4.8995,-6.5248
-0.034649,-3.2463,-11.878
5.7848,-8.9131,-11.992
6.412,3.165,-12.216
12.389,-2.7068,-12.289
-7.0937,-3.3234,-12.607
-1.2608,-9.2468,-12.757
-0.3578,2.902,-12.713
5.1555,-2.8235,-12.607
-2.8949,-0.56568,-12.744
2.4487,-6.3166,-12.491
3.1289,5.2998,-12.739
8.8007,-0.22345,-12.961
-3.4606,-5.6908,-12.082
2.2026,-11.432,-12.155
2.9105,0.81035,-11.632
8.4457,-5.053,-11.909
6.1685,-12.204,-9.3538
12.392,-5.7959,-9.3198
11.004,-10.939,-9.2208
11.052,-8.5077,-12.713
8.5147,-11.975,-12.744
-12.484,5.4855,-3.182
-6.527,0.041512,-3.363
-6.0427,11.814,-3.393
-0.19986,6.0915,-3.136
-10.833,4.8435,3.046
-4.9332,11.145,2.655
-12.523,0.010399,2.593
-11.815,11.88,2.882
-6.5263,5.8009,2.877
-10.97,10.745,-3.143
-5.6128,4.9,-3.085
-11.548,-1.1181,-3.381
-12.716,2.3276,5.758
-6.2541,8.531,5.794
-10.921,8.0431,5.804
-5.4332,2.5383,5.439
1.1776,8.7955,5.508
-8.9291,0.18223,5.631
-8.4801,11.859,5.735
-2.6691,6.5101,5.578
-8.6533,4.7445,-5.778
-2.4343,11.07,-6.07
-11.444,8.1633,0.225
-5.6248,2.4966,0.111
0.97889,8.7029,-0.186
-12.67,2.1628,-0.654
-6.2541,8.5862,-0.504
-8.9609,5.0931,-0.388
-2.609,11.186,-0.858
-9.207,-0.022127,-0.052001
-8.4992,12.22,0.471
-2.9639,6.3567,0.194
-1.0748,-5.9241,-3.182
4.8826,-11.368,-3.363
5.3669,0.40447,-3.393
11.21,-5.3182,-3.136
-5.2411,-0.79479,2.749
0.577,-6.5662,3.046
0.98217,5.6137,2.783
6.4764,-0.26517,2.655
-6.7182,-5.6434,2.581
-1.1137,-11.399,2.593
-0.40517,0.47023,2.882
4.8833,-5.6088,2.877
0.43982,-0.66468,-3.143
5.7969,-6.5096,-3.085
6.4566,5.6986,-3.395
-0.13789,-12.528,-3.381
-6.6935,-3.4026,5.796
-1.3067,-9.0821,5.758
-0.48437,2.8588,-5.861
5.1555,-2.8786,5.794
0.48861,-3.3665,5.804
5.9765,-8.8714,5.439
6.6998,3.0059,5.523
12.587,-2.6142,5.508
-3.5546,-5.7764,5.628
2.4805,-11.227,5.631
2.9295,0.44901,5.735
8.7405,-4.8995,5.578
-2.9812,-0.93762,-5.791
2.7563,-6.6652,-5.778
3.1594,5.1958,-5.96
8.9753,-0.34012,-6.07
-0.034648,-3.2463,0.225
5.7848,-8.9131,0.111
6.412,3.165,-0.113
12.389,-2.7068,-0.186
-7.0937,-3.3234,-0.504
-1.2608,-9.2468,-0.654
-0.3578,2.902,-0.61
5.1555,-2.8235,-0.504
-2.8949,-0.56569,-0.641
2.4487,-6.3166,-0.388
3.1289,5.2998,-0.636
8.8007,-0.22345,-0.858
-3.4606,-5.6908,0.021
2.2026,-11.432,-0.052
2.9105,0.81034,0.471
8.4457,-5.053,0.194
6.1685,-12.204,2.749
12.392,-5.7959,2.783
11.004,-10.939,2.882
11.849,-12.074,-3.143
10.925,-8.5508,-5.861
8.4285,-12.347,-5.791
11.052,-8.5077,-0.61
8.5147,-11.975,-0.641
-12.484,5.4855,8.9208
-6.527,0.041511,8.7398
-6.0427,11.814,8.7098
-0.19986,6.0915,8.9668
-10.97,10.745,8.9598
-5.6128,4.9,9.0178
-11.548,-1.1181,8.7218
-8.6533,4.7445,6.3248
-2.4343,11.07,6.0328
-11.444,8.1633,12.328
-5.6248,2.4966,12.214
0.97889,8.7029,11.917
-12.67,2.1628,11.449
-6.2541,8.5862,11.599
-8.9609,5.0931,11.715
-2.609,11.186,11.245
-9.207,-0.022128,12.051
-8.4992,12.22,12.574
-2.9639,6.3567,12.297
-1.0748,-5.9241,8.9208
4.8826,-11.368,8.7398
5.3669,0.40446,8.7098
11.21,-5.3182,8.9668
0.43982,-0.66468,8.9598
5.7969,-6.5096,9.0178
6.4566,5.6986,8.7078
-0.13789,-12.528,8.7218
-0.48437,2.8588,6.2418
-2.9812,-0.93762,6.3118
2.7563,-6.6652,6.3248
3.1594,5.1958,6.1428
8.9753,-0.34012,6.0328
-0.034648,-3.2463,12.328
5.7848,-8.9131,12.214
6.412,3.165,11.99
12.389,-2.7068,11.917
-7.0937,-3.3234,11.599
-1.2608,-9.2468,11.449
-0.3578,2.902,11.493
5.1555,-2.8235,11.599
-2.8949,-0.56569,11.462
2.4487,-6.3166,11.715
3.1289,5.2998,11.467
8.8007,-0.22345,11.245
-3.4606,-5.6908,12.124
2.2026,-11.432,12.051
2.9105,0.81034,12.574
8.4457,-5.053,12.297
11.849,-12.074,8.9598
10.925,-8.5508,6.2418
8.4285,-12.347,6.3118
11.052,-8.5077,11.493
8.5147,-11.975,11.462
-0.025979,12.508,-9.5098
3.5682,12.68,-6.4718
3.2904,12.475,-12.155
7.2563,11.703,-9.3538
13.074,5.9312,-9.0568
5.7791,6.854,-9.5218
11.384,1.0981,-9.5098
12.092,12.968,-9.2208
5.8039,9.0948,-6.3068
11.191,3.4153,-6.3448
12.986,9.1308,-6.2988
8.9427,6.721,-6.4748
12.463,9.2511,-11.878
5.4036,9.174,-12.607
11.237,3.2505,-12.757
9.6024,11.932,-12.744
9.0368,6.8066,-12.082
5.9703,12.539,-3.363
-0.025978,12.508,2.593
0.94983,11.379,-3.381
3.5682,12.68,5.631
3.2904,12.475,-0.052001
11.423,6.5732,-3.182
7.2563,11.703,2.749
13.074,5.9312,3.046
5.7791,6.854,2.581
11.384,1.0981,2.593
12.092,12.968,2.882
12.937,11.833,-3.143
12.359,-0.030431,-3.381
5.8039,9.0948,5.796
11.191,3.4153,5.758
12.986,9.1308,5.804
8.9427,6.721,5.628
9.5162,11.56,-5.791
12.463,9.2511,0.225
5.4036,9.174,-0.504
11.237,3.2505,-0.654
9.6024,11.932,-0.641
9.0368,6.8066,0.021
5.9703,12.539,8.7398
0.94983,11.379,8.7218
3.2904,12.475,12.051
11.423,6.5732,8.9208
12.937,11.833,8.9598
12.359,-0.030432,8.7218
9.5162,11.56,6.3118
12.463,9.2511,12.328
5.4036,9.174,11.599
11.237,3.2505,11.449
9.6024,11.932,11.462
9.0368,6.8066,12.124
0,0,0
5.835,0.21496,-0.281
0.28496,5.8372,-0.229
-5.8591,-0.43699,-0.095
-0.1492,-0.22274,-6.05
-0.1492,-0.22274,6.0528
-0.39315,-6.2324,-0.429
-5.7103,5.6665,-0.219
5.6993,-5.7431,-0.219
5.9043,0.14849,5.639
0.28214,5.8966,5.9748
-6.033,-0.38184,5.8818
-0.15768,-6.2331,5.785
0.28214,5.8966,-6.128
5.9892,6.1377,-0.196
-6.033,-0.38184,-6.221
5.9043,0.14849,-6.4638
-0.15769,-6.2331,-6.3178
-6.5081,-6.3597,-0.196
-5.6714,5.5824,5.608
5.7382,-5.8273,5.608
-5.6714,5.5824,-6.4948
6.0387,6.0429,5.8758
5.7382,-5.8273,-6.4948
6.0387,6.0429,-6.227
-6.4586,-6.4544,5.8758
-6.4586,-6.4544,-6.227
11.777,0.52748,-0.283
0.36788,11.937,-0.283
-0.71983,-11.97,-0.283
7.0711e-07,-7.0711e-07,12.103
-7.0711e-07,7.0711e-07,-12.103
-12.129,-0.56024,-0.283
-5.5746,11.625,-0.281
-11.803,5.1772,-0.429
11.695,-5.5725,-0.229
5.5505,-11.847,-0.094999
5.835,0.21496,11.822
11.848,0.46666,5.8598
0.28496,5.8372,11.874
-0.39315,-6.2324,11.674
0.43859,11.876,5.8598
-5.8591,-0.43699,12.008
-0.64912,-12.031,5.8598
11.848,0.46667,-6.243
-12.059,-0.62105,5.8598
0.43859,11.876,-6.243
-5.8591,-0.43699,-12.198
-0.64912,-12.031,-6.243
-12.059,-0.62105,-6.243
12.104,6.2649,-0.429
0.28496,5.8372,-12.332
5.835,0.21496,-12.384
6.6382,12.06,-0.095
-12.212,-6.6602,-0.229
-11.567,5.1765,5.785
-6.6623,-12.282,-0.281
-5.5053,11.558,5.639
-0.39315,-6.2324,-12.532
-11.567,5.1765,-6.3178
5.3766,-11.792,5.8818
11.692,-5.5131,5.9748
11.692,-5.5131,-6.128
-5.5053,11.558,-6.4638
-5.7103,5.6665,11.884
5.3766,-11.792,-6.221
5.6993,-5.7431,11.884
5.9892,6.1377,11.907
-5.7103,5.6665,-12.322
5.6993,-5.7431,-12.322
6.4643,12.116,5.8818
-6.5081,-6.3597,11.907
5.9892,6.1377,-12.299
12.34,6.2642,5.785
6.4643,12.116,-6.221
-6.593,-12.349,5.639
-12.215,-6.6008,5.9748
-12.215,-6.6008,-6.128
12.34,6.2642,-6.3178
-6.5081,-6.3597,-12.299
-6.593,-12.349,-6.4638
-11.41,11.41,-1e-06
11.41,-11.41,1e-06
11.778,0.52748,11.82
0.36788,11.937,11.82
-0.71983,-11.97,11.82
-12.129,-0.56024,11.82
11.777,0.52748,-12.386
-11.559,11.187,-6.05
-11.559,11.187,6.0528
0.36788,11.937,-12.386
-0.71984,-11.97,-12.386
11.26,-11.632,-6.05
11.26,-11.632,6.0528
-12.129,-0.56024,-12.386
-11.803,5.1772,11.674
-5.5746,11.625,11.822
11.695,-5.5725,11.874
-12.497,-12.497,1.9594e-21
12.497,12.497,-1.9594e-21
5.5505,-11.847,12.008
-5.5746,11.625,-12.384
11.695,-5.5725,-12.332
5.5505,-11.847,-12.198
12.104,6.2649,11.674
-11.803,5.1772,-12.532
6.6382,12.06,12.008
-12.212,-6.6602,11.874
-6.6623,-12.282,11.822
6.6382,12.06,-12.198
12.348,12.275,-6.05
12.348,12.275,6.0528
12.104,6.2649,-12.532
-12.212,-6.6602,-12.332
-6.6623,-12.282,-12.384
-12.647,-12.72,-6.05
-12.647,-12.72,6.0528
-11.41,11.41,12.103
11.41,-11.41,-12.103
-11.41,11.41,-12.103
11.41,-11.41,12.103
12.497,12.497,12.103
-12.497,-12.497,-12.103
-12.497,-12.497,12.103
12.497,12.497,-12.103
