-9.4716,-3.6791,-9.1958
-3.8035,-9.5749,-9.0558
-9.8598,-9.519,-9.3828
-9.4716,-3.6791,2.907
-3.8035,-9.5749,3.047
-8.8564,-8.8494,-3.373
-9.8598,-9.519,2.72
-8.8564,-8.8494,8.7298
-8.9256,7.9484,-9.1238
-9.6015,2.2222,-9.1358
-3.2977,8.717,-9.6778
-3.31,2.4049,-9.2358
2.4841,-3.4613,-9.1238
3.0257,8.8183,-9.1958
8.6939,2.9225,-9.0558
-3.6218,-3.445,-9.4078
1.8081,-9.1874,-9.1358
2.6375,2.9783,-9.3828
8.1119,-2.6927,-9.6778
8.0997,-9.0048,-9.2358
-8.9256,7.9484,2.979
-8.7969,-2.6299,-2.998
-7.9978,9.3032,-3.141
-8.0933,3.2511,-3.291
-1.8382,9.352,-3.389
-9.6015,2.2222,2.967
-3.2977,8.717,2.425
-3.31,2.4049,2.867
2.4841,-3.4613,2.979
3.0257,8.8183,2.907
8.6939,2.9225,3.047
-2.7917,-8.044,-3.093
3.4118,-2.1065,-3.141
-2.1786,3.4104,-3.354
-2.4593,-2.4735,-3.317
3.3163,-8.1586,-3.291
3.6409,3.648,-3.373
9.5714,-2.0577,-3.389
-3.6218,-3.445,2.695
1.8081,-9.1874,2.967
2.6375,2.9783,2.72
8.1119,-2.6927,2.425
8.0997,-9.0048,2.867
9.231,-7.9993,-3.354
-8.7969,-2.6299,9.1048
-7.9978,9.3032,8.9618
-8.0933,3.2511,8.8118
-1.8382,9.352,8.7138
-2.7917,-8.044,9.0098
3.4118,-2.1065,8.9618
-2.1786,3.4104,8.7488
-2.4593,-2.4735,8.7858
3.3163,-8.1586,8.8118
3.6409,3.648,8.7298
9.5714,-2.0577,8.7138
9.231,-7.9993,8.7488
8.8755,9.0524,-9.4078
3.7005,9.8674,-2.998
9.7057,4.4533,-3.093
10.038,10.024,-3.317
8.8755,9.0524,2.695
3.7005,9.8674,9.1048
9.7057,4.4533,9.0098
10.038,10.024,8.7858
-8.4958,-8.8975,-9.3128
-9.3995,-3.9789,-3.235
-3.4308,-9.3861,-3.24
-8.4958,-8.8975,2.79
-10.264,-9.3543,-3.479
-9.3995,-3.9789,8.8678
-3.4308,-9.3861,8.8628
-10.264,-9.3543,8.6238
-8.9178,-2.2884,-9.2238
-8.2474,9.277,-9.2258
-2.6309,3.7383,-9.2428
-8.2453,2.8516,-9.2198
-1.8686,9.1377,-9.5008
-3.2385,-8.1911,-9.0998
3.1622,-2.1326,-9.2258
8.7787,-7.6714,-9.2428
-2.2175,-2.9713,-9.2128
3.1643,-8.5581,-9.2198
4.0015,3.5999,-9.3128
9.541,-2.2719,-9.5008
-8.5444,7.9123,-3.171
-8.9178,-2.2884,2.879
-8.2474,9.277,2.877
-2.6309,3.7383,2.86
-8.2453,2.8516,2.883
-1.8686,9.1377,2.602
-9.4651,2.6514,-3.284
-3.1959,8.7283,-3.31
-2.7924,2.057,-3.243
2.8652,-3.4974,-3.171
3.0978,8.5185,-3.235
9.0665,3.1113,-3.24
-3.2385,-8.1911,3.003
3.1622,-2.1326,2.877
8.7787,-7.6714,2.86
-2.2175,-2.9713,2.89
3.1643,-8.5581,2.883
4.0015,3.5999,2.79
9.541,-2.2719,2.602
-3.8262,-3.0724,-3.257
1.9445,-8.7582,-3.284
2.2338,3.1431,-3.479
8.2138,-2.6813,-3.31
8.6173,-9.3527,-3.243
-8.5444,7.9123,8.9318
-9.4651,2.6514,8.8188
-3.1959,8.7283,8.7928
-2.7924,2.057,8.8598
2.8652,-3.4974,8.9318
3.0978,8.5185,8.8678
9.0665,3.1113,8.8628
-3.8262,-3.0724,8.8458
1.9445,-8.7582,8.8188
2.2338,3.1431,8.6238
8.2138,-2.6813,8.7928
8.6173,-9.3527,8.8598
3.5796,10.209,-9.2238
9.2588,4.3063,-9.0998
10.28,9.5261,-9.2128
3.5796,10.209,2.879
9.2588,4.3063,3.003
10.28,9.5261,2.89
8.6712,9.425,-3.257
8.6712,9.425,8.8458
-12.385,-0.020687,-9.0488
-11.866,-3.4749,-6.6088
-11.575,-3.3391,-11.939
-11.671,-6.5853,-9.3918
-6.1546,-12.401,-9.1248
-0.97503,-11.43,-9.0488
-12.917,-11.814,-9.3218
-5.8406,-9.0538,-6.5548
-9.5042,-11.597,-6.5948
-5.4029,-9.0262,-11.996
-12.792,-9.3515,-12.683
-9.1343,-6.9381,-12.729
-3.44,-12.573,-12.766
-9.4207,-11.693,-11.919
-12.754,-6.1195,-3.251
-12.385,-0.020688,3.054
-11.866,-3.4749,5.494
-11.575,-3.3391,0.164
-7.1544,-11.679,-3.096
-11.671,-6.5853,2.711
-6.1546,-12.401,2.978
-0.97503,-11.43,3.054
-12.917,-11.814,2.781
-12.012,-12.842,-3.183
-12.948,-9.5127,-6.134
-5.8406,-9.0538,5.548
-9.5042,-11.597,5.508
-9.2248,-6.7712,-6.109
-3.556,-12.34,-5.861
-5.4029,-9.0262,0.107
-12.792,-9.3515,-0.58
-9.1343,-6.9381,-0.626
-3.44,-12.573,-0.663
-9.4207,-11.693,0.184
-12.754,-6.1195,8.8518
-11.575,-3.3391,12.267
-7.1544,-11.679,9.0068
-12.012,-12.842,8.9198
-12.948,-9.5127,5.9688
-9.2248,-6.7712,5.9938
-3.556,-12.34,6.2418
-5.4029,-9.0262,12.21
-12.792,-9.3515,11.523
-9.1343,-6.9381,11.477
-3.44,-12.573,11.44
-9.4207,-11.693,12.287
-11.412,5.0888,-9.2368
-5.0669,11.506,-9.1248
0.11268,12.477,-9.0488
-11.83,12.093,-9.3218
-6.0285,6.2747,-9.1518
-10.79,8.5685,-6.4438
-5.192,2.8261,-6.4798
0.63099,9.0225,-6.6088
-9.0182,0.33779,-6.4458
-8.4164,12.31,-6.5948
-2.6931,6.5936,-6.7208
-10.88,8.3939,-11.992
-5.3723,2.7915,-11.987
0.92232,9.1582,-11.939
-12.144,2.6019,-12.437
-5.8496,8.9157,-12.488
-8.6109,5.0061,-12.506
-2.3523,11.334,-12.766
-8.9545,0.17516,-11.979
-8.333,12.214,-11.919
-2.6988,6.2725,-12.191
-5.3528,-0.52892,-9.4048
-0.002122,-6.3208,-9.2368
0.82661,5.9121,-9.3918
6.3427,0.096167,-9.1248
-6.5987,-5.5494,-9.1858
11.522,1.067,-9.0488
-0.42002,0.68307,-9.3218
5.3811,-5.135,-9.1518
0.61942,-2.8412,-6.4438
6.2176,-8.5836,-6.4798
6.6567,3.4436,-6.5548
12.041,-2.3872,-6.6088
-3.2753,-5.3005,-6.4718
2.3914,-11.072,-6.4458
2.9932,0.90015,-6.5948
8.7165,-4.8161,-6.7208
0.52962,-3.0158,-11.992
6.0373,-8.6182,-11.987
7.0944,3.4712,-11.996
12.332,-2.2514,-11.939
-6.7578,-3.071,-12.555
-0.73398,-8.8077,-12.437
-0.29486,3.1459,-12.683
5.56,-2.494,-12.488
-2.8518,-0.63852,-12.625
2.7987,-6.4036,-12.506
3.363,5.5593,-12.729
9.0573,-0.07566,-12.766
-3.2159,-5.4871,-12.248
2.4551,-11.235,-11.979
3.0766,0.80398,-11.919
8.7108,-5.1371,-12.191
6.0568,-11.939,-9.4048
12.236,-5.4975,-9.3918
10.99,-10.727,-9.3218
11.115,-8.2637,-12.683
8.5579,-12.048,-12.625
-12.134,6.1686,-3.156
-6.5306,0.16808,-3.292
-6.0667,12.228,-3.096
-0.25713,6.3779,-3.251
-11.412,5.0888,2.866
-5.0669,11.506,2.978
0.11269,12.477,3.054
-11.83,12.093,2.781
-6.0285,6.2747,2.951
-10.924,11.065,-3.183
-5.0216,5.231,-3.332
-11.483,-0.73277,-2.982
-12.301,2.5532,-5.774
-6.1502,8.9574,-5.994
-10.79,8.5685,5.659
-5.192,2.8261,5.623
0.63099,9.0225,5.494
-9.0182,0.33779,5.657
-8.4164,12.31,5.508
-2.6931,6.5936,5.382
-8.671,5.1808,-6.045
-2.4683,11.567,-5.861
-10.88,8.3939,0.111
-5.3723,2.7915,0.116
0.92232,9.1582,0.164
-12.144,2.6019,-0.334
-5.8496,8.9157,-0.385
-8.6109,5.0061,-0.403
-2.3523,11.334,-0.663
-8.9545,0.17516,0.124
-8.333,12.214,0.184
-2.6988,6.2725,-0.088001
-0.72408,-5.2411,-3.156
4.879,-11.242,-3.292
5.3429,0.81883,-3.096
11.152,-5.0318,-3.251
-5.3528,-0.52892,2.698
-0.0021213,-6.3208,2.866
0.82661,5.9121,2.711
6.3427,0.096167,2.978
-6.5987,-5.5494,2.917
11.522,1.067,3.054
-0.42002,0.68307,2.781
5.3811,-5.135,2.951
0.48578,-0.34436,-3.183
6.388,-6.1787,-3.332
-5.6957,-6.6249,-3.193
-0.073539,-12.142,-2.982
-6.8809,-3.1035,-5.965
-0.89166,-8.8565,-5.774
-0.45043,2.9847,-6.134
5.2595,-2.4522,-5.994
0.61943,-2.8412,5.659
6.2176,-8.5836,5.623
6.6567,3.4436,5.548
12.041,-2.3872,5.494
-3.2753,-5.3005,5.631
2.3914,-11.072,5.657
2.9932,0.90015,5.508
8.7165,-4.8161,5.382
-2.9409,-0.63569,-6.027
2.7386,-6.2289,-6.045
3.2725,5.7262,-6.109
8.9414,0.15768,-5.861
0.52962,-3.0158,0.111
6.0373,-8.6182,0.116
7.0944,3.4712,0.107
12.332,-2.2514,0.164
-6.7578,-3.071,-0.452
-0.73398,-8.8077,-0.334
-0.29486,3.1459,-0.58
5.56,-2.494,-0.385
-2.8518,-0.63852,-0.522
2.7987,-6.4036,-0.403
3.363,5.5593,-0.626
9.0573,-0.07566,-0.663
-3.2159,-5.4871,-0.145
2.4551,-11.235,0.124
3.0766,0.80398,0.184
8.7108,-5.1371,-0.088
6.0568,-11.939,2.698
12.236,-5.4975,2.711
10.99,-10.727,2.781
11.895,-11.754,-3.183
10.959,-8.425,-6.134
8.4688,-12.045,-6.027
11.115,-8.2637,-0.58
8.5579,-12.048,-0.522
-12.134,6.1686,8.9468
-6.5306,0.16808,8.8108
-6.0667,12.228,9.0068
-0.25713,6.3779,8.8518
-10.924,11.065,8.9198
-5.0216,5.231,8.7708
-11.483,-0.73277,9.1208
-12.301,2.5532,6.3288
-6.1502,8.9574,6.1088
-8.671,5.1808,6.0578
-2.4683,11.567,6.2418
-10.88,8.3939,12.214
-5.3723,2.7914,12.219
0.92232,9.1582,12.267
-12.144,2.6019,11.769
-5.8496,8.9157,11.718
-8.6109,5.0061,11.7
-2.3523,11.334,11.44
-8.9545,0.17515,12.227
-8.333,12.214,12.287
-2.6988,6.2725,12.015
-0.72408,-5.2411,8.9468
4.879,-11.242,8.8108
5.3429,0.81883,9.0068
11.152,-5.0318,8.8518
0.48578,-0.34436,8.9198
6.388,-6.1787,8.7708
-5.6957,-6.6249,8.9098
-0.073538,-12.142,9.1208
-6.8809,-3.1035,6.1378
-0.89166,-8.8565,6.3288
-0.45043,2.9847,5.9688
5.2595,-2.4522,6.1088
-2.9409,-0.63569,6.0758
2.7386,-6.2289,6.0578
3.2725,5.7262,5.9938
8.9414,0.15768,6.2418
0.52962,-3.0158,12.214
6.0373,-8.6182,12.219
7.0944,3.4712,12.21
12.332,-2.2514,12.267
-6.7578,-3.071,11.651
-0.73398,-8.8077,11.769
-0.29486,3.1459,11.523
5.56,-2.494,11.718
-2.8518,-0.63852,11.581
2.7987,-6.4036,11.7
3.363,5.5593,11.477
9.0573,-0.075661,11.44
-3.2159,-5.4871,11.958
2.4551,-11.235,12.227
3.0766,0.80398,12.287
8.7108,-5.1371,12.015
11.895,-11.754,8.9198
10.959,-8.425,5.9688
8.4688,-12.045,6.0758
11.115,-8.2638,11.523
8.5579,-12.048,11.581
3.4791,12.835,-6.4458
3.5428,12.673,-11.979
7.1445,11.968,-9.4048
12.495,6.1766,-9.2368
5.8986,6.948,-9.1858
12.077,13.18,-9.3218
13.117,9.6562,-6.4438
9.222,7.1969,-6.4718
13.027,9.4816,-11.992
5.7395,9.4264,-12.555
11.763,3.6897,-12.437
9.6456,11.859,-12.625
9.2814,7.0102,-12.248
5.9668,12.665,-3.292
1.0142,11.765,-2.982
3.4791,12.835,5.657
3.5428,12.673,0.124
11.773,7.2563,-3.156
7.1445,11.968,2.698
12.495,6.1766,2.866
5.8986,6.948,2.917
12.077,13.18,2.781
12.983,12.153,-3.183
6.8016,5.8725,-3.193
12.424,0.35494,-2.982
5.6165,9.3939,-5.965
11.606,3.6409,-5.774
13.117,9.6562,5.659
9.222,7.1969,5.631
9.5565,11.862,-6.027
13.027,9.4816,0.111
5.7395,9.4264,-0.452
11.763,3.6897,-0.334
9.6456,11.859,-0.522
9.2814,7.0102,-0.145
5.9668,12.665,8.8108
1.0142,11.765,9.1208
3.5428,12.673,12.227
11.773,7.2563,8.9468
12.983,12.153,8.9198
6.8016,5.8725,8.9098
12.424,0.35494,9.1208
5.6165,9.3939,6.1378
11.606,3.6409,6.3288
9.5565,11.862,6.0758
13.027,9.4816,12.214
5.7395,9.4264,11.651
11.763,3.6897,11.769
9.6456,11.859,11.581
9.2814,7.0102,11.958
0,0,0
-5.8336,-0.19375,-0.161
-0.11879,-5.8902,-0.205
0.057983,-0.035356,6.0468
0.057983,-0.035355,-6.056
0.3387,6.1016,-0.13
6.1271,0.57488,-0.203
5.7806,-5.519,0.072
-5.629,5.8907,0.071999
-0.28355,-5.881,5.771
5.8796,0.39527,5.794
0.20506,5.9538,5.8948
-6.0229,-0.086475,5.8948
0.20506,5.9538,-6.208
5.8796,0.39527,-6.3088
-0.28355,-5.881,-6.3318
-6.0229,-0.086474,-6.208
-6.1949,-6.1525,-0.273
6.3024,6.3449,-0.273
-5.5583,5.7394,5.9718
-5.5583,5.7394,-6.131
5.8513,-5.6703,5.9718
5.8513,-5.6703,-6.131
-6.3087,-6.0472,5.854
6.1886,6.4502,5.854
-6.3087,-6.0472,-6.2488
6.1886,6.4502,-6.2488
-0.50982,-11.746,-0.142
-11.919,-0.33608,-0.142
11.988,0.75163,-0.142
-7.0711e-07,7.0711e-07,-12.103
7.0711e-07,-7.0711e-07,12.103
0.57789,12.161,-0.142
-11.528,5.5195,-0.205
5.576,-11.603,-0.161
11.748,-5.308,-0.13
-5.2825,11.985,-0.203
-0.11879,-5.8902,11.898
11.84,0.55296,-5.995
-5.8336,-0.19375,11.942
11.84,0.55296,6.1078
-0.65754,-11.944,-5.995
0.43018,11.963,-5.995
6.1271,0.57488,11.9
-0.65754,-11.944,6.1078
0.43018,11.963,6.1078
0.3387,6.1016,11.973
-12.067,-0.53475,-5.995
-6.3703,-11.923,-0.203
-12.067,-0.53476,6.1078
-5.8336,-0.19375,-12.264
-0.11879,-5.8902,-12.308
0.3387,6.1016,-12.233
-12.159,-6.3958,-0.13
6.1271,0.57488,-12.306
6.6637,12.304,-0.161
5.3867,-11.496,5.8948
12.379,6.6072,-0.205
11.615,-5.4558,5.8948
5.3867,-11.496,-6.208
-11.693,5.5287,5.771
11.615,-5.4558,-6.208
-5.53,11.805,5.794
-11.693,5.5287,-6.3318
5.7806,-5.519,-12.031
-5.53,11.805,-6.3088
-5.629,5.8907,-12.031
5.7806,-5.519,12.175
-5.629,5.8907,12.175
-6.1949,-6.1525,11.83
6.3024,6.3449,11.83
-6.6177,-12.102,5.794
12.214,6.6164,5.771
-12.292,-6.5435,5.8948
-6.1949,-6.1525,-12.376
-6.6177,-12.102,-6.3088
6.4745,12.411,5.8948
-12.292,-6.5435,-6.208
12.214,6.6164,-6.3318
6.3024,6.3449,-12.376
6.4745,12.411,-6.208
-11.41,11.41,-1e-06
11.41,-11.41,1e-06
-0.50982,-11.746,11.961
-11.919,-0.33608,11.961
11.988,0.75163,11.961
-0.50982,-11.746,-12.245
0.57789,12.161,11.961
-11.919,-0.33608,-12.245
11.988,0.75163,-12.245
-11.352,11.374,6.0468
-11.352,11.374,-6.056
0.57789,12.161,-12.245
11.468,-11.445,6.0468
11.468,-11.445,-6.056
-11.528,5.5195,11.898
5.576,-11.603,11.942
11.748,-5.308,11.973
-12.497,-12.497,1.9594e-21
12.497,12.497,-1.9594e-21
-5.2825,11.985,11.9
-11.528,5.5195,-12.308
11.748,-5.308,-12.233
5.576,-11.603,-12.264
-5.2825,11.985,-12.306
-6.3703,-11.923,11.9
-12.159,-6.3958,11.973
-6.3703,-11.923,-12.306
-12.159,-6.3958,-12.233
6.6637,12.304,11.942
12.379,6.6072,11.898
6.6637,12.304,-12.264
12.379,6.6072,-12.308
-12.439,-12.533,6.0468
-12.439,-12.533,-6.056
12.555,12.462,6.0468
12.555,12.462,-6.056
11.41,-11.41,-12.103
-11.41,11.41,12.103
-11.41,11.41,-12.103
11.41,-11.41,12.103
-12.497,-12.497,-12.103
12.497,12.497,12.103
-12.497,-12.497,12.103
12.497,12.497,-12.103
