-9.3198,-3.7258,-8.5662
-3.9404,-9.1532,-8.7852
-9.7514,-9.3201,-8.7782
-9.3198,-3.7258,3.002
-3.9404,-9.1532,2.783
-8.5006,-8.642,-3.032
-9.7514,-9.3201,2.79
-8.5006,-8.642,8.5362
-8.6547,7.5021,-8.5772
2.7566,8.3507,-8.5662
-9.098,1.9817,-8.8352
-3.0692,8.1576,-8.9392
-3.3573,2.0577,-8.6332
2.1821,-3.3347,-8.5772
8.136,2.9232,-8.7852
-3.6444,-3.5171,-8.6972
1.7388,-8.8551,-8.8352
2.325,2.7563,-8.7782
7.7676,-2.6792,-8.9392
7.4795,-8.7792,-8.6332
-8.6547,7.5021,2.991
2.7566,8.3507,3.002
-8.5239,-2.8407,-2.782
-7.7043,8.7693,-2.847
-8.0303,2.9703,-2.962
-1.7639,8.9906,-2.923
-9.098,1.9817,2.733
-3.0692,8.1576,2.629
-3.3573,2.0577,2.935
2.1821,-3.3347,2.991
8.136,2.9232,2.783
-2.95,-7.9465,-2.822
3.1325,-2.0676,-2.847
-2.2571,3.3078,-2.542
-2.501,-2.4544,-3.074
2.8065,-7.8666,-2.962
3.5758,3.4344,-3.032
9.0729,-1.8463,-2.923
-3.6444,-3.5171,2.871
1.7388,-8.8551,2.733
2.325,2.7563,2.79
7.7676,-2.6792,2.629
7.4795,-8.7792,2.935
8.5797,-7.529,-2.542
-8.5239,-2.8407,8.7862
-7.7043,8.7693,8.7212
-8.0303,2.9703,8.6062
-1.7639,8.9906,8.6452
-2.95,-7.9465,8.7462
3.1325,-2.0676,8.7212
-2.2571,3.3078,9.0262
-2.501,-2.4544,8.4942
2.8065,-7.8666,8.6062
3.5758,3.4344,8.5362
9.0729,-1.8463,8.6452
8.5797,-7.529,9.0262
8.432,8.5593,-8.6972
3.5525,9.2357,-2.782
9.1263,4.1299,-2.822
9.5754,9.622,-3.074
8.432,8.5593,2.871
3.5525,9.2357,8.7862
9.1263,4.1299,8.7462
9.5754,9.622,8.4942
-8.4624,-8.5812,-8.6442
-9.1087,-4.1816,-3.081
-3.6887,-9.2353,-2.683
-8.4624,-8.5812,2.924
-9.8617,-9.2678,-3.014
-9.1087,-4.1816,8.4872
-3.6887,-9.2353,8.8852
-9.8617,-9.2678,8.5542
-8.666,-2.3875,-8.5452
-7.9207,8.8004,-8.6212
-2.674,3.3811,-8.7042
-7.7453,2.5241,-8.5522
-1.8078,8.9581,-8.8462
-3.0908,-7.9316,-8.6782
2.9161,-2.0365,-8.6212
8.1628,-7.4557,-8.7042
-2.3405,-2.7959,-8.6442
3.0915,-8.3127,-8.5522
3.614,3.4952,-8.6442
9.029,-1.8788,-8.8462
-8.5189,7.5248,-2.791
-8.666,-2.3875,3.023
-7.9207,8.8004,2.947
-2.674,3.3811,2.864
-7.7453,2.5241,3.016
-1.8078,8.9581,2.722
-9.4346,2.4753,-2.957
-3.1463,8.4256,-3.003
-2.791,1.924,-2.704
2.3179,-3.3121,-2.791
2.9677,7.8948,-3.081
8.3877,2.8412,-2.683
-3.0908,-7.9316,2.89
2.9161,-2.0365,2.947
8.1628,-7.4557,2.864
-2.3405,-2.7959,2.924
3.0915,-8.3127,3.016
3.614,3.4952,2.924
9.029,-1.8788,2.722
-3.9018,-2.9048,-2.813
1.4022,-8.3615,-2.957
2.2147,2.8086,-3.014
7.6905,-2.4112,-3.003
8.0459,-8.9128,-2.704
-8.5189,7.5248,8.7772
-9.4346,2.4753,8.6112
-3.1463,8.4256,8.5652
-2.791,1.924,8.8642
2.3179,-3.3121,8.7772
2.9677,7.8948,8.4872
8.3877,2.8412,8.8852
-3.9018,-2.9048,8.7552
1.4022,-8.3615,8.6112
2.2147,2.8086,8.5542
7.6905,-2.4112,8.5652
8.0459,-8.9128,8.8642
3.4104,9.6889,-8.5452
8.9856,4.1448,-8.6782
9.7359,9.2805,-8.6442
3.4104,9.6889,3.023
8.9856,4.1448,2.89
9.7359,9.2805,2.924
8.1746,9.1716,-2.813
8.1746,9.1716,8.7552
-11.421,-3.3588,-5.9872
-11.084,-3.5143,-11.146
-11.416,-6.5483,-8.8212
-6.1021,-11.888,-8.6612
-12.625,-11.707,-8.5962
-5.7443,-8.7961,-6.0992
-9.458,-11.267,-6.2302
-5.9401,-8.8548,-11.107
-12.211,-9.1398,-11.678
-8.8626,-6.7102,-12.012
-3.4539,-11.911,-12.042
-9.1744,-11.381,-11.25
-12.281,-6.0055,-3.157
-11.421,-3.3588,5.581
-11.084,-3.5143,0.422
-6.9774,-11.528,-2.971
-11.416,-6.5483,2.747
-6.1021,-11.888,2.907
-12.625,-11.707,2.972
-11.738,-12.431,-2.727
-12.897,-9.1009,-5.484
-5.7443,-8.7961,5.469
-9.458,-11.267,5.338
-8.8279,-6.626,-5.507
-3.6604,-11.908,-5.646
-5.9401,-8.8548,0.461
-12.211,-9.1398,-0.11
-8.8626,-6.7102,-0.444
-3.4539,-11.911,-0.474
-9.1744,-11.381,0.318
-12.281,-6.0055,8.4112
-11.084,-3.5143,11.99
-6.9774,-11.528,8.5972
-11.738,-12.431,8.8412
-12.897,-9.1009,6.0842
-8.8279,-6.626,6.0612
-3.6604,-11.908,5.9222
-5.9401,-8.8548,12.029
-12.211,-9.1398,11.458
-8.8626,-6.7102,11.124
-3.4539,-11.911,11.094
-9.1744,-11.381,11.886
-10.746,4.6023,-8.7482
-4.8625,11.026,-8.6612
-11.833,0.059824,-8.6512
-11.386,11.206,-8.5962
-6.0264,5.53,-8.5592
-10.737,8.2,-5.9792
-5.2549,2.3996,-6.1342
0.65579,8.7176,-5.9872
-8.8541,0.030833,-5.8862
-8.2184,11.646,-6.2302
-2.4951,6.3616,-6.1982
-10.49,7.8338,-11.22
-5.0053,2.6705,-11.305
0.99237,8.5621,-11.146
-11.888,2.2497,-11.806
-5.7322,8.374,-11.873
-8.1852,4.7897,-11.995
-2.2144,11.002,-12.042
-8.5536,0.4855,-11.561
-7.9348,11.533,-11.25
-2.6888,6.1226,-11.258
-5.3556,-0.69014,-8.8442
0.091217,-6.2346,-8.7482
0.66044,5.5282,-8.8212
5.9743,0.1888,-8.6612
-6.5521,-5.3189,-8.6122
-0.99631,-10.777,-8.6512
-0.54871,0.36911,-8.5962
4.8104,-5.3068,-8.5592
0.099702,-2.6368,-5.9792
5.5819,-8.4372,-6.1342
6.3321,3.2803,-6.0992
11.493,-2.1192,-5.9872
-3.1693,-5.3486,-5.9012
1.9827,-10.806,-5.8862
2.6184,0.80964,-6.2302
8.3417,-4.4753,-6.1982
0.34719,-3.0031,-11.22
5.8315,-8.1664,-11.305
6.1363,3.2216,-11.107
11.829,-2.2748,-11.146
-6.482,-2.9324,-11.704
-1.0508,-8.5871,-11.806
-0.13506,2.9366,-11.678
5.1046,-2.4629,-11.873
-2.8341,-0.66609,-11.719
2.6517,-6.0472,-11.995
3.2138,5.3662,-12.012
8.6225,0.16546,-12.042
-3.206,-5.1548,-11.292
2.2832,-10.351,-11.561
2.902,0.69579,-11.25
8.148,-4.7143,-11.258
5.4812,-11.527,-8.8442
11.497,-5.3087,-8.8212
10.288,-10.468,-8.5962
10.702,-7.9002,-11.678
8.0027,-11.503,-11.719
-11.602,5.6778,-2.875
-6.2767,0.21256,-3.028
-5.7379,11.385,-2.971
-0.20476,6.0709,-3.157
-10.746,4.6023,2.82
-4.8625,11.026,2.907
-11.833,0.059824,2.917
-11.386,11.206,2.972
-6.0264,5.53,3.009
-10.498,10.483,-2.727
-5.081,4.8943,-2.984
-11.037,-0.95841,-2.837
-11.936,2.5085,-5.453
-5.9019,8.2213,-5.512
-10.737,8.2,5.589
-5.2549,2.3996,5.434
0.65579,8.7176,5.581
-8.8541,0.030833,5.682
-8.2184,11.646,5.338
-2.4951,6.3616,5.37
-8.2226,4.8003,-5.471
-2.4208,11.005,-5.646
-10.49,7.8338,0.348
-5.0053,2.6705,0.263
0.99237,8.5621,0.422
-11.888,2.2497,-0.238
-5.7322,8.374,-0.305
-8.1852,4.7897,-0.427
-2.2144,11.002,-0.474
-8.5536,0.4855,0.007
-7.9348,11.533,0.318
-2.6888,6.1226,0.31
-0.76509,-5.1591,-2.875
4.5601,-10.624,-3.028
5.0989,0.54801,-2.971
10.632,-4.7659,-3.157
-5.3556,-0.69014,2.724
0.091217,-6.2346,2.82
0.66044,5.5282,2.747
5.9743,0.1888,2.907
-6.5521,-5.3189,2.956
-0.99631,-10.777,2.917
-0.54871,0.36911,2.972
4.8104,-5.3068,3.009
0.3387,-0.35426,-2.727
5.7558,-5.9425,-2.984
-5.6887,-6.3095,-2.798
-0.20011,-11.795,-2.837
-6.7684,-3.2357,-5.445
-1.0988,-8.3283,-5.453
-0.82024,2.9755,-5.484
4.9349,-2.6156,-5.512
0.099702,-2.6368,5.589
5.5819,-8.4372,5.434
6.3321,3.2803,5.469
11.493,-2.1192,5.581
-3.1693,-5.3486,5.667
1.9827,-10.806,5.682
2.6184,0.80964,5.338
8.3417,-4.4753,5.37
-3.1777,-0.71135,-5.606
2.6142,-6.0366,-5.471
3.2484,5.4504,-5.507
8.416,0.16829,-5.646
0.34719,-3.0031,0.348
5.8315,-8.1664,0.263
6.1363,3.2216,0.461
11.829,-2.2748,0.422
-6.482,-2.9324,-0.136
-1.0508,-8.5871,-0.238
-0.13506,2.9366,-0.11
5.1046,-2.4629,-0.305
-2.8341,-0.66609,-0.151
2.6517,-6.0472,-0.427
3.2138,5.3662,-0.444
8.6225,0.16546,-0.474
-3.206,-5.1548,0.276
2.2832,-10.351,0.007
2.902,0.69579,0.318
8.148,-4.7143,0.31
5.4812,-11.527,2.724
11.497,-5.3087,2.747
10.288,-10.468,2.972
11.176,-11.191,-2.727
10.017,-7.8613,-5.484
7.6591,-11.548,-5.606
10.702,-7.9002,-0.11
8.0027,-11.503,-0.151
-11.602,5.6778,8.6932
-6.2767,0.21256,8.5402
-5.7379,11.385,8.5972
-0.20476,6.0709,8.4112
-10.498,10.483,8.8412
-5.081,4.8943,8.5842
-11.037,-0.95841,8.7312
-11.936,2.5085,6.1152
-5.9019,8.2213,6.0562
-8.2226,4.8003,6.0972
-2.4208,11.005,5.9222
-10.49,7.8338,11.916
-5.0053,2.6705,11.831
0.99237,8.5621,11.99
-11.888,2.2497,11.33
-5.7322,8.374,11.263
-8.1852,4.7897,11.141
-2.2144,11.002,11.094
-8.5536,0.4855,11.575
-7.9348,11.533,11.886
-2.6888,6.1226,11.878
-0.76509,-5.1591,8.6932
4.5601,-10.624,8.5402
5.0989,0.54801,8.5972
10.632,-4.7659,8.4112
0.3387,-0.35426,8.8412
5.7558,-5.9425,8.5842
-5.6887,-6.3095,8.7702
-0.20011,-11.795,8.7312
-6.7684,-3.2357,6.1232
-1.0988,-8.3283,6.1152
-0.82024,2.9755,6.0842
4.9349,-2.6156,6.0562
-3.1777,-0.71135,5.9622
2.6142,-6.0366,6.0972
3.2484,5.4504,6.0612
8.416,0.16829,5.9222
0.34719,-3.0031,11.916
5.8315,-8.1664,11.831
6.1363,3.2216,12.029
11.829,-2.2748,11.99
-6.482,-2.9324,11.432
-1.0508,-8.5871,11.33
-0.13506,2.9366,11.458
5.1046,-2.4629,11.263
-2.8341,-0.66609,11.417
2.6517,-6.0472,11.141
3.2138,5.3662,11.124
8.6225,0.16546,11.094
-3.206,-5.1548,11.844
2.2832,-10.351,11.575
2.902,0.69579,11.886
8.148,-4.7143,11.878
11.176,-11.191,8.8412
10.017,-7.8613,6.0842
7.6591,-11.548,5.9622
10.702,-7.9002,11.458
8.0027,-11.503,11.417
0.24327,12.136,-8.6512
3.2223,12.107,-5.8862
3.5228,12.562,-11.561
6.7208,11.386,-8.8442
12.168,5.8419,-8.7482
5.5243,6.7576,-8.6122
11.08,1.2994,-8.6512
11.528,12.446,-8.5962
12.176,9.4396,-5.9792
8.9071,6.7279,-5.9012
12.424,9.0733,-11.22
5.5943,9.144,-11.704
11.026,3.4893,-11.806
9.2423,11.41,-11.719
8.8704,6.9216,-11.292
5.7997,12.289,-3.028
0.24327,12.136,2.917
1.0395,11.118,-2.837
3.2223,12.107,5.682
3.5228,12.562,0.007
11.311,6.9174,-2.875
6.7208,11.386,2.724
12.168,5.8419,2.82
5.5243,6.7576,2.956
11.08,1.2994,2.917
11.528,12.446,2.972
12.415,11.722,-2.727
6.3877,5.7669,-2.798
11.876,0.28117,-2.837
5.308,8.8407,-5.445
10.978,3.7481,-5.453
12.176,9.4396,5.589
8.9071,6.7279,5.667
8.8987,11.365,-5.606
12.424,9.0733,0.348
5.5943,9.144,-0.136
11.026,3.4893,-0.238
9.2423,11.41,-0.151
8.8704,6.9216,0.276
5.7997,12.289,8.5402
1.0395,11.118,8.7312
3.5228,12.562,11.575
11.311,6.9174,8.6932
12.415,11.722,8.8412
6.3877,5.7669,8.7702
11.876,0.28117,8.7312
5.308,8.8407,6.1232
10.978,3.7481,6.1152
8.8987,11.365,5.9622
12.424,9.0733,11.916
5.5943,9.144,11.432
11.026,3.4893,11.33
9.2423,11.41,11.417
8.8704,6.9216,11.844
0,0,0
5.6208,0.47023,-0.106
-0.23759,0.13294,5.65
-5.7287,-0.13039,-0.005
0.47164,5.7283,0.035
-0.2284,-5.7537,-0.051
-0.23759,0.13294,-5.9182
-5.356,5.448,-0.303
5.4808,-5.3889,-0.303
5.625,0.57205,5.604
-0.48154,-5.5557,-5.755
-0.48154,-5.5557,5.8132
0.16546,5.7474,5.725
0.16546,5.7474,-5.8432
5.625,0.57205,-5.9642
-5.9864,-5.7686,0.244
-5.9995,-0.18342,5.7682
-5.9995,-0.18342,-5.8
6.09,6.3078,0.244
5.2163,-5.3606,5.697
5.2163,-5.3606,-5.8712
-5.6205,5.4763,5.697
-5.6205,5.4763,-5.8712
5.9333,6.1398,-5.582
-6.1431,-5.9366,-5.582
5.9333,6.1398,5.9862
-6.1431,-5.9366,5.9862
-11.419,-0.62253,-0.074
0.65692,11.454,-0.074
-0.58266,-11.459,-0.074
11.494,0.61704,-0.074
5.0088e-16,-5.0088e-16,-11.568
-5.0088e-16,5.0088e-16,11.568
5.1081,-10.967,-0.005
-11.065,5.0831,-0.051
11.308,-5.1086,0.035
-5.216,11.307,-0.106
11.248,0.75731,5.686
-0.82845,-11.319,5.686
11.248,0.75731,-5.8822
5.6208,0.47023,11.462
-0.82845,-11.319,-5.8822
-0.2284,-5.7537,11.517
0.47164,5.7283,-11.533
-5.7287,-0.13039,11.563
-5.7287,-0.13039,-11.573
0.41113,11.594,5.686
0.47164,5.7283,11.603
5.6208,0.47023,-11.674
-0.2284,-5.7537,-11.619
-11.665,-0.48226,5.686
0.41113,11.594,-5.8822
-11.665,-0.48226,-5.8822
-11.605,-6.3481,0.035
-6.4556,-11.606,-0.106
4.8373,-11.02,5.7682
4.8373,-11.02,-5.8
11.002,-5.0895,5.725
11.848,6.3227,-0.051
11.002,-5.0895,-5.8432
6.3477,11.946,-0.005
-5.356,5.448,11.265
5.4808,-5.3889,11.265
-5.2118,11.409,5.604
-11.318,5.2811,-5.755
-11.318,5.2811,5.8132
-5.2118,11.409,-5.9642
-5.9864,-5.7686,-11.324
-5.356,5.448,-11.871
5.4808,-5.3889,-11.871
6.09,6.3078,-11.324
-6.4514,-11.504,5.604
-5.9864,-5.7686,11.812
-6.4514,-11.504,-5.9642
11.595,6.5207,-5.755
11.595,6.5207,5.8132
6.0769,11.893,5.7682
6.0769,11.893,-5.8
-11.911,-6.329,5.725
-11.911,-6.329,-5.8432
6.09,6.3078,11.812
-10.837,10.837,-9.3842e-16
10.837,-10.837,9.3842e-16
10.599,-10.704,5.65
10.599,-10.704,-5.9182
-11.419,-0.62253,11.494
0.65692,11.454,11.494
-0.58266,-11.459,11.494
11.494,0.61704,11.494
-11.419,-0.62253,-11.642
0.65692,11.454,-11.642
-0.58266,-11.459,-11.642
11.494,0.61704,-11.642
-11.074,10.97,5.65
-11.074,10.97,-5.9182
5.1081,-10.967,11.563
5.1081,-10.967,-11.573
-11.065,5.0831,11.517
-11.065,5.0831,-11.619
-5.216,11.307,11.462
11.308,-5.1086,-11.533
11.308,-5.1086,11.603
-5.216,11.307,-11.674
-12.076,-12.076,7.9602e-22
12.076,12.076,-7.9602e-22
-6.4556,-11.606,11.462
-11.605,-6.3481,-11.533
-11.605,-6.3481,11.603
-6.4556,-11.606,-11.674
11.848,6.3227,11.517
11.848,6.3227,-11.619
6.3477,11.946,11.563
6.3477,11.946,-11.573
11.839,12.209,5.65
11.839,12.209,-5.9182
-12.314,-11.943,5.65
-12.314,-11.943,-5.9182
-10.837,10.837,-11.568
10.837,-10.837,-11.568
-10.837,10.837,11.568
10.837,-10.837,11.568
-12.076,-12.076,-11.568
-12.076,-12.076,11.568
12.076,12.076,-11.568
12.076,12.076,11.568
