-9.5952,-9.4948,-8.4412
-9.5952,-9.4948,3.127
-8.7523,7.7638,-8.6742
-8.9279,1.9064,-8.4482
-3.5164,-3.5023,-8.3952
-2.8341,7.9309,-8.3162
2.4812,2.5816,-8.4412
-9.2702,-3.7943,-8.6902
-4.0043,-9.0983,-8.7942
-3.3107,2.3165,-8.6742
2.0846,-3.0731,-8.6742
1.9089,-8.9305,-8.4482
8.0027,-2.9059,-8.3162
7.5261,-8.5204,-8.6742
-8.0049,3.0268,-2.604
-7.5382,8.6342,-2.904
-8.7523,7.7638,2.894
-8.9279,1.9064,3.12
-3.5164,-3.5023,3.173
-2.8341,7.9309,3.252
2.4812,2.5816,3.127
-8.6529,-8.4181,-2.443
-2.5449,-2.4303,-2.67
2.832,-7.81,-2.604
-8.1685,-2.7987,-2.983
-2.8341,-8.1515,-2.909
-2.1135,3.2237,-2.875
3.2987,-2.2026,-2.904
-9.2702,-3.7943,2.878
-4.0043,-9.0983,2.774
-3.3107,2.3165,2.894
2.0846,-3.0731,2.894
1.9089,-8.9305,3.12
8.0027,-2.9059,3.252
8.7233,-7.6131,-2.875
7.5261,-8.5204,2.894
-8.0049,3.0268,8.9642
-7.5382,8.6342,8.6642
-8.6529,-8.4181,9.1252
-2.5449,-2.4303,8.8982
2.832,-7.81,8.9642
-8.1685,-2.7987,8.5852
-2.8341,-8.1515,8.6592
-2.1135,3.2237,8.6932
3.2987,-2.2026,8.6642
8.7233,-7.6131,8.6932
8.56,8.5741,-8.3952
2.8062,8.2821,-8.6902
8.072,2.9781,-8.7942
-1.9254,9.0398,-2.635
8.56,8.5741,3.173
3.4235,3.6583,-2.443
8.9114,-1.797,-2.635
9.5315,9.6461,-2.67
3.9079,9.2777,-2.983
9.2423,3.9249,-2.909
2.8062,8.2821,2.878
8.072,2.9781,2.774
-1.9254,9.0398,8.9332
3.4235,3.6583,9.1252
8.9114,-1.797,8.9332
9.5315,9.6461,8.8982
3.9079,9.2777,8.5852
9.2423,3.9249,8.6592
-9.2777,-9.7613,-2.628
-9.2777,-9.7613,8.9402
-8.2665,3.2432,-8.3842
-7.425,8.4461,-8.7202
-8.9138,-8.1671,-8.4212
-2.8369,-2.1736,-8.4242
2.5703,-7.5936,-8.3842
-7.9528,-3.1035,-8.8232
-2.6566,-8.4761,-8.6372
-1.9785,2.9826,-8.5812
3.4118,-2.3907,-8.7202
8.8583,-7.8543,-8.5812
-8.2665,3.2432,3.184
-7.425,8.4461,2.848
-8.8767,7.9815,-2.79
-8.7165,1.719,-2.714
-3.2343,-3.7547,-2.659
-2.6686,7.7456,-2.604
2.7987,2.3151,-2.628
-8.9138,-8.1671,3.147
-2.8369,-2.1736,3.144
2.5703,-7.5936,3.184
-7.9528,-3.1035,2.745
-2.6566,-8.4761,2.931
-1.9785,2.9826,2.987
3.4118,-2.3907,2.848
-9.5212,-3.4132,-2.83
-4.1634,-8.8318,-2.936
-3.4549,2.5696,-2.93
1.9601,-2.8553,-2.79
2.1203,-9.1179,-2.714
8.1682,-3.0912,-2.604
8.8583,-7.8543,2.987
7.3819,-8.2672,-2.93
-8.8767,7.9815,8.7782
-8.7165,1.719,8.8542
-3.2343,-3.7547,8.9092
-2.6686,7.7456,8.9642
2.7987,2.3151,8.9402
-9.5212,-3.4132,8.7382
-4.1634,-8.8318,8.6322
-3.4549,2.5696,8.6382
1.9601,-2.8553,8.7782
2.1203,-9.1179,8.8542
8.1682,-3.0912,8.9642
7.3819,-8.2672,8.6382
-2.1906,9.2668,-8.4972
3.1626,3.9093,-8.4212
8.6462,-1.57,-8.4972
9.2395,9.9028,-8.4242
4.1236,8.9729,-8.8232
9.4198,3.6003,-8.6372
-2.1906,9.2668,3.071
8.8421,8.3217,-2.659
3.1626,3.9093,3.147
8.6462,-1.57,3.071
9.2395,9.9028,3.144
4.1236,8.9729,2.745
9.4198,3.6003,2.931
2.5552,8.6632,-2.83
7.913,3.2446,-2.936
8.8421,8.3217,8.9092
2.5552,8.6632,8.7382
7.913,3.2446,8.6322
-11.645,-12.379,-8.6222
-6.9421,-11.272,-8.4352
-11.585,-9.2657,-5.8822
-11.292,-9.1037,-11.13
-9.0118,-12.495,-11.833
-12.578,-11.642,-2.831
-11.645,-12.379,2.946
-6.9421,-11.272,3.133
-11.585,-9.2657,5.686
-9.3519,-12.347,-5.42
-11.292,-9.1037,0.438
-9.0118,-12.495,-0.265
-12.578,-11.642,8.7372
-9.3519,-12.347,6.1482
-11.292,-9.1037,12.006
-9.0118,-12.495,11.303
-10.405,10.534,-8.6222
-5.7025,11.641,-8.4352
-11.685,5.5738,-8.6992
-11.037,2.1882,-5.9882
-4.9325,8.2573,-5.8422
-8.2198,6.0943,-5.9902
-10.617,2.3607,-11.115
-4.5535,8.3606,-10.997
-11.407,8.1392,-11.681
-7.7722,10.418,-11.833
-8.4319,5.728,-11.164
-10.923,-1.0288,-8.6662
-5.6293,-6.294,-8.5792
-4.9377,5.0876,-8.5892
0.43134,-0.30264,-8.6222
-12.197,-5.8499,-8.4592
5.1343,0.80398,-8.4352
-6.2218,0.16758,-8.4792
-0.84782,-5.263,-8.6992
-5.6215,-3.2286,-5.8942
-0.20011,-8.6486,-5.9882
0.49144,2.8107,-5.8822
5.9043,-2.5795,-5.8422
-8.8629,-5.3443,-5.9062
-3.7307,-10.913,-6.1542
-3.0844,0.5374,-6.0052
2.617,-4.7426,-5.9902
-5.1343,-3.0554,-11.099
0.21991,-8.4761,-11.115
0.78489,2.9727,-11.13
6.2834,-2.4763,-10.997
-11.917,-3.3185,-11.722
-6.5252,-8.7299,-11.59
-5.9531,2.7174,-11.644
-0.57064,-2.6976,-11.681
-8.3919,-0.98146,-11.907
-3.2499,-6.5096,-11.747
-2.6276,4.9031,-11.745
3.0646,-0.41861,-11.833
-9.0573,-5.84,-11.22
-3.3291,-11.037,-11.259
-2.7627,0.408,-11.212
2.4049,-5.1088,-11.164
-0.085863,-11.866,-8.6662
5.8991,-5.7492,-8.5892
11.268,-11.139,-8.6222
4.615,-10.669,-8.4792
11.328,-8.0261,-5.8822
7.7524,-10.299,-6.0052
11.622,-7.8642,-11.13
4.8837,-8.1194,-11.644
2.4449,-11.818,-11.907
8.2092,-5.9338,-11.745
8.0741,-10.429,-11.212
-12.052,-0.092204,-2.887
-11.338,11.272,-2.831
-5.9302,5.8553,-2.797
-10.405,10.534,2.946
-5.7025,11.641,3.133
-11.685,5.5738,2.869
-10.705,4.743,-2.912
-11.635,7.9808,-5.328
-11.037,2.1882,5.58
-4.9325,8.2573,5.726
-8.2198,6.0943,5.578
-8.1123,10.566,-5.42
-10.617,2.3607,0.453
-4.5535,8.3606,0.571
-11.407,8.1392,-0.113
-7.7722,10.418,-0.265
-8.4319,5.728,0.404
-6.5372,-5.5741,-2.783
-1.2148,-10.929,-2.887
-0.50134,0.43487,-2.831
4.9066,-4.9816,-2.797
-10.923,-1.0288,2.902
-5.6293,-6.294,2.989
-4.9377,5.0876,2.979
0.43134,-0.30264,2.946
-12.197,-5.8499,3.109
5.1343,0.80398,3.133
-6.2218,0.16758,3.089
-0.84782,-5.263,2.869
-5.2036,-0.65125,-2.695
0.13152,-6.0938,-2.912
-11.343,-6.6857,-2.663
-5.8421,-12.103,-2.651
-12.41,-3.5058,-5.348
-7.04,-8.8714,-5.223
-6.2897,2.5887,-5.256
-0.79832,-2.856,-5.328
-5.6215,-3.2286,5.674
-0.20011,-8.6486,5.58
0.49144,2.8107,5.686
5.9043,-2.5795,5.726
-8.8629,-5.3443,5.662
-3.7307,-10.913,5.414
-3.0844,0.5374,5.563
2.617,-4.7426,5.578
-8.7702,-0.88318,-5.478
-3.0413,-6.1441,-5.468
-2.4388,5.2616,-5.365
2.7245,-0.27082,-5.42
-5.1343,-3.0554,0.469
0.21991,-8.4761,0.453
0.78489,2.9727,0.438
6.2834,-2.4763,0.571
-11.917,-3.3185,-0.154
-6.5252,-8.7299,-0.022
-5.9531,2.7174,-0.076
-0.57064,-2.6976,-0.113
-8.3919,-0.98146,-0.339
-3.2499,-6.5096,-0.179
-2.6276,4.9031,-0.177
3.0646,-0.41861,-0.265
-9.0573,-5.84,0.348
-3.3291,-11.037,0.309
-2.7627,0.408,0.356
2.4049,-5.1088,0.404
10.335,-10.402,-2.831
-0.085863,-11.866,2.902
5.8991,-5.7492,2.979
11.268,-11.139,2.946
4.615,-10.669,3.089
5.6332,-11.488,-2.695
4.5471,-8.2481,-5.256
11.328,-8.0261,5.686
7.7524,-10.299,5.563
2.0666,-11.72,-5.478
8.398,-5.5753,-5.365
11.622,-7.8642,0.438
4.8837,-8.1194,-0.076
2.4449,-11.818,-0.339
8.2092,-5.9338,-0.177
8.0741,-10.429,0.356
-12.052,-0.092204,8.6812
-11.338,11.272,8.7372
-5.9302,5.8553,8.7712
-10.705,4.743,8.6562
-11.635,7.9808,6.2402
-8.1123,10.566,6.1482
-10.617,2.3607,12.021
-4.5535,8.3606,12.139
-11.407,8.1392,11.455
-7.7722,10.418,11.303
-8.4319,5.728,11.972
-6.5372,-5.5741,8.7852
-1.2148,-10.929,8.6812
-0.50134,0.43487,8.7372
4.9066,-4.9816,8.7712
-5.2036,-0.65125,8.8732
0.13152,-6.0938,8.6562
-11.343,-6.6857,8.9052
-5.8421,-12.103,8.9172
-12.41,-3.5058,6.2202
-7.04,-8.8714,6.3452
-6.2897,2.5887,6.3122
-0.79832,-2.856,6.2402
-8.7702,-0.88318,6.0902
-3.0413,-6.1441,6.1002
-2.4388,5.2616,6.2032
2.7245,-0.27082,6.1482
-5.1343,-3.0554,12.037
0.21991,-8.4761,12.021
0.78489,2.9727,12.006
6.2834,-2.4763,12.139
-11.917,-3.3185,11.414
-6.5252,-8.7299,11.546
-5.9531,2.7174,11.492
-0.57064,-2.6976,11.455
-8.3919,-0.98146,11.229
-3.2499,-6.5096,11.389
-2.6276,4.9031,11.391
3.0646,-0.41861,11.303
-9.0573,-5.84,11.916
-3.3291,-11.037,11.877
-2.7627,0.408,11.924
2.4049,-5.1088,11.972
10.335,-10.402,8.7372
5.6332,-11.488,8.8732
4.5471,-8.2481,6.3122
2.0666,-11.72,6.0902
8.398,-5.5753,6.2032
11.622,-7.8642,12.006
4.8837,-8.1194,11.492
2.4449,-11.818,11.229
8.2092,-5.9338,11.391
8.0741,-10.429,11.924
-2.4911,12,-6.1542
-2.0895,11.877,-11.259
1.1537,11.048,-8.6662
6.4471,5.7825,-8.5792
12.508,11.774,-8.6222
-0.12049,6.2265,-8.4592
5.8546,12.244,-8.4792
11.229,6.8134,-8.6992
6.4549,8.8478,-5.8942
11.876,3.4278,-5.9882
3.2135,6.7321,-5.9062
8.3457,1.1629,-6.1542
8.992,12.614,-6.0052
6.9421,9.021,-11.099
12.296,3.6003,-11.115
0.15952,8.758,-11.722
5.5512,3.3465,-11.59
11.506,9.3788,-11.681
3.6845,11.095,-11.907
8.8265,5.5668,-11.747
3.0191,6.2364,-11.22
8.7473,1.0399,-11.259
9.3137,12.484,-11.212
11.991,0.21073,-8.6662
10.716,-4.6103,-8.4592
10.996,-2.0789,-11.722
0.02477,11.984,-2.887
-4.6025,10.81,-2.651
-2.4911,12,5.414
-2.0895,11.877,0.309
5.5392,6.5023,-2.783
10.862,1.1474,-2.887
11.575,12.511,-2.831
1.1537,11.048,2.902
6.4471,5.7825,2.989
12.508,11.774,2.946
-0.12049,6.2265,3.109
5.8546,12.244,3.089
11.229,6.8134,2.869
6.8728,11.425,-2.695
12.208,5.9826,-2.912
0.7337,5.3907,-2.663
6.2343,-0.026426,-2.651
-0.33333,8.5706,-5.348
5.0364,3.2051,-5.223
11.278,9.2204,-5.328
6.4549,8.8478,5.674
11.876,3.4278,5.58
3.2135,6.7321,5.662
8.3457,1.1629,5.414
8.992,12.614,5.563
3.3061,11.193,-5.478
9.0351,5.9324,-5.468
6.9421,9.021,0.469
12.296,3.6003,0.453
0.15952,8.758,-0.154
5.5512,3.3465,-0.022
11.506,9.3788,-0.113
3.6845,11.095,-0.339
8.8265,5.5668,-0.179
3.0191,6.2364,0.348
8.7473,1.0399,0.309
9.3137,12.484,0.356
11.991,0.21073,2.902
10.716,-4.6103,3.109
11.571,-5.4461,-2.663
10.503,-2.2663,-5.348
10.996,-2.0789,-0.154
0.02477,11.984,8.6812
-4.6025,10.81,8.9172
-2.0895,11.877,11.877
5.5392,6.5023,8.7852
10.862,1.1474,8.6812
11.575,12.511,8.7372
6.8728,11.425,8.8732
12.208,5.9826,8.6562
0.7337,5.3907,8.9052
6.2343,-0.026426,8.9172
-0.33333,8.5706,6.2202
5.0364,3.2051,6.3452
11.278,9.2204,6.2402
3.3061,11.193,6.0902
9.0351,5.9324,6.1002
6.9421,9.021,12.037
12.296,3.6003,12.021
0.15952,8.758,11.414
5.5512,3.3465,11.546
11.506,9.3788,11.455
3.6845,11.095,11.229
8.8265,5.5668,11.389
3.0191,6.2364,11.916
8.7473,1.0399,11.877
9.3137,12.484,11.924
11.571,-5.4461,8.9052
10.503,-2.2663,6.2202
10.996,-2.0789,11.414
0,0,0
-5.6477,-0.34436,0.09
-0.25668,-5.7141,0.213
0.35214,5.7134,0.134
-0.043134,0.12233,-5.7762
-0.043134,0.12233,5.792
5.8336,0.22486,0.055
-5.2828,5.4242,0.143
5.554,-5.4126,0.143
-0.37406,-5.5854,-5.583
5.5724,0.5336,-5.7252
5.5724,0.5336,5.843
0.19728,5.8796,-5.642
-5.8457,-0.11526,-5.6812
-0.37406,-5.5854,5.9852
-5.8457,-0.11526,5.887
0.19728,5.8796,5.9262
-5.9079,-6.0069,0.101
6.1685,6.0695,0.101
5.2559,-5.2658,-5.649
5.2559,-5.2658,5.9192
-5.5809,5.571,-5.649
-5.5809,5.571,5.9192
5.8503,6.153,-5.6722
-6.2261,-5.9234,-5.6722
5.8503,6.153,5.896
-6.2261,-5.9234,5.896
-11.327,-0.63286,0.139
0.74925,11.444,0.139
-0.49033,-11.47,0.139
5.0088e-16,-5.0088e-16,-11.568
-5.0088e-16,5.0088e-16,11.568
11.586,0.60671,0.139
-5.0032,11.062,0.055
-11.093,5.1227,0.213
11.189,-5.1234,0.134
5.1892,-11.181,0.09
11.287,0.78038,-5.657
-0.78984,-11.296,-5.657
-0.25668,-5.7141,-11.355
11.287,0.78038,5.9112
-0.78984,-11.296,5.9112
0.35214,5.7134,-11.434
-5.6477,-0.34436,-11.478
5.8336,0.22486,-11.513
0.44974,11.617,-5.657
-11.627,-0.45919,-5.657
-5.6477,-0.34436,11.658
5.8336,0.22486,11.623
0.35214,5.7134,11.702
0.44974,11.617,5.9112
-11.627,-0.45919,5.9112
-0.25668,-5.7141,11.781
4.9912,-10.952,-5.6812
-11.724,-6.363,0.134
11.034,-4.9572,-5.642
6.4287,11.732,0.09
-6.2428,-11.852,0.055
4.9912,-10.952,5.887
11.82,6.3623,0.213
11.034,-4.9572,5.9262
-11.211,5.2514,-5.583
-5.2828,5.4242,-11.425
-11.211,5.2514,5.9852
-5.2644,11.37,-5.7252
5.554,-5.4126,-11.425
-5.2644,11.37,5.843
-5.2828,5.4242,11.711
5.554,-5.4126,11.711
-5.9079,-6.0069,-11.467
6.1685,6.0695,-11.467
-5.9079,-6.0069,11.669
-6.504,-11.543,-5.7252
-6.504,-11.543,5.843
11.702,6.491,-5.583
6.1685,6.0695,11.669
-11.879,-6.1968,-5.642
6.2307,11.961,-5.6812
-11.879,-6.1968,5.9262
11.702,6.491,5.9852
6.2307,11.961,5.887
-10.837,10.837,-9.3842e-16
10.837,-10.837,9.3842e-16
-11.327,-0.63286,-11.429
0.74925,11.444,-11.429
-0.49033,-11.47,-11.429
10.794,-10.715,-5.7762
10.794,-10.715,5.792
11.586,0.60671,-11.429
-11.327,-0.63286,11.707
0.74925,11.444,11.707
-0.49033,-11.47,11.707
11.586,0.60671,11.707
-10.88,10.959,-5.7762
-10.88,10.959,5.792
-11.093,5.1227,-11.355
-5.0032,11.062,-11.513
11.189,-5.1234,-11.434
-5.0032,11.062,11.623
5.1892,-11.181,-11.478
5.1892,-11.181,11.658
-11.093,5.1227,11.781
11.189,-5.1234,11.702
-12.076,-12.076,7.9602e-22
12.076,12.076,-7.9602e-22
-11.724,-6.363,-11.434
11.82,6.3623,-11.355
6.4287,11.732,-11.478
-6.2428,-11.852,-11.513
-6.2428,-11.852,11.623
6.4287,11.732,11.658
-11.724,-6.363,11.702
11.82,6.3623,11.781
-12.12,-11.954,-5.7762
-12.12,-11.954,5.792
12.033,12.199,-5.7762
12.033,12.199,5.792
-10.837,10.837,-11.568
10.837,-10.837,-11.568
-10.837,10.837,11.568
10.837,-10.837,11.568
-12.076,-12.076,-11.568
-12.076,-12.076,11.568
12.076,12.076,-11.568
12.076,12.076,11.568
