-9.2538,-4.0821,-9.2708
-9.5544,-10.055,-8.9808
-3.3929,-9.7182,-9.3638
-9.2538,-4.0821,2.832
-8.423,-9.1839,-2.892
-9.5544,-10.055,3.122
-3.3929,-9.7182,2.739
-8.423,-9.1839,9.2108
-8.816,8.1047,-9.5608
2.5937,-3.305,-9.5608
-3.1084,2.2302,-9.3188
3.2435,8.4153,-9.2708
-9.3621,2.1835,-8.9098
-3.5292,-3.73,-9.0278
-2.8475,8.4945,-9.0808
2.943,2.4423,-8.9808
8.3012,-9.1795,-9.3188
9.1045,2.7791,-9.3638
2.0475,-9.2261,-8.9098
8.5621,-2.9152,-9.0808
-8.816,8.1047,2.542
-7.8967,9.0324,-3.196
2.5937,-3.305,2.542
-3.1084,2.2302,2.784
3.2435,8.4153,2.832
-8.3622,-3.1777,-3.34
-2.7061,-8.7405,-3.24
-2.3561,2.8907,-3.217
3.5129,-2.3773,-3.196
-8.3439,2.7719,-2.922
-2.3405,-2.8058,-2.996
-1.6667,9.0672,-2.851
4.0743,3.3135,-2.892
-9.3621,2.1835,3.193
-3.5292,-3.73,3.075
-2.8475,8.4945,3.022
2.943,2.4423,3.122
8.3012,-9.1795,2.784
9.1045,2.7791,2.739
9.0535,-8.519,-3.217
3.0658,-8.6378,-2.922
9.743,-2.3424,-2.851
2.0475,-9.2261,3.193
8.5621,-2.9152,3.022
-7.8967,9.0324,8.9068
-8.3622,-3.1777,8.7628
-2.7061,-8.7405,8.8628
-2.3561,2.8907,8.8858
3.5129,-2.3773,8.9068
-8.3439,2.7719,9.1808
-2.3405,-2.8058,9.1068
-1.6666,9.0672,9.2518
4.0743,3.3135,9.2108
9.0535,-8.519,8.8858
3.0658,-8.6378,9.1808
9.743,-2.3424,9.2518
8.9682,8.7674,-9.0278
4.1351,9.3196,-3.34
9.7912,3.7568,-3.24
10.157,9.6916,-2.996
8.9682,8.7674,3.075
4.1351,9.3196,8.7628
9.7912,3.7568,8.8628
10.157,9.6916,9.1068
-8.2144,-9.3939,-9.0678
-8.7914,-4.6082,-3.367
-8.2144,-9.3939,3.035
-9.811,-9.7446,-2.959
-3.1164,-10.176,-3.243
-8.7914,-4.6082,8.7358
-9.811,-9.7446,9.1438
-3.1164,-10.176,8.8598
-8.263,9.4807,-9.3748
-8.5051,-2.7902,-9.1968
-2.7917,-8.3552,-9.2438
-2.5682,3.619,-9.3808
3.1466,-1.929,-9.3748
-8.0165,2.7881,-9.1278
-2.1362,-3.1997,-8.9518
-1.4022,8.8593,-9.1938
4.2829,3.1035,-9.0678
8.8414,-7.7907,-9.3808
3.3931,-8.6215,-9.1278
10.007,-2.5503,-9.1938
-8.263,9.4807,2.728
-8.6104,7.7322,-2.992
-2.8765,1.516,-2.957
3.7059,7.8892,-3.367
-8.5051,-2.7902,2.906
-2.7917,-8.3552,2.859
-2.5682,3.619,2.722
3.1466,-1.929,2.728
-8.0165,2.7881,2.975
-2.1362,-3.1997,3.151
-1.4022,8.8593,2.909
4.2829,3.1035,3.035
-9.6881,2.1192,-2.949
-3.7215,-3.3807,-3.092
-2.9451,8.2937,-2.948
2.6863,2.7528,-2.959
2.7992,-3.6775,-2.992
8.5331,-9.8936,-2.957
9.3809,2.3216,-3.243
8.8414,-7.7907,2.722
3.3932,-8.6215,2.975
10.007,-2.5503,2.909
1.7215,-9.2905,-2.949
8.4645,-3.116,-2.948
-8.6104,7.7322,9.1108
-2.8765,1.516,9.1458
3.7059,7.8892,8.7358
-9.6881,2.1192,9.1538
-3.7215,-3.3807,9.0108
-2.9451,8.2937,9.1548
2.6863,2.7528,9.1438
2.7992,-3.6775,9.1108
8.5331,-9.8936,9.1458
9.3809,2.3216,8.8598
1.7216,-9.2905,9.1538
8.4645,-3.116,9.1548
3.9923,9.7071,-9.1968
9.7057,4.1422,-9.2438
10.361,9.2977,-8.9518
3.9923,9.7071,2.906
9.7057,4.1422,2.859
10.361,9.2977,3.151
8.7758,9.1167,-3.092
8.7758,9.1167,9.0108
-11.225,-7.2245,-9.0518
-12.671,-11.755,-9.3168
-11.075,-3.7186,-6.4668
-5.3414,-9.3027,-6.5158
-9.186,-11.931,-6.1758
-11.31,-3.7158,-11.887
-5.6384,-9.437,-11.948
-13.004,-9.606,-12.636
-9.0474,-6.9063,-12.407
-9.3401,-11.77,-11.955
-5.6691,-12.71,-9.1268
-3.2168,-12.825,-12.281
-12.567,-6.4537,-2.978
-6.284,-11.969,-3.025
-11.225,-7.2245,3.051
-12.671,-11.755,2.786
-11.985,-13.247,-3.27
-11.272,-1.4729,-3.044
-5.4171,-6.9515,-3.14
-12.738,-9.6265,-5.868
-11.075,-3.7186,5.636
-5.3414,-9.3027,5.587
-9.186,-11.931,5.927
-8.8748,-7.4253,-5.813
-11.31,-3.7158,0.216
-5.6384,-9.437,0.155
-13.004,-9.606,-0.533
-9.0474,-6.9063,-0.304
-9.3401,-11.77,0.148
-5.6691,-12.71,2.976
0.1377,-12.883,-3.044
-3.0719,-13.159,-5.686
-3.2168,-12.825,-0.178
-12.567,-6.4537,9.1248
-6.284,-11.969,9.0778
-11.985,-13.247,8.8328
-11.272,-1.4729,9.0588
-5.4171,-6.9515,8.9628
-12.738,-9.6265,6.2348
-8.8748,-7.4253,6.2898
-11.31,-3.7158,12.319
-5.6384,-9.437,12.258
-13.004,-9.606,11.57
-9.0474,-6.9063,11.799
-9.3401,-11.77,12.251
0.1377,-12.883,9.0588
-3.0719,-13.159,6.4168
-3.2168,-12.825,11.925
-11.584,12.152,-9.3168
-10.379,8.2234,-6.5218
-8.0982,11.976,-6.1758
-10.905,8.239,-12.063
-8.2524,12.137,-11.955
-10.844,4.978,-9.0238
-5.2467,-0.83297,-9.0988
-4.5813,11.197,-9.1268
1.2721,5.2729,-9.0518
-12.065,-0.18031,-9.1128
-6.4474,-5.7926,-9.1768
-5.9496,6.2819,-9.2448
-0.17395,0.74246,-9.3168
-4.6662,2.5859,-6.1928
1.031,-3.1862,-6.5218
1.422,8.7787,-6.4668
7.1559,3.1947,-6.5158
-8.6833,0.059398,-6.5048
-3.1148,-5.7325,-6.2258
-2.4756,6.2968,-6.6738
3.3114,0.56639,-6.1758
-5.0799,2.629,-11.925
0.50487,-3.1707,-12.063
1.1872,8.7816,-11.887
6.8589,3.0604,-11.948
-12.404,2.2967,-12.437
-6.6496,-3.2909,-12.433
-5.9581,8.5942,-12.509
-0.507,2.8914,-12.636
-8.4414,5.1138,-12.605
-2.7888,-0.8952,-12.16
-2.1291,11.082,-12.281
3.45,5.5911,-12.407
-8.8374,0.21638,-11.801
-3.0547,-5.3981,-11.908
-2.593,6.5301,-11.696
3.1572,0.72761,-11.955
0.56543,-6.4316,-9.0238
6.1629,-12.243,-9.0988
6.8283,-0.21263,-9.1268
12.682,-6.1368,-9.0518
-0.65574,-11.59,-9.1128
5.46,-5.1277,-9.2448
11.236,-10.667,-9.3168
6.7434,-8.8238,-6.1928
12.832,-2.6309,-6.4668
2.7263,-11.35,-6.5048
8.934,-5.1129,-6.6738
6.3298,-8.7806,-11.925
12.597,-2.6281,-11.887
-0.99445,-9.113,-12.437
5.4515,-2.8155,-12.509
10.903,-8.5183,-12.636
2.9682,-6.2959,-12.605
8.6208,-12.305,-12.16
9.2805,-0.32718,-12.281
2.5722,-11.193,-11.801
8.8167,-4.8795,-11.696
-12.062,5.7578,-3.052
-5.1963,11.938,-3.025
-11.584,12.152,2.786
-10.898,10.66,-3.27
-10.379,8.2234,5.581
-8.0982,11.976,5.927
-10.905,8.239,0.039999
-8.2524,12.137,0.148
-6.3795,-0.11314,-3.044
-0.65266,-5.6519,-3.052
-0.070004,6.0436,-2.978
6.2133,0.52821,-3.025
-10.844,4.978,3.079
-5.2467,-0.83297,3.004
-4.5813,11.197,2.976
1.2721,5.2729,3.051
-12.065,-0.18031,2.99
-6.4474,-5.7926,2.926
-5.9496,6.2819,2.858
-0.17395,0.74246,2.786
-4.9943,4.966,-3.202
0.51195,-0.74953,-3.27
1.2254,11.025,-3.044
7.0803,5.5458,-3.14
-12.08,2.3243,-5.825
-6.2586,-3.2463,-5.982
-5.9121,8.7094,-5.962
-0.24042,2.8709,-5.868
-4.6662,2.5859,5.91
1.031,-3.1862,5.581
1.422,8.7787,5.636
7.1559,3.1947,5.587
-8.6833,0.059397,5.598
-3.1148,-5.7325,5.877
-2.4756,6.2968,5.429
3.3114,0.56639,5.927
-8.3382,4.7079,-5.675
-2.5958,-0.96379,-5.859
-1.9841,10.748,-5.686
3.6225,5.0721,-5.813
-5.0799,2.629,0.178
0.50487,-3.1707,0.04
1.1872,8.7816,0.216
6.8589,3.0604,0.155
-12.404,2.2967,-0.334
-6.6496,-3.2909,-0.33
-5.9581,8.5942,-0.406
-0.507,2.8914,-0.533
-8.4414,5.1138,-0.502
-2.7888,-0.8952,-0.057
-2.1291,11.082,-0.178
3.45,5.5911,-0.304
-8.8374,0.21637,0.302
-3.0547,-5.3981,0.195
-2.593,6.5301,0.407
3.1572,0.72761,0.148
5.0301,-11.523,-3.044
11.34,-5.366,-2.978
0.56543,-6.4316,3.079
6.1629,-12.243,3.004
6.8283,-0.21263,2.976
12.682,-6.1368,3.051
-0.65574,-11.59,2.99
5.46,-5.1277,2.858
11.236,-10.667,2.786
6.4153,-6.4437,-3.202
11.922,-12.159,-3.27
12.635,-0.38517,-3.044
-0.66989,-9.0854,-5.825
5.4975,-2.7002,-5.962
11.169,-8.5388,-5.868
6.7434,-8.8238,5.91
12.832,-2.6309,5.636
2.7263,-11.35,5.598
8.934,-5.1129,5.429
3.0714,-6.7018,-5.675
8.8138,-12.373,-5.859
9.4255,-0.66164,-5.686
6.3298,-8.7806,0.178
12.597,-2.6281,0.216
-0.99445,-9.113,-0.334
5.4515,-2.8155,-0.406
10.903,-8.5183,-0.533
2.9682,-6.2959,-0.502
8.6208,-12.305,-0.056999
9.2805,-0.32718,-0.178
2.5722,-11.193,0.302
8.8167,-4.8795,0.407
-12.062,5.7578,9.0508
-5.1963,11.938,9.0778
-10.898,10.66,8.8328
-10.905,8.239,12.143
-8.2524,12.137,12.251
-6.3795,-0.11314,9.0588
-0.65266,-5.6519,9.0508
-0.070003,6.0436,9.1248
6.2133,0.52821,9.0778
-4.9943,4.966,8.9008
0.51195,-0.74953,8.8328
1.2254,11.025,9.0588
7.0803,5.5458,8.9628
-12.08,2.3243,6.2778
-6.2586,-3.2463,6.1208
-5.9121,8.7094,6.1408
-0.24042,2.8709,6.2348
-8.3382,4.7079,6.4278
-2.5958,-0.96379,6.2438
-1.9841,10.748,6.4168
3.6225,5.0721,6.2898
-5.0799,2.629,12.281
0.50487,-3.1707,12.143
1.1872,8.7816,12.319
6.8589,3.0604,12.258
-12.404,2.2967,11.769
-6.6496,-3.2909,11.773
-5.9581,8.5942,11.697
-0.50699,2.8914,11.57
-8.4414,5.1138,11.601
-2.7888,-0.8952,12.046
-2.1291,11.082,11.925
3.45,5.5911,11.799
-8.8374,0.21637,12.405
-3.0547,-5.3981,12.298
-2.593,6.5301,12.51
3.1572,0.72761,12.251
5.0301,-11.523,9.0588
11.34,-5.366,9.1248
6.4153,-6.4437,8.9008
11.922,-12.159,8.8328
12.635,-0.38517,9.0588
-0.66988,-9.0854,6.2778
5.4975,-2.7002,6.1408
11.169,-8.5388,6.2348
3.0714,-6.7018,6.4278
8.8138,-12.373,6.2438
9.4255,-0.66165,6.4168
6.3298,-8.7806,12.281
12.597,-2.6281,12.319
-0.99445,-9.113,11.769
5.4515,-2.8155,11.697
10.903,-8.5183,11.57
2.9682,-6.2959,11.601
8.6208,-12.305,12.046
9.2805,-0.32718,11.925
2.5722,-11.193,12.405
8.8167,-4.8795,12.51
7.2506,11.664,-9.0988
0.43197,12.317,-9.1128
6.0499,6.7048,-9.1768
12.323,13.24,-9.3168
13.528,9.3112,-6.5218
3.8141,12.557,-6.5048
9.3825,6.7649,-6.2258
13.002,9.3267,-12.063
5.8477,9.2065,-12.433
9.7085,11.602,-12.16
3.6599,12.714,-11.801
9.4426,7.0993,-11.908
13.063,6.0657,-9.0238
11.842,0.9074,-9.1128
11.503,3.3844,-12.437
6.1178,12.384,-3.044
11.845,6.8455,-3.052
7.2506,11.664,3.004
0.43197,12.317,2.99
6.0499,6.7048,2.926
12.323,13.24,2.786
13.009,11.748,-3.27
6.2387,9.2511,-5.982
13.528,9.3112,5.581
3.8141,12.557,5.598
9.3825,6.7649,5.877
9.9015,11.534,-5.859
13.002,9.3267,0.04
5.8477,9.2065,-0.33
9.7085,11.602,-0.057
3.6599,12.714,0.302
9.4426,7.0993,0.195
13.063,6.0657,3.079
11.842,0.9074,2.99
11.827,3.412,-5.825
11.503,3.3844,-0.334
6.1178,12.384,9.0588
11.845,6.8455,9.0508
13.009,11.748,8.8328
6.2387,9.2511,6.1208
9.9015,11.534,6.2438
13.002,9.3267,12.143
5.8477,9.2065,11.773
9.7085,11.602,12.046
3.6599,12.714,12.405
9.4426,7.0993,12.298
11.827,3.412,6.2778
11.503,3.3844,11.769
0,0,0
-5.8039,-0.18385,-0.203
0.35214,5.91,-0.193
0.32032,-0.23829,5.969
-0.093338,-6.125,-0.236
0.32032,-0.23829,-6.1338
6.1455,0.24678,0.061
5.8228,-5.5767,0.029001
-5.5869,5.8329,0.029
-5.6399,-0.38608,5.792
0.51124,5.6816,5.776
-5.6399,-0.38608,-6.3108
0.51124,5.6816,-6.3268
0.19278,-6.1071,5.97
0.19278,-6.1071,-6.1328
-6.1207,-6.2452,-0.007
6.3665,0.14021,-6.024
6.3665,0.14021,6.0788
6.3766,6.2522,-0.007
-5.3097,5.4355,-6.025
-5.3097,5.4355,6.0778
6.1,-5.9741,-6.025
6.1,-5.9741,6.0778
-5.9382,-6.4389,5.9948
-5.9382,-6.4389,-6.108
6.5591,6.0585,5.9948
6.5591,6.0585,-6.108
-11.646,-0.6265,0.044
0.85129,11.871,0.044
-0.23643,-12.036,0.044001
-7.0711e-07,7.0711e-07,-12.103
7.0711e-07,-7.0711e-07,12.103
12.261,0.46122,0.044001
-11.503,5.2847,-0.236
-5.2642,11.656,0.060999
5.6057,-11.594,-0.203
11.762,-5.4997,-0.193
0.82944,11.638,-5.981
-11.668,-0.85911,-5.981
0.82944,11.638,6.1218
-11.668,-0.85911,6.1218
-5.8039,-0.18385,11.9
0.35214,5.91,11.91
-0.093337,-6.125,11.867
6.1455,0.24678,-12.042
-5.8039,-0.18385,-12.306
12.239,0.2286,-5.981
6.1455,0.24678,12.164
0.35214,5.91,-12.296
-0.25828,-12.269,-5.981
12.239,0.2286,6.1218
-0.25828,-12.269,6.1218
-11.217,5.3026,5.97
-0.093339,-6.125,-12.339
-6.3519,-12.251,0.061
-12.145,-6.5874,-0.193
-11.217,5.3026,-6.1328
12.404,6.3724,-0.236
-5.0431,11.55,-6.024
-5.0431,11.55,6.0788
6.6934,12.314,-0.203
5.7697,-11.796,5.792
11.921,-5.7281,5.776
5.8228,-5.5767,-12.074
-5.5869,5.8329,-12.074
5.8228,-5.5767,12.132
5.7697,-11.796,-6.3108
-5.5868,5.8329,12.132
11.921,-5.7281,-6.3268
-6.1207,-6.2452,12.096
-6.1207,-6.2452,-12.11
-11.986,-6.8158,5.776
6.3766,6.2522,12.096
6.3766,6.2522,-12.11
-6.1308,-12.357,-6.024
-6.1308,-12.357,6.0788
6.8575,12.111,5.792
-11.986,-6.8158,-6.3268
6.8575,12.111,-6.3108
12.69,6.3903,5.97
12.69,6.3903,-6.1328
-11.41,11.41,-1e-06
11.41,-11.41,1e-06
-11.646,-0.6265,-12.059
-11.089,11.171,5.969
-11.646,-0.6265,12.147
-11.089,11.171,-6.1338
0.85129,11.871,-12.059
0.85129,11.871,12.147
-0.23643,-12.036,-12.059
-0.23643,-12.036,12.147
12.261,0.46122,-12.059
12.261,0.46121,12.147
-11.503,5.2847,11.867
5.6057,-11.594,11.9
-5.2642,11.656,-12.042
11.73,-11.648,5.969
11.762,-5.4997,11.91
11.73,-11.648,-6.1338
-5.2642,11.656,12.164
-12.497,-12.497,1.9594e-21
12.497,12.497,-1.9594e-21
-11.503,5.2847,-12.339
5.6057,-11.594,-12.306
11.762,-5.4997,-12.296
-12.145,-6.5874,11.91
12.404,6.3724,11.867
-6.3519,-12.251,-12.042
6.6934,12.314,11.9
-6.3519,-12.251,12.164
-12.145,-6.5874,-12.296
-12.177,-12.736,5.969
12.404,6.3724,-12.339
6.6934,12.314,-12.306
-12.177,-12.736,-6.1338
12.818,12.259,5.969
12.818,12.259,-6.1338
-11.41,11.41,12.103
11.41,-11.41,-12.103
-11.41,11.41,-12.103
11.41,-11.41,12.103
-12.497,-12.497,-12.103
12.497,12.497,12.103
-12.497,-12.497,12.103
12.497,12.497,-12.103
