-9.5296,-3.812,-9.0038
-9.845,-9.8196,-9.0878
-3.6877,-9.6709,-9.1198
-9.5296,-3.812,3.099
-8.7044,-8.9831,-2.841
-9.845,-9.8196,3.015
-3.6877,-9.6709,2.983
-8.7044,-8.9831,9.2618
-8.9336,8.0554,-9.0128
-3.3637,2.2578,-8.9868
2.9677,8.6854,-9.0038
-9.2483,2.197,-9.0788
-3.4556,-3.6098,-8.9338
-3.0413,8.3828,-8.9928
2.6524,2.6778,-9.0878
2.476,-3.3543,-9.0128
8.0459,-9.1519,-8.9868
8.8096,2.8265,-9.1198
2.1614,-9.2127,-9.0788
8.3684,-3.0269,-8.9928
-8.106,8.9829,-2.903
-8.9336,8.0554,3.09
-3.3637,2.2578,3.116
2.9677,8.6854,3.099
-8.6486,-2.972,-3.02
-3.0413,-8.6896,-2.983
-2.4501,3.119,-3.003
3.3036,-2.4268,-2.903
-8.1423,2.9776,-2.814
-2.7047,-2.774,-2.91
-2.0032,9.1394,-2.903
3.7929,3.5143,-2.841
-9.2482,2.197,3.024
-3.4556,-3.6098,3.169
-3.0413,8.3828,3.11
2.6524,2.6778,3.015
2.476,-3.3543,3.09
8.0459,-9.1519,3.116
8.8096,2.8265,2.983
8.9595,-8.2906,-3.003
3.2673,-8.432,-2.814
9.4064,-2.2703,-2.903
2.1614,-9.2127,3.024
8.3684,-3.0269,3.11
-8.106,8.9829,9.1998
-8.6486,-2.972,9.0828
-3.0413,-8.6896,9.1198
-2.4501,3.119,9.0998
3.3036,-2.4268,9.1998
-8.1423,2.9776,9.2888
-2.7047,-2.774,9.1928
-2.0032,9.1394,9.1998
3.7929,3.5143,9.2618
8.9595,-8.2906,9.0998
3.2673,-8.432,9.2888
9.4064,-2.2703,9.1998
9.0417,8.8876,-8.9338
3.8487,9.5254,-3.02
9.4561,3.8077,-2.983
9.7927,9.7234,-2.91
9.0417,8.8876,3.169
3.8487,9.5254,9.0828
9.4561,3.8077,9.1198
9.7927,9.7234,9.1928
-8.4972,-9.1917,-8.9338
-9.2326,-4.3352,-2.847
-8.4972,-9.1917,3.169
-10.023,-9.6852,-2.842
-3.6199,-10.067,-2.978
-9.2326,-4.3352,9.2558
-10.023,-9.6852,9.2608
-3.6199,-10.067,9.1248
-8.2474,9.3817,-9.0958
-8.964,-2.4289,-8.9958
-3.1714,-8.2809,-8.9578
-2.5732,3.5249,-9.0368
3.1622,-2.028,-9.0958
-7.9493,2.9189,-8.9068
-2.1234,-2.938,-8.8388
-1.6193,8.819,-8.8608
4.0001,3.3057,-8.9338
8.8365,-7.8847,-9.0368
3.4603,-8.4907,-8.9068
9.7903,-2.5906,-8.8608
-8.2474,9.3817,3.007
-8.691,7.6063,-2.87
-3.1403,1.7968,-2.912
3.2647,8.1621,-2.847
-8.964,-2.4289,3.107
-3.1714,-8.2809,3.145
-2.5732,3.5249,3.066
3.1622,-2.028,3.007
-7.9493,2.9189,3.196
-2.1234,-2.938,3.264
-1.6193,8.819,3.242
4.0001,3.3057,3.169
-9.5297,2.4218,-2.824
-4.0553,-3.3991,-2.782
-3.3969,8.6069,-3.003
2.4742,2.8122,-2.842
2.7186,-3.8033,-2.87
8.2694,-9.6129,-2.912
8.8775,2.4305,-2.978
8.8365,-7.8847,3.066
3.4603,-8.4907,3.196
9.7903,-2.5906,3.242
1.8799,-8.9878,-2.824
8.0127,-2.8028,-3.003
-8.691,7.6063,9.2328
-3.1403,1.7968,9.1908
3.2647,8.1621,9.2558
-9.5297,2.4218,9.2788
-4.0553,-3.3991,9.3208
-3.3969,8.6069,9.0998
2.4742,2.8122,9.2608
2.7186,-3.8033,9.2328
8.2694,-9.6129,9.1908
8.8775,2.4305,9.1248
1.8799,-8.9878,9.2788
8.0127,-2.8028,9.0998
3.5333,10.068,-8.9958
9.326,4.2165,-8.9578
10.374,9.5594,-8.8388
3.5333,10.068,3.107
9.326,4.2165,3.145
10.374,9.5594,3.264
8.4421,9.0983,-2.782
8.4421,9.0983,9.3208
-11.62,-6.9756,-8.8298
-12.928,-11.973,-9.0018
-11.249,-3.5192,-6.1228
-5.584,-9.3826,-6.2978
-9.461,-11.683,-6.3348
-11.494,-3.5744,-11.791
-5.8152,-9.2263,-11.723
-12.788,-9.5551,-12.427
-9.0417,-6.9586,-12.22
-9.536,-11.944,-11.701
-5.7129,-12.635,-8.8778
-3.5286,-12.78,-12.235
-12.895,-6.2466,-2.783
-7.1495,-11.951,-2.853
-11.62,-6.9756,3.273
-12.928,-11.973,3.101
-12.031,-13.12,-2.935
-5.871,-6.9091,-2.951
-12.953,-9.553,-5.728
-11.249,-3.5192,5.98
-5.584,-9.3826,5.805
-9.461,-11.683,5.768
-9.1895,-7.1842,-5.559
-11.494,-3.5744,0.312
-5.8152,-9.2263,0.38
-12.788,-9.5551,-0.324
-9.0417,-6.9586,-0.117
-9.536,-11.944,0.402
-5.7129,-12.635,3.225
-3.419,-12.82,-5.617
-3.5286,-12.78,-0.132
-12.895,-6.2466,9.3198
-7.1495,-11.951,9.2498
-12.031,-13.12,9.1678
-5.871,-6.9091,9.1518
-12.953,-9.553,6.3748
-9.1895,-7.1842,6.5438
-11.494,-3.5744,12.415
-5.8152,-9.2263,12.483
-12.788,-9.5551,11.779
-9.0417,-6.9586,11.986
-9.536,-11.944,12.505
-3.419,-12.82,6.4858
-3.5286,-12.78,11.971
-11.84,11.934,-9.0018
-10.785,8.3415,-6.1618
-8.3733,12.224,-6.3348
-10.837,8.355,-11.793
-8.4483,11.963,-11.701
-11.133,5.0657,-9.0948
-5.4129,-0.78701,-8.9218
-4.6252,11.272,-8.8778
0.87752,5.5218,-8.8298
-12.402,-0.072831,-8.9758
-6.6737,-5.5932,-9.0148
-5.9963,6.2254,-9.1198
-0.43063,0.52397,-9.0018
-5.1499,2.6764,-6.1988
0.62437,-3.0681,-6.1618
1.248,8.9781,-6.1228
6.9134,3.1148,-6.2978
-8.9449,0.28001,-6.2968
-3.3489,-5.5876,-6.1388
-2.6927,6.4545,-6.2208
3.0363,0.81459,-6.3348
-5.111,2.5809,-11.73
0.57276,-3.0547,-11.793
1.0034,8.923,-11.791
6.6822,3.2711,-11.723
-12.607,2.4685,-12.177
-6.8582,-3.2378,-12.212
-6.1356,8.6133,-12.29
-0.29062,2.9423,-12.427
-8.4881,4.8451,-12.14
-2.8779,-0.93762,-12.307
-2.4409,11.127,-12.235
3.4556,5.5388,-12.22
-8.94,0.20718,-11.79
-3.0653,-5.3832,-11.713
-2.6014,6.3703,-11.695
2.9614,0.55296,-11.701
0.27693,-6.344,-9.0948
5.9967,-12.197,-8.9218
6.7844,-0.13768,-8.8778
12.287,-5.8879,-8.8298
-0.99233,-11.482,-8.9758
5.4134,-5.1843,-9.1198
10.979,-10.886,-9.0018
6.2598,-8.7333,-6.1988
12.658,-2.4315,-6.1228
2.4647,-11.13,-6.2968
8.717,-4.9552,-6.2208
6.2987,-8.8287,-11.73
12.413,-2.4867,-11.791
-1.1974,-8.9412,-12.177
5.2741,-2.7964,-12.29
11.119,-8.4674,-12.427
2.9215,-6.5646,-12.14
8.5317,-12.347,-12.307
8.9687,-0.28263,-12.235
2.4697,-11.202,-11.79
8.8082,-5.0393,-11.695
-12.481,5.7083,-3.08
-6.0618,11.956,-2.853
-11.84,11.934,3.101
-10.944,10.787,-2.935
-10.785,8.3415,5.941
-8.3733,12.224,5.768
-10.837,8.355,0.31
-8.4483,11.963,0.402
-6.6122,-0.13223,-2.858
-1.0713,-5.7014,-3.08
-0.39739,6.2508,-2.783
5.3478,0.54659,-2.853
-11.133,5.0657,3.008
-5.4129,-0.78701,3.181
-4.6252,11.272,3.225
0.87752,5.5218,3.273
-12.402,-0.072832,3.127
-6.6737,-5.5932,3.088
-5.9963,6.2254,2.983
-0.43063,0.52397,3.101
-5.1612,5.1711,-3.087
0.46598,-0.62296,-2.935
-11.408,-0.95884,-2.914
6.6263,5.5883,-2.951
-12.438,2.4225,-5.695
-6.6362,-3.3383,-5.636
-6.1921,8.6755,-5.814
-0.45538,2.9444,-5.728
-5.1499,2.6764,5.904
0.62438,-3.0681,5.941
1.248,8.9781,5.98
6.9134,3.1148,5.805
-8.9449,0.28001,5.806
-3.3489,-5.5876,5.964
-2.6927,6.4545,5.882
3.0363,0.81459,5.768
-8.6401,4.8543,-5.524
-2.8652,-0.85701,-5.621
-2.3313,11.087,-5.617
3.3078,5.3132,-5.559
-5.111,2.5809,0.373
0.57276,-3.0547,0.31
1.0034,8.923,0.312
6.6822,3.2711,0.38
-12.607,2.4685,-0.074
-6.8582,-3.2378,-0.109
-6.1356,8.6133,-0.187
-0.29062,2.9423,-0.324
-8.4881,4.8451,-0.037
-2.8779,-0.93762,-0.204
-2.4409,11.127,-0.132
3.4556,5.5388,-0.117
-8.94,0.20718,0.313
-3.0653,-5.3832,0.39
-2.6014,6.3703,0.408
2.9614,0.55296,0.402
4.7975,-11.542,-2.858
11.012,-5.1588,-2.783
0.27693,-6.344,3.008
5.9967,-12.197,3.181
6.7844,-0.13768,3.225
12.287,-5.8879,3.273
-0.99233,-11.482,3.127
5.4134,-5.1843,2.983
10.979,-10.886,3.101
6.2484,-6.2386,-3.087
11.876,-12.033,-2.935
0.0011589,-12.369,-2.914
-1.0284,-8.9871,-5.695
5.2175,-2.7342,-5.814
10.954,-8.4653,-5.728
6.2598,-8.7333,5.904
12.658,-2.4315,5.98
2.4647,-11.13,5.806
8.717,-4.9552,5.882
2.7695,-6.5554,-5.524
8.5444,-12.267,-5.621
9.0783,-0.32294,-5.617
6.2987,-8.8287,0.373
12.413,-2.4867,0.312
-1.1974,-8.9412,-0.073999
5.2741,-2.7964,-0.187
11.119,-8.4674,-0.324
2.9215,-6.5646,-0.036999
8.5317,-12.347,-0.204
8.9687,-0.28264,-0.132
2.4697,-11.202,0.313
8.8082,-5.0393,0.408
-12.481,5.7083,9.0228
-6.0618,11.956,9.2498
-10.944,10.787,9.1678
-10.837,8.355,12.413
-8.4483,11.963,12.505
-6.6122,-0.13223,9.2448
-1.0713,-5.7014,9.0228
-0.39739,6.2508,9.3198
5.3478,0.54659,9.2498
-5.1612,5.1711,9.0158
0.46598,-0.62296,9.1678
-11.408,-0.95884,9.1888
6.6263,5.5883,9.1518
-12.438,2.4225,6.4078
-6.6362,-3.3383,6.4668
-6.1921,8.6755,6.2888
-0.45538,2.9444,6.3748
-8.6401,4.8543,6.5788
-2.8652,-0.85701,6.4818
-2.3313,11.087,6.4858
3.3078,5.3132,6.5438
-5.111,2.5809,12.476
0.57276,-3.0547,12.413
1.0034,8.923,12.415
6.6822,3.2711,12.483
-12.607,2.4685,12.029
-6.8582,-3.2378,11.994
-6.1356,8.6133,11.916
-0.29062,2.9423,11.779
-8.4881,4.8451,12.066
-2.8779,-0.93762,11.899
-2.4409,11.127,11.971
3.4556,5.5388,11.986
-8.94,0.20718,12.416
-3.0653,-5.3832,12.493
-2.6014,6.3703,12.511
2.9614,0.55296,12.505
4.7975,-11.542,9.2448
11.012,-5.1588,9.3198
6.2484,-6.2386,9.0158
11.876,-12.033,9.1678
0.0011597,-12.369,9.1888
-1.0284,-8.9871,6.4078
5.2175,-2.7342,6.2888
10.954,-8.4653,6.3748
2.7695,-6.5554,6.5788
8.5444,-12.267,6.4818
9.0783,-0.32294,6.4858
6.2987,-8.8287,12.476
12.413,-2.4867,12.415
-1.1974,-8.9412,12.029
5.2741,-2.7964,11.916
11.119,-8.4674,11.779
2.9215,-6.5646,12.066
8.5317,-12.347,11.899
8.9687,-0.28264,11.971
2.4697,-11.202,12.416
8.8082,-5.0393,12.511
7.0844,11.71,-8.9218
0.095388,12.425,-8.9758
5.8237,6.9042,-9.0148
12.067,13.021,-9.0018
13.122,9.4292,-6.1618
3.5524,12.777,-6.2968
9.1485,6.9098,-6.1388
13.07,9.4427,-11.793
5.6391,9.2595,-12.212
9.6194,11.56,-12.307
3.5574,12.705,-11.79
9.432,7.1142,-11.713
12.774,6.1534,-9.0948
11.505,1.0149,-8.9758
11.3,3.5562,-12.177
5.8852,12.365,-2.858
11.426,6.796,-3.08
7.0844,11.71,3.181
0.095389,12.425,3.127
5.8237,6.9042,3.088
12.067,13.021,3.101
12.963,11.874,-2.935
1.0889,11.539,-2.914
5.8611,9.1591,-5.636
13.122,9.4292,5.941
3.5524,12.777,5.806
9.1485,6.9098,5.964
9.6321,11.64,-5.621
13.07,9.4427,0.31
5.6391,9.2595,-0.109
9.6194,11.56,-0.204
3.5574,12.705,0.313
9.432,7.1142,0.39
12.774,6.1534,3.008
11.505,1.0149,3.127
12.498,0.12888,-2.914
11.469,3.5103,-5.695
11.3,3.5562,-0.073999
5.8852,12.365,9.2448
11.426,6.796,9.0228
12.963,11.874,9.1678
1.0889,11.539,9.1888
5.8611,9.1591,6.4668
9.6321,11.64,6.4818
13.07,9.4427,12.413
5.6391,9.2595,11.994
9.6194,11.56,11.899
3.5574,12.705,12.416
9.432,7.1142,12.493
12.498,0.12887,9.1888
11.469,3.5103,6.4078
11.3,3.5562,12.029
0,0,0
-0.17253,-5.951,0.192
5.9779,0.20506,-0.035
0.29416,5.9878,0.094
-6.0125,-0.41224,0.076
0.24961,-0.062933,6.05
0.24961,-0.062932,-6.0528
-5.6194,5.6236,0.172
5.7902,-5.786,0.172
0.30123,5.8464,-5.918
-0.35709,-6.0606,-5.802
-5.9015,-0.37194,-5.9668
0.30123,5.8464,6.1848
-5.9015,-0.37194,6.136
6.2216,0.189,6.036
6.2216,0.18901,-6.0668
-0.35709,-6.0606,6.3008
-6.2225,-6.2155,0.328
6.2748,6.2819,0.328
5.6743,-5.663,-5.921
-5.7353,5.7467,-5.921
5.6743,-5.663,6.1818
-5.7353,5.7467,6.1818
6.2678,6.009,-5.833
6.2678,6.009,6.2698
-6.2295,-6.4884,-5.833
-6.2295,-6.4884,6.2698
-0.58998,-11.841,0.135
11.907,0.65638,0.135
-12,-0.43134,0.135
0.49773,12.066,0.135
7.0711e-07,-7.0711e-07,12.103
-7.0711e-07,7.0711e-07,-12.103
-11.582,5.4587,0.192
-5.4317,11.615,-0.035001
11.704,-5.4219,0.094001
5.3971,-11.822,0.076001
-11.737,-0.52043,-5.873
-11.737,-0.52043,6.2298
-0.32694,-11.93,-5.873
-0.17253,-5.951,-11.911
0.76078,11.977,-5.873
0.29416,5.9878,-12.009
-6.0125,-0.41224,-12.027
-0.32694,-11.93,6.2298
5.9779,0.20506,12.068
0.76078,11.977,6.2298
12.17,0.56728,-5.873
5.9779,0.20506,-12.138
-6.0125,-0.41224,12.179
0.29416,5.9878,12.197
-0.17253,-5.951,12.295
12.17,0.56728,6.2298
6.4848,12.085,0.076
-12.203,-6.5096,0.094
-6.5195,-12.292,-0.035
12.325,6.5464,0.192
-5.188,11.599,6.036
-5.188,11.599,-6.0668
-11.767,5.3491,-5.802
11.711,-5.5633,-5.918
5.5081,-11.782,-5.9668
-5.6194,5.6236,-11.931
11.711,-5.5633,6.1848
-11.767,5.3491,6.3008
5.5081,-11.782,6.136
5.7902,-5.786,-11.931
-5.6194,5.6236,12.275
-6.2225,-6.2155,-11.775
6.2748,6.2819,-11.775
5.7902,-5.786,12.275
12.14,6.4368,-5.802
6.5958,12.125,-5.9668
-6.2758,-12.308,6.036
-6.2758,-12.308,-6.0668
-12.196,-6.651,-5.918
6.5958,12.125,6.136
12.14,6.4368,6.3008
-12.196,-6.651,6.1848
-6.2225,-6.2155,12.431
6.2748,6.2819,12.431
-11.41,11.41,-1e-06
11.41,-11.41,1e-06
-0.58998,-11.841,-11.968
11.907,0.65638,-11.968
-12,-0.43133,-11.968
0.49773,12.066,-11.968
-11.16,11.347,6.05
-11.16,11.347,-6.0528
-0.58998,-11.841,12.238
11.907,0.65638,12.238
-12,-0.43134,12.238
0.49773,12.066,12.238
11.659,-11.473,6.05
11.659,-11.473,-6.0528
-11.582,5.4587,-11.911
-5.4317,11.615,12.068
11.704,-5.4219,-12.009
-5.4317,11.615,-12.138
-12.497,-12.497,1.9594e-21
12.497,12.497,-1.9594e-21
5.3971,-11.822,-12.027
-11.582,5.4587,12.295
11.704,-5.4219,12.197
5.3971,-11.822,12.179
6.4848,12.085,-12.027
-12.203,-6.5096,-12.009
6.4848,12.085,12.179
12.325,6.5464,-11.911
-6.5195,-12.292,12.068
-12.203,-6.5096,12.197
-6.5195,-12.292,-12.138
-12.248,-12.56,6.05
-12.248,-12.56,-6.0528
12.325,6.5464,12.295
12.747,12.434,6.05
12.747,12.434,-6.0528
-11.41,11.41,12.103
11.41,-11.41,-12.103
11.41,-11.41,12.103
-11.41,11.41,-12.103
12.497,12.497,12.103
-12.497,-12.497,-12.103
-12.497,-12.497,12.103
12.497,12.497,-12.103
