-10.311,-10.119,-9.9934
-10.311,-10.119,2.901
-9.9337,8.9311,-9.9574
-9.6838,2.2719,-9.9784
-3.6444,-3.7052,-9.6384
-3.165,8.9916,-10.074
2.7994,2.9918,-9.9934
-10.099,-3.6147,-10.001
-3.9485,-10.03,-9.6454
-3.404,2.7224,-9.7674
2.291,-3.2937,-9.9574
2.5409,-9.9528,-9.9784
9.0597,-3.2332,-10.074
8.8207,-9.5024,-9.7674
-8.9975,3.4481,-3.757
-8.7748,9.397,-3.18
-9.9337,8.9311,2.937
-9.6838,2.2719,2.916
-3.6444,-3.7052,3.256
-3.165,8.9916,2.82
2.7994,2.9918,2.901
-9.5,-9.0347,-3.183
-3.0441,-2.757,-3.635
3.2272,-8.7766,-3.757
-9.2136,-3.141,-3.424
-3.3588,-9.3607,-3.175
-2.8171,3.5666,-3.584
3.45,-2.8277,-3.18
-10.099,-3.6147,2.893
-3.9485,-10.03,3.249
-3.404,2.7224,3.127
2.291,-3.2937,2.937
2.5409,-9.9528,2.916
9.0597,-3.2332,2.82
9.4076,-8.6581,-3.584
8.8207,-9.5024,3.127
-8.9975,3.4481,9.1374
-8.7748,9.397,9.7144
-9.5,-9.0347,9.7114
-3.0441,-2.757,9.2594
3.2272,-8.7766,9.1374
-9.2136,-3.141,9.4704
-3.3588,-9.3607,9.7194
-2.8171,3.5666,9.3104
3.45,-2.8277,9.7144
9.4076,-8.6581,9.3104
9.4661,9.4053,-9.6384
3.0117,9.4958,-10.001
9.1621,3.081,-9.6454
-2.4581,9.8971,-3.548
9.4661,9.4053,3.256
3.6106,4.0759,-3.183
9.7667,-2.3277,-3.548
10.066,10.354,-3.635
3.897,9.9696,-3.424
9.7518,3.7499,-3.175
3.0117,9.4958,2.893
9.1621,3.081,3.249
-2.4581,9.8971,9.3464
3.6106,4.0759,9.7114
9.7667,-2.3277,9.3464
10.066,10.354,9.2594
3.897,9.9696,9.4704
9.7518,3.7499,9.7194
-10.12,-10.396,-3.146
-10.12,-10.396,9.7484
-9.2881,3.7133,-9.8924
-8.6037,9.5865,-9.7754
-9.7956,-8.7321,-9.7984
-2.979,-2.3709,-9.7444
2.9366,-8.5114,-9.8924
-8.754,-2.9529,-10.004
-2.699,-9.2157,-9.7394
-2.1086,3.4648,-9.7924
3.6211,-2.6382,-9.7754
10.116,-8.7599,-9.7924
-9.2881,3.7133,3.002
-8.6037,9.5865,3.119
-10.106,8.8073,-3.551
-9.4477,2.0259,-3.854
-3.3991,-4.2094,-3.534
-2.9727,8.4895,-3.6
2.9904,2.7146,-3.146
-9.7956,-8.7321,3.096
-2.979,-2.3709,3.15
2.9366,-8.5114,3.002
-8.754,-2.9529,2.89
-2.699,-9.2157,3.155
-2.1086,3.4648,3.102
3.6211,-2.6382,3.119
-10.581,-3.6685,-3.729
-4.773,-9.8401,-3.184
-4.1903,2.9896,-3.676
2.1192,-3.4174,-3.551
2.7771,-10.199,-3.854
9.2521,-3.7352,-3.6
10.116,-8.7599,3.102
8.0344,-9.2351,-3.676
-10.106,8.8073,9.3434
-9.4477,2.0259,9.0404
-3.3991,-4.2094,9.3604
-2.9727,8.4895,9.2944
2.9904,2.7146,9.7484
-10.581,-3.6685,9.1654
-4.773,-9.8401,9.7104
-4.1903,2.9896,9.2184
2.1192,-3.4174,9.3434
2.7771,-10.199,9.0404
9.2521,-3.7352,9.2944
8.0344,-9.2351,9.2184
-2.6851,10.388,-9.8084
3.315,4.3785,-9.7984
9.5397,-1.8363,-9.8084
10.132,10.74,-9.7444
4.3566,10.158,-10.004
10.412,3.8948,-9.7394
-2.6851,10.388,3.086
9.7115,8.9012,-3.534
3.315,4.3785,3.096
9.5397,-1.8363,3.086
10.132,10.74,3.15
4.3566,10.158,2.89
10.412,3.8948,3.155
2.5294,9.4421,-3.729
8.3376,3.2705,-3.184
9.7115,8.9012,9.3604
2.5294,9.4421,9.1654
8.3376,3.2705,9.7104
-12.803,-13.289,-9.8114
-12.076,-9.9321,-6.8504
-12.376,-9.9279,-12.804
-9.9696,-13.485,-13.271
-13.738,-12.338,-3.471
-12.803,-13.289,3.083
-12.524,-7.1822,-3.527
-6.6518,-13.71,-3.297
-12.076,-9.9321,6.044
-9.9597,-13.716,-6.014
-12.376,-9.9279,0.09
-9.9696,-13.485,-0.377
-13.738,-12.338,9.4234
-12.524,-7.1822,9.3674
-6.6518,-13.71,9.5974
-9.9597,-13.716,6.8804
-12.376,-9.9279,12.984
-9.9696,-13.485,12.517
-11.917,12.046,-9.8114
-12.956,6.7574,-10.111
-11.967,2.6067,-7.1904
-5.247,9.2577,-6.9074
-9.4232,6.6513,-7.2334
-11.912,2.5551,-12.763
-5.5822,9.3751,-12.875
-13.251,9.1955,-13.68
-9.0838,11.85,-13.271
-9.3992,6.8465,-12.787
-12.052,-0.80186,-9.9454
-5.8294,-6.7727,-9.7074
-5.3372,5.8251,-9.8724
0.30759,-0.1789,-9.8114
-13.319,-6.1207,-9.8674
-7.3355,-12.039,-9.8184
-6.4686,0.54165,-9.9534
-0.73115,-5.4673,-10.111
-5.8711,-3.4867,-6.7534
0.25739,-9.6181,-7.1904
1.0345,3.1784,-6.8504
6.9777,-2.967,-6.9074
-9.8677,-5.7481,-6.9164
-3.677,-12.028,-6.8624
-3.206,0.64205,-6.8904
2.8016,-5.5734,-7.2334
-5.6052,-3.1714,-12.724
0.31325,-9.6697,-12.763
0.73468,3.1827,-12.804
6.6426,-2.8496,-12.875
-13.612,-3.6034,-13.636
-7.4967,-9.5134,-13.109
-7.3426,3.0208,-13.447
-1.0267,-3.0292,-13.68
-9.396,-0.84711,-13.629
-3.3679,-7.1255,-13.253
-3.1113,5.6187,-13.535
3.141,-0.37477,-13.271
-9.8797,-5.9058,-12.702
-3.6367,-11.975,-12.83
-3.1318,0.9355,-12.861
2.8256,-5.3783,-12.787
0.17283,-13.027,-9.9454
6.8875,-6.3996,-9.8724
12.532,-12.404,-9.8114
5.7561,-11.683,-9.9534
13.259,-9.0463,-6.8504
9.0187,-11.583,-6.8904
12.959,-9.0421,-12.804
4.8822,-9.204,-13.447
2.8287,-13.072,-13.629
9.1135,-6.6061,-13.535
9.093,-11.289,-12.861
-13.189,0.21455,-3.443
-12.853,12.997,-3.471
-6.6704,6.4894,-3.477
-11.917,12.046,3.083
-12.956,6.7574,2.783
-12.242,5.276,-3.44
-5.766,11.625,-3.297
-13.016,8.8653,-6.306
-11.967,2.6067,5.704
-5.247,9.2577,5.987
-9.4232,6.6513,5.661
-9.0739,11.619,-6.014
-11.912,2.5551,0.131
-5.5822,9.3751,0.019
-13.251,9.1955,-0.786
-9.0838,11.85,-0.377
-9.3992,6.8465,0.107
-7.0343,-6.1037,-3.316
-0.96379,-12.01,-3.443
-0.62791,0.77216,-3.471
5.5543,-5.7353,-3.477
-12.052,-0.80186,2.949
-5.8294,-6.7727,3.187
-5.3372,5.8251,3.022
0.30759,-0.1789,3.083
-13.319,-6.1207,3.027
-7.3355,-12.039,3.076
-6.4686,0.54164,2.941
-0.73115,-5.4673,2.783
-6.0889,-0.92136,-3.543
-0.017678,-6.9487,-3.44
0.5869,5.9284,-3.527
6.4587,-0.59963,-3.297
-13.586,-3.5306,-6.38
-7.6,-9.7086,-6.216
-6.8087,2.9776,-6.489
-0.79125,-3.3595,-6.306
-5.8711,-3.4867,6.141
0.25739,-9.6181,5.704
1.0345,3.1784,6.044
6.9777,-2.967,5.987
-9.8677,-5.7481,5.978
-3.677,-12.028,6.032
-3.206,0.64205,6.004
2.8016,-5.5734,5.661
-9.4901,-1.026,-6.436
-3.6515,-7.2252,-6.176
-3.0229,5.625,-6.45
3.1509,-0.60528,-6.014
-5.6052,-3.1714,0.17
0.31325,-9.6697,0.131
0.73468,3.1827,0.09
6.6426,-2.8496,0.019
-13.612,-3.6034,-0.742
-7.4967,-9.5134,-0.215
-7.3426,3.0208,-0.553
-1.0267,-3.0292,-0.786
-9.396,-0.84711,-0.735
-3.3679,-7.1255,-0.359
-3.1113,5.6187,-0.641
3.141,-0.37477,-0.377
-9.8797,-5.9058,0.192
-3.6367,-11.975,0.064
-3.1318,0.9355,0.033
2.8256,-5.3783,0.107
11.597,-11.453,-3.471
0.17283,-13.027,2.949
6.8875,-6.3996,3.022
12.532,-12.404,3.083
5.7561,-11.683,2.941
6.1359,-13.146,-3.543
12.812,-6.2964,-3.527
5.416,-9.2471,-6.489
13.259,-9.0463,6.044
9.0187,-11.583,6.004
2.7347,-13.251,-6.436
9.2019,-6.5997,-6.45
12.959,-9.0421,0.09
4.8822,-9.204,-0.553
2.8287,-13.072,-0.735
9.1135,-6.6061,-0.641
9.093,-11.289,0.033
-13.189,0.21455,9.4514
-12.853,12.997,9.4234
-6.6704,6.4894,9.4174
-12.242,5.276,9.4544
-5.766,11.625,9.5974
-13.016,8.8653,6.5884
-9.0739,11.619,6.8804
-11.912,2.5551,13.025
-5.5822,9.3751,12.913
-13.251,9.1955,12.108
-9.0838,11.85,12.517
-9.3992,6.8465,13.001
-7.0343,-6.1037,9.5784
-0.96379,-12.01,9.4514
-0.62791,0.77216,9.4234
5.5543,-5.7353,9.4174
-6.0889,-0.92136,9.3514
-0.017678,-6.9487,9.4544
0.5869,5.9284,9.3674
6.4587,-0.59963,9.5974
-13.586,-3.5306,6.5144
-7.6,-9.7086,6.6784
-6.8087,2.9776,6.4054
-0.79125,-3.3595,6.5884
-9.4901,-1.026,6.4584
-3.6515,-7.2252,6.7184
-3.0229,5.625,6.4444
3.1509,-0.60528,6.8804
-5.6052,-3.1714,13.064
0.31325,-9.6697,13.025
0.73468,3.1827,12.984
6.6426,-2.8496,12.913
-13.612,-3.6034,12.152
-7.4967,-9.5134,12.679
-7.3426,3.0208,12.341
-1.0267,-3.0292,12.108
-9.396,-0.84712,12.159
-3.3679,-7.1255,12.535
-3.1113,5.6187,12.253
3.141,-0.37477,12.517
-9.8797,-5.9058,13.086
-3.6367,-11.975,12.958
-3.1318,0.9355,12.927
2.8256,-5.3783,13.001
11.597,-11.453,9.4234
6.1359,-13.146,9.3514
12.812,-6.2964,9.3674
5.416,-9.2471,6.4054
2.7347,-13.251,6.4584
9.2019,-6.5997,6.4444
12.959,-9.0421,12.984
4.8822,-9.204,12.341
2.8287,-13.072,12.159
9.1135,-6.6061,12.253
9.093,-11.289,12.927
-6.4497,13.296,-9.8184
-2.7911,13.307,-6.8624
-2.7508,13.36,-12.83
1.0586,12.309,-9.9454
7.2812,6.3379,-9.7074
13.418,12.932,-9.8114
-0.2085,6.9898,-9.8674
5.775,1.0714,-9.8184
6.6419,13.652,-9.9534
12.379,7.6432,-10.111
7.2395,9.6238,-6.7534
13.368,3.4925,-7.1904
3.2429,7.3625,-6.9164
9.4336,1.0827,-6.8624
9.9045,13.753,-6.8904
7.5053,9.9392,-12.724
13.424,3.4409,-12.763
-0.50124,9.5071,-13.636
5.6138,3.5971,-13.109
12.084,10.081,-13.68
3.7145,12.263,-13.629
9.7426,5.985,-13.253
3.2309,7.2048,-12.702
9.4739,1.1357,-12.83
9.9788,14.046,-12.861
13.283,0.083948,-9.9454
12.016,-5.2349,-9.8674
11.724,-2.7176,-13.636
-0.077981,13.325,-3.443
-6.4497,13.296,3.076
-2.7911,13.307,6.032
-2.7508,13.36,0.064
6.0763,7.0068,-3.316
12.147,1.1004,-3.443
12.483,13.883,-3.471
1.0586,12.309,2.949
7.2812,6.3379,3.187
13.418,12.932,3.083
-0.2085,6.9898,3.027
5.775,1.0714,3.076
6.6419,13.652,2.941
12.379,7.6432,2.783
7.0217,12.189,-3.543
13.093,6.1618,-3.44
-0.47508,9.58,-6.38
5.5106,3.402,-6.216
12.319,9.7511,-6.306
7.2395,9.6238,6.141
13.368,3.4925,5.704
3.2429,7.3625,5.978
9.4336,1.0827,6.032
9.9045,13.753,6.004
3.6205,12.085,-6.436
9.4591,5.8853,-6.176
7.5053,9.9392,0.17
13.424,3.4409,0.131
-0.50124,9.5071,-0.742
5.6138,3.5971,-0.215
12.084,10.081,-0.786
3.7145,12.263,-0.735
9.7426,5.985,-0.359
3.2309,7.2048,0.192
9.4739,1.1357,0.064
9.9788,14.046,0.033
13.283,0.083946,2.949
12.016,-5.2349,3.027
11.75,-2.6448,-6.38
11.724,-2.7176,-0.742
-0.077981,13.325,9.4514
-2.7508,13.36,12.958
6.0763,7.0068,9.5784
12.147,1.1004,9.4514
12.483,13.883,9.4234
7.0217,12.189,9.3514
13.093,6.1618,9.4544
-0.47508,9.58,6.5144
5.5106,3.402,6.6784
12.319,9.7511,6.5884
3.6205,12.085,6.4584
9.4591,5.8853,6.7184
7.5053,9.9392,13.064
13.424,3.4409,13.025
-0.50124,9.5071,12.152
5.6138,3.5971,12.679
12.084,10.081,12.108
3.7145,12.263,12.159
9.7426,5.985,12.535
3.2309,7.2048,13.086
9.4739,1.1357,12.958
9.9788,14.046,12.927
11.75,-2.6448,6.5144
11.724,-2.7176,12.152
0,0,0
-0.42144,-6.1221,-0.222
-0.17466,-0.2284,-6.288
-6.359,0.041719,-0.075
6.3556,0.32819,0.126
0.014142,6.446,-0.17
-0.17466,-0.2284,6.6064
5.9623,-6.108,0.003
-6.2624,6.1168,0.003
0.10324,6.1829,6.229
6.3336,0.057276,-6.255
-6.3703,-0.4377,6.3924
0.10324,6.1829,-6.6654
-6.3703,-0.4377,-6.502
6.3336,0.057274,6.6394
-6.5853,-6.4311,-0.169
-0.60175,-6.6291,6.3674
-0.60175,-6.6291,-6.527
6.5253,6.6794,-0.169
5.8951,-6.1002,6.276
5.8951,-6.1002,-6.6184
-6.3296,6.1245,6.276
6.2269,6.4348,6.12
-6.3296,6.1245,-6.6184
6.2269,6.4348,-6.7744
-6.8837,-6.6758,6.12
-6.8837,-6.6758,-6.7744
0.44416,12.642,-0.022
-12.666,-0.46881,-0.022
12.669,0.41699,-0.022
-0.44165,-12.694,-0.022
5.583e-16,1.4142e-06,-12.894
-5.583e-16,-1.4142e-06,12.894
5.8657,-12.183,-0.075
12.239,-5.7788,-0.17
-5.8692,12.553,0.126
-12.646,6.1026,-0.222
-0.42144,-6.1221,12.672
0.49295,12.606,6.4234
-12.618,-0.50488,6.4234
0.49295,12.606,-6.471
-12.618,-0.50487,-6.471
12.718,0.38093,6.4234
-0.39286,-12.73,6.4234
0.014142,6.446,12.724
6.3556,0.32819,-12.768
12.718,0.38093,-6.471
-0.39286,-12.73,-6.471
-6.359,0.041718,12.819
-6.359,0.041721,-12.969
-6.755,-12.782,0.126
-0.42144,-6.1221,-13.116
12.689,6.9884,-0.222
6.3556,0.32819,13.02
0.014142,6.446,-13.064
-13.096,-6.6646,-0.17
6.7515,13.152,-0.075
-5.8912,12.282,-6.255
12.328,-6.0418,6.229
-5.8912,12.282,6.6394
12.328,-6.0418,-6.6654
5.8544,-12.662,6.3924
-12.827,5.5956,6.3674
5.8544,-12.662,-6.502
-12.827,5.5956,-6.527
12.509,6.4814,6.3674
5.9623,-6.108,-12.891
5.9623,-6.108,12.897
12.509,6.4814,-6.527
-6.2624,6.1168,-12.891
-6.2624,6.1168,12.897
-6.5853,-6.4311,12.725
6.7402,12.673,6.3924
6.7402,12.673,-6.502
6.5253,6.6794,12.725
-6.5853,-6.4311,-13.063
-6.777,-13.053,-6.255
-13.007,-6.9276,6.229
6.5253,6.6794,-13.063
-6.777,-13.053,6.6394
-13.007,-6.9276,-6.6654
-12.225,12.225,-1.0586e-15
12.225,-12.225,1.0586e-15
0.44416,12.642,12.872
-12.666,-0.46881,12.872
12.669,0.41699,12.872
0.44416,12.642,-12.916
-0.44165,-12.694,12.872
-12.666,-0.46881,-12.916
12.669,0.417,-12.916
-0.44165,-12.694,-12.916
-12.399,11.996,-6.288
12.05,-12.453,-6.288
-12.399,11.996,6.6064
13.111,13.111,0
-13.111,-13.111,0
12.05,-12.453,6.6064
12.239,-5.7788,12.724
5.8657,-12.183,12.819
5.8657,-12.183,-12.969
12.239,-5.7788,-13.064
-5.8692,12.553,-12.768
-12.646,6.1026,12.672
-5.8692,12.553,13.02
-12.646,6.1026,-13.116
12.689,6.9884,12.672
-6.755,-12.782,-12.768
12.936,12.882,-6.288
12.936,12.882,6.6064
-13.096,-6.6646,12.724
-6.755,-12.782,13.02
12.689,6.9884,-13.116
6.7515,13.152,12.819
-13.096,-6.6646,-13.064
6.7515,13.152,-12.969
-13.285,-13.339,-6.288
-13.285,-13.339,6.6064
12.225,-12.225,-12.894
-12.225,12.225,12.894
-12.225,12.225,-12.894
12.225,-12.225,12.894
13.111,13.111,12.894
-13.111,-13.111,-12.894
13.111,13.111,-12.894
-13.111,-13.111,12.894
