-9.2473,-3.8577,-8.6732
-3.8238,-9.1723,-8.6122
-9.6659,-9.4057,-8.8022
-9.2473,-3.8577,2.895
-3.8238,-9.1723,2.956
-8.4553,-8.5798,-3.039
-9.6659,-9.4057,2.766
-8.4553,-8.5798,8.5292
-8.5514,7.6011,-8.7362
-9.0252,2.0772,-8.7362
-2.942,8.1053,-8.6892
-3.1898,2.2677,-8.5562
2.2854,-3.2357,-8.7362
2.8291,8.2187,-8.6732
8.2526,2.9041,-8.6122
-3.4995,-3.4669,-8.8672
1.8116,-8.7596,-8.7362
2.4105,2.6707,-8.8022
7.8948,-2.7316,-8.6892
7.6471,-8.5691,-8.5562
-8.5514,7.6011,2.832
-8.3047,-2.7021,-2.969
-7.6923,8.7162,-2.768
-2.3537,3.3182,-2.872
-8.0105,3.0226,-3.038
-1.8452,9.0238,-2.916
-9.0252,2.0772,2.832
-2.942,8.1053,2.879
-3.1898,2.2677,3.012
2.2854,-3.2357,2.832
2.8291,8.2187,2.895
8.2526,2.9041,2.956
-2.9458,-7.9988,-2.934
3.1445,-2.1206,-2.768
8.4832,-7.5187,-2.872
-2.262,-2.4558,-2.971
2.8263,-7.8142,-3.038
3.6211,3.4966,-3.039
8.9916,-1.813,-2.916
-3.4995,-3.4669,2.701
1.8116,-8.7596,2.832
2.4105,2.6707,2.766
7.8948,-2.7316,2.879
7.6471,-8.5691,3.012
-8.3047,-2.7021,8.5992
-7.6923,8.7162,8.8002
-2.3537,3.3182,8.6962
-8.0105,3.0226,8.5302
-1.8452,9.0238,8.6522
-2.9458,-7.9988,8.6342
3.1445,-2.1206,8.8002
8.4832,-7.5187,8.6962
-2.262,-2.4558,8.5972
2.8263,-7.8142,8.5302
3.6211,3.4966,8.5292
8.9916,-1.813,8.6522
8.5769,8.6095,-8.8672
3.7717,9.3743,-2.969
9.1306,4.0776,-2.934
9.8144,9.6206,-2.971
8.5769,8.6095,2.701
3.7717,9.3743,8.5992
9.1306,4.0776,8.6342
9.8144,9.6206,8.5972
-8.2573,-8.9121,-8.7622
-8.9439,-4.0493,-3
-3.5989,-9.3406,-2.868
-8.2573,-8.9121,2.806
-9.8087,-9.1653,-2.805
-8.9439,-4.0493,8.5682
-3.5989,-9.3406,8.7002
-9.8087,-9.1653,8.7632
-8.5302,-2.5501,-8.6142
-7.8627,8.9262,-8.7372
-2.43,3.5558,-8.5992
-7.6068,2.5439,-8.7562
-1.6529,8.8456,-8.8442
-3.1049,-7.8708,-8.7452
2.9741,-1.9106,-8.7372
8.4068,-7.2811,-8.5992
-2.2493,-2.6863,-8.6212
3.2301,-8.2929,-8.7562
3.8191,3.1643,-8.7622
9.1839,-1.9912,-8.8442
-8.3782,7.3939,-2.883
-8.5302,-2.5501,2.954
-7.8627,8.9262,2.831
-2.43,3.5558,2.969
-7.6068,2.5439,2.812
-1.6529,8.8456,2.724
-9.2819,2.242,-3.001
-3.1633,8.3195,-2.866
-2.9119,1.9346,-2.83
2.4586,-3.4429,-2.883
3.1325,8.0271,-3
8.4775,2.7358,-2.868
-3.1049,-7.8708,2.823
2.9741,-1.9106,2.831
8.4068,-7.2811,2.969
-2.2493,-2.6863,2.947
3.2301,-8.2929,2.812
3.8191,3.1643,2.806
9.1839,-1.9912,2.724
-3.6126,-3.0992,-2.943
1.5549,-8.5949,-3.001
2.2677,2.9112,-2.805
7.6735,-2.5173,-2.866
7.925,-8.9022,-2.83
-8.3782,7.3939,8.6852
-9.2819,2.242,8.5672
-3.1633,8.3195,8.7022
-2.9119,1.9346,8.7382
2.4586,-3.4429,8.6852
3.1325,8.0271,8.5682
8.4775,2.7358,8.7002
-3.6126,-3.0992,8.6252
1.5549,-8.5949,8.5672
2.2677,2.9112,8.7632
7.6735,-2.5173,8.7022
7.925,-8.9022,8.7382
3.5462,9.5263,-8.6142
8.9715,4.2056,-8.7452
9.8271,9.3901,-8.6212
3.5462,9.5263,2.954
8.9715,4.2056,2.823
9.8271,9.3901,2.947
8.4638,8.9772,-2.943
8.4638,8.9772,8.6252
-11.16,-3.3991,-6.0952
-11.084,-3.404,-11.382
-11.374,-6.6791,-8.7922
-5.769,-12.004,-8.8082
-6.5157,-5.5611,-8.5722
-12.505,-11.531,-8.7112
-5.67,-8.7728,-5.9792
-9.2402,-11.149,-6.0142
-5.6622,-9.0069,-11.241
-12.493,-8.9687,-11.855
-8.7254,-6.7088,-11.982
-3.5508,-11.947,-12.005
-9.2925,-11.41,-11.338
-12.223,-5.8754,-2.984
-11.16,-3.3991,5.473
-11.084,-3.404,0.186
-6.7222,-11.205,-3.013
-11.374,-6.6791,2.776
-5.769,-12.004,2.76
-6.5157,-5.5611,2.996
-12.505,-11.531,2.857
-11.594,-12.457,-2.88
-12.489,-9.0606,-5.455
-5.67,-8.7728,5.589
-9.2402,-11.149,5.554
-8.8364,-6.6543,-5.619
-3.5034,-12.021,-5.487
-5.6622,-9.0069,0.327
-12.493,-8.9687,-0.287
-8.7254,-6.7088,-0.414
-3.5508,-11.947,-0.437
-9.2925,-11.41,0.23
-12.223,-5.8754,8.5842
-11.084,-3.404,11.754
-6.7222,-11.205,8.5552
-11.594,-12.457,8.6882
-12.489,-9.0606,6.1132
-8.8364,-6.6543,5.9492
-3.5034,-12.021,6.0812
-5.6622,-9.0069,11.895
-12.493,-8.9687,11.281
-8.7254,-6.7088,11.154
-3.5508,-11.947,11.131
-9.2925,-11.41,11.798
-10.842,4.8073,-8.7732
-4.5294,10.909,-8.8082
-11.871,-0.044828,-8.7602
-11.265,11.383,-8.7112
-5.7075,6.112,-8.5022
-10.37,8.0494,-6.1012
-5.0513,2.6698,-6.0342
0.91671,8.6773,-6.0952
-8.6858,0.16377,-6.1632
-8.0006,11.764,-6.0142
-2.505,6.23,-5.9892
-10.357,8.0155,-11.385
-5.0202,2.3685,-11.344
0.99237,8.6724,-11.382
-11.806,2.3424,-11.961
-5.7053,8.1887,-11.776
-8.1887,4.7692,-11.762
-2.3112,10.966,-12.005
-8.6222,0.10154,-11.265
-8.0529,11.504,-11.338
-2.5043,6.2463,-11.308
-5.3853,-0.81176,-8.7742
-0.0049497,-6.0295,-8.7732
0.70216,5.3973,-8.7922
6.3074,0.072125,-8.8082
5.5607,6.5153,-8.5722
-1.0345,-10.882,-8.7602
-0.42851,0.54589,-8.7112
5.1294,-4.7249,-8.5022
0.46669,-2.7874,-6.1012
5.7855,-8.1671,-6.0342
6.4064,3.3036,-5.9792
11.754,-2.1595,-6.0952
-3.107,-5.2312,-6.0652
2.151,-10.673,-6.1632
2.8362,0.92702,-6.0142
8.3318,-4.6068,-5.9892
0.47942,-2.8214,-11.385
5.8167,-8.4683,-11.344
6.4142,3.0696,-11.241
11.829,-2.1645,-11.382
-6.4778,-3.2265,-11.935
-0.96944,-8.4945,-11.961
-0.41649,3.1077,-11.855
5.1315,-2.6481,-11.776
-2.8447,-0.82237,-11.716
2.6481,-6.0677,-11.762
3.351,5.3676,-11.982
8.5256,0.1294,-12.005
-3.008,-5.1986,-11.486
2.2147,-10.735,-11.265
2.7839,0.6668,-11.338
8.3325,-4.5905,-11.308
5.4515,-11.649,-8.7742
11.539,-5.4395,-8.7922
10.408,-10.291,-8.7112
10.42,-7.7291,-11.855
7.9921,-11.659,-11.716
-11.455,5.6354,-2.965
-6.5086,0.12629,-3.091
-5.4826,11.708,-3.013
-0.14678,6.201,-2.984
-10.842,4.8073,2.795
-4.5294,10.909,2.76
-11.871,-0.044828,2.808
-11.265,11.383,2.857
-5.7075,6.112,3.066
-10.355,10.456,-2.88
-5.093,4.9247,-2.649
-10.966,-1.0143,-3.033
-11.895,2.4046,-5.604
-5.8185,8.473,-5.377
-10.37,8.0494,5.467
-5.0513,2.6698,5.534
0.91671,8.6773,5.473
-8.6858,0.16377,5.405
-8.0006,11.764,5.554
-2.505,6.23,5.579
-8.1442,4.9254,-5.611
-2.2639,10.892,-5.487
-10.357,8.0155,0.183
-5.0202,2.3685,0.224
0.99237,8.6724,0.186
-11.806,2.3424,-0.393
-5.7053,8.1887,-0.208
-8.1887,4.7692,-0.194
-2.3112,10.966,-0.437
-8.6222,0.10154,0.303
-8.0529,11.504,0.23
-2.5043,6.2463,0.26
-0.61801,-5.2015,-2.965
4.3282,-10.711,-3.091
5.3542,0.87116,-3.013
10.69,-4.6358,-2.984
-5.3853,-0.81176,2.794
-0.0049497,-6.0295,2.795
0.70216,5.3973,2.776
6.3074,0.072125,2.76
5.5607,6.5153,2.996
-1.0345,-10.882,2.808
-0.42851,0.54589,2.857
5.1294,-4.7249,3.066
0.48225,-0.38042,-2.88
5.7438,-5.9121,-2.649
-5.6689,-6.2841,-2.81
-0.12869,-11.851,-3.033
-6.4043,-2.9776,-5.49
-1.0585,-8.4322,-5.604
-0.41224,3.0158,-5.455
5.0183,-2.3639,-5.377
0.46669,-2.7874,5.467
5.7855,-8.1671,5.534
6.4064,3.3036,5.589
11.754,-2.1595,5.473
-3.107,-5.2312,5.503
2.151,-10.673,5.405
2.8362,0.92702,5.554
8.3318,-4.6068,5.579
-2.8185,-0.49215,-5.552
2.6927,-5.9114,-5.611
3.24,5.4221,-5.619
8.573,0.055154,-5.487
0.47942,-2.8214,0.183
5.8167,-8.4683,0.224
6.4142,3.0696,0.327
11.829,-2.1645,0.186
-6.4778,-3.2265,-0.367
-0.96944,-8.4945,-0.393
-0.41649,3.1077,-0.287
5.1315,-2.6481,-0.208
-2.8447,-0.82237,-0.148
2.6481,-6.0677,-0.194
3.351,5.3676,-0.414
8.5256,0.1294,-0.437
-3.008,-5.1986,0.082
2.2147,-10.735,0.303
2.7839,0.6668,0.23
8.3325,-4.5905,0.26
5.4515,-11.649,2.794
11.539,-5.4395,2.776
10.408,-10.291,2.857
11.319,-11.217,-2.88
10.425,-7.821,-5.455
8.0183,-11.329,-5.552
10.42,-7.7291,-0.287
7.9921,-11.659,-0.148
-11.455,5.6354,8.6032
-6.5086,0.12629,8.4772
-5.4826,11.708,8.5552
-0.14678,6.201,8.5842
-10.355,10.456,8.6882
-5.093,4.9247,8.9192
-10.966,-1.0143,8.5352
-11.895,2.4046,5.9642
-5.8185,8.473,6.1912
-8.1442,4.9254,5.9572
-2.2639,10.892,6.0812
-10.357,8.0155,11.751
-5.0202,2.3685,11.792
0.99237,8.6724,11.754
-11.806,2.3424,11.175
-5.7053,8.1887,11.36
-8.1887,4.7692,11.374
-2.3112,10.966,11.131
-8.6222,0.10154,11.871
-8.0529,11.504,11.798
-2.5043,6.2463,11.828
-0.61801,-5.2015,8.6032
4.3282,-10.711,8.4772
5.3542,0.87116,8.5552
10.69,-4.6358,8.5842
0.48225,-0.38042,8.6882
5.7438,-5.9121,8.9192
-5.6689,-6.2841,8.7582
-0.12869,-11.851,8.5352
-6.4043,-2.9776,6.0782
-1.0585,-8.4322,5.9642
-0.41224,3.0158,6.1132
5.0183,-2.3639,6.1912
-2.8185,-0.49215,6.0162
2.6927,-5.9114,5.9572
3.24,5.4221,5.9492
8.573,0.055154,6.0812
0.47942,-2.8214,11.751
5.8167,-8.4683,11.792
6.4142,3.0696,11.895
11.829,-2.1645,11.754
-6.4778,-3.2265,11.201
-0.96944,-8.4945,11.175
-0.41649,3.1077,11.281
5.1315,-2.6481,11.36
-2.8447,-0.82237,11.42
2.6481,-6.0677,11.374
3.351,5.3676,11.154
8.5256,0.1294,11.131
-3.008,-5.1986,11.65
2.2147,-10.735,11.871
2.7839,0.6668,11.798
8.3325,-4.5905,11.828
11.319,-11.217,8.6882
10.425,-7.821,6.1132
8.0183,-11.329,6.0162
10.42,-7.7291,11.281
7.9921,-11.659,11.42
0.20508,12.032,-8.7602
3.3906,12.24,-6.1632
3.4542,12.178,-11.265
6.6911,11.265,-8.7742
12.071,6.0469,-8.7732
11.042,1.1947,-8.7602
11.648,12.622,-8.7112
12.543,9.289,-6.1012
8.9694,6.8452,-6.0652
12.556,9.2551,-11.385
5.5986,8.8499,-11.935
11.107,3.5819,-11.961
9.2317,11.254,-11.716
9.0684,6.8778,-11.486
5.5678,12.203,-3.091
0.20508,12.032,2.808
1.1109,11.062,-3.033
3.3906,12.24,5.405
3.4542,12.178,0.303
11.458,6.8749,-2.965
6.6911,11.265,2.794
12.071,6.0469,2.795
11.042,1.1947,2.808
11.648,12.622,2.857
12.559,11.696,-2.88
6.4075,5.7924,-2.81
11.948,0.2253,-3.033
5.6721,9.0988,-5.49
11.018,3.6442,-5.604
12.543,9.289,5.467
8.9694,6.8452,5.503
9.2579,11.584,-5.552
12.556,9.2551,0.183
5.5986,8.8499,-0.367
11.107,3.5819,-0.393
9.2317,11.254,-0.148
9.0684,6.8778,0.082
5.5678,12.203,8.4772
1.1109,11.062,8.5352
3.4542,12.178,11.871
11.458,6.8749,8.6032
12.559,11.696,8.6882
6.4075,5.7924,8.7582
11.948,0.2253,8.5352
5.6721,9.0988,6.0782
11.018,3.6442,5.9642
9.2579,11.584,6.0162
12.556,9.2551,11.751
5.5986,8.8499,11.201
11.107,3.5819,11.175
9.2317,11.254,11.42
9.0684,6.8778,11.65
0,0,0
-5.5932,-0.34507,0.041
5.6837,0.39457,0.034
-0.24395,-5.717,-0.115
0.059397,0.076368,-5.723
0.23789,5.8051,-0.033
0.059397,0.076368,5.8452
-5.4048,5.4119,0.005
5.432,-5.4249,0.005
-0.29133,-5.6356,5.678
5.6731,0.45608,-5.781
5.6731,0.45608,5.7872
-5.7959,-0.17776,-5.736
-0.29133,-5.6356,-5.8902
0.36204,5.7898,5.7832
0.36204,5.7898,-5.785
-5.7959,-0.17776,5.8322
-6.0363,-6.0094,-0.058
6.0401,6.067,-0.058
5.5267,-5.2057,5.736
5.5267,-5.2057,-5.8322
-5.3101,5.6311,5.736
-5.3101,5.6311,-5.8322
-5.968,-5.9043,5.68
-5.968,-5.9043,-5.8882
6.1084,6.1721,5.68
6.1084,6.1721,-5.8882
-0.51972,-11.337,-0.026
-11.357,-0.5002,-0.026
5.0088e-16,-5.0088e-16,-11.568
-5.0088e-16,5.0088e-16,11.568
11.557,0.73937,-0.026
0.71986,11.576,-0.026
11.075,-5.0318,-0.033
-11.081,5.1199,-0.115
5.2436,-11.182,0.041
-5.1531,11.231,0.034
-0.67713,-11.342,5.7752
-0.67713,-11.342,-5.793
11.399,0.73468,5.7752
-0.24395,-5.717,11.453
11.399,0.73468,-5.793
-5.5932,-0.34507,-11.527
5.6837,0.39457,-11.534
-5.5932,-0.34507,11.609
-11.514,-0.50489,5.7752
-11.514,-0.50489,-5.793
0.23789,5.8051,11.535
5.6837,0.39457,11.602
0.56245,11.572,5.7752
0.56245,11.572,-5.793
0.23789,5.8051,-11.601
-0.24395,-5.717,-11.683
-6.3927,-11.682,0.034
-11.839,-6.2713,-0.033
5.041,-11.015,-5.736
6.4832,11.731,0.041
11.832,6.3595,-0.115
5.041,-11.015,5.8322
-11.128,5.2012,5.678
11.199,-5.047,5.7832
11.199,-5.047,-5.785
-11.128,5.2012,-5.8902
-5.1637,11.293,-5.781
-5.1637,11.293,5.7872
-5.4048,5.4119,-11.563
-5.4048,5.4119,11.573
5.432,-5.4249,-11.563
5.432,-5.4249,11.573
-6.0363,-6.0094,11.51
6.0401,6.067,11.51
-6.0363,-6.0094,-11.626
6.0401,6.067,-11.626
-6.4033,-11.62,-5.781
-6.4033,-11.62,5.7872
-11.714,-6.2866,5.7832
-11.714,-6.2866,-5.785
11.785,6.4408,5.678
6.2805,11.899,-5.736
6.2805,11.899,5.8322
11.785,6.4408,-5.8902
-10.837,10.837,-9.3842e-16
10.837,-10.837,9.3842e-16
-0.51972,-11.337,11.542
-11.357,-0.5002,11.542
-0.51972,-11.337,-11.594
-11.357,-0.5002,-11.594
10.896,-10.76,-5.723
11.557,0.73937,11.542
0.71986,11.576,11.542
-10.777,10.913,-5.723
11.557,0.73937,-11.594
10.896,-10.76,5.8452
0.71986,11.576,-11.594
-10.777,10.913,5.8452
-11.081,5.1199,11.453
11.075,-5.0318,11.535
11.075,-5.0318,-11.601
5.2436,-11.182,-11.527
-11.081,5.1199,-11.683
-5.1531,11.231,-11.534
5.2436,-11.182,11.609
-5.1531,11.231,11.602
-12.076,-12.076,7.9602e-22
12.076,12.076,-7.9602e-22
-6.3927,-11.682,-11.534
11.832,6.3595,11.453
-6.3927,-11.682,11.602
6.4832,11.731,-11.527
-11.839,-6.2713,11.535
-11.839,-6.2713,-11.601
6.4832,11.731,11.609
11.832,6.3595,-11.683
-12.017,-12,-5.723
-12.017,-12,5.8452
12.136,12.153,-5.723
12.136,12.153,5.8452
-10.837,10.837,-11.568
10.837,-10.837,-11.568
-10.837,10.837,11.568
10.837,-10.837,11.568
-12.076,-12.076,-11.568
-12.076,-12.076,11.568
12.076,12.076,-11.568
12.076,12.076,11.568
