-9.4,-9.7055,-8.7122
-8.8301,1.8416,-8.5862
-3.4158,-3.7085,-8.7242
-9.3067,-3.8195,-8.7742
-3.7453,-9.2833,-8.5372
2.0067,-8.9953,-8.5862
-9.4,-9.7055,2.856
-8.8301,1.8416,2.982
-3.4158,-3.7085,2.844
-8.649,-8.4596,-2.723
-8.2389,-3.0078,-2.734
-2.5686,-8.3584,-2.972
-9.3067,-3.8195,2.794
-3.7453,-9.2833,3.031
2.0067,-8.9953,2.982
-8.649,-8.4596,8.8452
-8.2389,-3.0078,8.8342
-2.5686,-8.3584,8.5962
-2.896,7.8924,-8.6072
-8.6059,7.6089,-8.5552
7.9408,-2.9444,-8.6072
2.6764,2.3709,-8.7122
8.6606,8.3679,-8.7242
-3.1763,2.1864,-8.7092
2.2309,-3.2279,-8.5552
2.7697,8.2569,-8.7742
8.3311,2.7931,-8.5372
7.6605,-8.6505,-8.7092
-2.896,7.8924,2.961
-7.9596,2.9533,-2.916
-1.655,9.0387,-2.762
-7.302,8.5677,-2.837
-8.6059,7.6089,3.013
7.9408,-2.9444,2.961
2.6764,2.3709,2.856
8.6606,8.3679,2.844
-2.6149,-2.5682,-2.853
2.8772,-7.8835,-2.916
3.4273,3.6169,-2.723
9.1818,-1.7982,-2.762
-2.1977,2.9727,-2.957
3.5348,-2.2691,-2.837
3.8375,9.0686,-2.734
9.5078,3.718,-2.972
-3.1763,2.1864,2.859
2.2309,-3.2279,3.013
2.7697,8.2569,2.794
8.3311,2.7931,3.031
8.6391,-7.8642,-2.957
7.6605,-8.6505,2.859
-7.9596,2.9533,8.6522
-1.655,9.0387,8.8062
-7.302,8.5677,8.7312
-2.6149,-2.5682,8.7152
2.8772,-7.8835,8.6522
3.4273,3.6169,8.8452
9.1818,-1.7982,8.8062
-2.1977,2.9727,8.6112
3.5348,-2.2691,8.7312
3.8375,9.0686,8.8342
9.5078,3.718,8.5962
8.6391,-7.8642,8.6112
9.4615,9.5082,-2.853
9.4615,9.5082,8.7152
-8.724,-8.3747,-8.6572
-7.9999,-3.1082,-8.6242
-2.43,-8.5762,-8.6082
-9.3151,-9.7875,-2.898
-8.5706,1.5905,-2.982
-3.3132,-3.886,-2.788
-8.724,-8.3747,2.911
-7.9999,-3.1082,2.944
-2.43,-8.5762,2.96
-9.5492,-3.6873,-2.956
-3.9546,-8.8789,-2.782
2.2663,-9.2463,-2.982
-9.3151,-9.7875,8.6702
-8.5706,1.5905,8.5862
-3.3132,-3.886,8.7802
-9.5492,-3.6873,8.6122
-3.9546,-8.8789,8.7862
2.2663,-9.2463,8.5862
-8.1067,3.1414,-8.6862
-2.0383,9.1136,-8.6302
-7.174,8.0155,-8.5332
-2.6319,-2.4367,-8.7222
2.7301,-7.6954,-8.6862
3.3524,3.7017,-8.6572
8.7985,-1.7232,-8.6302
-1.7734,2.6898,-8.7942
3.6628,-2.8214,-8.5332
4.0765,8.9682,-8.6242
9.6464,3.5002,-8.6082
9.0634,-8.147,-8.7942
-8.1067,3.1414,2.882
-2.0383,9.1136,2.938
-7.174,8.0155,3.035
-8.5642,7.7694,-2.913
-2.3589,7.723,-2.726
2.7613,2.2889,-2.898
8.7632,8.1904,-2.788
-2.6319,-2.4367,2.846
2.7301,-7.6954,2.882
3.3524,3.7017,2.911
8.7985,-1.7232,2.938
-1.7734,2.6898,2.774
3.6628,-2.8214,3.035
4.0765,8.9682,2.944
9.6464,3.5002,2.96
-3.4811,2.2055,-2.992
2.2726,-3.0674,-2.913
2.5272,8.3891,-2.956
8.1218,3.1975,-2.782
8.4779,-3.1138,-2.726
9.0634,-8.147,2.774
7.3557,-8.6314,-2.992
-8.5642,7.7694,8.6552
-2.3589,7.723,8.8422
2.7613,2.2889,8.6702
8.7632,8.1904,8.7802
-3.4811,2.2055,8.5762
2.2726,-3.0674,8.6552
2.5272,8.3891,8.6122
8.1218,3.1975,8.7862
8.4779,-3.1138,8.8422
7.3557,-8.6314,8.5762
9.4445,9.6397,-8.7222
9.4445,9.6397,2.846
-10.6,2.0654,-5.9592
-10.64,2.1991,-11.208
-11.461,-12.55,-8.5632
-10.948,-1.0201,-8.4792
-5.443,-6.5716,-8.7882
-6.1919,0.17492,-8.5892
-12.168,-5.8602,-8.7112
-6.6522,-11.593,-8.4192
-11.325,-9.4757,-6.1972
-5.1998,-3.2213,-5.9892
0.23716,-8.7714,-5.9592
-8.975,-5.663,-6.1872
-3.3556,-11.144,-5.8622
-11.284,-9.3053,-11.456
-5.3193,-3.5119,-11.295
0.19686,-8.6378,-11.208
-11.958,-3.507,-11.725
-6.6734,-9.1129,-11.753
-9.2055,-12.506,-11.729
-8.5691,-1.0371,-11.732
-3.0778,-6.6345,-11.82
-8.835,-5.7761,-11.408
-3.5098,-11.083,-11.151
-0.11104,-11.857,-8.4792
4.645,-10.662,-8.5892
2.2677,-11.874,-11.732
-11.843,-0.2673,-2.619
-10.794,4.7065,-2.775
-10.6,2.0654,5.609
-10.64,2.1991,0.36
-12.436,-11.846,-2.669
-6.5129,-5.6375,-3.03
-1.0066,-11.104,-2.619
-11.461,-12.55,3.005
-10.948,-1.0201,3.089
-5.443,-6.5716,2.78
-6.1919,0.17492,2.979
-12.168,-5.8602,2.857
-6.6522,-11.593,3.149
-11.538,-6.9251,-2.971
-5.6537,-12.097,-2.659
-5.3949,-1.0038,-2.759
0.042708,-6.1304,-2.775
-12.223,-3.6166,-5.455
-6.6501,-8.8449,-5.322
-11.325,-9.4757,5.371
-5.1998,-3.2213,5.579
0.23716,-8.7714,5.609
-8.975,-5.663,5.381
-3.3556,-11.144,5.706
-9.0047,-12.457,-5.348
-8.4702,-1.2336,-5.422
-3.0601,-6.4754,-5.501
-11.284,-9.3053,0.112
-5.3193,-3.5119,0.273
0.19686,-8.6378,0.36
-11.958,-3.507,-0.157
-6.6734,-9.1129,-0.185
-9.2055,-12.506,-0.161
-8.5691,-1.0371,-0.164
-3.0778,-6.6345,-0.252
-8.835,-5.7761,0.16
-3.5098,-11.083,0.417
-0.11104,-11.857,3.089
4.645,-10.662,2.979
5.4419,-11.841,-2.759
2.3667,-12.07,-5.422
2.2677,-11.874,-0.164
-11.843,-0.2673,8.9492
-10.794,4.7065,8.7932
-10.64,2.1991,11.928
-12.436,-11.846,8.8992
-6.5129,-5.6375,8.5382
-1.0066,-11.104,8.9492
-11.538,-6.9251,8.5972
-5.6537,-12.097,8.9092
-5.3949,-1.0038,8.8092
0.042708,-6.1304,8.7932
-12.223,-3.6166,6.1132
-6.6501,-8.8449,6.2462
-9.0047,-12.457,6.2202
-8.4702,-1.2336,6.1462
-3.0601,-6.4754,6.0672
-11.284,-9.3053,11.68
-5.3193,-3.5119,11.841
0.19686,-8.6378,11.928
-11.958,-3.507,11.411
-6.6734,-9.1129,11.383
-9.2055,-12.506,11.407
-8.5691,-1.0371,11.404
-3.0778,-6.6345,11.316
-8.835,-5.7761,11.728
-3.5098,-11.083,11.985
5.4419,-11.841,8.8092
2.3667,-12.07,6.1462
2.2677,-11.874,11.404
-10.222,10.363,-8.5632
-11.342,5.6304,-8.5452
-5.4126,11.32,-8.4192
-4.4721,8.2453,-5.8562
-8.2658,5.7655,-6.0582
-2.1161,11.77,-5.8622
-4.6546,8.0954,-11.285
-11.433,7.961,-11.911
-7.966,10.407,-11.729
-8.2757,5.8956,-11.304
-2.2702,11.83,-11.151
-4.633,4.9879,-8.8392
0.61518,-0.47376,-8.5632
1.1285,11.056,-8.4792
6.6334,5.5048,-8.7882
5.8845,12.251,-8.5892
-0.50558,-5.2064,-8.5452
-0.091217,6.2162,-8.7112
5.4242,0.48295,-8.4192
0.75095,2.6007,-6.1972
6.3647,-2.5915,-5.8562
6.8766,8.8551,-5.9892
12.314,3.305,-5.9592
-2.7987,0.25739,-6.1192
2.571,-5.0714,-6.0582
3.1014,6.4135,-6.1872
8.7207,0.93267,-5.8622
0.79267,2.7712,-11.456
6.1822,-2.7415,-11.285
6.7571,8.5645,-11.295
12.273,3.4387,-11.208
-6.1257,2.3978,-11.799
-0.59609,-2.8758,-11.911
0.11809,8.5694,-11.725
5.403,2.9635,-11.753
-2.5428,4.9483,-12.016
2.8709,-0.42992,-11.729
3.5072,11.039,-11.732
8.9986,5.4419,-11.82
-2.9444,0.19658,-11.286
2.5611,-4.9413,-11.304
3.2414,6.3003,-11.408
8.5666,0.99349,-11.151
6.2039,-5.8489,-8.8392
11.452,-11.311,-8.5632
11.965,0.21948,-8.4792
10.746,-4.6207,-8.7112
11.588,-8.2361,-6.1972
8.0381,-10.579,-6.1192
11.629,-8.0657,-11.456
4.7111,-8.439,-11.799
10.955,-2.2674,-11.725
8.2941,-5.8885,-12.016
7.8924,-10.64,-11.286
-11.196,11.067,-2.669
-5.4939,5.7768,-3.016
0.23294,11.809,-2.619
-10.222,10.363,3.005
-11.342,5.6304,3.023
-5.4126,11.32,3.149
-4.4142,10.816,-2.659
-11.539,7.838,-5.389
-4.4721,8.2453,5.712
-8.2658,5.7655,5.51
-2.1161,11.77,5.706
-7.7651,10.456,-5.348
-4.6546,8.0954,0.283
-11.433,7.961,-0.343
-7.966,10.407,-0.161
-8.2757,5.8956,0.264
-2.2702,11.83,0.417
-0.35921,0.23052,-2.669
5.3429,-5.0601,-3.016
5.5635,6.4389,-3.03
11.07,0.97227,-2.619
-4.633,4.9879,2.729
0.61518,-0.47376,3.005
1.1285,11.056,3.089
6.6334,5.5048,2.78
5.8845,12.251,2.979
-0.50558,-5.2064,3.023
-0.091217,6.2162,2.857
5.4242,0.48295,3.149
0.53811,5.1513,-2.971
6.4227,-0.020506,-2.659
6.6815,11.073,-2.759
12.119,5.9461,-2.775
-6.265,2.5753,-5.517
-0.70216,-2.9988,-5.389
-0.14708,8.4598,-5.455
5.4263,3.2315,-5.322
0.75095,2.6007,5.371
6.3647,-2.5915,5.712
6.8766,8.8551,5.579
12.314,3.305,5.609
-2.7987,0.25739,5.449
2.571,-5.0714,5.51
3.1014,6.4135,5.381
8.7207,0.93267,5.706
-2.5774,4.7468,-5.66
3.0717,-0.38042,-5.348
3.6062,10.843,-5.422
9.0163,5.601,-5.501
0.79267,2.7712,0.112
6.1822,-2.7415,0.283
6.7571,8.5645,0.273
12.273,3.4387,0.36
-6.1257,2.3978,-0.231
-0.59609,-2.8758,-0.343
0.11809,8.5694,-0.157
5.403,2.9635,-0.185
-2.5428,4.9483,-0.448
2.8709,-0.42992,-0.161
3.5072,11.039,-0.164
8.9986,5.4419,-0.252
-2.9444,0.19658,0.282
2.5611,-4.9413,0.264
3.2414,6.3003,0.16
8.5666,0.99349,0.417
10.478,-10.606,-2.669
6.2039,-5.8489,2.729
11.452,-11.311,3.005
11.965,0.21948,3.089
10.746,-4.6207,2.857
11.375,-5.6856,-2.971
4.5718,-8.2616,-5.517
10.69,-2.377,-5.455
11.588,-8.2361,5.371
8.0381,-10.579,5.449
8.2594,-6.09,-5.66
11.629,-8.0657,0.112
4.7111,-8.439,-0.231
10.955,-2.2674,-0.157
8.2941,-5.8885,-0.448
7.8924,-10.64,0.282
-11.196,11.067,8.8992
-5.4939,5.7768,8.5522
0.23294,11.809,8.9492
-4.4142,10.816,8.9092
-11.539,7.838,6.1792
-7.7651,10.456,6.2202
-4.6546,8.0954,11.851
-11.433,7.961,11.225
-7.966,10.407,11.407
-8.2757,5.8956,11.832
-2.2702,11.83,11.985
-0.35921,0.23052,8.8992
5.3429,-5.0601,8.5522
5.5635,6.4389,8.5382
11.07,0.97227,8.9492
0.53811,5.1513,8.5972
6.4227,-0.020506,8.9092
6.6815,11.073,8.8092
12.119,5.9461,8.7932
-6.265,2.5753,6.0512
-0.70216,-2.9988,6.1792
-0.14708,8.4598,6.1132
5.4263,3.2315,6.2462
-2.5774,4.7468,5.9082
3.0717,-0.38042,6.2202
3.6062,10.843,6.1462
9.0163,5.601,6.0672
0.79267,2.7712,11.68
6.1822,-2.7415,11.851
6.7571,8.5645,11.841
12.273,3.4387,11.928
-6.1257,2.3978,11.337
-0.59609,-2.8758,11.225
0.11809,8.5694,11.411
5.403,2.9635,11.383
-2.5428,4.9483,11.12
2.8709,-0.42992,11.407
3.5072,11.039,11.404
8.9986,5.4419,11.316
-2.9444,0.19658,11.85
2.5611,-4.9413,11.832
3.2414,6.3003,11.728
8.5666,0.99349,11.985
10.478,-10.606,8.8992
11.375,-5.6856,8.5972
4.5718,-8.2616,6.0512
10.69,-2.377,6.1132
8.2594,-6.09,5.9082
11.629,-8.0657,11.68
4.7111,-8.439,11.337
10.955,-2.2674,11.411
8.2941,-5.8885,11.12
7.8924,-10.64,11.85
12.692,11.603,-8.5632
11.571,6.87,-8.5452
9.2777,12.334,-6.1192
11.48,9.2006,-11.911
9.132,12.273,-11.286
11.717,12.307,-2.669
12.692,11.603,3.005
11.571,6.87,3.023
11.374,9.0776,-5.389
9.2777,12.334,5.449
11.48,9.2006,-0.343
9.132,12.273,0.282
11.717,12.307,8.8992
11.374,9.0776,6.1792
11.48,9.2006,11.225
9.132,12.273,11.85
0,0,0
-5.6243,-0.3776,0.049
0.47518,5.6371,0.056
0.1591,-0.095459,5.686
-0.12869,-5.7021,0.066
5.8633,0.20506,0.054
0.1591,-0.095459,-5.8822
-5.2892,5.3401,-0.024
5.5477,-5.4968,-0.024
-0.22132,-5.7679,-5.646
-5.6728,-0.35965,5.764
0.23617,5.729,-5.737
5.8061,0.32173,-5.663
-5.6728,-0.35965,-5.8042
0.23617,5.729,5.8312
-0.22132,-5.7679,5.9222
5.8061,0.32173,5.9052
6.3159,5.7544,0.066
-5.7605,-6.322,0.066
-5.286,5.4515,5.758
-5.286,5.4515,-5.8102
5.5508,-5.3853,5.758
5.5508,-5.3853,-5.8102
6.0217,6.0245,-5.655
-6.0547,-6.0519,-5.655
6.0217,6.0245,5.9132
-6.0547,-6.0519,5.9132
-11.353,-0.63146,0.085
0.72297,11.445,0.085
-0.51661,-11.468,0.085
5.0088e-16,-5.0088e-16,-11.568
-5.0088e-16,5.0088e-16,11.568
11.56,0.60811,0.085
-10.966,5.1347,0.066
-4.9735,11.042,0.054
5.2125,-11.214,0.049
11.312,-5.1998,0.056
-11.295,-0.64462,-5.7442
-11.295,-0.64462,5.824
0.78135,11.432,-5.7442
-5.6243,-0.3776,-11.519
0.47518,5.6371,-11.512
-0.12869,-5.7021,-11.502
-0.45823,-11.481,-5.7442
0.78135,11.432,5.824
-0.45823,-11.481,5.824
-5.6243,-0.3776,11.617
5.8633,0.20506,-11.514
0.47518,5.6371,11.624
-0.12869,-5.7021,11.634
11.618,0.59496,-5.7442
11.618,0.59496,5.824
5.8633,0.20506,11.622
-11.601,-6.4394,0.056
6.4521,11.699,0.049
-6.2131,-11.871,0.054
-11.058,5.069,-5.646
11.073,-5.1079,-5.737
-5.0308,11.159,-5.663
11.073,-5.1079,5.8312
-11.058,5.069,5.9222
11.948,6.3743,0.066
-5.0308,11.159,5.9052
5.164,-11.196,5.764
5.164,-11.196,-5.8042
-5.2892,5.3401,11.544
-5.2892,5.3401,-11.592
5.5477,-5.4968,11.544
5.5477,-5.4968,-11.592
6.3159,5.7544,-11.502
-5.7605,-6.322,-11.502
6.3159,5.7544,11.634
-5.7605,-6.322,11.634
-6.2703,-11.755,-5.663
6.4036,11.717,5.764
6.4036,11.717,-5.8042
11.855,6.3085,-5.646
-6.2703,-11.755,5.9052
-11.84,-6.3474,-5.737
-11.84,-6.3474,5.8312
11.855,6.3085,5.9222
10.837,-10.837,9.3842e-16
-10.837,10.837,-9.3842e-16
-11.353,-0.63146,-11.483
-10.678,10.741,5.686
0.72297,11.445,-11.483
-0.51661,-11.468,-11.483
-10.678,10.741,-5.8822
-11.353,-0.63146,11.653
11.56,0.60811,-11.483
0.72297,11.445,11.653
-0.51661,-11.468,11.653
11.56,0.60811,11.653
10.996,-10.932,5.686
10.996,-10.932,-5.8822
-10.966,5.1347,-11.502
-4.9735,11.042,-11.514
-4.9735,11.042,11.622
-10.966,5.1347,11.634
5.2125,-11.214,-11.519
11.312,-5.1998,-11.512
5.2125,-11.214,11.617
11.312,-5.1998,11.624
-12.076,-12.076,7.9602e-22
12.076,12.076,-7.9602e-22
-11.601,-6.4394,-11.512
-11.601,-6.4394,11.624
6.4521,11.699,-11.519
-6.2131,-11.871,-11.514
6.4521,11.699,11.617
-6.2131,-11.871,11.622
11.948,6.3743,-11.502
11.948,6.3743,11.634
-11.917,-12.172,5.686
-11.917,-12.172,-5.8822
12.235,11.981,5.686
12.235,11.981,-5.8822
-10.837,10.837,-11.568
10.837,-10.837,-11.568
-10.837,10.837,11.568
10.837,-10.837,11.568
-12.076,-12.076,-11.568
-12.076,-12.076,11.568
12.076,12.076,-11.568
12.076,12.076,11.568
