-9.4591,-3.561,-8.2582
-3.9489,-9.1221,-8.5102
-9.7642,-9.2013,-8.6312
-9.4591,-3.561,3.31
-3.9489,-9.1221,3.058
-8.5352,-8.3881,-2.634
-9.7642,-9.2013,2.937
-8.5352,-8.3881,8.9342
-8.5988,7.6216,-8.4462
2.6173,8.5154,-8.2582
-8.888,1.7604,-8.4902
-2.9731,8.1916,-8.5352
-3.1424,2.069,-8.7892
2.238,-3.2152,-8.4462
8.1275,2.9543,-8.5102
-3.5638,-3.3276,-8.5342
1.9488,-9.0764,-8.4902
2.3122,2.8751,-8.6312
7.8637,-2.6453,-8.5352
7.6944,-8.7678,-8.7892
-8.5988,7.6216,3.122
2.6173,8.5154,3.31
-8.5953,-2.4638,-2.526
-7.8139,8.7982,-2.892
-7.9497,2.8571,-2.725
-2.0927,9.1285,-3.059
-8.888,1.7604,3.078
-2.9731,8.1916,3.033
-3.1424,2.069,2.779
2.238,-3.2152,3.122
8.1275,2.9543,3.058
-3.2124,-8.025,-2.613
3.0229,-2.0386,-2.892
-1.9962,3.0639,-2.806
-2.4989,-2.3377,-2.604
2.8871,-7.9797,-2.725
3.5412,3.6883,-2.634
8.7441,-1.7084,-3.059
-3.5638,-3.3276,3.034
1.9488,-9.0764,3.078
2.3122,2.8751,2.937
7.8637,-2.6453,3.033
7.6944,-8.7678,2.779
8.8407,-7.7729,-2.806
-8.5953,-2.4638,9.0422
-7.8139,8.7982,8.6762
-7.9497,2.8571,8.8432
-2.0927,9.1285,8.5092
-3.2124,-8.025,8.9552
3.0229,-2.0386,8.6762
-1.9962,3.0639,8.7622
-2.4989,-2.3377,8.9642
2.8871,-7.9797,8.8432
3.5412,3.6883,8.9342
8.7441,-1.7084,8.5092
8.8407,-7.7729,8.7622
8.5126,8.7488,-8.5342
3.4811,9.6126,-2.526
8.864,4.0515,-2.613
9.5775,9.7387,-2.604
8.5126,8.7488,3.034
3.4811,9.6126,9.0422
8.864,4.0515,8.9552
9.5775,9.7387,8.9642
-8.3068,-8.881,-8.5802
-9.3625,-3.7439,-2.666
-3.9758,-9.3215,-2.539
-8.3068,-8.881,2.988
-9.9013,-8.9963,-2.701
-9.3625,-3.7439,8.9022
-3.9758,-9.3215,9.0292
-9.9013,-8.9963,8.8672
-8.6398,-2.3627,-8.6012
-7.9836,8.9821,-8.5762
-2.6372,3.4575,-8.5962
-7.6117,2.5191,-8.6272
-1.6239,8.8421,-8.5702
-3.1813,-7.8581,-8.3422
2.8532,-1.8547,-8.5762
8.1996,-7.3794,-8.5962
-2.2175,-2.7139,-8.7002
3.2251,-8.3177,-8.6272
3.7696,3.1954,-8.5802
9.2129,-1.9947,-8.5702
-8.5048,7.4852,-2.701
-8.6398,-2.3627,2.967
-7.9836,8.9821,2.992
-2.6372,3.4575,2.972
-7.6117,2.5191,2.941
-1.6239,8.8421,2.998
-9.2685,2.1465,-2.691
-3.2743,8.2382,-2.917
-2.8716,1.8562,-2.77
2.332,-3.3517,-2.701
2.7139,8.3325,-2.666
8.1006,2.7549,-2.539
-3.1813,-7.8581,3.226
2.8532,-1.8547,2.992
8.1996,-7.3794,2.972
-2.2175,-2.7139,2.868
3.2251,-8.3177,2.941
3.7696,3.1954,2.988
9.2129,-1.9947,2.998
-3.8007,-3.0399,-2.814
1.5684,-8.6903,-2.691
2.1751,3.0802,-2.701
7.5625,-2.5986,-2.917
7.9653,-8.9807,-2.77
-8.5048,7.4852,8.8672
-9.2685,2.1465,8.8772
-3.2743,8.2382,8.6512
-2.8716,1.8562,8.7982
2.332,-3.3517,8.8672
2.7139,8.3325,8.9022
8.1006,2.7549,9.0292
-3.8007,-3.0399,8.7542
1.5684,-8.6903,8.8772
2.1751,3.0802,8.8672
7.5625,-2.5986,8.6512
7.9653,-8.9807,8.7982
3.4366,9.7137,-8.6012
8.8951,4.2183,-8.3422
9.8589,9.3625,-8.7002
3.4366,9.7137,2.967
8.8951,4.2183,3.226
9.8589,9.3625,2.868
8.2757,9.0366,-2.814
8.2757,9.0366,8.7542
-11.397,-3.1339,-5.6702
-11.214,-3.6459,-11.158
-11.215,-6.3743,-8.5332
-5.938,-11.929,-8.3972
-12.598,-11.658,-8.4112
-5.6636,-8.7636,-5.9612
-9.3781,-11.15,-6.1092
-5.8086,-8.7332,-11.077
-12.644,-9.3647,-11.522
-9.0606,-6.7568,-11.472
-3.6611,-12.168,-11.819
-9.3738,-11.255,-11.145
-12.623,-6.0727,-2.797
-11.271,-1.1271,-2.484
-11.397,-3.1339,5.898
-11.214,-3.6459,0.41
-7.0722,-11.391,-2.541
-11.215,-6.3743,3.035
-5.938,-11.929,3.171
-12.598,-11.658,3.157
-11.883,-12.567,-2.634
-0.43388,-11.964,-2.484
-12.409,-9.0245,-5.56
-5.6636,-8.7636,5.607
-9.3781,-11.15,5.459
-8.84,-6.4655,-5.275
-3.5628,-11.842,-5.387
-5.8086,-8.7332,0.491
-12.644,-9.3647,0.046
-9.0606,-6.7568,0.096
-3.6611,-12.168,-0.251
-9.3738,-11.255,0.423
-12.623,-6.0727,8.7712
-11.271,-1.1271,9.0842
-11.214,-3.6459,11.978
-7.0722,-11.391,9.0272
-11.883,-12.567,8.9342
-0.43388,-11.964,9.0842
-12.409,-9.0245,6.0082
-8.84,-6.4655,6.2932
-3.5628,-11.842,6.1812
-5.8086,-8.7332,12.059
-12.644,-9.3647,11.614
-9.0606,-6.7568,11.664
-3.6611,-12.168,11.317
-9.3738,-11.255,11.991
-10.5,4.6716,-8.6382
-4.6984,10.985,-8.3972
-11.931,0.040732,-8.1592
-11.359,11.255,-8.4112
-5.8637,5.9444,-8.8472
-10.503,7.9943,-5.9082
-5.0527,2.4958,-6.1022
0.67983,8.9425,-5.6702
-8.572,0.18427,-5.8232
-8.1385,11.763,-6.1092
-2.6584,6.1883,-6.1312
-10.541,7.8345,-11.169
-5.1616,2.5312,-11.312
0.86227,8.4306,-11.158
-12.196,2.1394,-11.528
-5.9458,8.4009,-11.74
-8.4008,4.7989,-11.652
-2.4215,10.746,-11.819
-8.7509,0.13124,-11.456
-8.1343,11.658,-11.145
-2.681,6.2166,-11.236
-5.2177,-0.63852,-8.4012
0.33729,-6.1653,-8.6382
0.86126,5.7021,-8.5332
6.1384,0.14779,-8.3972
-6.656,-5.1951,-8.4042
-1.0946,-10.796,-8.1592
-0.52184,0.41861,-8.4112
4.9731,-4.8925,-8.8472
0.33375,-2.8426,-5.9082
5.7841,-8.341,-6.1022
6.4128,3.3128,-5.9612
11.517,-1.8943,-5.6702
-3.3177,-4.9497,-5.8882
2.2649,-10.653,-5.8232
2.6983,0.92631,-6.1092
8.1784,-4.6485,-6.1312
0.29557,-3.0024,-11.169
5.6752,-8.3057,-11.312
6.2678,3.3432,-11.077
11.699,-2.4063,-11.158
-6.434,-3.054,-11.622
-1.3591,-8.6974,-11.528
-0.56781,2.7118,-11.522
4.8911,-2.436,-11.74
-2.8949,-0.54871,-11.545
2.436,-6.038,-11.652
3.0158,5.3196,-11.472
8.4153,-0.091217,-11.819
-3.3284,-5.3125,-11.06
2.086,-10.706,-11.456
2.7026,0.82166,-11.145
8.1558,-4.6202,-11.236
5.6191,-11.475,-8.4012
11.698,-5.1347,-8.5332
10.315,-10.418,-8.4112
10.269,-8.1251,-11.522
7.9419,-11.386,-11.545
-11.758,5.728,-2.862
-6.095,0.1765,-2.586
-5.8326,11.522,-2.541
-0.54629,6.0038,-2.797
-10.5,4.6716,2.93
-4.6984,10.985,3.171
-11.931,0.040732,3.409
-11.359,11.255,3.157
-5.8637,5.9444,2.721
-10.643,10.346,-2.634
-4.8985,4.9565,-3.038
0.8057,10.949,-2.484
-12.19,2.5644,-5.325
-6.0631,8.3019,-5.535
-10.503,7.9943,5.66
-5.0527,2.4958,5.466
0.67983,8.9425,5.898
-8.572,0.18427,5.745
-8.1385,11.763,5.459
-2.6584,6.1883,5.437
-8.1979,4.6525,-5.309
-2.3233,11.072,-5.387
-10.541,7.8345,0.399
-5.1616,2.5312,0.256
0.86227,8.4306,0.41
-12.196,2.1394,0.04
-5.9458,8.4009,-0.172
-8.4008,4.7989,-0.084
-2.4215,10.746,-0.251
-8.7509,0.13124,0.112
-8.1343,11.658,0.423
-2.681,6.2166,0.332
-0.92136,-5.1088,-2.862
4.7419,-10.66,-2.586
5.0042,0.68519,-2.541
10.291,-4.8331,-2.797
-5.2177,-0.63852,3.167
0.33729,-6.1653,2.93
0.86126,5.7021,3.035
6.1384,0.14779,3.171
-6.656,-5.1951,3.164
-1.0946,-10.796,3.409
-0.52184,0.41861,3.157
4.9731,-4.8925,2.721
0.19375,-0.49073,-2.634
5.9383,-5.8803,-3.038
-5.8994,-6.1426,-2.644
11.643,0.11243,-2.484
-6.7981,-2.9189,-5.502
-1.3527,-8.2724,-5.325
-0.33234,3.0519,-5.56
4.7737,-2.535,-5.535
0.33375,-2.8426,5.66
5.7841,-8.341,5.466
6.4128,3.3128,5.607
11.517,-1.8943,5.898
-3.3177,-4.9497,5.68
2.2649,-10.653,5.745
2.6983,0.92631,5.459
8.1784,-4.6485,5.437
-2.7768,-0.81388,-5.284
2.6389,-6.1844,-5.309
3.2364,5.6109,-5.275
8.5136,0.23476,-5.387
0.29557,-3.0024,0.399
5.6752,-8.3057,0.256
6.2678,3.3432,0.491
11.699,-2.4063,0.41
-6.434,-3.054,-0.054
-1.3591,-8.6974,0.04
-0.56781,2.7118,0.046
4.8911,-2.436,-0.172
-2.8949,-0.54871,0.023
2.436,-6.038,-0.084
3.0158,5.3196,0.096
8.4153,-0.091217,-0.251
-3.3284,-5.3125,0.508
2.086,-10.706,0.112
2.7026,0.82166,0.423
8.1558,-4.6202,0.332
5.6191,-11.475,3.167
11.698,-5.1347,3.035
10.315,-10.418,3.157
11.031,-11.328,-2.634
10.504,-7.785,-5.56
8.06,-11.651,-5.284
10.269,-8.1251,0.046
7.9419,-11.386,0.023
-11.758,5.728,8.7062
-6.095,0.1765,8.9822
-5.8326,11.522,9.0272
-0.54629,6.0038,8.7712
-10.643,10.346,8.9342
-4.8985,4.9565,8.5302
0.8057,10.949,9.0842
-12.19,2.5644,6.2432
-6.0631,8.3019,6.0332
-8.1979,4.6525,6.2592
-2.3233,11.072,6.1812
-10.541,7.8345,11.967
-5.1616,2.5312,11.824
0.86227,8.4306,11.978
-12.196,2.1394,11.608
-5.9458,8.4009,11.396
-8.4008,4.7989,11.484
-2.4215,10.746,11.317
-8.7509,0.13124,11.68
-8.1343,11.658,11.991
-2.681,6.2166,11.9
-0.92136,-5.1088,8.7062
4.7419,-10.66,8.9822
5.0042,0.68519,9.0272
10.291,-4.8331,8.7712
0.19375,-0.49073,8.9342
5.9383,-5.8803,8.5302
-5.8994,-6.1426,8.9242
11.643,0.11243,9.0842
-6.7981,-2.9189,6.0662
-1.3527,-8.2724,6.2432
-0.33234,3.0519,6.0082
4.7737,-2.535,6.0332
-2.7768,-0.81388,6.2842
2.6389,-6.1844,6.2592
3.2364,5.6109,6.2932
8.5136,0.23476,6.1812
0.29557,-3.0024,11.967
5.6752,-8.3057,11.824
6.2678,3.3432,12.059
11.699,-2.4063,11.978
-6.434,-3.054,11.514
-1.3591,-8.6974,11.608
-0.56781,2.7118,11.614
4.8911,-2.436,11.396
-2.8949,-0.54871,11.591
2.436,-6.038,11.484
3.0158,5.3196,11.664
8.4153,-0.091217,11.317
-3.3284,-5.3125,12.076
2.086,-10.706,11.68
2.7026,0.82166,11.991
8.1558,-4.6202,11.9
11.031,-11.328,8.9342
10.504,-7.785,6.0082
8.06,-11.651,6.2842
10.269,-8.1251,11.614
7.9419,-11.386,11.591
0.14498,12.117,-8.1592
3.5044,12.261,-5.8232
3.3255,12.208,-11.456
6.8587,11.438,-8.4012
12.414,5.9111,-8.6382
5.4204,6.8813,-8.4042
10.982,1.2803,-8.1592
11.555,12.495,-8.4112
12.41,9.2338,-5.9082
8.7587,7.1267,-5.8882
12.372,9.074,-11.169
5.6424,9.0224,-11.622
10.717,3.379,-11.528
9.1815,11.528,-11.545
8.748,6.7639,-11.06
5.9814,12.253,-2.586
0.14498,12.117,3.409
3.5044,12.261,5.745
3.3255,12.208,0.112
11.155,6.9676,-2.862
6.8587,11.438,3.167
12.414,5.9111,2.93
5.4204,6.8813,3.164
10.982,1.2803,3.409
11.555,12.495,3.157
12.27,11.586,-2.634
6.177,5.9338,-2.644
5.2783,9.1575,-5.502
10.724,3.804,-5.325
12.41,9.2338,5.66
8.7587,7.1267,5.68
9.2996,11.263,-5.284
12.372,9.074,0.399
5.6424,9.0224,-0.054
10.717,3.379,0.04
9.1815,11.528,0.023
8.748,6.7639,0.508
5.9814,12.253,8.9822
3.3255,12.208,11.68
11.155,6.9676,8.7062
12.27,11.586,8.9342
6.177,5.9338,8.9242
5.2783,9.1575,6.0662
10.724,3.804,6.2432
9.2996,11.263,6.2842
12.372,9.074,11.967
5.6424,9.0224,11.514
10.717,3.379,11.608
9.1815,11.528,11.591
8.748,6.7639,12.076
0,0,0
5.56,0.45043,0.108
-0.091924,0.057983,-5.6792
0.1789,5.8202,0.145
-0.32244,-5.8082,0.332
-5.8308,-0.3182,0.201
-0.091924,0.057983,5.889
5.3514,-5.2877,0.077
-5.4854,5.5491,0.077
-0.61589,-5.5077,-5.531
-5.7028,-0.15061,-5.6472
5.5996,0.55649,5.774
5.5996,0.55649,-5.7942
0.10283,5.8864,-5.585
-0.61589,-5.5077,6.0372
-5.7028,-0.15061,5.921
0.10283,5.8864,5.9832
5.8725,6.1935,0.294
-6.2039,-5.8829,0.294
5.3507,-5.403,-5.588
-5.4861,5.4338,-5.588
5.3507,-5.403,5.9802
-5.4861,5.4338,5.9802
-6.1136,-5.6229,-5.6762
-6.1136,-5.6229,5.892
5.9628,6.4535,-5.6762
5.9628,6.4535,5.892
11.389,0.57912,0.217
0.55255,11.416,0.217
-0.68703,-11.497,0.217
-11.524,-0.66045,0.217
5.0088e-16,-5.0088e-16,-11.568
-5.0088e-16,5.0088e-16,11.568
11.016,-5.0166,0.145
5.006,-11.155,0.201
-11.159,5.0287,0.332
-0.86974,-11.048,-5.546
-5.2768,11.287,0.108
11.207,1.0286,-5.546
-0.86974,-11.048,6.0222
-0.32244,-5.8082,-11.236
5.56,0.45043,-11.46
11.207,1.0286,6.0222
-5.8308,-0.3182,-11.367
0.1789,5.8202,-11.423
5.56,0.45043,11.676
-11.707,-0.211,-5.546
0.1789,5.8202,11.713
0.36984,11.865,-5.546
-5.8308,-0.3182,11.769
-11.707,-0.211,6.0222
10.94,-4.9505,-5.585
-0.32244,-5.8082,11.9
0.36984,11.865,6.0222
6.2456,11.758,0.201
11.754,6.2682,0.332
-6.5164,-11.626,0.108
5.134,-10.987,-5.6472
10.94,-4.9505,5.9832
-11.897,-6.2562,0.145
5.134,-10.987,5.921
5.3514,-5.2877,-11.491
-11.453,5.3292,-5.531
-5.2372,11.393,5.774
-5.2372,11.393,-5.7942
5.3514,-5.2877,11.645
-5.4854,5.5491,-11.491
-11.453,5.3292,6.0372
-5.4854,5.5491,11.645
5.8725,6.1935,-11.274
-6.2039,-5.8829,-11.274
11.461,6.5688,-5.531
-6.4768,-11.52,5.774
-6.4768,-11.52,-5.7942
11.461,6.5688,6.0372
-11.974,-6.19,-5.585
5.8725,6.1935,11.862
-6.2039,-5.8829,11.862
6.3736,11.926,-5.6472
-11.974,-6.19,5.9832
6.3736,11.926,5.921
-10.837,10.837,-9.3842e-16
10.837,-10.837,9.3842e-16
11.389,0.57912,-11.351
0.55255,11.416,-11.351
-0.68703,-11.497,-11.351
-11.524,-0.66045,-11.351
10.745,-10.779,-5.6792
10.745,-10.779,5.889
11.389,0.57912,11.785
0.55255,11.416,11.785
-10.929,10.895,-5.6792
-0.68703,-11.497,11.785
-11.524,-0.66045,11.785
-10.929,10.895,5.889
-11.159,5.0287,-11.236
11.016,-5.0166,-11.423
5.006,-11.155,-11.367
11.016,-5.0166,11.713
-5.2768,11.287,-11.46
5.006,-11.155,11.769
-11.159,5.0287,11.9
-5.2768,11.287,11.676
-12.076,-12.076,7.9602e-22
12.076,12.076,-7.9602e-22
11.754,6.2682,-11.236
6.2456,11.758,-11.367
-6.5164,-11.626,-11.46
-11.897,-6.2562,-11.423
-6.5164,-11.626,11.676
6.2456,11.758,11.769
-11.897,-6.2562,11.713
11.754,6.2682,11.9
11.984,12.134,-5.6792
-12.168,-12.018,-5.6792
11.984,12.134,5.889
-12.168,-12.018,5.889
-10.837,10.837,-11.568
10.837,-10.837,-11.568
-10.837,10.837,11.568
10.837,-10.837,11.568
-12.076,-12.076,-11.568
-12.076,-12.076,11.568
12.076,12.076,-11.568
12.076,12.076,11.568
