-9.4851,-3.8085,-9.2318
-3.6401,-9.2546,-9.1038
-9.8506,-9.8436,-9.1998
-9.4851,-3.8085,2.871
-3.6401,-9.2546,2.999
-9.0396,-8.9194,-2.969
-9.8506,-9.8436,2.903
-9.0396,-8.9194,9.1338
-3.4561,2.5397,-9.0928
-9.132,8.3599,-8.7418
-9.4813,2.4202,-9.0868
-2.9484,8.5685,-9.3308
7.9535,-8.8699,-9.0928
2.2776,-3.0498,-8.7418
3.0123,8.6889,-9.2318
8.8572,3.2428,-9.1038
-3.6904,-3.2845,-8.9838
1.9283,-8.9894,-9.0868
2.6467,2.6538,-9.1998
8.4612,-2.8412,-9.3308
-3.4561,2.5397,3.01
-9.132,8.3599,3.361
-8.6038,-2.6391,-2.966
-8.2623,9.0501,-2.94
-2.4449,3.64,-3.046
-8.3146,2.9491,-3.269
-2.0546,9.0578,-3.148
-9.4813,2.4202,3.016
-2.9484,8.5685,2.772
7.9535,-8.8699,3.01
2.2776,-3.0498,3.361
3.0123,8.6889,2.871
8.8572,3.2428,2.999
-3.1792,-8.6804,-2.806
3.1473,-2.3596,-2.94
8.9647,-7.7697,-3.046
-2.7011,-2.7209,-2.97
3.095,-8.4605,-3.269
3.4578,3.578,-2.969
9.355,-2.3518,-3.148
-3.6904,-3.2845,3.119
1.9283,-8.9894,3.016
2.6467,2.6538,2.903
8.4612,-2.8412,2.772
-8.6038,-2.6391,9.1368
-8.2623,9.0501,9.1628
-2.4449,3.64,9.0568
-8.3146,2.9491,8.8338
-2.0546,9.0578,8.9548
-3.1792,-8.6804,9.2968
3.1473,-2.3596,9.1628
8.9647,-7.7697,9.0568
-2.7011,-2.7209,9.1328
3.095,-8.4605,8.8338
3.4578,3.578,9.1338
9.355,-2.3518,8.9548
8.8069,9.2129,-8.9838
3.8935,9.8583,-2.966
9.3182,3.8169,-2.806
9.7962,9.7764,-2.97
8.8069,9.2129,3.119
3.8935,9.8582,9.1368
9.3182,3.8169,9.2968
9.7962,9.7764,9.1328
-8.5602,-9.116,-9.0558
-9.1372,-4.0163,-2.745
-3.7094,-10.066,-2.986
-8.5602,-9.116,3.047
-10.319,-9.664,-3.148
-9.1372,-4.0163,9.3578
-3.7094,-10.066,9.1168
-10.319,-9.664,8.9548
-8.8746,-2.4433,-9.2288
-8.3761,9.5867,-9.1238
-2.7822,3.874,-9.1668
-8.0933,2.9696,-9.1848
-1.718,9.2205,-8.7968
-2.9006,-7.9578,-9.0768
3.0335,-1.8229,-9.1238
8.6274,-7.5356,-9.1668
-2.3073,-2.74,-8.8018
3.3163,-8.44,-9.1848
3.9372,3.3814,-9.0558
9.6916,-2.1892,-8.7968
-8.9984,7.7483,-2.987
-8.8746,-2.4433,2.874
-8.3761,9.5867,2.979
-2.7822,3.874,2.936
-8.0933,2.9696,2.918
-1.718,9.2205,3.306
-9.6899,2.4407,-2.952
-3.4752,8.6923,-3.455
-3.0186,2.2535,-2.979
2.4112,-3.6614,-2.987
3.3602,8.481,-2.745
8.7879,2.431,-2.986
-2.9006,-7.9578,3.026
3.0335,-1.8229,2.979
8.6274,-7.5356,2.936
-2.3073,-2.74,3.301
3.3163,-8.44,2.918
3.9372,3.3814,3.047
9.6916,-2.1892,3.306
-4.0418,-3.288,-2.624
1.7197,-8.9689,-2.952
2.1786,2.8334,-3.148
7.9344,-2.7174,-3.455
8.391,-9.1561,-2.979
-8.9984,7.7483,9.1158
-9.6899,2.4407,9.1508
-3.4752,8.6923,8.6478
-3.0186,2.2535,9.1238
2.4112,-3.6614,9.1158
3.3602,8.481,9.3578
8.7879,2.431,9.1168
-4.0418,-3.288,9.4788
1.7197,-8.9689,9.1508
2.1786,2.8334,8.9548
7.9344,-2.7174,8.6478
8.391,-9.1561,9.1238
3.6227,10.054,-9.2288
9.5968,4.5396,-9.0768
10.19,9.7573,-8.8018
3.6227,10.054,2.874
9.5968,4.5396,3.026
10.19,9.7573,3.301
8.4555,9.2093,-2.624
8.4555,9.2093,9.4788
-11.248,-3.3886,-6.3778
-11.529,-3.5449,-11.759
-11.676,-6.9303,-9.1148
-5.7148,-12.445,-9.1458
-6.7634,-5.9135,-9.0738
-12.772,-11.806,-9.0758
-5.316,-9.0467,-6.3448
-9.6951,-11.862,-6.3618
-5.5097,-9.4639,-11.927
-12.908,-9.3939,-12.254
-9.1633,-7.0449,-12.245
-3.5404,-13.004,-12.446
-9.3967,-11.679,-11.957
-12.588,-6.2107,-3.114
-11.528,-0.99437,-2.86
-11.248,-3.3886,5.725
-11.529,-3.5449,0.344
-7.1247,-11.717,-3.198
-11.676,-6.9303,2.988
-5.7148,-12.445,2.957
-6.7634,-5.9135,3.029
-12.772,-11.806,3.027
-12.237,-13.04,-2.839
-6.0344,-7.0442,-2.914
-0.11872,-12.404,-2.86
-13.037,-9.1351,-5.884
-5.316,-9.0467,5.758
-9.6951,-11.862,5.741
-9.2517,-6.9183,-5.549
-3.4527,-12.57,-5.623
-5.5097,-9.4639,0.176
-12.908,-9.3939,-0.151
-9.1633,-7.0449,-0.142
-3.5404,-13.004,-0.343
-9.3967,-11.679,0.146
-12.588,-6.2107,8.9888
-11.528,-0.99437,9.2428
-11.529,-3.5449,12.447
-7.1247,-11.717,8.9048
-12.237,-13.04,9.2638
-6.0344,-7.0442,9.1888
-0.11872,-12.404,9.2428
-13.037,-9.1351,6.2188
-9.2517,-6.9183,6.5538
-3.4527,-12.57,6.4798
-5.5097,-9.4639,12.279
-12.908,-9.3939,11.952
-9.1633,-7.0449,11.961
-3.5404,-13.004,11.76
-9.3967,-11.679,12.249
-11.259,5.2981,-9.2558
-4.6271,11.462,-9.1458
-12.272,0.44315,-8.6418
-11.684,12.101,-9.0758
-6.421,6.5101,-9.1238
-11.069,8.6619,-6.1978
-5.1991,2.8558,-6.3098
1.249,9.1087,-6.3778
-9.0125,0.76347,-6.1788
-8.6074,12.045,-6.3618
-2.6125,6.4125,-6.7498
-10.916,8.4356,-11.593
-5.3568,2.4817,-11.946
0.96828,8.9525,-11.759
-12.603,2.375,-12.311
-6.2152,8.7792,-12.413
-8.6646,4.9269,-12.311
-2.4527,10.903,-12.446
-8.9036,0.44103,-11.865
-8.309,12.228,-11.957
-2.7073,6.5794,-12.087
-5.543,-0.57205,-8.9528
0.15061,-6.1115,-9.2558
0.82095,5.5671,-9.1148
6.7826,0.052327,-9.1458
5.7339,6.5839,-9.0738
-0.86196,-10.967,-8.6418
-0.27436,0.69155,-9.0758
4.9886,-4.8995,-9.1238
0.34082,-2.7478,-6.1978
6.2105,-8.5539,-6.3098
7.1814,3.4507,-6.3448
12.659,-2.3009,-6.3778
-3.2484,-5.1237,-6.1778
2.3971,-10.646,-6.1788
2.8023,0.63569,-6.3618
8.7971,-4.9971,-6.7498
0.49356,-2.9741,-11.593
6.0528,-8.9279,-11.946
6.9876,3.0335,-11.927
12.378,-2.4572,-11.759
-6.7515,-3.288,-12.16
-1.1929,-9.0347,-12.311
-0.41083,3.1035,-12.254
5.1944,-2.6304,-12.413
-2.931,-0.75307,-12.199
2.745,-6.4828,-12.311
3.334,5.4525,-12.245
8.9569,-0.50699,-12.446
-3.2371,-5.5465,-11.699
2.506,-10.969,-11.865
3.1007,0.81812,-11.957
8.7024,-4.8302,-12.087
5.8666,-11.982,-8.9528
12.231,-5.8426,-9.1148
11.135,-10.718,-9.0758
10.999,-8.3062,-12.254
8.4787,-12.163,-12.199
-12.512,5.8695,-2.877
-6.5369,0.14192,-2.984
-6.037,12.19,-3.198
-0.090962,6.2867,-3.114
-11.259,5.2981,2.847
-4.6271,11.462,2.957
-12.272,0.44315,3.461
-11.684,12.101,3.027
-6.421,6.5101,2.979
-11.149,10.867,-2.839
-5.6255,5.0542,-2.987
0.96899,11.503,-2.86
-12.45,2.7504,-5.426
-6.1431,9.0734,-5.919
-11.069,8.6619,5.905
-5.1991,2.8558,5.793
1.249,9.1087,5.725
-9.0125,0.76347,5.924
-8.6074,12.045,5.741
-2.6125,6.4125,5.353
-8.5854,5.3017,-5.979
-2.365,11.337,-5.623
-10.916,8.4356,0.51
-5.3568,2.4817,0.157
0.96828,8.9525,0.344
-12.603,2.375,-0.208
-6.2152,8.7792,-0.31
-8.6646,4.9269,-0.208
-2.4527,10.903,-0.343
-8.9036,0.44103,0.238
-8.309,12.228,0.146
-2.7073,6.5794,0.015999
-1.1024,-5.5402,-2.877
4.8727,-11.268,-2.984
5.3726,0.78065,-3.198
11.319,-5.123,-3.114
-5.543,-0.57205,3.15
0.15061,-6.1115,2.847
0.82095,5.5671,2.988
6.7826,0.052326,2.957
5.7339,6.5839,3.029
-0.86196,-10.967,3.461
-0.27436,0.69155,3.027
4.9886,-4.8995,2.979
0.26022,-0.54306,-2.839
5.7841,-6.3555,-2.987
6.463,5.4532,-2.914
12.379,0.093338,-2.86
-6.5768,-3.0526,-5.809
-1.0409,-8.6592,-5.426
-0.53952,3.3623,-5.884
5.2665,-2.3363,-5.919
0.34083,-2.7478,5.905
6.2105,-8.5539,5.793
7.1814,3.4507,5.758
12.659,-2.3009,5.725
-3.2484,-5.1237,5.925
2.3971,-10.646,5.924
2.8023,0.63569,5.741
8.7971,-4.9971,5.353
-2.9691,-0.52962,-5.645
2.8242,-6.108,-5.979
3.2456,5.5791,-5.549
9.0446,-0.072832,-5.623
0.49356,-2.9741,0.51
6.0528,-8.9279,0.157
6.9876,3.0335,0.176
12.378,-2.4572,0.344
-6.7515,-3.288,-0.057
-1.1929,-9.0347,-0.208
-0.41083,3.1035,-0.151
5.1944,-2.6304,-0.31
-2.931,-0.75307,-0.096
2.745,-6.4828,-0.208
3.334,5.4525,-0.142
8.9569,-0.507,-0.343
-3.2371,-5.5465,0.404
2.506,-10.969,0.238
3.1007,0.81812,0.146
8.7024,-4.8302,0.016
5.8666,-11.982,3.15
12.231,-5.8426,2.988
11.135,-10.718,3.027
11.67,-11.953,-2.839
10.87,-8.0474,-5.884
8.4405,-11.939,-5.645
10.999,-8.3062,-0.151
8.4787,-12.163,-0.095999
-12.512,5.8695,9.2258
-6.5369,0.14192,9.1188
-6.037,12.19,8.9048
-0.090961,6.2867,8.9888
-11.149,10.867,9.2638
-5.6255,5.0542,9.1158
0.96899,11.503,9.2428
-12.45,2.7504,6.6768
-6.1431,9.0734,6.1838
-8.5854,5.3017,6.1238
-2.365,11.337,6.4798
-10.916,8.4356,12.613
-5.3568,2.4817,12.26
0.96829,8.9525,12.447
-12.603,2.375,11.895
-6.2152,8.7792,11.793
-8.6646,4.9269,11.895
-2.4527,10.903,11.76
-8.9036,0.44103,12.341
-8.309,12.228,12.249
-2.7073,6.5794,12.119
-1.1024,-5.5402,9.2258
4.8727,-11.268,9.1188
5.3726,0.78065,8.9048
11.319,-5.123,8.9888
0.26022,-0.54306,9.2638
5.7841,-6.3555,9.1158
6.463,5.4532,9.1888
12.379,0.093337,9.2428
-6.5768,-3.0526,6.2938
-1.0409,-8.6592,6.6768
-0.53952,3.3623,6.2188
5.2665,-2.3363,6.1838
-2.9691,-0.52962,6.4578
2.8242,-6.108,6.1238
3.2456,5.5791,6.5538
9.0446,-0.072833,6.4798
0.49356,-2.9741,12.613
6.0528,-8.9279,12.26
6.9876,3.0335,12.279
12.378,-2.4572,12.447
-6.7515,-3.288,12.046
-1.1929,-9.0347,11.895
-0.41083,3.1035,11.952
5.1944,-2.6304,11.793
-2.931,-0.75307,12.007
2.745,-6.4828,11.895
3.334,5.4525,11.961
8.9569,-0.507,11.76
-3.2371,-5.5465,12.507
2.506,-10.969,12.341
3.1007,0.81812,12.249
8.7024,-4.8302,12.119
11.67,-11.953,9.2638
10.87,-8.0474,6.2188
8.4405,-11.939,6.4578
10.999,-8.3062,11.952
8.4787,-12.163,12.007
0.22575,12.941,-8.6418
3.4848,13.261,-6.1788
3.5937,12.938,-11.865
6.9543,11.925,-8.9528
12.648,6.3859,-9.2558
11.635,1.5309,-8.6418
12.223,13.189,-9.0758
12.838,9.7496,-6.1978
9.2489,7.3737,-6.1778
12.991,9.5233,-11.593
5.7459,9.2093,-12.16
11.304,3.4627,-12.311
9.5664,11.744,-12.199
9.2602,6.9508,-11.699
5.9604,12.639,-2.984
0.22575,12.941,3.461
3.4848,13.261,5.924
3.5937,12.938,0.238
11.395,6.9572,-2.877
6.9543,11.925,3.15
12.648,6.3859,2.847
11.635,1.5309,3.461
12.223,13.189,3.027
12.758,11.954,-2.839
5.9205,9.4448,-5.809
11.456,3.8382,-5.426
12.838,9.7496,5.905
9.2489,7.3737,5.925
9.5282,11.968,-5.645
12.991,9.5233,0.51
5.7459,9.2093,-0.057
11.304,3.4627,-0.208
9.5664,11.744,-0.096
9.2602,6.9508,0.404
5.9604,12.639,9.1188
3.5937,12.938,12.341
11.395,6.9572,9.2258
12.758,11.954,9.2638
5.9205,9.4448,6.2938
11.456,3.8381,6.6768
9.5282,11.968,6.4578
12.991,9.5233,12.613
5.7459,9.2093,12.046
11.304,3.4627,11.895
9.5664,11.744,12.007
9.2602,6.9508,12.507
0,0,0
-0.20365,0.31961,5.954
-0.22486,-5.9977,0.084
6.0055,0.33022,-0.043
-6.0415,-0.27294,-0.079
0.22724,6.0859,0.271
-0.20365,0.31961,-6.1488
5.6371,-5.6371,-0.26
-5.7726,5.7726,-0.26
-0.28638,-5.7976,-5.812
-5.8867,-0.27931,-6.022
-5.8867,-0.27931,6.0808
6.0804,0.35285,6.007
-0.28638,-5.7976,6.2908
6.0804,0.35285,-6.0958
0.25057,6.17,6.027
0.25057,6.17,-6.0758
6.1646,6.2169,-0.114
-6.3328,-6.2805,-0.114
5.7304,-5.4447,5.706
-5.6792,5.9649,5.706
5.7304,-5.4447,-6.3968
-5.6792,5.9649,-6.3968
-6.1943,-6.1971,5.925
6.3031,6.3003,5.925
-6.1943,-6.1971,-6.1778
6.3031,6.3003,-6.1778
11.877,0.61377,-0.176
-0.62077,-11.884,-0.176
0.46695,12.023,-0.176
-12.03,-0.47394,-0.176
-7.0711e-07,7.0711e-07,-12.103
7.0711e-07,-7.0711e-07,12.103
11.637,-5.3238,0.271
-11.634,5.412,0.083999
5.3681,-11.683,-0.078999
-5.4042,11.74,-0.043001
-0.36345,-11.666,-6.045
-0.36345,-11.666,6.0578
-11.773,-0.25618,-6.045
-11.773,-0.25618,6.0578
0.22724,6.0859,-11.832
-0.22486,-5.9977,-12.019
-6.0415,-0.27294,12.024
6.0055,0.33022,12.06
6.0055,0.33022,-12.146
12.134,0.83153,-6.045
-0.22486,-5.9977,12.187
12.134,0.83153,6.0578
-6.0415,-0.27294,-12.182
0.72426,12.241,-6.045
0.72426,12.241,6.0578
-6.4919,-12.167,-0.043
0.22724,6.0859,12.374
6.4558,12.224,-0.079
-12.27,-6.4115,0.271
12.272,6.4997,0.084
11.66,-5.2397,6.027
11.66,-5.2397,-6.0758
-11.696,5.6121,-5.812
-5.3292,11.763,6.007
5.523,-11.689,-6.022
5.6371,-5.6371,11.843
-5.3292,11.763,-6.0958
5.523,-11.689,6.0808
-5.7726,5.7726,11.843
-11.696,5.6121,6.2908
5.6371,-5.6371,-12.363
-5.7726,5.7726,-12.363
6.1646,6.2169,11.989
-6.3328,-6.2805,11.989
-6.4169,-12.145,6.007
-6.4169,-12.145,-6.0958
6.1646,6.2169,-12.217
-12.247,-6.3274,6.027
-12.247,-6.3274,-6.0758
12.211,6.6998,-5.812
-6.3328,-6.2805,-12.217
6.6107,12.218,-6.022
6.6107,12.218,6.0808
12.211,6.6998,6.2908
11.41,-11.41,1e-06
-11.41,11.41,-1e-06
11.877,0.61377,11.927
-0.62077,-11.884,11.927
11.206,-11.09,5.954
11.206,-11.09,-6.1488
0.46695,12.023,11.927
-12.03,-0.47394,11.927
11.877,0.61377,-12.279
-0.62077,-11.884,-12.279
0.46695,12.023,-12.279
-12.03,-0.47394,-12.279
11.637,-5.3238,-11.832
-11.613,11.729,5.954
-11.634,5.412,-12.019
5.3681,-11.683,12.024
-11.613,11.729,-6.1488
-12.497,-12.497,1.9594e-21
12.497,12.497,-1.9594e-21
-5.4042,11.74,12.06
-11.634,5.412,12.187
5.3681,-11.683,-12.182
-5.4042,11.74,-12.146
11.637,-5.3238,12.374
-12.27,-6.4115,-11.832
-6.4919,-12.167,12.06
6.4558,12.224,12.024
12.272,6.4997,-12.019
-6.4919,-12.167,-12.146
6.4558,12.224,-12.182
12.272,6.4997,12.187
-12.27,-6.4115,12.374
-12.701,-12.178,5.954
-12.701,-12.178,-6.1488
12.294,12.817,5.954
12.294,12.817,-6.1488
-11.41,11.41,12.103
11.41,-11.41,-12.103
-11.41,11.41,-12.103
11.41,-11.41,12.103
-12.497,-12.497,-12.103
12.497,12.497,12.103
-12.497,-12.497,12.103
12.497,12.497,-12.103
