-4.3085,-10.142,-9.8094
-10.11,-4.3516,-9.7254
-10.474,-9.9936,-9.8704
-4.3085,-10.142,3.085
-10.11,-4.3516,3.169
-9.5185,-9.8522,-2.551
-10.474,-9.9936,3.024
-9.5185,-9.8522,10.343
-9.8779,8.4538,-9.9354
2.3469,-3.771,-9.9354
-3.4394,2.3533,-9.5534
8.8021,2.9684,-9.8094
3.0003,8.7589,-9.7254
-10.045,2.2161,-9.3604
-3.7498,-3.508,-9.6614
-3.5313,8.9958,-8.9874
2.6361,3.1169,-9.8704
8.7854,-9.8715,-9.5534
2.1796,-10.009,-9.3604
8.6935,-3.2289,-8.9874
-9.8779,8.4538,2.959
2.3469,-3.771,2.959
-3.4394,2.3533,3.341
8.8021,2.9684,3.085
3.0003,8.7589,3.169
-9.635,-3.1056,-2.971
-3.438,-9.1599,-3.173
-2.832,2.9833,-3.268
-8.918,9.2475,-3.345
-9.2072,2.9168,-3.033
-3.03,-3.0568,-2.854
-2.6248,9.4031,-3.09
3.5921,3.2583,-2.551
-10.045,2.2161,3.534
-3.7498,-3.508,3.233
-3.5313,8.9958,3.907
2.6361,3.1169,3.024
8.7854,-9.8715,3.341
9.3928,-9.2415,-3.268
3.3067,-2.9772,-3.345
3.0175,-9.3079,-3.033
9.6,-2.8216,-3.09
2.1796,-10.009,3.534
8.6935,-3.2289,3.907
-9.635,-3.1056,9.9234
-3.438,-9.1599,9.7214
-2.832,2.9833,9.6264
-8.918,9.2475,9.5494
-9.2072,2.9168,9.8614
-3.03,-3.0568,10.04
-2.6248,9.4031,9.8044
3.5921,3.2583,10.343
9.3928,-9.2415,9.6264
3.3067,-2.9772,9.5494
3.0175,-9.3079,9.8614
9.6,-2.8217,9.8044
9.3608,9.6026,-9.6614
3.4755,10.005,-2.971
9.6726,3.9507,-3.173
10.081,10.054,-2.854
9.3608,9.6026,3.233
3.4755,10.005,9.9234
9.6726,3.9507,9.7214
10.081,10.054,10.04
-9.1288,-9.3381,-9.8264
-10.143,-4.5015,-3.171
-9.1288,-9.3381,3.068
-10.832,-10.145,-3.207
-3.99,-10.553,-3.145
-10.143,-4.5015,9.7234
-10.832,-10.145,9.6874
-3.99,-10.553,9.7494
-9.1708,9.7746,-9.9124
-9.7305,-2.9055,-9.6514
-4.0121,-8.679,-9.6904
-2.8624,3.7307,-9.5544
3.054,-2.4501,-9.9124
-8.6981,2.8503,-9.1924
-2.361,-2.9805,-9.8394
-2.1051,9.3826,-9.1514
3.9817,3.7724,-9.8264
9.3624,-8.4941,-9.5544
3.5266,-9.3744,-9.1924
10.12,-2.8422,-9.1514
-9.1708,9.7746,2.982
-9.3805,7.8376,-3.23
-3.346,1.5938,-3.496
2.9677,8.609,-3.171
-9.7305,-2.9055,3.243
-4.0121,-8.679,3.204
-2.8624,3.7307,3.34
3.054,-2.4501,2.982
-8.6981,2.8503,3.702
-2.361,-2.9805,3.055
-2.1051,9.3826,3.743
3.9817,3.7724,3.068
-10.513,2.2019,-3.206
-4.3735,-3.696,-3.034
-4.0546,8.9619,-3.048
2.2783,2.9656,-3.207
2.8443,-4.3872,-3.23
8.8787,-10.631,-3.496
9.1206,2.558,-3.145
9.3624,-8.4941,3.34
3.5266,-9.3744,3.702
10.12,-2.8422,3.743
1.7115,-10.023,-3.206
8.1702,-3.2629,-3.048
-9.3805,7.8376,9.6644
-3.346,1.5938,9.3984
2.9677,8.609,9.7234
-10.513,2.2019,9.6884
-4.3735,-3.696,9.8604
-4.0546,8.9619,9.8464
2.2783,2.9656,9.6874
2.8443,-4.3872,9.6644
8.8787,-10.631,9.3984
9.1206,2.558,9.7494
1.7115,-10.023,9.6884
8.1702,-3.2629,9.8464
3.3801,10.205,-9.6514
9.0984,4.4315,-9.6904
10.75,10.13,-9.8394
3.3801,10.205,3.243
9.0984,4.4315,3.204
10.75,10.13,3.055
8.7371,9.4145,-3.034
8.7371,9.4145,9.8604
-12.457,-7.1737,-9.6234
-13.502,-12.61,-9.7354
-12.233,-3.9797,-6.7674
-6.1342,-9.9088,-6.6724
-10.151,-12.256,-7.0294
-12.227,-3.8482,-12.624
-6.316,-10.075,-12.753
-13.754,-10.073,-13.125
-9.6684,-7.2967,-13.142
-10.138,-12.162,-12.595
-6.0866,-13.438,-9.6514
-3.8012,-13.407,-13.521
-13.8,-6.6596,-2.994
-7.6064,-12.826,-3.213
-12.457,-7.1737,3.271
-13.502,-12.61,3.159
-12.568,-13.985,-3.431
-12.604,-1.2736,-3.168
-6.6271,-7.4799,-2.995
-13.721,-10.123,-6.022
-12.233,-3.9797,6.127
-6.1342,-9.9088,6.222
-10.151,-12.256,5.865
-9.7362,-7.6856,-5.876
-12.227,-3.8482,0.27
-6.316,-10.075,0.141
-13.754,-10.073,-0.231
-9.6684,-7.2967,-0.248
-10.138,-12.162,0.299
-6.0866,-13.438,3.243
-0.37952,-13.498,-3.168
-3.7595,-13.638,-5.967
-3.8012,-13.407,-0.627
-13.8,-6.6596,9.9004
-7.6064,-12.826,9.6814
-12.568,-13.985,9.4634
-12.604,-1.2736,9.7264
-6.6271,-7.4799,9.8994
-13.721,-10.123,6.8724
-9.7362,-7.6856,7.0184
-12.227,-3.8482,13.164
-6.316,-10.075,13.035
-13.754,-10.073,12.663
-9.6684,-7.2967,12.646
-10.138,-12.162,13.193
-0.37952,-13.498,9.7264
-3.7595,-13.638,6.9274
-3.8012,-13.407,12.267
-12.616,12.725,-9.7354
-11.665,8.9834,-6.9524
-9.2648,13.079,-7.0294
-11.923,8.7012,-12.745
-9.2521,13.174,-12.595
-12.092,5.111,-9.5914
-6.1151,-0.78913,-9.5094
-5.2008,11.897,-9.6514
0.65337,5.9369,-9.6234
-13.562,0.14354,-9.7004
-6.8476,-5.8209,-9.5204
-6.6376,6.68,-9.5844
-0.39174,0.50063,-9.7354
-5.4377,2.7931,-6.7344
0.56003,-3.2414,-6.9524
0.87752,9.1309,-6.7674
6.9763,3.2018,-6.6724
-9.6598,-0.067174,-6.3744
-3.6494,-5.5487,-6.7174
-3.1558,6.5089,-6.3634
2.9599,0.85419,-7.0294
-5.6512,2.7662,-12.526
0.30193,-3.5235,-12.745
0.88318,9.2624,-12.624
6.7946,3.0356,-12.753
-13.632,2.5618,-13.136
-7.4826,-3.4903,-13.075
-7.1397,9.0757,-13.223
-0.64347,3.0377,-13.125
-9.2221,4.9893,-12.94
-3.3771,-0.83156,-12.943
-2.9154,11.928,-13.521
3.4422,5.8138,-13.142
-9.8783,0.22628,-12.556
-3.5582,-5.9835,-12.535
-3.0285,7.0152,-12.06
2.9727,0.94894,-12.595
0.13323,-7.1138,-9.5914
6.1097,-13.014,-9.5094
7.024,-0.32768,-9.6514
12.878,-6.2879,-9.6234
-1.3368,-12.081,-9.7004
5.5871,-5.5447,-9.5844
11.833,-11.724,-9.7354
6.7871,-9.4317,-6.7344
13.102,-3.0939,-6.7674
2.565,-12.292,-6.3744
9.0689,-5.7158,-6.3634
6.5736,-9.4586,-12.526
13.108,-2.9624,-12.624
-1.4076,-9.6629,-13.136
5.0851,-3.149,-13.223
11.581,-9.187,-13.125
3.0027,-7.2354,-12.94
8.8476,-13.056,-12.943
9.3094,-0.29657,-13.521
2.3465,-11.998,-12.556
9.1962,-5.2095,-12.06
-13.129,6.3763,-3.249
-6.7206,12.509,-3.213
-12.616,12.725,3.159
-11.682,11.35,-3.431
-11.665,8.9834,5.942
-9.2648,13.079,5.865
-11.923,8.7012,0.149
-9.2521,13.174,0.299
-7.2379,-0.039598,-3.084
-0.90439,-5.8485,-3.249
-0.68943,6.4509,-2.994
5.5041,0.28426,-3.213
-12.092,5.111,3.303
-6.1151,-0.78913,3.385
-5.2008,11.897,3.243
0.65337,5.9369,3.271
-13.562,0.14354,3.194
-6.8476,-5.8209,3.374
-6.6376,6.68,3.31
-0.39174,0.50063,3.159
-5.9043,4.8069,-3.111
0.54235,-0.87469,-3.431
0.50629,11.837,-3.168
6.4835,5.6307,-2.995
-13.446,2.5604,-5.929
-7.4303,-3.5949,-5.809
-6.8865,9.0969,-6.226
-0.61023,2.9875,-6.022
-5.4377,2.7931,6.16
0.56003,-3.2414,5.942
0.87752,9.1309,6.127
6.9763,3.2018,6.222
-9.6598,-0.067175,6.52
-3.6494,-5.5487,6.177
-3.1558,6.5089,6.531
2.9599,0.85418,5.865
-9.5912,5.0685,-5.964
-3.2294,-1.265,-6.161
-2.8737,11.697,-5.967
3.3743,5.4249,-5.876
-5.6512,2.7662,0.368
0.30193,-3.5235,0.149
0.88318,9.2624,0.27
6.7946,3.0356,0.141
-13.632,2.5618,-0.242
-7.4826,-3.4903,-0.181
-7.1397,9.0757,-0.329
-0.64347,3.0377,-0.231
-9.2221,4.9893,-0.046
-3.3771,-0.83156,-0.049
-2.9154,11.928,-0.627
3.4422,5.8138,-0.248
-9.8783,0.22627,0.338
-3.5582,-5.9835,0.359
-3.0285,7.0152,0.834
2.9727,0.94894,0.299
4.9868,-12.264,-3.084
11.535,-5.7738,-2.994
0.13323,-7.1138,3.303
6.1097,-13.014,3.385
7.024,-0.32768,3.243
12.878,-6.2879,3.271
-1.3368,-12.081,3.194
5.5871,-5.5447,3.31
11.833,-11.724,3.159
6.3204,-7.4178,-3.111
12.767,-13.099,-3.431
12.731,-0.38779,-3.168
-1.2209,-9.6643,-5.929
5.3382,-3.1278,-6.226
11.615,-9.2372,-6.022
6.7871,-9.4317,6.16
13.102,-3.0939,6.127
2.565,-12.292,6.52
9.0689,-5.7158,6.531
2.6336,-7.1562,-5.964
8.9954,-13.49,-6.161
9.3511,-0.5278,-5.967
6.5736,-9.4586,0.368
13.108,-2.9624,0.27
-1.4076,-9.6629,-0.242
5.0851,-3.149,-0.329
11.581,-9.187,-0.231
3.0027,-7.2354,-0.046
8.8476,-13.056,-0.049
9.3094,-0.29657,-0.627
2.3465,-11.998,0.338
9.1962,-5.2095,0.834
-13.129,6.3763,9.6454
-6.7206,12.509,9.6814
-11.682,11.35,9.4634
-11.923,8.7012,13.043
-9.2521,13.174,13.193
-7.2379,-0.039599,9.8104
-0.90439,-5.8485,9.6454
-0.68943,6.4509,9.9004
5.5041,0.28426,9.6814
-5.9043,4.8069,9.7834
0.54235,-0.87469,9.4634
0.50629,11.837,9.7264
6.4835,5.6307,9.8994
-13.446,2.5604,6.9654
-7.4303,-3.5949,7.0854
-6.8865,9.0969,6.6684
-0.61023,2.9875,6.8724
-9.5912,5.0685,6.9304
-3.2294,-1.265,6.7334
-2.8737,11.697,6.9274
3.3743,5.4249,7.0184
-5.6512,2.7662,13.262
0.30193,-3.5235,13.043
0.88318,9.2624,13.164
6.7946,3.0356,13.035
-13.632,2.5618,12.652
-7.4826,-3.4903,12.713
-7.1397,9.0757,12.565
-0.64347,3.0377,12.663
-9.2221,4.9893,12.848
-3.3771,-0.83156,12.845
-2.9154,11.928,12.267
3.4422,5.8138,12.646
-9.8783,0.22627,13.232
-3.5582,-5.9835,13.253
-3.0285,7.0152,13.728
2.9727,0.94894,13.193
4.9868,-12.264,9.8104
11.535,-5.7738,9.9004
6.3204,-7.4178,9.7834
12.767,-13.099,9.4634
12.731,-0.38779,9.7264
-1.2209,-9.6643,6.9654
5.3382,-3.1278,6.6684
11.615,-9.2372,6.8724
2.6336,-7.1562,6.9304
8.9954,-13.49,6.7334
9.3511,-0.5278,6.9274
6.5736,-9.4586,13.262
13.108,-2.9624,13.164
-1.4076,-9.6629,12.652
5.0851,-3.149,12.565
11.581,-9.187,12.663
3.0027,-7.2354,12.848
8.8476,-13.056,12.845
9.3094,-0.29657,12.267
2.3465,-11.998,13.232
9.1962,-5.2096,13.728
6.9955,12.321,-9.5094
-0.45104,13.254,-9.7004
6.2629,7.2897,-9.5204
12.719,13.611,-9.7354
13.671,9.8692,-6.9524
3.4508,13.043,-6.3744
9.4612,7.5619,-6.7174
13.412,9.587,-12.745
5.628,9.6203,-13.075
9.7334,12.279,-12.943
3.2323,13.337,-12.556
9.5524,7.127,-12.535
13.244,5.9968,-9.5914
11.774,1.0293,-9.7004
11.703,3.4477,-13.136
5.8726,13.071,-3.084
12.206,7.2621,-3.249
6.9955,12.321,3.385
-0.45104,13.254,3.194
6.2629,7.2897,3.374
12.719,13.611,3.159
13.653,12.236,-3.431
5.6803,9.5156,-5.809
13.671,9.8692,5.942
3.4508,13.043,6.52
9.4612,7.5619,6.177
9.8812,11.846,-6.161
13.412,9.587,0.149
5.628,9.6203,-0.181
9.7334,12.279,-0.049
3.2323,13.337,0.338
9.5524,7.127,0.359
13.244,5.9968,3.303
11.774,1.0293,3.194
11.89,3.4462,-5.929
11.703,3.4477,-0.242
5.8726,13.071,9.8104
12.206,7.2621,9.6454
13.653,12.236,9.4634
5.6803,9.5156,7.0854
9.8812,11.846,6.7334
13.412,9.587,13.043
5.628,9.6203,12.713
9.7334,12.279,12.845
3.2323,13.337,13.232
9.5524,7.127,13.253
11.89,3.4462,6.9654
11.703,3.4477,12.652
0,0,0
6.2271,-0.079489,0.326
0.19445,6.2501,0.186
-0.24537,-0.35143,-6.3194
-6.5117,-0.26092,0.12
-0.24537,-0.35143,6.575
-0.19345,-6.6386,0.335
0.17607,5.9899,-5.986
5.8626,0.13223,-6.263
-6.0946,6.055,0.368
6.1302,-6.1698,0.368
5.8626,0.13223,6.6314
-0.52397,-6.5429,-6.087
0.17607,5.9899,6.9084
6.4418,6.562,0.116
-6.627,-0.56003,-6.3704
-6.627,-0.56003,6.524
-6.6687,-6.5485,0.116
-0.52397,-6.5429,6.8074
-6.3123,5.8782,-6.024
5.9124,-6.3466,-6.024
-6.3123,5.8782,6.8704
6.5585,6.4086,-6.151
5.9124,-6.3466,6.8704
-6.5521,-6.702,-6.151
6.5585,6.4086,6.7434
-6.5521,-6.702,6.7434
12.411,0.24224,0.365
0.18597,12.467,0.365
-0.69984,-12.868,0.365
5.583e-16,1.4142e-06,-12.894
-5.583e-16,-1.4142e-06,12.894
-12.925,-0.64356,0.365
0.12728,12.042,-6.156
-5.9977,12.145,0.326
-12.418,5.5861,0.335
5.713,-12.486,0.12
12.419,-5.9746,0.186
0.12728,12.042,6.7384
12.352,-0.18273,-6.156
6.2271,-0.079488,-12.568
12.352,-0.18273,6.7384
0.19445,6.2501,-12.708
-0.19345,-6.6386,-12.559
-6.5117,-0.26092,-12.774
-12.983,-1.0685,-6.156
6.5988,12.85,0.12
12.917,6.4719,0.335
0.19445,6.2501,13.08
-6.5117,-0.26092,13.014
6.2271,-0.079491,13.22
-12.916,-6.8604,0.186
-12.983,-1.0685,6.7384
-0.75853,-13.293,-6.156
-0.19345,-6.6386,13.229
-6.8835,-13.19,0.326
-0.75853,-13.293,6.7384
12.401,-6.2349,-5.986
-6.0946,6.055,-12.526
-12.749,5.6819,-6.087
-6.3621,12.357,-6.263
6.1302,-6.1698,-12.526
5.5978,-12.785,-6.3704
-6.3621,12.357,6.6314
5.5978,-12.785,6.524
12.587,6.5677,-6.087
6.4836,12.551,-6.3704
12.401,-6.2349,6.9084
-12.749,5.6819,6.8074
6.4836,12.551,6.524
6.4418,6.562,-12.778
12.587,6.5677,6.8074
-6.0946,6.055,13.262
-6.6687,-6.5485,-12.778
6.1302,-6.1698,13.262
6.4418,6.562,13.01
-12.934,-7.1207,-5.986
-6.6687,-6.5485,13.01
-7.2479,-12.978,-6.263
-7.2479,-12.978,6.6314
-12.934,-7.1207,6.9084
-12.225,12.225,-1.0586e-15
12.225,-12.225,1.0586e-15
12.411,0.24225,-12.529
0.18597,12.467,-12.529
-0.69984,-12.868,-12.529
-12.925,-0.64356,-12.529
12.411,0.24224,13.259
0.18597,12.467,13.259
-12.47,11.873,-6.3194
-12.47,11.873,6.575
-5.9977,12.145,-12.568
11.979,-12.576,-6.3194
-0.69984,-12.868,13.259
-12.418,5.5861,-12.559
-12.925,-0.64356,13.259
13.111,13.111,0
-13.111,-13.111,0
11.979,-12.576,6.575
12.419,-5.9746,-12.708
5.713,-12.486,-12.774
5.713,-12.486,13.014
-5.9977,12.145,13.22
-12.418,5.5861,13.229
12.419,-5.9746,13.08
12.917,6.472,-12.559
12.865,12.759,-6.3194
12.865,12.759,6.575
6.5988,12.85,-12.774
-12.916,-6.8604,-12.708
6.5988,12.85,13.014
-6.8835,-13.19,-12.568
12.917,6.4719,13.229
-12.916,-6.8604,13.08
-6.8835,-13.19,13.22
-13.356,-13.462,-6.3194
-13.356,-13.462,6.575
12.225,-12.225,-12.894
-12.225,12.225,12.894
-12.225,12.225,-12.894
12.225,-12.225,12.894
13.111,13.111,12.894
-13.111,-13.111,-12.894
-13.111,-13.111,12.894
13.111,13.111,-12.894
