-9.3526,-4.0225,-8.6732
-3.8054,-9.2911,-8.6932
-9.7967,-9.4771,-8.4922
-9.3526,-4.0225,2.895
-3.8054,-9.2911,2.875
-8.4313,-8.6858,-2.565
-9.7967,-9.4771,3.076
-8.4313,-8.6858,9.0032
-8.7749,7.5658,-8.4812
-9.1787,1.9803,-8.7032
-3.0106,7.9716,-8.5182
-3.3036,1.9247,-8.5732
2.0619,-3.2711,-8.4812
2.7238,8.0539,-8.6732
8.271,2.7853,-8.6932
-3.6112,-3.5617,-8.4692
1.6582,-8.8565,-8.7032
2.2797,2.5993,-8.4922
7.8263,-2.8652,-8.5182
7.5332,-8.9121,-8.5732
-8.7749,7.5658,3.087
-8.4602,-2.7799,-2.688
-7.7779,8.5769,-2.921
-2.3918,3.2432,-2.774
-8.0932,2.9229,-2.828
-2.1592,8.9432,-2.56
-9.1787,1.9803,2.865
-3.0106,7.9716,3.05
-3.3036,1.9247,2.995
2.0619,-3.2711,3.087
2.7238,8.0539,2.895
8.271,2.7853,2.875
-2.8907,-8.3424,-2.803
3.0589,-2.2599,-2.921
8.445,-7.5936,-2.774
-2.3745,-2.5626,-2.777
2.7436,-7.9139,-2.828
3.6451,3.3906,-2.565
8.6776,-1.8936,-2.56
-3.6112,-3.5617,3.099
1.6582,-8.8565,2.865
2.2797,2.5993,3.076
7.8263,-2.8652,3.05
7.5332,-8.9121,2.995
-8.4602,-2.7799,8.8802
-7.7779,8.5769,8.6472
-2.3918,3.2432,8.7942
-8.0932,2.9229,8.7402
-2.1592,8.9432,9.0082
-2.8907,-8.3424,8.7652
3.0589,-2.2599,8.6472
8.445,-7.5936,8.7942
-2.3745,-2.5626,8.7912
2.7436,-7.9139,8.7402
3.6451,3.3906,9.0032
8.6776,-1.8936,9.0082
8.4652,8.5147,-8.4692
3.6162,9.2965,-2.688
9.1857,3.734,-2.803
9.7019,9.5139,-2.777
8.4652,8.5147,3.099
3.6162,9.2965,8.8802
9.1857,3.734,8.7652
9.7019,9.5139,8.7912
-8.4935,-8.7664,-8.6942
-9.3745,-3.9638,-2.656
-3.6647,-9.6171,-2.712
-8.4935,-8.7664,2.874
-9.803,-9.277,-2.555
-9.3745,-3.9638,8.9122
-3.6647,-9.6171,8.8562
-9.803,-9.277,9.0132
-8.7006,-2.6781,-8.6192
-8.1102,8.905,-8.5542
-2.5014,3.1845,-8.6262
-7.7708,2.459,-8.5282
-1.7364,8.7452,-8.3752
-3.1353,-7.962,-8.5852
2.7266,-1.9318,-8.5542
8.3354,-7.6523,-8.6262
-2.3363,-2.81,-8.6742
3.066,-8.3778,-8.5282
3.5829,3.31,-8.6942
9.1005,-2.0916,-8.3752
-8.5903,7.3218,-2.87
-8.7006,-2.6781,2.949
-8.1102,8.905,3.014
-2.5014,3.1845,2.942
-7.7708,2.459,3.04
-1.7364,8.7452,3.193
-9.4679,2.3303,-2.826
-3.543,8.3924,-2.636
-3.1176,1.9368,-2.724
2.2465,-3.515,-2.87
2.7019,8.1126,-2.656
8.4117,2.4593,-2.712
-3.1353,-7.962,2.983
2.7266,-1.9318,3.014
8.3354,-7.6523,2.942
-2.3363,-2.81,2.894
3.066,-8.3778,3.04
3.5829,3.31,2.874
9.1005,-2.0916,3.193
-3.6649,-3.3086,-2.662
1.369,-8.5065,-2.826
2.2733,2.7994,-2.555
7.2938,-2.4445,-2.636
7.7192,-8.9001,-2.724
-8.5903,7.3218,8.6982
-9.4679,2.3303,8.7422
-3.543,8.3924,8.9322
-3.1176,1.9368,8.8442
2.2465,-3.515,8.6982
2.7019,8.1126,8.9122
8.4117,2.4593,8.8562
-3.6649,-3.3086,8.9062
1.369,-8.5065,8.7422
2.2733,2.7994,9.0132
7.2938,-2.4445,8.9322
7.7192,-8.9001,8.8442
3.3757,9.3983,-8.6192
8.9411,4.1144,-8.5852
9.7401,9.2664,-8.6742
3.3757,9.3983,2.949
8.9411,4.1144,2.983
9.7401,9.2664,2.894
8.4115,8.7679,-2.662
8.4115,8.7679,8.9062
-11.056,-3.7251,-5.9772
-11.315,-3.4762,-11.164
-11.489,-6.6635,-8.3782
-6.0731,-12.194,-8.5942
-12.648,-11.761,-8.5572
-5.6891,-8.9899,-6.0172
-9.4318,-11.379,-5.9022
-5.7881,-8.9729,-11.081
-12.544,-9.1872,-11.761
-8.9467,-6.5412,-11.731
-3.5833,-11.96,-11.522
-9.3307,-11.209,-11.128
-12.447,-5.816,-2.594
-11.447,-1.1738,-2.877
-11.056,-3.7251,5.591
-11.315,-3.4762,0.404
-6.8155,-11.453,-2.663
-11.489,-6.6635,3.19
-6.0731,-12.194,2.974
-12.648,-11.761,3.011
-11.538,-12.445,-2.731
-5.7421,-6.6091,-2.77
-0.61066,-12.011,-2.877
-12.488,-9.2947,-5.339
-5.6891,-8.9899,5.551
-9.4318,-11.379,5.666
-8.9001,-6.9881,-5.297
-3.6837,-12.153,-5.258
-5.7881,-8.9729,0.487
-12.544,-9.1872,-0.193
-8.9467,-6.5412,-0.163
-3.5833,-11.96,0.046
-9.3307,-11.209,0.44
-12.447,-5.816,8.9742
-11.447,-1.1738,8.6912
-11.315,-3.4762,11.972
-6.8155,-11.453,8.9052
-11.538,-12.445,8.8372
-5.7421,-6.6091,8.7982
-0.61066,-12.011,8.6912
-12.488,-9.2947,6.2292
-8.9001,-6.9881,6.2712
-3.6837,-12.153,6.3102
-5.7881,-8.9729,12.055
-12.544,-9.1872,11.375
-8.9467,-6.5412,11.405
-3.5833,-11.96,11.614
-9.3307,-11.209,12.008
-10.918,4.8102,-8.6022
-4.8335,10.719,-8.5942
-11.845,-0.10493,-8.6252
-11.408,11.152,-8.5572
-5.9726,5.9288,-8.6712
-10.713,7.8946,-5.9052
-5.1156,2.4428,-5.9782
1.0207,8.3514,-5.9772
-8.8979,-0.11766,-5.9782
-8.1922,11.534,-5.9022
-2.5311,6.1021,-5.9472
-10.613,7.9815,-11.238
-5.1177,2.6132,-11.15
0.76186,8.6003,-11.164
-11.99,2.249,-11.797
-6.0964,8.2955,-11.585
-8.3768,4.591,-11.636
-2.3438,10.954,-11.522
-8.6773,0.02659,-11.146
-8.0911,11.704,-11.128
-2.732,6.0087,-11.156
-5.3556,-0.83014,-8.7872
-0.081317,-6.0267,-8.6022
0.58761,5.4129,-8.3782
6.0033,-0.11738,-8.5942
-6.5443,-5.5133,-8.6342
-1.0083,-10.942,-8.6252
-0.57134,0.31537,-8.5572
4.8642,-4.908,-8.6712
0.12374,-2.9423,-5.9052
5.7212,-8.3941,-5.9782
6.3873,3.0865,-6.0172
11.857,-2.4855,-5.9772
-3.2555,-5.4744,-5.9242
1.9389,-10.954,-5.9782
2.6446,0.69721,-5.9022
8.3057,-4.7348,-5.9472
0.22345,-2.8553,-11.238
5.7191,-8.2237,-11.15
6.2883,3.1035,-11.081
11.599,-2.2366,-11.164
-6.4651,-3.1714,-11.761
-1.1533,-8.5878,-11.797
-0.4681,2.8892,-11.761
4.7404,-2.5413,-11.585
-2.979,-0.73044,-11.877
2.46,-6.2459,-11.636
3.1297,5.5352,-11.731
8.4931,0.11667,-11.522
-3.3015,-5.4256,-11.155
2.1595,-10.81,-11.146
2.7457,0.86762,-11.128
8.1049,-4.8281,-11.156
5.4812,-11.667,-8.7872
11.424,-5.4239,-8.3782
10.265,-10.521,-8.5572
10.369,-7.9476,-11.761
7.8578,-11.567,-11.877
-11.619,5.4756,-2.832
-6.4499,0.025176,-2.952
-5.5759,11.461,-2.663
-0.37022,6.2604,-2.594
-10.918,4.8102,2.966
-4.8335,10.719,2.974
-11.845,-0.10493,2.943
-11.408,11.152,3.011
-5.9726,5.9288,2.897
-10.299,10.468,-2.731
-5.2408,4.7911,-2.929
0.62892,10.903,-2.877
-11.868,2.0857,-5.389
-5.8468,8.2099,-5.479
-10.713,7.8946,5.663
-5.1156,2.4428,5.59
1.0207,8.3514,5.591
-8.8979,-0.11766,5.59
-8.1922,11.534,5.666
-2.5311,6.1021,5.621
-8.2573,4.7911,-5.425
-2.4442,10.76,-5.258
-10.613,7.9815,0.33
-5.1177,2.6132,0.418
0.76186,8.6003,0.404
-11.99,2.249,-0.229
-6.0964,8.2955,-0.017
-8.3768,4.591,-0.068
-2.3438,10.954,0.046
-8.6773,0.02659,0.422
-8.0911,11.704,0.44
-2.732,6.0087,0.412
-0.78206,-5.3613,-2.832
4.3869,-10.812,-2.952
5.2609,0.62367,-2.663
10.467,-4.5764,-2.594
-5.3556,-0.83014,2.781
-0.081317,-6.0267,2.966
0.58761,5.4129,3.19
6.0033,-0.11738,2.974
-6.5443,-5.5133,2.934
-1.0083,-10.942,2.943
-0.57134,0.31537,3.011
4.8642,-4.908,2.897
0.53811,-0.3684,-2.731
5.596,-6.0458,-2.929
6.3343,5.4673,-2.77
11.466,0.065761,-2.877
-6.5556,-3.2647,-5.226
-1.031,-8.7512,-5.389
-0.41154,2.7818,-5.339
4.9901,-2.6269,-5.479
0.12374,-2.9423,5.663
5.7212,-8.3941,5.59
6.3873,3.0865,5.551
11.857,-2.4855,5.591
-3.2555,-5.4744,5.644
1.9389,-10.954,5.59
2.6446,0.69721,5.666
8.3057,-4.7348,5.621
-2.8949,-0.76085,-5.321
2.5795,-6.0458,-5.425
3.1763,5.0883,-5.297
8.3927,-0.077075,-5.258
0.22345,-2.8553,0.33
5.7191,-8.2237,0.418
6.2883,3.1035,0.487
11.599,-2.2366,0.404
-6.4651,-3.1714,-0.193
-1.1533,-8.5878,-0.229
-0.4681,2.8892,-0.193
4.7404,-2.5413,-0.017
-2.979,-0.73044,-0.309
2.46,-6.2459,-0.068
3.1297,5.5352,-0.163
8.4931,0.11667,0.046
-3.3015,-5.4256,0.413
2.1595,-10.81,0.422
2.7457,0.86762,0.44
8.1049,-4.8281,0.412
5.4812,-11.667,2.781
11.424,-5.4239,3.19
10.265,-10.521,3.011
11.375,-11.205,-2.731
10.425,-8.0551,-5.339
7.9419,-11.598,-5.321
10.369,-7.9476,-0.193
7.8578,-11.567,-0.309
-11.619,5.4756,8.7362
-6.4499,0.025176,8.6162
-5.5759,11.461,8.9052
-0.37022,6.2604,8.9742
-10.299,10.468,8.8372
-5.2408,4.7911,8.6392
0.62892,10.903,8.6912
-11.868,2.0857,6.1792
-5.8468,8.2099,6.0892
-8.2573,4.7911,6.1432
-2.4442,10.76,6.3102
-10.613,7.9815,11.898
-5.1177,2.6132,11.986
0.76186,8.6003,11.972
-11.99,2.249,11.339
-6.0964,8.2955,11.551
-8.3768,4.591,11.5
-2.3438,10.954,11.614
-8.6773,0.02659,11.99
-8.0911,11.704,12.008
-2.732,6.0087,11.98
-0.78206,-5.3613,8.7362
4.3869,-10.812,8.6162
5.2609,0.62367,8.9052
10.467,-4.5764,8.9742
0.53811,-0.3684,8.8372
5.596,-6.0458,8.6392
6.3343,5.4673,8.7982
11.466,0.065761,8.6912
-6.5556,-3.2647,6.3422
-1.031,-8.7512,6.1792
-0.41154,2.7818,6.2292
4.9901,-2.6269,6.0892
-2.8949,-0.76085,6.2472
2.5795,-6.0458,6.1432
3.1763,5.0883,6.2712
8.3927,-0.077075,6.3102
0.22345,-2.8553,11.898
5.7191,-8.2237,11.986
6.2883,3.1035,12.055
11.599,-2.2366,11.972
-6.4651,-3.1714,11.375
-1.1533,-8.5878,11.339
-0.4681,2.8892,11.375
4.7404,-2.5413,11.551
-2.979,-0.73044,11.259
2.46,-6.2459,11.5
3.1297,5.5352,11.405
8.4931,0.11667,11.614
-3.3015,-5.4256,11.981
2.1595,-10.81,11.99
2.7457,0.86762,12.008
8.1049,-4.8281,11.98
11.375,-11.205,8.8372
10.425,-8.0551,6.2292
7.9419,-11.598,6.2472
10.369,-7.9476,11.375
7.8578,-11.567,11.259
0.23125,11.971,-8.6252
3.1785,11.959,-5.9782
3.3991,12.103,-11.146
6.7208,11.246,-8.7872
11.995,6.0497,-8.6022
5.5321,6.5631,-8.6342
11.068,1.1346,-8.6252
11.505,12.392,-8.5572
12.2,9.1341,-5.9052
8.8209,6.602,-5.9242
12.3,9.2211,-11.238
5.6113,8.905,-11.761
10.923,3.4886,-11.797
9.0974,11.346,-11.877
8.7749,6.6508,-11.155
5.6265,12.102,-2.952
0.23125,11.971,2.943
3.1785,11.959,5.59
3.3991,12.103,0.422
11.294,6.7151,-2.832
6.7208,11.246,2.781
11.995,6.0497,2.966
5.5321,6.5631,2.934
11.068,1.1346,2.943
11.505,12.392,3.011
12.615,11.708,-2.731
5.5208,8.8117,-5.226
11.045,3.3253,-5.389
12.2,9.1341,5.663
8.8209,6.602,5.644
9.1815,11.316,-5.321
12.3,9.2211,0.33
5.6113,8.905,-0.193
10.923,3.4886,-0.229
9.0974,11.346,-0.309
8.7749,6.6508,0.413
5.6265,12.102,8.6162
3.3991,12.103,11.99
11.294,6.7151,8.7362
12.615,11.708,8.8372
5.5208,8.8117,6.3422
11.045,3.3253,6.1792
9.1815,11.316,6.2472
12.3,9.2211,11.898
5.6113,8.905,11.375
10.923,3.4886,11.339
9.0974,11.346,11.259
8.7749,6.6508,11.981
0,0,0
5.5204,0.33163,0.114
-0.3981,-5.6816,0.084
-0.15839,0.024042,-5.7602
0.080913,5.7683,0.019
-5.7905,-0.3585,0.111
-0.15839,0.024042,5.808
5.2298,-5.374,0.208
-5.6071,5.4628,0.208
0.25739,5.6017,-5.671
5.5543,0.27365,-5.7262
5.5543,0.27365,5.842
-0.45184,-5.7099,-5.7632
0.25739,5.6017,5.8972
-0.45184,-5.7099,5.805
-5.9333,-0.48295,-5.619
-5.9333,-0.48295,5.9492
-6.0882,-5.9567,-0.01
5.9882,6.1197,-0.01
-5.4416,5.1913,-5.7582
-5.4416,5.1913,5.81
5.3952,-5.6455,-5.7582
5.3952,-5.6455,5.81
5.8287,5.8867,5.697
5.8287,5.8867,-5.8712
-6.2477,-6.1897,5.697
-6.2477,-6.1897,-5.8712
11.403,0.66088,0.176
-0.67317,-11.416,0.176
0.56641,11.498,0.176
-11.51,-0.57869,0.176
5.0088e-16,-5.0088e-16,-11.568
-5.0088e-16,5.0088e-16,11.568
10.918,-5.0685,0.019
5.0463,-11.195,0.111
-11.235,5.1552,0.084
-5.3164,11.168,0.114
11.251,0.46881,-5.632
0.41396,11.306,-5.632
5.5204,0.33163,-11.454
11.251,0.46881,5.9362
0.41396,11.306,5.9362
-0.3981,-5.6816,-11.484
-5.7905,-0.3585,-11.457
0.080913,5.7683,-11.549
5.5204,0.33163,11.682
-0.82562,-11.608,-5.632
0.080913,5.7683,11.587
-0.3981,-5.6816,11.652
-11.662,-0.77076,-5.632
-5.7905,-0.3585,11.679
-0.82562,-11.608,5.9362
-11.662,-0.77076,5.9362
6.2859,11.718,0.111
11.678,6.3948,0.084
-6.556,-11.745,0.114
11.094,-5.2351,-5.671
-11.995,-6.3081,0.019
4.9035,-11.32,-5.619
-5.2825,11.11,-5.7262
11.094,-5.2351,5.8972
5.2298,-5.374,-11.36
-5.2825,11.11,5.842
-11.289,5.127,-5.7632
-11.289,5.127,5.805
4.9035,-11.32,5.9492
-5.6071,5.4628,-11.36
5.2298,-5.374,11.776
-5.6071,5.4628,11.776
6.1431,11.593,-5.619
-6.0882,-5.9567,11.558
-6.0882,-5.9567,-11.578
5.9882,6.1197,11.558
5.9882,6.1197,-11.578
6.1431,11.593,5.9492
11.625,6.3665,-5.7632
11.625,6.3665,5.805
-11.819,-6.4747,-5.671
-6.5221,-11.803,-5.7262
-6.5221,-11.803,5.842
-11.819,-6.4747,5.8972
-10.837,10.837,-9.3842e-16
10.837,-10.837,9.3842e-16
11.403,0.66088,-11.392
-0.67317,-11.416,-11.392
0.56641,11.498,-11.392
-11.51,-0.57869,-11.392
10.678,-10.813,-5.7602
10.678,-10.813,5.808
11.403,0.66088,11.744
-0.67317,-11.416,11.744
0.56641,11.498,11.744
-11.51,-0.57869,11.744
-10.995,10.861,-5.7602
-10.995,10.861,5.808
10.918,-5.0685,-11.549
10.918,-5.0685,11.587
5.0463,-11.195,-11.457
-5.3164,11.168,-11.454
-11.235,5.1552,-11.484
5.0463,-11.195,11.679
-11.235,5.1552,11.652
-5.3164,11.168,11.682
-12.076,-12.076,7.9602e-22
12.076,12.076,-7.9602e-22
6.2859,11.718,-11.457
11.678,6.3948,-11.484
-6.556,-11.745,-11.454
11.678,6.3948,11.652
6.2859,11.718,11.679
-11.995,-6.3081,-11.549
-6.556,-11.745,11.682
-11.995,-6.3081,11.587
11.918,12.1,-5.7602
11.918,12.1,5.808
-12.235,-12.052,-5.7602
-12.235,-12.052,5.808
-10.837,10.837,-11.568
10.837,-10.837,-11.568
-10.837,10.837,11.568
10.837,-10.837,11.568
-12.076,-12.076,-11.568
-12.076,-12.076,11.568
12.076,12.076,-11.568
12.076,12.076,11.568
