-9.3088,-9.4912,-8.6292
-8.7077,1.9611,-8.6292
-3.1195,-3.6456,-8.4272
-9.3611,-3.5628,-8.6712
-4.0338,-9.0076,-8.4842
2.1291,-8.8758,-8.6292
-9.3088,-9.4912,2.939
-8.7077,1.9611,2.939
-3.1195,-3.6456,3.141
-8.5769,-8.3874,-2.894
-8.1251,-2.8897,-2.724
-2.7659,-8.2107,-2.688
-9.3611,-3.5628,2.897
-4.0338,-9.0076,3.084
2.1291,-8.8758,2.939
-8.5769,-8.3874,8.6742
-8.1251,-2.8897,8.8442
-2.7659,-8.2107,8.8802
-3.0664,7.9214,-8.5212
-8.5408,7.541,-8.6132
7.7704,-2.9154,-8.5212
2.7676,2.5852,-8.6292
8.9569,8.4308,-8.4272
-3.1007,2.2479,-8.3792
2.296,-3.2958,-8.6132
2.7153,8.5136,-8.6712
8.0426,3.0688,-8.4842
7.7362,-8.5889,-8.3792
-3.0664,7.9214,3.047
-1.7371,9.091,-2.886
-7.5155,8.5437,-2.671
-8.5408,7.541,2.955
7.7704,-2.9154,3.047
2.7676,2.5852,2.939
8.9569,8.4308,3.141
-2.4445,-2.3059,-2.989
-7.723,2.9939,-2.484
3.4995,3.689,-2.894
9.0998,-1.7458,-2.886
-2.0485,3.3312,-2.767
3.3213,-2.2931,-2.671
3.9513,9.1867,-2.724
9.3105,3.8658,-2.688
-3.1007,2.2479,3.189
2.296,-3.2958,2.955
2.7153,8.5136,2.897
8.0426,3.0688,3.084
3.1138,-7.8429,-2.484
8.7883,-7.5057,-2.767
7.7362,-8.5889,3.189
-1.7371,9.091,8.6822
-7.5155,8.5437,8.8972
-2.4445,-2.3059,8.5792
-7.723,2.9939,9.0842
3.4995,3.689,8.6742
9.0998,-1.7458,8.6822
-2.0485,3.3312,8.8012
3.3213,-2.2931,8.8972
3.9513,9.1867,8.8442
9.3105,3.8658,8.8802
3.1138,-7.8429,9.0842
8.7883,-7.5057,8.8012
9.6319,9.7705,-2.989
9.6319,9.7705,8.5792
-8.6427,-8.1675,-8.4902
-7.9561,-3.0615,-8.5672
-2.6888,-8.4009,-8.2602
-9.045,-9.8059,-2.87
-8.2715,1.6648,-2.887
-2.9872,-3.6689,-2.707
-8.6427,-8.1675,3.078
-7.9561,-3.0615,3.001
-2.6888,-8.4009,3.308
-9.4106,-3.6336,-2.89
-4.0408,-9.0047,-2.657
2.5654,-9.172,-2.887
-9.045,-9.8059,8.6982
-8.2715,1.6648,8.6812
-2.9872,-3.6689,8.8612
-9.4106,-3.6336,8.6782
-4.0408,-9.0047,8.9112
2.5654,-9.172,8.6812
-8.0671,3.2955,-8.4312
-2.4081,9.2458,-8.7492
-7.1896,8.1626,-8.5362
-2.7068,-2.2882,-8.9042
2.7697,-7.5413,-8.4312
3.4337,3.9089,-8.4902
8.4287,-1.591,-8.7492
-1.7579,2.8977,-8.4372
3.6473,-2.6743,-8.5362
4.1203,9.0149,-8.5672
9.3875,3.6755,-8.2602
9.0789,-7.9391,-8.4372
-8.0671,3.2955,3.137
-2.4081,9.2458,2.819
-7.1896,8.1626,3.032
-8.9114,8.0544,-2.86
-2.4593,7.781,-2.785
3.0314,2.2705,-2.87
9.0892,8.4075,-2.707
-2.7068,-2.2882,2.664
2.7697,-7.5413,3.137
3.4337,3.9089,3.078
8.4287,-1.591,2.819
-1.7579,2.8977,3.131
3.6473,-2.6743,3.032
4.1203,9.0149,3.001
9.3875,3.6755,3.308
-3.2046,2.3829,-2.785
1.9255,-2.7825,-2.86
2.6658,8.4429,-2.89
8.0356,3.0717,-2.657
8.3775,-3.0558,-2.785
9.0789,-7.9391,3.131
7.6322,-8.4539,-2.785
-8.9114,8.0544,8.7082
-2.4593,7.781,8.7832
3.0314,2.2705,8.6982
9.0892,8.4075,8.8612
-3.2046,2.3829,8.7832
1.9255,-2.7825,8.7082
2.6658,8.4429,8.6782
8.0356,3.0717,8.9112
8.3775,-3.0558,8.7832
7.6322,-8.4539,8.7832
9.3696,9.7882,-8.9042
9.3696,9.7882,2.664
-10.528,2.2012,-6.0042
-10.68,2.3525,-11.222
-11.034,-12.286,-8.4812
-11.064,-0.8221,-8.6322
-5.542,-6.3128,-8.4002
-12.271,-5.8871,-8.6082
-6.6147,-11.276,-8.4162
-11.238,-9.2049,-6.0482
-5.1807,-3.116,-5.9442
0.30929,-8.6356,-6.0042
-8.8025,-5.5427,-6.0452
-3.316,-11.004,-5.7792
-11.138,-9.2105,-11.171
-5.0958,-3.1853,-11.255
0.15655,-8.4843,-11.222
-12.044,-3.3168,-11.753
-6.7568,-8.8711,-11.744
-9.0252,-12.431,-11.762
-8.234,-1.0257,-11.586
-3.1336,-6.3679,-11.752
-9.0189,-5.7648,-11.033
-3.4221,-10.762,-11.075
-0.227,-11.659,-8.6322
2.6028,-11.863,-11.586
-11.58,0.038874,-2.86
-10.529,4.529,-2.909
-10.528,2.2012,5.564
-10.68,2.3525,0.346
-12.455,-11.47,-2.699
-6.4386,-5.5802,-2.599
-0.74289,-10.798,-2.86
-11.034,-12.286,3.087
-11.064,-0.8221,2.936
-5.542,-6.3128,3.168
-12.271,-5.8871,2.96
-6.6147,-11.276,3.152
-11.399,-6.6543,-2.859
-5.9345,-12.187,-2.52
-5.2061,-0.78816,-2.692
0.30787,-6.3078,-2.909
-12.066,-3.4801,-5.477
-6.6189,-8.8082,-5.361
-11.238,-9.2049,5.52
-5.1807,-3.116,5.624
0.30929,-8.6356,5.564
-8.8025,-5.5427,5.523
-3.316,-11.004,5.789
-9.0344,-12.3,-5.369
-8.369,-0.87372,-5.323
-3.0063,-6.2605,-5.252
-11.138,-9.2105,0.397
-5.0958,-3.1853,0.313
0.15655,-8.4843,0.346
-12.044,-3.3168,-0.185
-6.7568,-8.8711,-0.176
-9.0252,-12.431,-0.194
-8.234,-1.0257,-0.018
-3.1336,-6.3679,-0.184
-9.0189,-5.7648,0.535
-3.4221,-10.762,0.493
-0.227,-11.659,2.936
5.6307,-11.625,-2.692
2.4678,-11.711,-5.323
2.6028,-11.863,-0.018
-11.58,0.038874,8.7082
-10.529,4.529,8.6592
-10.68,2.3525,11.914
-12.455,-11.47,8.8692
-6.4386,-5.5802,8.9692
-0.74289,-10.798,8.7082
-11.399,-6.6543,8.7092
-5.9345,-12.187,9.0482
-5.2061,-0.78816,8.8762
0.30787,-6.3078,8.6592
-12.066,-3.4801,6.0912
-6.6189,-8.8082,6.2072
-9.0344,-12.3,6.1992
-8.369,-0.87372,6.2452
-3.0063,-6.2605,6.3162
-11.138,-9.2105,11.965
-5.0958,-3.1853,11.881
0.15655,-8.4843,11.914
-12.044,-3.3168,11.383
-6.7568,-8.8711,11.392
-9.0252,-12.431,11.374
-8.234,-1.0257,11.55
-3.1336,-6.3679,11.384
-9.0189,-5.7648,12.103
-3.4221,-10.762,12.061
5.6307,-11.625,8.8762
2.4678,-11.711,6.2452
2.6028,-11.863,11.55
-9.7945,10.628,-8.4812
-11.174,5.6262,-8.6612
-5.3751,11.637,-8.4162
-4.784,8.3662,-5.8062
-8.2304,5.8447,-5.9172
-2.0765,11.91,-5.7792
-4.726,8.1597,-11.149
-11.39,8.1463,-11.871
-7.7857,10.483,-11.762
-8.3464,5.9309,-11.309
-2.1825,12.151,-11.075
-4.8614,4.884,-8.6752
1.0423,-0.2093,-8.4812
1.0126,11.254,-8.6322
6.5344,5.7636,-8.4002
-5.8761,0.33093,-8.5432
-0.33729,-5.2107,-8.6612
-0.19445,6.1893,-8.6082
5.4617,0.80044,-8.4162
0.83792,2.8716,-6.0482
6.0528,-2.4706,-5.8062
6.8957,8.9605,-5.9442
12.386,3.4408,-6.0042
-2.7853,0.13506,-5.8982
2.6064,-4.9922,-5.9172
3.2739,6.5337,-6.0452
8.7603,1.0727,-5.7792
0.93833,2.8659,-11.171
6.1108,-2.6771,-11.149
6.9806,8.8912,-11.255
12.233,3.5921,-11.222
-5.9277,2.4827,-11.558
-0.55366,-2.6905,-11.871
0.032527,8.7596,-11.753
5.3196,3.2053,-11.744
-2.448,5.0516,-11.613
3.0512,-0.35426,-11.762
3.8424,11.051,-11.586
8.9428,5.7085,-11.752
-2.634,0.46033,-11.049
2.4904,-4.9059,-11.309
3.0575,6.3116,-11.033
8.6543,1.3145,-11.075
5.9755,-5.9529,-8.6752
11.879,-11.046,-8.4812
11.849,0.41747,-8.6322
4.9608,-10.506,-8.5432
10.642,-4.6475,-8.6082
11.675,-7.9653,-6.0482
8.0515,-10.702,-5.8982
11.775,-7.9709,-11.171
4.9091,-8.3542,-11.558
10.869,-2.0772,-11.753
8.3888,-5.7853,-11.613
8.2028,-10.377,-11.049
-11.215,11.443,-2.699
-5.7393,5.7916,-2.728
0.49669,12.115,-2.86
-9.7945,10.628,3.087
-11.174,5.6262,2.907
-5.3751,11.637,3.152
-4.6949,10.727,-2.52
-11.459,7.9745,-5.619
-4.784,8.3662,5.762
-8.2304,5.8447,5.651
-2.0765,11.91,5.789
-7.7948,10.613,-5.369
-4.726,8.1597,0.419
-11.39,8.1463,-0.303
-7.7857,10.483,-0.194
-8.3464,5.9309,0.259
-2.1825,12.151,0.493
-0.3783,0.60599,-2.699
5.0975,-5.0452,-2.728
5.6378,6.4962,-2.599
11.334,1.2784,-2.86
-4.8614,4.884,2.893
1.0423,-0.2093,3.087
1.0126,11.254,2.936
6.5344,5.7636,3.168
-5.8761,0.33093,3.025
-0.33729,-5.2107,2.907
-0.19445,6.1893,2.96
5.4617,0.80044,3.152
0.67741,5.4221,-2.859
6.1419,-0.11031,-2.52
6.8702,11.288,-2.692
12.384,5.7686,-2.909
-5.9609,2.6912,-5.425
-0.62225,-2.8624,-5.619
0.010607,8.5963,-5.477
5.4575,3.2682,-5.361
0.83792,2.8716,5.52
6.0528,-2.4706,5.762
6.8957,8.9605,5.624
12.386,3.4408,5.564
-2.7853,0.13506,5.67
2.6064,-4.9922,5.651
3.2739,6.5337,5.523
8.7603,1.0727,5.789
-2.424,5.0021,-5.506
3.042,-0.22345,-5.369
3.7074,11.203,-5.323
9.0701,5.816,-5.252
0.93833,2.8659,0.397
6.1108,-2.6771,0.419
6.9806,8.8912,0.313
12.233,3.5921,0.346
-5.9277,2.4827,0.01
-0.55366,-2.6905,-0.303
0.032527,8.7596,-0.185
5.3196,3.2053,-0.176
-2.448,5.0516,-0.045
3.0512,-0.35426,-0.194
3.8424,11.051,-0.018
8.9428,5.7085,-0.184
-2.634,0.46033,0.519
2.4904,-4.9059,0.259
3.0575,6.3116,0.535
8.6543,1.3145,0.493
10.459,-10.231,-2.699
5.9755,-5.9529,2.893
11.879,-11.046,3.087
11.849,0.41747,2.936
4.9608,-10.506,3.025
10.642,-4.6475,2.96
11.514,-5.4147,-2.859
4.8759,-8.1456,-5.425
10.847,-2.2405,-5.477
11.675,-7.9653,5.52
8.0515,-10.702,5.67
8.4129,-5.8348,-5.506
11.775,-7.9709,0.397
4.9091,-8.3542,0.01
10.869,-2.0772,-0.185
8.3888,-5.7853,-0.045
8.2028,-10.377,0.519
-11.215,11.443,8.8692
-5.7393,5.7916,8.8402
0.49669,12.115,8.7082
-4.6949,10.727,9.0482
-11.459,7.9745,5.9492
-7.7948,10.613,6.1992
-4.726,8.1597,11.987
-11.39,8.1463,11.265
-7.7857,10.483,11.374
-8.3464,5.9309,11.827
-2.1825,12.151,12.061
-0.3783,0.60599,8.8692
5.0975,-5.0452,8.8402
5.6378,6.4962,8.9692
11.334,1.2784,8.7082
0.67741,5.4221,8.7092
6.1419,-0.11031,9.0482
6.8702,11.288,8.8762
12.384,5.7686,8.6592
-5.9609,2.6912,6.1432
-0.62225,-2.8624,5.9492
0.010607,8.5963,6.0912
5.4575,3.2682,6.2072
-2.424,5.0021,6.0622
3.042,-0.22345,6.1992
3.7074,11.203,6.2452
9.0701,5.816,6.3162
0.93833,2.8659,11.965
6.1108,-2.6771,11.987
6.9806,8.8912,11.881
12.233,3.5921,11.914
-5.9277,2.4827,11.578
-0.55366,-2.6905,11.265
0.032527,8.7596,11.383
5.3196,3.2053,11.392
-2.448,5.0516,11.523
3.0512,-0.35426,11.374
3.8424,11.051,11.55
8.9428,5.7085,11.384
-2.634,0.46033,12.087
2.4904,-4.9059,11.827
3.0575,6.3116,12.103
8.6543,1.3145,12.061
10.459,-10.231,8.8692
11.514,-5.4147,8.7092
4.8759,-8.1456,6.1432
10.847,-2.2405,6.0912
8.4129,-5.8348,6.0622
11.775,-7.9709,11.965
4.9091,-8.3542,11.578
10.869,-2.0772,11.383
8.3888,-5.7853,11.523
8.2028,-10.377,12.087
13.119,11.867,-8.4812
6.2003,12.407,-8.5432
11.739,6.8657,-8.6612
9.2911,12.211,-5.8982
11.523,9.3859,-11.871
9.4424,12.537,-11.049
11.698,12.682,-2.699
13.119,11.867,3.087
6.2003,12.407,3.025
11.739,6.8657,2.907
11.454,9.214,-5.619
9.2911,12.211,5.67
11.523,9.3859,-0.303
9.4424,12.537,0.519
11.698,12.682,8.8692
11.454,9.214,5.9492
11.523,9.3859,11.265
9.4424,12.537,12.087
0,0,0
-5.5413,-0.52936,0.026
0.29345,5.5925,0.169
-0.23476,-5.6569,0.131
5.6929,0.18031,0.329
0.14708,-0.021213,5.72
0.14708,-0.021213,-5.8482
-5.3422,5.2206,0.172
5.4946,-5.6163,0.172
-5.5904,-0.33234,5.733
-0.13789,-5.8046,-5.545
5.869,0.25456,-5.509
-5.5904,-0.33234,-5.8352
0.50205,5.8068,-5.7472
0.50205,5.8068,5.821
-0.13789,-5.8046,6.0232
5.869,0.25456,6.0592
6.0147,5.9524,0.166
-6.0617,-6.124,0.166
-5.3189,5.333,-5.607
5.518,-5.5038,-5.607
-5.3189,5.333,5.9612
5.518,-5.5038,5.9612
-5.8454,-6.0349,-5.587
-5.8454,-6.0349,5.9812
6.231,6.0415,-5.587
6.231,6.0415,5.9812
11.363,0.64912,0.174
-0.71319,-11.427,0.174
0.52639,11.486,0.174
-11.55,-0.59045,0.174
5.0088e-16,-5.0088e-16,-11.568
-5.0088e-16,5.0088e-16,11.568
-5.1439,11.017,0.329
-11.072,5.18,0.131
11.13,-5.2443,0.169
5.2955,-11.366,0.026
5.6929,0.18031,-11.239
-0.53217,-11.306,-5.57
-11.369,-0.46883,-5.57
0.29345,5.5925,-11.399
-0.23476,-5.6569,-11.437
-0.53217,-11.306,5.9982
-5.5413,-0.52936,-11.542
11.544,0.77075,-5.57
-5.5413,-0.52936,11.594
-11.369,-0.46883,5.9982
0.70741,11.608,-5.57
-0.23476,-5.6569,11.699
0.29345,5.5925,11.737
11.544,0.77075,5.9982
0.70741,11.608,5.9982
5.6929,0.18031,11.897
6.5351,11.547,0.026
-10.975,5.0322,-5.545
-4.9678,11.091,-5.509
-11.783,-6.4839,0.169
11.842,6.4196,0.131
-10.975,5.0322,6.0232
-6.3835,-11.896,0.329
-4.9678,11.091,6.0592
5.2464,-11.169,5.733
-5.3422,5.2206,-11.396
5.2464,-11.169,-5.8352
11.339,-5.0301,-5.7472
11.339,-5.0301,5.821
5.4946,-5.6163,-11.396
-5.3422,5.2206,11.74
5.4946,-5.6163,11.74
6.0147,5.9524,-11.402
-6.0617,-6.124,-11.402
-11.574,-6.2697,-5.7472
-11.574,-6.2697,5.821
-6.2074,-11.822,-5.509
6.0147,5.9524,11.734
-6.0617,-6.124,11.734
11.939,6.2718,-5.545
6.486,11.744,5.733
6.486,11.744,-5.8352
-6.2074,-11.822,6.0592
11.939,6.2718,6.0232
-10.837,10.837,-9.3842e-16
10.837,-10.837,9.3842e-16
11.363,0.64912,-11.394
-0.71319,-11.427,-11.394
0.52639,11.486,-11.394
-11.55,-0.59045,-11.394
-10.69,10.816,5.72
-10.69,10.816,-5.8482
11.363,0.64912,11.742
-0.71319,-11.427,11.742
0.52639,11.486,11.742
10.984,-10.858,5.72
-11.55,-0.59045,11.742
10.984,-10.858,-5.8482
-5.1439,11.017,-11.239
-11.072,5.18,-11.437
11.13,-5.2443,-11.399
-11.072,5.18,11.699
11.13,-5.2443,11.737
-5.1439,11.017,11.897
5.2955,-11.366,-11.542
5.2955,-11.366,11.594
-12.076,-12.076,7.9602e-22
12.076,12.076,-7.9602e-22
-6.3835,-11.896,-11.239
6.5351,11.547,-11.542
6.5351,11.547,11.594
-11.783,-6.4839,-11.399
11.842,6.4196,-11.437
11.842,6.4196,11.699
-11.783,-6.4839,11.737
-11.929,-12.098,5.72
-11.929,-12.098,-5.8482
-6.3835,-11.896,11.897
12.223,12.055,5.72
12.223,12.055,-5.8482
-10.837,10.837,-11.568
10.837,-10.837,-11.568
-10.837,10.837,11.568
10.837,-10.837,11.568
-12.076,-12.076,-11.568
-12.076,-12.076,11.568
12.076,12.076,-11.568
12.076,12.076,11.568
