-9.3042,-3.8248,-8.7372
-3.6915,-9.1348,-8.5382
-9.755,-9.4962,-8.8392
-9.3042,-3.8248,2.831
-3.6915,-9.1348,3.03
-8.4666,-8.4355,-3.018
-9.755,-9.4962,2.729
-8.4666,-8.4355,8.5502
-8.4984,7.6428,-8.8292
2.7722,8.2517,-8.7372
-8.9191,2.0022,-8.7122
-2.8246,8.0119,-8.6352
-3.119,2.1659,-8.6572
2.3384,-3.194,-8.8292
8.3849,2.9416,-8.5382
-3.5674,-3.4118,-8.7812
1.9177,-8.8346,-8.7122
2.3214,2.5802,-8.8392
8.0122,-2.8249,-8.6352
7.7178,-8.671,-8.6572
-8.4984,7.6428,2.739
2.7722,8.2517,2.831
-7.5509,8.7431,-2.814
-2.22,3.2312,-2.858
-7.862,2.9632,-3.013
-1.7526,8.975,-2.817
-8.9191,2.0022,2.856
-2.8246,8.0119,2.933
-3.119,2.1659,2.911
2.3384,-3.194,2.739
8.3849,2.9416,3.03
-2.8716,-8.0589,-3.042
-8.1777,-2.7712,-2.962
3.2859,-2.0937,-2.814
8.6168,-7.6056,-2.858
-2.3066,-2.4791,-3.125
2.9748,-7.8736,-3.013
3.6098,3.6409,-3.018
9.0842,-1.8618,-2.817
-3.5674,-3.4118,2.787
1.9177,-8.8346,2.856
2.3214,2.5802,2.729
8.0122,-2.8249,2.933
7.7178,-8.671,2.911
-7.5509,8.7431,8.7542
-2.22,3.2312,8.7102
-7.862,2.9632,8.5552
-1.7526,8.975,8.7512
-2.8716,-8.0589,8.5262
-8.1777,-2.7712,8.6062
3.2859,-2.0937,8.7542
8.6168,-7.6056,8.7102
-2.3066,-2.4791,8.4432
2.9748,-7.8736,8.5552
3.6098,3.6409,8.5502
9.0842,-1.8618,8.7512
8.509,8.6646,-8.7812
9.2048,4.0175,-3.042
3.8987,9.3053,-2.962
9.7698,9.5973,-3.125
8.509,8.6646,2.787
9.2048,4.0175,8.5262
3.8987,9.3053,8.6062
9.7698,9.5973,8.4432
-8.4044,-8.8923,-8.6232
-8.9722,-4.0295,-3.092
-3.6675,-9.3215,-3.011
-8.4044,-8.8923,2.945
-9.7557,-9.1872,-2.973
-8.9722,-4.0295,8.4762
-3.6675,-9.3215,8.5572
-9.7557,-9.1872,8.5952
-8.4383,-2.6123,-8.6882
-7.8705,8.9835,-8.6292
-2.471,3.5119,-8.6892
-7.5106,2.4944,-8.7202
-1.6013,8.8548,-8.7712
-3.0066,-7.8248,-8.7532
2.9663,-1.8533,-8.6292
8.3658,-7.3249,-8.6892
-2.2359,-2.7945,-8.5082
3.3262,-8.3424,-8.7202
3.672,3.1841,-8.6232
9.2355,-1.982,-8.7712
-8.212,7.4215,-3.032
-8.4383,-2.6123,2.88
-7.8705,8.9835,2.939
-2.471,3.5119,2.879
-7.5106,2.4944,2.848
-1.6013,8.8548,2.797
-9.1914,2.2844,-2.96
-3.1011,8.3323,-2.84
-2.8539,1.8809,-2.809
2.6248,-3.4153,-3.032
3.1042,8.0469,-3.092
8.4089,2.7549,-3.011
-3.0066,-7.8248,2.815
2.9663,-1.8533,2.939
8.3658,-7.3249,2.879
-2.2359,-2.7945,3.06
3.3262,-8.3424,2.848
3.672,3.1841,2.945
9.2355,-1.982,2.797
-3.6268,-3.1544,-2.936
1.6454,-8.5525,-2.96
2.3207,2.8892,-2.973
7.7357,-2.5046,-2.84
7.9829,-8.9559,-2.809
-8.212,7.4215,8.5362
-9.1914,2.2844,8.6082
-3.1011,8.3323,8.7282
-2.8539,1.8809,8.7592
2.6248,-3.4153,8.5362
3.1042,8.0469,8.4762
8.4089,2.7549,8.5572
-3.6268,-3.1544,8.6322
1.6454,-8.5525,8.6082
2.3207,2.8892,8.5952
7.7357,-2.5046,8.7282
7.9829,-8.9559,8.7592
3.6381,9.4641,-8.6882
9.0698,4.2516,-8.7532
9.8405,9.2819,-8.5082
3.6381,9.4641,2.88
9.0698,4.2516,2.815
9.8405,9.2819,3.06
8.4496,8.922,-2.936
8.4496,8.922,8.6322
-11.102,-3.4189,-6.1552
-11.036,-3.3432,-11.308
-11.256,-6.7208,-8.7402
-5.8037,-12.11,-8.7622
-12.538,-11.568,-8.7932
-5.6721,-8.765,-5.9932
-9.2862,-11.19,-6.0212
-5.6021,-9.0005,-11.22
-12.45,-9.0634,-11.861
-8.7502,-6.7279,-11.96
-3.4454,-12.001,-11.994
-9.2508,-11.45,-11.314
-12.21,-5.8435,-2.982
-11.102,-3.4189,5.413
-11.036,-3.3432,0.26
-6.7102,-11.304,-3.027
-11.256,-6.7208,2.828
-5.8037,-12.11,2.806
-12.538,-11.568,2.775
-11.597,-12.467,-2.928
-5.6375,-6.305,-2.864
-12.509,-9.1546,-5.5
-5.6721,-8.765,5.575
-9.2862,-11.19,5.547
-8.7516,-6.561,-5.534
-3.4723,-12.023,-5.471
-5.6021,-9.0005,0.348
-12.45,-9.0634,-0.293
-8.7502,-6.7279,-0.392
-3.4454,-12.001,-0.426
-9.2508,-11.45,0.254
-12.21,-5.8435,8.5862
-11.036,-3.3432,11.828
-6.7102,-11.304,8.5412
-11.597,-12.467,8.6402
-5.6375,-6.305,8.7042
-12.509,-9.1546,6.0682
-8.7516,-6.561,6.0342
-3.4723,-12.023,6.0972
-5.6021,-9.0005,11.916
-12.45,-9.0634,11.275
-8.7502,-6.7279,11.176
-3.4454,-12.001,11.142
-9.2508,-11.45,11.822
-10.692,4.7296,-8.7332
-4.5641,10.804,-8.7622
-11.815,-0.013008,-8.8822
-11.299,11.345,-8.7932
-5.5894,6.1777,-8.4582
-10.421,8.1131,-6.1532
-5.0308,2.7299,-6.0642
0.9747,8.6575,-6.1552
-8.6434,0.12983,-6.1522
-8.0466,11.724,-6.0212
-2.4618,6.2619,-6.0322
-10.304,8.0636,-11.362
-4.9339,2.3742,-11.352
1.0405,8.7332,-11.308
-11.79,2.394,-11.985
-5.6657,8.1675,-11.776
-8.1187,4.7755,-11.853
-2.2059,10.912,-11.994
-8.5811,0.097301,-11.268
-8.0112,11.463,-11.314
-2.4618,6.2124,-11.287
-5.3351,-0.71488,-8.8872
0.14496,-6.1073,-8.7332
0.82024,5.3556,-8.7402
6.2727,-0.033234,-8.7622
-6.4693,-5.3733,-8.6862
-0.97864,-10.85,-8.8822
-0.46174,0.50841,-8.7932
5.2474,-4.6591,-8.4582
0.41578,-2.7238,-6.1532
5.8061,-8.107,-6.0642
6.4043,3.3114,-5.9932
11.812,-2.1793,-6.1552
-3.1162,-5.2559,-6.0682
2.1934,-10.707,-6.1522
2.7902,0.88671,-6.0212
8.375,-4.575,-6.0322
0.53316,-2.7733,-11.362
5.9029,-8.4627,-11.352
6.4743,3.0759,-11.22
11.877,-2.1036,-11.308
-6.4007,-3.2654,-11.898
-0.95318,-8.4429,-11.985
-0.37406,3.013,-11.861
5.1711,-2.6693,-11.776
-2.7118,-0.89449,-11.879
2.7181,-6.0613,-11.853
3.3262,5.3486,-11.96
8.6309,0.074953,-11.994
-3.0441,-5.2913,-11.396
2.2557,-10.74,-11.268
2.8256,0.6265,-11.314
8.375,-4.6245,-11.287
5.5017,-11.552,-8.8872
11.657,-5.4812,-8.7402
10.375,-10.328,-8.7932
10.463,-7.8239,-11.861
8.1251,-11.731,-11.879
-11.502,5.5951,-2.963
-6.3502,0.18003,-3.069
-5.4706,11.61,-3.027
-0.13334,6.2329,-2.982
-10.692,4.7296,2.835
-4.5641,10.804,2.806
-11.815,-0.013008,2.686
-11.299,11.345,2.775
-5.5894,6.1777,3.11
-10.357,10.447,-2.928
-4.9883,4.8795,-2.656
-10.901,-0.98952,-3.1
-11.867,2.5008,-5.629
-5.7732,8.497,-5.421
-10.421,8.1131,5.415
-5.0308,2.7299,5.504
0.9747,8.6575,5.413
-8.6434,0.12983,5.416
-8.0466,11.724,5.547
-2.4618,6.2619,5.536
-8.101,4.8894,-5.635
-2.2327,10.891,-5.471
-10.304,8.0636,0.206
-4.9339,2.3742,0.216
1.0405,8.7332,0.26
-11.79,2.394,-0.417
-5.6657,8.1675,-0.208
-8.1187,4.7755,-0.285
-2.2059,10.912,-0.426
-8.5811,0.097301,0.3
-8.0112,11.463,0.254
-2.4618,6.2124,0.281
-0.66539,-5.2418,-2.963
4.4866,-10.657,-3.069
5.3662,0.77287,-3.027
10.703,-4.604,-2.982
-5.3351,-0.71488,2.681
0.14496,-6.1073,2.835
0.82024,5.3556,2.828
6.2727,-0.033234,2.806
-6.4693,-5.3733,2.882
-0.97864,-10.85,2.686
-0.46174,0.50841,2.775
5.2474,-4.6591,3.11
0.47942,-0.39032,-2.928
5.8485,-5.9574,-2.656
6.4389,5.7714,-2.864
-0.064347,-11.826,-3.1
-6.1752,-3.0469,-5.567
-1.0303,-8.3361,-5.629
-0.43275,2.9218,-5.5
5.0636,-2.3398,-5.421
0.41578,-2.7238,5.415
5.8061,-8.107,5.504
6.4043,3.3114,5.575
11.812,-2.1793,5.413
-3.1162,-5.2559,5.5
2.1934,-10.707,5.416
2.7902,0.88671,5.547
8.375,-4.575,5.536
-2.7888,-0.47518,-5.567
2.7358,-5.9475,-5.635
3.3248,5.5154,-5.534
8.6041,0.05374,-5.471
0.53316,-2.7733,0.206
5.9029,-8.4627,0.216
6.4743,3.0759,0.348
11.877,-2.1036,0.26
-6.4007,-3.2654,-0.33
-0.95318,-8.4429,-0.417
-0.37406,3.013,-0.293
5.1711,-2.6693,-0.208
-2.7118,-0.89449,-0.311
2.7181,-6.0613,-0.285
3.3262,5.3486,-0.392
8.6309,0.074953,-0.426
-3.0441,-5.2913,0.172
2.2557,-10.74,0.3
2.8256,0.6265,0.254
8.375,-4.6245,0.281
5.5017,-11.552,2.681
11.657,-5.4812,2.828
10.375,-10.328,2.775
11.316,-11.227,-2.928
10.404,-7.9151,-5.5
8.048,-11.312,-5.567
10.463,-7.8239,-0.293
8.1251,-11.731,-0.311
-11.502,5.5951,8.6052
-6.3502,0.18003,8.4992
-5.4706,11.61,8.5412
-0.13334,6.2329,8.5862
-10.357,10.447,8.6402
-4.9883,4.8795,8.9122
-10.901,-0.98952,8.4682
-11.867,2.5008,5.9392
-5.7732,8.497,6.1472
-8.101,4.8894,5.9332
-2.2327,10.891,6.0972
-10.304,8.0636,11.774
-4.9339,2.3742,11.784
1.0405,8.7332,11.828
-11.79,2.394,11.151
-5.6657,8.1675,11.36
-8.1187,4.7755,11.283
-2.2059,10.912,11.142
-8.5811,0.097301,11.868
-8.0112,11.463,11.822
-2.4618,6.2124,11.849
-0.66539,-5.2418,8.6052
4.4866,-10.657,8.4992
5.3662,0.77287,8.5412
10.703,-4.604,8.5862
0.47942,-0.39032,8.6402
5.8485,-5.9574,8.9122
6.4389,5.7714,8.7042
-0.064347,-11.826,8.4682
-6.1752,-3.0469,6.0012
-1.0303,-8.3361,5.9392
-0.43275,2.9218,6.0682
5.0636,-2.3398,6.1472
-2.7888,-0.47518,6.0012
2.7358,-5.9475,5.9332
3.3248,5.5154,6.0342
8.6041,0.05374,6.0972
0.53316,-2.7733,11.774
5.9029,-8.4627,11.784
6.4743,3.0759,11.916
11.877,-2.1036,11.828
-6.4007,-3.2654,11.238
-0.95318,-8.4429,11.151
-0.37406,3.013,11.275
5.1711,-2.6693,11.36
-2.7118,-0.89449,11.257
2.7181,-6.0613,11.283
3.3262,5.3486,11.176
8.6309,0.074953,11.142
-3.0441,-5.2913,11.74
2.2557,-10.74,11.868
2.8256,0.6265,11.822
8.375,-4.6245,11.849
11.316,-11.227,8.6402
10.404,-7.9151,6.0682
8.048,-11.312,6.0012
10.463,-7.8239,11.275
8.1251,-11.731,11.257
0.26094,12.063,-8.8822
3.433,12.206,-6.1522
3.4953,12.174,-11.268
6.7413,11.362,-8.8872
12.221,5.9691,-8.7332
5.6071,6.7031,-8.6862
11.098,1.2266,-8.8822
11.615,12.585,-8.7932
12.492,9.3526,-6.1532
8.9602,6.8205,-6.0682
12.61,9.3031,-11.362
5.6757,8.811,-11.898
11.123,3.6336,-11.985
9.3646,11.182,-11.879
9.0323,6.7851,-11.396
5.7262,12.256,-3.069
0.26094,12.063,2.686
1.1752,11.087,-3.1
3.433,12.206,5.416
3.4953,12.174,0.3
11.411,6.8346,-2.963
6.7413,11.362,2.681
12.221,5.9691,2.835
5.6071,6.7031,2.882
11.098,1.2266,2.686
11.615,12.585,2.775
12.556,11.686,-2.928
12.012,0.25005,-3.1
5.9012,9.0295,-5.567
11.046,3.7403,-5.629
12.492,9.3526,5.415
8.9602,6.8205,5.5
9.2876,11.601,-5.567
12.61,9.3031,0.206
5.6757,8.811,-0.33
11.123,3.6336,-0.417
9.3646,11.182,-0.311
9.0323,6.7851,0.172
5.7262,12.256,8.4992
1.1752,11.087,8.4682
3.4953,12.174,11.868
11.411,6.8346,8.6052
12.556,11.686,8.6402
12.012,0.25005,8.4682
5.9012,9.0295,6.0012
11.046,3.7403,5.9392
9.2876,11.601,6.0012
12.61,9.3031,11.774
5.6757,8.811,11.238
11.123,3.6336,11.151
9.3646,11.182,11.257
9.0323,6.7851,11.74
0,0,0
-5.5359,-0.3486,-0.023
0.10112,0.089803,-5.768
-0.20011,-5.7848,-0.151
0.10112,0.089803,5.8002
0.30789,5.8114,-0.043
5.8138,0.34365,0.014
-5.378,5.4246,0.011
5.4589,-5.4122,0.011
-0.21213,-5.5692,5.652
5.6809,0.42568,5.7542
-0.21213,-5.5692,-5.9162
5.6809,0.42568,-5.814
-5.7442,-0.1912,-5.776
-5.7442,-0.1912,5.7922
0.43134,5.7587,5.7812
0.43134,5.7587,-5.787
-6.0419,-6.0151,-0.05
6.0344,6.0613,-0.05
5.572,-5.1972,5.7642
5.572,-5.1972,-5.804
-5.2648,5.6396,5.7642
-5.2648,5.6396,-5.804
-5.9241,-5.8732,5.663
-5.9241,-5.8732,-5.9052
6.1523,6.2032,5.663
6.1523,6.2032,-5.9052
-11.304,-0.46838,-0.001
-0.46669,-11.305,-0.001
-5.0088e-16,5.0088e-16,11.568
5.0088e-16,-5.0088e-16,-11.568
0.77289,11.608,-0.001
11.61,0.77119,-0.001
-11.037,5.052,-0.151
11.145,-5.0254,-0.043
-5.023,11.18,0.014
5.3009,-11.185,-0.023
-0.62127,-11.348,5.7752
-0.62127,-11.348,-5.793
-0.20011,-5.7848,11.417
-5.5359,-0.3486,11.545
-11.458,-0.51126,5.7752
11.455,0.72832,5.7752
-11.458,-0.51126,-5.793
-5.5359,-0.3486,-11.591
11.455,0.72832,-5.793
0.30789,5.8114,11.525
5.8138,0.34365,-11.554
0.61831,11.565,5.7752
0.61831,11.565,-5.793
5.8138,0.34365,11.582
0.30789,5.8114,-11.611
-0.20011,-5.7848,-11.719
-6.2626,-11.733,0.014
-11.769,-6.265,-0.043
6.5405,11.728,-0.023
11.876,6.2916,-0.151
5.0926,-11.028,-5.776
5.0926,-11.028,5.7922
-11.049,5.2677,5.652
-11.049,5.2677,-5.9162
11.268,-5.0782,5.7812
11.268,-5.0782,-5.787
-5.1559,11.263,5.7542
-5.1559,11.263,-5.814
-5.378,5.4246,-11.557
-5.378,5.4246,11.579
5.4589,-5.4122,-11.557
5.4589,-5.4122,11.579
-6.0419,-6.0151,11.518
6.0344,6.0613,11.518
-6.0419,-6.0151,-11.618
6.0344,6.0613,-11.618
-11.645,-6.3177,5.7812
-11.645,-6.3177,-5.787
-6.3955,-11.651,5.7542
-6.3955,-11.651,-5.814
6.3322,11.885,-5.776
6.3322,11.885,5.7922
11.864,6.5072,5.652
11.864,6.5072,-5.9162
10.837,-10.837,9.3842e-16
-10.837,10.837,-9.3842e-16
-11.304,-0.46838,11.567
-0.46669,-11.305,11.567
-11.304,-0.46838,-11.569
-0.46669,-11.305,-11.569
-10.736,10.927,-5.768
-10.736,10.927,5.8002
10.938,-10.747,-5.768
10.938,-10.747,5.8002
0.77289,11.608,11.567
11.61,0.77119,11.567
0.77289,11.608,-11.569
11.61,0.77119,-11.569
-11.037,5.052,11.417
11.145,-5.0254,11.525
-5.023,11.18,-11.554
11.145,-5.0254,-11.611
-5.023,11.18,11.582
-11.037,5.052,-11.719
5.3009,-11.185,11.545
5.3009,-11.185,-11.591
-12.076,-12.076,7.9602e-22
12.076,12.076,-7.9602e-22
-6.2626,-11.733,-11.554
-11.769,-6.265,11.525
11.876,6.2916,11.417
-6.2626,-11.733,11.582
-11.769,-6.265,-11.611
6.5405,11.728,11.545
6.5405,11.728,-11.591
11.876,6.2916,-11.719
-11.975,-11.987,-5.768
-11.975,-11.987,5.8002
12.178,12.166,-5.768
12.178,12.166,5.8002
-10.837,10.837,-11.568
10.837,-10.837,-11.568
-10.837,10.837,11.568
10.837,-10.837,11.568
-12.076,-12.076,-11.568
-12.076,-12.076,11.568
12.076,12.076,-11.568
12.076,12.076,11.568
