-9.5862,-4.0482,-9.3548
-3.6981,-9.4299,-9.7068
-9.9383,-9.8337,-9.1228
-9.5862,-4.0482,2.748
-3.6981,-9.43,2.396
-9.0502,-9.0219,-3.365
-9.9383,-9.8337,2.98
-9.0502,-9.022,8.7378
-8.9715,7.8784,-9.2078
-9.3689,2.0546,-9.2048
-3.1916,8.2998,-9.0308
-3.2477,2.2748,-9.5018
2.4381,-3.5313,-9.2078
2.9112,8.4492,-9.3548
8.7992,3.0674,-9.7068
-3.6154,-3.5235,-9.0788
2.0407,-9.355,-9.2048
2.559,2.6637,-9.1228
8.218,-3.1099,-9.0308
8.1619,-9.1349,-9.5018
-8.9715,7.8784,2.895
-8.246,9.0168,-3.453
-8.3443,2.819,-3.174
-2.1713,9.0868,-3.096
-9.3689,2.0546,2.898
-3.1916,8.2998,3.072
-3.2477,2.2748,2.601
2.4381,-3.5313,2.895
2.9112,8.4492,2.748
8.7992,3.0674,2.396
-3.1693,-8.5913,-3.278
-8.7837,-3.2202,-3.314
3.1636,-2.3928,-3.453
-2.4176,3.1855,-3.394
-2.6326,-2.9578,-3.071
3.0653,-8.5906,-3.174
3.4471,3.4754,-3.365
9.2384,-2.3228,-3.096
-3.6154,-3.5235,3.024
2.0407,-9.355,2.898
2.559,2.6637,2.98
8.218,-3.1099,3.072
8.1619,-9.1349,2.601
8.992,-8.2242,-3.394
-8.246,9.0168,8.6498
-8.3443,2.819,8.9288
-2.1713,9.0868,9.0068
-3.1693,-8.5913,8.8248
-8.7837,-3.2202,8.7888
3.1636,-2.3929,8.6498
-2.4176,3.1855,8.7088
-2.6326,-2.9578,9.0318
3.0653,-8.5906,8.9288
3.4471,3.4754,8.7378
9.2384,-2.3228,9.0068
8.992,-8.2242,8.7088
8.8819,8.9739,-9.0788
9.3281,3.906,-3.278
3.7137,9.2772,-3.314
9.8648,9.5396,-3.071
8.8819,8.9739,3.024
9.3281,3.906,8.8248
3.7137,9.2772,8.7888
9.8648,9.5396,9.0318
-8.522,-9.4215,-9.3368
-9.6229,-4.4498,-3.237
-3.534,-10.044,-3.267
-8.522,-9.4215,2.766
-10.347,-9.7093,-3.108
-9.6229,-4.4498,8.8658
-3.534,-10.044,8.8358
-10.347,-9.7093,8.9948
-9.033,-2.6653,-9.4168
-8.2679,9.1971,-9.2028
-2.6726,3.5778,-9.0588
-8.0636,2.749,-9.4298
-1.8149,8.862,-9.0878
-3.3071,-8.1084,-9.1398
3.1417,-2.2125,-9.2028
8.737,-7.8319,-9.0588
-2.3335,-2.7648,-9.2338
3.346,-8.6606,-9.4298
3.9754,3.0759,-9.3368
9.5947,-2.5477,-9.0878
-8.8619,7.7476,-2.96
-9.033,-2.6653,2.686
-8.2679,9.1971,2.9
-2.6726,3.5778,3.044
-8.0636,2.749,2.673
-1.8149,8.862,3.015
-9.8052,2.4725,-3.295
-3.495,8.3939,-3.153
-2.955,1.8109,-3.139
2.5477,-3.6621,-2.96
2.8744,8.0476,-3.237
8.9633,2.4537,-3.267
-3.3071,-8.1084,2.963
3.1417,-2.2125,2.9
8.737,-7.8319,3.044
-2.3335,-2.7648,2.869
3.346,-8.6606,2.673
3.9754,3.0759,2.766
9.5947,-2.5477,3.015
-3.9909,-3.5228,-3.34
1.6044,-8.9371,-3.295
2.1503,2.7881,-3.108
7.9146,-3.0158,-3.153
8.4546,-9.5988,-3.139
-8.8619,7.7476,9.1428
-9.8052,2.4725,8.8078
-3.495,8.3939,8.9498
-2.955,1.8109,8.9638
2.5477,-3.6621,9.1428
2.8744,8.0476,8.8658
8.9633,2.4537,8.8358
-3.9909,-3.5228,8.7628
1.6044,-8.9371,8.8078
2.1503,2.7881,8.9948
7.9146,-3.0158,8.9498
8.4546,-9.5988,8.9638
3.4643,9.8321,-9.4168
9.1902,4.389,-9.1398
10.164,9.7326,-9.2338
3.4643,9.8321,2.686
9.1902,4.389,2.963
10.164,9.7326,2.869
8.5064,8.9746,-3.34
8.5064,8.9746,8.7628
-11.53,-3.7005,-6.4698
-11.504,-3.6595,-12.052
-11.784,-6.9798,-9.2128
-5.8873,-12.697,-9.3088
-12.871,-11.972,-9.3068
-5.5521,-9.6789,-6.8258
-9.6562,-11.721,-6.4788
-5.7204,-9.4413,-12.067
-13.096,-9.5162,-12.466
-9.2743,-7.1531,-12.52
-3.5326,-12.715,-12.472
-9.6081,-11.855,-11.668
-13.092,-6.338,-3.074
-11.671,-1.198,-3.172
-11.53,-3.7005,5.633
-11.504,-3.6595,0.050999
-7.4033,-11.841,-3.21
-11.784,-6.9798,2.89
-5.8873,-12.697,2.794
-12.871,-11.972,2.796
-12.067,-13.004,-3.297
-6.0832,-6.6885,-3.25
-0.26156,-12.608,-3.172
-12.895,-9.8047,-5.881
-5.5521,-9.6789,5.277
-9.6562,-11.721,5.624
-9.0021,-7.1778,-6.087
-3.6231,-13.306,-5.847
-5.7204,-9.4413,0.036
-13.096,-9.5162,-0.363
-9.2743,-7.1531,-0.417
-3.5326,-12.715,-0.369
-9.6081,-11.855,0.435
-13.092,-6.338,9.0288
-11.671,-1.198,8.9308
-11.504,-3.6595,12.154
-7.4033,-11.841,8.8928
-12.067,-13.004,8.8058
-6.0832,-6.6885,8.8528
-0.26156,-12.608,8.9308
-12.895,-9.8047,6.2218
-9.0021,-7.1778,6.0158
-3.6231,-13.306,6.2558
-5.7204,-9.4413,12.139
-13.096,-9.5162,11.74
-9.2743,-7.1531,11.686
-3.5326,-12.715,11.734
-9.6081,-11.855,12.538
-10.856,5.0917,-9.2518
-4.7996,11.21,-9.3088
-12.448,0.034442,-9.2198
-11.784,11.935,-9.3068
-6.0094,6.3008,-9.2868
-10.933,8.041,-6.4468
-5.1567,2.3467,-6.5028
0.96687,8.7969,-6.4698
-9.0005,0.18576,-6.4438
-8.5685,12.186,-6.4788
-2.6627,6.2676,-6.2448
-10.99,8.396,-11.863
-5.2875,2.4506,-12.136
0.99374,8.8379,-12.052
-12.397,2.3523,-12.511
-6.3899,8.5918,-12.664
-8.8768,4.8901,-12.589
-2.4449,11.192,-12.472
-8.8711,0.05919,-11.925
-8.5204,12.052,-11.668
-2.9859,6.3333,-11.671
-5.2764,-0.58831,-9.1738
0.55366,-6.318,-9.2518
0.71347,5.5176,-9.2128
6.61,-0.1994,-9.3088
-6.5018,-5.3549,-9.2518
-1.0387,-11.375,-9.2198
-0.37406,0.52538,-9.3068
5.4002,-5.1088,-9.2868
0.47659,-3.3687,-6.4468
6.2529,-9.063,-6.5028
6.9452,2.8185,-6.8258
12.376,-2.6128,-6.4698
-3.2322,-5.6095,-6.3728
2.4091,-11.224,-6.4438
2.8412,0.7764,-6.4788
8.7469,-5.1421,-6.2448
0.42002,-3.0137,-11.863
6.1221,-8.959,-12.136
6.7769,3.0561,-12.067
12.403,-2.5717,-12.052
-7.0916,-3.3439,-12.572
-0.98783,-9.0573,-12.511
-0.59821,2.9812,-12.466
5.0198,-2.8178,-12.664
-3.0342,-0.80539,-12.527
2.5329,-6.5195,-12.589
3.223,5.3443,-12.52
8.9647,-0.21779,-12.472
-3.4281,-5.4504,-11.992
2.5385,-11.35,-11.925
2.8892,0.64205,-11.668
8.4238,-5.0763,-11.671
6.1332,-11.998,-9.1738
12.123,-5.8921,-9.2128
11.036,-10.884,-9.3068
10.811,-8.4285,-12.466
8.3754,-12.215,-12.527
-12.433,5.7309,-3.112
-6.8665,-0.23002,-3.219
-6.3156,12.066,-3.21
-0.59442,6.1594,-3.074
-10.856,5.0917,2.851
-4.7996,11.21,2.794
-12.448,0.034441,2.883
-11.784,11.935,2.796
-6.0094,6.3008,2.816
-10.98,10.903,-3.297
-5.1616,5.0104,-3.134
0.82616,11.299,-3.172
-12.675,2.3736,-5.911
-6.0406,8.6159,-6.099
-10.933,8.041,5.656
-5.1567,2.3467,5.6
0.96687,8.7969,5.633
-9.0005,0.18576,5.659
-8.5685,12.186,5.624
-2.6627,6.2676,5.858
-8.5798,4.9269,-5.938
-2.5354,10.601,-5.847
-10.99,8.396,0.24
-5.2875,2.4506,-0.033001
0.99374,8.8379,0.050999
-12.397,2.3523,-0.408
-6.3899,8.5918,-0.561
-8.8768,4.8901,-0.486
-2.4449,11.192,-0.369
-8.8711,0.05919,0.178
-8.5204,12.052,0.435
-2.9859,6.3333,0.432
-1.0232,-5.6788,-3.112
4.5432,-11.64,-3.219
5.094,0.6562,-3.21
10.815,-5.2503,-3.074
-5.2764,-0.58831,2.929
0.55366,-6.318,2.851
0.71347,5.5176,2.89
6.61,-0.1994,2.794
-6.5018,-5.3549,2.851
-1.0387,-11.375,2.883
-0.37406,0.52538,2.796
5.4002,-5.1088,2.816
0.42992,-0.50629,-3.297
6.248,-6.3993,-3.134
6.4142,5.8089,-3.25
12.236,-0.11031,-3.172
-6.8816,-3.643,-5.903
-1.265,-9.0361,-5.911
-0.39739,2.6927,-5.881
5.3691,-2.7938,-6.099
0.47659,-3.3687,5.656
6.2529,-9.063,5.6
6.9452,2.8185,5.277
12.376,-2.6128,5.633
-3.2322,-5.6095,5.73
2.4091,-11.224,5.659
2.8412,0.7764,5.624
8.7469,-5.1421,5.858
-3.001,-0.92631,-5.793
2.8298,-6.4828,-5.938
3.4952,5.3196,-6.087
8.8742,-0.80893,-5.847
0.42002,-3.0137,0.24
6.1221,-8.959,-0.033
6.7769,3.0561,0.036
12.403,-2.5717,0.051
-7.0916,-3.3439,-0.469
-0.98783,-9.0573,-0.408
-0.59821,2.9812,-0.363
5.0198,-2.8178,-0.561
-3.0342,-0.80539,-0.424
2.5329,-6.5195,-0.486
3.223,5.3443,-0.417
8.9647,-0.21779,-0.369
-3.4281,-5.4504,0.111
2.5385,-11.35,0.178
2.8892,0.64205,0.435
8.4238,-5.0763,0.432
6.1332,-11.998,2.929
12.123,-5.8921,2.89
11.036,-10.884,2.796
11.84,-11.916,-3.297
11.012,-8.717,-5.881
8.4087,-12.336,-5.793
10.811,-8.4285,-0.363
8.3754,-12.215,-0.424
-12.433,5.7309,8.9908
-6.8665,-0.23002,8.8838
-6.3156,12.066,8.8928
-0.59442,6.1594,9.0288
-10.98,10.903,8.8058
-5.1616,5.0104,8.9688
0.82616,11.299,8.9308
-12.675,2.3735,6.1918
-6.0406,8.6159,6.0038
-8.5798,4.9269,6.1648
-2.5354,10.601,6.2558
-10.99,8.396,12.343
-5.2875,2.4506,12.07
0.99374,8.8379,12.154
-12.397,2.3523,11.695
-6.3899,8.5918,11.542
-8.8768,4.8901,11.617
-2.4449,11.192,11.734
-8.8711,0.059189,12.281
-8.5204,12.052,12.538
-2.9859,6.3333,12.535
-1.0232,-5.6788,8.9908
4.5432,-11.64,8.8838
5.094,0.65619,8.8928
10.815,-5.2503,9.0288
0.42992,-0.50629,8.8058
6.248,-6.3993,8.9688
6.4142,5.8089,8.8528
12.236,-0.11031,8.9308
-6.8816,-3.643,6.1998
-1.265,-9.0361,6.1918
-0.39739,2.6927,6.2218
5.3691,-2.7938,6.0038
-3.001,-0.92631,6.3098
2.8298,-6.4828,6.1648
3.4952,5.3196,6.0158
8.8742,-0.80893,6.2558
0.42002,-3.0137,12.343
6.1221,-8.959,12.07
6.7769,3.0561,12.139
12.403,-2.5717,12.154
-7.0916,-3.3439,11.634
-0.98783,-9.0573,11.695
-0.59821,2.9812,11.74
5.0198,-2.8178,11.542
-3.0342,-0.8054,11.679
2.5329,-6.5195,11.617
3.223,5.3443,11.686
8.9647,-0.21779,11.734
-3.4281,-5.4504,12.214
2.5385,-11.35,12.281
2.8892,0.64205,12.538
8.4238,-5.0763,12.535
11.84,-11.916,8.8058
11.012,-8.717,6.2218
8.4087,-12.336,6.3098
10.811,-8.4285,11.74
8.3754,-12.215,11.679
0.048974,12.532,-9.2198
3.4968,12.683,-6.4438
3.6262,12.557,-11.925
7.2209,11.909,-9.1738
13.051,6.1794,-9.2518
5.9955,7.1425,-9.2518
11.459,1.1222,-9.2198
12.123,13.023,-9.3068
12.974,9.1287,-6.4468
9.2651,6.8879,-6.3728
12.917,9.4837,-11.863
5.4058,9.1535,-12.572
11.51,3.44,-12.511
9.4631,11.692,-12.527
9.0693,7.047,-11.992
5.6309,12.267,-3.219
0.048975,12.532,2.883
3.4968,12.683,5.659
3.6262,12.557,0.178
11.474,6.8186,-3.112
7.2209,11.909,2.929
13.051,6.1794,2.851
5.9955,7.1425,2.851
11.459,1.1222,2.883
12.123,13.023,2.796
12.927,11.991,-3.297
5.6158,8.8544,-5.903
11.232,3.4613,-5.911
12.974,9.1287,5.656
9.2651,6.8879,5.73
9.4964,11.571,-5.793
12.917,9.4837,0.24
5.4058,9.1535,-0.469
11.51,3.44,-0.408
9.4631,11.692,-0.424
9.0693,7.047,0.111
5.6309,12.267,8.8838
3.6262,12.557,12.281
11.474,6.8186,8.9908
12.927,11.991,8.8058
5.6158,8.8544,6.1998
11.232,3.4613,6.1918
9.4964,11.571,6.3098
12.917,9.4837,12.343
5.4058,9.1535,11.634
11.51,3.44,11.695
9.4631,11.692,11.679
9.0693,7.047,12.214
0,0,0
0.12895,5.8985,-0.248
-5.9708,-0.47659,0.099
0.054448,-0.25102,5.9928
-0.31466,-6.0097,0.115
6.0641,0.15132,-0.076
0.054447,-0.25102,-6.11
5.5628,-5.7226,-0.038
-5.8468,5.6871,-0.038001
0.29628,5.8683,5.865
-0.3677,-6.1023,-5.814
5.9256,0.14283,6.0168
5.9256,0.14284,-6.086
-6.0359,-0.47093,-6.002
0.29628,5.8683,-6.2378
-6.0359,-0.47093,6.1008
-0.36769,-6.1023,6.2888
-6.2996,-6.1681,0.087
6.1977,6.3293,0.087
-5.641,5.412,-5.96
-5.641,5.412,6.1428
5.7686,-5.9977,-5.96
5.7686,-5.9977,6.1428
6.2586,5.8881,5.9758
6.2586,5.8881,-6.127
-6.2387,-6.6093,5.9758
-6.2387,-6.6093,-6.127
-0.51053,-11.906,-0.024
-11.92,-0.4966,-0.024001
11.987,0.59112,-0.024
0.57718,12.001,-0.024001
-7.0711e-07,7.0711e-07,-12.103
7.0711e-07,-7.0711e-07,12.103
-5.3455,11.561,-0.076001
11.539,-5.5112,-0.248
-11.724,5.4,0.115
5.4388,-11.886,0.099001
0.54544,11.7,5.9888
0.54543,11.7,-6.114
0.12895,5.8985,11.855
11.955,0.29062,5.9888
-11.952,-0.79709,5.9888
-0.31466,-6.0097,-11.988
-5.9708,-0.47659,-12.004
11.955,0.29062,-6.114
-11.952,-0.79709,-6.114
6.0641,0.15132,12.027
-5.9708,-0.47659,12.202
6.0641,0.15132,-12.179
-0.54228,-12.207,5.9888
-0.31466,-6.0097,12.218
-0.54228,-12.207,-6.114
6.5265,12.021,0.099
0.12895,5.8985,-12.351
12.183,6.4877,0.115
-6.4332,-12.346,-0.076
-12.368,-6.5989,-0.248
-5.4841,11.553,6.0168
-5.4841,11.553,-6.086
-11.777,5.3073,-5.814
11.706,-5.5414,5.865
5.3738,-11.881,-6.002
-11.777,5.3073,6.2888
11.706,-5.5414,-6.2378
5.3738,-11.881,6.1008
5.5628,-5.7226,12.065
5.5628,-5.7226,-12.141
-5.8468,5.6871,12.065
-5.8468,5.6871,-12.141
12.13,6.395,-5.814
-6.2996,-6.1681,-12.016
6.4615,12.026,-6.002
6.1977,6.3293,-12.016
6.4615,12.026,6.1008
-6.2996,-6.1681,12.19
6.1977,6.3293,12.19
-12.201,-6.6291,5.865
12.13,6.395,6.2888
-12.201,-6.6291,-6.2378
-6.5718,-12.355,6.0168
-6.5718,-12.355,-6.086
-11.41,11.41,-1e-06
11.41,-11.41,1e-06
-0.51053,-11.906,12.079
-11.92,-0.4966,12.079
-0.51053,-11.906,-12.127
-11.355,11.159,5.9928
-11.92,-0.4966,-12.127
11.987,0.59112,12.079
0.57718,12.001,12.079
-11.355,11.159,-6.11
11.987,0.59112,-12.127
0.57718,12.001,-12.127
11.464,-11.661,5.9928
11.539,-5.5112,11.855
11.464,-11.661,-6.11
-5.3455,11.561,12.027
-11.724,5.4,-11.988
-5.3455,11.561,-12.179
-12.497,-12.497,1.9594e-21
12.497,12.497,-1.9594e-21
5.4388,-11.886,-12.004
-11.724,5.4,12.218
11.539,-5.5112,-12.351
5.4388,-11.886,12.202
6.5265,12.021,-12.004
12.183,6.4877,-11.988
6.5265,12.021,12.202
-12.368,-6.5989,11.855
-6.4332,-12.346,12.027
12.183,6.4877,12.218
-6.4332,-12.346,-12.179
12.552,12.246,5.9928
12.552,12.246,-6.11
-12.368,-6.5989,-12.351
-12.443,-12.748,5.9928
-12.443,-12.748,-6.11
11.41,-11.41,-12.103
-11.41,11.41,12.103
-11.41,11.41,-12.103
11.41,-11.41,12.103
-12.497,-12.497,-12.103
12.497,12.497,12.103
-12.497,-12.497,12.103
12.497,12.497,-12.103
