-9.9802,-3.8015,-10.182
-10.298,-10.243,-9.9084
-3.9723,-10.027,-10.084
-9.9802,-3.8015,2.712
-9.7179,-9.6684,-3.705
-10.298,-10.243,2.986
-3.9723,-10.027,2.81
-9.7179,-9.6684,9.1894
-9.3628,8.8438,-9.8414
-3.4776,2.5696,-9.9164
3.1304,9.3091,-10.182
-9.9575,2.3547,-9.8624
-3.9478,-3.7611,-10.052
-3.3998,9.0934,-9.9314
2.8129,2.868,-9.9084
2.862,-3.381,-9.8414
8.7472,-9.6551,-9.9164
9.1382,3.0834,-10.084
2.2673,-9.8701,-9.8624
8.825,-3.1314,-9.9314
-8.9954,9.5441,-3.434
-9.3628,8.8438,3.053
-3.4776,2.5696,2.978
3.1304,9.3091,2.712
-9.3748,-2.9444,-3.675
-2.839,3.5419,-3.482
3.2294,-2.6806,-3.434
-9.0368,3.1777,-3.683
-3.0611,-2.9833,-3.641
-2.7033,9.6329,-3.457
3.3927,3.4422,-3.705
-9.9575,2.3547,3.032
-3.9478,-3.7611,2.842
-3.3998,9.0934,2.963
2.8129,2.868,2.986
2.862,-3.381,3.053
8.7472,-9.6551,2.978
9.1382,3.0834,2.81
-3.2255,-9.2676,-3.427
9.3857,-8.6829,-3.482
3.1879,-9.047,-3.683
9.5215,-2.5918,-3.457
2.2673,-9.8701,3.032
8.825,-3.1314,2.963
-8.9954,9.5441,9.4604
-9.3748,-2.9444,9.2194
-2.839,3.5419,9.4124
3.2294,-2.6806,9.4604
-9.0368,3.1777,9.2114
-3.0611,-2.9833,9.2534
-2.7033,9.6329,9.4374
3.3927,3.4422,9.1894
-3.2255,-9.2676,9.4674
9.3857,-8.6829,9.4124
3.1879,-9.047,9.2114
9.5215,-2.5918,9.4374
9.1628,9.3495,-10.052
3.7357,10.166,-3.675
10.049,10.127,-3.641
9.1628,9.3495,2.842
9.885,3.8429,-3.427
3.7357,10.166,9.2194
10.049,10.127,9.2534
9.885,3.8429,9.4674
-8.9563,-9.638,-10.188
-9.79,-4.3764,-3.767
-8.9563,-9.638,2.706
-11.161,-10.006,-3.518
-3.6732,-10.694,-3.481
-9.79,-4.3764,9.1274
-11.161,-10.006,9.3764
-3.6732,-10.694,9.4134
-8.8823,10.254,-9.6934
-9.3402,-2.4558,-10.306
-3.2937,-8.7017,-9.9754
-2.8383,3.923,-9.9084
3.3425,-1.9707,-9.6934
-8.6267,3.0363,-9.8424
-2.5866,-3.1551,-9.9244
-1.9523,9.4717,-9.9504
4.1543,3.4726,-10.188
9.3864,-8.3017,-9.9084
3.5981,-9.1884,-9.8424
10.272,-2.7531,-9.9504
-8.8823,10.254,3.201
-9.5268,8.148,-3.483
-3.4203,2.1659,-3.441
3.3206,8.7342,-3.767
-9.3402,-2.4558,2.588
-3.2937,-8.7017,2.919
-2.8383,3.923,2.986
3.3425,-1.9707,3.201
-8.6267,3.0363,3.052
-2.5866,-3.1551,2.97
-1.9523,9.4717,2.944
4.1543,3.4726,2.706
-10.458,2.711,-3.675
-4.4208,-3.6048,-3.615
-3.9902,8.8763,-3.543
1.9495,3.1049,-3.518
2.6979,-4.0768,-3.483
8.8045,-10.059,-3.441
9.4373,2.4166,-3.481
9.3864,-8.3017,2.986
3.5981,-9.1884,3.052
10.272,-2.7531,2.944
1.7666,-9.5137,-3.675
8.2346,-3.3484,-3.543
-9.5268,8.148,9.4114
-3.4203,2.1659,9.4534
3.3206,8.7342,9.1274
-10.458,2.711,9.2194
-4.4208,-3.6048,9.2794
-3.9902,8.8763,9.3514
1.9495,3.1049,9.3764
2.6979,-4.0768,9.4114
8.8045,-10.059,9.4534
9.4373,2.4166,9.4134
1.7666,-9.5137,9.2194
8.2346,-3.3484,9.3514
3.7704,10.655,-10.306
9.8169,4.4089,-9.9754
10.524,9.9555,-9.9244
3.7704,10.655,2.588
9.8169,4.4089,2.919
10.524,9.9555,2.97
8.6897,9.5057,-3.615
8.6897,9.5057,9.2794
-12.116,-7.1694,-10.049
-13.439,-12.207,-10.044
-12.084,-3.6891,-7.2524
-5.9858,-9.8678,-7.1304
-10.139,-12.178,-6.8464
-12.135,-3.5696,-12.974
-6.0119,-9.8204,-12.934
-13.835,-9.9463,-13.539
-9.8395,-7.3349,-13.839
-10.091,-12.275,-12.926
-6.1629,-13.225,-9.9334
-3.6711,-13.541,-13.421
-13.654,-6.3266,-3.687
-7.4459,-12.411,-3.433
-12.116,-7.1694,2.845
-13.439,-12.207,2.85
-13.041,-13.94,-3.519
-12.577,-1.3217,-3.572
-6.4256,-7.54,-3.572
-13.96,-9.9236,-6.357
-12.084,-3.6891,5.642
-5.9858,-9.8678,5.764
-10.139,-12.178,6.048
-9.8692,-7.5881,-6.636
-12.135,-3.5696,-0.08
-6.0119,-9.8204,-0.04
-13.835,-9.9463,-0.645
-9.8395,-7.3349,-0.945
-10.091,-12.275,-0.032
-6.1629,-13.225,2.961
-0.35265,-13.546,-3.572
-3.751,-13.719,-6.495
-3.6711,-13.541,-0.527
-13.654,-6.3266,9.2074
-7.4459,-12.411,9.4614
-13.041,-13.94,9.3754
-12.577,-1.3217,9.3224
-6.4256,-7.54,9.3224
-13.96,-9.9236,6.5374
-9.8692,-7.5881,6.2584
-12.135,-3.5696,12.814
-6.0119,-9.8204,12.854
-13.835,-9.9463,12.249
-9.8395,-7.3349,11.949
-10.091,-12.275,12.862
-0.35265,-13.546,9.3224
-3.751,-13.719,6.3994
-3.6711,-13.541,12.367
-12.553,13.128,-10.044
-11.866,9.023,-7.2154
-9.2528,13.157,-6.8464
-11.711,9.0279,-12.675
-9.2054,13.061,-12.926
-11.802,5.4468,-10.041
-5.5458,-0.61447,-9.9114
-5.2771,12.111,-9.9334
0.99419,5.9411,-10.049
-13.192,0.21708,-9.9784
-7.0654,-5.8959,-9.9694
-6.5068,6.7642,-9.9114
-0.3281,0.90368,-10.044
-5.7608,2.7443,-7.0254
0.35921,-3.2018,-7.2154
1.0267,9.4215,-7.2524
7.1248,3.2428,-7.1304
-9.792,0.3875,-6.9924
-3.684,-5.8068,-7.0634
-3.1035,6.8724,-7.1514
2.972,0.93268,-6.8464
-5.4214,2.88,-12.806
0.51407,-3.1968,-12.675
0.9751,9.541,-12.974
7.0986,3.2902,-12.934
-13.298,2.7719,-13.482
-7.2846,-3.3135,-13.641
-6.7974,9.244,-13.524
-0.72478,3.1643,-13.539
-9.3868,5.2121,-13.592
-3.339,-0.91499,-13.652
-2.7853,11.794,-13.421
3.2711,5.7756,-13.839
-9.5891,0.50983,-12.918
-3.6996,-5.9171,-12.887
-3.1551,6.9975,-12.92
3.0193,0.8358,-12.926
0.42244,-6.7779,-10.041
6.6789,-12.839,-9.9114
6.9476,-0.11414,-9.9334
13.219,-6.2836,-10.049
-0.96774,-12.008,-9.9784
5.718,-5.4606,-9.9114
11.897,-11.321,-10.044
6.464,-9.4805,-7.0254
13.251,-2.8033,-7.2524
2.4327,-11.837,-6.9924
9.1213,-5.3524,-7.1514
6.8034,-9.3447,-12.806
13.2,-2.6838,-12.974
-1.0731,-9.4529,-13.482
5.4273,-2.9807,-13.524
11.5,-9.0605,-13.539
2.8379,-7.0127,-13.592
8.8858,-13.14,-13.652
9.4395,-0.43092,-13.421
2.6357,-11.715,-12.918
9.0696,-5.2272,-12.92
-13.399,6.1974,-3.566
-6.5601,12.924,-3.433
-12.553,13.128,2.85
-12.155,11.395,-3.519
-11.866,9.023,5.679
-9.2528,13.157,6.048
-11.711,9.0279,0.219
-9.2054,13.061,-0.032
-7.2853,0.054447,-3.537
-1.1738,-6.0274,-3.566
-0.54306,6.784,-3.687
5.6646,0.69933,-3.433
-11.802,5.4468,2.853
-5.5458,-0.61448,2.983
-5.2771,12.111,2.961
0.99419,5.9411,2.845
-13.192,0.21708,2.916
-7.0654,-5.8959,2.925
-6.5068,6.7642,2.983
-0.3281,0.90368,2.85
-5.8322,5.5395,-3.491
0.070004,-0.82944,-3.519
0.53316,11.789,-3.572
6.685,5.5706,-3.572
-13.366,2.7231,-6.415
-7.3963,-3.4818,-6.597
-6.9452,9.2292,-6.389
-0.84924,3.1869,-6.357
-5.7608,2.7443,5.869
0.35921,-3.2018,5.679
1.0267,9.4215,5.642
7.1248,3.2428,5.764
-9.792,0.38749,5.902
-3.684,-5.8068,5.831
-3.1035,6.8724,5.743
2.972,0.93267,6.048
-9.3692,5.3443,-6.513
-3.3347,-0.79903,-6.461
-2.8652,11.616,-6.495
3.2414,5.5225,-6.636
-5.4214,2.88,0.088
0.51407,-3.1968,0.219
0.9751,9.541,-0.08
7.0986,3.2902,-0.04
-13.298,2.7719,-0.588
-7.2846,-3.3135,-0.747
-6.7974,9.244,-0.63
-0.72478,3.1643,-0.645
-9.3868,5.2121,-0.698
-3.339,-0.915,-0.758
-2.7853,11.794,-0.527
3.2711,5.7756,-0.945
-9.5891,0.50982,-0.024
-3.6996,-5.9171,0.007
-3.1551,6.9975,-0.026
3.0193,0.8358,-0.032
4.9394,-12.17,-3.537
11.682,-5.4408,-3.687
0.42244,-6.7779,2.853
6.6789,-12.839,2.983
6.9476,-0.11414,2.961
13.219,-6.2836,2.845
-0.96774,-12.008,2.916
5.718,-5.4606,2.983
11.897,-11.321,2.85
6.3925,-6.6853,-3.491
12.295,-13.054,-3.519
12.758,-0.43587,-3.572
-1.1417,-9.5017,-6.415
5.2796,-2.9956,-6.389
11.376,-9.0378,-6.357
6.464,-9.4805,5.869
13.251,-2.8033,5.642
2.4327,-11.837,5.902
9.1213,-5.3524,5.743
2.8556,-6.8804,-6.513
8.89,-13.024,-6.461
9.3596,-0.60841,-6.495
6.8034,-9.3447,0.088
13.2,-2.6838,-0.08
-1.0731,-9.4529,-0.588
5.4273,-2.9807,-0.63
11.5,-9.0605,-0.645
2.8379,-7.0127,-0.698
8.8858,-13.14,-0.758
9.4395,-0.43092,-0.527
2.6357,-11.715,-0.024
9.0696,-5.2272,-0.026
-13.399,6.1974,9.3284
-6.5601,12.924,9.4614
-12.155,11.395,9.3754
-11.711,9.0279,13.113
-9.2054,13.061,12.862
-7.2853,0.054446,9.3574
-1.1738,-6.0274,9.3284
-0.54306,6.784,9.2074
5.6646,0.69933,9.4614
-5.8322,5.5395,9.4034
0.070004,-0.82944,9.3754
0.53316,11.789,9.3224
6.685,5.5706,9.3224
-13.366,2.7231,6.4794
-7.3963,-3.4818,6.2974
-6.9452,9.2292,6.5054
-0.84924,3.1869,6.5374
-9.3692,5.3443,6.3814
-3.3347,-0.79903,6.4334
-2.8652,11.616,6.3994
3.2414,5.5225,6.2584
-5.4214,2.88,12.982
0.51407,-3.1968,13.113
0.9751,9.541,12.814
7.0986,3.2902,12.854
-13.298,2.7719,12.306
-7.2846,-3.3135,12.147
-6.7974,9.244,12.264
-0.72478,3.1643,12.249
-9.3868,5.2121,12.196
-3.339,-0.915,12.136
-2.7853,11.794,12.367
3.2711,5.7756,11.949
-9.5891,0.50982,12.87
-3.6996,-5.9171,12.901
-3.1551,6.9975,12.868
3.0193,0.8358,12.862
4.9394,-12.17,9.3574
11.682,-5.4408,9.2074
6.3925,-6.6853,9.4034
12.295,-13.054,9.3754
12.758,-0.43587,9.3224
-1.1417,-9.5017,6.4794
5.2796,-2.9956,6.5054
11.376,-9.0378,6.5374
2.8556,-6.8804,6.3814
8.89,-13.024,6.4334
9.3596,-0.60841,6.3994
6.8034,-9.3447,12.982
13.2,-2.6838,12.814
-1.0731,-9.4529,12.306
5.4273,-2.9807,12.264
11.5,-9.0605,12.249
2.8379,-7.0127,12.196
8.8858,-13.14,12.136
9.4395,-0.43092,12.367
2.6357,-11.715,12.87
9.0696,-5.2272,12.868
7.5647,12.496,-9.9114
-0.08193,13.328,-9.9784
6.0451,7.2147,-9.9694
12.782,14.014,-10.044
13.47,9.9088,-7.2154
3.3185,13.498,-6.9924
9.4265,7.3038,-7.0634
13.625,9.9137,-12.675
5.8259,9.7971,-13.641
9.7716,12.196,-13.652
3.5215,13.62,-12.918
9.411,7.1935,-12.887
13.533,6.3327,-10.041
12.143,1.1029,-9.9784
12.037,3.6577,-13.482
5.8252,13.165,-3.537
11.937,7.0832,-3.566
7.5647,12.496,2.983
-0.08193,13.328,2.916
6.0451,7.2147,2.925
12.782,14.014,2.85
13.181,12.281,-3.519
5.7142,9.6288,-6.597
13.47,9.9088,5.679
3.3185,13.498,5.902
9.4265,7.3038,5.831
9.7758,12.312,-6.461
13.625,9.9137,0.219
5.8259,9.7971,-0.747
9.7716,12.196,-0.758
3.5215,13.62,-0.024
9.411,7.1935,0.007
13.533,6.3326,2.853
12.143,1.1029,2.916
11.969,3.6089,-6.415
12.037,3.6577,-0.588
5.8252,13.165,9.3574
11.937,7.0832,9.3284
13.181,12.281,9.3754
5.7142,9.6288,6.2974
9.7758,12.312,6.4334
13.625,9.9137,13.113
5.8259,9.7971,12.147
9.7716,12.196,12.136
3.5215,13.62,12.87
9.411,7.1935,12.901
11.969,3.6089,6.4794
12.037,3.6577,12.306
0,0,0
0.1888,6.2148,-0.098
-6.3208,-0.28214,-0.054
-0.15951,-6.4024,-0.001
6.4258,0.16305,-0.103
-0.18314,-0.21425,6.4304
-0.18314,-0.21425,-6.464
5.9987,-6.1019,0.024
-6.2261,6.1228,0.024
6.108,0.14001,6.4004
-0.10607,6.3385,6.201
6.108,0.14001,-6.494
-0.65266,-6.3604,6.3884
-0.65266,-6.3604,-6.506
6.3648,6.5628,-0.094
-0.10607,6.3385,-6.6934
-6.6539,-0.41012,6.3684
-6.6539,-0.41012,-6.526
-6.7458,-6.5478,-0.094
-6.2749,5.8124,6.3194
-6.2749,5.8124,-6.575
5.9499,-6.4123,6.3194
6.3017,6.2225,6.3494
5.9499,-6.4123,-6.575
6.3017,6.2225,-6.545
-6.8088,-6.888,6.3494
-6.8088,-6.888,-6.545
-0.41054,-12.624,-0.087
-12.635,-0.39952,-0.087
12.7,0.48629,-0.087
0.47527,12.711,-0.087
5.583e-16,1.4142e-06,-12.894
-5.583e-16,-1.4142e-06,12.894
-5.799,12.388,-0.103
-12.384,5.8223,-0.001
12.414,-6.01,-0.098
5.9039,-12.507,-0.054
0.29274,12.393,6.2794
12.517,0.168,6.2794
0.29274,12.393,-6.615
12.517,0.168,-6.615
0.1888,6.2148,12.796
-12.818,-0.71781,6.2794
-6.3208,-0.28214,12.84
6.4258,0.16305,12.791
-0.15951,-6.4024,12.893
-0.59306,-12.943,6.2794
-0.15951,-6.4024,-12.895
0.1888,6.2148,-12.992
-6.3208,-0.28213,-12.948
-12.818,-0.71781,-6.615
6.4258,0.16305,-12.997
6.7897,12.828,-0.054
-0.59306,-12.943,-6.615
-6.6848,-12.948,-0.103
12.951,6.7081,-0.001
-12.922,-6.8958,-0.098
12.119,-5.8863,6.201
12.119,-5.8862,-6.6934
5.5709,-12.635,6.3684
-6.1168,12.365,6.4004
-6.1168,12.365,-6.494
5.5709,-12.635,-6.526
5.9987,-6.1019,-12.87
5.9987,-6.1019,12.918
-12.877,5.8643,6.3884
12.458,6.7501,6.3884
-6.2261,6.1228,-12.87
-12.877,5.8643,-6.506
12.458,6.7501,-6.506
-6.2261,6.1228,12.918
6.4567,12.7,6.3684
6.4567,12.7,-6.526
6.3648,6.5628,12.8
-6.7458,-6.5478,12.8
6.3648,6.5628,-12.988
-6.7458,-6.5478,-12.988
-7.0026,-12.971,6.4004
-13.217,-6.7721,6.201
-7.0026,-12.971,-6.494
-13.217,-6.7721,-6.6934
-12.225,12.225,-1.0586e-15
12.225,-12.225,1.0586e-15
-0.41054,-12.624,12.807
-12.635,-0.39952,12.807
12.7,0.48629,12.807
0.47527,12.711,12.807
-0.41054,-12.624,-12.981
-12.635,-0.39951,-12.981
12.7,0.48629,-12.981
0.47527,12.711,-12.981
-12.408,12.011,6.4304
-12.408,12.011,-6.464
12.042,-12.439,6.4304
12.042,-12.439,-6.464
-13.111,-13.111,0
13.111,13.111,0
-5.799,12.388,12.791
-12.384,5.8223,12.893
-12.384,5.8223,-12.895
12.414,-6.01,12.796
-5.799,12.388,-12.997
5.9039,-12.507,12.84
5.9039,-12.507,-12.948
12.414,-6.01,-12.992
12.927,12.896,6.4304
12.927,12.896,-6.464
6.7897,12.828,12.84
-6.6848,-12.948,12.791
-12.922,-6.8958,12.796
6.7897,12.828,-12.948
12.951,6.7081,12.893
12.951,6.7081,-12.895
-6.6848,-12.948,-12.997
-12.922,-6.8958,-12.992
-13.294,-13.325,6.4304
-13.294,-13.325,-6.464
12.225,-12.225,-12.894
-12.225,12.225,12.894
-12.225,12.225,-12.894
12.225,-12.225,12.894
-13.111,-13.111,-12.894
13.111,13.111,12.894
-13.111,-13.111,12.894
13.111,13.111,-12.894
