-9.6067,-3.9131,-8.8838
-3.8332,-9.4646,-8.7398
-9.6838,-9.8238,-8.7178
-9.6067,-3.9131,3.219
-3.8332,-9.4646,3.363
-8.9088,-8.6246,-2.754
-9.6838,-9.8238,3.385
-8.9088,-8.6246,9.3488
-9.0712,8.2666,-8.6728
-9.2713,2.3573,-8.8848
-3.2857,8.5042,-8.7948
-3.3885,2.325,-8.9048
2.3384,-3.1431,-8.6728
2.8907,8.5843,-8.8838
8.6642,3.0328,-8.7398
-3.6268,-3.4217,-8.6698
2.1383,-9.0524,-8.8848
2.8136,2.6736,-8.7178
8.1239,-2.9055,-8.7948
8.0212,-9.0847,-8.9048
-9.0712,8.2666,3.43
-8.7346,-2.6441,-2.754
-7.9483,9.2905,-2.686
-2.3346,3.6697,-2.97
-8.3676,3.0375,-2.796
-1.8326,9.5189,-2.601
-9.2713,2.3573,3.218
-3.2857,8.5042,3.308
-3.3885,2.325,3.198
2.3384,-3.1431,3.43
2.8907,8.5843,3.219
8.6642,3.0328,3.363
-3.0137,-8.2534,-2.842
3.4613,-2.1192,-2.686
9.075,-7.74,-2.97
-2.4091,-2.5095,-2.801
3.042,-8.3721,-2.796
3.5886,3.8728,-2.754
9.5771,-1.8908,-2.601
-3.6268,-3.4217,3.433
2.1383,-9.0524,3.218
2.8136,2.6736,3.385
8.1239,-2.9055,3.308
8.0212,-9.0847,3.198
-8.7346,-2.6441,9.3488
-7.9483,9.2905,9.4168
-2.3346,3.6697,9.1328
-8.3676,3.0375,9.3068
-1.8326,9.5189,9.5018
-3.0137,-8.2534,9.2608
3.4613,-2.1192,9.4168
9.075,-7.74,9.1328
-2.4091,-2.5095,9.3018
3.042,-8.3721,9.3068
3.5886,3.8728,9.3488
9.5771,-1.8908,9.5018
8.8706,9.0757,-8.6698
3.7627,9.8533,-2.754
9.4836,4.244,-2.842
10.088,9.9879,-2.801
8.8706,9.0757,3.433
3.7627,9.8533,9.3488
9.4836,4.244,9.2608
10.088,9.9879,9.3018
-8.5121,-8.8911,-8.7418
-9.5119,-3.9216,-2.711
-3.6373,-9.6011,-2.695
-8.5121,-8.8911,3.361
-10.264,-9.2454,-2.862
-9.5119,-3.9216,9.3918
-3.6373,-9.6011,9.4078
-10.264,-9.2454,9.2408
-9.0189,-2.5394,-8.8418
-8.5034,9.6447,-8.7038
-2.6599,3.623,-8.7468
-7.8614,2.8325,-8.7998
-1.9712,9.2092,-8.6918
-3.2605,-8.09,-8.8908
2.9062,-1.7649,-8.7038
8.7497,-7.7867,-8.7468
-2.2514,-2.9048,-8.3968
3.5483,-8.5772,-8.7998
3.9853,3.6062,-8.7418
9.4385,-2.2005,-8.6918
-8.6095,7.9604,-2.506
-9.0189,-2.5394,3.261
-8.5034,9.6447,3.399
-2.6599,3.623,3.356
-7.8614,2.8325,3.303
-1.9712,9.2092,3.411
-9.7225,2.4054,-2.681
-3.1683,8.8506,-2.608
-2.9953,2.3278,-3.024
2.8001,-3.4493,-2.506
2.9854,8.5758,-2.711
8.86,2.8963,-2.695
-3.2605,-8.09,3.212
2.9062,-1.7649,3.399
8.7497,-7.7867,3.356
-2.2514,-2.9048,3.706
3.5483,-8.5772,3.303
3.9853,3.6062,3.361
9.4385,-2.2005,3.411
-3.7314,-3.2096,-2.837
1.6872,-9.0043,-2.681
2.2338,3.252,-2.862
8.2413,-2.559,-2.608
8.4143,-9.0819,-3.024
-8.6095,7.9604,9.5968
-9.7225,2.4054,9.4218
-3.1683,8.8506,9.4948
-2.9953,2.3278,9.0788
2.8001,-3.4493,9.5968
2.9854,8.5758,9.3918
8.86,2.8963,9.4078
-3.7314,-3.2096,9.2658
1.6872,-9.0043,9.4218
2.2338,3.252,9.2408
8.2413,-2.559,9.4948
8.4143,-9.0819,9.0788
3.4784,9.958,-8.8418
9.2369,4.4074,-8.8908
10.246,9.5926,-8.3968
3.4784,9.958,3.261
9.2369,4.4074,3.212
10.246,9.5926,3.706
8.7659,9.2878,-2.837
8.7659,9.2878,9.2658
-11.514,-3.5301,-6.1928
-11.775,-3.3653,-11.565
-11.787,-7.1262,-8.8968
-6.0521,-12.468,-8.7048
-12.861,-11.831,-8.7158
-5.7056,-9.1902,-6.0298
-9.4773,-11.616,-5.8618
-5.8668,-9.0983,-11.46
-13.026,-9.3423,-12.282
-9.2185,-6.5697,-12.002
-3.4351,-12.206,-12.211
-9.5756,-11.664,-11.617
-12.723,-5.9385,-2.675
-11.577,-0.8183,-3.014
-11.514,-3.5301,5.91
-11.775,-3.3653,0.538
-7.1092,-11.507,-2.635
-11.787,-7.1262,3.206
-6.0521,-12.468,3.398
-12.861,-11.831,3.387
-11.939,-12.813,-2.78
-5.8505,-6.7005,-2.941
-0.16751,-12.228,-3.014
-12.91,-9.4307,-5.593
-5.7056,-9.1902,6.073
-9.4773,-11.616,6.241
-9.3295,-7.0272,-5.64
-3.5022,-12.541,-5.39
-5.8668,-9.0983,0.643
-13.026,-9.3423,-0.179
-9.2185,-6.5697,0.101
-3.4351,-12.206,-0.108
-9.5756,-11.664,0.486
-12.723,-5.9385,9.4278
-11.577,-0.8183,9.0888
-11.775,-3.3653,12.641
-7.1092,-11.507,9.4678
-11.939,-12.813,9.3228
-5.8505,-6.7005,9.1618
-0.16751,-12.228,9.0888
-12.91,-9.4307,6.5098
-9.3295,-7.0272,6.4628
-3.5022,-12.541,6.7128
-5.8668,-9.0983,12.746
-13.026,-9.3423,11.924
-9.2185,-6.5697,12.204
-3.4351,-12.206,11.995
-9.5756,-11.664,12.589
-10.983,5.2211,-8.7468
-4.9643,11.439,-8.7048
-12.312,0.32082,-8.9128
-11.774,12.076,-8.7158
-6.1792,6.4875,-8.9858
-10.884,8.531,-5.9118
-5.3002,2.7038,-6.1418
0.98313,8.9673,-6.1928
-8.9298,0.32011,-6.0638
-8.3896,12.291,-5.8618
-2.6705,6.5851,-5.9238
-10.849,8.5551,-11.483
-5.3108,2.7172,-11.726
0.72221,9.1321,-11.565
-12.467,2.6628,-12.169
-5.984,9.0246,-12.001
-8.7035,4.7226,-11.983
-2.3473,11.701,-12.211
-8.9376,0.20203,-11.531
-8.4879,12.243,-11.617
-2.7949,6.5384,-11.492
-5.6767,-0.69014,-8.8148
0.42709,-6.1886,-8.7468
0.70993,5.3712,-8.8968
6.4453,0.028992,-8.7048
-6.6008,-5.3903,-8.8958
-0.90227,-11.089,-8.9128
-0.36416,0.6668,-8.7158
5.2305,-4.9222,-8.9858
0.52538,-2.8786,-5.9118
6.1094,-8.7059,-6.1418
6.7918,3.3071,-6.0298
12.393,-2.4423,-6.1928
-3.3885,-5.4857,-5.8878
2.4798,-11.09,-6.0638
3.0201,0.88176,-5.8618
8.7391,-4.8246,-5.9238
0.56073,-2.8546,-11.483
6.0988,-8.6925,-11.726
6.6305,3.3991,-11.46
12.132,-2.2776,-11.565
-6.8186,-3.1615,-12.138
-1.0578,-8.7469,-12.169
-0.52892,3.1551,-12.282
5.4256,-2.3851,-12.001
-2.8779,-0.78065,-11.958
2.7061,-6.6871,-11.983
3.2789,5.9277,-12.002
9.0623,0.29133,-12.211
-3.2301,-5.3005,-11.638
2.472,-11.208,-11.531
2.9218,0.83297,-11.617
8.6147,-4.8713,-11.492
5.733,-12.1,-8.8148
12.12,-6.0385,-8.8968
11.045,-10.743,-8.7158
10.881,-8.2546,-12.282
8.5317,-12.19,-11.958
-12,6.0802,-2.616
-6.4429,0.21334,-2.786
-6.0215,12.4,-2.635
-0.22602,6.5589,-2.675
-10.983,5.2211,3.356
-4.9643,11.439,3.398
-12.312,0.32082,3.19
-11.774,12.076,3.387
-6.1792,6.4875,3.117
-10.852,11.094,-2.78
-5.3674,5.2713,-2.873
0.9202,11.679,-3.014
-12.429,2.6338,-5.472
-6.0059,8.833,-5.456
-10.884,8.531,6.191
-5.3002,2.7038,5.961
0.98313,8.9673,5.91
-8.9298,0.32011,6.039
-8.3896,12.291,6.241
-2.6705,6.5851,6.179
-8.5904,5.1652,-5.499
-2.4145,11.367,-5.39
-10.849,8.5551,0.62
-5.3108,2.7172,0.377
0.72221,9.1321,0.538
-12.467,2.6628,-0.066001
-5.984,9.0246,0.102
-8.7035,4.7226,0.12
-2.3473,11.701,-0.108
-8.9376,0.20203,0.572
-8.4879,12.243,0.486
-2.7949,6.5384,0.611
-0.59043,-5.3295,-2.616
4.9667,-11.196,-2.786
5.3882,0.98995,-2.635
11.184,-4.8508,-2.675
-5.6767,-0.69014,3.288
0.42709,-6.1886,3.356
0.70994,5.3712,3.206
6.4453,0.028991,3.398
-6.6008,-5.3903,3.207
-0.90227,-11.089,3.19
-0.36416,0.6668,3.387
5.2305,-4.9222,3.117
0.55791,-0.31608,-2.78
6.0422,-6.1384,-2.873
6.6468,5.7969,-2.941
12.33,0.26941,-3.014
-6.8603,-3.1608,-5.407
-1.0189,-8.7759,-5.472
-0.41224,3.0667,-5.593
5.4037,-2.5767,-5.456
0.52538,-2.8786,6.191
6.1094,-8.7059,5.961
6.7918,3.3071,6.073
12.393,-2.4423,5.91
-3.3885,-5.4857,6.215
2.4798,-11.09,6.039
3.0201,0.88176,6.241
8.7391,-4.8246,6.179
-2.8044,-0.57983,-5.496
2.8192,-6.2445,-5.499
3.1678,5.4702,-5.64
8.9951,-0.043134,-5.39
0.56074,-2.8546,0.62
6.0988,-8.6925,0.377
6.6305,3.3991,0.643
12.132,-2.2776,0.538
-6.8186,-3.1615,-0.035
-1.0578,-8.7469,-0.066
-0.52892,3.1551,-0.179
5.4256,-2.3851,0.102
-2.8779,-0.78065,0.145
2.7061,-6.6871,0.12
3.2789,5.9277,0.101
9.0623,0.29133,-0.108
-3.2301,-5.3005,0.465
2.472,-11.208,0.572
2.9218,0.83297,0.486
8.6147,-4.8713,0.611
5.733,-12.1,3.288
12.12,-6.0385,3.206
11.045,-10.743,3.387
11.968,-11.726,-2.78
10.997,-8.3429,-5.593
8.6052,-11.989,-5.496
10.881,-8.2546,-0.179
8.5317,-12.19,0.145
-12,6.0802,9.4868
-6.4429,0.21334,9.3168
-6.0215,12.4,9.4678
-0.22602,6.5589,9.4278
-10.852,11.094,9.3228
-5.3674,5.2713,9.2298
0.9202,11.679,9.0888
-12.429,2.6338,6.6308
-6.0059,8.833,6.6468
-8.5904,5.1652,6.6038
-2.4145,11.367,6.7128
-10.849,8.5551,12.723
-5.3108,2.7172,12.48
0.72221,9.1321,12.641
-12.467,2.6628,12.037
-5.984,9.0246,12.205
-8.7035,4.7226,12.223
-2.3473,11.701,11.995
-8.9376,0.20202,12.675
-8.4879,12.243,12.589
-2.7949,6.5384,12.714
-0.59043,-5.3295,9.4868
4.9667,-11.196,9.3168
5.3882,0.98995,9.4678
11.184,-4.8508,9.4278
0.55791,-0.31608,9.3228
6.0422,-6.1384,9.2298
6.6468,5.7969,9.1618
12.33,0.26941,9.0888
-6.8603,-3.1608,6.6958
-1.0189,-8.7759,6.6308
-0.41224,3.0667,6.5098
5.4037,-2.5767,6.6468
-2.8044,-0.57983,6.6068
2.8192,-6.2445,6.6038
3.1678,5.4702,6.4628
8.9951,-0.043134,6.7128
0.56074,-2.8546,12.723
6.0988,-8.6925,12.48
6.6305,3.3991,12.746
12.132,-2.2776,12.641
-6.8186,-3.1615,12.068
-1.0578,-8.7469,12.037
-0.52892,3.1551,11.924
5.4256,-2.3851,12.205
-2.8779,-0.78065,12.248
2.7061,-6.6871,12.223
3.2789,5.9277,12.204
9.0623,0.29133,11.995
-3.2301,-5.3005,12.568
2.472,-11.208,12.675
2.9218,0.83297,12.589
8.6147,-4.8713,12.714
11.968,-11.726,9.3228
10.997,-8.3429,6.5098
8.6052,-11.989,6.6068
10.881,-8.2546,11.924
8.5317,-12.19,12.248
0.18545,12.818,-8.9128
3.5675,12.817,-6.0638
3.5598,12.699,-11.531
6.8207,11.807,-8.8148
12.924,6.3088,-8.7468
5.8965,7.1071,-8.8958
11.595,1.4085,-8.9128
12.133,13.164,-8.7158
13.023,9.6187,-5.9118
9.1089,7.0116,-5.8878
13.058,9.6428,-11.483
5.6787,9.3359,-12.138
11.44,3.7505,-12.169
9.6194,11.717,-11.958
9.2673,7.1969,-11.638
6.0544,12.711,-2.786
0.18545,12.818,3.19
3.5675,12.817,6.039
3.5598,12.699,0.572
11.907,7.1679,-2.616
6.8207,11.807,3.288
12.924,6.3088,3.356
5.8965,7.1071,3.207
11.595,1.4085,3.19
12.133,13.164,3.387
13.055,12.181,-2.78
5.637,9.3366,-5.407
11.478,3.7215,-5.472
13.023,9.6187,6.191
9.1089,7.0116,6.215
9.6929,11.918,-5.496
13.058,9.6428,0.62
5.6787,9.3359,-0.035
11.44,3.7505,-0.066
9.6194,11.717,0.145
9.2673,7.1969,0.465
6.0544,12.711,9.3168
3.5598,12.699,12.675
11.907,7.1679,9.4868
13.055,12.181,9.3228
5.637,9.3366,6.6958
11.478,3.7215,6.6308
9.6929,11.918,6.6068
13.058,9.6428,12.723
5.6787,9.3359,12.068
11.44,3.7505,12.037
9.6194,11.717,12.248
9.2673,7.1969,12.568
0,0,0
-5.84,-0.23405,0.31
-0.19587,-5.8598,0.276
0.09758,0.25739,-5.9478
6.004,0.47305,0.174
0.13036,6.0993,0.213
0.097581,0.25739,6.155
5.63,-5.4164,0.279
-5.8845,-0.23335,-5.632
-0.14142,-5.852,-5.778
6.0196,0.4278,-5.739
-5.7796,5.9932,0.279
0.32173,5.9715,5.998
0.32173,5.9715,-6.1048
-0.14142,-5.852,6.3248
-5.8845,-0.23335,6.4708
6.0196,0.4278,6.3638
-6.2691,-6.1334,0.285
6.2282,6.364,0.285
-5.576,5.7655,-5.664
5.8336,-5.6441,-5.664
-5.576,5.7655,6.4388
5.8336,-5.6441,6.4388
-6.2168,-6.1546,-5.8548
6.2805,6.3427,-5.8548
-6.2168,-6.1546,6.248
6.2805,6.3427,6.248
-0.53952,-11.746,0.395
-11.949,-0.33608,0.395
11.958,0.75163,0.395
-7.0711e-07,7.0711e-07,-12.103
7.0711e-07,-7.0711e-07,12.103
0.54819,12.161,0.395
11.54,-5.3104,0.213
-11.605,5.5499,0.276
5.5696,-11.644,0.31
-5.4056,11.883,0.174
-5.84,-0.23405,-11.793
-0.50841,-11.829,-5.7978
-0.19587,-5.8598,-11.827
-11.918,-0.41952,-5.7978
11.989,0.66819,-5.7978
6.004,0.47306,-11.929
0.13036,6.0993,-11.89
0.5793,12.078,-5.7978
-0.50841,-11.829,6.305
-11.918,-0.41952,6.305
11.989,0.66819,6.305
0.57931,12.078,6.305
-6.4933,-12.024,0.174
6.004,0.47305,12.277
-0.19587,-5.8598,12.379
-5.84,-0.23405,12.413
0.13036,6.0993,12.316
-12.367,-6.3981,0.213
6.6573,12.263,0.31
12.301,6.6376,0.276
-11.551,5.5577,-5.778
5.5251,-11.643,-5.632
5.63,-5.4164,-11.824
-5.39,11.837,-5.739
11.731,-5.4382,5.998
-11.551,5.5577,6.3248
11.731,-5.4382,-6.1048
5.5251,-11.643,6.4708
-5.7796,5.9932,-11.824
-5.39,11.837,6.3638
5.63,-5.4164,12.382
-6.2691,-6.1334,-11.818
6.2282,6.364,-11.818
-6.4777,-12.07,-5.739
-5.7796,5.9932,12.382
6.6128,12.264,-5.632
-12.176,-6.5259,5.998
-12.176,-6.5259,-6.1048
-6.4777,-12.07,6.3638
12.356,6.6454,-5.778
-6.2691,-6.1334,12.388
6.2282,6.364,12.388
6.6128,12.264,6.4708
12.356,6.6454,6.3248
-11.41,11.41,-1e-06
11.41,-11.41,1e-06
-0.53952,-11.746,-11.708
-11.949,-0.33608,-11.708
11.958,0.75163,-11.708
0.54819,12.161,-11.708
11.507,-11.152,-5.9478
-0.53952,-11.746,12.498
11.507,-11.152,6.155
-11.949,-0.33608,12.498
-11.312,11.667,-5.9478
11.958,0.75163,12.498
-11.312,11.667,6.155
11.54,-5.3104,-11.89
0.54819,12.161,12.498
-11.605,5.5499,-11.827
5.5696,-11.644,-11.793
-12.497,-12.497,1.9594e-21
12.497,12.497,-1.9594e-21
-5.4056,11.883,-11.929
11.54,-5.3104,12.316
-11.605,5.5499,12.379
5.5696,-11.644,12.413
-5.4056,11.883,12.277
-6.4933,-12.024,-11.929
6.6573,12.263,-11.793
-12.367,-6.3981,-11.89
12.301,6.6376,-11.827
-6.4933,-12.024,12.277
-12.4,-12.24,-5.9478
-12.4,-12.24,6.155
-12.367,-6.3981,12.316
12.301,6.6376,12.379
6.6573,12.263,12.413
12.595,12.755,-5.9478
12.595,12.755,6.155
-11.41,11.41,12.103
11.41,-11.41,-12.103
-11.41,11.41,-12.103
11.41,-11.41,12.103
-12.497,-12.497,-12.103
12.497,12.497,12.103
-12.497,-12.497,12.103
12.497,12.497,-12.103
