-9.6816,-3.9131,-9.1278
-9.915,-9.8783,-9.1398
-3.7316,-9.4389,-9.0808
-9.6816,-3.9131,2.975
-9.2347,-8.9293,-3.243
-9.915,-9.8783,2.963
-3.7316,-9.4389,3.022
-9.2347,-8.9293,8.8598
-8.9258,7.9981,-9.4028
-3.4839,2.3059,-9.4788
2.8157,8.5843,-9.1278
-9.4427,2.3264,-9.3688
-3.7257,-3.4797,-9.2338
-3.2619,8.428,-9.1858
2.5824,2.6191,-9.1398
2.4838,-3.4116,-9.4028
7.9257,-9.1038,-9.4788
8.7657,3.0584,-9.0808
1.9669,-9.0833,-9.3688
8.1477,-2.9817,-9.1858
-8.3818,9.1922,-3.283
-8.9258,7.9981,2.7
-3.4839,2.3059,2.624
2.8157,8.5843,2.975
-8.6854,-2.9578,-3.104
-2.5272,3.66,-3.281
3.0278,-2.2175,-3.283
-8.312,2.9649,-3.467
-2.803,-2.5258,-3.035
-2.2408,9.2129,-3.272
3.2626,3.5681,-3.243
-9.4427,2.3264,2.734
-3.7257,-3.4797,2.869
-3.2619,8.428,2.917
2.5824,2.6191,2.963
2.4838,-3.4116,2.7
7.9257,-9.1038,2.624
8.7657,3.0584,3.022
-2.864,-8.6166,-2.968
8.8824,-7.7497,-3.281
3.0976,-8.4448,-3.467
9.1688,-2.1968,-3.272
1.9669,-9.0833,2.734
8.1477,-2.9817,2.917
-8.3818,9.1922,8.8198
-8.6854,-2.9578,8.9988
-2.5272,3.66,8.8218
3.0278,-2.2175,8.8198
-8.312,2.9649,8.6358
-2.803,-2.5258,9.0678
-2.2408,9.2129,8.8308
3.2626,3.5681,8.8598
-2.864,-8.6166,9.1348
8.8824,-7.7497,8.8218
3.0976,-8.4448,8.6358
9.1688,-2.1968,8.8308
8.7716,9.0177,-9.2338
3.8119,9.5396,-3.104
9.6944,9.9716,-3.035
8.7716,9.0177,2.869
9.6333,3.8808,-2.968
3.8119,9.5396,8.9988
9.6944,9.9716,9.0678
9.6333,3.8808,9.1348
-8.6174,-9.1747,-8.9318
-9.3705,-4.2822,-3.017
-8.6174,-9.1747,3.171
-10.568,-9.5558,-3.457
-3.7422,-9.8229,-3.001
-9.3705,-4.2822,9.0858
-10.568,-9.5558,8.6458
-3.7422,-9.8229,9.1018
-8.3719,9.3845,-9.4628
-9.2044,-2.4968,-9.0728
-3.0377,-8.1218,-9.1988
-2.9331,3.684,-9.3018
3.0377,-2.0252,-9.4628
-8.0504,2.8687,-9.4248
-2.4381,-2.7252,-9.1058
-1.8604,8.94,-9.2698
3.8799,3.3227,-8.9318
8.4765,-7.7256,-9.3018
3.3592,-8.5409,-9.4248
9.5492,-2.4697,-9.2698
-8.3719,9.3845,2.64
-8.8141,7.7803,-3.018
-3.148,2.2995,-3.221
3.1268,8.2152,-3.017
-9.2044,-2.4968,3.03
-3.0377,-8.1218,2.904
-2.9331,3.684,2.801
3.0377,-2.0252,2.64
-8.0504,2.8687,2.678
-2.4381,-2.7252,2.997
-1.8604,8.94,2.833
3.8799,3.3227,3.171
-9.6442,2.5604,-2.921
-4.1797,-3.1162,-3.031
-3.5744,8.5708,-3.093
1.929,2.9416,-3.457
2.5955,-3.6294,-3.018
8.2616,-9.1102,-3.221
8.7551,2.6745,-3.001
8.4765,-7.7256,2.801
3.3592,-8.5409,2.678
9.5492,-2.4697,2.833
1.7654,-8.8492,-2.921
7.8352,-2.8388,-3.093
-8.8141,7.7803,9.0848
-3.148,2.2995,8.8818
3.1268,8.2152,9.0858
-9.6442,2.5604,9.1818
-4.1797,-3.1162,9.0718
-3.5744,8.5708,9.0098
1.929,2.9416,8.6458
2.5955,-3.6294,9.0848
8.2616,-9.1102,8.8818
8.7551,2.6745,9.1018
1.7654,-8.8492,9.1818
7.8352,-2.8388,9.0098
3.2929,10.001,-9.0728
9.4596,4.3756,-9.1988
10.059,9.7722,-9.1058
3.2929,10.001,3.03
9.4596,4.3756,2.904
10.059,9.7722,2.997
8.3176,9.3812,-3.031
8.3176,9.3812,9.0718
-11.729,-7.0894,-9.0498
-6.849,-5.7926,-9.1518
-12.953,-11.496,-9.2658
-11.618,-3.4316,-6.4638
-5.8385,-9.0488,-6.5008
-9.6703,-11.882,-6.4218
-11.491,-3.7102,-11.972
-5.8626,-9.1931,-11.777
-13.217,-9.5657,-12.513
-9.4476,-7.2089,-12.597
-9.6569,-11.733,-12.025
-6.0622,-12.402,-9.2308
-3.5774,-12.735,-12.524
-12.727,-6.0846,-3.24
-7.4288,-11.732,-3.153
-11.729,-7.0894,3.053
-6.849,-5.7926,2.951
-12.953,-11.496,2.837
-12.205,-12.68,-3.13
-6.0429,-7.105,-3.176
-13.342,-9.2984,-6.039
-11.618,-3.4316,5.639
-5.8385,-9.0488,5.602
-9.6703,-11.882,5.681
-9.3507,-6.9438,-5.745
-11.491,-3.7102,0.131
-5.8626,-9.1931,0.326
-13.217,-9.5657,-0.41
-9.4476,-7.2089,-0.494
-9.6569,-11.733,0.078
-6.0622,-12.402,2.872
-3.6086,-12.728,-5.755
-3.5774,-12.735,-0.421
-12.727,-6.0846,8.8628
-7.4288,-11.732,8.9498
-12.205,-12.68,8.9728
-6.0429,-7.105,8.9268
-13.342,-9.2984,6.0638
-9.3507,-6.9438,6.3578
-11.491,-3.7102,12.234
-5.8626,-9.1931,12.429
-13.217,-9.5657,11.693
-9.4476,-7.2089,11.609
-9.6569,-11.733,12.181
-3.6085,-12.728,6.3478
-3.5774,-12.735,11.682
-11.865,12.411,-9.2658
-11.004,8.4808,-6.6178
-8.5826,12.025,-6.4218
-10.855,8.3104,-12.057
-8.5692,12.174,-12.025
-11.17,5.3719,-9.2928
-5.4815,-0.65902,-9.0698
-4.9745,11.505,-9.2308
0.76792,5.408,-9.0498
-12.335,0.09546,-9.1508
5.6484,6.7048,-9.1518
-6.0811,6.149,-9.2278
-0.45538,1.0013,-9.2658
-5.4716,2.7422,-6.3908
0.40588,-2.9288,-6.6178
0.87893,9.0658,-6.4638
6.6588,3.4486,-6.5008
-9.162,0.54094,-6.3048
-3.5023,-5.4765,-6.4898
-2.9246,6.4898,-6.5428
2.827,0.61518,-6.4218
-5.4235,2.769,-12.145
0.55508,-3.0992,-12.057
1.0062,8.7872,-11.972
6.6348,3.3043,-11.777
-12.512,2.4346,-12.209
-6.738,-3.2435,-12.484
-6.2105,8.9428,-12.637
-0.71984,2.9317,-12.513
-8.7773,4.9137,-12.525
-2.967,-0.5275,-12.522
-2.4897,11.172,-12.524
3.0498,5.2885,-12.597
-9.0241,0.2291,-11.908
-3.4429,-5.5953,-12.103
-2.9112,6.4198,-12.082
2.8404,0.76438,-12.025
0.23945,-6.0378,-9.2928
5.9281,-12.069,-9.0698
6.4351,0.095667,-9.2308
12.178,-6.0017,-9.0498
-0.92586,-11.314,-9.1508
5.3285,-5.2607,-9.2278
10.954,-10.408,-9.2658
5.938,-8.6675,-6.3908
12.289,-2.3439,-6.4638
2.2476,-10.869,-6.3048
8.485,-4.9198,-6.5428
5.9861,-8.6406,-12.145
12.416,-2.6225,-11.972
-1.1026,-8.9751,-12.209
5.1991,-2.4669,-12.637
10.69,-8.478,-12.513
2.6323,-6.496,-12.525
8.4426,-11.937,-12.522
8.9199,-0.23809,-12.524
2.3855,-11.181,-11.908
8.4985,-4.9898,-12.082
-12.62,6.0003,-3.183
-6.3411,12.175,-3.153
-11.865,12.411,2.837
-11.117,11.227,-3.13
-11.004,8.4808,5.485
-8.5826,12.025,5.681
-10.855,8.3104,0.045999
-8.5692,12.174,0.077999
-6.784,-0.014142,-3.075
-1.2106,-5.4094,-3.183
-0.22981,6.4128,-3.24
5.0685,0.76509,-3.153
-11.17,5.3719,2.81
-5.4815,-0.65902,3.033
-4.9745,11.505,2.872
0.76792,5.408,3.053
-12.335,0.095459,2.952
5.6484,6.7048,2.951
-6.0811,6.149,2.875
-0.45538,1.0013,2.837
-5.63,5.111,-3.234
0.29274,-0.18243,-3.13
-11.507,-1.0062,-3.125
6.4545,5.3924,-3.176
-12.685,2.622,-5.827
-6.9134,-3.2378,-6.025
-6.5011,8.8756,-6.113
-0.84429,3.199,-6.039
-5.4716,2.7422,5.712
0.40588,-2.9288,5.485
0.87893,9.0658,5.639
6.6588,3.4486,5.602
-9.162,0.54094,5.798
-3.5023,-5.4765,5.613
-2.9246,6.4898,5.56
2.827,0.61518,5.681
-8.749,4.9208,-6.101
-2.9889,-0.7559,-5.997
-2.5208,11.179,-5.755
3.1466,5.5536,-5.745
-5.4235,2.769,-0.042
0.55508,-3.0992,0.046
1.0062,8.7872,0.131
6.6348,3.3043,0.326
-12.512,2.4346,-0.106
-6.738,-3.2435,-0.381
-6.2105,8.9428,-0.534
-0.71983,2.9317,-0.41
-8.7773,4.9137,-0.422
-2.967,-0.5275,-0.419
-2.4897,11.172,-0.421
3.0498,5.2885,-0.494
-9.0241,0.2291,0.195
-3.4429,-5.5953,9.3196e-17
-2.9112,6.4198,0.021
2.8404,0.76438,0.078
4.6256,-11.424,-3.075
11.18,-4.9969,-3.24
0.23945,-6.0378,2.81
5.9281,-12.069,3.033
6.4351,0.095667,2.872
12.178,-6.0017,3.053
-0.92586,-11.314,2.952
5.3285,-5.2607,2.875
10.954,-10.408,2.837
5.7796,-6.2987,-3.234
11.702,-11.592,-3.13
-0.097129,-12.416,-3.125
-1.2759,-8.7877,-5.827
4.9085,-2.5341,-6.113
10.565,-8.2107,-6.039
5.938,-8.6675,5.712
12.289,-2.3439,5.639
2.2476,-10.869,5.798
8.485,-4.9198,5.56
2.6606,-6.4889,-6.101
8.4207,-12.166,-5.997
8.8888,-0.23102,-5.755
5.9861,-8.6406,-0.041999
12.416,-2.6225,0.131
-1.1026,-8.9751,-0.106
5.1991,-2.4669,-0.534
10.69,-8.478,-0.41
2.6323,-6.496,-0.422
8.4426,-11.937,-0.419
8.9199,-0.23809,-0.421
2.3855,-11.181,0.195
8.4985,-4.9898,0.021001
-12.62,6.0003,8.9198
-6.3411,12.175,8.9498
-11.117,11.227,8.9728
-10.855,8.3104,12.149
-8.5692,12.174,12.181
-6.784,-0.014143,9.0278
-1.2106,-5.4094,8.9198
-0.22981,6.4128,8.8628
5.0685,0.76509,8.9498
-5.63,5.111,8.8688
0.29274,-0.18243,8.9728
-11.507,-1.0062,8.9778
6.4545,5.3924,8.9268
-12.685,2.622,6.2758
-6.9134,-3.2378,6.0778
-6.5011,8.8756,5.9898
-0.84428,3.199,6.0638
-8.749,4.9208,6.0018
-2.9889,-0.7559,6.1058
-2.5208,11.179,6.3478
3.1466,5.5536,6.3578
-5.4235,2.769,12.061
0.55508,-3.0992,12.149
1.0062,8.7872,12.234
6.6348,3.3043,12.429
-12.512,2.4346,11.997
-6.738,-3.2435,11.722
-6.2105,8.9428,11.569
-0.71983,2.9317,11.693
-8.7773,4.9137,11.681
-2.967,-0.5275,11.684
-2.4897,11.172,11.682
3.0498,5.2885,11.609
-9.0241,0.2291,12.298
-3.4429,-5.5953,12.103
-2.9112,6.4198,12.124
2.8404,0.76438,12.181
4.6256,-11.424,9.0278
11.18,-4.9969,8.8628
5.7796,-6.2987,8.8688
11.702,-11.592,8.9728
-0.097128,-12.416,8.9778
-1.2759,-8.7877,6.2758
4.9085,-2.5341,5.9898
10.565,-8.2107,6.0638
2.6606,-6.4889,6.0018
8.4207,-12.166,6.1058
8.8888,-0.23102,6.3478
5.9861,-8.6406,12.061
12.416,-2.6225,12.234
-1.1026,-8.9751,11.997
5.1991,-2.4669,11.569
10.69,-8.478,11.693
2.6323,-6.496,11.681
8.4426,-11.937,11.684
8.9199,-0.23809,11.682
2.3855,-11.181,12.298
8.4985,-4.9898,12.124
7.0158,11.838,-9.0698
0.16186,12.593,-9.1508
12.042,13.499,-9.2658
12.903,9.5685,-6.6178
3.3354,13.038,-6.3048
8.995,7.0208,-6.4898
13.052,9.3981,-12.057
5.7593,9.2539,-12.484
9.5303,11.97,-12.522
3.4732,12.726,-11.908
9.0544,6.902,-12.103
12.737,6.4596,-9.2928
11.571,1.1832,-9.1508
11.395,3.5223,-12.209
5.7134,12.483,-3.075
11.287,7.088,-3.183
7.0158,11.838,3.033
0.16186,12.593,2.952
12.042,13.499,2.837
12.79,12.315,-3.13
0.99059,11.491,-3.125
5.584,9.2595,-6.025
12.903,9.5685,5.485
3.3354,13.038,5.798
8.995,7.0208,5.613
9.5084,11.741,-5.997
13.052,9.3981,0.046
5.7593,9.2539,-0.381
9.5303,11.97,-0.419
3.4732,12.726,0.195
9.0544,6.902,9.3194e-17
12.737,6.4596,2.81
11.571,1.1832,2.952
12.4,0.081499,-3.125
11.221,3.7097,-5.827
11.395,3.5223,-0.106
5.7134,12.483,9.0278
11.287,7.088,8.9198
12.79,12.315,8.9728
0.99059,11.491,8.9778
5.584,9.2595,6.0778
9.5084,11.741,6.1058
13.052,9.3981,12.149
5.7593,9.2539,11.722
9.5303,11.97,11.684
3.4732,12.726,12.298
9.0544,6.902,12.103
12.4,0.081498,8.9778
11.221,3.7097,6.2758
11.395,3.5223,11.997
0,0,0
5.7792,0.32739,0.087
0.25951,5.8131,0.001
-0.23501,-5.9536,-0.025999
-0.1492,0.0091917,6.0058
-0.1492,0.0091924,-6.097
-6.1681,-0.23688,-0.152
5.6736,-5.6255,-0.124
-5.7361,5.7841,-0.124
-0.40517,-5.8655,-5.928
5.8987,0.56286,-5.958
-6.0974,-0.10536,5.809
0.20718,6.0663,5.9858
-0.40517,-5.8655,6.1748
5.8987,0.56286,6.1448
0.20718,6.0663,-6.117
-6.0974,-0.10536,-6.2938
6.2847,6.1575,-0.479
-6.2126,-6.3399,-0.479
5.542,-5.4827,5.782
5.542,-5.4827,-6.3208
-5.8676,5.927,5.782
-5.8676,5.927,-6.3208
-6.3633,-6.0988,5.814
6.1341,6.3986,5.814
-6.3633,-6.0988,-6.2888
6.1341,6.3986,-6.2888
11.771,0.4874,-0.119
0.36133,11.897,-0.119
-0.72638,-12.01,-0.119
-7.0711e-07,7.0711e-07,-12.103
7.0711e-07,-7.0711e-07,12.103
-12.136,-0.60031,-0.119
5.2415,-11.647,-0.152
-11.645,5.456,-0.026
11.669,-5.5965,0.001001
-5.6304,11.737,0.086999
11.86,0.54539,-6.009
5.7792,0.32739,-12.016
11.86,0.54539,6.0938
0.45043,11.955,-6.009
-0.63729,-11.952,-6.009
0.45043,11.955,6.0938
0.25951,5.8131,-12.102
0.25951,5.8131,12.104
-0.63729,-11.952,6.0938
-6.1681,-0.23688,11.951
-0.23501,-5.9536,12.077
-12.047,-0.54233,-6.009
5.7792,0.32739,12.19
-12.047,-0.54233,6.0938
-0.23502,-5.9536,-12.129
-6.1681,-0.23688,-12.255
6.3292,12.26,-0.152
12.262,6.5437,-0.025999
-6.7182,-12.17,0.087
-12.238,-6.6843,0.001
5.3122,-11.515,5.809
11.617,-5.3434,5.9858
5.3122,-11.515,-6.2938
11.617,-5.3434,-6.117
-11.815,5.5442,-5.928
5.6736,-5.6255,11.979
-11.815,5.5442,6.1748
-5.5109,11.973,-5.958
-5.736,5.7841,11.979
-5.5109,11.973,6.1448
6.2847,6.1575,11.624
5.6736,-5.6255,-12.227
-6.2126,-6.3399,11.624
-5.7361,5.7841,-12.227
-6.5986,-11.935,-5.958
-6.5986,-11.935,6.1448
12.092,6.6319,-5.928
-12.29,-6.4311,5.9858
6.4,12.392,5.809
12.092,6.6319,6.1748
-12.29,-6.4311,-6.117
6.4,12.392,-6.2938
6.2847,6.1575,-12.582
-6.2126,-6.3399,-12.582
11.41,-11.41,1e-06
-11.41,11.41,-1e-06
11.771,0.4874,11.984
0.36133,11.897,11.984
11.771,0.4874,-12.222
-0.72638,-12.01,11.984
0.36133,11.897,-12.222
-12.136,-0.60031,11.984
11.26,-11.4,6.0058
11.26,-11.4,-6.097
-0.72638,-12.01,-12.222
-12.136,-0.60031,-12.222
-11.559,11.419,6.0058
-11.559,11.419,-6.097
5.2415,-11.647,11.951
-11.645,5.456,12.077
-12.497,-12.497,1.9594e-21
12.497,12.497,-1.9594e-21
-11.645,5.456,-12.129
5.2415,-11.647,-12.255
-5.6304,11.737,-12.016
11.669,-5.5965,-12.102
11.669,-5.5965,12.104
-5.6304,11.737,12.19
6.3292,12.26,11.951
-6.7182,-12.17,-12.016
12.262,6.5437,12.077
12.262,6.5437,-12.129
6.3292,12.26,-12.255
-12.238,-6.6843,-12.102
-12.238,-6.6843,12.104
-6.7182,-12.17,12.19
12.348,12.507,6.0058
12.348,12.507,-6.097
-12.647,-12.488,6.0058
-12.647,-12.488,-6.097
11.41,-11.41,-12.103
-11.41,11.41,12.103
-11.41,11.41,-12.103
11.41,-11.41,12.103
-12.497,-12.497,-12.103
12.497,12.497,12.103
-12.497,-12.497,12.103
12.497,12.497,-12.103
