-10.167,-10.117,-10.071
-10.167,-10.117,2.823
-9.7732,2.6003,-9.8244
-9.892,8.8794,-9.4114
2.4515,-9.6244,-9.8244
-4.1118,-3.5942,-10.069
-3.1629,9.0545,-10.062
2.9437,2.9932,-10.071
-10.259,-3.5864,-9.9194
-3.9591,-9.7927,-9.6794
-3.5695,2.5965,-9.6204
2.3327,-3.3453,-9.4114
9.0619,-3.1703,-10.062
8.6553,-9.6283,-9.6204
-9.7732,2.6003,3.07
-9.3794,3.4368,-3.774
-8.7012,9.571,-3.367
-9.892,8.8794,3.483
2.4515,-9.6244,3.07
-4.1118,-3.5942,2.825
-3.1629,9.0545,2.832
2.9437,2.9932,2.823
-9.558,-9.3642,-3.545
-2.885,-2.9189,-3.165
2.8454,-8.7879,-3.774
-8.8813,-3.2499,-3.531
-3.4019,-8.9513,-3.444
-2.5668,3.4281,-3.069
3.5235,-2.6538,-3.367
-10.259,-3.5864,2.975
-3.9591,-9.7927,3.215
-3.5695,2.5965,3.274
2.3327,-3.3453,3.483
9.0619,-3.1703,2.832
9.658,-8.7967,-3.069
8.6553,-9.6283,3.274
-9.3794,3.4368,9.1204
-8.7012,9.571,9.5274
-9.558,-9.3642,9.3494
-2.885,-2.9189,9.7294
2.8454,-8.7879,9.1204
-8.8813,-3.2499,9.3634
-3.4019,-8.9513,9.4504
-2.5668,3.4281,9.8254
3.5235,-2.6538,9.5274
9.658,-8.7967,9.8254
8.9987,9.5163,-10.069
2.8519,9.5241,-9.9194
9.1515,3.3178,-9.6794
-2.4143,10.154,-3.251
8.9987,9.5163,2.825
3.5526,3.7463,-3.545
9.8105,-2.0703,-3.251
10.226,10.192,-3.165
4.2293,9.8607,-3.531
9.7087,4.1593,-3.444
2.8519,9.5241,2.975
9.1515,3.3178,3.215
-2.4143,10.154,9.6434
3.5526,3.7463,9.3494
9.8105,-2.0703,9.6434
10.226,10.192,9.7294
4.2293,9.8607,9.3634
9.7087,4.1593,9.4504
-9.9434,-10.803,-3.598
-9.9434,-10.803,9.2964
-9.2436,3.9827,-10.008
-8.4481,9.2231,-9.6054
-9.966,-8.6451,-9.9364
-3.5157,-2.3221,-9.5564
2.9812,-8.242,-10.008
-9.0425,-2.7209,-9.8384
-2.6241,-9.1662,-9.3914
-2.1263,3.0031,-9.6604
3.7767,-3.0017,-9.6054
10.098,-9.2217,-9.6604
-9.2436,3.9827,2.886
-8.4481,9.2231,3.289
-10.139,9.2061,-3.245
-9.9928,2.2005,-3.178
-3.4634,-4.2879,-3.366
-2.9409,8.7603,-3.374
3.1671,2.3073,-3.598
-9.966,-8.6451,2.958
-3.5157,-2.3221,3.338
2.9812,-8.242,2.886
-9.0425,-2.7209,3.056
-2.6241,-9.1662,3.503
-2.1263,3.0031,3.234
3.7767,-3.0017,3.289
-10.171,-4.0178,-3.549
-4.7122,-9.6407,-3.632
-3.9817,3.1558,-3.449
2.0853,-3.0186,-3.245
2.2319,-10.024,-3.178
9.2839,-3.4644,-3.374
10.098,-9.2217,3.234
8.243,-9.0689,-3.449
-10.139,9.2061,9.6494
-9.9928,2.2005,9.7164
-3.4634,-4.2879,9.5284
-2.9409,8.7603,9.5204
3.1671,2.3073,9.2964
-10.171,-4.0178,9.3454
-4.7122,-9.6407,9.2624
-3.9817,3.1558,9.4454
2.0853,-3.0186,9.6494
2.2319,-10.024,9.7164
9.2839,-3.4644,9.5204
8.243,-9.0689,9.4454
-2.5019,10.357,-9.7554
3.1446,4.4655,-9.9364
9.7228,-1.8681,-9.7554
9.5948,10.788,-9.5564
4.0681,10.39,-9.8384
10.486,3.9443,-9.3914
-2.5019,10.357,3.139
9.6472,8.8227,-3.366
3.1446,4.4655,2.958
9.7228,-1.8681,3.139
9.5948,10.788,3.338
4.0681,10.39,3.056
10.486,3.9443,3.503
2.9395,9.0928,-3.549
8.3984,3.4699,-3.632
9.6472,8.8227,9.5284
2.9395,9.0928,9.3454
8.3984,3.4699,9.2624
-12.323,-13.286,-9.8204
-13.622,-6.3782,-9.7044
-12.305,-9.9844,-6.9224
-12.204,-9.7702,-12.825
-9.8968,-13.441,-13.444
-13.83,-12.633,-3.314
-12.323,-13.286,3.074
-13.622,-6.3782,3.19
-12.756,-7.68,-3.547
-6.5026,-13.731,-3.668
-12.305,-9.9844,5.972
-10.047,-13.612,-6.239
-12.204,-9.7702,0.069
-9.8968,-13.441,-0.55
-13.83,-12.633,9.5804
-12.756,-7.68,9.3474
-6.5026,-13.731,9.2264
-10.047,-13.612,6.6554
-12.204,-9.7702,12.963
-9.8968,-13.441,12.344
-11.437,12.049,-9.8204
-13.071,6.6662,-9.7464
-11.688,2.8945,-6.8684
-5.2103,9.1432,-7.2214
-9.1785,6.8974,-6.6314
-12.204,2.8683,-12.312
-5.3729,9.368,-12.836
-13.056,9.2867,-13.171
-9.011,11.895,-13.444
-9.3581,7.0501,-12.521
-12.129,-0.46174,-9.6834
-6.0295,-6.7196,-9.9444
-5.5501,5.4483,-9.6684
0.78772,-0.17536,-9.8204
-0.51124,6.7324,-9.7044
-7.2867,-12.345,-9.9844
-6.7218,0.85136,-10.007
-0.84641,-5.5586,-9.7464
-7.5194,-9.7623,-6.7904
-6.1723,-3.5122,-6.9064
0.53669,-9.3303,-6.8684
0.80539,3.1261,-6.9224
7.0145,-3.0816,-7.2214
-9.6273,-5.8315,-7.2654
-3.7342,-12.088,-6.7934
-3.3658,0.2489,-6.8254
3.0462,-5.3273,-6.6314
-6.1476,-3.2668,-12.746
0.021213,-9.3564,-12.312
0.90651,3.3404,-12.825
6.8519,-2.8567,-12.836
-13.407,-3.5249,-13.373
-7.4324,-9.705,-13.473
-7.3751,3.1622,-13.652
-0.83085,-2.938,-13.171
-9.4427,-0.85418,-13.647
-3.3432,-6.8759,-13.183
-3.0696,5.6802,-13.004
3.2138,-0.33022,-13.444
-9.751,-5.6979,-12.648
-3.5391,-11.816,-12.559
-2.967,0.76085,-12.695
2.8666,-5.1746,-12.521
0.095753,-12.686,-9.6834
6.6747,-6.7765,-9.6684
13.012,-12.4,-9.8204
11.714,-5.4924,-9.7044
5.503,-11.373,-10.007
13.03,-9.0986,-6.9224
8.8589,-11.976,-6.8254
13.131,-8.8844,-12.825
4.8496,-9.0626,-13.652
2.7821,-13.079,-13.647
9.1552,-6.5446,-13.004
9.2577,-11.464,-12.695
-13.531,0.17848,-3.201
-12.945,12.703,-3.314
-6.7489,6.5424,-3.2
-11.437,12.049,3.074
-13.071,6.6662,3.148
-12.293,5.4401,-3.326
-5.6168,11.605,-3.668
-12.884,9.1227,-6.545
-11.688,2.8945,6.026
-5.2103,9.1432,5.673
-9.1785,6.8974,6.263
-9.1609,11.723,-6.239
-12.204,2.8683,0.582
-5.3729,9.368,0.058
-13.056,9.2867,-0.277
-9.011,11.895,-0.55
-9.3581,7.0501,0.373
-7.3589,-6.4099,-3.522
-1.3067,-12.046,-3.201
-0.71983,0.478,-3.314
5.4758,-5.6823,-3.2
-12.129,-0.46174,3.211
-6.0295,-6.7196,2.95
-5.5501,5.4483,3.226
0.78772,-0.17536,3.074
-0.51124,6.7324,3.19
-7.2867,-12.345,2.91
-6.7218,0.85136,2.887
-0.84641,-5.5586,3.148
-5.6752,-0.8457,-3.522
-0.068589,-6.7847,-3.326
0.35497,5.4306,-3.547
6.6079,-0.62013,-3.668
-13.484,-3.5744,-6.416
-7.5194,-9.7623,6.104
-6.7847,2.8305,-6.32
-0.65973,-3.1021,-6.545
-6.1723,-3.5122,5.988
0.53669,-9.3303,6.026
0.80539,3.1261,5.972
7.0145,-3.0816,5.673
-9.6273,-5.8315,5.629
-3.7342,-12.088,6.101
-3.3658,0.2489,6.069
3.0462,-5.3273,6.263
-9.5629,-0.92207,-6.185
-3.4189,-7.0194,-6.341
-2.8178,5.4468,-6.239
3.0639,-0.50134,-6.239
-6.1476,-3.2668,0.148
0.021213,-9.3564,0.582
0.90651,3.3404,0.069
6.8519,-2.8567,0.058
-13.407,-3.5249,-0.479
-7.4324,-9.705,-0.579
-7.3751,3.1622,-0.758
-0.83085,-2.938,-0.277
-9.4427,-0.85418,-0.753
-3.3432,-6.8759,-0.289
-3.0696,5.6802,-0.11
3.2138,-0.33022,-0.55
-9.751,-5.6979,0.246
-3.5391,-11.816,0.335
-2.967,0.76085,0.199
2.8666,-5.1746,0.373
11.505,-11.747,-3.314
0.095753,-12.686,3.211
6.6747,-6.7765,3.226
13.012,-12.4,3.074
11.714,-5.4924,3.19
5.503,-11.373,2.887
6.5495,-13.07,-3.522
12.58,-6.7942,-3.547
5.4401,-9.3942,-6.32
13.03,-9.0986,5.972
8.8589,-11.976,6.069
2.6618,-13.147,-6.185
9.4069,-6.7779,-6.239
13.131,-8.8844,0.069
4.8496,-9.0626,-0.758
2.7821,-13.079,-0.753
9.1552,-6.5446,-0.11
9.2577,-11.464,0.199
-13.531,0.17848,9.6934
-12.945,12.703,9.5804
-6.7489,6.5424,9.6944
-12.293,5.4401,9.5684
-5.6168,11.605,9.2264
-12.884,9.1227,6.3494
-9.1609,11.723,6.6554
-12.204,2.8683,13.476
-5.3729,9.368,12.952
-13.056,9.2867,12.617
-9.011,11.895,12.344
-9.3581,7.0501,13.267
-7.3589,-6.4099,9.3724
-1.3067,-12.046,9.6934
-0.71983,0.478,9.5804
5.4758,-5.6823,9.6944
-5.6752,-0.8457,9.3724
-0.068589,-6.7847,9.5684
0.35497,5.4306,9.3474
6.6079,-0.62013,9.2264
-13.484,-3.5744,6.4784
-6.7847,2.8305,6.5744
-0.65973,-3.1021,6.3494
-9.5629,-0.92207,6.7094
-3.4189,-7.0195,6.5534
-2.8178,5.4468,6.6554
3.0639,-0.50134,6.6554
-6.1476,-3.2668,13.042
0.021213,-9.3564,13.476
0.90651,3.3404,12.963
6.8519,-2.8567,12.952
-13.407,-3.5249,12.415
-7.4324,-9.705,12.315
-7.3751,3.1622,12.136
-0.83085,-2.938,12.617
-9.4427,-0.85419,12.141
-3.3432,-6.8759,12.605
-3.0696,5.6802,12.784
3.2138,-0.33022,12.344
-9.751,-5.6979,13.14
-3.5391,-11.816,13.229
-2.967,0.76085,13.093
2.8666,-5.1746,13.267
11.505,-11.747,9.5804
6.5495,-13.07,9.3724
12.58,-6.7942,9.3474
5.4401,-9.3942,6.5744
2.6618,-13.147,6.7094
9.4069,-6.7779,6.6554
13.131,-8.8844,12.963
4.8496,-9.0626,12.136
2.7821,-13.079,12.141
9.1552,-6.5446,12.784
9.2577,-11.464,13.093
-6.4009,12.99,-9.9844
-2.8484,13.247,-6.7934
-2.6533,13.519,-12.559
0.98156,12.649,-9.6834
7.0811,6.3909,-9.9444
13.898,12.935,-9.8204
5.8238,0.76518,-9.9844
6.3888,13.962,-10.007
12.264,7.552,-9.7464
5.5912,3.3482,-6.7904
6.9382,9.5984,-6.9064
13.647,3.7803,-6.8684
3.4833,7.2791,-7.2654
9.3763,1.0226,-6.7934
9.7447,13.359,-6.8254
6.963,9.8437,-12.746
13.132,3.7541,-12.312
-0.29689,9.5856,-13.373
5.6782,3.4055,-13.473
12.28,10.173,-13.171
3.6679,12.256,-13.647
9.7674,6.2347,-13.183
3.3596,7.4127,-12.648
9.5715,1.2941,-12.559
10.144,13.871,-12.695
13.206,0.42407,-9.6834
11.928,-2.6391,-13.373
-0.42093,13.289,-3.201
-6.4009,12.99,2.91
-2.8484,13.247,6.101
-2.6533,13.519,0.335
5.7517,6.7006,-3.522
11.804,1.0643,-3.201
12.391,13.589,-3.314
0.98156,12.649,3.211
7.0811,6.3909,2.95
13.898,12.935,3.074
5.8238,0.76518,2.91
6.3888,13.962,2.887
12.264,7.552,3.148
7.4353,12.265,-3.522
13.042,6.3259,-3.326
-0.37326,9.5361,-6.416
5.5912,3.3482,6.104
12.451,10.008,-6.545
6.9382,9.5984,5.988
13.647,3.7803,6.026
3.4833,7.2791,5.629
9.3763,1.0226,6.101
9.7447,13.359,6.069
3.5476,12.188,-6.185
9.6917,6.0911,-6.341
6.963,9.8437,0.148
13.132,3.7541,0.582
-0.29689,9.5856,-0.479
5.6782,3.4055,-0.579
12.28,10.173,-0.277
3.6679,12.256,-0.753
9.7674,6.2347,-0.289
3.3596,7.4127,0.246
9.5715,1.2941,0.335
10.144,13.871,0.199
13.206,0.42406,3.211
11.851,-2.6886,-6.416
11.928,-2.6391,-0.479
-0.42093,13.289,9.6934
-2.6533,13.519,13.229
5.7517,6.7006,9.3724
11.804,1.0643,9.6934
12.391,13.589,9.5804
7.4353,12.265,9.3724
13.042,6.3259,9.5684
-0.37326,9.5361,6.4784
12.451,10.008,6.3494
3.5476,12.188,6.7094
9.6917,6.0911,6.5534
6.963,9.8437,13.042
13.132,3.7541,13.476
-0.29689,9.5856,12.415
5.6782,3.4055,12.315
12.28,10.173,12.617
3.6679,12.256,12.141
9.7674,6.2347,12.605
3.3596,7.4127,13.14
9.5715,1.2941,13.229
10.144,13.871,13.093
11.851,-2.6886,6.4784
11.928,-2.6391,12.415
0,0,0
6.0896,0.12162,0.018
-0.239,-6.3173,0.217
-0.069296,6.3753,0.163
-6.3901,-0.17041,-0.562
-0.09051,-0.0042441,6.4244
-0.09051,-0.0042426,-6.47
5.7926,-6.2438,-0.188
-6.4905,-0.30052,5.851
-6.4321,5.981,-0.188
6.2077,0.1096,6.3284
-0.055154,-6.2862,-6.364
0.40456,6.2226,6.4154
0.40456,6.2226,-6.479
6.2077,0.1096,-6.566
-0.055154,-6.2862,6.5304
6.4404,6.5253,-0.177
-6.6701,-6.5853,-0.177
-6.4905,-0.30052,-7.0434
-5.9383,5.9468,6.192
-5.9383,5.9468,-6.7024
6.2865,-6.278,6.192
6.2865,-6.278,-6.7024
6.5719,6.4814,6.4014
6.5719,6.4814,-6.493
-6.5386,-6.6291,6.4014
-6.5386,-6.6291,-6.493
-0.59256,-12.43,-0.197
12.518,0.68104,-0.197
-12.817,-0.20477,-0.197
5.583e-16,1.4142e-06,-12.894
-5.583e-16,-1.4142e-06,12.894
0.29325,12.906,-0.197
12.155,-5.8495,0.163
5.8346,-12.395,-0.562
-6.1352,12.346,0.018
-12.464,5.9075,0.217
-6.3901,-0.17041,12.332
-0.44236,-12.645,6.298
-12.667,-0.42002,6.298
12.668,0.46578,6.298
-0.239,-6.3173,-12.677
0.44345,12.691,6.298
-0.069296,6.3753,-12.731
6.0896,0.12162,-12.876
-0.44236,-12.645,-6.5964
6.0896,0.12162,12.912
-12.667,-0.42002,-6.5964
12.668,0.46579,-6.5964
0.44345,12.691,-6.5964
-0.069296,6.3753,13.057
12.872,6.7933,0.217
-0.239,-6.3173,13.111
6.7204,12.94,-0.562
-7.021,-12.989,0.018
-13.18,-6.7353,0.163
-6.3901,-0.17041,-13.456
5.7342,-12.525,5.851
-12.28,5.9386,-6.364
-6.0171,12.334,6.3284
-12.28,5.9386,6.5304
-6.0171,12.334,-6.566
5.7926,-6.2438,12.706
12.629,-6.0021,6.4154
12.629,-6.0021,-6.479
-6.4321,5.981,12.706
5.7342,-12.525,-7.0434
6.62,12.81,5.851
5.7926,-6.2438,-13.082
6.4404,6.5253,12.717
-6.4321,5.981,-13.082
-6.6701,-6.5853,12.717
-12.706,-6.8879,6.4154
-12.706,-6.8879,-6.479
6.4404,6.5253,-13.071
-6.9029,-13.001,6.3284
13.055,6.8244,-6.364
6.62,12.81,-7.0434
-6.6701,-6.5853,-13.071
13.055,6.8244,6.5304
-6.9029,-13.001,-6.566
-12.225,12.225,-1.0586e-15
12.225,-12.225,1.0586e-15
-0.59256,-12.43,12.697
12.518,0.68104,12.697
-12.817,-0.20477,12.697
-0.59256,-12.43,-13.091
0.29325,12.906,12.697
12.518,0.68104,-13.091
-12.817,-0.20477,-13.091
0.29325,12.906,-13.091
12.134,-12.229,6.4244
12.134,-12.229,-6.47
5.8346,-12.395,12.332
-12.315,12.221,6.4244
-12.315,12.221,-6.47
-13.111,-13.111,0
13.111,13.111,0
12.155,-5.8495,-12.731
-12.464,5.9075,-12.677
12.155,-5.8495,13.057
-6.1352,12.346,-12.876
-6.1352,12.346,12.912
-12.464,5.9075,13.111
6.7204,12.94,12.332
5.8346,-12.395,-13.456
12.872,6.7933,-12.677
-13.18,-6.7353,-12.731
13.02,13.106,6.4244
13.02,13.106,-6.47
12.872,6.7933,13.111
-7.021,-12.989,-12.876
-7.021,-12.989,12.912
-13.201,-13.115,6.4244
-13.201,-13.115,-6.47
-13.18,-6.7353,13.057
6.7204,12.94,-13.456
12.225,-12.225,-12.894
-12.225,12.225,12.894
-12.225,12.225,-12.894
12.225,-12.225,12.894
-13.111,-13.111,-12.894
13.111,13.111,12.894
-13.111,-13.111,12.894
13.111,13.111,-12.894
