-9.1716,-3.7623,-8.8602
-3.7537,-9.1674,-8.6902
-9.5959,-9.2565,-8.7572
-9.1716,-3.7623,2.708
-3.7537,-9.1674,2.878
-8.3323,-8.5006,-2.724
-9.5959,-9.2565,2.811
-8.3323,-8.5006,8.8442
-8.473,7.7404,-8.8252
-8.9594,2.2292,-8.5432
-2.9208,8.1774,-8.7932
-3.1339,2.3971,-8.7532
2.3639,-3.0964,-8.8252
2.9048,8.3142,-8.8602
8.3226,2.909,-8.6902
-3.549,-3.2732,-8.5642
1.8774,-8.6076,-8.5432
2.4805,2.8199,-8.7572
7.9161,-2.6594,-8.7932
7.7029,-8.4397,-8.7532
-8.473,7.7404,2.743
-8.3881,-2.473,-2.583
-7.6357,8.8817,-2.938
-7.978,3.0466,-2.883
-1.7434,9.1596,-2.993
-8.9594,2.2292,3.025
-2.9208,8.1774,2.775
-3.1339,2.3971,2.815
2.3639,-3.0964,2.743
2.9048,8.3142,2.708
8.3226,2.909,2.878
-2.931,-8.0971,-3.194
3.2011,-1.9552,-2.938
-2.1623,3.3474,-2.776
-2.5046,-2.3533,-2.874
2.8588,-7.7902,-2.883
3.7441,3.5758,-2.724
9.0934,-1.6773,-2.993
-3.549,-3.2732,3.004
1.8774,-8.6076,3.025
2.4805,2.8199,2.811
7.9161,-2.6594,2.775
7.7029,-8.4397,2.815
8.6745,-7.4894,-2.776
-8.3881,-2.473,8.9852
-7.6357,8.8817,8.6302
-7.978,3.0466,8.6852
-1.7434,9.1596,8.5752
-2.931,-8.0971,8.3742
3.2011,-1.9552,8.6302
-2.1623,3.3474,8.7922
-2.5046,-2.3533,8.6942
2.8588,-7.7902,8.6852
3.7441,3.5758,8.8442
9.0934,-1.6773,8.5752
8.6745,-7.4894,8.7922
8.5274,8.8032,-8.5642
3.6883,9.6034,-2.583
9.1454,3.9793,-3.194
9.5718,9.7232,-2.874
8.5274,8.8032,3.004
3.6883,9.6034,8.9852
9.1454,3.9793,8.3742
9.5718,9.7232,8.6942
-8.2672,-8.5741,-8.7412
-8.8626,-3.8266,-3.015
-3.5437,-9.4325,-2.918
-8.2672,-8.5741,2.827
-9.6284,-9.2296,-2.87
-8.8626,-3.8266,8.5532
-3.5437,-9.4325,8.6502
-9.6284,-9.2296,8.6982
-8.5684,-2.3945,-8.7842
-7.7779,9.0507,-8.6182
-2.5672,3.7651,-8.9682
-7.623,2.9024,-8.6212
-1.5999,8.835,-9.0352
-3.0094,-7.8758,-8.7932
3.0589,-1.7862,-8.6182
8.2696,-7.0718,-8.9682
-2.2316,-2.564,-8.5142
3.2138,-7.9344,-8.6212
3.8092,3.5023,-8.7412
9.2369,-2.0018,-9.0352
-8.3436,7.5658,-2.934
-8.5684,-2.3945,2.784
-7.7779,9.0507,2.95
-2.5672,3.7651,2.6
-7.623,2.9024,2.947
-1.5999,8.835,2.533
-9.3964,2.587,-2.777
-3.082,8.5578,-2.702
-3.0278,2.1284,-2.81
2.4933,-3.2711,-2.934
3.2138,8.2498,-3.015
8.5327,2.6439,-2.918
-3.0094,-7.8758,2.775
3.0589,-1.7862,2.95
8.2696,-7.0718,2.6
-2.2316,-2.564,3.054
3.2138,-7.9344,2.947
3.8092,3.5023,2.827
9.2369,-2.0018,2.533
-3.8997,-2.8772,-2.924
1.4404,-8.2498,-2.777
2.448,2.8468,-2.87
7.7548,-2.279,-2.702
7.809,-8.7084,-2.81
-8.3436,7.5658,8.6342
-9.3964,2.587,8.7912
-3.082,8.5578,8.8662
-3.0278,2.1284,8.7582
2.4933,-3.2711,8.6342
3.2138,8.2498,8.5532
8.5327,2.6439,8.6502
-3.8997,-2.8772,8.6442
1.4404,-8.2498,8.7912
2.448,2.8468,8.6982
7.7548,-2.279,8.8662
7.809,-8.7084,8.7582
3.508,9.6819,-8.7842
9.0669,4.2007,-8.7932
9.8448,9.5124,-8.5142
3.508,9.6819,2.784
9.0669,4.2007,2.775
9.8448,9.5124,3.054
8.1767,9.1992,-2.924
8.1767,9.1992,8.6442
-10.91,-3.3998,-6.1112
-10.892,-3.2704,-11.533
-11.391,-6.713,-8.7752
-5.7817,-11.96,-8.4582
-6.4542,-5.4148,-8.7612
-12.397,-11.25,-8.7562
-5.489,-8.6102,-6.0322
-9.0606,-11.123,-6.0402
-5.6332,-8.6639,-11.255
-12.309,-9.0153,-11.883
-8.7183,-6.5306,-11.899
-3.2453,-11.876,-11.91
-9.1511,-11.247,-11.232
-12.222,-5.8237,-2.955
-10.91,-3.3998,5.457
-10.892,-3.2704,0.035
-6.6776,-11.364,-2.696
-11.391,-6.713,2.793
-5.7817,-11.96,3.11
-6.4542,-5.4148,2.807
-12.397,-11.25,2.812
-11.727,-12.369,-2.839
-5.5646,-6.3524,-3.005
-12.583,-9.0387,-5.508
-5.489,-8.6102,5.536
-9.0606,-11.123,5.528
-8.7975,-6.6777,-5.505
-3.239,-11.873,-5.533
-5.6332,-8.6639,0.313
-12.309,-9.0153,-0.315
-8.7183,-6.5306,-0.331
-3.2453,-11.876,-0.342
-9.1511,-11.247,0.336
-12.222,-5.8237,8.6132
-10.892,-3.2704,11.603
-6.6776,-11.364,8.8722
-11.727,-12.369,8.7292
-5.5646,-6.3524,8.5632
-12.583,-9.0387,6.0602
-8.7975,-6.6777,6.0632
-3.239,-11.873,6.0352
-5.6332,-8.6639,11.881
-12.309,-9.0153,11.253
-8.7183,-6.5306,11.237
-3.2453,-11.876,11.226
-9.1511,-11.247,11.904
-10.565,4.9834,-8.5262
-4.5422,10.953,-8.4582
-11.85,0.083866,-8.7002
-11.157,11.663,-8.7562
-5.5901,6.0271,-8.7432
-10.437,8.0303,-6.0302
-4.82,2.7553,-6.0552
1.1663,8.6766,-6.1112
-8.4192,0.40913,-6.0202
-7.821,11.791,-6.0402
-2.5425,6.433,-6.1192
-10.416,8.1081,-11.338
-5.0088,2.9271,-11.396
1.184,8.806,-11.533
-12.116,2.4668,-12.002
-5.8347,8.6717,-11.976
-8.2007,5.0852,-11.88
-2.0058,11.037,-11.91
-8.5543,0.50035,-11.337
-7.9115,11.666,-11.232
-2.5135,6.3898,-11.46
-5.1916,-0.54023,-8.4362
0.27153,-5.8534,-8.5262
0.68519,5.3634,-8.7752
6.2947,0.11597,-8.4582
5.6222,6.6617,-8.7612
-1.0133,-10.753,-8.7002
-0.32032,0.82661,-8.7562
5.2467,-4.8097,-8.7432
0.39952,-2.8065,-6.0302
6.0168,-8.0815,-6.0552
6.5874,3.4662,-6.0322
12.003,-2.1602,-6.1112
-3.0406,-5.1195,-6.0432
2.4176,-10.428,-6.0202
3.0158,0.95389,-6.0402
8.2944,-4.4039,-6.1192
0.42073,-2.7287,-11.338
5.828,-7.9097,-11.396
6.4432,3.4125,-11.255
12.021,-2.0308,-11.533
-6.3767,-2.8892,-11.654
-1.2792,-8.37,-12.002
-0.23264,3.0611,-11.883
5.0021,-2.1652,-11.976
-2.8065,-0.51407,-11.784
2.6361,-5.7516,-11.88
3.3581,5.5458,-11.899
8.8311,0.20011,-11.91
-3.1509,-5.0417,-11.25
2.2825,-10.336,-11.337
2.9253,0.82944,-11.232
8.3234,-4.447,-11.46
5.6452,-11.377,-8.4362
11.522,-5.4734,-8.7752
10.516,-10.01,-8.7562
10.604,-7.7758,-11.883
8.0303,-11.351,-11.784
-11.784,5.7987,-2.685
-6.201,0.20902,-2.775
-5.4381,11.549,-2.696
-0.14607,6.2527,-2.955
-10.565,4.9834,3.042
-4.5422,10.953,3.11
-11.85,0.083866,2.868
-11.157,11.663,2.812
-5.5901,6.0271,2.825
-10.488,10.544,-2.839
-4.7826,5.1616,-3.03
-10.963,-0.67062,-2.805
-11.731,2.3311,-5.597
-5.6742,8.6922,-5.562
-10.437,8.0303,5.538
-4.82,2.7553,5.513
1.1663,8.6766,5.457
-8.4192,0.40913,5.548
-7.821,11.791,5.528
-2.5425,6.433,5.449
-8.1491,4.8865,-5.501
-1.9994,11.04,-5.533
-10.416,8.1081,0.23
-5.0088,2.9271,0.172
1.184,8.806,0.035
-12.116,2.4668,-0.434
-5.8347,8.6717,-0.408
-8.2007,5.0852,-0.312
-2.0058,11.037,-0.342
-8.5543,0.50035,0.231
-7.9115,11.666,0.336
-2.5135,6.3898,0.108
-0.94682,-5.0381,-2.685
4.6358,-10.628,-2.775
5.3988,0.71206,-2.696
10.691,-4.5842,-2.955
-5.1916,-0.54023,3.132
0.27153,-5.8534,3.042
0.68519,5.3634,2.793
6.2947,0.11597,3.11
5.6222,6.6617,2.807
-1.0133,-10.753,2.868
-0.32032,0.82661,2.812
5.2467,-4.8097,2.825
0.34931,-0.29274,-2.839
6.0542,-5.6752,-3.03
6.5117,5.724,-3.005
-0.12587,-11.507,-2.805
-6.4326,-2.9847,-5.518
-0.89449,-8.5058,-5.597
-0.50629,3.0377,-5.508
5.1626,-2.1447,-5.562
0.39952,-2.8065,5.538
6.0168,-8.0815,5.513
6.5874,3.4662,5.536
12.003,-2.1602,5.457
-3.0406,-5.1195,5.525
2.4176,-10.428,5.548
3.0158,0.95389,5.528
8.2944,-4.4039,5.449
-2.6,-0.46033,-5.505
2.6877,-5.9503,-5.501
3.2789,5.3988,-5.505
8.8374,0.20365,-5.533
0.42073,-2.7287,0.23
5.828,-7.9097,0.172
6.4432,3.4125,0.313
12.021,-2.0308,0.035
-6.3767,-2.8892,-0.086
-1.2792,-8.37,-0.434
-0.23264,3.0611,-0.315
5.0021,-2.1652,-0.408
-2.8065,-0.51407,-0.216
2.6361,-5.7516,-0.312
3.3581,5.5458,-0.331
8.8311,0.20011,-0.342
-3.1509,-5.0417,0.318
2.2825,-10.336,0.231
2.9253,0.82944,0.336
8.3234,-4.447,0.108
5.6452,-11.377,3.132
11.522,-5.4734,2.793
10.516,-10.01,2.812
11.186,-11.13,-2.839
10.331,-7.7991,-5.508
8.2368,-11.297,-5.505
10.604,-7.7758,-0.315
8.0303,-11.351,-0.216
-11.784,5.7987,8.8832
-6.201,0.20902,8.7932
-5.4381,11.549,8.8722
-0.14607,6.2527,8.6132
-10.488,10.544,8.7292
-4.7826,5.1616,8.5382
-10.963,-0.67062,8.7632
-11.731,2.3311,5.9712
-5.6742,8.6922,6.0062
-8.1491,4.8865,6.0672
-1.9994,11.04,6.0352
-10.416,8.1081,11.798
-5.0088,2.9271,11.74
1.184,8.806,11.603
-12.116,2.4668,11.134
-5.8347,8.6717,11.16
-8.2007,5.0852,11.256
-2.0058,11.037,11.226
-8.5543,0.50035,11.799
-7.9115,11.666,11.904
-2.5135,6.3898,11.676
-0.94682,-5.0381,8.8832
4.6358,-10.628,8.7932
5.3988,0.71206,8.8722
10.691,-4.5842,8.6132
0.34931,-0.29274,8.7292
6.0542,-5.6752,8.5382
6.5117,5.724,8.5632
-0.12587,-11.507,8.7632
-6.4326,-2.9847,6.0502
-0.89449,-8.5058,5.9712
-0.50629,3.0377,6.0602
5.1626,-2.1447,6.0062
-2.6,-0.46033,6.0632
2.6877,-5.9503,6.0672
3.2789,5.3988,6.0632
8.8374,0.20365,6.0352
0.42073,-2.7287,11.798
5.828,-7.9097,11.74
6.4432,3.4125,11.881
12.021,-2.0308,11.603
-6.3767,-2.8892,11.482
-1.2792,-8.37,11.134
-0.23264,3.0611,11.253
5.0021,-2.1652,11.16
-2.8065,-0.51407,11.352
2.6361,-5.7516,11.256
3.3581,5.5458,11.237
8.8311,0.20011,11.226
-3.1509,-5.0417,11.886
2.2825,-10.336,11.799
2.9253,0.82944,11.904
8.3234,-4.447,11.676
11.186,-11.13,8.7292
10.331,-7.7991,6.0602
8.2368,-11.297,6.0632
10.604,-7.7758,11.253
8.0303,-11.351,11.352
0.2263,12.16,-8.7002
3.6572,12.486,-6.0202
3.5221,12.577,-11.337
6.8848,11.536,-8.4362
12.348,6.223,-8.5262
11.063,1.3234,-8.7002
11.756,12.903,-8.7562
12.476,9.2699,-6.0302
9.0358,6.957,-6.0432
12.497,9.3477,-11.338
5.6997,9.1872,-11.654
10.797,3.7064,-12.002
9.2699,11.562,-11.784
8.9255,7.0347,-11.25
5.8754,12.285,-2.775
0.2263,12.16,2.868
1.1137,11.406,-2.805
3.6572,12.486,5.548
3.5221,12.577,0.231
11.13,7.0383,-2.685
6.8848,11.536,3.132
12.348,6.223,3.042
11.063,1.3234,2.868
11.756,12.903,2.812
12.426,11.784,-2.839
11.951,0.56896,-2.805
5.6438,9.0917,-5.518
11.182,3.5706,-5.597
12.476,9.2699,5.538
9.0358,6.957,5.525
9.4764,11.616,-5.505
12.497,9.3477,0.23
5.6997,9.1872,-0.086
10.797,3.7064,-0.434
9.2699,11.562,-0.216
8.9255,7.0347,0.318
5.8754,12.285,8.7932
1.1137,11.406,8.7632
3.5221,12.577,11.799
11.13,7.0383,8.8832
12.426,11.784,8.7292
11.951,0.56896,8.7632
5.6438,9.0917,6.0502
11.182,3.5706,5.9712
9.4764,11.616,6.0632
12.497,9.3477,11.798
5.6997,9.1872,11.482
10.797,3.7064,11.134
9.2699,11.562,11.352
8.9255,7.0347,11.886
0,0,0
-0.52043,-5.6427,0.038
0.10889,0.12162,-5.72
5.7184,0.53245,0.087
-5.8114,0.040025,-0.061
0.28991,5.8251,-0.162
0.10889,0.12162,5.8482
5.4313,-5.1866,-0.276
-5.4055,5.6502,-0.276
-0.22627,-5.6385,-5.663
-5.666,-0.23264,-5.781
-5.666,-0.23264,5.7872
0.37618,5.8025,5.735
-0.22627,-5.6385,5.9052
5.8259,0.56074,5.748
0.37618,5.8025,-5.8332
5.8259,0.56074,-5.8202
-5.9058,-5.8251,0.116
6.1706,6.2513,0.116
5.4787,-5.2496,5.595
-5.3582,5.5873,5.595
5.4787,-5.2496,-5.9732
-5.3582,5.5873,-5.9732
-6.0048,-5.8322,-5.692
-6.0048,-5.8322,5.8762
6.0716,6.2442,-5.692
6.0716,6.2442,5.8762
-0.63682,-11.296,0.059
11.44,0.78065,0.059
-11.474,-0.45893,0.059
5.0088e-16,-5.0088e-16,-11.568
-5.0088e-16,5.0088e-16,11.568
0.60276,11.617,0.059
5.0254,-10.797,-0.061
11.127,-5.0117,-0.162
-5.1184,11.369,0.087
-11.357,5.1941,0.038
-11.33,-0.62369,5.751
-11.33,-0.62369,-5.8172
0.28991,5.8251,11.406
-0.49328,-11.461,5.751
0.7463,11.453,5.751
5.7184,0.53245,-11.481
-0.52043,-5.6427,-11.53
-0.49328,-11.461,-5.8172
0.7463,11.453,-5.8172
-5.8114,0.040025,11.507
-0.52043,-5.6427,11.606
11.583,0.61589,5.751
11.583,0.61589,-5.8172
5.7184,0.53245,11.655
-5.8114,0.040025,-11.629
0.28991,5.8251,-11.73
-6.358,-11.544,0.087
11.556,6.4337,0.038
-11.786,-6.2513,-0.162
-11.063,5.1984,-5.663
5.1708,-11.069,-5.781
5.1708,-11.069,5.7872
5.4313,-5.1866,11.292
11.213,-5.0343,5.735
-11.063,5.1984,5.9052
11.213,-5.0343,-5.8332
6.265,12.116,-0.061
-5.011,11.398,5.748
-5.4055,5.6502,11.292
-5.011,11.398,-5.8202
5.4313,-5.1866,-11.844
-5.9058,-5.8251,-11.452
-5.4055,5.6502,-11.844
-6.2505,-11.516,5.748
-5.9058,-5.8251,11.684
-6.2505,-11.516,-5.8202
6.1706,6.2513,-11.452
-11.7,-6.2739,5.735
-11.7,-6.2739,-5.8332
6.1706,6.2513,11.684
11.85,6.4379,-5.663
6.4103,11.844,-5.781
6.4103,11.844,5.7872
11.85,6.4379,5.9052
10.837,-10.837,9.3842e-16
-10.837,10.837,-9.3842e-16
-0.63682,-11.296,-11.509
-0.63682,-11.296,11.627
11.44,0.78065,-11.509
-11.474,-0.45893,-11.509
11.44,0.78065,11.627
-11.474,-0.45893,11.627
10.946,-10.715,-5.72
0.60276,11.617,-11.509
-10.728,10.958,-5.72
10.946,-10.715,5.8482
-10.728,10.958,5.8482
0.60276,11.617,11.627
5.0254,-10.797,11.507
5.0254,-10.797,-11.629
11.127,-5.0117,11.406
11.127,-5.0117,-11.73
-5.1184,11.369,-11.481
-11.357,5.1941,-11.53
-11.357,5.1941,11.606
-5.1184,11.369,11.655
-12.076,-12.076,7.9602e-22
12.076,12.076,-7.9602e-22
-6.358,-11.544,-11.481
11.556,6.4337,-11.53
-11.786,-6.2513,11.406
-6.358,-11.544,11.655
11.556,6.4337,11.606
-11.786,-6.2513,-11.73
6.265,12.116,11.507
-11.968,-11.955,-5.72
-11.968,-11.955,5.8482
6.265,12.116,-11.629
12.185,12.198,-5.72
12.185,12.198,5.8482
-10.837,10.837,-11.568
10.837,-10.837,-11.568
-10.837,10.837,11.568
10.837,-10.837,11.568
-12.076,-12.076,-11.568
-12.076,-12.076,11.568
12.076,12.076,-11.568
12.076,12.076,11.568
