-9.9645,-9.6859,-9.0578
-9.4108,2.2918,-9.1128
-3.8339,-3.2329,-9.0528
-9.8987,-3.5772,-9.0348
-4.1747,-9.3027,-9.0528
1.9988,-9.1179,-9.1128
-9.9645,-9.6859,3.045
-9.4108,2.2918,2.99
-3.8339,-3.2329,3.05
-9.2149,-8.8798,-3.001
-8.7101,-2.7605,-3.097
-3.0426,-8.6104,-2.945
-9.8987,-3.5772,3.068
-4.1747,-9.3027,3.05
1.9988,-9.1179,2.99
-9.2149,-8.8798,9.1018
-8.7101,-2.7605,9.0058
-3.0426,-8.6104,9.1578
-9.1695,8.4101,-8.9208
-2.9769,8.6225,-9.0258
2.5329,2.8115,-9.0578
8.6635,9.2645,-9.0528
-3.4316,2.5449,-9.2458
2.2401,-2.9995,-8.9208
2.5986,8.9202,-9.0348
8.3226,3.1947,-9.0528
8.4327,-2.7872,-9.0258
7.978,-8.8648,-9.2458
-8.6576,3.5919,-3.199
-2.2073,9.6306,-3.063
-8.275,9.207,-2.84
-9.1695,8.4101,3.182
-2.9769,8.6225,3.077
2.5329,2.8115,3.045
8.6635,9.2645,3.05
-3.054,-2.3822,-3.061
2.7521,-7.8178,-3.199
3.2824,3.6176,-3.001
9.2023,-1.7791,-3.063
-2.5321,3.45,-3.19
3.1346,-2.2026,-2.84
3.7873,9.7369,-3.097
9.4547,3.887,-2.945
-3.4316,2.5449,2.857
2.2401,-2.9995,3.182
2.5986,8.9202,3.068
8.3226,3.1947,3.05
8.4327,-2.7872,3.077
8.8775,-7.9597,-3.19
7.978,-8.8648,2.857
-8.6576,3.5919,8.9038
-2.2073,9.6306,9.0398
-8.275,9.207,9.2628
-3.054,-2.3822,9.0418
2.7521,-7.8178,8.9038
3.2824,3.6176,9.1018
9.2023,-1.7791,9.0398
-2.5321,3.45,8.9128
3.1346,-2.2026,9.2628
3.7873,9.7369,9.0058
9.4547,3.887,9.1578
8.8775,-7.9597,8.9128
9.4433,10.115,-3.061
9.4433,10.115,9.0418
-9.3323,-8.3311,-8.9838
-8.5361,-2.9628,-9.1038
-2.839,-8.6896,-8.7878
-9.9666,-10.173,-2.928
-9.3104,2.2522,-3.062
-3.5998,-3.771,-2.914
-9.3323,-8.3311,3.119
-8.5361,-2.9628,2.999
-2.839,-8.6896,3.315
-10.117,-3.2534,-3.099
-4.483,-8.9915,-3.097
2.0992,-9.1575,-3.062
-9.9666,-10.173,9.1748
-9.3104,2.2522,9.0408
-3.5998,-3.771,9.1888
-10.117,-3.2534,9.0038
-4.483,-8.9915,9.0058
2.0992,-9.1575,9.0408
-8.6696,3.5869,-9.2878
-2.3813,10.003,-9.0818
-7.7313,8.8146,-8.8378
-2.9635,-2.023,-9.0968
2.74,-7.8227,-9.2878
3.165,4.1663,-8.9838
9.0283,-1.4071,-9.0818
-2.069,3.1622,-9.2708
3.6784,-2.5951,-8.8378
3.9612,9.5346,-9.1038
9.6584,3.8078,-8.7878
9.3406,-8.2475,-9.2708
-8.6696,3.5869,2.815
-2.3813,10.003,3.021
-7.7313,8.8146,3.265
-9.6652,8.6654,-2.868
-2.8808,8.2929,-3.016
2.5307,2.3243,-2.928
8.8975,8.7264,-2.914
-2.9635,-2.023,3.006
2.74,-7.8227,2.815
3.165,4.1663,3.119
9.0283,-1.4071,3.021
-2.069,3.1622,2.832
3.6784,-2.5951,3.265
3.9612,9.5346,2.999
9.6584,3.8078,3.315
-3.8226,2.6898,-3.191
1.7444,-2.7443,-2.868
2.3808,9.244,-3.099
8.0143,3.5058,-3.097
8.5289,-3.1167,-3.016
9.3406,-8.2475,2.832
7.587,-8.7198,-3.191
-9.6652,8.6654,9.2348
-2.8808,8.2929,9.0868
2.5307,2.3243,9.1748
8.8975,8.7264,9.1888
-3.8226,2.6898,8.9118
1.7444,-2.7443,9.2348
2.3808,9.244,9.0038
8.0143,3.5058,9.0058
8.5289,-3.1167,9.0868
7.587,-8.7198,8.9118
9.5338,10.474,-9.0968
9.5339,10.474,3.006
-11.422,2.6437,-6.5608
-11.561,2.6175,-11.904
-12.069,-12.821,-9.2328
-11.428,-0.66607,-9.1568
-5.6186,-6.3724,-9.1838
-12.961,-5.7459,-9.1108
-7.2032,-11.504,-9.0408
-12.018,-9.3239,-6.4058
-5.6653,-2.9642,-6.1558
-0.011951,-8.766,-6.5608
-9.4158,-5.6413,-6.3378
-3.8049,-11.47,-6.5618
-11.826,-9.6272,-11.87
-5.6038,-3.119,-11.813
-0.15125,-8.7921,-11.904
-12.822,-3.3198,-12.479
-7.3065,-9.0064,-12.391
-9.6116,-13.132,-12.184
-9.1287,-0.69294,-12.463
-3.2901,-6.4976,-12.367
-9.3762,-5.5691,-11.766
-3.7837,-11.187,-12.043
-0.01857,-12.076,-9.1568
2.2809,-12.103,-12.463
-12.614,0.052851,-3.238
-11.597,5.3491,-2.978
-11.422,2.6437,5.542
-11.561,2.6175,0.199
-13.228,-11.871,-3.274
-7.1863,-5.659,-3.006
-1.2041,-11.357,-3.238
-12.069,-12.821,2.87
-11.428,-0.66607,2.946
-5.6186,-6.3724,2.919
-12.961,-5.7459,2.992
-7.2032,-11.504,3.062
-11.817,-6.7924,-3.05
-6.3787,-12.734,-2.931
-5.9863,-0.71698,-2.996
-0.18731,-6.0606,-2.978
-12.573,-3.1897,-5.93
-7.0851,-8.9279,-5.963
-12.018,-9.3239,5.697
-5.6653,-2.9642,5.947
-0.01195,-8.766,5.542
-9.4158,-5.6413,5.765
-3.8049,-11.47,5.541
-9.6477,-12.704,-5.741
-9.0643,-0.61162,-5.605
-3.585,-6.3116,-5.536
-11.826,-9.6272,0.233
-5.6038,-3.119,0.29
-0.15125,-8.7921,0.199
-12.822,-3.3198,-0.376
-7.3065,-9.0064,-0.288
-9.6116,-13.132,-0.081
-9.1287,-0.69294,-0.36
-3.2901,-6.4976,-0.264
-9.3762,-5.5691,0.337
-3.7837,-11.187,0.06
-0.018569,-12.076,2.946
5.4233,-12.127,-2.996
2.3453,-12.021,-5.605
2.2809,-12.103,-0.36
-12.614,0.052851,8.8648
-11.597,5.3491,9.1248
-11.561,2.6175,12.302
-13.228,-11.871,8.8288
-7.1863,-5.659,9.0968
-1.2041,-11.357,8.8648
-11.817,-6.7924,9.0528
-6.3787,-12.734,9.1718
-5.9863,-0.71698,9.1068
-0.18731,-6.0606,9.1248
-12.573,-3.1897,6.1728
-7.0851,-8.9279,6.1398
-9.6477,-12.704,6.3618
-9.0643,-0.61162,6.4978
-3.585,-6.3116,6.5668
-11.826,-9.6272,12.336
-5.6037,-3.119,12.393
-0.15125,-8.7921,12.302
-12.822,-3.3198,11.727
-7.3065,-9.0064,11.815
-9.6116,-13.132,12.022
-9.1287,-0.69294,11.743
-3.2901,-6.4976,11.839
-9.3762,-5.5691,12.44
-3.7837,-11.187,12.163
5.4233,-12.127,9.1068
2.3453,-12.021,6.4978
2.2809,-12.103,11.743
-10.981,11.086,-9.2328
-12.214,6.4698,-8.9418
-6.1155,12.403,-9.0408
-4.9735,8.9603,-6.2278
-8.9277,6.5533,-6.2268
-2.7172,12.437,-6.5618
-5.0153,8.9341,-11.633
-12.615,8.6237,-12.34
-8.5239,10.775,-12.184
-8.77,6.3927,-11.747
-2.6959,12.72,-12.043
-5.147,5.4893,-9.0888
0.42851,-0.32385,-9.2328
1.0691,11.831,-9.1568
6.8787,6.125,-9.1838
-6.4764,0.31325,-8.9858
-0.80469,-4.9398,-8.9418
-0.46386,6.7515,-9.1108
5.2941,0.99349,-9.0408
0.47942,3.1735,-6.4058
6.4361,-2.4494,-6.2278
6.8321,9.5332,-6.1558
12.485,3.7314,-6.5608
-3.2421,0.56215,-6.5398
2.4819,-4.8564,-6.2268
3.0816,6.8561,-6.3378
8.6925,1.0274,-6.5618
0.67104,2.8701,-11.87
6.3944,-2.4756,-11.633
6.8936,9.3784,-11.813
12.346,3.7052,-11.904
-6.5648,3.1,-12.576
-1.2049,-2.786,-12.34
-0.32456,9.1775,-12.479
5.1909,3.491,-12.391
-2.7669,5.4765,-12.5
2.8857,-0.63427,-12.184
3.3687,11.804,-12.463
9.2072,5.9998,-12.367
-3.1502,0.68519,-11.937
2.6396,-5.0169,-11.747
3.1212,6.9282,-11.766
8.7137,1.3103,-12.043
6.2626,-5.9204,-9.0888
11.838,-11.734,-9.2328
12.479,0.42164,-9.1568
4.9332,-11.096,-8.9858
10.946,-4.6582,-9.1108
11.889,-8.2362,-6.4058
8.1675,-10.848,-6.5398
12.081,-8.5395,-11.87
4.8448,-8.3097,-12.576
11.085,-2.2321,-12.479
8.6427,-5.9331,-12.5
8.2595,-10.724,-11.937
-12.141,12.036,-3.274
-6.3319,6.561,-3.135
-0.11642,12.55,-3.238
-10.981,11.086,2.87
-12.214,6.4698,3.161
-6.1155,12.403,3.062
-5.291,11.173,-2.931
-12.289,8.5402,-5.635
-4.9735,8.9602,5.875
-8.9277,6.5533,5.876
-2.7172,12.437,5.541
-8.56,11.203,-5.741
-5.0153,8.9341,0.47
-12.615,8.6237,-0.237
-8.5239,10.775,-0.081001
-8.77,6.3927,0.356
-2.6959,12.72,0.059999
-0.73115,0.6265,-3.274
5.0777,-4.8486,-3.135
5.3111,6.8384,-3.006
11.293,1.1406,-3.238
-5.147,5.4893,3.014
0.42851,-0.32385,2.87
1.0691,11.831,2.946
6.8787,6.125,2.919
-6.4764,0.31325,3.117
-0.80469,-4.9398,3.161
-0.46386,6.7515,2.992
5.2941,0.99349,3.062
0.68024,5.7049,-3.05
6.1186,-0.23688,-2.931
6.511,11.78,-2.996
12.31,6.4368,-2.978
-6.6263,3.1176,-5.706
-0.87964,-2.8694,-5.635
-0.07566,9.3076,-5.93
5.4122,3.5695,-5.963
0.47942,3.1735,5.697
6.4361,-2.4494,5.875
6.8321,9.5332,5.947
12.485,3.7314,5.542
-3.2421,0.56215,5.563
2.4819,-4.8564,5.876
3.0816,6.8561,5.765
8.6925,1.0274,5.541
-2.9105,5.3641,-5.758
2.8496,-0.20648,-5.741
3.433,11.886,-5.605
8.9124,6.1858,-5.536
0.67104,2.8701,0.233
6.3944,-2.4756,0.47
6.8936,9.3784,0.29
12.346,3.7052,0.199
-6.5648,3.1,-0.473
-1.2049,-2.786,-0.237
-0.32456,9.1775,-0.376
5.1909,3.491,-0.288
-2.7669,5.4765,-0.397
2.8857,-0.63427,-0.081
3.3687,11.804,-0.36
9.2072,5.9998,-0.264
-3.1502,0.68519,0.166
2.6396,-5.0169,0.356
3.1212,6.9282,0.337
8.7137,1.3103,0.06
10.678,-10.783,-3.274
6.2626,-5.9204,3.014
11.838,-11.734,2.87
12.479,0.42164,2.946
4.9332,-11.096,3.117
10.946,-4.6582,2.992
12.09,-5.7047,-3.05
4.7833,-8.292,-5.706
11.334,-2.102,-5.93
11.889,-8.2362,5.697
8.1675,-10.848,5.563
8.4992,-6.0456,-5.758
12.081,-8.5395,0.233
4.8448,-8.3097,-0.473
11.085,-2.2321,-0.376
8.6427,-5.9331,-0.397
8.2595,-10.724,0.166
-12.141,12.036,8.8288
-6.3319,6.561,8.9678
-0.11642,12.55,8.8648
-5.291,11.173,9.1718
-12.289,8.5402,6.4678
-8.56,11.203,6.3618
-5.0153,8.9341,12.573
-12.615,8.6237,11.866
-8.5239,10.775,12.022
-8.77,6.3927,12.459
-2.6959,12.72,12.163
-0.73115,0.6265,8.8288
5.0777,-4.8486,8.9678
5.3111,6.8384,9.0968
11.293,1.1406,8.8648
0.68024,5.7049,9.0528
6.1186,-0.23688,9.1718
6.511,11.78,9.1068
12.31,6.4368,9.1248
-6.6263,3.1176,6.3968
-0.87964,-2.8694,6.4678
-0.07566,9.3076,6.1728
5.4122,3.5695,6.1398
-2.9105,5.3641,6.3448
2.8496,-0.20648,6.3618
3.433,11.886,6.4978
8.9124,6.1858,6.5668
0.67105,2.8701,12.336
6.3944,-2.4756,12.573
6.8936,9.3784,12.393
12.346,3.7052,12.302
-6.5648,3.1,11.63
-1.2049,-2.786,11.866
-0.32456,9.1775,11.727
5.1909,3.491,11.815
-2.7669,5.4765,11.706
2.8857,-0.63428,12.022
3.3687,11.804,11.743
9.2072,5.9998,11.839
-3.1502,0.68519,12.269
2.6396,-5.0169,12.459
3.1212,6.9282,12.44
8.7137,1.3103,12.163
10.678,-10.783,8.8288
12.09,-5.7047,9.0528
4.7833,-8.292,6.3968
11.334,-2.102,6.1728
8.4992,-6.0456,6.3448
12.081,-8.5395,12.336
4.8448,-8.3097,11.63
11.085,-2.2321,11.727
8.6427,-5.9331,11.706
8.2595,-10.724,12.269
12.926,12.174,-9.2328
6.0209,12.811,-8.9858
11.693,7.5575,-8.9418
9.2552,13.06,-6.5398
11.292,9.7114,-12.34
9.3472,13.183,-11.937
11.766,13.124,-3.274
12.926,12.174,2.87
6.0209,12.811,3.117
11.693,7.5575,3.161
11.618,9.6279,-5.635
9.2552,13.06,5.563
11.292,9.7114,-0.237
9.3472,13.183,0.166
11.766,13.124,8.8288
11.618,9.6279,6.4678
11.292,9.7114,11.866
9.3472,13.183,12.269
0,0,0
-0.39315,-5.729,-0.097
5.8336,0.46103,0.064
-0.43416,0.074953,5.977
-6.1009,0.12587,-0.238
-0.43416,0.074954,-6.1258
0.11738,6.1631,0.122
5.6587,-5.4254,0.209
5.717,0.48013,-5.842
-5.7509,5.9842,0.209
-0.55501,-5.8569,5.952
5.717,0.48012,6.2608
0.088388,6.0776,-5.936
-0.55501,-5.8569,-6.1508
0.088389,6.0776,6.1668
-6.2918,0.13011,-6.047
-6.2918,0.13011,6.0558
-6.3243,-6.0783,0.108
6.173,6.4191,0.108
5.2984,-5.1753,6.007
5.2984,-5.1753,-6.0958
-6.4975,-5.8782,-5.947
-6.1113,6.2344,6.007
-6.1113,6.2344,-6.0958
-6.4975,-5.8782,6.1558
5.9998,6.6192,-5.947
5.9998,6.6192,6.1558
-0.51849,-11.733,0.087001
-11.928,-0.32312,0.087
11.979,0.76459,0.087001
-7.0711e-07,7.0711e-07,-12.103
7.0711e-07,-7.0711e-07,12.103
0.56922,12.174,0.087
5.3087,-11.284,-0.238
11.527,-5.2465,0.122
-11.803,5.6807,-0.097001
-5.576,11.871,0.063999
11.628,0.78277,6.033
11.628,0.78277,-6.0698
-0.86896,-11.715,6.033
-0.86896,-11.715,-6.0698
-0.39315,-5.729,12.006
-6.1009,0.12586,11.865
5.8336,0.46103,-12.039
0.11738,6.1631,-11.981
-0.39315,-5.729,-12.2
5.8336,0.46103,12.167
0.21875,12.192,6.033
0.21875,12.192,-6.0698
-12.279,-0.30494,6.033
0.11738,6.1631,12.225
-12.279,-0.30494,-6.0698
-6.6637,-12.036,0.064
-6.1009,0.12587,-12.341
5.1178,-11.28,-6.047
5.1178,-11.28,6.0558
12.104,6.7684,-0.097
-12.38,-6.3342,0.122
11.498,-5.3321,-5.936
11.498,-5.3321,6.1668
6.3964,12.623,-0.238
5.6587,-5.4254,-11.894
-5.6927,11.89,-5.842
-11.965,5.5527,5.952
-5.7509,5.9842,-11.894
-11.965,5.5527,-6.1508
-5.6927,11.89,6.2608
5.6587,-5.4254,12.312
-5.7509,5.9842,12.312
-6.3243,-6.0783,-11.995
11.942,6.6404,5.952
6.173,6.4191,-11.995
-6.7804,-12.017,-5.842
11.942,6.6404,-6.1508
-6.3243,-6.0783,12.211
6.173,6.4191,12.211
-6.7804,-12.017,6.2608
-12.409,-6.4198,-5.936
-12.409,-6.4198,6.1668
6.2055,12.627,-6.047
6.2055,12.627,6.0558
-11.41,11.41,-1e-06
11.41,-11.41,1e-06
-0.51849,-11.733,-12.016
10.975,-11.335,5.977
10.975,-11.335,-6.1258
-0.51849,-11.733,12.19
-11.928,-0.32312,-12.016
11.979,0.76459,-12.016
-11.928,-0.32312,12.19
11.979,0.76459,12.19
0.56922,12.174,-12.016
5.3087,-11.284,11.865
0.56922,12.174,12.19
11.527,-5.2465,-11.981
5.3087,-11.284,-12.341
-11.844,11.485,5.977
-11.844,11.485,-6.1258
11.527,-5.2465,12.225
-12.497,-12.497,1.9594e-21
12.497,12.497,-1.9594e-21
-11.803,5.6807,12.006
-5.576,11.871,-12.039
-5.576,11.871,12.167
-11.803,5.6807,-12.2
-6.6637,-12.036,-12.039
12.104,6.7684,12.006
-12.38,-6.3342,-11.981
-6.6637,-12.036,12.167
12.063,12.572,5.977
6.3964,12.623,11.865
12.063,12.572,-6.1258
12.104,6.7684,-12.2
-12.38,-6.3342,12.225
6.3964,12.623,-12.341
-12.931,-12.422,5.977
-12.931,-12.422,-6.1258
11.41,-11.41,-12.103
-11.41,11.41,12.103
-11.41,11.41,-12.103
11.41,-11.41,12.103
-12.497,-12.497,-12.103
12.497,12.497,12.103
-12.497,-12.497,12.103
12.497,12.497,-12.103
