-3.8322,-9.3067,-8.7292
-9.3908,-3.9673,-8.8492
-9.6694,-9.7034,-8.4592
-3.8322,-9.3067,2.839
-9.3908,-3.9673,2.719
-8.5324,-8.5861,-2.853
-9.6694,-9.7034,3.109
-8.5324,-8.5861,8.7152
-8.3941,7.3065,-8.8082
-3.2711,2.0039,-8.6352
8.2442,2.7697,-8.7292
2.6856,8.1091,-8.8492
-8.9993,1.7119,-8.6362
-3.5476,-3.5857,-8.6442
-2.926,7.8432,-8.6472
2.407,2.3731,-8.4592
2.4428,-3.5303,-8.8082
7.5657,-8.8329,-8.6352
1.8375,-9.1249,-8.6362
7.9108,-2.9936,-8.6472
-7.7241,8.6024,-3.033
-8.3941,7.3065,2.76
-3.2711,2.0039,2.933
8.2442,2.7697,2.839
2.6856,8.1091,2.719
-8.271,-2.9437,-2.878
-2.9225,-8.2215,-3.102
-2.2097,3.1855,-3.019
3.1127,-2.2345,-3.033
-7.8609,2.7231,-2.768
-2.4989,-2.8072,-3.165
-1.7953,8.7306,-2.893
3.544,3.4903,-2.853
-8.9993,1.7119,2.932
-3.5476,-3.5857,2.924
-2.926,7.8432,2.921
2.407,2.3731,3.109
2.4428,-3.5303,2.76
7.5657,-8.8329,2.933
8.6271,-7.6513,-3.019
2.9759,-8.1138,-2.768
9.0415,-2.1062,-2.893
1.8375,-9.1249,2.932
7.9108,-2.9936,2.921
-7.7241,8.6024,8.5352
-8.271,-2.9437,8.6902
-2.9225,-8.2215,8.4662
-2.2097,3.1855,8.5492
3.1127,-2.2345,8.5352
-7.8609,2.7231,8.8002
-2.4989,-2.8072,8.4032
-1.7953,8.7306,8.6752
3.544,3.4903,8.7152
8.6271,-7.6513,8.5492
2.9759,-8.1138,8.8002
9.0415,-2.1062,8.6752
8.5288,8.4907,-8.6442
3.8054,9.1327,-2.878
9.1539,3.8549,-3.102
9.5775,9.2692,-3.165
8.5288,8.4907,2.924
3.8054,9.1327,8.6902
9.1539,3.8549,8.4662
9.5775,9.2692,8.4032
-8.4256,-8.8881,-8.5952
-8.8188,-4.3371,-2.834
-8.4256,-8.8881,2.973
-9.7557,-9.4403,-2.921
-3.5709,-9.4987,-2.668
-8.8188,-4.3371,8.7342
-9.7557,-9.4403,8.6472
-3.5709,-9.4987,8.9002
-7.9009,8.7183,-8.7592
-8.5404,-2.7492,-8.6642
-3.1261,-8.0094,-8.4922
-2.5371,3.305,-8.7032
2.9359,-2.1185,-8.7592
-7.7555,2.523,-8.8002
-2.1991,-2.9345,-8.6502
-1.5995,8.5362,-8.6502
3.6508,3.1883,-8.5952
8.2997,-7.5318,-8.7032
3.0813,-8.3139,-8.8002
9.2373,-2.3006,-8.6502
-7.9009,8.7183,2.809
-8.4273,7.2889,-2.902
-2.873,1.8463,-3.012
3.2576,7.7393,-2.834
-8.5404,-2.7492,2.904
-3.1261,-8.0094,3.076
-2.5371,3.305,2.865
2.9359,-2.1185,2.809
-7.7555,2.523,2.768
-2.1991,-2.9345,2.918
-1.5995,8.5362,2.918
3.6508,3.1883,2.973
-9.1698,2.0039,-2.775
-3.9054,-3.2492,-2.935
-3.1091,8.0179,-2.909
2.3207,2.6361,-2.921
2.4095,-3.548,-2.902
7.9638,-8.9906,-3.012
8.5055,2.5777,-2.668
8.2997,-7.5318,2.865
3.0813,-8.3139,2.768
9.2373,-2.3006,2.918
1.6671,-8.8329,-2.775
7.7277,-2.819,-2.909
-8.4273,7.2889,8.6662
-2.873,1.8463,8.5562
3.2576,7.7393,8.7342
-9.1698,2.0039,8.7932
-3.9054,-3.2492,8.6332
-3.1091,8.0179,8.6592
2.3207,2.6361,8.6472
2.4095,-3.548,8.6662
7.9638,-8.9906,8.5562
8.5055,2.5777,8.9002
1.6671,-8.8329,8.7932
7.7277,-2.819,8.6592
3.536,9.3272,-8.6642
8.9503,4.067,-8.4922
9.8773,9.1419,-8.6502
3.536,9.3272,2.904
8.9503,4.067,3.076
9.8773,9.1419,2.918
8.171,8.8273,-2.935
8.171,8.8273,8.6332
-11.37,-6.8573,-8.6412
-11.955,-0.24227,-8.8572
-6.5207,-5.6962,-8.7522
-12.626,-11.653,-8.6712
-11.138,-3.6682,-5.9522
-5.7365,-8.9849,-6.1482
-9.1907,-11.545,-6.0942
-11.216,-3.4745,-11.385
-5.5654,-8.9241,-11.332
-12.513,-9.3286,-12.057
-9.0882,-6.964,-11.723
-9.3781,-11.376,-11.264
-5.7849,-12.312,-8.6132
-1.118,-11.079,-8.8572
-3.6572,-12.422,-11.974
-12.207,-6.1919,-2.808
-6.7561,-11.417,-2.823
-11.37,-6.8573,2.927
-11.955,-0.24227,2.711
-6.5207,-5.6962,2.816
-12.626,-11.653,2.897
-11.842,-12.595,-2.914
-5.6156,-6.6423,-3.072
-12.285,-9.3717,-5.582
-11.138,-3.6682,5.616
-5.7365,-8.9849,5.42
-9.1907,-11.545,5.474
-8.7594,-6.8799,-5.45
-11.216,-3.4745,0.183
-5.5654,-8.9241,0.236
-12.513,-9.3286,-0.489
-9.0882,-6.964,-0.155
-9.3781,-11.376,0.304
-5.7849,-12.312,2.955
-1.118,-11.079,2.711
-3.4436,-12.313,-5.518
-3.6572,-12.422,-0.406
-12.207,-6.1919,8.7602
-6.7561,-11.417,8.7452
-11.842,-12.595,8.6542
-5.6156,-6.6423,8.4962
-12.285,-9.3717,5.9862
-8.7594,-6.8799,6.1182
-11.216,-3.4745,11.751
-5.5654,-8.9241,11.804
-12.513,-9.3286,11.079
-9.0882,-6.964,11.413
-9.3781,-11.376,11.872
-3.4436,-12.313,6.0502
-3.6572,-12.422,11.162
-11.386,11.26,-8.6712
-10.364,7.8401,-6.3382
-7.9511,11.368,-6.0942
-10.601,7.8889,-11.22
-8.1385,11.537,-11.264
-10.733,4.3876,-8.7022
-5.2064,-0.88742,-8.5252
-4.5453,10.601,-8.6132
0.7064,5.2192,-8.6412
0.12162,11.834,-8.8572
5.5557,6.3802,-8.7522
-5.7276,5.5635,-8.7852
-0.54942,0.42356,-8.6712
-4.9589,2.3483,-5.9952
0.47235,-2.9967,-6.3382
0.93833,8.4082,-5.9522
6.3399,3.0915,-6.1482
-8.6776,-0.10465,-6.0492
-3.2527,-5.2991,-5.9022
-2.5739,5.8761,-6.0022
2.8857,0.53104,-6.0942
-4.9158,2.5343,-11.22
0.23547,-2.9479,-11.22
0.86055,8.602,-11.385
6.511,3.1523,-11.332
-11.939,2.4077,-11.922
-6.4283,-3.136,-11.842
-5.8739,8.3135,-11.993
-0.43699,2.7478,-12.057
-8.3439,4.6895,-11.728
-2.9147,-0.94328,-12.043
-2.4176,10.491,-11.974
2.9882,5.1124,-11.723
-8.812,-0.14284,-11.223
-3.3361,-5.3768,-11.347
-2.5428,6.026,-11.356
2.6983,0.70004,-11.264
0.10364,-6.4492,-8.7022
5.6304,-11.724,-8.5252
6.2915,-0.23589,-8.6132
11.543,-5.6177,-8.6412
10.958,0.9973,-8.8572
5.1093,-5.2733,-8.7852
10.287,-10.413,-8.6712
5.8779,-8.4885,-5.9952
11.775,-2.4286,-5.9522
2.1592,-10.941,-6.0492
8.2629,-4.9608,-6.0022
5.921,-8.3026,-11.22
11.697,-2.2349,-11.385
-1.1027,-8.4291,-11.922
4.9629,-2.5234,-11.993
10.4,-8.089,-12.057
2.493,-6.1473,-11.728
7.9221,-11.78,-12.043
8.4192,-0.3455,-11.974
2.0249,-10.98,-11.223
8.2941,-4.8109,-11.356
-11.581,5.3886,-2.983
-5.5165,11.496,-2.823
-11.386,11.26,2.897
-10.603,10.319,-2.914
-10.364,7.8401,5.23
-7.9511,11.368,5.474
-10.601,7.8889,0.348
-8.1385,11.537,0.304
-6.2098,0.14142,-2.701
-0.74458,-5.4483,-2.983
-0.13011,5.8845,-2.808
5.3203,0.65902,-2.823
-10.733,4.3876,2.866
-5.2064,-0.88742,3.043
-4.5453,10.601,2.955
0.7064,5.2192,2.927
0.12162,11.834,2.711
5.5557,6.3802,2.816
-5.7276,5.5635,2.783
-0.54942,0.42356,2.897
-4.9568,4.879,-2.925
0.23405,-0.51831,-2.914
-10.906,-1.1943,-3.034
6.4608,5.4341,-3.072
-11.633,2.2861,-5.598
-6.5033,-3.1431,-5.538
-5.7898,8.1614,-5.489
-0.2086,2.7047,-5.582
-4.9589,2.3483,5.573
0.47235,-2.9967,5.23
0.93833,8.4082,5.616
6.3399,3.0915,5.42
-8.6776,-0.10465,5.519
-3.2527,-5.2991,5.666
-2.5739,5.8761,5.566
2.8857,0.53104,5.474
-8.2413,4.6662,-5.441
-2.8984,-0.86479,-5.474
-2.2041,10.6,-5.518
3.317,5.1965,-5.45
-4.9158,2.5343,0.348
0.23547,-2.9479,0.348
0.86055,8.602,0.183
6.511,3.1523,0.236
-11.939,2.4077,-0.354
-6.4283,-3.136,-0.274
-5.8739,8.3135,-0.425
-0.43699,2.7478,-0.489
-8.3439,4.6895,-0.16
-2.9147,-0.94328,-0.475
-2.4176,10.491,-0.406
2.9882,5.1124,-0.155
-8.812,-0.14284,0.345
-3.3361,-5.3768,0.221
-2.5428,6.026,0.212
2.6983,0.70004,0.304
4.627,-10.695,-2.701
10.707,-4.9523,-2.808
0.10364,-6.4492,2.866
5.6304,-11.724,3.043
6.2915,-0.23589,2.955
11.543,-5.6177,2.927
10.958,0.9973,2.711
5.1093,-5.2733,2.783
10.287,-10.413,2.897
5.88,-5.9578,-2.925
11.071,-11.355,-2.914
-0.068892,-12.031,-3.034
-0.7958,-8.5508,-5.598
5.047,-2.6754,-5.489
10.628,-8.1322,-5.582
5.8779,-8.4885,5.573
11.775,-2.4286,5.616
2.1592,-10.941,5.519
8.2629,-4.9608,5.566
2.5955,-6.1706,-5.441
7.9384,-11.702,-5.474
8.6328,-0.2366,-5.518
5.921,-8.3026,0.348
11.697,-2.2349,0.183
-1.1027,-8.4291,-0.354
4.9629,-2.5234,-0.425
10.4,-8.089,-0.489
2.493,-6.1473,-0.16
7.9221,-11.78,-0.475
8.4192,-0.3455,-0.406
2.0249,-10.98,0.345
8.2941,-4.8109,0.212
-11.581,5.3886,8.5852
-5.5165,11.496,8.7452
-10.603,10.319,8.6542
-10.601,7.8889,11.916
-8.1385,11.537,11.872
-6.2098,0.14142,8.8672
-0.74458,-5.4483,8.5852
-0.13011,5.8845,8.7602
5.3203,0.65902,8.7452
-4.9568,4.879,8.6432
0.23405,-0.51831,8.6542
-10.906,-1.1943,8.5342
6.4608,5.4341,8.4962
-11.633,2.2861,5.9702
-6.5033,-3.1431,6.0302
-5.7898,8.1614,6.0792
-0.2086,2.7047,5.9862
-8.2413,4.6662,6.1272
-2.8984,-0.86479,6.0942
-2.2041,10.6,6.0502
3.317,5.1965,6.1182
-4.9158,2.5343,11.916
0.23547,-2.9479,11.916
0.86055,8.602,11.751
6.511,3.1523,11.804
-11.939,2.4077,11.214
-6.4283,-3.136,11.294
-5.8739,8.3135,11.143
-0.43699,2.7478,11.079
-8.3439,4.6895,11.408
-2.9147,-0.94328,11.093
-2.4176,10.491,11.162
2.9882,5.1124,11.413
-8.812,-0.14284,11.913
-3.3361,-5.3768,11.789
-2.5428,6.026,11.78
2.6983,0.70004,11.872
4.627,-10.695,8.8672
10.707,-4.9523,8.7602
5.88,-5.9578,8.6432
11.071,-11.355,8.6542
-0.068892,-12.031,8.5342
-0.7958,-8.5508,5.9702
5.047,-2.6754,6.0792
10.628,-8.1322,5.9862
2.5955,-6.1706,6.1272
7.9384,-11.702,6.0942
8.6328,-0.2366,6.0502
5.921,-8.3026,11.916
11.697,-2.2349,11.751
-1.1027,-8.4291,11.214
4.9629,-2.5234,11.143
10.4,-8.089,11.079
2.493,-6.1473,11.408
7.9221,-11.78,11.093
8.4192,-0.3455,11.162
2.0249,-10.98,11.913
8.2941,-4.8109,11.78
6.87,11.189,-8.5252
11.527,12.5,-8.6712
12.549,9.0797,-6.3382
3.3988,11.972,-6.0492
8.8237,6.7774,-5.9022
12.312,9.1285,-11.22
5.6481,8.9404,-11.842
9.1617,11.133,-12.043
3.2644,11.934,-11.223
8.7403,6.6996,-11.347
12.18,5.6272,-8.7022
10.974,3.6473,-11.922
5.8666,12.218,-2.701
11.332,6.6282,-2.983
6.87,11.189,3.043
11.527,12.5,2.897
12.31,11.558,-2.914
1.1707,10.882,-3.034
5.5731,8.9333,-5.538
12.549,9.0797,5.23
3.3988,11.972,5.519
8.8237,6.7774,5.666
9.178,11.212,-5.474
12.312,9.1285,0.348
5.6481,8.9404,-0.274
9.1617,11.133,-0.475
3.2644,11.934,0.345
8.7403,6.6996,0.221
12.18,5.6272,2.866
12.008,0.045272,-3.034
11.281,3.5257,-5.598
10.974,3.6473,-0.354
5.8666,12.218,8.8672
11.332,6.6282,8.5852
12.31,11.558,8.6542
1.1707,10.882,8.5342
5.5731,8.9333,6.0302
9.178,11.212,6.0942
12.312,9.1285,11.916
5.6481,8.9404,11.294
9.1617,11.133,11.093
3.2644,11.934,11.913
8.7403,6.6996,11.789
12.008,0.045272,8.5342
11.281,3.5257,5.9702
10.974,3.6473,11.214
0,0,0
-5.519,-0.33588,0.059
0.043134,-0.13081,5.647
5.6533,0.34719,-0.102
-0.28355,-5.741,-0.021
0.29698,5.8096,-0.12
0.043134,-0.13081,-5.9212
5.4571,-5.3709,-0.012
-5.3797,5.4659,-0.012
0.32527,5.4942,5.636
0.32527,5.4942,-5.9322
-5.7686,-0.47518,-5.739
-0.29941,-5.7973,5.7662
-0.29941,-5.7973,-5.802
-5.7686,-0.47518,5.8292
5.8906,0.19473,5.749
5.8906,0.19473,-5.8192
5.9882,6.0321,0.056
-6.0882,-6.0443,0.056
-5.4285,5.2135,-5.742
-5.4285,5.2135,5.8262
5.4084,-5.6233,-5.742
5.4084,-5.6233,5.8262
5.9446,5.9814,5.762
5.9446,5.9814,-5.8062
-6.1317,-6.095,5.762
-6.1317,-6.095,-5.8062
-0.70953,-11.255,0.012
11.367,0.82168,0.012
-11.546,-0.4179,0.012
5.0088e-16,-5.0088e-16,-11.568
-5.0088e-16,5.0088e-16,11.568
0.53005,11.659,0.012
11.134,-5.0272,-0.12
-11.12,5.0958,-0.021
-5.1835,11.184,-0.102
5.3178,-11.173,0.059
0.64912,11.247,-5.694
0.64912,11.247,5.8742
-5.519,-0.33588,-11.509
5.6533,0.34719,11.466
-11.427,-0.82917,-5.694
11.486,0.4104,-5.694
0.29698,5.8096,11.448
-5.519,-0.33588,11.627
-11.427,-0.82917,5.8742
-0.28355,-5.741,11.547
11.486,0.4104,5.8742
-0.28355,-5.741,-11.589
5.6533,0.34719,-11.67
-0.59046,-11.666,-5.694
0.29698,5.8096,-11.688
-0.59046,-11.666,5.8742
-11.779,-6.2668,-0.12
-6.4231,-11.729,-0.102
11.793,6.3354,-0.021
-4.9462,11.032,5.749
-4.9462,11.032,-5.8192
6.5574,11.741,0.059
-11.136,5.0396,5.7662
-11.136,5.0396,-5.802
11.162,-5.3426,5.636
5.0682,-11.312,-5.739
5.0682,-11.312,5.8292
11.162,-5.3426,-5.9322
5.4571,-5.3709,11.556
-5.3797,5.4659,11.556
5.4571,-5.3709,-11.58
-5.3797,5.4659,-11.58
5.9882,6.0321,-11.512
-6.0882,-6.0443,-11.512
6.3078,11.601,-5.739
5.9882,6.0321,11.624
6.3078,11.601,5.8292
-6.0882,-6.0443,11.624
11.777,6.2791,5.7662
11.777,6.2791,-5.802
-6.1858,-11.882,5.749
-11.751,-6.5822,5.636
-6.1858,-11.882,-5.8192
-11.751,-6.5822,-5.9322
10.837,-10.837,9.3842e-16
-10.837,10.837,-9.3842e-16
-0.70953,-11.255,-11.556
-0.70953,-11.255,11.58
-10.794,10.706,5.647
11.367,0.82168,-11.556
11.367,0.82168,11.58
-10.794,10.706,-5.9212
-11.546,-0.4179,-11.556
-11.546,-0.4179,11.58
0.53005,11.659,-11.556
0.53005,11.659,11.58
10.88,-10.968,5.647
10.88,-10.968,-5.9212
11.134,-5.0272,11.448
-11.12,5.0958,11.547
-5.1835,11.184,11.466
-11.12,5.0958,-11.589
5.3178,-11.173,-11.509
11.134,-5.0272,-11.688
-5.1835,11.184,-11.67
5.3178,-11.173,11.627
-12.076,-12.076,7.9602e-22
12.076,12.076,-7.9602e-22
-11.779,-6.2668,11.448
-6.4231,-11.729,11.466
11.793,6.3354,11.547
6.5574,11.741,-11.509
11.793,6.3354,-11.589
-11.779,-6.2668,-11.688
-6.4231,-11.729,-11.67
6.5574,11.741,11.627
12.12,11.946,5.647
12.12,11.946,-5.9212
-12.033,-12.207,5.647
-12.033,-12.207,-5.9212
-10.837,10.837,-11.568
10.837,-10.837,-11.568
-10.837,10.837,11.568
10.837,-10.837,11.568
-12.076,-12.076,-11.568
-12.076,-12.076,11.568
12.076,12.076,-11.568
12.076,12.076,11.568
