-9.2307,-3.7456,-8.7272
-3.6258,-9.3293,-8.6452
-9.2798,-9.6942,-8.6602
-9.2307,-3.7456,2.841
-3.6258,-9.3293,2.923
-8.3796,-8.4688,-3.089
-9.2798,-9.6942,2.908
-8.3796,-8.4688,8.4792
-8.4581,7.5502,-8.7572
2.8457,8.3309,-8.7272
-8.8251,2.0525,-8.7522
-2.7631,8.0339,-8.7782
-2.9889,2.1546,-8.7492
2.3787,-3.2866,-8.7572
8.4506,2.7471,-8.6452
-3.4337,-3.4818,-8.9092
2.0117,-8.7844,-8.7522
2.7966,2.3822,-8.6602
8.0737,-2.803,-8.7782
7.8479,-8.6823,-8.7492
-8.4581,7.5502,2.811
2.8457,8.3309,2.841
-8.2212,-2.8478,-2.901
-7.7503,8.7445,-2.934
-7.7079,2.7907,-2.852
-1.5115,8.7721,-3.091
-8.8251,2.0525,2.816
-2.7631,8.0339,2.79
-2.9889,2.1546,2.819
2.3787,-3.2866,2.811
8.4506,2.7471,2.923
-2.7344,-8.1565,-2.966
3.0865,-2.0923,-2.934
-2.0527,3.0653,-3.039
-2.3023,-2.5385,-2.921
3.1289,-8.0462,-2.852
3.6968,3.6077,-3.089
9.3253,-2.0648,-3.091
-3.4337,-3.4818,2.659
2.0117,-8.7844,2.816
2.7966,2.3822,2.908
8.0737,-2.803,2.79
7.8479,-8.6823,2.819
8.7841,-7.7715,-3.039
-8.2212,-2.8478,8.6672
-7.7503,8.7445,8.6342
-7.7079,2.7907,8.7162
-1.5115,8.7721,8.4772
-2.7344,-8.1565,8.6022
3.0865,-2.0923,8.6342
-2.0527,3.0653,8.5292
-2.3023,-2.5385,8.6472
3.1289,-8.0462,8.7162
3.6968,3.6077,8.4792
9.3253,-2.0648,8.4772
8.7841,-7.7715,8.5292
8.6427,8.5946,-8.9092
3.8552,9.2286,-2.901
9.342,3.9199,-2.966
9.7741,9.5379,-2.921
8.6427,8.5946,2.659
3.8552,9.2286,8.6672
9.342,3.9199,8.6022
9.7741,9.5379,8.6472
-7.995,-8.9439,-8.7772
-8.7268,-4.2551,-2.828
-3.3853,-9.4919,-2.807
-7.995,-8.9439,2.791
-9.6581,-9.2381,-2.995
-8.7268,-4.2551,8.7402
-3.3853,-9.4919,8.7612
-9.6581,-9.2381,8.5732
-8.4334,-2.4773,-8.7082
-7.8139,8.8902,-8.5842
-2.2448,3.4483,-8.8562
-7.4745,2.6874,-8.8552
-1.4528,8.7488,-8.8602
-3.0335,-7.9564,-8.6542
3.0229,-1.9467,-8.5842
8.5921,-7.3886,-8.8562
-2.1348,-2.7471,-8.8942
3.3623,-8.1494,-8.8552
4.0814,3.1325,-8.7772
9.384,-2.0881,-8.8602
-8.3591,7.3805,-2.981
-8.4334,-2.4773,2.86
-7.8139,8.8902,2.984
-2.2448,3.4483,2.712
-7.4745,2.6874,2.713
-1.4528,8.7488,2.708
-9.0726,2.3141,-3.243
-2.8755,8.1633,-3.047
-2.9706,1.8972,-2.865
2.4777,-3.4563,-2.981
3.3496,7.8213,-2.828
8.691,2.5845,-2.807
-3.0335,-7.9564,2.914
3.0229,-1.9467,2.984
8.5921,-7.3886,2.712
-2.1348,-2.7471,2.674
3.3623,-8.1494,2.713
4.0814,3.1325,2.791
9.384,-2.0881,2.708
-3.6197,-3.2435,-2.871
1.7642,-8.5228,-3.243
2.4183,2.8383,-2.995
7.9613,-2.6736,-3.047
7.8663,-8.9397,-2.865
-8.3591,7.3805,8.5872
-9.0726,2.3141,8.3252
-2.8755,8.1633,8.5212
-2.9706,1.8972,8.7032
2.4777,-3.4563,8.5872
3.3496,7.8213,8.7402
8.691,2.5845,8.7612
-3.6197,-3.2435,8.6972
1.7642,-8.5228,8.3252
2.4183,2.8383,8.5732
7.9613,-2.6736,8.5212
7.8663,-8.9397,8.7032
3.643,9.5991,-8.7082
9.0429,4.12,-8.6542
9.9416,9.3293,-8.8942
3.643,9.5991,2.86
9.0429,4.12,2.914
9.9416,9.3293,2.674
8.4567,8.8329,-2.871
8.4567,8.8329,8.6972
-11.15,-3.6664,-6.0992
-11.011,-3.5886,-11.427
-10.977,-6.8389,-8.7442
-5.8871,-12.213,-8.6982
-6.4393,-5.5314,-8.8002
-12.509,-11.737,-8.7612
-5.4558,-8.8796,-6.1042
-8.9977,-11.383,-6.1242
-5.6707,-8.8442,-11.306
-12.301,-9.2232,-11.964
-8.8145,-6.7031,-11.972
-3.3571,-12.241,-11.885
-9.0875,-11.422,-11.288
-12.04,-6.207,-3.027
-11.15,-3.6664,5.469
-11.011,-3.5886,0.141
-6.7158,-11.48,-3.018
-10.977,-6.8389,2.824
-5.8871,-12.213,2.87
-6.4393,-5.5314,2.768
-12.509,-11.737,2.807
-11.67,-12.381,-3.026
-5.547,-6.5539,-3.096
-12.218,-9.3046,-5.596
-5.4558,-8.8796,5.464
-8.9977,-11.383,5.444
-8.8081,-6.7731,-5.768
-3.2934,-12.028,-5.664
-5.6707,-8.8442,0.262
-12.301,-9.2232,-0.396
-8.8145,-6.7031,-0.404
-3.3571,-12.241,-0.317
-9.0875,-11.422,0.28
-12.04,-6.207,8.5412
-11.011,-3.5886,11.709
-6.7158,-11.48,8.5502
-11.67,-12.381,8.5422
-5.547,-6.5539,8.4722
-12.218,-9.3046,5.9722
-8.8081,-6.7731,5.8002
-3.2934,-12.028,5.9042
-5.6707,-8.8442,11.83
-12.301,-9.2232,11.172
-8.8145,-6.7031,11.164
-3.3571,-12.241,11.251
-9.0875,-11.422,11.848
-10.669,4.6567,-8.7292
-4.6475,10.7,-8.6982
-11.635,-0.13675,-8.7862
-11.27,11.176,-8.7612
-5.711,5.9161,-8.6712
-10.308,7.7963,-6.1522
-4.8179,2.517,-6.1802
0.92661,8.41,-6.0992
-8.4093,0.16306,-6.1812
-7.7581,11.53,-6.1242
-2.5219,6.2074,-6.1052
-10.328,7.978,-11.355
-4.9169,2.7023,-11.326
1.0652,8.4878,-11.427
-11.712,2.2985,-11.867
-5.7258,8.3973,-12.058
-8.1647,4.6447,-11.961
-2.1175,10.672,-11.885
-8.5324,0.23519,-11.402
-7.8479,11.491,-11.288
-2.4378,6.1063,-11.394
-5.164,-0.82378,-8.7552
0.16829,-6.1801,-8.7292
1.0996,5.2375,-8.7442
6.1893,-0.13647,-8.6982
5.6371,6.545,-8.8002
-0.79832,-10.974,-8.7862
-0.43275,0.33941,-8.7612
5.1258,-4.9208,-8.6712
0.52892,-3.0406,-6.1522
6.0189,-8.3198,-6.1802
6.6206,3.1968,-6.1042
11.763,-2.4268,-6.0992
-3.1452,-5.3457,-6.1402
2.4275,-10.674,-6.1812
3.0787,0.69296,-6.1242
8.3149,-4.6294,-6.1052
0.50841,-2.8588,-11.355
5.9199,-8.1346,-11.326
6.4057,3.2322,-11.306
11.902,-2.349,-11.427
-6.3272,-2.9698,-11.875
-0.87469,-8.5383,-11.867
-0.22415,2.8532,-11.964
5.111,-2.4395,-12.058
-2.7584,-0.71347,-11.925
2.6722,-6.1921,-11.961
3.2619,5.3733,-11.972
8.7193,-0.16476,-11.885
-3.2209,-5.5388,-11.366
2.3045,-10.602,-11.402
2.9889,0.65407,-11.288
8.399,-4.7305,-11.394
5.6728,-11.661,-8.7552
11.936,-5.5993,-8.7442
10.404,-10.497,-8.7612
10.613,-7.9837,-11.964
8.0784,-11.55,-11.925
-11.704,5.4395,-2.983
-6.1522,-0.0038155,-2.97
-5.4762,11.433,-3.018
0.036365,5.8694,-3.027
-10.669,4.6567,2.839
-4.6475,10.7,2.87
-11.635,-0.13675,2.782
-11.27,11.176,2.807
-5.711,5.9161,2.897
-10.43,10.532,-3.026
-4.7592,4.8469,-3.024
-10.911,-1.0164,-3.083
-11.763,2.1677,-5.603
-5.7449,8.2608,-5.414
-10.308,7.7963,5.416
-4.8179,2.517,5.388
0.92661,8.41,5.469
-8.4093,0.16306,5.387
-7.7581,11.53,5.444
-2.5219,6.2074,5.463
-8.1894,4.7557,-5.515
-2.0538,10.886,-5.664
-10.328,7.978,0.213
-4.9169,2.7023,0.242
1.0652,8.4878,0.141
-11.712,2.2985,-0.299
-5.7258,8.3973,-0.49
-8.1647,4.6447,-0.393
-2.1175,10.672,-0.317
-8.5324,0.23519,0.166
-7.8479,11.491,0.28
-2.4378,6.1063,0.174
-0.86762,-5.3973,-2.983
4.6846,-10.841,-2.97
5.3606,0.59609,-3.018
10.873,-4.9674,-3.027
-5.164,-0.82378,2.813
0.16829,-6.1801,2.839
1.0996,5.2375,2.824
6.1893,-0.13647,2.87
5.6371,6.545,2.768
-0.79832,-10.974,2.782
-0.43275,0.33941,2.807
5.1258,-4.9208,2.897
0.40659,-0.30476,-3.026
6.0776,-5.9899,-3.024
6.5294,5.5225,-3.096
-0.074246,-11.853,-3.083
-6.3831,-3.1417,-5.472
-0.92631,-8.6691,-5.603
-0.14142,2.7719,-5.596
5.0919,-2.576,-5.414
0.52892,-3.0406,5.416
6.0189,-8.3198,5.388
6.6206,3.1968,5.464
11.763,-2.4268,5.469
-3.1452,-5.3457,5.428
2.4275,-10.674,5.387
3.0787,0.69296,5.444
8.3149,-4.6294,5.463
-2.5767,-0.61943,-5.463
2.6474,-6.0811,-5.515
3.2682,5.3033,-5.768
8.783,0.04879,-5.664
0.50841,-2.8588,0.213
5.9199,-8.1346,0.242
6.4057,3.2322,0.262
11.902,-2.349,0.141
-6.3272,-2.9698,-0.307
-0.87469,-8.5383,-0.299
-0.22415,2.8532,-0.396
5.111,-2.4395,-0.49
-2.7584,-0.71347,-0.357
2.6722,-6.1921,-0.393
3.2619,5.3733,-0.404
8.7193,-0.16476,-0.317
-3.2209,-5.5388,0.202
2.3045,-10.602,0.166
2.9889,0.65407,0.28
8.399,-4.7305,0.174
5.6728,-11.661,2.813
11.936,-5.5993,2.824
10.404,-10.497,2.807
11.243,-11.142,-3.026
10.695,-8.065,-5.596
8.2601,-11.456,-5.463
10.613,-7.9837,-0.396
8.0784,-11.55,-0.357
-11.704,5.4395,8.5852
-6.1522,-0.0038155,8.5982
-5.4762,11.433,8.5502
0.036365,5.8694,8.5412
-10.43,10.532,8.5422
-4.7592,4.8469,8.5442
-10.911,-1.0164,8.4852
-11.763,2.1677,5.9652
-5.7449,8.2608,6.1542
-8.1894,4.7557,6.0532
-2.0538,10.886,5.9042
-10.328,7.978,11.781
-4.9169,2.7023,11.81
1.0652,8.4878,11.709
-11.712,2.2985,11.269
-5.7258,8.3973,11.078
-8.1647,4.6447,11.175
-2.1175,10.672,11.251
-8.5324,0.23519,11.734
-7.8479,11.491,11.848
-2.4378,6.1063,11.742
-0.86762,-5.3973,8.5852
4.6846,-10.841,8.5982
5.3606,0.59609,8.5502
10.873,-4.9674,8.5412
0.40659,-0.30476,8.5422
6.0776,-5.9899,8.5442
6.5294,5.5225,8.4722
-0.074246,-11.853,8.4852
-6.3831,-3.1417,6.0962
-0.92631,-8.6691,5.9652
-0.14142,2.7719,5.9722
5.0919,-2.576,6.1542
-2.5767,-0.61943,6.1052
2.6474,-6.0811,6.0532
3.2682,5.3033,5.8002
8.783,0.04879,5.9042
0.50841,-2.8588,11.781
5.9199,-8.1346,11.81
6.4057,3.2322,11.83
11.902,-2.349,11.709
-6.3272,-2.9698,11.261
-0.87469,-8.5383,11.269
-0.22415,2.8532,11.172
5.111,-2.4395,11.078
-2.7584,-0.71347,11.211
2.6722,-6.1921,11.175
3.2619,5.3733,11.164
8.7193,-0.16476,11.251
-3.2209,-5.5388,11.77
2.3045,-10.602,11.734
2.9889,0.65407,11.848
8.399,-4.7305,11.742
11.243,-11.142,8.5422
10.695,-8.065,5.9722
8.2601,-11.456,6.1052
10.613,-7.9837,11.172
8.0784,-11.55,11.211
0.44126,11.94,-8.7862
3.6671,12.239,-6.1812
3.544,12.312,-11.402
6.9124,11.253,-8.7552
12.245,5.8963,-8.7292
11.278,1.1028,-8.7862
11.644,12.416,-8.7612
12.605,9.0359,-6.1522
8.9312,6.7307,-6.1402
12.585,9.2176,-11.355
5.7492,9.1066,-11.875
11.202,3.5381,-11.867
9.318,11.363,-11.925
8.8555,6.5376,-11.366
5.9242,12.073,-2.97
0.44126,11.94,2.782
1.1653,11.06,-3.083
3.6671,12.239,5.387
3.544,12.312,0.166
11.209,6.6791,-2.983
6.9124,11.253,2.813
12.245,5.8963,2.839
11.278,1.1028,2.782
11.644,12.416,2.807
12.483,11.772,-3.026
12.002,0.22318,-3.083
5.6933,8.9347,-5.472
11.15,3.4073,-5.603
12.605,9.0359,5.416
8.9312,6.7307,5.428
9.4997,11.457,-5.463
12.585,9.2176,0.213
5.7492,9.1066,-0.307
11.202,3.5381,-0.299
9.318,11.363,-0.357
8.8555,6.5376,0.202
5.9242,12.073,8.5982
1.1653,11.06,8.4852
3.544,12.312,11.734
11.209,6.6791,8.5852
12.483,11.772,8.5422
12.002,0.22318,8.4852
5.6933,8.9347,6.0962
11.15,3.4073,5.9652
9.4997,11.457,6.1052
12.585,9.2176,11.781
5.7492,9.1066,11.261
11.202,3.5381,11.269
9.318,11.363,11.211
8.8555,6.5376,11.77
0,0,0
0.45608,5.6349,-0.127
0.21496,-0.08061,5.655
5.7177,0.32103,-0.237
-5.7386,-0.2011,-0.139
-0.20506,-5.7573,-0.018
0.21496,-0.08061,-5.9132
-5.2288,5.4183,-0.276
5.6081,-5.4186,-0.276
-5.542,-0.20676,5.554
0.44831,5.7007,5.599
-0.15698,-5.7021,5.7622
-0.15698,-5.7021,-5.806
-5.542,-0.20676,-6.0142
0.44831,5.7007,-5.9692
6.0026,0.28214,5.6902
6.0026,0.28214,-5.878
-5.9924,-6.0208,0.075
6.0839,6.0557,0.075
5.4334,-5.2382,5.652
5.4334,-5.2382,-5.9162
-5.4034,5.5986,5.652
-5.4034,5.5986,-5.9162
-5.8655,-5.9065,5.7422
-5.8655,-5.9065,-5.826
6.2109,6.17,5.7422
6.2109,6.17,-5.826
-11.407,-0.66258,-0.088
0.66923,11.414,-0.088
-0.57035,-11.499,-0.088
11.506,0.577,-0.088
5.0088e-16,-5.0088e-16,-11.568
-5.0088e-16,5.0088e-16,11.568
-11.042,5.0796,-0.018
5.0982,-11.038,-0.139
-5.1192,11.158,-0.237
11.293,-5.2019,-0.127
-11.27,-0.58223,5.632
5.7177,0.32103,11.331
-0.43346,-11.419,5.632
-11.27,-0.58223,-5.9362
0.45608,5.6349,11.441
-5.7386,-0.2011,11.429
0.80612,11.494,5.632
-0.43346,-11.419,-5.9362
-0.20506,-5.7573,11.55
-0.20506,-5.7573,-11.586
11.643,0.65735,5.632
0.80612,11.494,-5.9362
0.45608,5.6349,-11.695
-5.7386,-0.2011,-11.707
11.643,0.65735,-5.9362
5.7177,0.32103,-11.805
-11.62,-6.4415,-0.127
-6.3587,-11.755,-0.237
-4.8342,11.119,5.6902
-10.994,5.1347,5.7622
5.2948,-11.044,5.554
11.871,6.3192,-0.018
-10.994,5.1347,-5.806
6.3378,11.875,-0.139
-4.8342,11.119,-5.878
-5.2288,5.4183,11.292
11.285,-5.1361,5.599
5.2948,-11.044,-6.0142
5.6081,-5.4186,11.292
11.285,-5.1361,-5.9692
-5.2288,5.4183,-11.844
5.6081,-5.4186,-11.844
-5.9924,-6.0208,-11.493
6.0839,6.0557,-11.493
-11.628,-6.3757,5.599
-5.9924,-6.0208,11.643
-6.0738,-11.794,5.6902
6.0839,6.0557,11.643
-6.0738,-11.794,-5.878
-11.628,-6.3757,-5.9692
6.5344,11.87,5.554
11.919,6.3743,5.7622
11.919,6.3743,-5.806
6.5344,11.87,-6.0142
-10.837,10.837,-9.3842e-16
10.837,-10.837,9.3842e-16
-10.622,10.756,5.655
-11.407,-0.66258,11.48
0.66923,11.414,11.48
-10.622,10.756,-5.9132
-0.57035,-11.499,11.48
11.506,0.577,11.48
-11.407,-0.66258,-11.656
0.66923,11.414,-11.656
-0.57035,-11.499,-11.656
11.506,0.577,-11.656
11.052,-10.917,5.655
11.052,-10.917,-5.9132
5.0982,-11.038,11.429
-5.1192,11.158,11.331
-11.042,5.0796,11.55
-11.042,5.0796,-11.586
5.0982,-11.038,-11.707
11.293,-5.2019,11.441
-5.1192,11.158,-11.805
11.293,-5.2019,-11.695
-12.076,-12.076,7.9602e-22
12.076,12.076,-7.9602e-22
-6.3587,-11.755,11.331
-11.62,-6.4415,11.441
6.3378,11.875,11.429
-11.62,-6.4415,-11.695
11.871,6.3192,11.55
11.871,6.3192,-11.586
-6.3587,-11.755,-11.805
6.3378,11.875,-11.707
-11.861,-12.157,5.655
-11.861,-12.157,-5.9132
12.291,11.996,5.655
12.291,11.996,-5.9132
-10.837,10.837,-11.568
10.837,-10.837,-11.568
-10.837,10.837,11.568
10.837,-10.837,11.568
-12.076,-12.076,-11.568
-12.076,-12.076,11.568
12.076,12.076,-11.568
12.076,12.076,11.568
