-3.9722,-9.4241,-8.6362
-9.2755,-3.9906,-8.4532
-9.7309,-9.7408,-8.5782
-3.9722,-9.4241,2.932
-9.2755,-3.9906,3.115
-8.2481,-8.7601,-2.788
-9.7309,-9.7408,2.99
-8.2481,-8.7601,8.7802
-8.6034,7.4663,-8.6232
-3.1113,1.8795,-8.6362
8.1042,2.6524,-8.6362
2.8008,8.0858,-8.4532
-9.0573,1.958,-8.5612
-3.6402,-3.5553,-8.6892
-2.9776,7.7308,-8.4152
2.3455,2.3356,-8.5782
2.2334,-3.3705,-8.6232
7.7255,-8.9573,-8.6362
1.7795,-8.8789,-8.5612
7.8592,-3.106,-8.4152
-8.6034,7.4663,2.945
-3.1113,1.8795,2.932
8.1042,2.6524,2.932
2.8008,8.0858,3.115
-8.213,-2.9988,-2.78
-2.3702,3.2979,-2.884
-7.6042,8.4711,-2.774
-7.9196,2.7549,-2.878
-2.4607,-2.646,-2.699
-1.8349,8.7688,-2.801
3.8283,3.3163,-2.788
-9.0573,1.958,3.007
-3.6402,-3.5553,2.879
-2.9776,7.7308,3.153
2.3455,2.3356,2.99
2.2334,-3.3705,2.945
7.7255,-8.9573,2.932
-2.7,-8.2884,-2.882
8.4666,-7.5389,-2.884
3.2326,-2.3657,-2.774
2.9172,-8.082,-2.878
9.0019,-2.068,-2.801
1.7795,-8.8789,3.007
7.8592,-3.106,3.153
-8.213,-2.9988,8.7882
-2.3702,3.2979,8.6842
-7.6042,8.4711,8.7942
-7.9196,2.7549,8.6902
-2.4607,-2.646,8.8692
-1.8349,8.7688,8.7672
3.8283,3.3163,8.7802
-2.7,-8.2884,8.6862
8.4666,-7.5389,8.6842
3.2326,-2.3657,8.7942
2.9172,-8.082,8.6902
9.0019,-2.068,8.7672
8.4362,8.5211,-8.6892
3.8634,9.0776,-2.78
9.6157,9.4304,-2.699
8.4362,8.5211,2.879
9.3764,3.788,-2.882
3.8634,9.0776,8.7882
9.6157,9.4304,8.8692
9.3764,3.788,8.6862
-8.3881,-9.0938,-8.4972
-9.0203,-4.2502,-2.78
-8.3881,-9.0938,3.071
-9.6461,-9.2869,-2.724
-3.5037,-9.5503,-2.908
-9.0203,-4.2502,8.7882
-9.6461,-9.2869,8.8442
-3.5037,-9.5503,8.6602
-7.8012,8.7191,-8.4712
-8.5164,-2.7096,-8.5222
-3.3743,-8.0596,-8.6332
-2.4409,3.2131,-8.7192
3.0356,-2.1178,-8.4712
-7.6962,2.5668,-8.4572
-2.3257,-2.8546,-8.5972
-1.656,8.4146,-8.5422
3.6883,2.9826,-8.4972
8.3959,-7.6237,-8.7192
3.1407,-8.27,-8.4572
9.1808,-2.4223,-8.5422
-7.8012,8.7191,3.097
-8.2922,7.1453,-2.817
-3.0971,1.9955,-2.781
3.0561,7.8263,-2.78
-8.5164,-2.7096,3.046
-3.3743,-8.0596,2.935
-2.4409,3.2131,2.849
3.0356,-2.1178,3.097
-7.6962,2.5668,3.111
-2.3257,-2.8546,2.971
-1.656,8.4146,3.026
3.6883,2.9826,3.071
-9.3204,2.2338,-2.81
-3.7625,-3.3538,-2.515
-3.1233,8.0151,-2.752
2.4303,2.7895,-2.724
2.5446,-3.6915,-2.817
7.7397,-8.8414,-2.781
8.5727,2.5261,-2.908
8.3959,-7.6237,2.849
3.1407,-8.27,3.111
9.1808,-2.4223,3.026
1.5164,-8.6031,-2.81
7.7135,-2.8218,-2.752
-8.2922,7.1453,8.7512
-3.0971,1.9955,8.7872
3.0561,7.8263,8.7882
-9.3204,2.2338,8.7582
-3.7625,-3.3538,9.0532
-3.1233,8.0151,8.8162
2.4303,2.7895,8.8442
2.5446,-3.6915,8.7512
7.7397,-8.8414,8.7872
8.5727,2.5261,8.6602
1.5164,-8.6031,8.7582
7.7135,-2.8218,8.8162
3.56,9.3668,-8.5222
8.7021,4.0168,-8.6332
9.7507,9.2218,-8.5972
3.56,9.3668,3.046
8.7021,4.0168,2.935
9.7507,9.2218,2.971
8.3139,8.7226,-2.515
8.3139,8.7226,9.0532
-11.307,-6.9867,-8.3252
-6.6805,-5.6637,-8.7632
-12.371,-11.757,-8.3332
-11.114,-3.7333,-5.8112
-5.535,-9.1002,-5.9542
-9.2586,-11.51,-5.9642
-10.84,-3.5282,-11.137
-5.6933,-9.2091,-11.359
-12.467,-9.1568,-11.786
-8.9156,-6.8297,-11.778
-9.3335,-11.595,-11.129
-6.009,-12.181,-8.4712
-3.4825,-12.539,-11.73
-12.313,-5.9564,-2.536
-6.8466,-11.559,-2.692
-11.307,-6.9867,3.243
-6.6805,-5.6637,2.805
-12.371,-11.757,3.235
-11.506,-12.68,-2.694
-12.472,-9.2918,-5.254
-11.114,-3.7333,5.757
-5.535,-9.1002,5.614
-9.2586,-11.51,5.604
-8.7466,-6.8615,-5.316
-10.84,-3.5282,0.431
-5.6933,-9.2091,0.209
-12.467,-9.1568,-0.218
-8.9156,-6.8297,-0.21
-9.3335,-11.595,0.439
-6.009,-12.181,3.097
-3.4472,-12.186,-5.411
-3.4825,-12.539,-0.162
-12.313,-5.9564,9.0322
-6.8466,-11.559,8.8762
-11.506,-12.68,8.8742
-12.472,-9.2918,6.3142
-8.7466,-6.8615,6.2522
-10.84,-3.5282,11.999
-5.6933,-9.2091,11.777
-12.467,-9.1568,11.35
-8.9156,-6.8297,11.358
-9.3335,-11.595,12.007
-3.4472,-12.186,6.1572
-3.4825,-12.539,11.406
-11.131,11.156,-8.3332
-10.472,7.8486,-5.8342
-8.019,11.403,-5.9642
-10.319,7.9624,-11.245
-8.0939,11.318,-11.129
-10.783,4.6259,-8.6202
-5.3521,-0.85065,-8.6442
-4.7694,10.732,-8.4712
0.76933,5.0898,-8.3252
-11.914,-0.081317,-8.6292
5.3959,6.4128,-8.7632
-5.6993,5.6922,-8.6472
-0.29416,0.31961,-8.3332
-4.9497,2.3221,-5.9422
0.36487,-2.9882,-5.8342
0.96237,8.3432,-5.8112
6.5414,2.9762,-5.9542
-8.5426,0.10819,-5.8652
-3.1629,-5.2375,-5.9782
-2.4699,5.9178,-5.8972
2.8178,0.56639,-5.9642
-5.1944,2.2033,-11.093
0.51831,-2.8744,-11.245
1.2367,8.5482,-11.137
6.3831,2.8673,-11.359
-11.901,2.3059,-11.701
-6.4962,-3.3383,-11.737
-5.8909,8.1734,-11.669
-0.39103,2.9196,-11.786
-8.1657,4.6174,-11.624
-2.8539,-0.78206,-11.837
-2.2429,10.375,-11.73
3.1608,5.2467,-11.778
-8.7186,0.033941,-11.147
-3.2371,-5.4815,-11.231
-2.6304,6.0245,-11.135
2.7429,0.48154,-11.129
0.053437,-6.2109,-8.6202
5.4847,-11.687,-8.6442
6.0674,-0.10508,-8.4712
11.606,-5.7471,-8.3252
-1.0772,-10.918,-8.6292
5.1375,-5.1446,-8.6472
10.543,-10.517,-8.3332
5.8871,-8.5147,-5.9422
11.799,-2.4937,-5.8112
2.2943,-10.729,-5.8652
8.3669,-4.9191,-5.8972
5.6424,-8.6335,-11.093
12.074,-2.2886,-11.137
-1.0645,-8.531,-11.701
4.9459,-2.6634,-11.669
10.446,-7.9172,-11.786
2.6711,-6.2194,-11.624
7.9829,-11.619,-11.837
8.5939,-0.46217,-11.73
2.1182,-10.803,-11.147
8.2064,-4.8123,-11.135
-11.614,5.3391,-2.84
-5.6071,11.354,-2.692
-11.131,11.156,3.235
-10.267,10.233,-2.694
-10.472,7.8486,5.734
-8.019,11.403,5.604
-10.319,7.9624,0.323
-8.0939,11.318,0.439
-6.2961,-0.091924,-2.883
-0.77711,-5.4978,-2.84
-0.23688,6.12,-2.536
5.2298,0.5176,-2.692
-10.783,4.6259,2.948
-5.3521,-0.85065,2.924
-4.7694,10.732,3.097
0.76933,5.0898,3.243
-11.914,-0.081317,2.939
5.3959,6.4128,2.805
-5.6993,5.6922,2.921
-0.29416,0.31961,3.235
-5.1216,4.8995,-2.936
0.56993,-0.60387,-2.694
-11.071,-1.0897,-2.89
-5.5685,-6.6192,-2.982
-11.811,2.163,-5.553
-6.4898,-3.2428,-5.315
-5.6597,8.2265,-5.559
-0.39598,2.7846,-5.254
-4.9497,2.3221,5.626
0.36487,-2.9882,5.734
0.96237,8.3432,5.757
6.5414,2.9762,5.614
-8.5426,0.10819,5.703
-3.1629,-5.2375,5.59
-2.4699,5.9178,5.671
2.8178,0.56639,5.604
-8.2399,4.5248,-5.513
-2.8065,-0.87328,-5.434
-2.2076,10.727,-5.411
3.3298,5.2149,-5.316
-5.1944,2.2033,0.475
0.51831,-2.8744,0.323
1.2367,8.5482,0.431
6.3831,2.8673,0.209
-11.901,2.3059,-0.133
-6.4962,-3.3383,-0.169
-5.8909,8.1734,-0.101
-0.39103,2.9196,-0.218
-8.1657,4.6174,-0.056
-2.8539,-0.78206,-0.269
-2.2429,10.375,-0.162
3.1608,5.2467,-0.21
-8.7186,0.033941,0.421
-3.2371,-5.4815,0.337
-2.6304,6.0245,0.433
2.7429,0.48154,0.439
4.5407,-10.929,-2.883
10.6,-4.7168,-2.536
0.053437,-6.2109,2.948
5.4847,-11.687,2.924
6.0674,-0.10508,3.097
11.606,-5.7471,3.243
-1.0772,-10.918,2.939
5.1375,-5.1446,2.921
10.543,-10.517,3.235
5.7152,-5.9373,-2.936
11.407,-11.441,-2.694
-0.23435,-11.926,-2.89
-0.97399,-8.6738,-5.553
5.1771,-2.6104,-5.559
10.441,-8.0523,-5.254
5.8871,-8.5147,5.626
11.799,-2.4937,5.757
2.2943,-10.729,5.703
8.3669,-4.9191,5.671
2.5969,-6.3121,-5.513
8.0303,-11.71,-5.434
8.6292,-0.11003,-5.411
5.6424,-8.6335,0.475
12.074,-2.2886,0.431
-1.0645,-8.531,-0.133
4.9459,-2.6634,-0.101
10.446,-7.9172,-0.218
2.6711,-6.2194,-0.056
7.9829,-11.619,-0.269
8.5939,-0.46217,-0.162
2.1182,-10.803,0.421
8.2064,-4.8123,0.433
-11.614,5.3391,8.7282
-5.6071,11.354,8.8762
-10.267,10.233,8.8742
-10.319,7.9624,11.891
-8.0939,11.318,12.007
-6.2961,-0.091924,8.6852
-0.77711,-5.4978,8.7282
-0.23688,6.12,9.0322
5.2298,0.5176,8.8762
-5.1216,4.8995,8.6322
0.56993,-0.60387,8.8742
-11.071,-1.0897,8.6782
-5.5685,-6.6192,8.5862
-11.811,2.163,6.0152
-6.4898,-3.2428,6.2532
-5.6597,8.2265,6.0092
-0.39598,2.7846,6.3142
-8.2399,4.5248,6.0552
-2.8065,-0.87328,6.1342
-2.2076,10.727,6.1572
3.3298,5.2149,6.2522
-5.1944,2.2033,12.043
0.51831,-2.8744,11.891
1.2367,8.5482,11.999
6.3831,2.8673,11.777
-11.901,2.3059,11.435
-6.4962,-3.3383,11.399
-5.8909,8.1734,11.467
-0.39103,2.9196,11.35
-8.1657,4.6174,11.512
-2.8539,-0.78206,11.299
-2.2429,10.375,11.406
3.1608,5.2467,11.358
-8.7186,0.033941,11.989
-3.2371,-5.4815,11.905
-2.6304,6.0245,12.001
2.7429,0.48154,12.007
4.5407,-10.929,8.6852
10.6,-4.7168,9.0322
5.7152,-5.9373,8.6322
11.407,-11.441,8.8742
-0.23435,-11.926,8.6782
-0.97399,-8.6738,6.0152
5.1771,-2.6104,6.0092
10.441,-8.0523,6.3142
2.5969,-6.3121,6.0552
8.0303,-11.71,6.1342
8.6292,-0.11003,6.1572
5.6424,-8.6335,12.043
12.074,-2.2886,11.999
-1.0645,-8.531,11.435
4.9459,-2.6634,11.467
10.446,-7.9172,11.35
2.6711,-6.2194,11.512
7.9829,-11.619,11.299
8.5939,-0.46217,11.406
2.1182,-10.803,11.989
8.2064,-4.8123,12.001
6.7243,11.226,-8.6442
0.16235,11.995,-8.6292
11.782,12.396,-8.3332
12.441,9.0882,-5.8342
3.5338,12.185,-5.8652
8.9135,6.8389,-5.9782
12.595,9.202,-11.245
5.5802,8.7382,-11.737
9.2225,11.294,-11.837
3.3578,12.11,-11.147
8.8393,6.5949,-11.231
12.13,5.8655,-8.6202
10.999,1.1583,-8.6292
11.012,3.5455,-11.701
5.7803,11.984,-2.883
11.299,6.5787,-2.84
6.7243,11.226,2.924
0.16235,11.995,2.939
11.782,12.396,3.235
12.646,11.473,-2.694
1.0052,10.987,-2.89
6.5079,5.4572,-2.982
5.5866,8.8336,-5.315
12.441,9.0882,5.734
3.5338,12.185,5.703
8.9135,6.8389,5.59
9.2699,11.203,-5.434
12.595,9.202,0.323
5.5802,8.7382,-0.169
9.2225,11.294,-0.269
3.3578,12.11,0.421
8.8393,6.5949,0.337
12.13,5.8655,2.948
10.999,1.1583,2.939
11.842,0.14992,-2.89
11.102,3.4026,-5.553
11.012,3.5455,-0.133
5.7803,11.984,8.6852
11.299,6.5787,8.7282
12.646,11.473,8.8742
1.0052,10.987,8.6782
6.5079,5.4572,8.5862
5.5866,8.8336,6.2532
9.2699,11.203,6.1342
12.595,9.202,11.891
5.5802,8.7382,11.399
9.2225,11.294,11.299
3.3578,12.11,11.989
8.8393,6.5949,11.905
11.842,0.14992,8.6782
11.102,3.4026,6.0152
11.012,3.5455,11.435
0,0,0
-0.035355,-0.05374,-5.6512
5.665,0.083719,0.154
0.25102,5.6703,0.143
-0.4278,-5.7877,0.209
-5.7962,-0.52397,0.231
-0.035355,-0.05374,5.917
-5.4737,5.2276,0.232
5.3631,-5.6092,0.232
0.32668,5.5918,-5.632
-5.7212,-0.50134,-5.532
5.6639,0.16971,-5.6832
-0.36275,-5.7551,-5.6802
0.32668,5.5918,5.9362
5.6639,0.16971,5.885
-0.36275,-5.7551,5.888
-5.7212,-0.50134,6.0362
5.9404,5.9093,0.14
-6.136,-6.1671,0.14
-5.4037,5.1972,-5.618
-5.4037,5.1972,5.9502
5.4331,-5.6396,-5.618
5.4331,-5.6396,5.9502
6.1063,5.8942,-5.6632
-5.9701,-6.1822,-5.6632
6.1063,5.8942,5.905
-5.9701,-6.1822,5.905
11.344,0.60176,0.255
0.50671,11.439,0.255
-0.73287,-11.475,0.255
-5.0088e-16,5.0088e-16,11.568
5.0088e-16,-5.0088e-16,-11.568
-11.57,-0.63781,0.255
-5.1718,10.921,0.154
11.088,-5.1665,0.143
-11.265,5.0492,0.209
5.0407,-11.361,0.231
-11.277,-0.73822,-5.542
0.79946,11.338,-5.542
5.665,0.083719,-11.414
-5.7962,-0.52397,-11.337
-0.4278,-5.7877,-11.359
0.25102,5.6703,-11.425
-11.277,-0.73822,6.0262
-0.44012,-11.575,-5.542
0.79946,11.338,6.0262
11.636,0.50136,-5.542
0.25102,5.6703,11.711
5.665,0.083719,11.722
-0.44012,-11.575,6.0262
11.636,0.50136,6.0262
-0.4278,-5.7877,11.777
6.2802,11.552,0.231
-5.7962,-0.52397,11.799
11.649,6.2887,0.209
-5.1729,11.007,-5.6832
-11.825,-6.4061,0.143
-5.1729,11.007,5.885
-11.2,5.0817,-5.6802
11.163,-5.245,-5.632
-6.4114,-11.993,0.154
5.1156,-11.338,-5.532
-5.4737,5.2276,-11.336
-11.2,5.0817,5.888
11.163,-5.245,5.9362
5.3631,-5.6092,-11.336
5.1156,-11.338,6.0362
-5.4737,5.2276,11.8
5.3631,-5.6092,11.8
5.9404,5.9093,-11.428
6.3552,11.575,-5.532
-6.136,-6.1671,-11.428
5.9404,5.9093,11.708
11.714,6.3213,-5.6802
6.3552,11.575,6.0362
-11.75,-6.4846,-5.632
11.714,6.3213,5.888
-6.136,-6.1671,11.708
-6.4125,-11.907,-5.6832
-11.75,-6.4846,5.9362
-6.4125,-11.907,5.885
10.837,-10.837,9.3842e-16
-10.837,10.837,-9.3842e-16
11.344,0.60176,-11.313
0.50671,11.439,-11.313
-0.73287,-11.475,-11.313
-11.57,-0.63781,-11.313
-10.872,10.783,-5.6512
10.801,-10.891,-5.6512
11.344,0.60176,11.823
-10.872,10.783,5.917
10.801,-10.891,5.917
0.50671,11.439,11.823
-0.73287,-11.475,11.823
-11.57,-0.63781,11.823
-5.1718,10.921,-11.414
11.088,-5.1665,-11.425
-11.265,5.0492,-11.359
5.0407,-11.361,-11.337
-5.1718,10.921,11.722
11.088,-5.1665,11.711
-11.265,5.0492,11.777
-12.076,-12.076,7.9602e-22
12.076,12.076,-7.9602e-22
5.0407,-11.361,11.799
6.2802,11.552,-11.337
11.649,6.2887,-11.359
-11.825,-6.4061,-11.425
6.2802,11.552,11.799
11.649,6.2887,11.777
-6.4114,-11.993,-11.414
-11.825,-6.4061,11.711
12.041,12.023,-5.6512
-6.4114,-11.993,11.722
12.041,12.023,5.917
-12.112,-12.13,-5.6512
-12.112,-12.13,5.917
-10.837,10.837,-11.568
10.837,-10.837,-11.568
-10.837,10.837,11.568
10.837,-10.837,11.568
-12.076,-12.076,-11.568
-12.076,-12.076,11.568
12.076,12.076,-11.568
12.076,12.076,11.568
