-9.8009,-3.5169,-9.1034
-3.5144,-10.092,-9.5244
-10.098,-9.9936,-9.6584
-9.8009,-3.5169,3.791
-3.5144,-10.092,3.37
-8.969,-9.5064,-3.033
-10.098,-9.9936,3.236
-8.969,-9.5064,9.8614
-9.7096,9.5385,-9.1224
3.3097,9.5936,-9.1034
-9.4656,2.8556,-8.9044
-2.8966,9.4798,-9.2984
-3.136,2.7924,-8.8604
2.5152,-2.6863,-9.1224
9.5961,3.0186,-9.5244
-3.2951,-3.626,-9.3384
2.7591,-9.3692,-8.9044
3.0123,3.1169,-9.6584
9.3282,-2.745,-9.2984
9.0887,-9.4324,-8.8604
-9.7096,9.5385,3.772
3.3097,9.5936,3.791
-8.5209,9.8998,-2.528
-8.4304,3.9346,-3.053
-2.1548,9.9797,-2.629
-9.4656,2.8556,3.99
-2.8966,9.4798,3.596
-3.136,2.7924,4.034
2.5152,-2.6863,3.772
9.5961,3.0186,3.37
-3.1021,-9.0404,-3
-9.0785,-3.0455,-2.778
3.7038,-2.325,-2.528
-2.3398,3.7342,-2.732
-2.3335,-2.3928,-3.107
3.7943,-8.2901,-3.053
4.1415,3.6041,-3.033
10.07,-2.2451,-2.629
-3.2951,-3.626,3.556
2.7591,-9.3692,3.99
3.0123,3.1169,3.236
9.3282,-2.745,3.596
9.0887,-9.4324,4.034
9.8849,-8.4905,-2.732
-8.5209,9.8998,10.366
-8.4304,3.9346,9.8414
-2.1548,9.9797,10.265
-3.1021,-9.0404,9.8944
-9.0785,-3.0455,10.116
3.7038,-2.325,10.366
-2.3398,3.7342,10.162
-2.3335,-2.3929,9.7874
3.7943,-8.2901,9.8414
4.1415,3.6041,9.8614
10.07,-2.2451,10.265
9.8849,-8.4905,10.162
9.8154,9.4845,-9.3384
10.008,4.0702,-3
4.032,10.065,-2.778
10.777,10.718,-3.107
9.8154,9.4845,3.556
10.008,4.0702,9.8944
4.032,10.065,10.116
10.777,10.718,9.7874
-8.7102,-9.4937,-9.3764
-9.5029,-4.4754,-2.74
-3.566,-10.456,-3.078
-8.7102,-9.4937,3.518
-10.409,-9.8204,-2.804
-9.5029,-4.4754,10.154
-3.566,-10.456,9.8164
-10.409,-9.8204,10.09
-9.3306,-2.0949,-9.0924
-8.8441,10.756,-9.0424
-2.5042,4.0386,-9.4144
-8.1455,3.5436,-9.1124
-1.4357,9.6891,-9.0394
-2.9211,-8.7222,-9.3684
3.3807,-1.4687,-9.0424
9.7206,-8.1862,-9.4144
-1.9057,-3.0908,-9.4464
4.0793,-8.6811,-9.1124
4.4003,3.6169,-9.3764
10.789,-2.5357,-9.0394
-8.9346,8.5018,-2.817
-9.3306,-2.0949,3.802
-8.8441,10.756,3.852
-2.5042,4.0386,3.48
-8.1455,3.5436,3.782
-1.4357,9.6891,3.855
-9.8277,3.3958,-2.969
-3.4595,9.2676,-2.493
-3.1424,2.4593,-2.709
3.2902,-3.7229,-2.817
3.6077,8.6352,-2.74
9.5445,2.6545,-3.078
-2.9211,-8.7222,3.526
3.3807,-1.4687,3.852
9.7206,-8.1862,3.48
-1.9057,-3.0908,3.448
4.0793,-8.6811,3.782
4.4003,3.6169,3.518
10.789,-2.5357,3.855
-3.8269,-2.4551,-2.995
2.3971,-8.8289,-2.969
2.7019,3.2902,-2.804
8.7653,-2.9571,-2.493
9.0824,-9.7654,-2.709
-8.9346,8.5018,10.077
-9.8277,3.3958,9.9254
-3.4595,9.2676,10.401
-3.1424,2.4593,10.185
3.2902,-3.7229,10.077
3.6077,8.6352,10.154
9.5445,2.6545,9.8164
-3.8269,-2.4551,9.8994
2.3971,-8.8289,9.9254
2.7019,3.2902,10.09
8.7653,-2.9571,10.401
9.0824,-9.7654,10.185
3.78,11.016,-9.0924
10.19,4.3884,-9.3684
11.205,10.02,-9.4464
3.78,11.016,3.802
10.19,4.3884,3.526
11.205,10.02,3.448
9.2837,10.655,-2.995
9.2837,10.655,9.8994
-11.739,-3.5205,-12.251
-11.549,-6.917,-9.2794
-6.0162,-13.141,-9.2894
-13.393,-12.481,-9.4244
-5.5537,-9.4386,-6.3834
-9.6974,-11.728,-6.6294
-5.6534,-9.4732,-12.417
-13.2,-9.7087,-12.662
-9.5107,-7.3653,-12.849
-3.3023,-13.585,-12.434
-9.6563,-12.215,-12.442
-13.221,-6.1028,-2.754
-12.247,-1.1771,-2.779
-11.823,-3.5707,-6.051
-11.739,-3.5205,0.643
-6.8357,-12.791,-2.769
-11.549,-6.917,3.615
-6.0162,-13.141,3.605
-13.393,-12.481,3.47
-12.222,-13.567,-2.95
-0.022014,-13.402,-2.779
-13.365,-9.7589,-5.77
-5.5537,-9.4386,6.511
-9.6974,-11.728,6.265
-9.336,-7.2769,-5.673
-3.4168,-13.229,-5.642
-5.6534,-9.4732,0.477
-13.2,-9.7087,0.232
-9.5107,-7.3653,0.045
-3.3023,-13.585,0.46
-9.6563,-12.215,0.452
-13.221,-6.1028,10.14
-12.247,-1.1771,10.115
-11.823,-3.5707,6.8434
-11.739,-3.5205,13.537
-6.8357,-12.791,10.125
-12.222,-13.567,9.9444
-0.022014,-13.402,10.115
-13.365,-9.7589,7.1244
-9.336,-7.2769,7.2214
-3.4168,-13.229,7.2524
-5.6534,-9.4732,13.371
-13.2,-9.7087,13.126
-9.5107,-7.3653,12.939
-3.3023,-13.585,13.354
-9.6563,-12.215,13.346
-11.61,6.1069,-9.2984
-5.1304,12.194,-9.2894
-12.473,0.61901,-9.1624
-12.507,12.855,-9.4244
-6.5191,7.4129,-9.3284
-11.844,9.2415,-6.3864
-5.3227,3.2537,-6.1444
-9.1814,0.74841,-6.1534
-8.8116,13.607,-6.6294
-2.5416,7.176,-6.4834
-11.339,9.1425,-12.263
-5.1063,3.183,-12.077
1.3715,9.5901,-12.251
-13.075,2.7672,-13.064
-6.5658,9.4296,-12.706
-9.0166,5.5475,-12.603
-2.4165,11.75,-12.434
-9.3992,0.95347,-11.93
-8.7705,13.121,-12.442
-2.8365,7.1428,-12.071
-5.4652,-0.78559,-9.1834
0.61518,-6.1179,-9.2984
1.562,6.1935,-9.2794
7.0944,-0.030404,-9.2894
-6.8101,-5.3903,-9.2614
-0.24819,-11.606,-9.1624
-0.28214,0.63003,-9.4244
5.7056,-4.8119,-9.3284
0.38113,-2.9833,-6.3864
6.9021,-8.9711,-6.1444
7.5569,3.672,-6.3834
-3.1636,-5.8152,-6.5124
3.0434,-11.476,-6.1534
3.4132,1.3824,-6.6294
9.6831,-5.0487,-6.4834
0.886,-3.0823,-12.263
7.1184,-9.0418,-12.077
7.4571,3.6374,-12.417
13.596,-2.6347,-12.251
-7.04,-2.9812,-12.85
-0.85065,-9.4576,-13.064
-0.089803,3.4019,-12.662
5.659,-2.7952,-12.706
-3.0519,-0.44689,-12.908
3.2081,-6.6772,-12.603
3.5999,5.7452,-12.849
9.8083,-0.47447,-12.434
-3.3043,-5.642,-12.277
2.8256,-11.271,-11.93
3.4542,0.89591,-12.442
9.3883,-5.082,-12.071
6.7595,-13.01,-9.1834
13.787,-6.0312,-9.2794
11.943,-11.595,-9.4244
12.135,-8.8229,-12.662
9.1729,-12.672,-12.908
-13.271,6.5884,-2.958
-6.9653,0.52355,-2.532
-5.9499,12.544,-2.769
-0.1106,7.0077,-2.754
-11.61,6.1069,3.596
-5.1304,12.194,3.605
-12.473,0.61901,3.732
-12.507,12.855,3.47
-6.5191,7.4129,3.566
-11.337,11.768,-2.95
-5.3793,5.9902,-2.726
0.86379,11.933,-2.779
-13.008,2.7637,-5.691
-6.6103,9.6509,-5.701
-11.844,9.2415,6.508
-5.3227,3.2537,6.75
1.2873,9.5399,-6.051
-9.1814,0.74841,6.741
-8.8116,13.607,6.265
-2.5416,7.176,6.411
-9.0788,5.6805,-5.826
-2.531,12.107,-5.642
-11.339,9.1425,0.631
-5.1063,3.183,0.817
1.3715,9.5901,0.643
-13.075,2.7672,-0.17
-6.5658,9.4296,0.188
-9.0166,5.5475,0.291
-2.4165,11.75,0.46
-9.3992,0.95347,0.964
-8.7705,13.121,0.452
-2.8365,7.1428,0.823
-1.0458,-5.6363,-2.958
5.2595,-11.701,-2.532
6.2749,0.31961,-2.769
12.114,-5.217,-2.754
-5.4652,-0.7856,3.711
0.61518,-6.1179,3.596
1.562,6.1935,3.615
7.0944,-0.030406,3.605
-6.8101,-5.3903,3.633
-0.24819,-11.606,3.732
-0.28214,0.63003,3.47
5.7056,-4.8119,3.566
0.88813,-0.45679,-2.95
6.8455,-6.2346,-2.726
-5.8831,-6.743,-2.799
13.089,-0.29133,-2.779
-6.9106,-3.2435,-5.629
-0.78347,-9.4611,-5.691
-0.25456,3.3517,-5.77
5.6144,-2.5739,-5.701
0.38113,-2.9833,6.508
6.9021,-8.9711,6.75
7.5569,3.672,6.511
13.512,-2.6849,-6.051
-3.1636,-5.8152,6.382
3.0434,-11.476,6.741
3.4132,1.3824,6.265
9.6831,-5.0487,6.411
-2.8016,-0.19658,-5.847
3.1459,-6.5443,-5.826
3.7745,5.8336,-5.673
9.6937,-0.11809,-5.642
0.886,-3.0823,0.631
7.1184,-9.0418,0.817
7.4571,3.6374,0.477
13.596,-2.6347,0.643
-7.04,-2.9812,0.044
-0.85065,-9.4576,-0.17
-0.089803,3.4019,0.232
5.659,-2.7952,0.188
-3.0519,-0.44689,-0.014
3.2081,-6.6772,0.291
3.5999,5.7452,0.045
9.8083,-0.47447,0.46
-3.3043,-5.642,0.617
2.8256,-11.271,0.964
3.4542,0.8959,0.452
9.3883,-5.082,0.823
6.7595,-13.01,3.711
13.787,-6.0312,3.615
11.943,-11.595,3.47
13.113,-12.682,-2.95
11.97,-8.8731,-5.77
9.4232,-12.421,-5.847
12.135,-8.8229,0.232
9.1729,-12.672,-0.014
-13.271,6.5884,9.9364
-6.9653,0.52355,10.362
-5.9499,12.544,10.125
-0.1106,7.0077,10.14
-11.337,11.768,9.9444
-5.3793,5.9902,10.168
0.86379,11.933,10.115
-13.008,2.7637,7.2034
-6.6103,9.6509,7.1934
1.2873,9.5399,6.8434
-9.0788,5.6805,7.0684
-2.531,12.107,7.2524
-11.339,9.1425,13.525
-5.1063,3.183,13.711
1.3715,9.5901,13.537
-13.075,2.7672,12.724
-6.5658,9.4296,13.082
-9.0166,5.5475,13.185
-2.4165,11.75,13.354
-9.3992,0.95347,13.858
-8.7705,13.121,13.346
-2.8365,7.1428,13.717
-1.0458,-5.6363,9.9364
5.2595,-11.701,10.362
6.2749,0.31961,10.125
12.114,-5.217,10.14
0.88813,-0.45679,9.9444
6.8455,-6.2346,10.168
-5.8831,-6.743,10.095
13.089,-0.29133,10.115
-6.9106,-3.2435,7.2654
-0.78347,-9.4611,7.2034
-0.25456,3.3517,7.1244
5.6144,-2.5739,7.1934
13.512,-2.6849,6.8434
-2.8016,-0.19658,7.0474
3.1459,-6.5443,7.0684
3.7745,5.8336,7.2214
9.6937,-0.11809,7.2524
0.886,-3.0823,13.525
7.1184,-9.0418,13.711
7.4571,3.6374,13.371
13.596,-2.6347,13.537
-7.04,-2.9812,12.938
-0.85065,-9.4576,12.724
-0.089803,3.4019,13.126
5.659,-2.7952,13.082
-3.0519,-0.44689,12.88
3.2081,-6.6772,13.185
3.5999,5.7452,12.939
9.8083,-0.47447,13.354
-3.3043,-5.642,13.511
2.8256,-11.271,13.858
3.4542,0.8959,13.346
9.3883,-5.082,13.717
13.113,-12.682,9.9444
11.97,-8.8731,7.1244
9.4232,-12.421,7.0474
12.135,-8.8229,13.126
9.1729,-12.672,12.88
0.63761,13.73,-9.1624
3.9292,13.859,-6.1534
3.7114,14.064,-11.93
7.6453,12.325,-9.1834
13.726,6.9927,-9.2984
6.3004,7.7203,-9.2614
12.862,1.5048,-9.1624
12.828,13.741,-9.4244
13.492,10.127,-6.3864
9.947,7.2953,-6.5124
13.997,10.028,-12.263
6.0706,10.129,-12.85
12.26,3.653,-13.064
10.059,12.664,-12.908
9.8063,7.4686,-12.277
6.1453,13.634,-2.532
0.63761,13.73,3.732
3.9292,13.859,6.741
3.7114,14.064,0.964
12.065,7.4742,-2.958
7.6453,12.325,3.711
13.726,6.9927,3.596
6.3004,7.7203,3.633
12.862,1.5048,3.732
12.828,13.741,3.47
13.999,12.654,-2.95
7.2274,6.3676,-2.799
6.2,9.8671,-5.629
12.327,3.6495,-5.691
13.492,10.127,6.508
9.947,7.2953,6.382
10.309,12.914,-5.847
13.997,10.028,0.631
6.0706,10.129,0.044
12.26,3.653,-0.17
10.059,12.664,-0.014
9.8063,7.4686,0.617
6.1453,13.634,10.362
3.7114,14.064,13.858
12.065,7.4742,9.9364
13.999,12.654,9.9444
7.2274,6.3676,10.095
6.2,9.8671,7.2654
12.327,3.6495,7.2034
10.309,12.914,7.0474
13.997,10.028,13.525
6.0706,10.129,12.938
12.26,3.653,12.724
10.059,12.664,12.88
9.8063,7.4686,13.511
0,0,0
-0.16405,-6.1829,-0.16
0.34224,0.35921,-6.4154
-6.4724,0.2103,0.436
0.34224,0.35921,6.479
6.4622,0.54801,0.487
0.47235,6.5775,0.482
-5.8502,6.2801,0.265
-5.9673,-0.34436,-6.2734
6.3746,-5.9446,0.265
0.57841,6.5676,-5.886
-6.4467,-6.0436,0.518
-0.098995,-6.2961,-6.3094
-5.9673,-0.34436,6.621
6.7727,0.43416,-6.075
-0.098995,-6.2961,6.585
6.7727,0.43416,6.8194
0.57841,6.5676,7.0084
6.6639,7.0669,0.518
6.2494,-5.5253,-6.3734
6.2494,-5.5253,6.521
-6.3513,-6.4503,-5.827
-5.9753,6.6994,-6.3734
-5.9753,6.6994,6.521
6.7592,6.6602,-5.827
-6.3513,-6.4503,7.0674
6.7592,6.6602,7.0674
-12.484,-0.44174,0.16
-0.2596,-12.666,0.16
0.6262,12.669,0.16
12.851,0.44406,0.16
-6.9738e-17,1.4142e-06,-12.894
6.9738e-17,-1.4142e-06,12.894
5.7523,-12.014,0.436
-12.223,-0.3377,-6.1664
-12.389,6.0418,-0.16
12.697,-5.6472,0.482
-12.223,-0.3377,6.728
0.0014142,-12.562,-6.1664
6.4622,0.54801,-12.407
-5.7625,12.773,0.487
-6.4724,0.21031,-12.458
0.47235,6.5775,-12.412
-0.16405,-6.1829,12.734
0.88722,12.773,-6.1664
-6.6483,-12.563,0.487
-12.638,-6.5331,0.482
0.0014142,-12.562,6.728
-0.16405,-6.1829,-13.054
0.88722,12.773,6.728
13.112,0.5481,-6.1664
12.947,6.9276,-0.16
13.112,0.5481,6.728
-6.4724,0.2103,13.33
6.4622,0.54801,13.381
6.6381,13.321,0.436
0.47235,6.5775,13.376
-12.324,5.9287,-6.3094
-5.4521,12.659,-6.075
-12.324,5.9287,6.585
12.803,-5.6571,-5.886
-6.4467,-6.0436,-12.376
-5.8502,6.2801,-12.629
-12.532,-6.543,-5.886
6.3746,-5.9446,-12.629
-5.4521,12.659,6.8194
6.2575,-12.569,-6.2734
-6.3379,-12.676,-6.075
6.2575,-12.569,6.621
12.803,-5.6571,7.0084
-5.8502,6.2801,13.159
-6.3379,-12.676,6.8194
6.6639,7.0669,-12.376
-12.532,-6.543,7.0084
6.3746,-5.9446,13.159
7.1433,12.766,-6.2734
13.012,6.8145,-6.3094
7.1433,12.766,6.621
-6.4467,-6.0436,13.412
13.012,6.8145,6.585
6.6639,7.0669,13.412
-12.225,12.225,-1.0586e-15
12.225,-12.225,1.0586e-15
-12.484,-0.44174,-12.734
-0.2596,-12.666,-12.734
0.6262,12.669,-12.734
-12.484,-0.44174,13.054
12.851,0.44406,-12.734
-0.2596,-12.666,13.054
0.6262,12.669,13.054
5.7523,-12.014,-12.458
12.851,0.44406,13.054
12.567,-11.866,-6.4154
12.567,-11.866,6.479
-11.883,12.584,-6.4154
-11.883,12.584,6.479
-13.111,-13.111,0
13.111,13.111,0
12.697,-5.6472,-12.412
-5.7625,12.773,-12.407
-12.389,6.0418,12.734
5.7523,-12.014,13.33
-6.6483,-12.563,-12.407
-12.638,-6.5331,-12.412
-12.389,6.0418,-13.054
-12.768,-12.751,-6.4154
-12.768,-12.751,6.479
12.697,-5.6472,13.376
-5.7625,12.773,13.381
6.6381,13.321,-12.458
12.947,6.9276,12.734
-6.6483,-12.563,13.381
-12.638,-6.5331,13.376
12.947,6.9276,-13.054
6.6381,13.321,13.33
13.453,13.47,-6.4154
13.453,13.47,6.479
12.225,-12.225,-12.894
-12.225,12.225,12.894
-12.225,12.225,-12.894
12.225,-12.225,12.894
-13.111,-13.111,-12.894
13.111,13.111,12.894
-13.111,-13.111,12.894
13.111,13.111,-12.894
