-9.3778,-3.7823,-8.4942
-3.8393,-9.2939,-8.5612
-9.7451,-9.5231,-8.6242
-9.3778,-3.7823,3.074
-3.8393,-9.2939,3.007
-8.7141,-8.6943,-3.047
-9.7451,-9.5231,2.944
-8.7141,-8.6943,8.5212
-3.4221,2.353,-8.5592
-8.6059,7.5735,-8.4952
2.6986,8.2941,-8.4942
-9.0089,1.8728,-8.7152
-3.0311,8.0275,-8.7252
7.4147,-8.4839,-8.5592
2.2309,-3.2633,-8.4952
8.2371,2.7825,-8.5612
-3.7463,-3.4281,-8.7432
1.8279,-8.964,-8.7152
2.3313,2.5534,-8.6242
7.8058,-2.8093,-8.7252
-3.4221,2.353,3.009
-8.6059,7.5735,3.073
2.6986,8.2941,3.074
-7.8458,8.7693,-2.742
-2.3784,3.3556,-2.816
-7.9928,2.9583,-2.87
-1.9315,8.963,-2.934
-9.0089,1.8728,2.853
-3.0311,8.0275,2.843
7.4147,-8.4839,3.009
2.2309,-3.2633,3.073
8.2371,2.7825,3.007
-3.1063,-8.0957,-2.699
-8.3021,-2.7584,-2.94
2.9911,-2.0676,-2.742
8.4584,-7.4812,-2.816
-2.6587,-2.5343,-2.866
2.844,-7.8786,-2.87
3.3623,3.3821,-3.047
8.9053,-1.8738,-2.934
-3.7463,-3.4281,2.825
1.8279,-8.964,2.853
2.3313,2.5534,2.944
7.8058,-2.8093,2.843
-7.8458,8.7693,8.8262
-2.3784,3.3556,8.7522
-7.9928,2.9583,8.6982
-1.9315,8.963,8.6342
-3.1063,-8.0957,8.8692
-8.3021,-2.7584,8.6282
2.9911,-2.0676,8.8262
8.4584,-7.4812,8.7522
-2.6587,-2.5343,8.7022
2.844,-7.8786,8.6982
3.3623,3.3821,8.5212
8.9053,-1.8738,8.6342
8.3301,8.6484,-8.7432
8.9701,3.9807,-2.699
3.7743,9.318,-2.94
9.4177,9.5421,-2.866
8.3301,8.6484,2.825
8.9701,3.9807,8.8692
3.7743,9.318,8.6282
9.4177,9.5421,8.7022
-8.3549,-8.9871,-8.5172
-9.1214,-4.0048,-2.846
-3.6929,-9.4474,-2.962
-8.3549,-8.9871,3.051
-10.046,-9.3526,-2.893
-9.1214,-4.0048,8.7222
-3.6929,-9.4474,8.6062
-10.046,-9.3526,8.6752
-8.7445,-2.466,-8.8142
-8.002,8.9326,-8.6582
-2.6549,3.635,-8.5232
-7.7948,2.7263,-8.5152
-1.6409,8.5706,-8.6192
-3.1997,-7.9458,-8.6142
2.8348,-1.9042,-8.6582
8.1819,-7.2019,-8.5232
-2.4452,-2.6969,-8.6312
3.042,-8.1105,-8.5152
3.7215,3.0893,-8.5172
9.1959,-2.2663,-8.6192
-8.5486,7.4512,-2.779
-8.7445,-2.466,2.754
-8.002,8.9326,2.91
-2.6549,3.635,3.045
-7.7948,2.7263,3.053
-1.6409,8.5706,2.949
-9.3979,2.4456,-2.883
-3.2114,8.1993,-2.833
-3.1353,2.0676,-2.848
2.2882,-3.3856,-2.779
2.955,8.0716,-2.846
8.3835,2.629,-2.962
-3.1997,-7.9458,2.954
2.8348,-1.9042,2.91
8.1819,-7.2019,3.045
-2.4452,-2.6969,2.937
3.042,-8.1105,3.053
3.7215,3.0893,3.051
9.1959,-2.2663,2.949
-4.0206,-3.1495,-2.874
1.439,-8.3912,-2.883
2.0308,2.7238,-2.893
7.6254,-2.6375,-2.833
7.7015,-8.7693,-2.848
-8.5486,7.4512,8.7892
-9.3979,2.4456,8.6852
-3.2114,8.1993,8.7352
-3.1353,2.0676,8.7202
2.2882,-3.3856,8.7892
2.955,8.0716,8.7222
8.3835,2.629,8.6062
-4.0206,-3.1495,8.6942
1.439,-8.3912,8.6852
2.0308,2.7238,8.6752
7.6254,-2.6375,8.7352
7.7015,-8.7693,8.7202
3.3319,9.6105,-8.8142
8.8767,4.1307,-8.6142
9.6312,9.3795,-8.6312
3.3319,9.6105,2.754
8.8767,4.1307,2.954
9.6312,9.3795,2.937
8.0558,8.927,-2.874
8.0558,8.927,8.6942
-11.305,-3.346,-5.9932
-11.196,-3.6183,-11.264
-11.4,-6.6861,-8.7922
-5.9239,-12.077,-8.7512
-12.758,-11.49,-8.4942
-5.7853,-8.8697,-6.0142
-9.5004,-11.295,-5.9972
-5.6382,-9.0465,-11.184
-12.579,-9.3024,-11.817
-8.9998,-7.0043,-11.857
-3.4589,-12.227,-11.789
-9.2826,-11.405,-11.189
-12.419,-5.8379,-2.979
-11.06,-1.0819,-2.616
-11.305,-3.346,5.575
-11.196,-3.6183,0.304
-6.9166,-11.393,-2.944
-11.4,-6.6861,2.776
-5.9239,-12.077,2.817
-12.758,-11.49,3.074
-11.847,-12.533,-2.754
-5.9331,-6.6232,-2.566
-0.22316,-11.919,-2.616
-12.661,-9.0097,-5.494
-5.7853,-8.8697,5.554
-9.5004,-11.295,5.571
-8.9934,-6.5327,-5.451
-3.8139,-12.233,-5.577
-5.6382,-9.0465,0.384
-12.579,-9.3024,-0.249
-8.9998,-7.0043,-0.289
-3.4589,-12.227,-0.221
-9.2826,-11.405,0.379
-12.419,-5.8379,8.5892
-11.06,-1.0819,8.9522
-11.196,-3.6183,11.872
-6.9166,-11.393,8.6242
-11.847,-12.533,8.8142
-5.9331,-6.6232,9.0022
-0.22316,-11.919,8.9522
-12.661,-9.0097,6.0742
-8.9934,-6.5327,6.1172
-3.8139,-12.233,5.9912
-5.6382,-9.0465,11.952
-12.579,-9.3024,11.319
-8.9998,-7.0043,11.279
-3.4589,-12.227,11.347
-9.2826,-11.405,11.947
-10.68,4.6101,-8.7032
-4.6843,10.836,-8.7512
-11.957,-0.10352,-8.3992
-11.518,11.424,-8.4942
-5.8446,5.9295,-8.4922
-10.61,8.1039,-6.0982
-5.1064,2.5722,-5.9042
0.77176,8.7304,-5.9932
-8.9425,0.18852,-5.8782
-8.2608,11.618,-5.9972
-2.6457,6.2986,-5.9882
-10.564,7.7892,-11.134
-5.1884,2.4095,-11.247
0.87994,8.4581,-11.264
-11.922,2.114,-11.713
-5.8722,8.3259,-11.825
-8.333,4.6829,-11.729
-2.2193,10.686,-11.789
-8.5373,0.1072,-11.413
-8.043,11.508,-11.189
-2.6464,6.0957,-11.264
-5.4454,-0.54377,-8.8242
0.15698,-6.2268,-8.7032
0.6767,5.3903,-8.7922
6.1525,-0.00070711,-8.7512
-6.557,-5.3563,-8.3752
-1.1201,-10.94,-8.3992
-0.68165,0.5869,-8.4942
4.9922,-4.9073,-8.4922
0.22698,-2.733,-6.0982
5.7304,-8.2647,-5.9042
6.2911,3.2067,-6.0142
11.609,-2.1065,-5.9932
-3.2739,-5.1025,-6.0142
1.8943,-10.648,-5.8782
2.576,0.78135,-5.9972
8.1911,-4.5382,-5.9882
0.27294,-3.0476,-11.134
5.6484,-8.4273,-11.247
6.4382,3.03,-11.184
11.717,-2.3787,-11.264
-6.6404,-3.3383,-11.806
-1.0847,-8.7229,-11.713
-0.50275,2.774,-11.817
4.9646,-2.5109,-11.825
-2.8051,-0.73044,-11.815
2.5039,-6.154,-11.729
3.0766,5.0721,-11.857
8.6175,-0.15061,-11.789
-3.3347,-5.4942,-11.334
2.2995,-10.73,-11.413
2.7938,0.67104,-11.189
8.1904,-4.7412,-11.264
5.3914,-11.381,-8.8242
11.514,-5.4466,-8.7922
10.155,-10.25,-8.4942
10.334,-8.0629,-11.817
8.0317,-11.567,-11.815
-11.844,5.4296,-3.016
-6.3014,0.16235,-3.093
-5.6771,11.521,-2.944
-0.34264,6.2385,-2.979
-10.68,4.6101,2.865
-4.6843,10.836,2.817
-11.957,-0.10352,3.169
-11.518,11.424,3.074
-5.8446,5.9295,3.076
-10.608,10.38,-2.754
-5.1269,4.9615,-2.677
1.0164,10.995,-2.616
-12.069,2.4788,-5.376
-6.0999,8.3796,-5.383
-10.61,8.1039,5.47
-5.1064,2.5722,5.664
0.77176,8.7304,5.575
-8.9425,0.18852,5.69
-8.2608,11.618,5.571
-2.6457,6.2986,5.58
-8.2601,4.9495,-5.393
-2.5743,10.681,-5.577
-10.564,7.7892,0.434
-5.1884,2.4095,0.321
0.87994,8.4581,0.304
-11.922,2.114,-0.145
-5.8722,8.3259,-0.257
-8.333,4.6829,-0.161
-2.2193,10.686,-0.221
-8.5373,0.1072,0.155
-8.043,11.508,0.379
-2.6464,6.0957,0.304
-1.0076,-5.4072,-3.016
4.5354,-10.674,-3.093
5.1598,0.68377,-2.944
10.494,-4.5983,-2.979
-5.4454,-0.54377,2.744
0.15698,-6.2268,2.865
0.6767,5.3903,2.776
6.1525,-0.00070711,2.817
-6.557,-5.3563,3.193
-1.1201,-10.94,3.169
-0.68165,0.5869,3.074
4.9922,-4.9073,3.076
0.2291,-0.45679,-2.754
5.7099,-5.8754,-2.677
6.1433,5.4532,-2.566
11.853,0.15768,-2.616
-6.5464,-3.0731,-5.559
-1.2318,-8.358,-5.376
-0.58478,3.0667,-5.494
4.7369,-2.4572,-5.383
0.22698,-2.733,5.47
5.7304,-8.2647,5.664
6.2911,3.2067,5.554
11.609,-2.1065,5.575
-3.2739,-5.1025,5.554
1.8943,-10.648,5.69
2.576,0.78135,5.571
8.1911,-4.5382,5.58
-3.0837,-0.64135,-5.388
2.5767,-5.8874,-5.393
3.083,5.5437,-5.451
8.2625,-0.15627,-5.577
0.27294,-3.0476,0.434
5.6484,-8.4273,0.321
6.4382,3.03,0.384
11.717,-2.3787,0.304
-6.6404,-3.3383,-0.238
-1.0847,-8.7229,-0.145
-0.50275,2.774,-0.249
4.9646,-2.5109,-0.257
-2.8051,-0.73044,-0.247
2.5039,-6.154,-0.161
3.0766,5.0721,-0.289
8.6175,-0.15061,-0.221
-3.3347,-5.4942,0.234
2.2995,-10.73,0.155
2.7938,0.67104,0.379
8.1904,-4.7412,0.304
5.3914,-11.381,2.744
11.514,-5.4466,2.776
10.155,-10.25,3.074
11.066,-11.294,-2.754
10.252,-7.7701,-5.494
7.7531,-11.478,-5.388
10.334,-8.0629,-0.249
8.0317,-11.567,-0.247
-11.844,5.4296,8.5522
-6.3014,0.16235,8.4752
-5.6771,11.521,8.6242
-0.34264,6.2385,8.5892
-10.608,10.38,8.8142
-5.1269,4.9615,8.8912
1.0164,10.995,8.9522
-12.069,2.4788,6.1922
-6.0999,8.3796,6.1852
-8.2601,4.9495,6.1752
-2.5743,10.681,5.9912
-10.564,7.7892,12.002
-5.1884,2.4095,11.889
0.87994,8.4581,11.872
-11.922,2.114,11.423
-5.8722,8.3259,11.311
-8.333,4.6829,11.407
-2.2193,10.686,11.347
-8.5373,0.1072,11.723
-8.043,11.508,11.947
-2.6464,6.0957,11.872
-1.0076,-5.4072,8.5522
4.5354,-10.674,8.4752
5.1598,0.68377,8.6242
10.494,-4.5983,8.5892
0.2291,-0.45679,8.8142
5.7099,-5.8754,8.8912
6.1433,5.4532,9.0022
11.853,0.15768,8.9522
-6.5464,-3.0731,6.0092
-1.2318,-8.358,6.1922
-0.58478,3.0667,6.0742
4.7369,-2.4572,6.1852
-3.0837,-0.64135,6.1802
2.5767,-5.8874,6.1752
3.083,5.5437,6.1172
8.2625,-0.15627,5.9912
0.27294,-3.0476,12.002
5.6484,-8.4273,11.889
6.4382,3.03,11.952
11.717,-2.3787,11.872
-6.6404,-3.3383,11.33
-1.0847,-8.7229,11.423
-0.50275,2.774,11.319
4.9646,-2.5109,11.311
-2.8051,-0.73044,11.321
2.5039,-6.154,11.407
3.0766,5.0721,11.279
8.6175,-0.15061,11.347
-3.3347,-5.4942,11.802
2.2995,-10.73,11.723
2.7938,0.67104,11.947
8.1904,-4.7412,11.872
11.066,-11.294,8.8142
10.252,-7.7701,6.0742
7.7531,-11.478,6.1802
10.334,-8.0629,11.319
8.0317,-11.567,11.321
0.11952,11.973,-8.3992
3.1339,12.265,-5.8782
3.5391,12.184,-11.413
6.631,11.533,-8.8242
12.233,5.8496,-8.7032
5.5194,6.7201,-8.3752
10.956,1.1361,-8.3992
11.395,12.663,-8.4942
12.303,9.3434,-6.0982
8.8025,6.9739,-6.0142
12.349,9.0288,-11.134
5.436,8.7382,-11.806
10.992,3.3535,-11.713
9.2713,11.346,-11.815
8.7417,6.5822,-11.334
5.775,12.239,-3.093
0.11952,11.973,3.169
3.1339,12.265,5.69
3.5391,12.184,0.155
11.069,6.6692,-3.016
6.631,11.533,2.744
12.233,5.8496,2.865
5.5194,6.7201,3.193
10.956,1.1361,3.169
11.395,12.663,3.074
12.305,11.62,-2.754
5.53,9.0033,-5.559
10.845,3.7184,-5.376
12.303,9.3434,5.47
8.8025,6.9739,5.554
8.9927,11.435,-5.388
12.349,9.0288,0.434
5.436,8.7382,-0.238
10.992,3.3535,-0.145
9.2713,11.346,-0.247
8.7417,6.5822,0.234
5.775,12.239,8.4752
3.5391,12.184,11.723
11.069,6.6692,8.5522
12.305,11.62,8.8142
5.53,9.0033,6.0092
10.845,3.7184,6.1922
8.9927,11.435,6.1802
12.349,9.0288,12.002
5.436,8.7382,11.33
10.992,3.3535,11.423
9.2713,11.346,11.321
8.7417,6.5822,11.802
0,0,0
0.31749,5.6378,0.054
-0.17748,0.064347,5.732
-5.7361,-0.39598,0.033
5.8004,0.34719,0.073
-0.17748,0.064347,-5.8362
-0.31891,-5.8598,0.169
5.3705,-5.3973,0.046
-5.4663,5.4395,0.046
-0.51831,-5.5374,-5.7292
5.5918,0.44265,-5.694
-0.51831,-5.5374,5.839
5.5918,0.44265,5.8742
0.099298,5.8517,-5.644
-5.8687,-0.20958,-5.7822
-5.8687,-0.20958,5.786
0.099298,5.8517,5.9242
5.9022,6.0309,0.157
-6.1742,-6.0455,0.157
5.3097,-5.2347,-5.7462
5.3097,-5.2347,5.822
-5.5272,5.6021,-5.7462
-5.5272,5.6021,5.822
5.8824,6.1158,-5.648
-6.194,-5.9606,-5.648
5.8824,6.1158,5.9202
-6.194,-5.9606,5.9202
0.66187,11.351,0.088
-11.415,-0.72506,0.088
11.499,0.51451,0.088
5.0088e-16,-5.0088e-16,-11.568
-5.0088e-16,5.0088e-16,11.568
-0.57771,-11.562,0.088
-11.156,4.977,0.169
-5.0364,11.184,0.073
11.154,-5.1991,0.054
5.1008,-11.233,0.033
-0.84853,-11.208,-5.617
11.228,0.86877,-5.617
-0.84853,-11.208,5.9512
11.228,0.86877,5.9512
-0.31891,-5.8598,-11.399
0.31749,5.6378,-11.514
5.8004,0.34719,-11.495
-5.7361,-0.39598,-11.535
0.31749,5.6378,11.622
-5.7361,-0.39598,11.601
-11.685,-0.3708,-5.617
0.39105,11.706,-5.617
5.8004,0.34719,11.641
-11.685,-0.3708,5.9512
-0.31891,-5.8598,11.737
0.39105,11.706,5.9512
10.936,-4.9851,-5.644
6.3403,11.68,0.033
11.757,6.2166,0.169
-6.276,-11.729,0.073
10.936,-4.9851,5.9242
-11.759,-6.4387,0.054
4.9681,-11.046,-5.7822
4.9681,-11.046,5.786
-5.245,11.279,-5.694
-5.245,11.279,5.8742
-11.355,5.2995,-5.7292
5.3705,-5.3973,-11.522
-11.355,5.2995,5.839
-5.4663,5.4395,-11.522
5.3705,-5.3973,11.614
-5.4663,5.4395,11.614
5.9022,6.0309,-11.411
-6.1742,-6.0455,-11.411
5.9022,6.0309,11.725
11.558,6.5391,-5.7292
-6.4846,-11.634,-5.694
11.558,6.5391,5.839
-6.4846,-11.634,5.8742
-6.1742,-6.0455,11.725
6.2077,11.867,-5.7822
6.2077,11.867,5.786
-11.977,-6.2247,-5.644
-11.977,-6.2247,5.9242
10.837,-10.837,9.3842e-16
-10.837,10.837,-9.3842e-16
0.66187,11.351,-11.48
10.659,-10.772,5.732
-11.415,-0.72506,-11.48
10.659,-10.772,-5.8362
11.499,0.51451,-11.48
0.66187,11.351,11.656
-0.57771,-11.562,-11.48
-11.415,-0.72506,11.656
11.499,0.51451,11.656
-0.57771,-11.562,11.656
-11.014,10.901,5.732
-11.014,10.901,-5.8362
-11.156,4.977,-11.399
-5.0364,11.184,-11.495
11.154,-5.1991,-11.514
5.1008,-11.233,-11.535
-5.0364,11.184,11.641
11.154,-5.1991,11.622
5.1008,-11.233,11.601
-11.156,4.977,11.737
-12.076,-12.076,7.9602e-22
12.076,12.076,-7.9602e-22
11.757,6.2166,-11.399
-6.276,-11.729,-11.495
6.3403,11.68,-11.535
6.3403,11.68,11.601
-11.759,-6.4387,-11.514
-6.276,-11.729,11.641
11.757,6.2166,11.737
-11.759,-6.4387,11.622
11.899,12.141,5.732
11.899,12.141,-5.8362
-12.254,-12.012,5.732
-12.254,-12.012,-5.8362
-10.837,10.837,-11.568
10.837,-10.837,-11.568
-10.837,10.837,11.568
10.837,-10.837,11.568
-12.076,-12.076,-11.568
-12.076,-12.076,11.568
12.076,12.076,-11.568
12.076,12.076,11.568
