-9.3618,-4.2777,-8.5542
-9.6043,-9.7005,-8.6162
-3.5942,-9.7356,-8.8432
-9.3618,-4.2777,3.014
-8.5097,-8.7728,-2.842
-9.6043,-9.7005,2.952
-3.5942,-9.7356,2.725
-8.5097,-8.7728,8.7262
-8.6705,7.3963,-8.6872
-3.2393,1.8646,-8.4702
2.7146,7.7987,-8.5542
-9.0785,1.5309,-8.5112
-3.7922,-3.4556,-8.5572
-3.1905,7.8588,-8.6292
2.472,2.3759,-8.6162
2.1663,-3.4405,-8.6872
7.5976,-8.9722,-8.4702
8.4822,2.3408,-8.8432
1.7583,-9.306,-8.5112
7.6464,-2.9781,-8.6292
-8.6705,7.3963,2.881
-3.2393,1.8646,3.098
2.7146,7.7987,3.014
-8.2717,-3.0264,-2.783
-3.1134,-8.0349,-2.738
-2.3511,3.1445,-2.612
-7.5894,8.5426,-2.928
-7.9783,2.8291,-2.98
-2.5385,-2.5541,-2.794
-1.842,8.7858,-2.666
3.5666,3.3036,-2.842
-9.0785,1.5309,3.057
-3.7922,-3.4556,3.011
-3.1905,7.8588,2.939
2.472,2.3759,2.952
2.1663,-3.4405,2.881
7.5976,-8.9722,3.098
8.4822,2.3408,2.725
8.4857,-7.6923,-2.612
3.2474,-2.2943,-2.928
2.8585,-8.0077,-2.98
8.9948,-2.051,-2.666
1.7583,-9.306,3.057
7.6464,-2.9781,2.939
-8.2717,-3.0264,8.7852
-3.1134,-8.0349,8.8302
-2.3511,3.1445,8.9562
-7.5894,8.5426,8.6402
-7.9783,2.8291,8.5882
-2.5385,-2.5541,8.7742
-1.842,8.7858,8.9022
3.5666,3.3036,8.7262
8.4857,-7.6923,8.9562
3.2474,-2.2943,8.6402
2.8585,-8.0077,8.5882
8.9948,-2.051,8.9022
8.2842,8.6208,-8.5572
3.8047,9.05,-2.783
8.963,4.0416,-2.738
9.5379,9.5223,-2.794
8.2842,8.6208,3.011
3.8047,9.05,8.7852
8.963,4.0416,8.8302
9.5379,9.5223,8.7742
-8.2757,-9.0988,-8.9382
-8.951,-4.3435,-3.056
-8.2757,-9.0988,2.63
-9.8483,-9.4198,-2.995
-3.7873,-9.37,-2.886
-8.951,-4.3435,8.5122
-9.8483,-9.4198,8.5732
-3.7873,-9.37,8.6822
-8.043,8.7544,-8.7032
-8.6741,-2.9522,-8.5352
-3.2569,-8.3184,-8.5072
-2.7676,3.2866,-8.5522
2.7938,-2.0824,-8.7032
-7.8355,2.3469,-8.6372
-2.4261,-2.8673,-8.6762
-1.7706,8.177,-8.2902
3.8007,2.9776,-8.9382
8.0692,-7.5502,-8.5522
3.0014,-8.49,-8.6372
9.0662,-2.6599,-8.2902
-8.043,8.7544,2.865
-8.3637,7.2775,-3.105
-2.95,1.8399,-3.036
3.1254,7.7329,-3.056
-8.6741,-2.9522,3.033
-3.2569,-8.3184,3.061
-2.7676,3.2866,3.016
2.7938,-2.0824,2.865
-7.8355,2.3469,2.931
-2.4261,-2.8673,2.892
-1.7706,8.177,3.278
3.8007,2.9776,2.63
-9.1514,1.9361,-2.736
-3.8905,-3.1905,-2.709
-3.0144,7.9274,-2.99
2.2281,2.6566,-2.995
2.4732,-3.5593,-3.105
7.8868,-8.9969,-3.036
8.2891,2.7064,-2.886
8.0692,-7.5502,3.016
3.0014,-8.49,2.931
9.0662,-2.6599,3.278
1.6854,-8.9008,-2.736
7.8224,-2.9095,-2.99
-8.3637,7.2775,8.4632
-2.95,1.8399,8.5322
3.1254,7.7329,8.5122
-9.1514,1.9361,8.8322
-3.8905,-3.1905,8.8592
-3.0144,7.9274,8.5782
2.2281,2.6566,8.5732
2.4732,-3.5593,8.4632
7.8868,-8.9969,8.5322
8.2891,2.7064,8.6822
1.6854,-8.9008,8.8322
7.8224,-2.9095,8.5782
3.4023,9.1242,-8.5352
8.8195,3.758,-8.5072
9.6503,9.2091,-8.6762
3.4023,9.1242,3.033
8.8195,3.758,3.061
9.6503,9.2091,2.892
8.1859,8.8859,-2.709
8.1859,8.8859,8.8592
-11.293,-7.121,-8.5192
-11.777,-0.71957,-8.6942
-12.448,-11.648,-8.7912
-11.095,-3.7594,-5.8522
-5.7188,-9.2148,-6.1922
-9.2091,-11.557,-6.0102
-11.08,-3.7007,-11.303
-5.5809,-9.1037,-11.181
-12.543,-9.4092,-11.688
-8.9969,-6.9068,-11.849
-9.347,-11.555,-11.293
-5.8428,-12.293,-8.6592
-0.94047,-11.556,-8.6942
-3.5596,-12.411,-11.648
-12.24,-6.2576,-2.802
-6.8176,-11.404,-2.838
-11.293,-7.121,3.049
-11.777,-0.71957,2.874
-12.448,-11.648,2.777
-11.827,-12.781,-3.062
-11.102,-1.3496,-2.757
-12.615,-9.4509,-5.234
-11.095,-3.7594,5.716
-5.7188,-9.2148,5.376
-9.2091,-11.557,5.558
-8.8817,-6.9301,-5.441
-11.08,-3.7007,0.265
-5.5809,-9.1037,0.387
-12.543,-9.4092,-0.12
-8.9969,-6.9068,-0.281
-9.347,-11.555,0.275
-5.8428,-12.293,2.909
-0.94047,-11.556,2.874
-0.26519,-12.186,-2.757
-3.4663,-12.319,-5.203
-3.5596,-12.411,-0.08
-12.24,-6.2576,8.7662
-6.8176,-11.404,8.7302
-11.827,-12.781,8.5062
-11.102,-1.3496,8.8112
-12.615,-9.4509,6.3342
-8.8817,-6.9301,6.1272
-11.08,-3.7007,11.833
-5.5809,-9.1037,11.955
-12.543,-9.4092,11.448
-8.9969,-6.9068,11.287
-9.347,-11.555,11.843
-0.26519,-12.186,8.8112
-3.4663,-12.319,6.3652
-3.5596,-12.411,11.488
-11.209,11.265,-8.7912
-10.656,7.6846,-6.0912
-7.9695,11.357,-6.0102
-10.466,7.7581,-11.356
-8.1074,11.359,-11.293
-10.962,4.1953,-8.5932
-5.6342,-0.83863,-8.7572
-4.6033,10.621,-8.6592
0.78347,4.9554,-8.5192
0.29911,11.357,-8.6942
-6.5146,-5.6986,-8.4282
-5.7728,5.8266,-8.5342
-0.37194,0.42851,-8.7912
-5.3825,2.3349,-6.0422
0.18102,-3.1523,-6.0912
0.98146,8.317,-5.8522
6.3576,2.8617,-6.1922
-8.6097,-0.23193,-5.8002
-3.3595,-5.5883,-6.2232
-2.6446,5.7756,-5.8302
2.8673,0.51972,-6.0102
-4.9752,2.4254,-11.221
0.37052,-3.0787,-11.356
0.99631,8.3757,-11.303
6.4955,2.9727,-11.181
-11.83,2.1609,-12.002
-6.6206,-3.2265,-11.58
-5.7891,8.2922,-11.981
-0.46669,2.6672,-11.688
-8.4209,4.6591,-11.893
-2.9925,-0.67458,-11.788
-2.32,10.503,-11.648
3.0795,5.1697,-11.849
-8.8084,-0.10819,-11.128
-3.4974,-5.3981,-11.229
-2.6566,5.9404,-11.226
2.7294,0.52184,-11.293
-0.12546,-6.6416,-8.5932
5.2026,-11.675,-8.7572
6.2336,-0.21609,-8.6592
11.62,-5.8814,-8.5192
11.136,0.52,-8.6942
5.064,-5.0103,-8.5342
10.465,-10.408,-8.7912
5.4543,-8.502,-6.0422
11.818,-2.5198,-5.8522
2.2271,-11.069,-5.8002
8.1922,-5.0612,-5.8302
5.8616,-8.4115,-11.221
11.833,-2.4612,-11.303
-0.99308,-8.6759,-12.002
5.0477,-2.5446,-11.981
10.37,-8.1696,-11.688
2.4159,-6.1777,-11.893
7.8443,-11.511,-11.788
8.5168,-0.33418,-11.648
2.0284,-10.945,-11.128
8.1802,-4.8964,-11.226
-11.603,5.6509,-2.742
-5.5781,11.509,-2.838
-11.209,11.265,2.777
-10.588,10.133,-3.062
-10.656,7.6846,5.477
-7.9695,11.357,5.558
-10.466,7.7581,0.212
-8.1074,11.359,0.275
-6.2805,-0.022627,-2.875
-0.7665,-5.1859,-2.742
-0.16334,5.8188,-2.802
5.2588,0.67246,-2.838
-10.962,4.1953,2.975
-5.6342,-0.83863,2.811
-4.6033,10.621,2.909
0.78347,4.9554,3.049
0.29911,11.357,2.874
-6.5146,-5.6986,3.14
-5.7728,5.8266,3.034
-0.37194,0.42851,2.777
-5.0968,4.6627,-2.805
0.2489,-0.70428,-3.062
0.97439,10.727,-2.757
-5.8527,-6.2982,-2.787
-11.807,1.9735,-5.397
-6.1907,-3.3934,-5.55
-5.7247,8.2364,-5.396
-0.53811,2.6255,-5.234
-5.3825,2.3349,5.526
0.18102,-3.1523,5.477
0.98146,8.317,5.716
6.3576,2.8617,5.376
-8.6097,-0.23193,5.768
-3.3595,-5.5883,5.345
-2.6446,5.7756,5.738
2.8673,0.51972,5.558
-8.3729,4.7199,-5.558
-2.7535,-0.7764,-5.604
-2.2267,10.595,-5.203
3.1947,5.1463,-5.441
-4.9752,2.4254,0.347
0.37052,-3.0787,0.212
0.99631,8.3757,0.265
6.4955,2.9727,0.387
-11.83,2.1609,-0.434
-6.6206,-3.2265,-0.012
-5.7891,8.2922,-0.413
-0.46669,2.6672,-0.12
-8.4209,4.6591,-0.325
-2.9925,-0.67458,-0.22
-2.32,10.503,-0.08
3.0795,5.1697,-0.281
-8.8084,-0.10819,0.44
-3.4974,-5.3981,0.339
-2.6566,5.9404,0.342
2.7294,0.52184,0.275
4.5563,-10.859,-2.875
10.673,-5.0181,-2.802
-0.12546,-6.6416,2.975
5.2026,-11.675,2.811
6.2336,-0.21609,2.909
11.62,-5.8814,3.049
11.136,0.52,2.874
5.064,-5.0103,3.034
10.465,-10.408,2.777
5.74,-6.1742,-2.805
11.086,-11.541,-3.062
11.811,-0.11003,-2.757
-0.96975,-8.8633,-5.397
5.1121,-2.6005,-5.396
10.299,-8.2114,-5.234
5.4543,-8.502,5.526
11.818,-2.5198,5.716
2.2271,-11.069,5.768
8.1922,-5.0612,5.738
2.464,-6.1169,-5.558
8.0833,-11.613,-5.604
8.6101,-0.24226,-5.203
5.8616,-8.4115,0.347
11.833,-2.4612,0.265
-0.99308,-8.6759,-0.434
5.0477,-2.5446,-0.413
10.37,-8.1696,-0.12
2.4159,-6.1777,-0.325
7.8443,-11.511,-0.22
8.5168,-0.33418,-0.08
2.0284,-10.945,0.44
8.1802,-4.8964,0.342
-11.603,5.6509,8.8262
-5.5781,11.509,8.7302
-10.588,10.133,8.5062
-10.466,7.7581,11.78
-8.1074,11.359,11.843
-6.2805,-0.022627,8.6932
-0.7665,-5.1859,8.8262
-0.16334,5.8188,8.7662
5.2588,0.67246,8.7302
-5.0968,4.6627,8.7632
0.2489,-0.70428,8.5062
0.97439,10.727,8.8112
-5.8527,-6.2982,8.7812
-11.807,1.9735,6.1712
-6.1907,-3.3934,6.0182
-5.7247,8.2364,6.1722
-0.53811,2.6255,6.3342
-8.3729,4.7199,6.0102
-2.7535,-0.7764,5.9642
-2.2267,10.595,6.3652
3.1947,5.1463,6.1272
-4.9752,2.4254,11.915
0.37052,-3.0787,11.78
0.99631,8.3757,11.833
6.4955,2.9727,11.955
-11.83,2.1609,11.134
-6.6206,-3.2265,11.556
-5.7891,8.2922,11.155
-0.46669,2.6672,11.448
-8.4209,4.6591,11.243
-2.9925,-0.67458,11.348
-2.32,10.503,11.488
3.0795,5.1697,11.287
-8.8084,-0.10819,12.008
-3.4974,-5.3981,11.907
-2.6566,5.9404,11.91
2.7294,0.52184,11.843
4.5563,-10.859,8.6932
10.673,-5.0181,8.7662
5.74,-6.1742,8.7632
11.086,-11.541,8.5062
11.811,-0.11003,8.8112
-0.96975,-8.8633,6.1712
5.1121,-2.6005,6.1722
10.299,-8.2114,6.3342
2.464,-6.1169,6.0102
8.0833,-11.613,5.9642
8.6101,-0.24226,6.3652
5.8616,-8.4115,11.915
11.833,-2.4612,11.833
-0.99308,-8.6759,11.134
5.0477,-2.5446,11.155
10.37,-8.1696,11.448
2.4159,-6.1777,11.243
7.8443,-11.511,11.348
8.5168,-0.33418,11.488
2.0284,-10.945,12.008
8.1802,-4.8964,11.91
6.4422,11.238,-8.7572
5.5618,6.3778,-8.4282
11.704,12.505,-8.7912
12.257,8.9241,-6.0912
3.4667,11.844,-5.8002
8.7169,6.4881,-6.2232
12.447,8.9977,-11.356
5.4558,8.8499,-11.58
9.0839,11.402,-11.788
3.268,11.968,-11.128
8.579,6.6784,-11.229
11.951,5.4348,-8.5932
11.083,3.4005,-12.002
5.7959,12.054,-2.875
11.31,6.8905,-2.742
6.4422,11.238,2.811
5.5618,6.3778,3.14
11.704,12.505,2.777
12.325,11.372,-3.062
6.2237,5.7782,-2.787
5.8857,8.683,-5.55
12.257,8.9241,5.477
3.4667,11.844,5.768
8.7169,6.4881,5.345
9.3229,11.3,-5.604
12.447,8.9977,0.212
5.4558,8.8499,-0.012
9.0839,11.402,-0.22
3.268,11.968,0.44
8.579,6.6784,0.339
11.951,5.4348,2.975
11.107,3.2131,-5.397
11.083,3.4005,-0.434
5.7959,12.054,8.6932
11.31,6.8905,8.8262
12.325,11.372,8.5062
6.2237,5.7782,8.7812
5.8857,8.683,6.0182
9.3229,11.3,5.9642
12.447,8.9977,11.78
5.4558,8.8499,11.556
9.0839,11.402,11.348
3.268,11.968,12.008
8.579,6.6784,11.907
11.107,3.2131,6.1712
11.083,3.4005,11.134
0,0,0
0.25032,5.6173,0.273
-0.014849,-0.068589,5.732
-5.7488,-0.42285,0.038
-0.40022,-5.7502,-0.106
5.7619,0.18201,0.181
-0.014849,-0.068589,-5.8362
-5.4893,5.2177,-0.142
5.3475,-5.6191,-0.142
0.27436,5.5013,-5.602
5.6604,0.24537,-5.59
0.27436,5.5013,5.9662
-0.48154,-5.9093,5.561
-5.835,-0.51619,-5.7442
5.6604,0.24537,5.9782
-5.835,-0.51619,5.824
5.9408,5.9578,0.087
-0.48154,-5.9093,-6.0072
-6.1356,-6.1186,0.087
5.3171,-5.4529,-5.667
-5.5197,5.3839,-5.667
5.3171,-5.4529,5.9012
-5.5197,5.3839,5.9012
6.0253,5.8075,5.699
6.0253,5.8075,-5.8692
-6.0511,-6.2689,5.699
-6.0511,-6.2689,-5.8692
0.62197,11.292,0.077
11.459,0.45539,0.077
-11.454,-0.78418,0.077
5.0088e-16,-5.0088e-16,-11.568
-5.0088e-16,5.0088e-16,11.568
-0.61761,-11.621,0.077
-5.0749,11.019,0.181
11.087,-5.2196,0.273
-11.237,5.0866,-0.106
5.088,-11.26,0.038
0.56074,11.215,-5.646
0.25032,5.6173,-11.295
0.56074,11.215,5.9222
11.398,0.37858,-5.646
5.7619,0.18201,-11.387
-0.40022,-5.7502,11.462
11.398,0.37858,5.9222
-11.516,-0.86099,-5.646
-5.7488,-0.42285,-11.53
-5.7488,-0.42285,11.606
-11.516,-0.86099,5.9222
-0.67884,-11.698,-5.646
-0.40022,-5.7502,-11.674
5.7619,0.18201,11.749
0.25032,5.6173,11.841
-0.67884,-11.698,5.9222
6.3276,11.654,0.038
11.676,6.3262,-0.106
-5.1764,11.082,-5.59
-6.3145,-11.894,0.181
-11.826,-6.4592,0.273
11.111,-5.3355,-5.602
-11.318,4.9275,5.561
-5.1764,11.082,5.9782
5.0018,-11.353,-5.7442
11.111,-5.3355,5.9662
5.0018,-11.353,5.824
-5.4893,5.2177,11.426
-11.318,4.9275,-6.0072
5.3475,-5.6191,11.426
-5.4893,5.2177,-11.71
5.3475,-5.6191,-11.71
5.9408,5.9578,-11.481
11.595,6.1671,5.561
6.2414,11.56,-5.7442
6.2414,11.56,5.824
5.9408,5.9578,11.655
-6.1356,-6.1186,-11.481
11.595,6.1671,-6.0072
-6.1356,-6.1186,11.655
-6.416,-11.831,-5.59
-11.802,-6.5751,-5.602
-6.416,-11.831,5.9782
-11.802,-6.5751,5.9662
10.837,-10.837,9.3842e-16
-10.837,10.837,-9.3842e-16
0.62197,11.292,-11.491
0.62197,11.292,11.645
11.459,0.45539,-11.491
-11.454,-0.78418,-11.491
-10.852,10.768,5.732
11.459,0.45539,11.645
-11.454,-0.78418,11.645
-0.61761,-11.621,-11.491
-10.852,10.768,-5.8362
10.822,-10.905,5.732
10.822,-10.905,-5.8362
-0.61761,-11.621,11.645
-5.0749,11.019,-11.387
11.087,-5.2196,-11.295
-11.237,5.0866,11.462
-5.0749,11.019,11.749
5.088,-11.26,-11.53
5.088,-11.26,11.606
-11.237,5.0866,-11.674
11.087,-5.2196,11.841
-12.076,-12.076,7.9602e-22
12.076,12.076,-7.9602e-22
11.676,6.3262,11.462
6.3276,11.654,-11.53
-11.826,-6.4592,-11.295
6.3276,11.654,11.606
-6.3145,-11.894,-11.387
11.676,6.3262,-11.674
-6.3145,-11.894,11.749
-11.826,-6.4592,11.841
12.062,12.008,5.732
12.062,12.008,-5.8362
-12.091,-12.145,5.732
-12.091,-12.145,-5.8362
-10.837,10.837,-11.568
10.837,-10.837,-11.568
-10.837,10.837,11.568
10.837,-10.837,11.568
-12.076,-12.076,-11.568
-12.076,-12.076,11.568
12.076,12.076,-11.568
12.076,12.076,11.568
