-9.5848,-4.1245,-9.0728
-3.6493,-9.8903,-9.3598
-9.8591,-9.9101,-9.0788
-9.5848,-4.1245,3.03
-3.6493,-9.8903,2.743
-8.8105,-9.0707,-3.183
-9.8591,-9.9101,3.024
-8.8105,-9.0707,8.9198
-3.4511,2.2222,-9.2248
-9.0429,7.947,-9.1228
-9.125,1.8658,-9.0808
-3.0212,8.1039,-9.0408
7.9585,-9.1874,-9.2248
2.3667,-3.4627,-9.1228
2.9126,8.3729,-9.0728
8.848,2.6071,-9.3598
-3.5228,-3.5681,-9.1328
2.2847,-9.5438,-9.0808
2.6382,2.5873,-9.0788
8.3884,-3.3057,-9.0408
-3.4511,2.2222,2.878
-9.0429,7.947,2.98
-8.741,-3.1454,-3.398
-8.2276,8.8528,-3.077
-8.4978,2.6684,-3.327
-2.1501,9.0133,-3.216
-9.125,1.8658,3.022
-3.0212,8.1039,3.062
7.9585,-9.1874,2.878
2.3667,-3.4627,2.98
2.9126,8.3729,3.03
8.848,2.6071,2.743
-3.293,-9.0262,-2.835
3.182,-2.5569,-3.077
-2.4438,2.9034,-3.325
-2.8511,-2.9925,-2.976
2.9119,-8.7413,-3.327
3.6869,3.4266,-3.183
9.2596,-2.3964,-3.216
-3.5228,-3.5681,2.97
2.2847,-9.5438,3.022
2.6382,2.5873,3.024
8.3884,-3.3057,3.062
8.9659,-8.5063,-3.325
-8.741,-3.1454,8.7048
-8.2276,8.8528,9.0258
-8.4978,2.6684,8.7758
-2.1501,9.0133,8.8868
-3.293,-9.0262,9.2678
3.182,-2.5569,9.0258
-2.4438,2.9034,8.7778
-2.8511,-2.9925,9.1268
2.9119,-8.7413,8.7758
3.6869,3.4266,8.9198
9.2596,-2.3964,8.8868
8.9659,-8.5063,8.7778
8.9745,8.9293,-9.1328
3.7563,9.352,-3.398
9.2043,3.4712,-2.835
9.6463,9.5049,-2.976
8.9745,8.9293,2.97
3.7563,9.352,8.7048
9.2043,3.4712,9.2678
9.6463,9.5049,9.1268
-8.6012,-9.1132,-9.1798
-9.1852,-4.5424,-3.116
-4.0071,-10.295,-3.157
-8.6012,-9.1132,2.923
-10.265,-9.3741,-3.322
-9.1852,-4.5424,8.9868
-4.0071,-10.295,8.9458
-10.265,-9.3741,8.7808
-9.1504,-2.7247,-8.8038
-8.6441,9.3881,-9.0808
-2.7907,3.5488,-9.3878
-7.7475,2.4344,-9.1228
-1.7498,8.8139,-9.3668
-3.1742,-8.469,-9.3618
2.7655,-2.0216,-9.0808
8.6189,-7.8609,-9.3878
-2.0796,-3.194,-9.0468
3.6621,-8.9753,-9.1228
3.8962,3.3842,-9.1798
9.6598,-2.5958,-9.3668
-8.7544,7.4873,-3.372
-9.1504,-2.7247,3.299
-8.6441,9.388,3.022
-2.7907,3.5488,2.715
-7.7475,2.4344,2.98
-1.7498,8.8139,2.736
-9.8611,2.0631,-3.146
-3.5431,8.6428,-2.813
-3.1997,1.6129,-3.249
2.6552,-3.9223,-3.372
3.3121,7.955,-3.116
8.4902,2.2026,-3.157
-3.1742,-8.469,2.741
2.7655,-2.0216,3.022
8.6189,-7.8609,2.715
-2.0796,-3.194,3.056
3.6621,-8.9753,2.98
3.8962,3.3842,2.923
9.6598,-2.5958,2.736
-4.3098,-3.2958,-2.851
1.5486,-9.3465,-3.146
2.2323,3.1233,-3.322
7.8666,-2.7669,-2.813
8.21,-9.7968,-3.249
-8.7544,7.4873,8.7308
-9.8611,2.0631,8.9568
-3.5431,8.6428,9.2898
-3.1997,1.6129,8.8538
2.6552,-3.9223,8.7308
3.3121,7.955,8.9868
8.4902,2.2026,8.9458
-4.3098,-3.2958,9.2518
1.5486,-9.3465,8.9568
2.2323,3.1233,8.7808
7.8666,-2.7669,9.2898
8.21,-9.7968,8.8538
3.3469,9.7727,-8.8038
9.3231,4.0284,-9.3618
10.418,9.3034,-9.0468
3.3469,9.7727,3.299
9.3231,4.0284,2.741
10.418,9.3034,3.056
8.1875,9.2016,-2.851
8.1875,9.2016,9.2518
-11.318,-3.89,-6.1938
-11.673,-3.8214,-11.895
-11.795,-6.8653,-8.9338
-5.9608,-12.767,-9.1728
-12.96,-12.012,-9.3528
-13.146,-9.8132,-6.1508
-5.7006,-9.5516,-6.5448
-9.3189,-11.931,-6.4758
-9.2652,-7.2273,-6.1438
-6.0301,-9.4653,-12.016
-12.954,-9.7538,-12.745
-9.251,-7.192,-12.455
-3.5637,-12.77,-12.547
-9.5742,-11.871,-11.86
-12.991,-6.4108,-2.911
-11.538,-1.2327,-3.366
-11.318,-3.89,5.909
-11.673,-3.8214,0.208
-7.2867,-12.046,-3.063
-11.795,-6.8653,3.169
-5.9608,-12.767,2.93
-12.96,-12.012,2.75
-12.002,-13.101,-3.136
-6.0556,-7.1163,-3.442
-0.12792,-12.642,-3.366
-13.146,-9.8132,5.952
-5.7006,-9.5516,5.558
-9.3189,-11.931,5.627
-9.2651,-7.2273,5.959
-3.3339,-12.996,-5.888
-6.0301,-9.4653,0.087
-12.954,-9.7538,-0.642
-9.251,-7.192,-0.352
-3.5637,-12.77,-0.444
-9.5742,-11.871,0.243
-12.991,-6.4108,9.1918
-11.538,-1.2327,8.7368
-11.673,-3.8214,12.311
-7.2867,-12.046,9.0398
-12.002,-13.101,8.9668
-6.0556,-7.1163,8.6608
-0.12791,-12.642,8.7368
-3.3339,-12.996,6.2148
-6.0301,-9.4653,12.19
-12.954,-9.7538,11.461
-9.251,-7.192,11.751
-3.5637,-12.77,11.659
-9.5742,-11.871,12.346
-10.971,4.7176,-8.9638
-4.8731,11.14,-9.1728
-12.018,0.0203,-9.2518
-11.873,11.895,-9.3528
-6.2746,5.8843,-9.3218
-10.996,8.1464,-6.3408
-5.2352,2.4549,-6.4118
1.179,8.6074,-6.1938
-8.9963,-0.073038,-6.3228
-8.2312,11.976,-6.4758
-2.5977,6.3086,-6.2848
-10.948,8.1718,-11.974
-5.4169,2.4202,-12.002
0.82474,8.676,-11.895
-12.677,2.1826,-12.495
-6.3142,8.5006,-12.417
-8.7177,4.7155,-12.725
-2.476,11.137,-12.547
-9.1391,-0.10557,-11.752
-8.4864,12.036,-11.86
-2.6641,6.1446,-11.789
-5.4377,-0.90085,-9.2158
0.43841,-6.6921,-8.9638
0.70216,5.6321,-8.9338
6.5365,-0.27011,-9.1728
-6.5542,-5.7155,-9.2988
-0.60882,-11.389,-9.2518
-0.46316,0.48578,-9.3528
5.135,-5.5253,-9.3218
-0.64912,2.6842,-6.1508
0.41366,-3.2633,-6.3408
6.1745,-8.9548,-6.4118
6.7967,2.9458,-6.5448
12.589,-2.8023,-6.1938
-3.1629,-5.5996,-6.4598
2.4134,-11.483,-6.3228
3.1784,0.56639,-6.4758
8.812,-5.1011,-6.2848
3.2322,5.2701,-6.1438
0.46174,-3.2378,-11.974
5.9927,-8.9894,-12.002
6.4672,3.0321,-12.016
12.234,-2.7337,-11.895
-6.9791,-3.4167,-12.293
-1.2678,-9.227,-12.495
-0.45679,2.7436,-12.745
5.0954,-2.909,-12.417
-3.0052,-0.915,-12.387
2.692,-6.6942,-12.725
3.2463,5.3054,-12.455
8.9336,-0.27294,-12.547
-3.3269,-5.502,-11.782
2.2705,-11.515,-11.752
2.9232,0.6265,-11.86
8.7455,-5.2651,-11.789
5.972,-12.311,-9.2158
12.112,-5.7776,-8.9338
10.946,-10.924,-9.3528
10.76,-8.7255,-6.1508
10.953,-8.6661,-12.745
8.4044,-12.325,-12.387
-12.401,5.6595,-2.918
-6.7045,-0.19537,-3.099
-6.1989,11.862,-3.063
-0.49331,6.0866,-2.911
-10.971,4.7176,3.139
-4.8731,11.14,2.93
-12.018,0.020299,2.851
-11.873,11.895,2.75
-6.2746,5.8843,2.781
-10.914,10.807,-3.136
-5.4254,4.6094,-3.114
0.9598,11.265,-3.366
-12.855,2.2046,-5.831
-6.037,8.4172,-5.782
-10.996,8.1464,5.762
-5.2352,2.4549,5.691
1.179,8.6074,5.909
-8.9963,-0.073039,5.78
-8.2312,11.976,5.627
-2.5977,6.3086,5.818
-8.5635,4.7919,-5.899
-2.2462,10.911,-5.888
-10.948,8.1718,0.129
-5.4169,2.4202,0.101
0.82474,8.676,0.208
-12.677,2.1826,-0.392
-6.3142,8.5006,-0.314
-8.7177,4.7155,-0.622
-2.476,11.137,-0.444
-9.1391,-0.10557,0.351
-8.4864,12.036,0.243
-2.6641,6.1446,0.314
-0.99136,-5.7502,-2.918
4.7051,-11.605,-3.099
5.2107,0.45184,-3.063
10.916,-5.3231,-2.911
-5.4377,-0.90085,2.887
0.43841,-6.6921,3.139
0.70216,5.6321,3.169
6.5365,-0.27011,2.93
-6.5542,-5.7155,2.804
-0.60882,-11.389,2.851
-0.46315,0.48578,2.75
5.135,-5.5253,2.781
0.49568,-0.60316,-3.136
5.9842,-6.8002,-3.114
6.4417,5.3811,-3.442
12.369,-0.14496,-3.366
-6.8292,-3.5228,-6.005
-1.4453,-9.2051,-5.831
-0.64912,2.6842,5.952
5.3726,-2.9925,-5.782
0.41366,-3.2633,5.762
6.1745,-8.9548,5.691
6.7967,2.9458,5.558
12.589,-2.8023,5.909
-3.1629,-5.5996,5.643
2.4134,-11.483,5.78
3.1784,0.56639,5.627
8.812,-5.1011,5.818
-2.8256,-1.0691,-5.961
2.8461,-6.6178,-5.899
3.2322,5.2701,5.959
9.1634,-0.49851,-5.888
0.46174,-3.2378,0.129
5.9927,-8.9894,0.101
6.4672,3.0321,0.087
12.234,-2.7337,0.208
-6.9791,-3.4167,-0.19
-1.2678,-9.227,-0.392
-0.45679,2.7436,-0.642
5.0954,-2.909,-0.314
-3.0052,-0.915,-0.284
2.692,-6.6942,-0.622
3.2463,5.3054,-0.352
8.9336,-0.27294,-0.444
-3.3269,-5.502,0.321
2.2705,-11.515,0.351
2.9232,0.6265,0.243
8.7455,-5.2651,0.314
5.972,-12.311,2.887
12.112,-5.7776,3.169
10.946,-10.924,2.75
11.905,-12.013,-3.136
10.76,-8.7255,5.952
8.584,-12.479,-5.961
10.953,-8.6661,-0.642
8.4044,-12.325,-0.284
-12.401,5.6595,9.1848
-6.7045,-0.19537,9.0038
-6.1989,11.862,9.0398
-0.4933,6.0866,9.1918
-10.914,10.807,8.9668
-5.4254,4.6094,8.9888
0.9598,11.265,8.7368
-12.855,2.2046,6.2718
-6.037,8.4172,6.3208
-8.5635,4.7919,6.2038
-2.2462,10.911,6.2148
-10.948,8.1718,12.232
-5.4169,2.4202,12.204
0.82474,8.676,12.311
-12.677,2.1826,11.711
-6.3142,8.5006,11.789
-8.7177,4.7155,11.481
-2.476,11.137,11.659
-9.1391,-0.10557,12.454
-8.4864,12.036,12.346
-2.6641,6.1446,12.417
-0.99136,-5.7502,9.1848
4.7051,-11.605,9.0038
5.2107,0.45184,9.0398
10.916,-5.3231,9.1918
0.49568,-0.60316,8.9668
5.9842,-6.8002,8.9888
6.4417,5.3811,8.6608
12.369,-0.14496,8.7368
-6.8292,-3.5228,6.0978
-1.4453,-9.2051,6.2718
5.3726,-2.9925,6.3208
-2.8256,-1.0691,6.1418
2.8461,-6.6178,6.2038
9.1634,-0.49851,6.2148
0.46174,-3.2378,12.232
5.9927,-8.9894,12.204
6.4672,3.0321,12.19
12.234,-2.7337,12.311
-6.9791,-3.4167,11.913
-1.2678,-9.227,11.711
-0.45679,2.7436,11.461
5.0954,-2.909,11.789
-3.0052,-0.915,11.819
2.692,-6.6942,11.481
3.2463,5.3054,11.751
8.9336,-0.27294,11.659
-3.3269,-5.502,12.424
2.2705,-11.515,12.454
2.9232,0.6265,12.346
8.7455,-5.2651,12.417
11.905,-12.013,8.9668
8.584,-12.479,6.1418
10.953,-8.6661,11.461
8.4044,-12.325,11.819
0.4789,12.518,-9.2518
3.5011,12.424,-6.3228
3.3582,12.392,-11.752
7.0597,11.597,-9.2158
12.936,5.8053,-8.9638
5.9432,6.7818,-9.2988
11.889,1.108,-9.2518
12.034,12.983,-9.3528
12.911,9.2341,-6.3408
9.3344,6.8978,-6.4598
12.959,9.2595,-11.974
5.5182,9.0806,-12.293
11.229,3.2703,-12.495
9.4921,11.582,-12.387
9.1704,6.9954,-11.782
5.7928,12.302,-3.099
0.4789,12.518,2.851
3.5011,12.424,5.78
3.3582,12.392,0.351
11.506,6.7472,-2.918
7.0597,11.597,2.887
12.936,5.8053,3.139
5.9432,6.7818,2.804
11.889,1.108,2.851
12.034,12.983,2.75
12.993,11.894,-3.136
5.6681,8.9746,-6.005
11.052,3.2923,-5.831
12.911,9.2341,5.762
9.3344,6.8978,5.643
9.6717,11.428,-5.961
12.959,9.2595,0.129
5.5182,9.0806,-0.19
11.229,3.2703,-0.392
9.4921,11.582,-0.284
9.1704,6.9954,0.321
5.7928,12.302,9.0038
3.3582,12.392,12.454
11.506,6.7472,9.1848
12.993,11.894,8.9668
5.6681,8.9746,6.0978
11.052,3.2923,6.2718
9.6717,11.428,6.1418
12.959,9.2595,12.232
5.5182,9.0806,11.913
11.229,3.2703,11.711
9.4921,11.582,11.819
9.1704,6.9954,12.424
0,0,0
0.34719,5.7933,-0.187
5.9567,0.15839,-0.086
-5.939,-0.55932,-0.018
0.1096,-0.40659,-5.954
-0.26163,-6.0245,0.149
0.1096,-0.40659,6.1488
-5.7959,5.5089,0.034999
5.6137,-5.9008,0.035
0.24183,5.6484,5.95
0.24183,5.6484,-6.1528
5.9694,0.032526,6.0038
5.9694,0.032527,-6.099
-6.0253,-0.60458,6.0408
-6.0253,-0.60458,-6.062
-0.43416,-6.33,-5.9
6.1489,6.1886,-0.048
-0.43416,-6.33,6.2028
-6.3484,-6.3088,-0.048
-5.7535,5.3165,-5.799
-5.7535,5.3165,6.3038
5.6561,-6.0931,-5.799
6.3017,5.7686,5.763
5.6561,-6.0931,6.3038
6.3017,5.7686,-6.3398
-6.1956,-6.7288,5.763
-6.1956,-6.7288,-6.3398
0.54324,11.786,-0.060001
11.953,0.37616,-0.06
-11.954,-0.71156,-0.060001
7.0711e-07,-7.0711e-07,12.103
-7.0711e-07,7.0711e-07,-12.103
-0.54447,-12.121,-0.06
-5.453,11.568,-0.086001
-11.671,5.3851,0.149
11.757,-5.6163,-0.187
0.45987,11.606,5.921
0.45987,11.606,-6.1818
5.4706,-11.969,-0.017999
0.34719,5.7933,11.916
11.869,0.19658,5.921
11.869,0.19658,-6.1818
-0.26163,-6.0245,-11.954
5.9567,0.15839,12.017
-12.037,-0.89114,5.921
-5.939,-0.55932,12.085
-5.939,-0.55932,-12.121
-12.037,-0.89114,-6.1818
5.9567,0.15839,-12.189
0.34719,5.7933,-12.29
6.5583,11.938,-0.018
-0.26163,-6.0246,12.252
-0.62784,-12.301,5.921
-0.62784,-12.301,-6.1818
12.236,6.4728,0.149
-12.15,-6.7041,-0.187
-6.5407,-12.339,-0.086
-5.4402,11.442,6.0038
-5.4402,11.442,-6.099
-11.844,5.0796,-5.9
11.651,-5.7613,5.95
-11.844,5.0796,6.2028
11.651,-5.7613,-6.1528
-5.7959,5.5089,-12.068
5.3844,-12.014,6.0408
5.3844,-12.014,-6.062
-5.7959,5.5089,12.138
5.6137,-5.9008,-12.068
5.6137,-5.9008,12.138
12.063,6.1674,-5.9
6.4721,11.893,6.0408
6.4721,11.893,-6.062
6.1489,6.1886,12.055
12.063,6.1674,6.2028
6.1489,6.1886,-12.151
-6.3484,-6.3088,12.055
-6.3484,-6.3088,-12.151
-12.256,-6.849,5.95
-6.5279,-12.465,6.0038
-12.256,-6.849,-6.1528
-6.5279,-12.465,-6.099
-11.41,11.41,-1e-06
11.41,-11.41,1e-06
-11.3,11.003,-5.954
0.54324,11.786,12.043
-11.3,11.003,6.1488
0.54324,11.786,-12.163
11.953,0.37615,12.043
-11.954,-0.71156,12.043
11.953,0.37616,-12.163
-11.954,-0.71156,-12.163
-0.54447,-12.121,12.043
-0.54447,-12.121,-12.163
11.519,-11.816,-5.954
-5.453,11.568,12.017
-11.671,5.3851,-11.954
11.519,-11.816,6.1488
11.757,-5.6163,11.916
-5.453,11.568,-12.189
-12.497,-12.497,1.9594e-21
12.497,12.497,-1.9594e-21
-11.671,5.3851,12.252
5.4706,-11.969,12.085
5.4706,-11.969,-12.121
11.757,-5.6163,-12.29
6.5583,11.938,12.085
6.5583,11.938,-12.121
12.236,6.4728,-11.954
-12.15,-6.7041,11.916
-6.5407,-12.339,12.017
12.607,12.091,-5.954
12.236,6.4728,12.252
12.607,12.091,6.1488
-6.5407,-12.339,-12.189
-12.15,-6.7041,-12.29
-12.388,-12.904,-5.954
-12.388,-12.904,6.1488
-11.41,11.41,12.103
11.41,-11.41,-12.103
-11.41,11.41,-12.103
11.41,-11.41,12.103
12.497,12.497,12.103
-12.497,-12.497,-12.103
-12.497,-12.497,12.103
12.497,12.497,-12.103
