-9.594,-10.018,-9.1828
-9.094,2.0033,-9.1658
-3.4902,-3.7986,-9.0698
-9.6321,-3.841,-8.9588
-3.7108,-9.6534,-8.5988
2.3156,-9.4064,-9.1658
-9.594,-10.018,2.92
-9.094,2.0033,2.937
-3.4902,-3.7986,3.033
-8.6288,-9.0135,-3.094
-8.4704,-3.1445,-2.635
-2.7343,-8.7504,-2.87
-9.6321,-3.841,3.144
-3.7108,-9.6534,3.504
2.3156,-9.4064,2.937
-8.6288,-9.0135,9.0088
-8.4704,-3.1445,9.4678
-2.7343,-8.7504,9.2328
-3.0679,8.0926,-8.9078
-8.956,8.0608,-8.7898
8.3417,-3.317,-8.9078
2.9034,2.4791,-9.1828
9.0071,8.6988,-9.0698
-3.2619,2.2366,-8.8838
2.4537,-3.3489,-8.7898
2.8652,8.6564,-8.9588
8.7865,2.844,-8.5988
8.1477,-9.1731,-8.8838
-3.0679,8.0926,3.195
-8.2404,2.9032,-2.857
-2.0801,9.2685,-3.073
-7.8642,8.8471,-2.81
-8.956,8.0608,3.313
8.3417,-3.317,3.195
2.9034,2.4791,2.92
9.0071,8.6988,3.033
-2.593,-2.8178,-3.062
3.1693,-8.5065,-2.857
3.8686,3.4839,-3.094
9.3296,-2.1411,-3.073
-2.2578,3.1487,-2.883
3.5454,-2.5626,-2.81
4.027,9.3529,-2.635
9.763,3.747,-2.87
-3.2619,2.2366,3.219
2.4537,-3.3489,3.313
2.8652,8.6564,3.144
8.7865,2.844,3.504
9.1518,-8.2609,-2.883
8.1477,-9.1731,3.219
-8.2404,2.9032,9.2458
-2.0801,9.2685,9.0298
-7.8642,8.8471,9.2928
-2.593,-2.8178,9.0408
3.1693,-8.5065,9.2458
3.8686,3.4839,9.0088
9.3296,-2.1411,9.0298
-2.2578,3.1487,9.2198
3.5454,-2.5626,9.2928
4.027,9.3529,9.4678
9.763,3.747,9.2328
9.1518,-8.2609,9.2198
9.9044,9.6796,-3.062
9.9044,9.6796,9.0408
-8.9809,-8.6571,-9.0708
-8.2745,-3.2244,-9.0618
-2.3624,-9.0276,-8.7748
-9.2305,-10.369,-2.919
-8.7426,1.4948,-2.912
-3.2123,-4.167,-2.883
-8.9809,-8.6571,3.032
-8.2745,-3.2244,3.041
-2.3624,-9.0276,3.328
-9.8351,-3.6649,-2.959
-4.0891,-9.3783,-2.972
2.667,-9.9148,-2.912
-9.2305,-10.369,9.1838
-8.7426,1.4948,9.1908
-3.2123,-4.167,9.2198
-9.8351,-3.6649,9.1438
-4.0891,-9.3783,9.1308
2.667,-9.9148,9.1908
-8.5904,3.4088,-9.0838
-2.3558,9.4029,-9.0008
-7.5637,8.5565,-9.0128
-2.7047,-2.5279,-9.0168
2.8192,-8.0009,-9.0838
3.5164,3.8403,-9.0708
9.0538,-2.0068,-9.0008
-1.8689,2.7712,-8.9228
3.846,-2.8532,-9.0128
4.2228,9.273,-9.0618
10.135,3.4698,-8.7748
9.5407,-8.6385,-8.9228
-8.5904,3.4088,3.019
-2.3558,9.4029,3.102
-7.5637,8.5565,3.09
-9.236,8.2602,-2.75
-2.6128,7.8807,-2.895
3.2668,2.1284,-2.919
9.285,8.3304,-2.883
-2.7047,-2.5279,3.086
2.8192,-8.0009,3.019
3.5164,3.8403,3.032
9.0538,-2.0068,3.102
-1.8689,2.7712,3.18
3.846,-2.8532,3.09
4.2228,9.273,3.041
10.135,3.4698,3.328
-3.6451,2.6142,-3.025
2.1736,-3.1495,-2.75
2.6623,8.8325,-2.959
8.4082,3.119,-2.972
8.7969,-3.529,-2.895
9.5407,-8.6385,3.18
7.7645,-8.7955,-3.025
-9.236,8.2602,9.3528
-2.6128,7.8807,9.2078
3.2668,2.1284,9.1838
9.285,8.3304,9.2198
-3.6451,2.6142,9.0778
2.1736,-3.1495,9.3528
2.6623,8.8325,9.1438
8.4082,3.119,9.1308
8.7969,-3.529,9.2078
7.7645,-8.7955,9.0778
9.7927,9.9695,-9.0168
9.7927,9.9695,3.086
-11.993,5.7097,-9.0188
-10.751,2.2378,-6.1768
-11.267,2.358,-11.837
-11.82,-12.99,-8.7928
-11.322,-0.89376,-8.8718
-5.5854,-6.7903,-8.8078
-0.58329,-5.7,-9.0188
-12.692,-6.05,-9.0968
-6.8065,-11.956,-8.9888
-11.297,-9.6909,-6.3218
-5.195,-3.3693,-6.2278
0.65839,-9.1719,-6.1768
-8.9618,-5.794,-6.3078
-3.4782,-11.866,-5.9918
-11.57,-9.7474,-11.91
-5.4128,-3.4429,-11.692
0.1422,-9.0516,-11.837
-12.576,-3.5164,-12.339
-6.8235,-9.331,-12.312
-9.2213,-13.067,-12.165
-8.7829,-1.0854,-12.095
-3.2258,-6.6524,-12.268
-9.3309,-5.9439,-11.639
-3.4096,-11.489,-11.492
0.087496,-12.303,-8.8718
2.6267,-12.495,-12.095
-12.544,-0.3502,-2.815
-11.993,5.7097,3.084
-11.107,4.637,-2.984
-10.751,2.2378,5.926
-11.267,2.358,0.266
-12.963,-12.317,-2.835
-6.7281,-6.0224,-2.724
-1.1348,-11.76,-2.815
-11.82,-12.99,3.31
-11.322,-0.89376,3.231
-5.5854,-6.7903,3.295
-0.58329,-5.7,3.084
-12.692,-6.05,3.006
-6.8065,-11.956,3.114
-11.603,-7.2514,-3.027
-6.062,-12.931,-2.857
0.30271,-6.7726,-2.984
-12.588,-3.626,-5.768
-6.7952,-9.4073,-5.793
-11.297,-9.6909,5.781
-5.195,-3.3693,5.875
0.65839,-9.1719,5.926
-8.9618,-5.794,5.795
-3.4782,-11.866,6.111
-9.4059,-13.299,-5.589
-8.8041,-1.4008,-5.494
-2.8878,-6.7811,-5.668
-11.57,-9.7474,0.193
-5.4128,-3.4429,0.411
0.1422,-9.0516,0.266
-12.576,-3.5164,-0.236
-6.8235,-9.331,-0.209
-9.2213,-13.067,-0.062
-8.7829,-1.0854,0.008
-3.2258,-6.6524,-0.165
-9.3309,-5.9439,0.464
-3.4096,-11.489,0.611
0.087497,-12.303,3.231
2.6055,-12.81,-5.494
2.6267,-12.495,0.008001
-12.544,-0.3502,9.2878
-11.107,4.637,9.1188
-11.267,2.358,12.369
-12.963,-12.317,9.2678
-6.728,-6.0224,9.3788
-1.1348,-11.76,9.2878
-11.603,-7.2514,9.0758
-6.062,-12.931,9.2458
0.30271,-6.7726,9.1188
-12.588,-3.626,6.3348
-6.7952,-9.4073,6.3098
-9.4059,-13.299,6.5138
-8.8041,-1.4008,6.6088
-2.8878,-6.7811,6.4348
-11.57,-9.7474,12.296
-5.4128,-3.4429,12.514
0.1422,-9.0516,12.369
-12.576,-3.5164,11.867
-6.8235,-9.331,11.894
-9.2213,-13.067,12.041
-8.7829,-1.0854,12.111
-3.2257,-6.6524,11.938
-9.3309,-5.9439,12.567
-3.4096,-11.489,12.714
2.6055,-12.81,6.6088
2.6267,-12.495,12.111
-10.732,10.918,-8.7928
-5.7188,11.951,-8.9888
-4.825,8.4356,-6.1048
-8.4214,6.0074,-6.2028
-2.3905,12.041,-5.9918
-4.7402,8.362,-11.868
-12.168,8.3373,-12.263
-8.1336,10.84,-12.165
-8.7113,6.088,-11.614
-2.3219,12.418,-11.492
-4.8543,5.1004,-8.7698
0.67741,-0.49215,-8.7928
1.1752,11.604,-8.8718
6.912,5.7071,-8.8078
-6.1497,0.11102,-9.0148
11.914,6.7974,-9.0188
-0.19516,6.4474,-9.0968
5.6908,0.54164,-8.9888
1.2,2.8065,-6.3218
6.5846,-2.9741,-6.1048
7.3023,9.128,-6.2278
13.156,3.3255,-6.1768
-2.9409,0.3387,-6.2208
2.9882,-5.4023,-6.2028
3.5355,6.7034,-6.3078
9.0191,0.63145,-5.9918
0.92702,2.7499,-11.91
6.6694,-3.0476,-11.868
7.0845,9.0545,-11.692
12.64,3.4457,-11.837
-6.3357,2.5569,-12.093
-0.75873,-3.0724,-12.263
-0.07849,8.981,-12.339
5.6738,3.1664,-12.312
-2.6983,4.9936,-12.266
3.276,-0.56922,-12.165
3.7144,11.412,-12.095
9.2716,5.8449,-12.268
-2.8716,0.53387,-11.749
2.6983,-5.3217,-11.614
3.1664,6.5535,-11.639
9.0877,1.0083,-11.492
6.5553,-6.3093,-8.7698
12.087,-11.902,-8.7928
12.585,0.19396,-8.8718
5.2599,-11.299,-9.0148
11.214,-4.9623,-9.0968
12.61,-8.6032,-6.3218
8.4688,-11.071,-6.2208
12.337,-8.6597,-11.91
5.0739,-8.8528,-12.093
11.331,-2.4287,-12.339
8.7113,-6.4161,-12.266
8.5381,-10.876,-11.749
-11.876,11.59,-2.835
-6.2414,5.8412,-2.805
-0.047121,12.147,-2.815
-10.732,10.918,3.31
-5.7188,11.951,3.114
-4.9742,10.976,-2.857
-11.796,8.3132,-5.584
-4.825,8.4356,5.998
-8.4214,6.0074,5.9
-2.3905,12.041,6.111
-8.3181,10.608,-5.589
-4.7402,8.362,0.235
-12.168,8.3373,-0.16
-8.1336,10.84,-0.062001
-8.7113,6.088,0.489
-2.3219,12.418,0.611
-0.46598,0.18031,-2.835
5.1682,-5.5685,-2.805
5.7693,6.475,-2.724
11.362,0.73751,-2.815
-4.8543,5.1004,3.333
0.67741,-0.49215,3.31
1.1752,11.604,3.231
6.912,5.7071,3.295
-6.1497,0.11102,3.088
11.914,6.7974,3.084
-0.19516,6.4474,3.006
5.6908,0.54164,3.114
0.89449,5.246,-3.027
6.4354,-0.43346,-2.857
-5.3655,-0.84146,-3.066
12.8,5.7247,-2.984
-6.4665,2.5703,-5.756
-0.38679,-3.0964,-5.584
-0.09051,8.8714,-5.768
5.7021,3.0901,-5.793
1.2,2.8065,5.781
6.5846,-2.9741,5.998
7.3023,9.128,5.875
13.156,3.3255,5.926
-2.9409,0.3387,5.882
2.9882,-5.4023,5.9
3.5355,6.7034,5.795
9.0191,0.63145,6.111
-2.3547,5.1463,-5.546
3.0915,-0.80186,-5.589
3.6932,11.097,-5.494
9.6096,5.7163,-5.668
0.92702,2.7499,0.193
6.6694,-3.0476,0.235
7.0845,9.0545,0.411
12.64,3.4457,0.266
-6.3357,2.5569,0.01
-0.75873,-3.0724,-0.16
-0.078489,8.981,-0.236
5.6738,3.1664,-0.209
-2.6983,4.9936,-0.163
3.276,-0.56922,-0.062
3.7144,11.412,0.008
9.2716,5.8449,-0.165
-2.8716,0.53387,0.354
2.6983,-5.3217,0.489
3.1664,6.5535,0.464
9.0877,1.0083,0.611
10.944,-11.229,-2.835
6.5553,-6.3093,3.333
12.087,-11.902,3.31
12.585,0.19395,3.231
5.2599,-11.299,3.088
11.214,-4.9623,3.006
12.304,-6.1636,-3.027
6.0441,-12.251,-3.066
4.9431,-8.8393,-5.756
11.319,-2.5383,-5.768
12.61,-8.6032,5.781
8.4688,-11.071,5.882
9.055,-6.2633,-5.546
12.337,-8.6597,0.193
5.0739,-8.8528,0.010001
11.331,-2.4287,-0.236
8.7113,-6.4161,-0.163
8.5381,-10.876,0.354
-11.876,11.59,9.2678
-6.2414,5.8412,9.2978
-0.04712,12.147,9.2878
-4.9742,10.976,9.2458
-11.796,8.3132,6.5188
-8.3181,10.608,6.5138
-4.7402,8.362,12.338
-12.168,8.3373,11.943
-8.1336,10.84,12.041
-8.7113,6.088,12.592
-2.3219,12.418,12.714
-0.46598,0.18031,9.2678
5.1682,-5.5685,9.2978
5.7693,6.475,9.3788
11.362,0.73751,9.2878
0.89449,5.246,9.0758
6.4354,-0.43346,9.2458
-5.3655,-0.84146,9.0368
12.8,5.7247,9.1188
-6.4665,2.5703,6.3468
-0.38679,-3.0964,6.5188
-0.090509,8.8714,6.3348
5.7021,3.0901,6.3098
-2.3547,5.1463,6.5568
3.0915,-0.80186,6.5138
3.6932,11.097,6.6088
9.6096,5.7163,6.4348
0.92702,2.7499,12.296
6.6694,-3.0476,12.338
7.0845,9.0545,12.514
12.64,3.4457,12.369
-6.3357,2.5569,12.113
-0.75872,-3.0724,11.943
-0.078488,8.981,11.867
5.6738,3.1664,11.894
-2.6983,4.9936,11.94
3.276,-0.56922,12.041
3.7144,11.412,12.111
9.2716,5.8449,11.938
-2.8716,0.53386,12.457
2.6983,-5.3217,12.592
3.1664,6.5535,12.567
9.0877,1.0083,12.714
10.944,-11.229,9.2678
12.304,-6.1636,9.0758
6.0441,-12.251,9.0368
4.9431,-8.8393,6.3468
11.319,-2.5383,6.3348
9.055,-6.2633,6.5568
12.337,-8.6597,12.296
5.0739,-8.8528,12.113
11.331,-2.4287,11.867
8.7113,-6.4161,11.94
8.5381,-10.876,12.457
13.175,12.005,-8.7928
6.3476,12.608,-9.0148
9.5565,12.836,-6.2208
11.739,9.425,-12.263
9.6258,13.031,-11.749
12.031,12.678,-2.835
13.175,12.005,3.31
6.3476,12.608,3.088
7.1318,11.656,-3.066
12.111,9.401,-5.584
9.5565,12.836,5.882
11.739,9.425,-0.16
9.6258,13.031,0.354
12.031,12.678,9.2678
7.1318,11.656,9.0368
12.111,9.401,6.5188
11.739,9.425,11.943
9.6258,13.031,12.457
0,0,0
-5.9001,-0.34648,0.237
-0.19163,-5.9178,0.101
0.22274,5.9814,0.227
0.1789,-0.17748,-6.0348
0.1789,-0.17748,6.068
6.1709,0.10677,0.225
-5.692,5.6001,-0.049001
0.47093,5.6201,-5.861
5.7177,-5.8096,-0.049
-5.9191,-0.45747,-5.871
0.47093,5.6201,6.2418
6.1935,-0.00070711,-5.798
-5.9191,-0.45747,6.2318
0.045962,-6.2643,-5.905
6.2798,6.1511,0.075
0.045963,-6.2643,6.1978
6.1935,-0.00070781,6.3048
-6.2175,-6.3463,0.075
-5.526,5.3224,-6.0388
-5.526,5.3224,6.064
5.8836,-6.0873,-6.0388
5.8836,-6.0873,6.064
-6.0895,-6.3611,-6.0438
-6.0895,-6.3611,6.059
6.4078,6.1363,-6.0438
6.4078,6.1363,6.059
11.902,0.59256,0.058
-0.59531,-11.905,0.058
0.4924,12.002,0.057999
-12.005,-0.49516,0.057999
-7.0711e-07,7.0711e-07,-12.103
7.0711e-07,-7.0711e-07,12.103
-5.2387,11.516,0.225
-11.601,5.4919,0.101
11.632,-5.4283,0.227
5.5095,-11.756,0.237
0.84782,11.618,-5.9738
-11.65,-0.87891,-5.9738
0.84782,11.618,6.129
-11.65,-0.87891,6.129
-5.9001,-0.34648,-11.866
0.22274,5.9814,-11.876
-0.19163,-5.9178,-12.002
6.1709,0.10677,-11.878
-0.19163,-5.9178,12.204
12.257,0.2088,-5.9738
-0.23989,-12.289,-5.9738
-5.9001,-0.34648,12.34
0.22274,5.9814,12.33
12.257,0.2088,6.129
-0.23989,-12.289,6.129
6.1709,0.10677,12.328
-11.364,5.1454,-5.905
-5.2161,11.409,-5.798
6.5972,12.151,0.237
-12.275,-6.516,0.227
-6.3264,-12.391,0.225
-11.364,5.1454,6.1978
12.306,6.5796,0.101
-5.2161,11.409,6.3048
5.4905,-11.867,-5.871
11.881,-5.7896,-5.861
-5.692,5.6001,12.054
5.4905,-11.867,6.2318
-5.692,5.6001,-12.152
5.7177,-5.8096,12.054
11.881,-5.7896,6.2418
5.7177,-5.8096,-12.152
6.2798,6.1511,-12.028
6.5782,12.04,-5.871
-6.2175,-6.3463,-12.028
6.2798,6.1511,12.178
-12.026,-6.8773,-5.861
6.5782,12.04,6.2318
-6.2175,-6.3463,12.178
-6.3038,-12.498,-5.798
-12.026,-6.8773,6.2418
12.543,6.2331,-5.905
12.543,6.2331,6.1978
-6.3038,-12.498,6.3048
11.41,-11.41,1e-06
-11.41,11.41,-1e-06
11.902,0.59256,-12.045
-0.59531,-11.905,-12.045
-11.231,11.232,-6.0348
-11.231,11.232,6.068
0.4924,12.002,-12.045
-12.005,-0.49516,-12.045
11.902,0.59255,12.161
-0.59531,-11.905,12.161
0.4924,12.002,12.161
-12.005,-0.49516,12.161
-5.2387,11.516,-11.878
11.589,-11.587,-6.0348
11.589,-11.587,6.068
11.632,-5.4283,-11.876
-11.601,5.4919,-12.002
5.5095,-11.756,-11.866
-5.2387,11.516,12.328
-12.497,-12.497,1.9594e-21
12.497,12.497,-1.9594e-21
-11.601,5.4919,12.204
11.632,-5.4283,12.33
5.5095,-11.756,12.34
6.5972,12.151,-11.866
-12.275,-6.516,-11.876
-6.3264,-12.391,-11.878
12.306,6.5796,-12.002
6.5972,12.151,12.34
12.306,6.5796,12.204
-12.275,-6.516,12.33
-6.3264,-12.391,12.328
-12.318,-12.675,-6.0348
12.676,12.32,-6.0348
-12.318,-12.675,6.068
12.676,12.32,6.068
-11.41,11.41,12.103
11.41,-11.41,-12.103
-11.41,11.41,-12.103
11.41,-11.41,12.103
-12.497,-12.497,-12.103
12.497,12.497,12.103
-12.497,-12.497,12.103
12.497,12.497,-12.103
