-9.2151,-3.7286,-8.8802
-3.7785,-9.2812,-8.7182
-9.4615,-9.4276,-8.7972
-9.2151,-3.7286,2.688
-3.7785,-9.2812,2.85
-8.4716,-8.5282,-3.241
-9.4615,-9.4276,2.771
-8.4716,-8.5282,8.3272
-8.4666,7.5318,-8.8502
2.8613,8.3478,-8.8802
-8.9135,2.0037,-8.8242
-2.8748,7.9575,-8.8562
-3.0215,2.0442,-8.7612
2.3702,-3.305,-8.8502
8.2979,2.7952,-8.7182
-3.5235,-3.549,-8.8232
1.9233,-8.8332,-8.8242
2.6149,2.6488,-8.7972
7.962,-2.8793,-8.8562
7.8153,-8.7926,-8.7612
-8.4666,7.5318,2.718
2.8613,8.3478,2.688
-8.2488,-2.7184,-3.012
-7.7955,8.8463,-3.031
-7.7609,2.7645,-3.128
-1.5645,8.9269,-3.031
-8.9135,2.0037,2.744
-2.8748,7.9575,2.712
-3.0215,2.0442,2.807
2.3702,-3.305,2.718
8.2979,2.7952,2.85
-2.8716,-8.1706,-2.902
3.0413,-1.9905,-3.031
-2.0322,3.1707,-3.189
-2.4805,-2.5937,-2.947
3.0759,-8.0723,-3.128
3.6048,3.5483,-3.241
9.2723,-1.9099,-3.031
-3.5235,-3.549,2.745
1.9233,-8.8332,2.744
2.6149,2.6488,2.771
7.962,-2.8793,2.712
7.8153,-8.7926,2.807
8.8046,-7.6662,-3.189
-8.2488,-2.7184,8.5562
-7.7955,8.8463,8.5372
-7.7609,2.7645,8.4402
-1.5645,8.9269,8.5372
-2.8716,-8.1706,8.6662
3.0413,-1.9905,8.5372
-2.0322,3.1707,8.3792
-2.4805,-2.5937,8.6212
3.0759,-8.0723,8.4402
3.6048,3.5483,8.3272
9.2723,-1.9099,8.5372
8.8046,-7.6662,8.3792
8.5529,8.5274,-8.8232
3.8276,9.358,-3.012
9.2048,3.9058,-2.902
9.5959,9.4827,-2.947
8.5529,8.5274,2.745
3.8276,9.358,8.5562
9.2048,3.9058,8.6662
9.5959,9.4827,8.6212
-8.0742,-8.8803,-8.7012
-8.5204,-4.1872,-3.01
-3.5317,-9.5139,-2.895
-8.0742,-8.8803,2.867
-9.7154,-9.3463,-3.112
-8.5204,-4.1872,8.5582
-3.5317,-9.5139,8.6732
-9.7154,-9.3463,8.4562
-8.5691,-2.3797,-8.8182
-7.8224,8.8633,-8.6322
-2.2462,3.3153,-8.6302
-7.6223,2.7603,-8.8872
-1.5659,8.6724,-8.9022
-2.9783,-8.0172,-8.6562
3.0144,-1.9735,-8.6322
8.5906,-7.5215,-8.6302
-2.2429,-2.786,-8.7552
3.2145,-8.0766,-8.8872
4.0022,3.1961,-8.7012
9.2709,-2.1645,-8.9022
-8.4631,7.5198,-2.864
-8.5691,-2.3797,2.75
-7.8224,8.8633,2.936
-2.2462,3.3153,2.938
-7.6223,2.7603,2.681
-1.5659,8.6724,2.666
-9.1157,2.1281,-3.11
-2.8592,8.1838,-2.976
-2.6792,1.8335,-3.012
2.3738,-3.317,-2.864
3.556,7.8892,-3.01
8.5447,2.5626,-2.895
-2.9783,-8.0172,2.912
3.0144,-1.9735,2.936
8.5906,-7.5215,2.938
-2.2429,-2.786,2.813
3.2145,-8.0766,2.681
4.0022,3.1961,2.867
9.2709,-2.1645,2.666
-3.8467,-3.1919,-3.016
1.7211,-8.7087,-3.11
2.361,2.7301,-3.112
7.9776,-2.6531,-2.976
8.1576,-9.0033,-3.012
-8.4631,7.5198,8.7042
-9.1157,2.1281,8.4582
-2.8592,8.1838,8.5922
-2.6792,1.8335,8.5562
2.3738,-3.317,8.7042
3.556,7.8892,8.5582
8.5447,2.5626,8.6732
-3.8467,-3.1919,8.5522
1.7211,-8.7087,8.4582
2.361,2.7301,8.4562
7.9776,-2.6531,8.5922
8.1576,-9.0033,8.5562
3.5073,9.6967,-8.8182
9.0981,4.0592,-8.6562
9.8335,9.2904,-8.7552
3.5073,9.6967,2.75
9.0981,4.0592,2.912
9.8335,9.2904,2.813
8.2297,8.8845,-3.016
8.2297,8.8845,8.5522
-11.053,-3.5271,-6.1872
-11.078,-3.5801,-11.474
-11.09,-6.8445,-8.7922
-5.8998,-12.322,-8.6882
-12.43,-11.747,-8.9332
-5.5611,-8.9581,-6.0302
-9.1023,-11.391,-6.1392
-5.5427,-8.7318,-11.407
-12.388,-9.3335,-11.948
-8.8513,-6.8233,-11.986
-3.28,-12.256,-11.975
-9.0867,-11.444,-11.351
-12.186,-6.178,-2.935
-11.053,-3.5271,5.381
-11.078,-3.5801,0.094
-6.7441,-11.42,-2.927
-11.09,-6.8445,2.776
-5.8998,-12.322,2.88
-12.43,-11.747,2.635
-11.713,-12.352,-3.171
-5.5116,-6.5101,-3.061
-12.163,-9.3251,-5.713
-5.5611,-8.9581,5.538
-9.1023,-11.391,5.429
-8.8202,-6.7611,-5.836
-3.1909,-12.054,-5.625
-5.5427,-8.7318,0.161
-12.388,-9.3335,-0.38
-8.8513,-6.8233,-0.418
-3.28,-12.256,-0.407
-9.0867,-11.444,0.217
-12.186,-6.178,8.6332
-11.078,-3.5801,11.662
-6.7441,-11.42,8.6412
-11.713,-12.352,8.3972
-5.5116,-6.5101,8.5072
-12.163,-9.3251,5.8552
-8.8202,-6.7611,5.7322
-3.1909,-12.054,5.9432
-5.5427,-8.7318,11.729
-12.388,-9.3335,11.188
-8.8513,-6.8233,11.15
-3.28,-12.256,11.161
-9.0867,-11.444,11.785
-10.676,4.6369,-8.8462
-4.6602,10.591,-8.6882
-11.779,-0.12756,-8.9492
-11.19,11.166,-8.9332
-5.7025,5.8935,-8.7112
-10.294,7.8387,-6.2362
-4.7812,2.5326,-6.2182
1.0235,8.5493,-6.1872
-8.4652,0.26701,-6.2102
-7.8627,11.523,-6.1392
-2.5743,6.2513,-6.1642
-10.395,7.913,-11.388
-4.8193,2.6231,-11.384
0.99874,8.4963,-11.474
-11.735,2.1677,-11.941
-5.8404,8.4779,-12.144
-8.2361,4.7232,-11.957
-2.0404,10.657,-11.975
-8.5458,0.18781,-11.458
-7.8472,11.469,-11.351
-2.5439,6.0808,-11.452
-5.2192,-0.79691,-8.8452
0.16122,-6.1999,-8.8462
0.98641,5.2319,-8.7922
6.1766,-0.24537,-8.6882
-6.5117,-5.3662,-8.8812
-0.94187,-10.964,-8.9492
-0.35355,0.32951,-8.9332
5.1343,-4.9434,-8.7112
0.54306,-2.9981,-6.2362
6.0557,-8.3043,-6.2182
6.5153,3.1183,-6.0302
11.86,-2.2875,-6.1872
-3.0844,-5.1619,-6.1742
2.3716,-10.57,-6.2102
2.9741,0.68589,-6.1392
8.2625,-4.5856,-6.1642
0.44194,-2.9239,-11.388
6.0175,-8.2138,-11.384
6.5337,3.3446,-11.407
11.836,-2.3405,-11.474
-6.3208,-3.0215,-11.891
-0.89803,-8.6691,-11.941
-0.31183,2.7429,-11.948
4.9964,-2.3589,-12.144
-2.8037,-0.71771,-12.001
2.6007,-6.1136,-11.957
3.2251,5.2531,-11.986
8.7964,-0.17961,-11.975
-3.1445,-5.3959,-11.39
2.291,-10.649,-11.458
2.9896,0.63215,-11.351
8.2929,-4.756,-11.452
5.6177,-11.634,-8.8452
11.823,-5.605,-8.7922
10.483,-10.507,-8.9332
10.525,-8.094,-11.948
8.0331,-11.555,-12.001
-11.719,5.3843,-3.07
-6.1841,0.020933,-3.066
-5.5045,11.494,-2.927
-0.11001,5.8984,-2.935
-10.676,4.6369,2.722
-4.6602,10.591,2.88
-11.779,-0.12756,2.619
-11.19,11.166,2.635
-5.7025,5.8935,2.857
-10.473,10.561,-3.171
-4.7649,4.9374,-2.879
-10.931,-0.97255,-3.176
-11.767,2.1854,-5.658
-5.735,8.3344,-5.458
-10.294,7.8387,5.332
-4.7812,2.5326,5.35
1.0235,8.5493,5.381
-8.4652,0.26701,5.358
-7.8627,11.523,5.429
-2.5743,6.2513,5.404
-8.1625,4.702,-5.617
-1.9513,10.859,-5.625
-10.395,7.913,0.18
-4.8193,2.6231,0.184
0.99874,8.4963,0.094
-11.735,2.1677,-0.373
-5.8404,8.4779,-0.576
-8.2361,4.7232,-0.389
-2.0404,10.657,-0.407
-8.5458,0.18781,0.11
-7.8472,11.469,0.217
-2.5439,6.0808,0.116
-0.88176,-5.4525,-3.07
4.6528,-10.816,-3.066
5.3323,0.6569,-2.927
10.727,-4.9384,-2.935
-5.2192,-0.79691,2.723
0.16122,-6.1999,2.722
0.98641,5.2319,2.776
6.1766,-0.24537,2.88
-6.5117,-5.3662,2.687
-0.94187,-10.964,2.619
-0.35355,0.32951,2.635
5.1343,-4.9434,2.857
0.36345,-0.27577,-3.171
6.0719,-5.8994,-2.879
6.5648,5.5663,-3.061
-0.094045,-11.809,-3.176
-6.3166,-3.1997,-5.615
-0.92985,-8.6515,-5.658
-0.086974,2.7514,-5.713
5.1018,-2.5025,-5.458
0.54306,-2.9981,5.332
6.0557,-8.3043,5.35
6.5153,3.1183,5.538
11.86,-2.2875,5.381
-3.0844,-5.1619,5.394
2.3716,-10.57,5.358
2.9741,0.68589,5.429
8.2625,-4.5856,5.404
-2.7337,-0.65478,-5.602
2.6743,-6.1349,-5.617
3.2562,5.3153,-5.836
8.8855,0.022627,-5.625
0.44194,-2.9239,0.18
6.0175,-8.2138,0.184
6.5337,3.3446,0.161
11.836,-2.3405,0.094
-6.3208,-3.0215,-0.323
-0.89803,-8.6691,-0.373
-0.31183,2.7429,-0.38
4.9964,-2.3589,-0.576
-2.8037,-0.71771,-0.433
2.6007,-6.1136,-0.389
3.2251,5.2531,-0.418
8.7964,-0.17961,-0.407
-3.1445,-5.3959,0.178
2.291,-10.649,0.11
2.9896,0.63215,0.217
8.2929,-4.756,0.116
5.6177,-11.634,2.723
11.823,-5.605,2.776
10.483,-10.507,2.635
11.2,-11.113,-3.171
10.75,-8.0855,-5.713
8.1031,-11.492,-5.602
10.525,-8.094,-0.38
8.0331,-11.555,-0.433
-11.719,5.3843,8.4982
-6.1841,0.020933,8.5022
-5.5045,11.494,8.6412
-0.11001,5.8984,8.6332
-10.473,10.561,8.3972
-4.7649,4.9374,8.6892
-10.931,-0.97255,8.3922
-11.767,2.1854,5.9102
-5.735,8.3344,6.1102
-8.1625,4.702,5.9512
-1.9513,10.859,5.9432
-10.395,7.913,11.748
-4.8193,2.6231,11.752
0.99874,8.4963,11.662
-11.735,2.1677,11.195
-5.8404,8.4779,10.992
-8.2361,4.7232,11.179
-2.0404,10.657,11.161
-8.5458,0.18781,11.678
-7.8472,11.469,11.785
-2.5439,6.0808,11.684
-0.88176,-5.4525,8.4982
4.6528,-10.816,8.5022
5.3323,0.6569,8.6412
10.727,-4.9384,8.6332
0.36345,-0.27577,8.3972
6.0719,-5.8994,8.6892
6.5648,5.5663,8.5072
-0.094045,-11.809,8.3922
-6.3166,-3.1997,5.9532
-0.92985,-8.6515,5.9102
-0.086974,2.7514,5.8552
5.1018,-2.5025,6.1102
-2.7337,-0.65478,5.9662
2.6743,-6.1349,5.9512
3.2562,5.3153,5.7322
8.8855,0.022627,5.9432
0.44194,-2.9239,11.748
6.0175,-8.2138,11.752
6.5337,3.3446,11.729
11.836,-2.3405,11.662
-6.3208,-3.0215,11.245
-0.89803,-8.6691,11.195
-0.31183,2.7429,11.188
4.9964,-2.3589,10.992
-2.8037,-0.71771,11.135
2.6007,-6.1136,11.179
3.2251,5.2531,11.15
8.7964,-0.17961,11.161
-3.1445,-5.3959,11.746
2.291,-10.649,11.678
2.9896,0.63215,11.785
8.2929,-4.756,11.684
11.2,-11.113,8.3972
10.75,-8.0855,5.8552
8.1031,-11.492,5.9662
10.525,-8.094,11.188
8.0331,-11.555,11.135
0.29771,11.949,-8.9492
3.6112,12.343,-6.2102
3.5306,12.264,-11.458
6.8572,11.28,-8.8452
12.238,5.8765,-8.8462
5.5646,6.7102,-8.8812
11.135,1.112,-8.9492
11.723,12.406,-8.9332
12.619,9.0783,-6.2362
8.992,6.9145,-6.1742
12.518,9.1525,-11.388
5.7556,9.0549,-11.891
11.178,3.4073,-11.941
9.2727,11.359,-12.001
8.9319,6.6805,-11.39
5.8923,12.097,-3.066
0.29771,11.949,2.619
1.1455,11.104,-3.176
3.6112,12.343,5.358
3.5306,12.264,0.11
11.195,6.6239,-3.07
6.8572,11.28,2.723
12.238,5.8765,2.722
5.5646,6.7102,2.687
11.135,1.112,2.619
11.723,12.406,2.635
12.44,11.801,-3.171
11.982,0.26702,-3.176
5.7598,8.8768,-5.615
11.147,3.425,-5.658
12.619,9.0783,5.332
8.992,6.9145,5.394
9.3427,11.422,-5.602
12.518,9.1525,0.18
5.7556,9.0549,-0.323
11.178,3.4073,-0.373
9.2727,11.359,-0.433
8.9319,6.6805,0.178
5.8923,12.097,8.5022
1.1455,11.104,8.3922
3.5306,12.264,11.678
11.195,6.6239,8.4982
12.44,11.801,8.3972
11.982,0.26702,8.3922
5.7598,8.8768,5.9532
11.147,3.425,5.9102
9.3427,11.422,5.9662
12.518,9.1525,11.748
5.7556,9.0549,11.245
11.178,3.4073,11.195
9.2727,11.359,11.135
8.9319,6.6805,11.746
0,0,0
0.37406,5.6279,-0.124
0.15698,-0.069296,5.657
5.7049,0.35638,-0.206
-0.29274,-5.7841,-0.028
-5.8015,-0.21736,-0.11
0.15698,-0.069296,-5.9112
-5.2712,5.513,-0.307
5.5656,-5.3238,-0.307
-5.6474,-0.19332,5.562
0.35567,5.7056,5.594
-0.19233,-5.7346,5.7542
-0.19233,-5.7346,-5.814
5.9135,0.30335,5.6812
-5.6474,-0.19332,-6.0062
0.35567,5.7056,-5.9742
5.9135,0.30335,-5.887
-6.0462,-5.9755,0.035
6.0302,6.1009,0.035
5.4101,-5.2687,5.655
5.4101,-5.2687,-5.9132
-5.4267,5.5682,5.655
-5.4267,5.5682,-5.9132
-5.8209,-5.951,5.7312
-5.8209,-5.951,-5.837
6.2555,6.1254,5.7312
6.2555,6.1254,-5.837
0.60983,11.444,-0.12
11.447,0.6067,-0.12
-11.467,-0.63288,-0.12
-0.62975,-11.47,-0.12
5.0088e-16,-5.0088e-16,-11.568
-5.0088e-16,5.0088e-16,11.568
5.0353,-11.054,-0.11
-11.13,5.0527,-0.028
-5.1319,11.193,-0.206
11.211,-5.209,-0.124
-11.301,-0.59425,5.613
5.7049,0.35638,11.362
-0.46386,-11.431,5.613
0.37406,5.6279,11.444
-11.301,-0.59425,-5.9552
0.77572,11.482,5.613
-5.8015,-0.21736,11.458
-0.46386,-11.431,-5.9552
-0.29274,-5.7841,11.54
11.613,0.64533,5.613
0.77572,11.482,-5.9552
-0.29274,-5.7841,-11.596
0.37406,5.6279,-11.692
-5.8015,-0.21736,-11.678
11.613,0.64533,-5.9552
5.7049,0.35638,-11.774
-6.3715,-11.72,-0.206
11.784,6.2923,-0.028
-11.702,-6.4486,-0.124
5.1895,-11.03,5.562
6.2749,11.859,-0.11
-4.9233,11.14,5.6812
-11.029,5.1022,5.7542
-11.029,5.1022,-5.814
11.192,-5.1312,5.594
-4.9233,11.14,-5.887
5.1895,-11.03,-6.0062
-5.2712,5.513,11.261
5.5656,-5.3238,11.261
11.192,-5.1312,-5.9742
-5.2712,5.513,-11.875
5.5656,-5.3238,-11.875
-6.0462,-5.9755,-11.533
6.0302,6.1009,-11.533
-6.0462,-5.9755,11.603
6.0302,6.1009,11.603
-6.1629,-11.773,5.6812
-11.721,-6.3708,5.594
-6.1629,-11.773,-5.887
6.429,11.883,5.562
-11.721,-6.3708,-5.9742
11.884,6.3418,5.7542
11.884,6.3418,-5.814
6.429,11.883,-6.0062
-10.837,10.837,-9.3842e-16
10.837,-10.837,9.3842e-16
-10.68,10.768,5.657
0.60983,11.444,11.448
11.447,0.6067,11.448
-11.467,-0.63288,11.448
-0.62975,-11.47,11.448
-10.68,10.768,-5.9112
0.60983,11.444,-11.688
11.447,0.6067,-11.688
-11.467,-0.63288,-11.688
-0.62975,-11.47,-11.688
10.994,-10.906,5.657
10.994,-10.906,-5.9112
5.0353,-11.054,11.458
-5.1319,11.193,11.362
-11.13,5.0527,11.54
11.211,-5.209,11.444
-11.13,5.0527,-11.596
5.0353,-11.054,-11.678
11.211,-5.209,-11.692
-5.1319,11.193,-11.774
-12.076,-12.076,7.9602e-22
12.076,12.076,-7.9602e-22
-6.3715,-11.72,11.362
-11.702,-6.4486,11.444
6.2749,11.859,11.458
11.784,6.2923,11.54
11.784,6.2923,-11.596
-11.702,-6.4486,-11.692
6.2749,11.859,-11.678
-6.3715,-11.72,-11.774
-11.919,-12.146,5.657
-11.919,-12.146,-5.9112
12.233,12.007,5.657
12.233,12.007,-5.9112
-10.837,10.837,-11.568
10.837,-10.837,-11.568
-10.837,10.837,11.568
10.837,-10.837,11.568
-12.076,-12.076,-11.568
-12.076,-12.076,11.568
12.076,12.076,-11.568
12.076,12.076,11.568
