-9.1699,-3.7286,-8.8002
-3.7863,-9.446,-8.6612
-9.6362,-9.3944,-8.9562
-9.1699,-3.7286,2.768
-3.7863,-9.446,2.907
-8.4277,-8.4999,-2.889
-9.6362,-9.3944,2.612
-8.4277,-8.4999,8.6792
-8.4892,7.5615,-8.8162
2.9065,8.3478,-8.8002
-8.7756,1.8983,-8.7102
-2.8515,7.9624,-8.7182
-3.078,2.2083,-8.5672
2.3476,-3.2753,-8.8162
8.2901,2.6304,-8.6612
-3.5143,-3.3503,-8.8472
2.0612,-8.9385,-8.7102
2.4402,2.6821,-8.9562
7.9854,-2.8744,-8.7182
7.7588,-8.6285,-8.5672
-8.4892,7.5615,2.752
2.9065,8.3478,2.768
-8.2545,-2.6618,-3.043
-7.7206,8.8294,-2.861
-2.1154,3.3655,-2.868
-7.5983,2.9667,-3.094
-1.7696,8.9694,-3.018
-8.7756,1.8983,2.858
-2.8515,7.9624,2.85
-3.078,2.2083,3.001
2.3476,-3.2753,2.752
8.2901,2.6304,2.907
-2.914,-8.0646,-3.151
3.1162,-2.0075,-2.861
8.7215,-7.4713,-2.868
-2.4904,-2.67,-3.153
3.2385,-7.8701,-3.094
3.6487,3.5765,-2.889
9.0672,-1.8675,-3.018
-3.5143,-3.3503,2.721
2.0612,-8.9385,2.858
2.4402,2.6821,2.612
7.9854,-2.8744,2.85
7.7588,-8.6285,3.001
-8.2545,-2.6618,8.5252
-7.7206,8.8294,8.7072
-2.1154,3.3655,8.7002
-7.5983,2.9667,8.4742
-1.7696,8.9694,8.5502
-2.914,-8.0646,8.4172
3.1162,-2.0075,8.7072
8.7215,-7.4713,8.7002
-2.4904,-2.67,8.4152
3.2385,-7.8701,8.4742
3.6487,3.5765,8.6792
9.0672,-1.8675,8.5502
8.5621,8.7261,-8.8472
3.8219,9.4146,-3.043
9.1624,4.0119,-3.151
9.586,9.4064,-3.153
8.5621,8.7261,2.721
3.8219,9.4146,8.5252
9.1624,4.0119,8.4172
9.586,9.4064,8.4152
-8.3217,-8.7049,-8.7792
-9.004,-3.9426,-2.855
-3.5586,-9.3993,-2.945
-8.3217,-8.7049,2.789
-9.7656,-9.149,-3.023
-9.004,-3.9426,8.7132
-3.5586,-9.3993,8.6232
-9.7656,-9.149,8.5452
-8.637,-2.3316,-8.7752
-7.9398,8.9482,-8.7452
-2.4908,3.5657,-8.7852
-7.5481,2.7539,-8.6892
-1.5758,8.7318,-8.6482
-3.2188,-8.0653,-8.7822
2.897,-1.8887,-8.7452
8.346,-7.2712,-8.7852
-2.1786,-2.7188,-9.0672
3.2888,-8.0829,-8.6892
3.7547,3.3715,-8.7792
9.261,-2.1051,-8.6482
-8.2672,7.4526,-3.056
-8.637,-2.3316,2.793
-7.9398,8.9482,2.823
-2.4908,3.5657,2.783
-7.5481,2.7539,2.879
-1.5758,8.7318,2.92
-8.929,2.2837,-3.094
-3.0664,8.2396,-2.855
-2.7874,2.0308,-2.89
2.5696,-3.3842,-3.056
3.0724,8.1338,-2.855
8.5178,2.6771,-2.945
-3.2188,-8.0653,2.786
2.897,-1.8887,2.823
8.346,-7.2712,2.783
-2.1786,-2.7188,2.501
3.2888,-8.0829,2.879
3.7547,3.3715,2.789
9.261,-2.1051,2.92
-3.759,-3.4252,-2.927
1.9078,-8.5532,-3.094
2.3108,2.9274,-3.023
7.7704,-2.5972,-2.855
8.0494,-8.806,-2.89
-8.2672,7.4526,8.5122
-8.929,2.2837,8.4742
-3.0664,8.2396,8.7132
-2.7874,2.0308,8.6782
2.5696,-3.3842,8.5122
3.0724,8.1338,8.7132
8.5178,2.6771,8.6232
-3.759,-3.4252,8.6412
1.9078,-8.5532,8.4742
2.3108,2.9274,8.5452
7.7704,-2.5972,8.7132
8.0494,-8.806,8.6782
3.4394,9.7448,-8.7752
8.8576,4.0112,-8.7822
9.8978,9.3576,-9.0672
3.4394,9.7448,2.793
8.8576,4.0112,2.786
9.8978,9.3576,2.501
8.3174,8.6512,-2.927
8.3174,8.6512,8.6412
-11.084,-3.5525,-6.1102
-11.061,-3.445,-11.445
-11.328,-6.6529,-8.6382
-5.9529,-12.25,-8.8732
-12.52,-11.685,-8.8992
-5.7032,-8.7707,-6.2602
-9.2466,-11.308,-6.2312
-5.8213,-8.9948,-11.282
-12.219,-9.0712,-11.805
-8.7898,-6.6798,-11.842
-3.2963,-12.156,-11.84
-9.2876,-11.45,-11.446
-12.206,-5.9715,-2.858
-11.084,-3.5525,5.458
-11.061,-3.445,0.123
-6.911,-11.395,-3.083
-11.328,-6.6529,2.93
-5.9529,-12.25,2.695
-12.52,-11.685,2.669
-11.733,-12.579,-3.173
-5.7662,-6.3884,-2.964
-12.51,-9.1511,-5.69
-5.7032,-8.7707,5.308
-9.2466,-11.308,5.337
-8.7608,-6.5702,-5.484
-3.5459,-12.035,-5.589
-5.8213,-8.9948,0.286
-12.219,-9.0712,-0.237
-8.7898,-6.6798,-0.274
-3.2963,-12.156,-0.272
-9.2876,-11.45,0.122
-12.206,-5.9715,8.7102
-11.061,-3.445,11.691
-6.911,-11.395,8.4852
-11.733,-12.579,8.3952
-5.7662,-6.3884,8.6042
-12.51,-9.1511,5.8782
-8.7608,-6.5702,6.0842
-3.5459,-12.035,5.9792
-5.8213,-8.9948,11.854
-12.219,-9.0712,11.331
-8.7898,-6.6798,11.294
-3.2963,-12.156,11.296
-9.2876,-11.45,11.69
-10.389,4.76,-8.7232
-4.7133,10.663,-8.8732
-11.705,0.1072,-8.8862
-11.281,11.229,-8.8992
-5.7011,6.0264,-8.5342
-10.463,8.0176,-6.2142
-4.97,2.7808,-5.9482
0.99237,8.5239,-6.1102
-8.6335,0.03649,-6.0442
-8.007,11.605,-6.2312
-2.604,6.206,-6.0512
-10.284,7.9801,-11.402
-4.8929,2.4958,-11.338
1.015,8.6314,-11.445
-11.902,2.3261,-12.147
-5.8871,8.2573,-11.78
-8.1922,4.7246,-12.074
-2.0567,10.757,-11.84
-8.5267,0.18852,-11.454
-8.048,11.463,-11.446
-2.5651,6.1515,-11.31
-5.0728,-0.59256,-8.9582
0.44831,-6.0769,-8.7232
0.74812,5.4235,-8.6382
6.1235,-0.17395,-8.8732
-6.3336,-5.3691,-8.7592
-0.86833,-10.73,-8.8862
-0.44406,0.39174,-8.8992
5.1357,-4.8104,-8.5342
0.37406,-2.8192,-6.2142
5.8669,-8.0561,-5.9482
6.3732,3.3057,-6.2602
11.829,-2.3129,-6.1102
-3.1452,-5.2496,-6.2402
2.2033,-10.8,-6.0442
2.8298,0.76792,-6.2312
8.2328,-4.6308,-6.0512
0.55296,-2.8567,-11.402
5.9439,-8.341,-11.338
6.2551,3.0816,-11.282
11.852,-2.2055,-11.445
-6.4509,-3.2152,-11.966
-1.0649,-8.5107,-12.147
-0.14284,3.0052,-11.805
4.9497,-2.5795,-11.78
-2.8079,-0.85772,-12.087
2.6446,-6.1122,-12.074
3.2866,5.3966,-11.842
8.7801,-0.079903,-11.84
-3.1968,-5.4355,-11.297
2.3101,-10.648,-11.454
2.7888,0.6265,-11.446
8.2717,-4.6853,-11.31
5.764,-11.429,-8.9582
11.585,-5.4133,-8.6382
10.393,-10.445,-8.8992
10.694,-7.8316,-11.805
8.0289,-11.695,-12.087
-11.631,5.4706,-2.902
-5.9132,0.19842,-3.132
-5.6714,11.518,-3.083
-0.12981,6.1049,-2.858
-10.389,4.76,2.845
-4.7133,10.663,2.695
-11.705,0.1072,2.682
-11.281,11.229,2.669
-5.7011,6.0264,3.034
-10.494,10.334,-3.173
-4.7918,5.0562,-2.752
-10.92,-0.94215,-3.071
-11.761,2.2264,-5.618
-5.7209,8.4588,-5.471
-10.463,8.0176,5.354
-4.97,2.7808,5.62
0.99237,8.5239,5.458
-8.6335,0.03649,5.524
-8.007,11.605,5.337
-2.604,6.206,5.517
-8.1809,4.8915,-5.638
-2.3063,10.878,-5.589
-10.284,7.9801,0.166
-4.8929,2.4958,0.23
1.015,8.6314,0.123
-11.902,2.3261,-0.579
-5.8871,8.2573,-0.212
-8.1922,4.7246,-0.506
-2.0567,10.757,-0.272
-8.5267,0.18852,0.114
-8.048,11.463,0.122
-2.5651,6.1515,0.258
-0.79408,-5.3662,-2.902
4.9236,-10.638,-3.132
5.1654,0.68094,-3.083
10.707,-4.732,-2.858
-5.0728,-0.59256,2.61
0.44831,-6.0769,2.845
0.74812,5.4235,2.93
6.1235,-0.17395,2.695
-6.3336,-5.3691,2.809
-0.86833,-10.73,2.682
-0.44406,0.39174,2.669
5.1357,-4.8104,3.034
0.34295,-0.50275,-3.173
6.0451,-5.7806,-2.752
6.3102,5.688,-2.964
-0.083439,-11.779,-3.071
-6.2586,-2.9706,-5.618
-0.92419,-8.6104,-5.618
-0.43346,2.9253,-5.69
5.1159,-2.378,-5.471
0.37406,-2.8192,5.354
5.8669,-8.0561,5.62
6.3732,3.3057,5.308
11.829,-2.3129,5.458
-3.1452,-5.2496,5.328
2.2033,-10.8,5.524
2.8298,0.76792,5.337
8.2328,-4.6308,5.517
-2.815,-0.65266,-5.678
2.6559,-5.9454,-5.638
3.3156,5.5062,-5.484
8.5305,0.041012,-5.589
0.55296,-2.8567,0.166
5.9439,-8.341,0.23
6.2551,3.0816,0.286
11.852,-2.2055,0.123
-6.4509,-3.2152,-0.398
-1.0649,-8.5107,-0.579
-0.14284,3.0052,-0.237
4.9497,-2.5795,-0.212
-2.8079,-0.85772,-0.519
2.6446,-6.1122,-0.506
3.2866,5.3966,-0.274
8.7801,-0.079903,-0.272
-3.1968,-5.4355,0.271
2.3101,-10.648,0.114
2.7888,0.6265,0.122
8.2717,-4.6853,0.258
5.764,-11.429,2.61
11.585,-5.4133,2.93
10.393,-10.445,2.669
11.18,-11.34,-3.173
10.403,-7.9115,-5.69
8.0218,-11.489,-5.678
10.694,-7.8316,-0.237
8.0289,-11.695,-0.519
-11.631,5.4706,8.6662
-5.9132,0.19842,8.4362
-5.6714,11.518,8.4852
-0.12981,6.1049,8.7102
-10.494,10.334,8.3952
-4.7918,5.0562,8.8162
-10.92,-0.94215,8.4972
-11.761,2.2264,5.9502
-5.7209,8.4588,6.0972
-8.1809,4.8915,5.9302
-2.3063,10.878,5.9792
-10.284,7.9801,11.734
-4.8929,2.4958,11.798
1.015,8.6314,11.691
-11.902,2.3261,10.989
-5.8871,8.2573,11.356
-8.1922,4.7246,11.062
-2.0567,10.757,11.296
-8.5267,0.18852,11.682
-8.048,11.463,11.69
-2.5651,6.1515,11.826
-0.79408,-5.3662,8.6662
4.9236,-10.638,8.4362
5.1654,0.68094,8.4852
10.707,-4.732,8.7102
0.34295,-0.50275,8.3952
6.0451,-5.7806,8.8162
6.3102,5.688,8.6042
-0.083439,-11.779,8.4972
-6.2586,-2.9706,5.9502
-0.92419,-8.6104,5.9502
-0.43346,2.9253,5.8782
5.1159,-2.378,6.0972
-2.815,-0.65266,5.8902
2.6559,-5.9454,5.9302
3.3156,5.5062,6.0842
8.5305,0.041012,5.9792
0.55296,-2.8567,11.734
5.9439,-8.341,11.798
6.2551,3.0816,11.854
11.852,-2.2055,11.691
-6.4509,-3.2152,11.17
-1.0649,-8.5107,10.989
-0.14284,3.0052,11.331
4.9497,-2.5795,11.356
-2.8079,-0.85772,11.049
2.6446,-6.1122,11.062
3.2866,5.3966,11.294
8.7801,-0.079903,11.296
-3.1968,-5.4355,11.839
2.3101,-10.648,11.682
2.7888,0.6265,11.69
8.2717,-4.6853,11.826
11.18,-11.34,8.3952
10.403,-7.9115,5.8782
8.0218,-11.489,5.8902
10.694,-7.8316,11.331
8.0289,-11.695,11.049
0.37125,12.184,-8.8862
3.4429,12.113,-6.0442
3.5497,12.265,-11.454
7.0036,11.484,-8.9582
12.525,5.9995,-8.7232
5.7428,6.7074,-8.7592
11.208,1.3468,-8.8862
11.632,12.468,-8.8992
12.45,9.2572,-6.2142
8.9312,6.8269,-6.2402
12.629,9.2197,-11.402
5.6255,8.8612,-11.966
11.011,3.5657,-12.147
9.2685,11.219,-12.087
8.8796,6.6409,-11.297
6.1632,12.275,-3.132
0.37125,12.184,2.682
1.1561,11.134,-3.071
3.4429,12.113,5.524
3.5497,12.265,0.114
11.282,6.7102,-2.902
7.0036,11.484,2.61
12.525,5.9995,2.845
5.7428,6.7074,2.809
11.208,1.3468,2.682
11.632,12.468,2.669
12.419,11.574,-3.173
11.993,0.29743,-3.071
5.8178,9.1059,-5.618
11.152,3.466,-5.618
12.45,9.2572,5.354
8.9312,6.8269,5.328
9.2614,11.424,-5.678
12.629,9.2197,0.166
5.6255,8.8612,-0.398
11.011,3.5657,-0.579
9.2685,11.219,-0.519
8.8796,6.6409,0.271
6.1632,12.275,8.4362
1.1561,11.134,8.4972
3.5497,12.265,11.682
11.282,6.7102,8.6662
12.419,11.574,8.3952
11.993,0.29743,8.4972
5.8178,9.1059,5.9502
11.152,3.466,5.9502
9.2614,11.424,5.8902
12.629,9.2197,11.734
5.6255,8.8612,11.17
11.011,3.5657,10.989
9.2685,11.219,11.049
8.8796,6.6409,11.839
0,0,0
-5.5663,-0.35072,-0.179
-0.033234,0.12516,5.7142
-0.29628,-5.7368,-0.167
0.37507,5.8121,-0.043
-0.033234,0.12516,-5.854
6.0309,0.24254,-0.006
-5.3242,5.4204,-0.01
5.5126,-5.4164,-0.01
-0.14637,-5.5572,5.598
-5.6919,-0.15019,5.698
5.6972,0.3981,5.7202
0.44123,5.7502,5.7312
-0.14637,-5.5572,-5.9702
5.6972,0.3981,-5.848
-5.6919,-0.15019,-5.8702
0.44123,5.7502,-5.837
6.0245,6.0401,-0.044
-6.0518,-6.0363,-0.044
5.5331,-5.2616,-5.768
5.5331,-5.2616,5.8002
-5.3037,5.5753,-5.768
-5.3037,5.5753,5.8002
-5.9687,-5.9135,5.622
-5.9687,-5.9135,-5.9462
6.1077,6.1629,5.622
6.1077,6.1629,-5.9462
-0.49992,-11.316,-0.01
-11.337,-0.47899,-0.01
5.0088e-16,-5.0088e-16,-11.568
-5.0088e-16,5.0088e-16,11.568
11.576,0.76058,-0.01
0.73965,11.597,-0.01
-4.8059,11.079,-0.006
-11.133,5.1001,-0.167
11.212,-5.0247,-0.043
5.2705,-11.188,-0.179
-5.5663,-0.35072,11.389
-0.29628,-5.7368,11.401
-0.59369,-11.378,-5.783
-0.59369,-11.378,5.7852
-11.431,-0.54166,-5.783
-11.431,-0.54166,5.7852
11.483,0.69791,-5.783
11.483,0.69791,5.7852
0.37507,5.8121,11.525
0.64589,11.535,-5.783
0.64589,11.535,5.7852
0.37507,5.8121,-11.611
-5.5663,-0.35072,-11.747
6.0309,0.24254,11.562
6.0309,0.24254,-11.574
-0.29628,-5.7368,-11.735
-11.701,-6.2643,-0.043
-6.0455,-11.834,-0.006
11.78,6.3397,-0.167
5.1449,-10.987,5.698
-10.983,5.2797,5.598
6.5101,11.726,-0.179
5.1449,-10.987,-5.8702
-10.983,5.2797,-5.9702
-5.1397,11.235,5.7202
11.278,-5.0866,5.7312
-5.1397,11.235,-5.848
11.278,-5.0866,-5.837
-5.3242,5.4204,11.558
-5.3242,5.4204,-11.578
5.5126,-5.4164,11.558
5.5126,-5.4164,-11.578
6.0245,6.0401,11.524
-6.0518,-6.0363,11.524
6.0245,6.0401,-11.612
-6.0518,-6.0363,-11.612
-11.635,-6.3262,5.7312
-11.635,-6.3262,-5.837
-6.3792,-11.678,5.7202
-6.3792,-11.678,-5.848
6.3845,11.926,5.698
11.93,6.5193,5.598
6.3845,11.926,-5.8702
11.93,6.5193,-5.9702
-10.837,10.837,-9.3842e-16
10.837,-10.837,9.3842e-16
-0.49992,-11.316,11.558
-11.337,-0.47899,11.558
-0.49992,-11.316,-11.578
-11.337,-0.47899,-11.578
10.804,-10.712,5.7142
10.804,-10.712,-5.854
11.576,0.76058,11.558
0.73965,11.597,11.558
11.576,0.76058,-11.578
0.73965,11.597,-11.578
-10.87,10.962,5.7142
-10.87,10.962,-5.854
-4.8059,11.079,11.562
-4.8059,11.079,-11.574
-11.133,5.1001,11.401
5.2705,-11.188,11.389
11.212,-5.0247,11.525
11.212,-5.0247,-11.611
-11.133,5.1001,-11.735
5.2705,-11.188,-11.747
-12.076,-12.076,7.9602e-22
12.076,12.076,-7.9602e-22
11.78,6.3397,11.401
-11.701,-6.2643,11.525
6.5101,11.726,11.389
-6.0455,-11.834,11.562
-6.0455,-11.834,-11.574
-11.701,-6.2643,-11.611
11.78,6.3397,-11.735
6.5101,11.726,-11.747
-12.11,-11.951,5.7142
-12.11,-11.951,-5.854
12.043,12.202,5.7142
12.043,12.202,-5.854
-10.837,10.837,-11.568
10.837,-10.837,-11.568
-10.837,10.837,11.568
10.837,-10.837,11.568
-12.076,-12.076,-11.568
-12.076,-12.076,11.568
12.076,12.076,-11.568
12.076,12.076,11.568
