-9.5947,-3.9873,-8.8238
-4.2652,-9.7595,-9.0428
-9.9715,-9.949,-9.3098
-9.5947,-3.9873,3.279
-4.2652,-9.7595,3.06
-8.9979,-8.9145,-3.178
-9.9715,-9.949,2.793
-8.9979,-8.9145,8.9248
-8.8619,7.7617,-9.2928
-9.3986,2.0377,-9.2158
-3.0057,8.4179,-9.0498
-3.4655,2.2903,-9.0458
2.5477,-3.648,-9.2928
2.9027,8.51,-8.8238
8.2321,2.7379,-9.0428
-3.5893,-3.5412,-9.0398
2.011,-9.372,-9.2158
2.5258,2.5484,-9.3098
8.404,-2.9918,-9.0498
7.9441,-9.1193,-9.0458
-8.8619,7.7617,2.81
-8.6837,-2.719,-3.038
-8.3981,8.9991,-2.994
-2.5545,3.3083,-2.945
-8.6498,2.6522,-3.048
-2.1062,9.1547,-3.224
-9.3986,2.0377,2.887
-3.0057,8.4179,3.053
-3.4655,2.2903,3.057
2.5477,-3.648,2.81
2.9027,8.51,3.279
8.2321,2.7379,3.06
-3.2612,-8.679,-2.895
3.0116,-2.4105,-2.994
8.8551,-8.1013,-2.945
-2.5689,-2.8518,-3.188
2.7598,-8.7575,-3.048
3.4995,3.5829,-3.178
9.3034,-2.255,-3.224
-3.5893,-3.5412,3.063
2.011,-9.372,2.887
2.5258,2.5484,2.793
8.404,-2.9918,3.053
7.9441,-9.1193,3.057
-8.6837,-2.719,9.0648
-8.3981,8.9991,9.1088
-2.5545,3.3083,9.1578
-8.6498,2.6521,9.0548
-2.1062,9.1547,8.8788
-3.2612,-8.679,9.2078
3.0116,-2.4105,9.1088
8.8551,-8.1013,9.1578
-2.5689,-2.8518,8.9148
2.7598,-8.7575,9.0548
3.4995,3.5829,8.9248
9.3034,-2.255,8.8788
8.9081,8.9562,-9.0398
3.8136,9.7783,-3.038
9.2362,3.8184,-2.895
9.9284,9.6456,-3.188
8.9081,8.9562,3.063
3.8136,9.7783,9.0648
9.2362,3.8184,9.2078
9.9284,9.6456,8.9148
-8.6217,-9.3359,-9.0928
-9.3097,-4.0786,-3.007
-3.7653,-10.071,-3.065
-8.6217,-9.3359,3.01
-10.401,-9.4215,-3.12
-9.3097,-4.0786,9.0958
-3.7653,-10.071,9.0378
-10.401,-9.4215,8.9828
-9.0146,-2.6483,-9.1348
-8.0494,9.0027,-9.1368
-2.7985,3.6315,-9.0538
-8.0134,2.5008,-8.9238
-1.5702,8.821,-9.1668
-3.6798,-8.3835,-9.0738
3.3602,-2.407,-9.1368
8.6111,-7.7782,-9.0538
-2.1892,-3.0321,-9.0198
3.3962,-8.9088,-8.9238
3.8757,3.1615,-9.0928
9.8394,-2.5887,-9.1668
-8.9439,7.6175,-3.124
-9.0146,-2.6483,2.968
-8.0494,9.0027,2.966
-2.7985,3.6315,3.049
-8.0134,2.5008,3.179
-1.5702,8.8209,2.936
-10.034,2.09,-2.955
-3.4554,8.589,-2.914
-2.8518,1.8434,-2.958
2.4657,-3.7922,-3.124
3.1876,8.4188,-3.007
8.7321,2.4261,-3.065
-3.6798,-8.3835,3.029
3.3602,-2.407,2.966
8.6111,-7.7782,3.049
-2.1892,-3.0321,3.083
3.3962,-8.9088,3.179
3.8757,3.1615,3.01
9.8394,-2.5887,2.936
-3.8438,-3.6204,-3.071
1.376,-9.3197,-2.955
2.0959,3.0759,-3.12
7.9542,-2.8206,-2.914
8.5579,-9.5662,-2.958
-8.9439,7.6175,8.9788
-10.034,2.09,9.1478
-3.4554,8.589,9.1888
-2.8518,1.8434,9.1448
2.4657,-3.7922,8.9788
3.1876,8.4188,9.0958
8.7321,2.4261,9.0378
-3.8438,-3.6204,9.0318
1.376,-9.3197,9.1478
2.0959,3.0759,8.9828
7.9542,-2.8206,9.1888
8.5579,-9.5662,9.1448
3.4827,9.8491,-9.1348
8.8176,4.1139,-9.0738
10.308,9.4653,-9.0198
3.4827,9.8491,2.968
8.8176,4.1139,3.029
10.308,9.4653,3.083
8.6535,8.877,-3.071
8.6535,8.877,9.0318
-11.632,-3.523,-6.1338
-11.328,-3.8299,-11.759
-11.836,-7.0859,-9.2358
-6.0909,-12.702,-9.3818
-13.076,-11.928,-9.2178
-6.0726,-9.2786,-6.2578
-9.8301,-11.681,-6.3878
-5.9552,-9.5403,-11.842
-13.148,-9.5813,-12.391
-9.1442,-7.2011,-12.412
-3.6931,-12.942,-12.349
-9.5664,-11.91,-12.042
-12.803,-6.0834,-3.139
-11.746,-1.232,-2.854
-11.632,-3.523,5.969
-11.328,-3.8299,0.344
-7.4748,-11.908,-3.151
-11.836,-7.0859,2.867
-6.0909,-12.702,2.721
-13.076,-11.928,2.885
-12.245,-13.147,-3.126
-6.0506,-7.0025,-3.05
-0.33651,-12.642,-2.854
-13.143,-9.4391,-5.654
-6.0726,-9.2786,5.845
-9.8301,-11.681,5.715
-9.4235,-6.8257,-5.846
-3.778,-12.901,-5.929
-5.9552,-9.5403,0.261
-13.148,-9.5813,-0.288
-9.1442,-7.2012,-0.309
-3.6931,-12.942,-0.246
-9.5664,-11.91,0.061
-12.803,-6.0834,8.9638
-11.746,-1.232,9.2488
-11.328,-3.8299,12.447
-7.4748,-11.908,8.9518
-12.245,-13.147,8.9768
-6.0506,-7.0025,9.0528
-0.33651,-12.642,9.2488
-13.143,-9.4391,6.4488
-9.4235,-6.8257,6.2568
-3.778,-12.901,6.1738
-5.9552,-9.5403,12.364
-13.148,-9.5813,11.815
-9.1442,-7.2012,11.794
-3.6931,-12.942,11.857
-9.5664,-11.91,12.164
-10.915,4.881,-9.0538
-5.0032,11.205,-9.3818
-12.507,0.10727,-9.0118
-11.989,11.979,-9.2178
-6.2647,5.7655,-9.1908
-10.904,8.3246,-6.4888
-5.4713,2.6316,-6.3578
0.86575,8.9744,-6.1338
-9.3088,0.25789,-6.3448
-8.7424,12.226,-6.3878
-3.0502,6.5971,-6.2828
-10.888,8.2114,-11.925
-5.2931,2.5015,-11.931
1.1698,8.6675,-11.759
-12.598,2.3191,-12.347
-6.6345,8.531,-12.489
-8.7834,4.6554,-12.515
-2.6054,10.965,-12.349
-9.0882,-0.01647,-11.775
-8.4787,11.997,-12.042
-3.0615,6.4939,-11.845
-5.5897,-0.95954,-9.0928
0.49427,-6.5287,-9.0538
0.66114,5.4115,-9.2358
6.4064,-0.20506,-9.3818
-6.8059,-5.7594,-9.1998
-1.0974,-11.302,-9.0118
-0.57912,0.56922,-9.2178
5.1449,-5.6441,-9.1908
0.50558,-3.0851,-6.4888
5.9383,-8.778,-6.3578
6.4248,3.2188,-6.2578
12.275,-2.4353,-6.1338
-3.4648,-5.6116,-6.4178
2.1008,-11.152,-6.3448
2.6672,0.816,-6.3878
8.3594,-4.8126,-6.2828
0.52114,-3.1982,-11.925
6.1165,-8.9081,-11.931
6.5422,2.9571,-11.842
12.579,-2.7422,-11.759
-6.6624,-3.38,-12.501
-1.1879,-9.0906,-12.347
-0.65054,2.9161,-12.391
4.7751,-2.8786,-12.489
-3.0186,-0.99773,-12.617
2.6262,-6.7543,-12.515
3.3531,5.2962,-12.412
8.8042,-0.44477,-12.349
-3.3361,-5.6512,-11.713
2.3214,-11.426,-11.775
2.931,0.58761,-12.042
8.3481,-4.9158,-11.845
5.8199,-12.369,-9.0928
12.071,-5.9982,-9.2358
10.83,-10.84,-9.2178
10.759,-8.4936,-12.391
8.391,-12.407,-12.617
-12.398,5.6368,-3.072
-6.409,0.0082781,-3.224
-6.387,11.999,-3.151
-0.30592,6.414,-3.139
-10.915,4.881,3.049
-5.0032,11.205,2.721
-12.507,0.10727,3.091
-11.989,11.979,2.885
-6.2647,5.7655,2.912
-11.157,10.76,-3.126
-5.6283,4.6441,-3.164
0.7512,11.265,-2.854
-12.792,2.5885,-5.665
-6.392,8.7071,-5.657
-10.904,8.3246,5.614
-5.4713,2.6316,5.745
0.86575,8.9744,5.969
-9.3088,0.25789,5.758
-8.7424,12.226,5.715
-3.0502,6.5971,5.82
-8.8994,4.6214,-5.687
-2.6903,11.006,-5.929
-10.888,8.2114,0.178
-5.2931,2.5015,0.172
1.1698,8.6675,0.344
-12.598,2.3191,-0.244
-6.6345,8.531,-0.386
-8.7834,4.6554,-0.412
-2.6054,10.965,-0.246
-9.0882,-0.016471,0.328
-8.4787,11.997,0.060999
-3.0615,6.4939,0.258
-0.98854,-5.7728,-3.072
5.0007,-11.401,-3.224
5.0226,0.58902,-3.151
11.104,-4.9957,-3.139
-5.5897,-0.95954,3.01
0.49427,-6.5287,3.049
0.66114,5.4115,2.867
6.4064,-0.20506,2.721
-6.8059,-5.7594,2.903
-1.0974,-11.302,3.091
-0.57912,0.56922,2.885
5.1449,-5.6441,2.912
0.25244,-0.64983,-3.126
5.7813,-6.7656,-3.164
6.4467,5.4949,-3.05
12.161,-0.14425,-2.854
-6.7408,-3.1332,-5.799
-1.3824,-8.8212,-5.665
-0.64559,3.0582,-5.654
5.0176,-2.7026,-5.657
0.50558,-3.0851,5.614
5.9383,-8.778,5.745
6.4248,3.2188,5.845
12.275,-2.4353,5.969
-3.4648,-5.6116,5.685
2.1008,-11.152,5.758
2.6672,0.816,5.715
8.3594,-4.8126,5.82
-3.0703,-0.87398,-5.782
2.5102,-6.7882,-5.687
3.0738,5.6717,-5.846
8.7193,-0.40376,-5.929
0.52114,-3.1982,0.178
6.1165,-8.9081,0.172
6.5422,2.9571,0.261
12.579,-2.7422,0.344
-6.6624,-3.38,-0.398
-1.1879,-9.0906,-0.244
-0.65054,2.9161,-0.288
4.7751,-2.8786,-0.386
-3.0186,-0.99773,-0.514
2.6262,-6.7543,-0.412
3.3531,5.2962,-0.309
8.8042,-0.44477,-0.246
-3.3361,-5.6512,0.39
2.3214,-11.426,0.328
2.931,0.58761,0.061
8.3481,-4.9158,0.258
5.8199,-12.369,3.01
12.071,-5.9982,2.867
10.83,-10.84,2.885
11.662,-12.059,-3.126
10.764,-8.3514,-5.654
8.3394,-12.284,-5.782
10.759,-8.4936,-0.288
8.391,-12.407,-0.514
-12.398,5.6368,9.0308
-6.409,0.0082774,8.8788
-6.387,11.999,8.9518
-0.30592,6.414,8.9638
-11.157,10.76,8.9768
-5.6283,4.6441,8.9388
0.7512,11.265,9.2488
-12.792,2.5885,6.4378
-6.392,8.7071,6.4458
-8.8994,4.6214,6.4158
-2.6903,11.006,6.1738
-10.888,8.2114,12.281
-5.2931,2.5015,12.275
1.1698,8.6675,12.447
-12.598,2.3191,11.859
-6.6345,8.531,11.717
-8.7834,4.6554,11.691
-2.6054,10.965,11.857
-9.0882,-0.016471,12.431
-8.4787,11.997,12.164
-3.0615,6.4939,12.361
-0.98853,-5.7728,9.0308
5.0007,-11.401,8.8788
5.0226,0.58902,8.9518
11.104,-4.9957,8.9638
0.25244,-0.64983,8.9768
5.7813,-6.7656,8.9388
6.4467,5.4949,9.0528
12.161,-0.14425,9.2488
-6.7408,-3.1332,6.3038
-1.3824,-8.8212,6.4378
-0.64559,3.0582,6.4488
5.0176,-2.7026,6.4458
-3.0703,-0.87398,6.3208
2.5102,-6.7882,6.4158
3.0738,5.6717,6.2568
8.7193,-0.40376,6.1738
0.52114,-3.1982,12.281
6.1165,-8.9081,12.275
6.5422,2.9571,12.364
12.579,-2.7422,12.447
-6.6624,-3.38,11.705
-1.1879,-9.0906,11.859
-0.65054,2.9161,11.815
4.7751,-2.8786,11.717
-3.0186,-0.99773,11.589
2.6262,-6.7543,11.691
3.3531,5.2962,11.794
8.8042,-0.44477,11.857
-3.3361,-5.6512,12.493
2.3214,-11.426,12.431
2.931,0.58761,12.164
8.3481,-4.9158,12.361
11.662,-12.059,8.9768
10.764,-8.3514,6.4488
8.3394,-12.284,6.3208
10.759,-8.4936,11.815
8.391,-12.407,11.589
-0.0097156,12.605,-9.0118
3.1885,12.755,-6.3448
3.4091,12.481,-11.775
6.9077,11.538,-9.0928
12.992,5.9687,-9.0538
5.6914,6.738,-9.1998
11.4,1.195,-9.0118
11.918,13.067,-9.2178
13.003,9.4123,-6.4888
9.0325,6.8858,-6.4178
13.018,9.2991,-11.925
5.835,9.1174,-12.501
11.309,3.4068,-12.347
9.4787,11.5,-12.617
9.1612,6.8462,-11.713
6.0884,12.506,-3.224
-0.0097149,12.605,3.091
3.1885,12.755,5.758
3.4091,12.481,0.328
11.509,6.7246,-3.072
6.9077,11.538,3.01
12.992,5.9687,3.049
5.6914,6.738,2.903
11.4,1.195,3.091
11.918,13.067,2.885
12.75,11.848,-3.126
5.7565,9.3642,-5.799
11.115,3.6762,-5.665
13.003,9.4123,5.614
9.0325,6.8858,5.685
9.4271,11.623,-5.782
13.018,9.2991,0.178
5.835,9.1174,-0.398
11.309,3.4068,-0.244
9.4787,11.5,-0.514
9.1612,6.8462,0.39
6.0884,12.506,8.8788
3.4091,12.481,12.431
11.509,6.7246,9.0308
12.75,11.848,8.9768
5.7565,9.3642,6.3038
11.115,3.6762,6.4378
9.4271,11.623,6.3208
13.018,9.2991,12.281
5.835,9.1174,11.705
11.309,3.4068,11.859
9.4787,11.5,11.589
9.1612,6.8462,12.493
0,0,0
0.29345,5.8527,0.067
5.9355,0.02687,-0.029
-5.9687,-0.51124,0.147
-0.29133,-0.097581,6.0158
-0.45396,-6.0443,-0.261
-0.29133,-0.097581,-6.087
5.5133,-5.7155,-0.07
5.5791,0.3083,5.959
-5.8963,5.6941,-0.070001
5.5791,0.3083,-6.1438
-0.24042,-6.0472,5.797
0.08228,6.0201,-5.975
0.08228,6.0201,6.1278
6.2239,6.091,-0.139
-0.24042,-6.0472,-6.3058
-6.3743,-0.11547,6.006
-6.3743,-0.11546,-6.0968
-6.2735,-6.4064,-0.139
5.4136,-5.7078,-5.908
5.4136,-5.7078,6.1948
-5.996,5.7019,-5.908
-5.996,5.7019,6.1948
-6.3922,-6.0613,5.877
6.1051,6.4361,5.877
-6.3922,-6.0613,-6.2258
6.1051,6.4361,-6.2258
0.40472,11.594,0.022999
11.814,0.18385,0.023
-7.0711e-07,7.0711e-07,-12.103
7.0711e-07,-7.0711e-07,12.103
-12.093,-0.90386,0.022999
-0.68299,-12.314,0.023
-5.4742,11.437,-0.029001
11.447,0.74388,5.865
11.703,-5.5569,0.067001
-11.864,5.3653,-0.261
11.447,0.74388,-6.2378
5.4409,-11.921,0.147
-1.0507,-11.754,5.865
-0.45396,-6.0443,11.842
-1.0507,-11.754,-6.2378
-5.9687,-0.51124,-11.956
0.29345,5.8527,-12.036
5.9355,0.026869,12.074
0.037025,12.154,5.865
5.9355,0.026871,-12.132
0.29345,5.8527,12.17
-5.9687,-0.51124,12.25
6.5286,11.986,0.147
0.037024,12.154,-6.2378
12.043,6.453,-0.261
-0.45396,-6.0443,-12.364
-12.46,-0.34384,5.865
-12.204,-6.6447,0.067
5.0353,-11.525,6.006
-12.46,-0.34383,-6.2378
5.0353,-11.525,-6.0968
11.492,-5.3896,-5.975
-11.65,5.3625,5.797
-6.5619,-12.471,-0.029
11.492,-5.3896,6.1278
-11.65,5.3625,-6.3058
-5.8305,11.718,5.959
5.5133,-5.7155,12.033
-5.8305,11.718,-6.1438
5.5133,-5.7155,-12.173
-5.8963,5.6941,12.033
-5.8963,5.6941,-12.173
6.2239,6.091,11.964
-6.2735,-6.4064,11.964
12.257,6.4502,5.797
6.2239,6.091,-12.242
6.123,12.382,6.006
6.123,12.382,-6.0968
-6.2735,-6.4064,-12.242
12.257,6.4502,-6.3058
-12.415,-6.4773,-5.975
-6.9183,-12.189,5.959
-12.415,-6.4773,6.1278
-6.9183,-12.189,-6.1438
-11.41,11.41,-1e-06
11.41,-11.41,1e-06
0.40472,11.594,-12.08
0.40472,11.594,12.126
11.814,0.18385,-12.08
11.814,0.18385,12.126
11.118,-11.507,6.0158
-12.093,-0.90386,-12.08
11.118,-11.507,-6.087
-12.093,-0.90386,12.126
-0.683,-12.314,-12.08
-0.68299,-12.314,12.126
-11.701,11.312,6.0158
-11.701,11.312,-6.087
-5.4742,11.437,12.074
-5.4742,11.437,-12.132
-11.864,5.3653,11.842
-12.497,-12.497,1.9594e-21
12.497,12.497,-1.9594e-21
11.703,-5.5569,-12.036
5.4409,-11.921,-11.956
11.703,-5.5569,12.17
5.4409,-11.921,12.25
-11.864,5.3653,-12.364
12.043,6.453,11.842
6.5286,11.986,-11.956
6.5286,11.986,12.25
-12.204,-6.6447,-12.036
12.206,12.4,6.0158
12.043,6.453,-12.364
12.206,12.4,-6.087
-12.204,-6.6447,12.17
-6.5619,-12.471,12.074
-6.5619,-12.471,-12.132
-12.789,-12.595,6.0158
-12.789,-12.595,-6.087
11.41,-11.41,-12.103
-11.41,11.41,12.103
-11.41,11.41,-12.103
11.41,-11.41,12.103
-12.497,-12.497,-12.103
12.497,12.497,12.103
-12.497,-12.497,12.103
12.497,12.497,-12.103
