-9.4334,-3.9053,-9.0838
-9.8365,-9.821,-8.9258
-3.7839,-9.6638,-9.0538
-9.4334,-3.9053,3.019
-8.9349,-9.075,-2.9
-9.8365,-9.821,3.177
-3.7839,-9.6638,3.049
-8.9349,-9.075,9.2028
-8.923,8.0716,-9.0508
-3.1749,2.3815,-9.0638
3.0639,8.5921,-9.0838
-9.2447,2.1623,-8.9398
-3.4896,-3.6296,-8.9418
-2.9734,8.4153,-9.1698
2.6608,2.6764,-8.9258
2.4866,-3.338,-9.0508
8.2347,-9.0281,-9.0638
8.7134,2.8336,-9.0538
2.1649,-9.2473,-8.9398
8.4362,-2.9944,-9.1698
-8.2347,8.8669,-2.9
-8.923,8.0716,3.052
-3.1749,2.3815,3.039
3.0639,8.5921,3.019
-8.8204,-3.1198,-3
-3.066,-8.7865,-3.068
-2.5343,3.0943,-2.997
3.1749,-2.5428,-2.9
-8.4718,2.733,-3.055
-2.7415,-2.8574,-2.882
-2.1934,9.0312,-2.862
3.5624,3.4224,-2.9
-9.2447,2.1623,3.163
-3.4896,-3.6296,3.161
-2.9734,8.4153,2.933
2.6608,2.6764,3.177
2.4866,-3.338,3.052
8.2347,-9.0281,3.039
8.7134,2.8336,3.049
8.8753,-8.3154,-2.997
2.9378,-8.6767,-3.055
9.2162,-2.3785,-2.862
2.1649,-9.2473,3.163
8.4362,-2.9944,2.933
-8.2347,8.8669,9.2028
-8.8204,-3.1198,9.1028
-3.066,-8.7865,9.0348
-2.5343,3.0943,9.1058
3.1749,-2.5428,9.2028
-8.4718,2.733,9.0478
-2.7415,-2.8574,9.2208
-2.1934,9.0312,9.2408
3.5624,3.4224,9.2028
8.8753,-8.3154,9.1058
2.9378,-8.6767,9.0478
9.2162,-2.3785,9.2408
9.0078,8.8678,-8.9418
3.6769,9.3776,-3
9.4313,3.7109,-3.068
9.7559,9.64,-2.882
9.0078,8.8678,3.161
3.6769,9.3776,9.1028
9.4313,3.7109,9.0348
9.7559,9.64,9.2208
-8.4265,-9.3232,-8.9538
-9.4172,-4.4901,-2.972
-8.4265,-9.3232,3.149
-10.332,-9.6067,-2.901
-3.6602,-10.155,-2.98
-9.4172,-4.4901,9.1308
-10.332,-9.6067,9.2018
-3.6602,-10.155,9.1228
-8.3521,9.4538,-9.0178
-8.79,-2.5576,-9.0048
-3.1325,-8.317,-9.0538
-2.5519,3.7385,-8.9878
3.0575,-1.9559,-9.0178
-7.8333,2.6517,-9.0108
-2.1326,-3.0137,-9.0358
-1.5747,8.9216,-9.0378
4.0708,3.1742,-8.9538
8.8577,-7.6712,-8.9878
3.5763,-8.758,-9.0108
9.8349,-2.4881,-9.0378
-8.3521,9.4538,3.085
-8.86,7.5095,-2.934
-3.2032,1.7579,-3.035
3.0802,8.0073,-2.972
-8.79,-2.5576,3.098
-3.1325,-8.317,3.049
-2.5519,3.7385,3.115
3.0575,-1.9559,3.085
-7.8333,2.6517,3.092
-2.1326,-3.0137,3.067
-1.5747,8.9216,3.065
4.0708,3.1742,3.149
-9.8931,2.279,-2.989
-4.1486,-3.3566,-2.955
-3.6034,8.5334,-2.882
2.1652,2.8907,-2.901
2.5496,-3.9002,-2.934
8.2064,-9.6518,-3.035
8.8372,2.3421,-2.98
8.8577,-7.6712,3.115
3.5763,-8.758,3.092
9.8349,-2.4881,3.065
1.5165,-9.1307,-2.989
7.8062,-2.8763,-2.882
-8.86,7.5095,9.1688
-3.2032,1.7579,9.0678
3.0802,8.0073,9.1308
-9.8931,2.279,9.1138
-4.1486,-3.3566,9.1478
-3.6034,8.5334,9.2208
2.1652,2.8907,9.2018
2.5496,-3.9002,9.1688
8.2064,-9.6518,9.0678
8.8372,2.3421,9.1228
1.5165,-9.1307,9.1138
7.8062,-2.8763,9.2208
3.7073,9.9398,-9.0048
9.3649,4.1804,-9.0538
10.365,9.4837,-9.0358
3.7073,9.9398,3.098
9.3649,4.1804,3.049
10.365,9.4837,3.067
8.3487,9.1407,-2.955
8.3487,9.1407,9.1478
-11.502,-6.8957,-9.2158
-12.844,-12.058,-9.2618
-11.307,-3.614,-6.2888
-5.7275,-9.4031,-6.2298
-9.6046,-11.872,-6.2398
-11.396,-3.6783,-11.835
-5.7119,-9.3607,-11.874
-13.118,-9.6322,-12.278
-9.1075,-7.0993,-12.218
-9.4426,-11.589,-11.76
-5.8366,-12.637,-8.9508
-3.4912,-12.89,-12.234
-13.042,-6.4233,-3.167
-7.2902,-11.976,-2.932
-11.502,-6.8957,2.887
-12.844,-12.058,2.841
-12.243,-13.17,-3.206
-11.621,-1.2155,-3.135
-5.9785,-6.878,-3.164
-13.069,-9.5396,-5.794
-11.307,-3.614,5.814
-5.7275,-9.4031,5.873
-9.6046,-11.872,5.863
-9.35,-7.3277,-5.747
-11.396,-3.6783,0.268
-5.7119,-9.3607,0.229
-13.118,-9.6322,-0.175
-9.1075,-7.0993,-0.115
-9.4426,-11.589,0.343
-5.8366,-12.637,3.152
-0.21161,-12.625,-3.135
-3.5888,-12.986,-5.649
-3.4912,-12.89,-0.131
-13.042,-6.4233,8.9358
-7.2902,-11.976,9.1708
-12.243,-13.17,8.8968
-11.621,-1.2155,8.9678
-5.9785,-6.878,8.9388
-13.069,-9.5396,6.3088
-9.35,-7.3277,6.3558
-11.396,-3.6783,12.371
-5.7119,-9.3607,12.332
-13.118,-9.6322,11.928
-9.1075,-7.0993,11.988
-9.4426,-11.589,12.446
-0.21161,-12.625,8.9678
-3.5888,-12.986,6.4538
-3.4912,-12.89,11.972
-11.756,11.849,-9.2618
-10.898,8.314,-6.2508
-8.5168,12.035,-6.2398
-10.84,8.2496,-11.864
-8.3549,12.318,-11.76
-11.012,5.0791,-9.0328
-5.1958,-0.70286,-8.9688
-4.7489,11.27,-8.9508
0.99561,5.6017,-9.2158
-12.268,-0.06081,-9.2008
-6.516,-5.7863,-9.2418
-6.0535,6.2374,-8.9938
-0.34648,0.43982,-9.2618
-5.1407,2.5739,-6.2748
0.51194,-3.0957,-6.2508
1.1901,8.8834,-6.2888
6.7698,3.0943,-6.2298
-9.0701,0.21001,-6.1688
-3.4111,-5.6187,-6.2258
-2.8199,6.5634,-6.3348
2.8928,0.62579,-6.2398
-5.094,2.6616,-11.779
0.56922,-3.1601,-11.864
1.1017,8.819,-11.835
6.7854,3.1367,-11.874
-12.528,2.3059,-12.406
-6.7854,-3.3276,-12.314
-6.2897,8.6812,-12.231
-0.62084,2.8652,-12.278
-8.5857,4.5962,-12.354
-2.9281,-0.83934,-12.331
-2.4035,11.017,-12.234
3.3899,5.3981,-12.218
-8.9803,0.18385,-11.735
-3.1841,-5.4341,-11.762
-2.6495,6.4566,-11.895
3.0547,0.90793,-11.76
0.39785,-6.3305,-9.0328
6.2138,-12.113,-8.9688
6.6607,-0.1398,-8.9508
12.405,-5.808,-9.2158
-0.85868,-11.47,-9.2008
5.3561,-5.1723,-8.9938
11.063,-10.97,-9.2618
6.269,-8.8358,-6.2748
12.6,-2.5263,-6.2888
2.3396,-11.2,-6.1688
8.5897,-4.8463,-6.3348
6.3156,-8.7481,-11.779
12.511,-2.5906,-11.835
-1.1182,-9.1038,-12.406
5.1199,-2.7285,-12.231
10.789,-8.5445,-12.278
2.8239,-6.8135,-12.354
8.4815,-12.249,-12.331
9.0062,-0.39224,-12.234
2.4294,-11.226,-11.735
8.7601,-4.9531,-11.895
-12.487,5.5881,-2.946
-6.2025,11.932,-2.932
-11.756,11.849,2.841
-11.156,10.737,-3.206
-10.898,8.314,5.852
-8.5168,12.035,5.863
-10.84,8.2496,0.239
-8.3549,12.318,0.343
-6.7416,-0.17112,-2.902
-1.0769,-5.8216,-2.946
-0.54447,6.074,-3.167
5.2071,0.52184,-2.932
-11.012,5.0791,3.07
-5.1958,-0.70286,3.134
-4.7489,11.27,3.152
0.99561,5.6017,2.887
-12.268,-0.060811,2.902
-6.516,-5.7863,2.861
-6.0535,6.2374,3.109
-0.34648,0.43982,2.841
-5.4313,4.9476,-2.975
0.25385,-0.67246,-3.206
0.87611,11.282,-3.135
6.5188,5.6194,-3.164
-12.57,2.3943,-5.791
-6.8809,-3.3793,-5.797
-6.2685,8.5553,-5.615
-0.57205,2.9578,-5.794
-5.1407,2.5739,5.828
0.51195,-3.0957,5.852
1.1901,8.8834,5.814
6.7698,3.0943,5.873
-9.0701,0.21001,5.934
-3.4111,-5.6187,5.877
-2.8199,6.5634,5.768
2.8928,0.62579,5.863
-8.7434,4.7058,-5.799
-3.0787,-1.0253,-5.753
-2.501,10.921,-5.649
3.1473,5.1697,-5.747
-5.094,2.6615,0.324
0.56922,-3.1601,0.239
1.1017,8.819,0.268
6.7854,3.1367,0.229
-12.528,2.3059,-0.303
-6.7854,-3.3276,-0.211
-6.2897,8.6811,-0.128
-0.62084,2.8652,-0.175
-8.5857,4.5962,-0.251
-2.9281,-0.83934,-0.228
-2.4035,11.017,-0.131
3.3899,5.3981,-0.115
-8.9803,0.18385,0.368
-3.1841,-5.4341,0.341
-2.6495,6.4566,0.208
3.0547,0.90793,0.343
4.6681,-11.581,-2.902
10.865,-5.3356,-3.167
0.39785,-6.3305,3.07
6.2138,-12.113,3.134
6.6607,-0.1398,3.152
12.405,-5.808,2.887
-0.85868,-11.47,2.902
5.3561,-5.1723,3.109
11.063,-10.97,2.841
5.9783,-6.462,-2.975
11.663,-12.082,-3.206
12.286,-0.12778,-3.135
-1.1599,-9.0154,-5.791
5.1411,-2.8544,-5.615
10.838,-8.4518,-5.794
6.269,-8.8358,5.828
12.6,-2.5263,5.814
2.3396,-11.2,5.934
8.5897,-4.8463,5.768
2.6662,-6.7039,-5.799
8.3309,-12.435,-5.753
8.9086,-0.4884,-5.649
6.3156,-8.7481,0.324
12.511,-2.5906,0.268
-1.1182,-9.1038,-0.303
5.1199,-2.7285,-0.128
10.789,-8.5445,-0.175
2.8239,-6.8135,-0.251
8.4815,-12.249,-0.228
9.0062,-0.39224,-0.131
2.4294,-11.226,0.368
8.7601,-4.9531,0.208
-12.487,5.5881,9.1568
-6.2025,11.932,9.1708
-11.156,10.737,8.8968
-10.84,8.2496,12.342
-8.3549,12.318,12.446
-6.7416,-0.17112,9.2008
-1.0769,-5.8216,9.1568
-0.54447,6.074,8.9358
5.2071,0.52184,9.1708
-5.4313,4.9476,9.1278
0.25385,-0.67246,8.8968
0.87611,11.282,8.9678
6.5188,5.6194,8.9388
-12.57,2.3943,6.3118
-6.8809,-3.3793,6.3058
-6.2685,8.5553,6.4878
-0.57205,2.9578,6.3088
-8.7434,4.7058,6.3038
-3.0787,-1.0253,6.3498
-2.501,10.921,6.4538
3.1473,5.1697,6.3558
-5.094,2.6615,12.427
0.56922,-3.1601,12.342
1.1017,8.819,12.371
6.7854,3.1367,12.332
-12.528,2.3059,11.8
-6.7854,-3.3276,11.892
-6.2897,8.6811,11.975
-0.62084,2.8652,11.928
-8.5857,4.5962,11.852
-2.9281,-0.83934,11.875
-2.4035,11.017,11.972
3.3899,5.3981,11.988
-8.9803,0.18385,12.471
-3.1841,-5.4341,12.444
-2.6495,6.4566,12.311
3.0547,0.90792,12.446
4.6681,-11.581,9.2008
10.865,-5.3356,8.9358
5.9783,-6.462,9.1278
11.663,-12.082,8.8968
12.286,-0.12778,8.9678
-1.1599,-9.0154,6.3118
5.1411,-2.8544,6.4878
10.838,-8.4518,6.3088
2.6662,-6.7039,6.3038
8.3309,-12.435,6.3498
8.9086,-0.4884,6.4538
6.3156,-8.7481,12.427
12.511,-2.5906,12.371
-1.1182,-9.1038,11.8
5.1199,-2.7285,11.975
10.789,-8.5445,11.928
2.8239,-6.8135,11.852
8.4815,-12.249,11.875
9.0062,-0.39224,11.972
2.4294,-11.226,12.471
8.7601,-4.9531,12.311
7.3015,11.795,-8.9688
0.22903,12.437,-9.2008
5.9813,6.7111,-9.2418
12.151,12.937,-9.2618
13.009,9.4017,-6.2508
3.4273,12.707,-6.1688
9.0863,6.8787,-6.2258
13.067,9.3373,-11.864
5.7119,9.1697,-12.314
9.5692,11.658,-12.331
3.5171,12.681,-11.735
9.3132,7.0633,-11.762
12.895,6.1669,-9.0328
11.639,1.0269,-9.2008
11.379,3.3936,-12.406
5.7558,12.326,-2.902
11.42,6.6758,-2.946
7.3015,11.795,3.134
0.22903,12.437,2.902
5.9813,6.7111,2.861
12.151,12.937,2.841
12.751,11.825,-3.206
5.6165,9.1181,-5.797
13.009,9.4017,5.852
3.4273,12.707,5.934
9.0863,6.8787,5.877
9.4186,11.472,-5.753
13.067,9.3373,0.239
5.7119,9.1697,-0.211
9.5692,11.658,-0.228
3.5171,12.681,0.368
9.3132,7.0633,0.341
12.895,6.1669,3.07
11.639,1.0269,2.902
11.337,3.482,-5.791
11.379,3.3936,-0.303
5.7558,12.326,9.2008
11.42,6.6758,9.1568
12.751,11.825,8.8968
5.6165,9.1181,6.3058
9.4186,11.472,6.3498
13.067,9.3373,12.342
5.7119,9.1697,11.892
9.5692,11.658,11.875
3.5171,12.681,12.471
9.3132,7.0633,12.444
11.337,3.482,6.3118
11.379,3.3936,11.8
0,0,0
0.26658,5.9517,0.057
5.956,0.20435,0.081
-0.36204,-6.0189,0.019
-0.032528,-0.19092,-6.0388
-0.032527,-0.19092,6.064
-6.1108,-0.42002,0.04
-5.8209,5.4985,-0.004
5.5887,-5.9112,-0.003999
0.28638,5.8061,-5.964
0.28638,5.8061,6.1388
-5.9284,-0.36062,6.04
5.9847,0.17133,-5.997
-5.9284,-0.36062,-6.0628
5.9847,0.17133,6.1058
-0.15016,-6.1587,-6.016
-0.15016,-6.1587,6.0868
6.2119,6.1129,-0.006
-6.2854,-6.3844,-0.006
-5.5706,5.7092,-6.0428
-5.5706,5.7092,6.06
5.839,-5.7005,-6.0428
5.839,-5.7005,6.06
6.2274,6.1836,6.044
6.2274,6.1836,-6.0588
-6.2699,-6.3138,6.044
-6.2699,-6.3138,-6.0588
11.893,0.52768,-0.004999
0.48359,11.937,-0.005
-0.60412,-11.97,-0.004999
-12.014,-0.56003,-0.005
-7.0711e-07,7.0711e-07,-12.103
7.0711e-07,-7.0711e-07,12.103
-5.4537,11.614,0.080999
11.676,-5.458,0.057001
-11.772,5.3908,0.018999
5.2988,-11.83,0.040001
0.52326,11.759,-6.0418
0.52326,11.759,6.061
11.933,0.34952,-6.0418
11.933,0.34952,6.061
5.956,0.20435,-12.022
-11.974,-0.73819,-6.0418
0.26658,5.9517,-12.046
-11.974,-0.73819,6.061
-0.36204,-6.0189,-12.084
-6.1108,-0.42002,-12.063
-0.36204,-6.0189,12.122
0.26658,5.9517,12.16
5.956,0.20435,12.184
-0.56446,-12.148,-6.0418
-0.56446,-12.148,6.061
-6.1108,-0.42002,12.143
6.3865,12.077,0.04
12.135,6.4785,0.019
-12.231,-6.5457,0.057
-6.5414,-12.293,0.081
-11.56,5.251,-6.016
-11.56,5.251,6.0868
-5.4249,11.581,-5.997
-5.4249,11.581,6.1058
11.696,-5.6036,-5.964
5.4812,-11.77,6.04
5.4812,-11.77,-6.0628
11.696,-5.6036,6.1388
-5.8209,5.4985,12.099
-5.8209,5.4985,-12.107
5.5887,-5.9112,12.099
5.5887,-5.9112,-12.107
6.2119,6.1129,12.097
6.2119,6.1129,-12.109
-6.2854,-6.3844,12.097
-6.2854,-6.3844,-12.109
6.569,12.137,6.04
6.569,12.137,-6.0628
12.347,6.3387,-6.016
-12.211,-6.6913,-5.964
12.347,6.3387,6.0868
-6.5126,-12.326,-5.997
-12.211,-6.6913,6.1388
-6.5126,-12.326,6.1058
-11.41,11.41,-1e-06
11.41,-11.41,1e-06
11.893,0.52768,12.098
11.893,0.52768,-12.108
0.48359,11.937,12.098
0.48359,11.937,-12.108
-0.60412,-11.97,12.098
-0.60413,-11.97,-12.108
-12.014,-0.56003,12.098
-12.014,-0.56003,-12.108
-11.442,11.219,-6.0388
-11.442,11.219,6.064
11.377,-11.601,-6.0388
11.377,-11.601,6.064
-5.4537,11.614,-12.022
11.676,-5.4579,-12.046
-12.497,-12.497,1.9594e-21
12.497,12.497,-1.9594e-21
-5.4537,11.614,12.184
5.2988,-11.83,-12.063
-11.772,5.3908,-12.084
11.676,-5.458,12.16
-11.772,5.3908,12.122
5.2988,-11.83,12.143
6.3865,12.077,-12.063
6.3865,12.077,12.143
12.135,6.4785,-12.084
12.135,6.4785,12.122
-12.231,-6.5457,-12.046
-6.5414,-12.293,-12.022
-12.231,-6.5457,12.16
-6.5414,-12.293,12.184
12.465,12.306,-6.0388
12.465,12.306,6.064
-12.53,-12.688,-6.0388
-12.53,-12.688,6.064
-11.41,11.41,12.103
11.41,-11.41,-12.103
-11.41,11.41,-12.103
11.41,-11.41,12.103
-12.497,-12.497,-12.103
12.497,12.497,12.103
-12.497,-12.497,12.103
12.497,12.497,-12.103
