-9.995,-3.7131,-9.4094
-4.1013,-9.8939,-9.4994
-10.607,-10.093,-9.4884
-9.995,-3.7131,3.485
-4.1013,-9.8939,3.395
-9.6804,-9.5178,-3.296
-10.607,-10.093,3.406
-9.6804,-9.5178,9.5984
-3.5535,2.8803,-9.5394
-9.6459,8.7196,-9.5164
-9.8227,2.5522,-9.6764
-3.405,9.3744,-9.5854
8.6713,-9.3444,-9.5394
2.5788,-3.5051,-9.5164
3.1155,9.3975,-9.4094
9.0092,3.2166,-9.4994
-3.8233,-3.7328,-9.6544
2.402,-9.6725,-9.6764
2.5039,3.0172,-9.4884
8.8197,-2.8503,-9.5854
-3.5535,2.8803,3.355
-9.6459,8.7196,3.378
-9.6162,-3.0268,-2.994
-8.9904,9.945,-3.345
-9.0838,3.3477,-2.99
-2.5409,9.8227,-3.019
-9.8227,2.5522,3.218
-3.405,9.3744,3.309
8.6713,-9.3444,3.355
2.5788,-3.5051,3.378
3.1155,9.3974,3.485
9.0092,3.2166,3.395
-3.4182,-9.0199,-3.081
3.2343,-2.2797,-3.345
-2.6517,3.4804,-3.098
-3.0971,-2.9204,-2.926
3.141,-8.877,-2.99
3.4302,3.5928,-3.296
9.6838,-2.402,-3.019
-3.8233,-3.7328,3.24
2.402,-9.6725,3.218
2.5039,3.0172,3.406
8.8197,-2.8503,3.309
9.5731,-8.7444,-3.098
-9.6162,-3.0268,9.9004
-8.9904,9.945,9.5494
-9.0838,3.3477,9.9044
-2.5409,9.8227,9.8754
-3.4182,-9.0199,9.8134
3.2343,-2.2797,9.5494
-2.6517,3.4804,9.7964
-3.0971,-2.9204,9.9684
3.141,-8.877,9.9044
3.4302,3.5928,9.5984
9.6838,-2.402,9.8754
9.5731,-8.7444,9.7964
9.2872,9.3777,-9.6544
3.4943,10.084,-2.994
9.6924,4.0907,-3.081
10.013,10.19,-2.926
9.2872,9.3777,3.24
3.4943,10.084,9.9004
9.6924,4.0907,9.8134
10.013,10.19,9.9684
-9.138,-9.79,-9.5334
-10.333,-4.3382,-3.039
-3.962,-10.409,-3.038
-9.138,-9.79,3.361
-11.113,-9.9448,-3.206
-10.333,-4.3382,9.8554
-3.962,-10.409,9.8564
-11.113,-9.9448,9.6884
-9.4982,-2.3332,-9.6844
-9.1665,10.137,-9.5344
-3.2268,4.3398,-9.6114
-8.4955,3.219,-9.5004
-2.1018,10.105,-9.5014
-3.5164,-8.5242,-9.6384
3.0582,-2.0881,-9.5344
8.9979,-7.8849,-9.6114
-2.4735,-3.206,-9.2864
3.7293,-9.0057,-9.5004
3.9725,3.3206,-9.5334
10.123,-2.1199,-9.5014
-9.3242,8.4997,-3.174
-9.4982,-2.3332,3.21
-9.1665,10.137,3.36
-3.2268,4.3398,3.283
-8.4955,3.219,3.394
-2.1018,10.105,3.393
-10.458,2.7736,-2.883
-3.9375,9.2846,-3.013
-3.2718,2.1192,-2.977
2.9006,-3.725,-3.174
2.7775,8.7724,-3.039
9.1485,2.7011,-3.038
-3.5164,-8.5242,3.256
3.0582,-2.0881,3.36
8.9979,-7.8849,3.283
-2.4735,-3.206,3.608
3.7293,-9.0057,3.394
3.9725,3.3206,3.361
10.123,-2.1199,3.393
-4.394,-3.6161,-3.192
1.7664,-9.4512,-2.883
1.9976,3.1657,-3.206
8.2873,-2.9401,-3.013
8.953,-10.106,-2.977
-9.3242,8.4997,9.7204
-10.458,2.7736,10.011
-3.9375,9.2846,9.8814
-3.2718,2.1192,9.9174
2.9006,-3.725,9.7204
2.7775,8.7724,9.8554
9.1485,2.7011,9.8564
-4.394,-3.6161,9.7024
1.7664,-9.4512,10.011
1.9976,3.1657,9.6884
8.2873,-2.9402,9.8814
8.953,-10.106,9.9174
3.6124,10.777,-9.6844
9.5941,4.5864,-9.6384
10.637,9.9045,-9.2864
3.6124,10.777,3.21
9.5941,4.5864,3.256
10.637,9.9045,3.608
8.7166,9.4944,-3.192
8.7166,9.4944,9.7024
-12.093,-3.2702,-6.5524
-12.127,-3.6244,-12.402
-12.337,-6.9304,-9.6354
-6.4425,-13.248,-9.6224
-13.801,-12.495,-9.4784
-6.1413,-9.609,-6.6154
-10.274,-12.116,-6.5754
-6.2877,-9.7667,-12.387
-13.719,-9.8918,-12.873
-9.9243,-7.3491,-13.305
-3.7315,-13.28,-13.018
-10.138,-12.337,-12.326
-13.742,-6.3631,-3.091
-12.093,-3.2702,6.342
-12.127,-3.6244,0.492
-7.5676,-12.517,-3.135
-12.337,-6.9304,3.259
-6.4425,-13.248,3.272
-13.801,-12.495,3.416
-12.972,-13.69,-3.036
-6.4334,-7.2211,-2.964
-13.905,-9.6549,-6.215
-6.1413,-9.609,6.279
-10.274,-12.116,6.319
-10.045,-7.4113,-6.128
-3.8984,-13.429,-5.9
-6.2877,-9.7667,0.507
-13.719,-9.8918,0.021
-9.9243,-7.3491,-0.411
-3.7315,-13.28,-0.124
-10.138,-12.337,0.568
-13.742,-6.3631,9.8034
-12.127,-3.6244,13.386
-7.5676,-12.517,9.7594
-12.972,-13.69,9.8584
-6.4334,-7.2211,9.9304
-13.905,-9.6549,6.6794
-10.045,-7.4113,6.7664
-3.8984,-13.429,6.9944
-6.2877,-9.7667,13.401
-13.719,-9.8918,12.915
-9.9243,-7.3491,12.483
-3.7315,-13.28,12.77
-10.138,-12.337,13.462
-11.873,5.4874,-9.3034
-5.5567,12.088,-9.6224
-13.24,0.40759,-9.3364
-12.916,12.841,-9.4784
-6.7397,6.7864,-9.6594
-11.626,9.3178,-6.4084
-5.7858,2.857,-6.7234
1.0179,9.8404,-6.5524
-9.7513,0.47123,-6.5574
-9.3878,13.219,-6.5754
-3.3088,7.2191,-6.5334
-11.943,9.052,-12.154
-5.6649,2.9129,-12.428
0.98329,9.4861,-12.402
-13.41,2.8259,-13.126
-7.1817,9.3143,-13.123
-9.344,5.4394,-12.988
-2.8457,12.055,-13.018
-9.6148,0.40971,-12.525
-9.2521,12.998,-12.326
-2.9758,7.4037,-12.354
-5.8662,-0.7863,-9.4564
0.35214,-6.7373,-9.3034
0.77357,6.1801,-9.6354
6.668,-0.13718,-9.6224
-7.081,-5.6371,-9.4344
-1.0154,-11.817,-9.3364
-0.69084,0.61589,-9.4784
5.485,-5.4384,-9.6594
0.59892,-2.9069,-6.4084
6.4389,-9.3677,-6.7234
6.9692,3.5016,-6.6154
13.243,-2.3844,-6.5524
-3.6034,-5.7064,-6.5754
2.4735,-11.754,-6.5574
2.8369,0.99419,-6.5754
8.9159,-5.0056,-6.5334
0.28214,-3.1728,-12.154
6.5598,-9.3119,-12.428
6.8229,3.3439,-12.387
13.208,-2.7386,-12.402
-7.3553,-3.4139,-13.094
-1.1851,-9.3989,-13.126
-0.60811,3.2188,-12.873
5.0431,-2.9105,-13.123
-3.2725,-0.92772,-12.834
2.8808,-6.7854,-12.988
3.1862,5.7615,-13.305
9.3791,-0.1697,-13.018
-3.508,-5.7551,-12.476
2.6099,-11.815,-12.525
2.9727,0.77358,-12.326
9.249,-4.8211,-12.354
6.3586,-13.011,-9.4564
12.998,-6.0446,-9.6354
11.534,-11.609,-9.4784
11.617,-9.006,-12.873
8.9523,-13.152,-12.834
-12.892,6.7228,-3.051
-7.1682,0.33758,-2.994
-6.6817,12.818,-3.135
-0.63103,6.7475,-3.091
-11.873,5.4874,3.591
-5.5567,12.088,3.272
-13.24,0.40759,3.558
-12.916,12.841,3.416
-6.7397,6.7864,3.235
-12.086,11.645,-3.036
-5.7052,5.4747,-3.006
-12.307,-0.75773,-3.039
-13.533,2.9532,-5.783
-6.7242,9.4748,-6.192
-11.626,9.3178,6.486
-5.7858,2.857,6.171
1.0179,9.8404,6.342
-9.7513,0.47123,6.337
-9.3878,13.219,6.319
-3.3088,7.2191,6.361
-9.4508,5.4655,-5.7
-3.0126,11.907,-5.9
-11.943,9.052,0.74
-5.6649,2.9129,0.466
0.98329,9.4861,0.492
-13.41,2.8259,-0.232
-7.1817,9.3143,-0.229
-9.344,5.4394,-0.094
-2.8457,12.055,-0.124
-9.6148,0.40971,0.369
-9.2521,12.998,0.568
-2.9758,7.4037,0.54
-0.6668,-5.502,-3.051
5.0565,-11.887,-2.994
5.543,0.59326,-3.135
11.594,-5.4772,-3.091
-5.8662,-0.7863,3.438
0.35214,-6.7373,3.591
0.77357,6.1801,3.259
6.668,-0.13718,3.272
-7.081,-5.6371,3.46
-1.0154,-11.817,3.558
-0.69084,0.61589,3.416
5.485,-5.4384,3.235
0.13859,-0.57983,-3.036
6.5195,-6.75,-3.006
6.6772,5.8895,-2.964
-0.082024,-12.982,-3.039
-7.4692,-3.3128,-5.811
-1.3081,-9.2716,-5.783
-0.79408,3.4556,-6.215
5.5006,-2.7499,-6.192
0.59892,-2.9069,6.486
6.4389,-9.3678,6.171
6.9692,3.5016,6.279
13.243,-2.3844,6.342
-3.6034,-5.7064,6.319
2.4735,-11.754,6.337
2.8369,0.99419,6.319
8.9159,-5.0056,6.361
-3.2739,-0.95459,-5.996
2.774,-6.7592,-5.7
3.066,5.6993,-6.128
9.2122,-0.3182,-5.9
0.28214,-3.1728,0.74
6.5598,-9.3119,0.466
6.8229,3.3439,0.507
13.208,-2.7386,0.492
-7.3553,-3.4139,-0.2
-1.1851,-9.3989,-0.232
-0.60811,3.2188,0.021
5.0431,-2.9105,-0.229
-3.2725,-0.92772,0.06
2.8808,-6.7854,-0.094
3.1862,5.7615,-0.411
9.3791,-0.16971,-0.124
-3.508,-5.7551,0.418
2.6099,-11.815,0.369
2.9727,0.77357,0.568
9.249,-4.8211,0.54
6.3586,-13.011,3.438
12.998,-6.0446,3.259
11.534,-11.609,3.416
12.363,-12.805,-3.036
11.431,-8.7691,-6.215
8.9509,-13.179,-5.996
11.617,-9.006,0.021
8.9523,-13.152,0.06
-12.892,6.7228,9.8434
-7.1682,0.33758,9.9004
-6.6817,12.818,9.7594
-0.63103,6.7475,9.8034
-12.086,11.645,9.8584
-5.7052,5.4747,9.8884
-12.307,-0.75773,9.8554
-13.533,2.9532,7.1114
-6.7242,9.4748,6.7024
-9.4508,5.4655,7.1944
-3.0126,11.907,6.9944
-11.943,9.052,13.634
-5.6649,2.9129,13.36
0.98329,9.4861,13.386
-13.41,2.8259,12.662
-7.1817,9.3143,12.665
-9.344,5.4394,12.8
-2.8457,12.055,12.77
-9.6148,0.40971,13.263
-9.2521,12.998,13.462
-2.9758,7.4037,13.434
-0.6668,-5.502,9.8434
5.0565,-11.887,9.9004
5.543,0.59326,9.7594
11.594,-5.4773,9.8034
0.13859,-0.57983,9.8584
6.5195,-6.75,9.8884
6.6772,5.8895,9.9304
-0.082024,-12.982,9.8554
-7.4692,-3.3128,7.0834
-1.3081,-9.2716,7.1114
-0.79408,3.4556,6.6794
5.5006,-2.7499,6.7024
-3.2739,-0.9546,6.8984
2.774,-6.7592,7.1944
3.066,5.6993,6.7664
9.2122,-0.3182,6.9944
0.28214,-3.1728,13.634
6.5598,-9.3119,13.36
6.8229,3.3439,13.401
13.208,-2.7386,13.386
-7.3553,-3.4139,12.694
-1.1851,-9.3989,12.662
-0.60811,3.2187,12.915
5.0431,-2.9105,12.665
-3.2725,-0.92773,12.954
2.8808,-6.7854,12.8
3.1862,5.7615,12.483
9.3791,-0.16971,12.77
-3.508,-5.7551,13.312
2.6099,-11.815,13.263
2.9727,0.77357,13.462
9.249,-4.8211,13.434
12.363,-12.805,9.8584
11.431,-8.7691,6.6794
8.9509,-13.179,6.8984
11.617,-9.006,12.915
8.9523,-13.152,12.954
-0.1296,13.518,-9.3364
3.3593,13.582,-6.5574
3.4957,13.52,-12.525
7.2444,12.324,-9.4564
13.463,6.3732,-9.3034
6.0296,7.4735,-9.4344
12.095,1.2934,-9.3364
12.42,13.726,-9.4784
13.709,10.204,-6.4084
9.5071,7.4042,-6.5754
13.393,9.9378,-12.154
5.7552,9.6967,-13.094
11.925,3.7117,-13.126
9.8381,12.183,-12.834
9.6026,7.3554,-12.476
5.9423,13.448,-2.994
-0.1296,13.518,3.558
0.80378,12.353,-3.039
3.3593,13.582,6.337
3.4957,13.52,0.369
12.444,7.6086,-3.051
7.2444,12.324,3.438
13.463,6.3732,3.591
6.0296,7.4735,3.46
12.095,1.2934,3.558
12.42,13.726,3.416
13.249,12.531,-3.036
13.029,0.12808,-3.039
5.6414,9.7978,-5.811
11.802,3.839,-5.783
13.709,10.204,6.486
9.5071,7.4042,6.319
9.8367,12.156,-5.996
13.393,9.9378,0.74
5.7552,9.6966,-0.2
11.925,3.7117,-0.232
9.8381,12.183,0.06
9.6026,7.3554,0.418
5.9423,13.448,9.9004
0.80378,12.353,9.8554
3.4957,13.52,13.263
12.444,7.6086,9.8434
13.249,12.531,9.8584
13.029,0.12808,9.8554
5.6414,9.7978,7.0834
11.802,3.839,7.1114
9.8367,12.156,6.8984
13.393,9.9378,13.634
5.7552,9.6966,12.694
11.925,3.7117,12.662
9.8381,12.183,12.954
9.6026,7.3554,13.312
0,0,0
-0.44265,-6.1872,-0.153
6.2473,0.18597,0.227
-6.2763,-0.25456,0.398
-0.20294,0.11809,6.33
0.1393,6.4029,0.228
-0.20294,0.11809,-6.5644
5.9835,-5.7516,0.302
5.9404,0.39103,-6.143
-6.4326,-0.32598,-5.996
-0.49639,-6.2692,-6.4054
-0.17071,6.5106,-6.184
-6.2412,6.4731,0.302
5.9404,0.39103,6.7514
-0.49639,-6.2692,6.489
6.3265,6.6673,0.278
-0.17071,6.5106,6.7104
-6.7841,-6.4433,0.278
-6.4326,-0.32598,6.8984
-6.2221,5.9124,-5.997
6.0026,-6.3123,-5.997
6.1829,6.5888,-6.128
-6.2221,5.9124,6.8974
6.0026,-6.3123,6.8974
6.1829,6.5888,6.7664
-6.9276,-6.5217,-6.128
-6.9276,-6.5217,6.7664
-0.4278,-12.601,-0.021
-12.653,-0.37659,-0.021
12.683,0.50921,-0.021
0.45801,12.734,-0.021
-6.9738e-17,1.4142e-06,-12.894
6.9738e-17,-1.4142e-06,12.894
12.364,-5.8219,0.228
-5.9775,12.411,0.227
5.9485,-12.479,0.398
12.432,0.60821,-6.3574
-6.2763,-0.25456,-12.496
-12.667,6.0376,-0.153
-0.67812,-12.502,-6.3574
12.432,0.60821,6.537
-0.67812,-12.502,6.537
6.2473,0.18597,-12.667
-0.44265,-6.1872,12.741
0.1393,6.4029,-12.666
0.20769,12.833,-6.3574
-12.903,-0.2776,-6.3574
0.20769,12.833,6.537
12.668,6.9234,-0.153
-0.44265,-6.1872,-13.047
-12.903,-0.2776,6.537
6.2473,0.18597,13.121
6.8343,12.856,0.398
0.1393,6.4029,13.122
-12.971,-6.7077,0.228
-6.8633,-12.925,0.227
-6.2763,-0.25456,13.292
12.054,-5.7141,-6.184
12.054,-5.7141,6.7104
5.7922,-12.551,-5.996
5.9835,-5.7516,-12.592
-6.2844,12.616,-6.143
-12.721,5.9555,-6.4054
5.7922,-12.551,6.8984
-12.721,5.9555,6.489
-6.2412,6.4732,-12.592
5.9835,-5.7516,13.196
6.3265,6.6673,-12.616
6.678,12.785,-5.996
-6.2844,12.616,6.7514
-6.7841,-6.4432,-12.616
12.614,6.8414,-6.4054
12.614,6.8414,6.489
-7.1702,-12.72,-6.143
-6.2412,6.4731,13.196
6.678,12.785,6.8984
6.3265,6.6673,13.172
-13.281,-6.5999,-6.184
-7.1702,-12.72,6.7514
-6.7841,-6.4433,13.172
-13.281,-6.5999,6.7104
-12.225,12.225,-1.0586e-15
12.225,-12.225,1.0586e-15
-0.4278,-12.601,12.873
-0.4278,-12.601,-12.915
-12.653,-0.3766,12.873
12.683,0.50921,12.873
-12.653,-0.37659,-12.915
12.683,0.50921,-12.915
0.45801,12.734,12.873
0.45801,12.734,-12.915
12.022,-12.107,6.33
12.022,-12.107,-6.5644
-13.111,-13.111,0
13.111,13.111,0
-12.428,12.343,6.33
12.364,-5.8219,-12.666
5.9485,-12.479,-12.496
-12.428,12.343,-6.5644
-5.9775,12.411,-12.667
12.364,-5.8219,13.122
-12.667,6.0376,12.741
-5.9775,12.411,13.121
-12.667,6.0376,-13.047
5.9485,-12.479,13.292
6.8343,12.856,-12.496
12.668,6.9234,12.741
-12.971,-6.7077,-12.666
-6.8633,-12.925,-12.667
12.668,6.9234,-13.047
12.908,13.229,6.33
12.908,13.229,-6.5644
-12.971,-6.7077,13.122
-13.314,-12.992,6.33
-6.8633,-12.925,13.121
6.8343,12.856,13.292
-13.314,-12.992,-6.5644
12.225,-12.225,-12.894
-12.225,12.225,12.894
-12.225,12.225,-12.894
12.225,-12.225,12.894
13.111,13.111,12.894
-13.111,-13.111,-12.894
-13.111,-13.111,12.894
13.111,13.111,-12.894
