-10.062,-4.09,-10.253
-10.311,-10.223,-10.012
-3.9214,-10.115,-10.208
-10.062,-4.09,2.641
-9.6266,-9.5135,-3.756
-10.311,-10.223,2.882
-3.9214,-10.115,2.686
-9.6266,-9.5135,9.1384
-9.6643,8.8002,-10.012
2.5604,-3.4245,-10.012
-3.5037,2.6509,-9.9124
3.0483,9.0206,-10.253
-9.9865,2.4346,-10.085
-3.9054,-3.8445,-10.029
-3.486,9.0001,-10.176
2.7994,2.8871,-10.012
8.721,-9.5738,-9.9124
9.1891,2.9957,-10.208
2.2383,-9.7902,-10.085
8.7387,-3.2247,-10.176
-9.6643,8.8002,2.882
-9.0003,9.6905,-3.543
2.5604,-3.4245,2.882
-3.5037,2.6509,2.982
3.0483,9.0206,2.641
-9.4802,-3.194,-3.68
-3.264,-9.2348,-3.749
-2.9387,3.4733,-3.629
3.2244,-2.5343,-3.543
-9.0418,3.1403,-3.744
-3.2449,-3.0823,-3.727
-2.7839,9.5947,-3.576
3.4839,3.5971,-3.756
-9.9865,2.4346,2.809
-3.9054,-3.8445,2.865
-3.486,9.0001,2.718
2.7994,2.8871,2.882
8.721,-9.5738,2.982
9.1891,2.9957,2.686
9.286,-8.7514,-3.629
3.183,-9.0845,-3.744
9.4409,-2.63,-3.576
2.2383,-9.7902,2.809
8.7387,-3.2247,2.718
-9.0003,9.6905,9.3514
-9.4802,-3.194,9.2144
-3.264,-9.2348,9.1454
-2.9387,3.4733,9.2654
3.2244,-2.5343,9.3514
-9.0418,3.1403,9.1504
-3.2449,-3.0823,9.1674
-2.7839,9.5947,9.3184
3.4839,3.5971,9.1384
9.286,-8.7514,9.2654
3.183,-9.0845,9.1504
9.4409,-2.63,9.3184
9.2052,9.266,-10.029
3.6304,9.9166,-3.68
9.8466,3.8757,-3.749
9.8656,10.028,-3.727
9.2052,9.266,2.865
3.6304,9.9166,9.2144
9.8466,3.8757,9.1454
9.8656,10.028,9.1674
-9.0093,-9.5086,-10.194
-9.9074,-4.6239,-3.599
-9.0093,-9.5086,2.7
-11.031,-9.9972,-3.617
-3.9179,-10.572,-3.61
-9.9074,-4.6239,9.2954
-11.031,-9.9972,9.2774
-3.9179,-10.572,9.2844
-9.2528,10.238,-9.9354
-9.606,-2.6905,-9.9994
-3.3743,-8.7625,-9.8874
-3.013,4.0623,-10.005
2.972,-1.9863,-9.9354
-8.5786,2.9402,-10.096
-2.535,-3.2477,-10.051
-2.0612,9.4194,-10.004
4.1012,3.602,-10.194
9.2118,-8.1624,-10.005
3.6461,-9.2846,-10.096
10.164,-2.8054,-10.004
-9.2528,10.238,2.959
-9.6372,8.3403,-3.464
-3.6154,2.139,-3.588
3.2032,8.4867,-3.599
-9.606,-2.6905,2.895
-3.3743,-8.7625,3.007
-3.013,4.0623,2.889
2.972,-1.9863,2.959
-8.5786,2.9401,2.798
-2.535,-3.2477,2.843
-2.0612,9.4194,2.89
4.1012,3.602,2.7
-10.435,2.6184,-3.592
-4.5806,-3.7576,-3.686
-4.1995,9.121,-3.658
2.0796,3.1134,-3.617
2.5876,-3.8844,-3.464
8.6093,-10.086,-3.588
9.1927,2.5382,-3.61
9.2118,-8.1624,2.889
3.6461,-9.2846,2.798
10.164,-2.8054,2.89
1.79,-9.6063,-3.592
8.0252,-3.1038,-3.658
-9.6372,8.3403,9.4304
-3.6154,2.139,9.3064
3.2032,8.4867,9.2954
-10.435,2.6184,9.3024
-4.5806,-3.7576,9.2084
-4.1995,9.121,9.2364
2.0796,3.1134,9.2774
2.5876,-3.8844,9.4304
8.6093,-10.086,9.3064
9.1927,2.5382,9.2844
1.79,-9.6063,9.3024
8.0252,-3.1038,9.2364
3.5045,10.42,-9.9994
9.7362,4.3481,-9.8874
10.576,9.8628,-10.051
3.5045,10.42,2.895
9.7362,4.3481,3.007
10.576,9.8628,2.843
8.5299,9.353,-3.686
8.5299,9.353,9.2084
-12.105,-7.2175,-10.171
-13.472,-12.326,-9.9534
-12.076,-3.7435,-7.3684
-6.0126,-9.8975,-7.2424
-10.111,-12.132,-6.9504
-12.201,-3.6558,-13.082
-6.0975,-9.8027,-13.102
-14.028,-9.9562,-13.575
-9.8706,-7.4721,-13.8
-10.165,-12.296,-12.909
-6.2648,-13.233,-9.9464
-3.7899,-13.747,-13.499
-13.78,-6.4107,-3.713
-7.5569,-12.442,-3.501
-12.105,-7.2175,2.723
-13.472,-12.326,2.941
-13.04,-13.945,-3.58
-12.605,-1.4624,-3.544
-6.3669,-7.4714,-3.646
-13.945,-9.9809,-6.59
-12.076,-3.7435,5.526
-6.0126,-9.8975,5.652
-10.111,-12.132,5.944
-9.9116,-7.6616,-6.677
-12.201,-3.6558,-0.188
-6.0975,-9.8027,-0.208
-14.028,-9.9562,-0.681
-9.8706,-7.4721,-0.906
-10.165,-12.296,-0.015
-6.2648,-13.233,2.948
-0.38022,-13.687,-3.544
-3.8458,-13.763,-6.519
-3.7899,-13.747,-0.605
-13.78,-6.4107,9.1814
-7.5569,-12.442,9.3934
-13.04,-13.945,9.3144
-12.605,-1.4624,9.3504
-6.3669,-7.4714,9.2484
-13.945,-9.9809,6.3044
-9.9116,-7.6616,6.2174
-12.201,-3.6558,12.706
-6.0975,-9.8027,12.686
-14.028,-9.9562,12.213
-9.8706,-7.4721,11.988
-10.165,-12.296,12.879
-0.38022,-13.687,9.3504
-3.8458,-13.763,6.3754
-3.7899,-13.747,12.289
-12.586,13.009,-9.9534
-11.899,8.953,-7.1974
-9.2252,13.203,-6.9504
-11.81,8.9848,-12.808
-9.2789,13.039,-12.909
-11.751,5.4334,-10.033
-5.5473,-0.72054,-10.063
-5.379,12.102,-9.9464
1.0055,5.893,-10.171
-13.283,0.11667,-9.9994
-7.0916,-6.0323,-10.051
-6.5874,6.7232,-9.9294
-0.36133,0.78418,-9.9534
-5.7926,2.7167,-7.0774
0.32598,-3.2718,-7.1974
1.0345,9.367,-7.3684
7.0979,3.2131,-7.2424
-9.7998,0.37548,-7.0154
-3.655,-5.8867,-7.1714
-3.2096,6.854,-7.2104
2.9995,0.97864,-6.9504
-5.5147,2.8673,-12.913
0.41436,-3.24,-12.808
0.91005,9.4547,-13.082
7.0131,3.3078,-13.102
-13.452,2.6545,-13.607
-7.3914,-3.4358,-13.584
-6.8667,9.0814,-13.402
-0.91712,3.1544,-13.575
-9.425,5.1202,-13.608
-3.2527,-1.0253,-13.664
-2.9041,11.589,-13.499
3.24,5.6385,-13.8
-9.6902,0.32103,-12.897
-3.7314,-5.8852,-12.933
-3.1282,6.9268,-13.002
2.9458,0.81459,-12.909
0.47405,-6.7913,-10.033
6.6775,-12.945,-10.063
6.8458,-0.12262,-9.9464
13.23,-6.3317,-10.171
-1.0582,-12.108,-9.9994
5.6373,-5.5016,-9.9294
11.863,-11.441,-9.9534
6.4321,-9.508,-7.0774
13.259,-2.8577,-7.3684
2.425,-11.849,-7.0154
9.0152,-5.3708,-7.2104
6.71,-9.3574,-12.913
13.135,-2.77,-13.082
-1.2272,-9.5703,-13.607
5.358,-3.1434,-13.402
11.308,-9.0704,-13.575
2.7997,-7.1046,-13.608
8.9721,-13.25,-13.664
9.3207,-0.63598,-13.499
2.5346,-11.904,-12.897
9.0965,-5.2979,-13.002
-13.491,6.1429,-3.655
-6.6711,12.894,-3.501
-12.586,13.009,2.941
-12.154,11.39,-3.58
-11.899,8.953,5.697
-9.2252,13.203,5.944
-11.81,8.9848,0.086
-9.2789,13.039,-0.015
-7.2995,0.026163,-3.64
-1.2664,-6.0818,-3.655
-0.66963,6.6998,-3.713
5.5536,0.66892,-3.501
-11.751,5.4334,2.861
-5.5473,-0.72054,2.831
-5.379,12.102,2.948
1.0055,5.893,2.723
-13.283,0.11667,2.895
-7.0916,-6.0323,2.843
-6.5874,6.7232,2.965
-0.36133,0.78418,2.941
-5.9199,5.35,-3.562
0.070711,-0.83439,-3.58
0.50558,11.648,-3.544
6.7437,5.6392,-3.646
-13.361,2.6757,-6.549
-7.4579,-3.474,-6.612
-6.9742,9.22,-6.401
-0.83439,3.1297,-6.59
-5.7926,2.7167,5.817
0.32598,-3.2718,5.697
1.0345,9.367,5.526
7.0979,3.2131,5.652
-9.7998,0.37547,5.879
-3.655,-5.8867,5.723
-3.2096,6.854,5.684
2.9995,0.97864,5.944
-9.3621,5.2481,-6.6
-3.3192,-0.75378,-6.445
-2.9599,11.573,-6.519
3.199,5.449,-6.677
-5.5147,2.8673,-0.019
0.41436,-3.24,0.086
0.91005,9.4547,-0.188
7.0131,3.3078,-0.208
-13.452,2.6545,-0.713
-7.3914,-3.4358,-0.69
-6.8667,9.0814,-0.508
-0.91712,3.1544,-0.681
-9.425,5.1202,-0.714
-3.2527,-1.0253,-0.77
-2.9041,11.589,-0.605
3.24,5.6385,-0.906
-9.6902,0.32103,-0.003
-3.7314,-5.8852,-0.039
-3.1282,6.9268,-0.108
2.9458,0.81459,-0.015
4.9253,-12.199,-3.64
11.555,-5.5249,-3.713
0.47405,-6.7913,2.861
6.6775,-12.945,2.831
6.8458,-0.12262,2.948
13.23,-6.3317,2.723
-1.0582,-12.108,2.895
5.6373,-5.5016,2.965
11.863,-11.441,2.941
6.3049,-6.8748,-3.562
12.295,-13.059,-3.58
12.73,-0.57659,-3.544
-1.1367,-9.5491,-6.549
5.2506,-3.0048,-6.401
11.39,-9.0951,-6.59
6.4321,-9.5081,5.817
13.259,-2.8577,5.526
2.425,-11.849,5.879
9.0152,-5.3708,5.684
2.8627,-6.9766,-6.6
8.9056,-12.979,-6.445
9.2648,-0.65225,-6.519
6.71,-9.3574,-0.019
13.135,-2.77,-0.188
-1.2272,-9.5703,-0.713
5.358,-3.1434,-0.508
11.308,-9.0704,-0.681
2.7997,-7.1046,-0.714
8.9721,-13.25,-0.77
9.3207,-0.63598,-0.605
2.5346,-11.904,-0.003
9.0965,-5.2979,-0.108
-13.491,6.1429,9.2394
-6.6711,12.894,9.3934
-12.154,11.39,9.3144
-11.81,8.9848,12.98
-9.2789,13.039,12.879
-7.2995,0.026162,9.2544
-1.2664,-6.0818,9.2394
-0.66963,6.6998,9.1814
5.5536,0.66892,9.3934
-5.9199,5.35,9.3324
0.070711,-0.83439,9.3144
0.50558,11.648,9.3504
6.7437,5.6392,9.2484
-13.361,2.6757,6.3454
-7.4579,-3.474,6.2824
-6.9742,9.22,6.4934
-0.83439,3.1297,6.3044
-9.3621,5.2481,6.2944
-3.3192,-0.75378,6.4494
-2.9599,11.573,6.3754
3.199,5.449,6.2174
-5.5147,2.8673,12.875
0.41436,-3.24,12.98
0.91005,9.4547,12.706
7.0131,3.3078,12.686
-13.452,2.6545,12.181
-7.3914,-3.4358,12.204
-6.8667,9.0814,12.386
-0.91712,3.1544,12.213
-9.425,5.1202,12.18
-3.2527,-1.0253,12.124
-2.9041,11.589,12.289
3.24,5.6385,11.988
-9.6902,0.32103,12.891
-3.7314,-5.8853,12.855
-3.1282,6.9268,12.786
2.9458,0.81459,12.879
4.9253,-12.199,9.2544
11.555,-5.5249,9.1814
6.3049,-6.8748,9.3324
12.295,-13.059,9.3144
12.73,-0.57659,9.3504
-1.1367,-9.5491,6.3454
5.2506,-3.0048,6.4934
11.39,-9.0951,6.3044
2.8627,-6.9766,6.2944
8.9056,-12.979,6.4494
9.2648,-0.65225,6.3754
6.71,-9.3574,12.875
13.135,-2.77,12.706
-1.2272,-9.5703,12.181
5.358,-3.1434,12.386
11.308,-9.0704,12.213
2.7997,-7.1046,12.18
8.9721,-13.25,12.124
9.3207,-0.63598,12.289
2.5346,-11.904,12.891
9.0965,-5.2979,12.786
7.5633,12.39,-10.063
-0.17244,13.227,-9.9994
6.019,7.0782,-10.051
12.749,13.895,-9.9534
13.437,9.8388,-7.1974
3.3108,13.486,-7.0154
9.4555,7.2239,-7.1714
13.525,9.8706,-12.808
5.7192,9.6747,-13.584
9.8579,12.085,-13.664
3.4204,13.432,-12.897
9.3792,7.2253,-12.933
13.585,6.3192,-10.033
12.052,1.0025,-9.9994
11.883,3.5403,-13.607
5.8111,13.137,-3.64
11.844,7.0287,-3.655
7.5633,12.39,2.831
-0.17244,13.227,2.895
6.019,7.0782,2.843
12.749,13.895,2.941
13.181,12.276,-3.58
5.6527,9.6365,-6.612
13.437,9.8388,5.697
3.3108,13.486,5.879
9.4555,7.2239,5.723
9.7914,12.357,-6.445
13.525,9.8706,0.086
5.7192,9.6747,-0.69
9.8579,12.085,-0.77
3.4204,13.432,-0.003
9.3792,7.2253,-0.039
13.585,6.3192,2.861
12.052,1.0025,2.895
11.974,3.5615,-6.549
11.883,3.5403,-0.713
5.8111,13.137,9.2544
11.844,7.0287,9.2394
13.181,12.276,9.3144
5.6527,9.6365,6.2824
9.7914,12.357,6.4494
13.525,9.8706,12.98
5.7192,9.6747,12.204
9.8579,12.085,12.124
3.4204,13.432,12.891
9.3792,7.2253,12.855
11.974,3.5615,6.3454
11.883,3.5403,12.181
0,0,0
0.20718,6.0634,-0.282
-6.2954,-0.38113,-0.098
-0.14001,-0.27436,6.3474
6.4159,0.064053,-0.195
-0.16729,-6.4753,-0.152
-0.14001,-0.27436,-6.547
5.9662,-6.1458,-0.08
-6.2586,6.079,-0.08
-0.23759,6.2211,6.132
6.0175,0.10748,6.3774
6.0175,0.10748,-6.517
-0.6067,-6.3739,6.2964
6.3273,6.514,-0.199
-0.23759,6.2211,-6.7624
-0.6067,-6.3739,-6.598
-6.7783,-0.43699,6.2524
-6.7833,-6.5966,-0.199
-6.7783,-0.43699,-6.642
-6.3328,5.7756,6.3444
6.2034,6.1836,6.2514
-6.3328,5.7756,-6.55
5.8919,-6.4491,6.3444
5.8919,-6.4491,-6.55
6.2034,6.1836,-6.643
-6.9071,-6.9269,6.2514
-6.9071,-6.9269,-6.643
12.664,0.44033,-0.174
0.43921,12.665,-0.174
-0.4466,-12.67,-0.174
-12.671,-0.44548,-0.174
5.583e-16,1.4142e-06,-12.894
-5.583e-16,-1.4142e-06,12.894
-5.8089,12.289,-0.195
-12.392,5.7495,-0.152
0.2086,12.333,6.2734
12.432,-6.1613,-0.282
12.433,0.10789,6.2734
5.9294,-12.606,-0.098
0.20718,6.0634,12.612
0.2086,12.333,-6.621
12.433,0.10789,-6.621
6.4159,0.064052,12.699
-6.2954,-0.38113,12.796
-0.16729,-6.4753,12.742
-12.902,-0.77791,6.2734
6.8152,12.729,-0.098
-6.2954,-0.38113,-12.992
-0.67721,-13.003,6.2734
0.20718,6.0634,-13.176
-12.902,-0.77791,-6.621
12.943,6.6353,-0.152
-0.16729,-6.4753,-13.046
6.4159,0.064055,-13.089
-0.67721,-13.003,-6.621
-6.6947,-13.047,-0.195
-12.903,-7.0471,-0.282
11.987,-6.0036,6.132
11.987,-6.0036,-6.7624
5.4464,-12.662,6.2524
-6.2073,12.332,6.3774
-6.2073,12.332,-6.517
5.4464,-12.662,-6.642
5.9662,-6.1458,12.814
-12.831,5.8509,6.2964
6.3322,12.674,6.2524
-6.2586,6.079,12.814
12.504,6.7367,6.2964
5.9662,-6.1458,-12.974
-12.831,5.8509,-6.598
6.3273,6.514,12.695
-6.2586,6.079,-12.974
6.3322,12.674,-6.642
12.504,6.7367,-6.598
-6.7833,-6.5966,12.695
6.3273,6.514,-13.093
-7.0931,-13.003,6.3774
-6.7833,-6.5966,-13.093
-7.0931,-13.003,-6.517
-13.348,-6.8894,6.132
-13.348,-6.8894,-6.7624
-12.225,12.225,-1.0586e-15
12.225,-12.225,1.0586e-15
12.664,0.44033,12.72
0.43921,12.665,12.72
-0.4466,-12.67,12.72
-12.671,-0.44548,12.72
12.664,0.44033,-13.068
0.43921,12.665,-13.068
-0.4466,-12.67,-13.068
-12.671,-0.44548,-13.068
-12.365,11.95,6.3474
-12.365,11.95,-6.547
12.085,-12.499,6.3474
-13.111,-13.111,0
13.111,13.111,0
12.085,-12.499,-6.547
-5.8089,12.289,12.699
-12.392,5.7495,12.742
12.432,-6.1613,12.612
-5.8089,12.289,-13.089
-12.392,5.7495,-13.046
5.9294,-12.606,12.796
5.9294,-12.606,-12.992
12.432,-6.1613,-13.176
6.8152,12.729,12.796
12.971,12.836,6.3474
12.943,6.6353,12.742
-12.903,-7.0471,12.612
12.971,12.836,-6.547
-6.6947,-13.047,12.699
6.8152,12.729,-12.992
12.943,6.6353,-13.046
-6.6947,-13.047,-13.089
-12.903,-7.0471,-13.176
-13.251,-13.385,6.3474
-13.251,-13.385,-6.547
12.225,-12.225,-12.894
-12.225,12.225,12.894
-12.225,12.225,-12.894
12.225,-12.225,12.894
-13.111,-13.111,-12.894
13.111,13.111,12.894
-13.111,-13.111,12.894
13.111,13.111,-12.894
