-9.1656,-3.614,-8.8492
-3.6102,-8.9432,-8.6842
-9.5124,-9.4106,-8.6412
-9.1656,-3.614,2.719
-3.6102,-8.9432,2.884
-8.3337,-8.5034,-2.845
-9.5124,-9.4106,2.927
-8.3337,-8.5034,8.7232
-8.4256,7.6252,-8.6142
2.9108,8.4624,-8.8492
-8.9552,2.2858,-8.6752
-2.8621,8.1017,-8.8362
-3.0639,2.4148,-8.7562
2.4112,-3.2117,-8.6142
8.4662,3.1332,-8.6842
-3.4945,-3.1961,-8.6182
1.8816,-8.551,-8.6752
2.564,2.6658,-8.6412
7.9748,-2.7351,-8.8362
7.7729,-8.4221,-8.7562
-8.4256,7.6252,2.954
2.9108,8.4624,2.719
-8.4206,-2.3571,-2.552
-7.6025,8.806,-3.112
-2.2455,3.4829,-3.001
-7.867,3.128,-2.821
-1.9018,9.1157,-2.982
-8.9552,2.2858,2.893
-2.8621,8.1017,2.732
-3.0639,2.4148,2.812
2.4112,-3.2117,2.954
8.4662,3.1332,2.884
-2.8779,-8.0723,-2.999
3.2343,-2.0308,-3.112
8.5913,-7.3539,-3.001
-2.4954,-2.3228,-2.958
2.9698,-7.7089,-2.821
3.7427,3.573,-2.845
8.935,-1.7211,-2.982
-3.4945,-3.1961,2.95
1.8816,-8.551,2.893
2.564,2.6658,2.927
7.9748,-2.7351,2.732
7.7729,-8.4221,2.812
-8.4206,-2.3571,9.0162
-7.6025,8.806,8.4562
-2.2455,3.4829,8.5672
-7.867,3.128,8.7472
-1.9018,9.1157,8.5862
-2.8779,-8.0723,8.5692
3.2343,-2.0308,8.4562
8.5913,-7.3539,8.5672
-2.4954,-2.3228,8.6102
2.9698,-7.7089,8.7472
3.7427,3.573,8.7232
8.935,-1.7211,8.5862
8.5819,8.8803,-8.6182
3.6558,9.7193,-2.552
9.1985,4.0041,-2.999
9.581,9.7536,-2.958
8.5819,8.8803,2.95
3.6558,9.7193,9.0162
9.1985,4.0041,8.5692
9.581,9.7536,8.6102
-8.2736,-8.5776,-8.5722
-8.8598,-3.7177,-2.989
-3.5798,-9.3866,-2.938
-8.2736,-8.5776,2.996
-9.598,-9.2954,-2.793
-8.8598,-3.7177,8.5792
-3.5798,-9.3866,8.6302
-9.598,-9.2954,8.7752
-8.4786,-2.3203,-8.5572
-8.0982,9.074,-8.5002
-2.4753,3.7849,-8.8402
-7.5714,2.8409,-8.6432
-1.6133,8.9206,-8.9132
-3.0752,-7.5583,-8.8032
2.7386,-1.7628,-8.5002
8.3615,-7.052,-8.8402
-2.2875,-2.3214,-8.7262
3.2654,-7.996,-8.6432
3.8028,3.4988,-8.5722
9.2235,-1.9163,-8.9132
-8.2368,7.4547,-3.079
-8.4786,-2.3203,3.011
-8.0982,9.074,3.068
-2.4753,3.7849,2.728
-7.5714,2.8409,2.925
-1.6133,8.9206,2.655
-9.2557,2.6118,-3.005
-3.2439,8.4666,-2.928
-2.6997,2.0619,-2.956
2.6,-3.3821,-3.079
3.2166,8.3587,-2.989
8.4966,2.6898,-2.938
-3.0752,-7.5583,2.765
2.7386,-1.7628,3.068
8.3615,-7.052,2.728
-2.2875,-2.3214,2.842
3.2654,-7.996,2.925
3.8028,3.4988,2.996
9.2235,-1.9163,2.655
-3.8728,-2.9027,-2.923
1.5811,-8.2251,-3.005
2.4784,2.7811,-2.793
7.5929,-2.3702,-2.928
8.1371,-8.7749,-2.956
-8.2368,7.4547,8.4892
-9.2557,2.6118,8.5632
-3.2439,8.4666,8.6402
-2.6997,2.0619,8.6122
2.6,-3.3821,8.4892
3.2166,8.3587,8.5792
8.4966,2.6898,8.6302
-3.8728,-2.9027,8.6452
1.5811,-8.2251,8.5632
2.4784,2.7811,8.7752
7.5929,-2.3702,8.6402
8.1371,-8.7749,8.6122
3.5978,9.7561,-8.5572
9.0012,4.5181,-8.8032
9.7889,9.755,-8.7262
3.5978,9.7561,3.011
9.0012,4.5181,2.765
9.7889,9.755,2.842
8.2036,9.1737,-2.923
8.2036,9.1737,8.6452
-10.781,-3.566,-6.0902
-10.984,-3.1919,-11.487
-11.281,-6.491,-8.6762
-5.5583,-11.931,-8.5602
-6.4139,-5.424,-8.8572
-12.46,-11.461,-8.6802
-5.4197,-8.6766,-6.1502
-9.0641,-11.193,-6.0562
-5.6948,-8.6632,-11.359
-12.193,-8.9404,-12.007
-8.8152,-6.3729,-11.84
-3.3394,-11.861,-11.958
-9.0394,-11.159,-11.287
-12.213,-5.5706,-2.979
-11.157,-0.67955,-3.028
-10.781,-3.566,5.478
-10.984,-3.1919,0.081
-6.6345,-11.235,-2.702
-11.281,-6.491,2.892
-5.5583,-11.931,3.008
-6.4139,-5.424,2.711
-12.46,-11.461,2.888
-11.594,-12.511,-3.033
-5.7223,-6.3587,-3.017
-0.32004,-11.516,-3.028
-12.465,-9.1398,-5.509
-5.4197,-8.6766,5.418
-9.0641,-11.193,5.512
-8.8527,-6.8106,-5.405
-3.2496,-11.912,-5.639
-5.6948,-8.6632,0.209
-12.193,-8.9404,-0.439
-8.8152,-6.3729,-0.272
-3.3394,-11.861,-0.39
-9.0394,-11.159,0.281
-12.213,-5.5706,8.5892
-11.157,-0.67955,8.5402
-10.984,-3.1919,11.649
-6.6345,-11.235,8.8662
-11.594,-12.511,8.5352
-5.7223,-6.3587,8.5512
-0.32004,-11.516,8.5402
-12.465,-9.1398,6.0592
-8.8527,-6.8106,6.1632
-3.2496,-11.912,5.9292
-5.6948,-8.6632,11.777
-12.193,-8.9404,11.129
-8.8152,-6.3729,11.296
-3.3394,-11.861,11.178
-9.0394,-11.159,11.849
-10.613,5.0591,-8.6362
-4.3187,10.983,-8.5602
-11.743,0.1772,-8.5982
-11.221,11.453,-8.6802
-5.6445,6.1678,-8.8652
-10.427,7.925,-6.1502
-4.8674,2.7136,-6.1312
1.2957,8.5105,-6.0902
-8.4327,0.41408,-6.0762
-7.8245,11.721,-6.0562
-2.5191,6.3121,-6.2492
-10.287,8.065,-11.305
-4.9692,2.756,-11.517
1.0928,8.8845,-11.487
-11.906,2.4605,-11.957
-5.8659,8.4765,-11.8
-8.2389,4.9169,-11.885
-2.0998,11.052,-11.958
-8.5118,0.50177,-11.245
-7.7998,11.754,-11.287
-2.5361,6.23,-11.528
-5.0721,-0.408,-8.4922
0.22415,-5.7778,-8.6362
0.7955,5.5854,-8.6762
6.5181,0.14566,-8.5602
5.6625,6.6525,-8.8572
-0.9058,-10.66,-8.5982
-0.38396,0.61589,-8.6802
5.1923,-4.669,-8.8652
0.41012,-2.9119,-6.1502
5.9694,-8.1232,-6.1312
6.6567,3.3998,-6.1502
12.133,-2.3264,-6.0902
-3.1007,-5.123,-6.0212
2.4042,-10.423,-6.0762
3.0123,0.88388,-6.0562
8.3177,-4.5248,-6.2492
0.55013,-2.7719,-11.305
5.8676,-8.0808,-11.517
6.3816,3.4132,-11.359
11.93,-1.9523,-11.487
-6.4149,-2.7252,-11.665
-1.0691,-8.3764,-11.957
-0.11667,3.136,-12.007
4.971,-2.3603,-11.8
-2.6099,-0.51548,-11.911
2.5979,-5.9199,-11.885
3.2612,5.7035,-11.84
8.737,0.21496,-11.958
-3.1636,-4.8423,-11.372
2.325,-10.335,-11.245
3.037,0.91712,-11.287
8.3007,-4.6068,-11.528
5.7647,-11.245,-8.4922
11.632,-5.2514,-8.6762
10.453,-10.221,-8.6802
10.72,-7.7008,-12.007
8.2269,-11.352,-11.911
-11.613,5.7287,-2.844
-6.3318,0.36954,-2.708
-5.3949,11.678,-2.702
-0.13617,6.5058,-2.979
-10.613,5.0591,2.932
-4.3187,10.983,3.008
-11.743,0.1772,2.97
-11.221,11.453,2.888
-5.6445,6.1678,2.703
-10.355,10.403,-3.033
-4.9134,5.2769,-3.008
0.91954,11.397,-3.028
-11.778,2.3183,-5.526
-5.7456,8.5189,-5.607
-10.427,7.925,5.418
-4.8674,2.7136,5.437
1.2957,8.5105,5.478
-8.4327,0.41408,5.492
-7.8245,11.721,5.512
-2.5191,6.3121,5.319
-8.1137,4.8526,-5.532
-2.01,11.002,-5.639
-10.287,8.065,0.263
-4.9692,2.756,0.051
1.0928,8.8845,0.081
-11.906,2.4605,-0.389
-5.8659,8.4765,-0.232
-8.2389,4.9169,-0.317
-2.0998,11.052,-0.39
-8.5118,0.50177,0.323
-7.7998,11.754,0.281
-2.5361,6.23,0.04
-0.7764,-5.1081,-2.844
4.505,-10.467,-2.708
5.4419,0.84146,-2.702
10.701,-4.331,-2.979
-5.0721,-0.408,3.076
0.22415,-5.7778,2.932
0.7955,5.5854,2.892
6.5181,0.14566,3.008
5.6625,6.6525,2.711
-0.9058,-10.66,2.97
-0.38396,0.61589,2.888
5.1923,-4.669,2.703
0.48225,-0.43416,-3.033
5.9234,-5.56,-3.008
6.3541,5.7177,-3.017
11.756,0.56003,-3.028
-6.3145,-2.9868,-5.627
-0.94116,-8.5185,-5.526
-0.3882,2.9366,-5.509
5.0912,-2.3179,-5.607
0.41012,-2.9119,5.418
5.9694,-8.1232,5.437
6.6567,3.3998,5.418
12.133,-2.3264,5.478
-3.1007,-5.123,5.547
2.4042,-10.423,5.492
3.0123,0.88388,5.512
8.3177,-4.5248,5.319
-2.6651,-0.49144,-5.486
2.7231,-5.9842,-5.532
3.2237,5.2658,-5.405
8.8268,0.16476,-5.639
0.55013,-2.7719,0.263
5.8676,-8.0808,0.051
6.3816,3.4132,0.209
11.93,-1.9523,0.081
-6.4149,-2.7252,-0.097
-1.0691,-8.3764,-0.389
-0.11667,3.136,-0.439
4.971,-2.3603,-0.232
-2.6099,-0.51548,-0.343
2.5979,-5.9199,-0.317
3.2612,5.7035,-0.272
8.737,0.21496,-0.39
-3.1636,-4.8423,0.196
2.325,-10.335,0.323
3.037,0.91712,0.281
8.3007,-4.6068,0.04
5.7647,-11.245,3.076
11.632,-5.2514,2.892
10.453,-10.221,2.888
11.319,-11.271,-3.033
10.449,-7.9002,-5.509
8.1717,-11.328,-5.486
10.72,-7.7008,-0.439
8.2269,-11.352,-0.343
-11.613,5.7287,8.7242
-6.3318,0.36954,8.8602
-5.3949,11.678,8.8662
-0.13617,6.5058,8.5892
-10.355,10.403,8.5352
-4.9134,5.2769,8.5602
0.91954,11.397,8.5402
-11.778,2.3183,6.0422
-5.7456,8.5189,5.9612
-8.1137,4.8526,6.0362
-2.01,11.002,5.9292
-10.287,8.065,11.831
-4.9692,2.756,11.619
1.0928,8.8845,11.649
-11.906,2.4605,11.179
-5.8659,8.4765,11.336
-8.2389,4.9169,11.251
-2.0998,11.052,11.178
-8.5118,0.50177,11.891
-7.7998,11.754,11.849
-2.5361,6.23,11.608
-0.7764,-5.1081,8.7242
4.505,-10.467,8.8602
5.4419,0.84146,8.8662
10.701,-4.331,8.5892
0.48225,-0.43416,8.5352
5.9234,-5.56,8.5602
6.3541,5.7177,8.5512
11.756,0.56003,8.5402
-6.3145,-2.9868,5.9412
-0.94116,-8.5185,6.0422
-0.3882,2.9366,6.0592
5.0912,-2.3179,5.9612
-2.6651,-0.49144,6.0822
2.7231,-5.9842,6.0362
3.2237,5.2658,6.1632
8.8268,0.16476,5.9292
0.55013,-2.7719,11.831
5.8676,-8.0808,11.619
6.3816,3.4132,11.777
11.93,-1.9523,11.649
-6.4149,-2.7252,11.471
-1.0691,-8.3764,11.179
-0.11667,3.136,11.129
4.971,-2.3603,11.336
-2.6099,-0.51548,11.225
2.5979,-5.9199,11.251
3.2612,5.7035,11.296
8.737,0.21496,11.178
-3.1636,-4.8423,11.764
2.325,-10.335,11.891
3.037,0.91712,11.849
8.3007,-4.6068,11.608
11.319,-11.271,8.5352
10.449,-7.9002,6.0592
8.1717,-11.328,6.0822
10.72,-7.7008,11.129
8.2269,-11.352,11.225
0.33378,12.254,-8.5982
3.6437,12.49,-6.0762
3.5645,12.578,-11.245
7.0043,11.668,-8.4922
12.301,6.2986,-8.6362
11.171,1.4168,-8.5982
11.692,12.692,-8.6802
12.487,9.1645,-6.1502
8.9757,6.9534,-6.0212
12.627,9.3046,-11.305
5.6615,9.3512,-11.665
11.007,3.7,-11.957
9.4665,11.561,-11.911
8.9128,7.2341,-11.372
5.7446,12.446,-2.708
0.33378,12.254,2.97
3.6437,12.49,5.492
3.5645,12.578,0.323
11.3,6.9683,-2.844
7.0043,11.668,3.076
12.301,6.2986,2.932
11.171,1.4168,2.97
11.692,12.692,2.888
12.559,11.642,-3.033
5.7619,9.0896,-5.627
11.135,3.5579,-5.526
12.487,9.1645,5.418
8.9757,6.9534,5.547
9.4113,11.585,-5.486
12.627,9.3046,0.263
5.6615,9.3512,-0.097
11.007,3.7,-0.389
9.4665,11.561,-0.343
8.9128,7.2341,0.196
5.7446,12.446,8.8602
3.5645,12.578,11.891
11.3,6.9683,8.7242
12.559,11.642,8.5352
5.7619,9.0896,5.9412
11.135,3.5579,6.0422
9.4113,11.585,6.0822
12.627,9.3046,11.831
5.6615,9.3512,11.471
11.007,3.7,11.179
9.4665,11.561,11.225
8.9128,7.2341,11.764
0,0,0
-0.39457,-5.6724,0.092
5.7346,0.54306,0.006
0.11384,0.1789,-5.758
-5.7704,0.11356,-0.031
0.11384,0.1789,5.8102
0.35567,5.8287,-0.186
5.4631,-5.1124,-0.318
-5.3737,5.7245,-0.318
-0.24112,-5.6222,-5.617
0.40659,5.7976,5.678
-5.7368,-0.24537,5.7692
-5.7368,-0.24537,-5.799
-0.24112,-5.6222,5.9512
5.8372,0.57771,5.743
5.8372,0.57771,-5.8252
0.40659,5.7976,-5.8902
-5.9538,-5.7841,0.068
6.1226,6.2923,0.068
5.4907,-5.3394,5.527
-5.3461,5.4975,5.527
5.4907,-5.3394,-6.0412
-5.3461,5.4975,-6.0412
-5.9291,-5.8442,-5.684
-5.9291,-5.8442,5.8842
6.1473,6.2322,-5.684
6.1473,6.2322,5.8842
-0.58662,-11.248,0.039
-11.423,-0.41155,0.039
11.49,0.82802,0.039
5.0088e-16,-5.0088e-16,-11.568
-5.0088e-16,5.0088e-16,11.568
0.65296,11.665,0.039
5.0664,-10.723,-0.031
11.192,-5.0082,-0.186
-11.231,5.1644,0.092
-5.1022,11.38,0.006
-11.276,-0.6548,5.708
-11.276,-0.6548,-5.8602
0.35567,5.8287,11.382
0.80004,11.422,5.708
-0.39457,-5.6724,-11.476
-0.43954,-11.492,5.708
0.80004,11.422,-5.8602
-5.7704,0.11356,11.537
-0.43954,-11.492,-5.8602
5.7346,0.54306,-11.562
5.7346,0.54306,11.574
-5.7704,0.11356,-11.599
-0.39457,-5.6724,11.66
11.637,0.58478,5.708
11.637,0.58478,-5.8602
0.35567,5.8287,-11.754
-6.3418,-11.533,0.006
-11.721,-6.2477,-0.186
11.682,6.404,0.092
-11.078,5.2146,-5.617
5.1001,-11.082,5.7692
5.1001,-11.082,-5.799
5.4631,-5.1124,11.25
11.243,-5.0393,5.678
-11.078,5.2146,5.9512
11.243,-5.0393,-5.8902
-5.3737,5.7245,11.25
-4.9996,11.415,5.743
6.306,12.19,-0.031
-4.9996,11.415,-5.8252
5.4631,-5.1124,-11.886
-5.9538,-5.7841,-11.5
-5.3737,5.7245,-11.886
-6.2392,-11.499,5.743
-5.9538,-5.7841,11.636
-6.2392,-11.499,-5.8252
-11.67,-6.2788,5.678
6.1226,6.2923,-11.5
-11.67,-6.2788,-5.8902
6.1226,6.2923,11.636
11.835,6.4542,-5.617
6.3396,11.831,5.7692
6.3396,11.831,-5.799
11.835,6.4542,5.9512
10.837,-10.837,9.3842e-16
-10.837,10.837,-9.3842e-16
-0.58662,-11.248,-11.529
-0.58662,-11.248,11.607
-11.423,-0.41155,-11.529
-11.423,-0.41155,11.607
11.49,0.82802,-11.529
10.951,-10.658,-5.758
10.951,-10.658,5.8102
11.49,0.82802,11.607
0.65296,11.665,-11.529
-10.723,11.016,-5.758
-10.723,11.016,5.8102
0.65296,11.665,11.607
5.0664,-10.723,11.537
5.0664,-10.723,-11.599
11.192,-5.0082,11.382
-11.231,5.1644,-11.476
11.192,-5.0082,-11.754
-11.231,5.1644,11.66
-5.1022,11.38,-11.562
-5.1022,11.38,11.574
-12.076,-12.076,7.9602e-22
12.076,12.076,-7.9602e-22
-11.721,-6.2477,11.382
-6.3418,-11.533,-11.562
-6.3418,-11.533,11.574
11.682,6.404,-11.476
11.682,6.404,11.66
-11.721,-6.2477,-11.754
-11.963,-11.898,-5.758
-11.963,-11.898,5.8102
6.306,12.19,11.537
6.306,12.19,-11.599
12.19,12.255,-5.758
12.19,12.255,5.8102
-10.837,10.837,-11.568
10.837,-10.837,-11.568
-10.837,10.837,11.568
10.837,-10.837,11.568
-12.076,-12.076,-11.568
-12.076,-12.076,11.568
12.076,12.076,-11.568
12.076,12.076,11.568
