-9.9406,-3.9853,-10.107
-10.279,-10.31,-10.34
-3.9377,-10.234,-9.8074
-9.9406,-3.9853,2.787
-9.3678,-9.4654,-3.754
-10.279,-10.31,2.554
-3.9377,-10.234,3.087
-9.3678,-9.4654,9.1404
-9.5261,8.5814,-9.8854
-3.4726,2.7103,-10.053
3.17,9.1252,-10.107
-10.039,2.4176,-9.8574
-3.6465,-3.6621,-10.076
-3.4139,8.7823,-10.15
2.8313,2.8001,-10.34
2.6986,-3.6433,-9.8854
8.7522,-9.5144,-10.053
9.1729,2.8762,-9.8074
2.186,-9.8072,-9.8574
8.8108,-3.4425,-10.15
-9.1425,9.7322,-3.116
-9.5261,8.5814,3.009
-3.4726,2.7103,2.841
3.17,9.1252,2.787
-9.1521,-3.2548,-3.591
-2.7308,3.4648,-3.487
3.0823,-2.4926,-3.116
-9.1867,3.0703,-3.447
-2.8793,-3.0151,-3.518
-2.6255,9.6881,-3.584
3.7427,3.6451,-3.754
-10.039,2.4176,3.037
-3.6465,-3.6621,2.818
-3.4139,8.7823,2.744
2.8313,2.8001,2.554
2.6986,-3.6433,3.009
8.7522,-9.5144,2.841
9.1729,2.8762,3.087
-3.065,-9.2966,-3.576
9.4939,-8.7599,-3.487
3.038,-9.1545,-3.447
9.5993,-2.5367,-3.584
2.186,-9.8072,3.037
8.8108,-3.4425,2.744
-9.1425,9.7322,9.7784
-9.1521,-3.2548,9.3034
-2.7308,3.4648,9.4074
3.0823,-2.4926,9.7784
-9.1867,3.0703,9.4474
-2.8793,-3.0151,9.3764
-2.6255,9.6881,9.3104
3.7427,3.6451,9.1404
-3.065,-9.2966,9.3184
9.4939,-8.7599,9.4074
3.038,-9.1545,9.4474
9.5993,-2.5367,9.3104
9.464,9.4485,-10.076
3.9585,9.8557,-3.591
10.231,10.095,-3.518
9.464,9.4485,2.818
10.046,3.8139,-3.576
3.9585,9.8557,9.3034
10.231,10.095,9.3764
10.046,3.8139,9.3184
-8.9379,-9.6578,-10.216
-9.6012,-4.6543,-3.847
-8.9379,-9.6578,2.678
-10.659,-10.216,-3.808
-3.7404,-10.625,-3.494
-9.6012,-4.6543,9.0474
-10.659,-10.216,9.0864
-3.7404,-10.625,9.4004
-9.1679,10.031,-9.9374
-9.389,-2.5993,-10.013
-3.4083,-8.8388,-9.7894
-2.7492,4.0079,-10.2
3.0568,-2.1942,-9.9374
-8.6493,2.96,-9.7434
-2.2196,-3.218,-10.095
-1.9926,9.2447,-10.055
4.1726,3.4528,-10.216
9.4755,-8.2169,-10.2
3.5754,-9.2648,-9.7434
10.232,-2.98,-10.055
-9.1679,10.031,2.957
-9.7362,8.3884,-3.411
-3.1693,2.0365,-3.457
3.5094,8.4563,-3.847
-9.389,-2.5993,2.881
-3.4083,-8.8388,3.105
-2.7492,4.0079,2.694
3.0568,-2.1942,2.957
-8.6493,2.9599,3.151
-2.2196,-3.218,2.799
-1.9926,9.2447,2.839
4.1726,3.4528,2.678
-10.624,2.6615,-3.511
-4.1988,-3.7194,-3.446
-4.0348,9.1726,-3.612
2.4515,2.8942,-3.808
2.4886,-3.8363,-3.411
9.0555,-10.188,-3.457
9.3702,2.4852,-3.494
9.4755,-8.2169,2.694
3.5754,-9.2648,3.151
10.232,-2.98,2.839
1.6012,-9.5632,-3.511
8.19,-3.0522,-3.612
-9.7362,8.3884,9.4834
-3.1693,2.0365,9.4374
3.5094,8.4563,9.0474
-10.624,2.6615,9.3834
-4.1988,-3.7194,9.4484
-4.0348,9.1726,9.2824
2.4515,2.8942,9.0864
2.4886,-3.8363,9.4834
9.0555,-10.188,9.4374
9.3702,2.4852,9.4004
1.6012,-9.5632,9.3834
8.19,-3.0522,9.2824
3.7216,10.511,-10.013
9.7023,4.2717,-9.7894
10.891,9.8925,-10.095
3.7216,10.511,2.881
9.7023,4.2717,3.105
10.891,9.8925,2.799
8.9118,9.3912,-3.446
8.9118,9.3912,9.4484
-12.138,-7.2112,-10.159
-13.552,-12.194,-9.9984
-12.082,-3.8963,-7.2354
-5.9858,-9.9738,-7.0174
-9.9074,-12.326,-7.3224
-11.878,-3.5667,-12.981
-5.9773,-9.8918,-12.742
-13.373,-9.9335,-13.731
-9.6479,-7.4417,-13.652
-9.9632,-12.553,-13.003
-6.0951,-13.447,-9.9954
-3.5693,-13.509,-13.489
-13.366,-6.3796,-3.496
-7.2458,-12.429,-3.493
-12.138,-7.2112,2.735
-13.552,-12.194,2.896
-12.921,-13.512,-3.591
-12.162,-1.2863,-3.652
-6.0515,-7.3823,-3.615
-13.74,-10.059,-6.194
-12.082,-3.8963,5.659
-5.9858,-9.9738,5.877
-9.9074,-12.326,5.572
-9.8063,-7.4983,-6.705
-11.878,-3.5667,-0.087
-5.9773,-9.8918,0.152
-13.373,-9.9335,-0.837
-9.6479,-7.4417,-0.758
-9.9632,-12.553,-0.109
-6.0951,-13.447,2.899
0.063132,-13.511,-3.652
-3.7263,-13.458,-6.504
-3.5693,-13.509,-0.595
-13.366,-6.3796,9.3984
-7.2458,-12.429,9.4014
-12.921,-13.512,9.3034
-12.162,-1.2863,9.2424
-6.0515,-7.3823,9.2794
-13.74,-10.059,6.7004
-9.8063,-7.4983,6.1894
-11.878,-3.5667,12.807
-5.9773,-9.8918,13.046
-13.373,-9.9335,12.057
-9.6479,-7.4417,12.136
-9.9632,-12.553,12.785
0.063132,-13.511,9.2424
-3.7263,-13.458,6.3904
-3.5693,-13.509,12.299
-12.666,13.141,-9.9984
-11.645,9.0527,-7.0604
-9.0216,13.01,-7.3224
-11.485,9.081,-12.88
-9.0774,12.783,-13.003
-11.58,5.6823,-10.079
-5.6264,-0.6866,-9.9114
-5.2093,11.889,-9.9954
0.97227,5.8994,-10.159
-13.19,0.0198,-10.143
-6.9289,-5.8838,-10.039
-6.5414,6.5711,-9.8894
-0.44123,0.91641,-9.9984
-5.5416,2.8716,-7.0594
0.57983,-3.1721,-7.0604
1.0288,9.2143,-7.2354
7.1248,3.1367,-7.0174
-9.4576,0.23547,-7.2524
-3.4005,-5.625,-7.0594
-3.0724,6.6546,-7.1594
3.2032,0.78489,-7.3224
-5.4553,2.7287,-12.876
0.73963,-3.1438,-12.88
1.2325,9.5438,-12.981
7.1333,3.2188,-12.742
-13.416,2.9225,-13.477
-7.3037,-3.5306,-13.554
-6.7041,9.128,-13.313
-0.26234,3.177,-13.731
-9.3133,5.2573,-13.554
-3.1947,-1.0536,-13.537
-2.6835,11.826,-13.489
3.4627,5.6689,-13.652
-9.4696,0.42709,-12.792
-3.4846,-5.7912,-12.746
-2.9529,6.7684,-13.056
3.1473,0.55791,-13.003
0.64517,-6.5424,-10.079
6.5983,-12.911,-9.9114
7.0155,-0.33617,-9.9954
13.197,-6.3254,-10.159
-0.96561,-12.205,-10.143
5.6833,-5.6536,-9.8894
11.784,-11.308,-9.9984
6.6832,-9.3532,-7.0594
13.254,-3.0104,-7.2354
2.7672,-11.989,-7.2524
9.1524,-5.5702,-7.1594
6.7694,-9.496,-12.876
13.457,-2.6809,-12.981
-1.1912,-9.3023,-13.477
5.5207,-3.0967,-13.313
11.962,-9.0477,-13.731
2.9115,-6.9674,-13.554
9.03,-13.278,-13.537
9.5413,-0.39839,-13.489
2.7552,-11.798,-12.792
9.2719,-5.4563,-13.056
-13.319,6.1535,-3.634
-6.36,12.906,-3.493
-12.666,13.141,2.896
-12.035,11.823,-3.591
-11.645,9.0527,5.834
-9.0216,13.01,5.572
-11.485,9.081,0.014
-9.0774,12.783,-0.109
-7.4112,-0.0049497,-3.548
-1.0946,-6.0712,-3.634
-0.25527,6.7309,-3.496
5.8647,0.68165,-3.493
-11.58,5.6823,2.815
-5.6264,-0.6866,2.983
-5.2093,11.889,2.899
0.97227,5.8994,2.735
-13.19,0.019799,2.751
-6.9289,-5.8838,2.855
-6.5414,6.5711,3.005
-0.44123,0.91641,2.896
-5.7106,5.3924,-3.535
0.1895,-0.40164,-3.591
0.94894,11.824,-3.652
7.059,5.7283,-3.615
-13.144,2.7803,-6.616
-7.2026,-3.4394,-6.449
-7.0605,9.2369,-6.149
-0.62933,3.0519,-6.194
-5.5416,2.8716,5.835
0.57983,-3.1721,5.834
1.0288,9.2143,5.659
7.1248,3.1367,5.877
-9.4576,0.23547,5.642
-3.4005,-5.625,5.835
-3.0724,6.6546,5.735
3.2032,0.78489,5.572
-9.2235,5.2397,-6.39
-3.0391,-1.0592,-6.535
-2.8404,11.877,-6.504
3.3043,5.6123,-6.705
-5.4553,2.7287,0.018
0.73963,-3.1438,0.014
1.2325,9.5438,-0.087
7.1333,3.2188,0.152
-13.416,2.9225,-0.583
-7.3037,-3.5306,-0.66
-6.7041,9.128,-0.419
-0.26234,3.177,-0.837
-9.3133,5.2573,-0.66
-3.1947,-1.0536,-0.643
-2.6835,11.826,-0.595
3.4627,5.6689,-0.758
-9.4696,0.42709,0.102
-3.4846,-5.7912,0.148
-2.9529,6.7684,-0.162
3.1473,0.55791,-0.109
4.8136,-12.23,-3.548
11.969,-5.4938,-3.496
0.64517,-6.5424,2.815
6.5983,-12.911,2.983
7.0155,-0.33617,2.899
13.197,-6.3254,2.735
-0.96561,-12.205,2.751
5.6833,-5.6536,3.005
11.784,-11.308,2.896
6.5142,-6.8324,-3.535
12.414,-12.626,-3.591
13.174,-0.40052,-3.652
-0.91895,-9.4444,-6.616
5.1643,-2.9878,-6.149
11.595,-9.1729,-6.194
6.6832,-9.3532,5.835
13.254,-3.0104,5.659
2.7672,-11.989,5.642
9.1524,-5.5702,5.735
3.0013,-6.9851,-6.39
9.1856,-13.284,-6.535
9.3843,-0.34748,-6.504
6.7694,-9.496,0.018
13.457,-2.6809,-0.087
-1.1912,-9.3023,-0.583
5.5207,-3.0967,-0.419
11.962,-9.0477,-0.837
2.9115,-6.9674,-0.66
9.03,-13.278,-0.643
9.5413,-0.39839,-0.595
2.7552,-11.798,0.102
9.2719,-5.4563,-0.162
-13.319,6.1535,9.2604
-6.36,12.906,9.4014
-12.035,11.823,9.3034
-11.485,9.081,12.908
-9.0774,12.783,12.785
-7.4112,-0.0049512,9.3464
-1.0946,-6.0712,9.2604
-0.25527,6.7309,9.3984
5.8647,0.68165,9.4014
-5.7106,5.3924,9.3594
0.1895,-0.40164,9.3034
0.94894,11.824,9.2424
7.059,5.7283,9.2794
-13.144,2.7803,6.2784
-7.2026,-3.4394,6.4454
-7.0605,9.2369,6.7454
-0.62933,3.0519,6.7004
-9.2235,5.2397,6.5044
-3.0391,-1.0592,6.3594
-2.8404,11.877,6.3904
3.3043,5.6123,6.1894
-5.4553,2.7287,12.912
0.73963,-3.1438,12.908
1.2325,9.5438,12.807
7.1333,3.2187,13.046
-13.416,2.9225,12.311
-7.3037,-3.5306,12.234
-6.7041,9.128,12.475
-0.26234,3.177,12.057
-9.3133,5.2573,12.234
-3.1947,-1.0536,12.251
-2.6835,11.826,12.299
3.4627,5.6689,12.136
-9.4696,0.42709,12.996
-3.4846,-5.7912,13.042
-2.9529,6.7684,12.732
3.1473,0.55791,12.785
4.8136,-12.23,9.3464
11.969,-5.4938,9.3984
6.5142,-6.8324,9.3594
12.414,-12.626,9.3034
13.174,-0.40052,9.2424
-0.91895,-9.4444,6.2784
5.1643,-2.9878,6.7454
11.595,-9.1729,6.7004
3.0013,-6.9851,6.5044
9.1856,-13.284,6.3594
9.3843,-0.34748,6.3904
6.7694,-9.496,12.912
13.457,-2.6809,12.807
-1.1912,-9.3023,12.311
5.5207,-3.0967,12.475
11.962,-9.0477,12.057
2.9115,-6.9674,12.234
9.03,-13.278,12.251
9.5413,-0.3984,12.299
2.7552,-11.798,12.996
9.2719,-5.4563,12.732
7.4841,12.424,-9.9114
-0.079809,13.13,-10.143
6.1816,7.2267,-10.039
12.669,14.027,-9.9984
13.69,9.9385,-7.0604
3.653,13.346,-7.2524
9.7101,7.4855,-7.0594
13.85,9.9668,-12.88
5.8069,9.58,-13.554
9.9159,12.057,-13.537
3.641,13.538,-12.792
9.6259,7.3194,-12.746
13.756,6.5681,-10.079
12.145,0.90561,-10.143
11.919,3.8083,-13.477
5.6994,13.106,-3.548
12.016,7.0393,-3.634
7.4841,12.424,2.983
-0.079809,13.13,2.751
6.1816,7.2267,2.855
12.669,14.027,2.896
13.3,12.709,-3.591
5.908,9.6712,-6.449
13.69,9.9385,5.834
3.653,13.346,5.642
9.7101,7.4855,5.835
10.071,12.051,-6.535
13.85,9.9668,0.014
5.8069,9.58,-0.66
9.9159,12.057,-0.643
3.641,13.538,0.102
9.6259,7.3194,0.148
13.756,6.5681,2.815
12.145,0.9056,2.751
12.192,3.6661,-6.616
11.919,3.8083,-0.583
5.6994,13.106,9.3464
12.016,7.0393,9.2604
13.3,12.709,9.3034
5.908,9.6712,6.4454
10.071,12.051,6.3594
13.85,9.9668,12.908
5.8069,9.58,12.234
9.9159,12.057,12.251
3.641,13.538,12.996
9.6259,7.3194,13.042
12.192,3.6661,6.2784
11.919,3.8083,12.311
0,0,0
0.098995,-0.074955,6.2194
-0.2291,-6.2537,-0.083
-6.3378,-0.27931,-0.574
0.40447,6.3668,-0.267
6.4336,0.057689,0.033
0.098995,-0.074953,-6.675
-6.1037,-0.41719,6.064
6.0736,-6.1415,-0.295
-6.1511,6.0832,-0.295
-0.021213,6.1815,6.3344
6.2685,0.10253,6.3414
-0.27436,-6.3611,6.3184
-0.021213,6.1815,-6.56
6.2685,0.10253,-6.553
-0.27436,-6.3611,-6.576
-6.1037,-0.41719,-6.8304
6.5847,6.5224,-0.624
-6.5259,-6.5881,-0.624
5.9626,-6.0927,6.2974
6.3024,6.5471,5.791
5.9626,-6.0927,-6.597
-6.2621,6.132,6.2974
-6.2621,6.132,-6.597
-6.8081,-6.5635,5.791
6.3024,6.5471,-7.1034
-6.8081,-6.5635,-7.1034
-0.38579,-12.584,-0.126
-12.611,-0.35921,-0.126
12.725,0.5266,-0.126
0.50002,12.751,-0.126
5.583e-16,1.4142e-06,-12.894
-5.583e-16,-1.4142e-06,12.894
-5.7912,12.282,0.033
-12.454,5.9711,-0.083
5.887,-12.504,-0.574
-6.3378,-0.27931,12.32
0.49922,12.374,6.3334
12.629,-5.858,-0.267
0.49922,12.374,-6.561
-12.611,-0.73619,6.3334
0.40447,6.3668,12.627
12.724,0.14961,6.3334
-12.611,-0.73619,-6.561
-0.2291,-6.2537,12.811
12.724,0.14961,-6.561
6.4336,0.057691,-12.861
-12.706,-6.7438,-0.267
-0.2291,-6.2537,-12.977
-0.38659,-12.961,6.3334
6.4336,0.057688,12.927
6.7728,12.831,-0.574
-0.38659,-12.961,-6.561
12.881,6.8569,-0.083
0.40447,6.3668,-13.161
-6.677,-13.053,0.033
-6.3378,-0.27931,-13.468
12.204,-6.0432,6.3344
-5.9563,12.327,6.3414
12.204,-6.0432,-6.56
-5.9563,12.327,-6.553
-12.499,5.8636,6.3184
6.0736,-6.1415,12.599
-6.1511,6.0832,12.599
-12.499,5.8636,-6.576
6.121,-12.642,6.064
6.5847,6.5224,12.27
-6.5259,-6.5881,12.27
6.121,-12.642,-6.8304
7.0068,12.693,6.064
6.0736,-6.1415,-13.189
-6.1511,6.0832,-13.189
12.836,6.7494,6.3184
12.836,6.7494,-6.576
-6.8421,-13.008,6.3414
7.0068,12.693,-6.8304
-6.8421,-13.008,-6.553
-13.132,-6.929,6.3344
-13.132,-6.929,-6.56
6.5847,6.5224,-13.518
-6.5259,-6.5881,-13.518
-12.225,12.225,-1.0586e-15
12.225,-12.225,1.0586e-15
-0.38579,-12.584,12.768
-12.611,-0.35921,12.768
12.725,0.52659,12.768
0.50002,12.751,12.768
-0.38579,-12.584,-13.02
-12.611,-0.35921,-13.02
12.725,0.5266,-13.02
0.50002,12.751,-13.02
-12.126,12.15,6.2194
-12.126,12.15,-6.675
12.324,-12.3,6.2194
5.887,-12.504,12.32
-13.111,-13.111,0
13.111,13.111,0
12.324,-12.3,-6.675
-5.7912,12.282,-12.861
-5.7912,12.282,12.927
12.629,-5.858,12.627
-12.454,5.9711,12.811
-12.454,5.9711,-12.977
6.7728,12.831,12.32
-12.706,-6.7438,12.627
12.629,-5.858,-13.161
5.887,-12.504,-13.468
12.881,6.8569,12.811
-12.706,-6.7438,-13.161
-6.677,-13.053,-12.861
12.881,6.8569,-12.977
-13.012,-13.186,6.2194
-6.677,-13.053,12.927
13.21,13.036,6.2194
-13.012,-13.186,-6.675
13.21,13.036,-6.675
6.7728,12.831,-13.468
12.225,-12.225,-12.894
-12.225,12.225,12.894
-12.225,12.225,-12.894
12.225,-12.225,12.894
-13.111,-13.111,-12.894
13.111,13.111,12.894
-13.111,-13.111,12.894
13.111,13.111,-12.894
