-3.9866,-9.5657,-9.2388
-9.5211,-3.8275,-9.0838
-9.8301,-9.8471,-8.9588
-3.9866,-9.5657,2.864
-9.5211,-3.8275,3.019
-8.9561,-8.8855,-2.924
-9.8301,-9.8471,3.144
-8.9561,-8.8855,9.1788
-9.0425,7.9111,-9.1048
-3.2414,2.3108,-9.1558
8.5107,2.9317,-9.2388
2.9762,8.6698,-9.0838
-9.7072,2.1949,-8.6798
-3.6805,-3.3651,-8.9638
-3.1176,8.1862,-8.8528
2.6672,2.6502,-8.9588
2.3671,-3.4986,-9.1048
8.1682,-9.0988,-9.1558
1.7025,-9.2148,-8.6798
8.292,-3.2235,-8.8528
-8.379,9.0253,-3.096
-9.0425,7.9111,2.998
-3.2414,2.3108,2.947
8.5107,2.9317,2.864
2.9762,8.6698,3.019
-8.696,-2.8171,-3.26
-2.3243,3.3948,-3.1
3.0307,-2.3844,-3.096
-8.5136,3.1579,-2.829
-2.728,-2.6177,-2.811
-2.0987,9.2376,-2.897
3.5412,3.6119,-2.924
-9.7072,2.1949,3.423
-3.6805,-3.3651,3.139
-3.1176,8.1862,3.25
2.6672,2.6502,3.144
2.3671,-3.4986,2.998
8.1682,-9.0988,2.947
-2.9185,-8.7559,-3.118
9.0854,-8.0148,-3.1
2.8961,-8.2517,-2.829
9.3109,-2.172,-2.897
1.7025,-9.2148,3.423
8.292,-3.2235,3.25
-8.379,9.0253,9.0068
-8.696,-2.8171,8.8428
-2.3243,3.3948,9.0028
3.0307,-2.3844,9.0068
-8.5136,3.1579,9.2738
-2.728,-2.6177,9.2918
-2.0987,9.2376,9.2058
3.5412,3.6119,9.1788
-2.9185,-8.7559,8.9848
9.0854,-8.0148,9.0028
2.8961,-8.2517,9.2738
9.3109,-2.172,9.2058
8.8168,9.1323,-8.9638
3.8013,9.6803,-3.26
9.7693,9.8797,-2.811
8.8168,9.1323,3.139
9.5788,3.7415,-3.118
3.8013,9.6803,8.8428
9.7693,9.8797,9.2918
9.5789,3.7415,8.9848
-8.4682,-9.239,-9.0538
-9.2828,-4.1832,-3.13
-8.4682,-9.239,3.049
-10.299,-9.5297,-3.048
-3.5279,-10.119,-3.042
-9.2828,-4.1832,8.9728
-10.299,-9.5297,9.0548
-3.5279,-10.119,9.0608
-8.4087,9.2643,-9.0118
-8.8714,-2.4876,-8.9498
-3.2958,-8.2484,-9.1128
-2.6743,3.6911,-9.1528
3.001,-2.1454,-9.0118
-8.3905,2.8652,-8.8988
-2.2564,-2.9946,-9.2068
-1.8604,8.9866,-8.9978
4.0291,3.2583,-9.0538
8.7353,-7.7186,-9.1528
3.0191,-8.5445,-8.8988
9.5492,-2.423,-8.9978
-8.4087,9.2643,3.091
-9.046,7.687,-2.985
-3.0879,2.1107,-3.118
3.2145,8.3142,-3.13
-8.8714,-2.4876,3.153
-3.2958,-8.2484,2.99
-2.6743,3.6911,2.95
3.001,-2.1454,3.091
-8.3905,2.8652,3.204
-2.2564,-2.9946,2.896
-1.8604,8.9866,3.105
4.0291,3.2583,3.049
-9.8083,2.4134,-2.949
-4.0489,-3.3177,-2.885
-3.5023,8.7448,-2.779
2.1984,2.9677,-3.048
2.3636,-3.7227,-2.985
8.3217,-9.299,-3.118
8.9694,2.3782,-3.042
8.7353,-7.7186,2.95
3.0191,-8.5445,3.204
9.5492,-2.423,3.105
1.6013,-8.9963,-2.949
7.9073,-2.6649,-2.779
-9.046,7.687,9.1178
-3.0879,2.1107,8.9848
3.2145,8.3142,8.9728
-9.8083,2.4134,9.1538
-4.0489,-3.3177,9.2178
-3.5023,8.7448,9.3238
2.1984,2.9677,9.0548
2.3636,-3.7227,9.1178
8.3217,-9.299,8.9848
8.9694,2.3782,9.0608
1.6013,-8.9963,9.1538
7.9073,-2.6649,9.3238
3.626,10.01,-8.9498
9.2015,4.249,-9.1128
10.241,9.5028,-9.2068
3.626,10.01,3.153
9.2015,4.249,2.99
10.241,9.5028,2.896
8.4484,9.1796,-2.885
8.4484,9.1796,9.2178
-11.618,-6.924,-8.8208
-12.753,-11.81,-9.1998
-11.321,-3.6925,-6.3538
-5.4574,-9.4257,-6.3718
-9.6555,-11.944,-6.3648
-9.0007,-7.1495,-6.0258
-11.63,-3.4726,-11.737
-5.6992,-9.1683,-12.044
-13.005,-9.4102,-12.447
-9.2779,-7.1,-12.238
-9.4766,-11.655,-11.815
-6.0905,-12.764,-9.1428
-3.54,-12.663,-12.331
-12.671,-5.9969,-2.88
-7.1863,-11.63,-3.115
-11.618,-6.924,3.282
-12.753,-11.81,2.903
-12.184,-12.85,-3.114
-11.646,-1.1922,-2.955
-5.8194,-6.8221,-3.124
-12.828,-9.6152,-5.823
-11.321,-3.6925,5.749
-5.4574,-9.4257,5.731
-9.6555,-11.944,5.738
-9.0007,-7.1495,6.077
-11.63,-3.4726,0.366
-5.6992,-9.1683,0.059
-13.005,-9.4102,-0.344
-9.2779,-7.1,-0.135
-9.4766,-11.655,0.288
-6.0905,-12.764,2.96
-0.23636,-12.602,-2.955
-3.4905,-12.861,-5.714
-3.54,-12.663,-0.228
-12.671,-5.9969,9.2228
-7.1863,-11.63,8.9878
-12.184,-12.85,8.9888
-11.646,-1.1922,9.1478
-5.8194,-6.8221,8.9788
-12.828,-9.6152,6.2798
-11.63,-3.4726,12.469
-5.6992,-9.1683,12.162
-13.005,-9.4102,11.759
-9.2779,-7.1,11.968
-9.4766,-11.655,12.391
-0.23636,-12.602,9.1478
-3.4905,-12.861,6.3888
-3.54,-12.663,11.875
-11.666,12.097,-9.1998
-10.922,8.2821,-6.2708
-8.5678,11.963,-6.3648
-10.913,8.4144,-11.896
-8.3889,12.253,-11.815
-11.261,5.0742,-8.9758
-5.2439,-0.41154,-8.9868
-5.0028,11.143,-9.1428
0.87964,5.5734,-8.8208
-12.522,0.075661,-8.9918
-6.5386,-5.3464,-9.2848
-6.0804,6.1243,-9.0628
-0.25597,0.68731,-9.1998
-5.3981,2.5555,-6.4418
0.4872,-3.1275,-6.2708
1.1766,8.8049,-6.3538
7.04,3.0717,-6.3718
-9.0439,0.052327,-6.1328
-3.2732,-5.461,-6.4708
2.8419,0.55367,-6.3648
3.4966,5.3478,-6.0258
-5.4412,2.7358,-11.81
0.49639,-2.9953,-11.896
0.86762,9.0248,-11.737
6.7981,3.3291,-12.044
-12.446,2.6368,-12.508
-7.0216,-3.1099,-12.404
-6.4007,8.8473,-12.458
-0.5077,3.0872,-12.447
-8.9209,5.0035,-12.085
-2.9981,-0.51477,-12.479
-2.4522,11.244,-12.331
3.2195,5.3973,-12.238
-9.1768,0.38891,-11.583
-3.4295,-5.3811,-11.855
-2.9168,6.4425,-11.845
3.0208,0.84287,-11.815
0.14824,-6.3355,-8.9758
6.1657,-11.821,-8.9868
6.4068,-0.26637,-9.1428
12.289,-5.8363,-8.8208
-1.1125,-11.334,-8.9918
5.3292,-5.2854,-9.0628
11.154,-10.722,-9.1998
6.0116,-8.8542,-6.4418
12.586,-2.6048,-6.3538
2.3657,-11.357,-6.1328
5.9684,-8.6739,-11.81
12.277,-2.3849,-11.737
-1.0362,-8.7729,-12.508
5.0089,-2.5623,-12.458
10.902,-8.3224,-12.447
2.4888,-6.4062,-12.085
8.4115,-11.924,-12.479
8.9574,-0.16526,-12.331
2.2328,-11.021,-11.583
8.4928,-4.9672,-11.845
-12.412,5.943,-3.016
-6.0985,12.277,-3.115
-11.666,12.097,2.903
-11.096,11.057,-3.114
-10.922,8.2821,5.832
-8.5678,11.963,5.738
-10.913,8.4144,0.207
-8.3889,12.253,0.288
-6.3915,0.23971,-2.877
-1.002,-5.4666,-3.016
-0.17324,6.5004,-2.88
5.3111,0.86762,-3.115
-11.261,5.0742,3.127
-5.2439,-0.41154,3.116
-5.0028,11.143,2.96
0.87964,5.5734,3.282
-12.522,0.07566,3.111
-6.5386,-5.3464,2.818
-6.0804,6.1243,3.04
-0.25597,0.68731,2.903
-5.3012,5.0608,-3.142
0.31325,-0.35285,-3.114
0.85136,11.305,-2.955
6.6779,5.6752,-3.124
-12.298,2.3971,-5.865
-6.7246,-3.3093,-5.94
-6.0712,8.7073,-5.606
-0.33093,2.8822,-5.823
-5.3981,2.5555,5.661
0.4872,-3.1275,5.832
1.1766,8.8049,5.749
7.04,3.0717,5.731
-9.0439,0.052326,5.97
-3.2732,-5.461,5.632
-2.5725,6.4644,-5.948
2.8419,0.55366,5.738
-8.6967,4.9971,-5.735
-3.0236,-0.68589,-5.655
-2.4027,11.046,-5.714
3.4966,5.3478,6.077
-5.4412,2.7358,0.293
0.49639,-2.9953,0.207
0.86762,9.0248,0.366
6.7981,3.3291,0.059
-12.446,2.6368,-0.405
-7.0216,-3.1099,-0.301
-6.4007,8.8473,-0.355
-0.5077,3.0872,-0.344
-8.9209,5.0035,0.018
-2.9981,-0.51477,-0.376
-2.4522,11.244,-0.228
3.2195,5.3973,-0.135
-9.1768,0.38891,0.52
-3.4295,-5.3811,0.248
-2.9168,6.4424,0.258
3.0208,0.84287,0.288
5.0181,-11.17,-2.877
11.236,-4.9092,-2.88
0.14824,-6.3355,3.127
6.1657,-11.821,3.116
6.4068,-0.26637,2.96
12.289,-5.8363,3.282
-1.1125,-11.334,3.111
5.3292,-5.2854,3.04
11.154,-10.722,2.903
6.1084,-6.3489,-3.142
11.723,-11.763,-3.114
12.261,-0.10444,-2.955
-0.88838,-9.0126,-5.865
5.3384,-2.7024,-5.606
11.079,-8.5275,-5.823
6.0116,-8.8542,5.661
12.586,-2.6048,5.749
2.3657,-11.357,5.97
8.8372,-4.9453,-5.948
2.7129,-6.4125,-5.735
8.386,-12.096,-5.655
9.0069,-0.36325,-5.714
5.9684,-8.6739,0.293
12.277,-2.3849,0.366
-1.0362,-8.7729,-0.405
5.0089,-2.5623,-0.355
10.902,-8.3224,-0.344
2.4888,-6.4062,0.018001
8.4115,-11.924,-0.376
8.9574,-0.16526,-0.228
2.2328,-11.021,0.52
8.4928,-4.9672,0.258
-12.412,5.943,9.0868
-6.0985,12.277,8.9878
-11.096,11.057,8.9888
-10.913,8.4144,12.31
-8.3889,12.253,12.391
-6.3915,0.23971,9.2258
-1.002,-5.4666,9.0868
-0.17324,6.5004,9.2228
5.3111,0.86762,8.9878
-5.3012,5.0608,8.9608
0.31325,-0.35285,8.9888
0.85136,11.305,9.1478
6.6779,5.6752,8.9788
-12.298,2.3971,6.2378
-6.7246,-3.3093,6.1628
-6.0712,8.7073,6.4968
-0.33093,2.8822,6.2798
-2.5725,6.4644,6.1548
-8.6967,4.9971,6.3678
-3.0236,-0.68589,6.4478
-2.4027,11.046,6.3888
-5.4412,2.7358,12.396
0.49639,-2.9953,12.31
0.86762,9.0248,12.469
6.7981,3.3291,12.162
-12.446,2.6368,11.698
-7.0216,-3.1099,11.802
-6.4007,8.8473,11.748
-0.5077,3.0872,11.759
-8.9209,5.0035,12.121
-2.9981,-0.51477,11.727
-2.4522,11.244,11.875
3.2195,5.3973,11.968
-9.1768,0.38891,12.623
-3.4295,-5.3811,12.351
-2.9168,6.4424,12.361
3.0208,0.84287,12.391
5.0181,-11.17,9.2258
11.236,-4.9092,9.2228
6.1084,-6.3489,8.9608
11.723,-11.763,8.9888
12.261,-0.10445,9.1478
-0.88838,-9.0126,6.2378
5.3384,-2.7024,6.4968
11.079,-8.5275,6.2798
8.8372,-4.9453,6.1548
2.7129,-6.4125,6.3678
8.386,-12.096,6.4478
9.0069,-0.36325,6.3888
5.9684,-8.6739,12.396
12.277,-2.3849,12.469
-1.0362,-8.7729,11.698
5.0089,-2.5623,11.748
10.902,-8.3224,11.759
2.4888,-6.4062,12.121
8.4115,-11.924,11.727
8.9574,-0.16526,11.875
2.2328,-11.021,12.623
8.4928,-4.9672,12.361
7.2534,12.086,-8.9868
-0.02482,12.573,-8.9918
5.9587,7.1509,-9.2848
12.241,13.185,-9.1998
12.985,9.3698,-6.2708
3.4534,12.55,-6.1328
9.2241,7.0364,-6.4708
12.994,9.5021,-11.896
5.4758,9.3875,-12.404
9.4992,11.983,-12.479
3.3205,12.886,-11.583
9.0679,7.1163,-11.855
12.646,6.1619,-8.9758
11.385,1.1634,-8.9918
11.461,3.7245,-12.508
6.1058,12.737,-2.877
11.495,7.0307,-3.016
7.2534,12.086,3.116
-0.024819,12.573,3.111
5.9587,7.1509,2.818
12.241,13.185,2.903
12.811,12.145,-3.114
5.7727,9.1881,-5.94
12.985,9.3698,5.832
3.4534,12.55,5.97
9.2241,7.0364,5.632
9.4737,11.811,-5.655
12.994,9.5021,0.207
5.4758,9.3875,-0.301
9.4992,11.983,-0.376
3.3205,12.886,0.52
9.0679,7.1163,0.248
12.646,6.1619,3.127
11.385,1.1634,3.111
11.609,3.4848,-5.865
11.461,3.7245,-0.405
6.1058,12.737,9.2258
11.495,7.0307,9.0868
12.811,12.145,8.9888
5.7727,9.1881,6.1628
9.4737,11.811,6.4478
12.994,9.5021,12.31
5.4758,9.3875,11.802
9.4992,11.983,11.727
3.3205,12.886,12.623
9.0679,7.1163,12.351
11.609,3.4848,6.2378
11.461,3.7245,11.698
0,0,0
5.8895,0.27082,0.018
-0.47447,-5.9135,0.294
-0.15981,-0.21637,-5.949
0.18597,6.0012,-0.074
-0.15981,-0.21638,6.1538
-6.2586,-0.25385,0.333
5.4289,-5.7189,0.026001
-5.9807,5.6908,0.026
-6.0097,-0.31891,-5.721
0.4773,5.7495,-6.0238
0.4773,5.7495,6.079
5.9274,0.22719,-5.948
-0.45043,-6.0663,-5.826
5.9274,0.22719,6.1548
-0.45043,-6.0663,6.2768
-6.0097,-0.31891,6.3818
6.1178,6.3441,-0.018
-6.3795,-6.1532,-0.018
-5.6639,5.6144,-5.974
-5.6639,5.6144,6.1288
5.7457,-5.7952,-5.974
5.7457,-5.7952,6.1288
6.4113,6.0648,6.041
6.4113,6.0648,-6.0618
-6.0861,-6.4326,6.041
-6.0861,-6.4325,-6.0618
11.779,0.60196,0.199
-0.7179,-11.895,0.199
0.36982,12.012,0.199
7.0711e-07,-7.0711e-07,12.103
-7.0711e-07,7.0711e-07,-12.103
-12.128,-0.48576,0.199
5.151,-11.664,0.333
11.596,-5.4085,-0.073999
-5.5201,11.68,0.017999
0.46528,11.633,-5.908
-11.884,5.4961,0.294
0.46528,11.633,6.1948
-0.47447,-5.9135,-11.809
11.875,0.22365,-5.908
-6.2586,-0.25385,-11.77
11.875,0.22365,6.1948
-12.032,-0.86406,-5.908
0.18597,6.0012,12.029
5.8895,0.27082,-12.085
5.8895,0.27082,12.121
-12.032,-0.86406,6.1948
0.18597,6.0012,-12.177
-0.62244,-12.274,-5.908
12.023,6.5838,0.294
-0.47447,-5.9135,12.397
6.2387,12.244,0.333
-0.62244,-12.274,6.1948
-6.6078,-12.227,0.018
-12.311,-6.4962,-0.074
-6.2586,-0.25385,12.436
5.3999,-11.729,-5.721
-5.4822,11.637,-5.948
-11.86,5.3434,-5.826
-5.4822,11.637,6.1548
5.3999,-11.729,6.3818
5.4289,-5.7189,-12.077
-11.86,5.3434,6.2768
5.4289,-5.7189,12.129
11.887,-5.6602,-6.0238
11.887,-5.6602,6.079
-5.9807,5.6908,-12.077
-5.9807,5.6908,12.129
12.047,6.4311,-5.826
6.4876,12.178,-5.721
6.1178,6.3441,12.085
6.1178,6.3441,-12.121
-6.3795,-6.1532,12.085
-6.3795,-6.1532,-12.121
12.047,6.4311,6.2768
-12.02,-6.7479,-6.0238
-12.02,-6.7479,6.079
-6.5699,-12.27,-5.948
6.4876,12.178,6.3818
-6.5699,-12.27,6.1548
11.41,-11.41,1e-06
-11.41,11.41,-1e-06
11.779,0.60196,-11.904
-0.7179,-11.895,-11.904
0.36982,12.012,-11.904
-12.128,-0.48576,-11.904
11.779,0.60195,12.302
-0.7179,-11.895,12.302
-11.569,11.193,-5.949
0.36982,12.012,12.302
-11.569,11.193,6.1538
11.25,-11.626,-5.949
-12.128,-0.48576,12.302
11.25,-11.626,6.1538
5.151,-11.664,-11.77
11.596,-5.4085,12.029
-11.884,5.4961,-11.809
11.596,-5.4085,-12.177
-12.497,-12.497,1.9594e-21
12.497,12.497,-1.9594e-21
-5.5201,11.68,-12.085
-5.5201,11.68,12.121
5.151,-11.664,12.436
-11.884,5.4961,12.397
12.023,6.5838,-11.809
6.2387,12.244,-11.77
12.338,12.281,-5.949
-12.311,-6.4962,12.029
-6.6078,-12.227,-12.085
-6.6078,-12.227,12.121
12.338,12.281,6.1538
12.023,6.5838,12.397
-12.311,-6.4962,-12.177
6.2387,12.244,12.436
-12.657,-12.714,-5.949
-12.657,-12.714,6.1538
-11.41,11.41,12.103
11.41,-11.41,-12.103
-11.41,11.41,-12.103
11.41,-11.41,12.103
12.497,12.497,12.103
-12.497,-12.497,-12.103
-12.497,-12.497,12.103
12.497,12.497,-12.103
