-9.9206,-10.051,-9.0498
-9.4801,2.1376,-9.1628
-3.8141,-3.4761,-8.7778
-9.7495,-3.585,-9.0478
-3.9548,-9.507,-9.1568
1.9295,-9.2721,-9.1628
-9.9206,-10.051,3.053
-9.4801,2.1376,2.94
-3.8141,-3.4761,3.325
-8.9561,-8.8784,-2.608
-8.5446,-2.8114,-3.071
-2.9698,-8.5602,-2.946
-9.7495,-3.585,3.055
-3.9548,-9.507,2.946
1.9295,-9.2721,2.94
-8.9561,-8.8784,9.4948
-8.5446,-2.8114,9.0318
-2.9698,-8.5602,9.1568
-9.294,8.215,-9.1038
-3.0427,8.4931,-9.0358
2.5767,2.4466,-9.0498
8.6833,9.0213,-8.7778
-3.4189,2.6382,-9.1038
2.1157,-3.1947,-9.1038
2.7478,8.9124,-9.0478
8.5426,2.9904,-9.1568
8.3669,-2.9166,-9.0358
7.9908,-8.7715,-9.1038
-8.5593,3.4116,-3.364
-2.3975,9.4842,-3.136
-8.1258,8.9871,-2.679
-9.294,8.215,2.999
-3.0427,8.4931,3.067
2.5767,2.4466,3.053
8.6833,9.0213,3.325
-2.8857,-2.436,-3.105
2.8503,-7.9981,-3.364
3.5412,3.619,-2.608
9.0121,-1.9255,-3.136
-2.2832,3.2463,-3.025
3.2838,-2.4225,-2.679
3.9527,9.6859,-3.071
9.5276,3.9372,-2.946
-3.4189,2.6382,2.999
2.1157,-3.1947,2.999
2.7478,8.9124,3.055
8.5426,2.9904,2.946
8.3669,-2.9166,3.067
9.1264,-8.1633,-3.025
7.9908,-8.7715,2.999
-8.5593,3.4116,8.7388
-2.3975,9.4842,8.9668
-8.1258,8.9871,9.4238
-2.8857,-2.436,8.9978
2.8503,-7.9981,8.7388
3.5412,3.619,9.4948
9.0121,-1.9255,8.9668
-2.2832,3.2463,9.0778
3.2838,-2.4225,9.4238
3.9527,9.6859,9.0318
9.5276,3.9372,9.1568
9.1264,-8.1633,9.0778
9.6116,10.061,-3.105
9.6116,10.061,8.9978
-9.1753,-8.7851,-8.7588
-8.4435,-2.8701,-8.8818
-2.6056,-8.8466,-9.1848
-9.5551,-10.235,-2.807
-9.256,2.1355,-3.002
-3.3905,-3.8417,-3.181
-9.1753,-8.7851,3.344
-8.4435,-2.8701,3.221
-2.6056,-8.8466,2.918
-9.9624,-3.2916,-3.169
-4.3451,-9.1436,-2.974
2.1537,-9.2742,-3.002
-9.5551,-10.235,9.2958
-9.256,2.1355,9.1008
-3.3905,-3.8417,8.9218
-9.9624,-3.2916,8.9338
-4.3451,-9.1436,9.1288
2.1537,-9.2742,9.1008
-8.8329,3.4745,-8.9848
-2.3572,9.7918,-9.3048
-7.9745,8.8768,-8.8768
-3.049,-2.2288,-9.0838
2.5767,-7.9352,-8.9848
3.322,3.7123,-8.7588
9.0524,-1.6179,-9.3048
-2.0952,3.3185,-8.9388
3.4351,-2.5329,-8.8768
4.0538,9.6273,-8.8818
9.8917,3.6508,-9.1848
9.3145,-8.0912,-8.9388
-8.8329,3.4745,3.118
-2.3572,9.7918,2.798
-7.9745,8.8768,3.226
-9.5895,8.7269,-2.867
-2.9175,8.095,-2.978
2.9423,2.262,-2.807
9.1068,8.6557,-3.181
-3.049,-2.2288,3.019
2.5767,-7.9352,3.118
3.322,3.7123,3.344
9.0524,-1.6179,2.798
-2.0952,3.3185,3.164
3.4351,-2.5329,3.226
4.0538,9.6273,3.221
9.8917,3.6508,2.918
-3.7151,2.8991,-2.763
1.8201,-2.6828,-2.867
2.535,9.2058,-3.169
8.1522,3.3538,-2.974
8.4921,-3.3147,-2.978
9.3145,-8.0912,3.164
7.6945,-8.5105,-2.763
-9.5895,8.7269,9.2358
-2.9175,8.095,9.1248
2.9423,2.262,9.2958
9.1068,8.6557,8.9218
-3.7151,2.8991,9.3398
1.8201,-2.6828,9.2358
2.535,9.2058,8.9338
8.1522,3.3538,9.1288
8.4921,-3.3147,9.1248
7.6945,-8.5105,9.3398
9.4483,10.269,-9.0838
9.4483,10.269,3.019
-11.399,2.474,-6.3678
-11.407,2.5702,-11.782
-12.429,-12.907,-9.2198
-11.616,-0.83436,-9.1868
-5.8329,-6.6404,-8.8208
-6.7542,0.1372,-9.1898
-12.668,-5.6278,-9.2048
-7.001,-11.719,-8.8748
-11.71,-9.4236,-6.2498
-5.7593,-3.2718,-6.2648
0.010677,-8.9357,-6.3678
-9.3974,-5.712,-6.3578
-3.7363,-11.339,-6.2998
-11.78,-9.4681,-11.763
-5.6059,-3.2102,-11.854
0.0021913,-8.8395,-11.782
-12.755,-3.3092,-12.445
-7.013,-9.0297,-12.014
-9.4759,-12.891,-12.006
-9.0233,-0.75304,-12.521
-3.2151,-6.5697,-12.082
-9.3776,-5.3061,-11.771
-3.6224,-11.183,-12.006
-0.20666,-12.244,-9.1868
4.6554,-11.272,-9.1898
2.3863,-12.163,-12.521
-12.475,0.10376,-3.187
-11.352,4.9807,-3.008
-11.399,2.474,5.735
-11.407,2.5702,0.321
-13.132,-12.211,-3.145
-6.7542,-5.9227,-2.864
-1.0655,-11.306,-3.187
-12.429,-12.907,2.883
-11.616,-0.83436,2.916
-5.8329,-6.6404,3.282
-6.7542,0.1372,2.913
-12.668,-5.6278,2.898
-7.001,-11.719,3.228
-11.908,-7.0569,-3.095
-6.3328,-12.783,-2.888
0.058053,-6.429,-3.008
-12.931,-3.4648,-5.704
-7.1325,-9.162,-5.491
-11.71,-9.4236,5.853
-5.7593,-3.2718,5.838
0.010677,-8.9357,5.735
-9.3974,-5.712,5.745
-3.7363,-11.339,5.803
-9.5515,-12.961,-5.576
-9.2093,-0.82588,-5.628
-3.1635,-6.412,-5.623
-11.78,-9.4681,0.34
-5.6059,-3.2102,0.249
0.002192,-8.8395,0.321
-12.755,-3.3092,-0.342
-7.013,-9.0297,0.089
-9.4759,-12.891,0.097
-9.0233,-0.75304,-0.418
-3.2151,-6.5697,0.021
-9.3776,-5.3061,0.332
-3.6224,-11.183,0.097
-0.20666,-12.244,2.916
4.6554,-11.272,2.913
2.2003,-12.236,-5.628
2.3863,-12.163,-0.418
-12.475,0.10376,8.9158
-11.352,4.9807,9.0948
-11.407,2.5702,12.424
-13.132,-12.211,8.9578
-6.7542,-5.9227,9.2388
-1.0655,-11.306,8.9158
-11.908,-7.0569,9.0078
-6.3328,-12.783,9.2148
0.058054,-6.429,9.0948
-12.931,-3.4648,6.3988
-7.1325,-9.162,6.6118
-9.5515,-12.961,6.5268
-9.2093,-0.82588,6.4748
-3.1635,-6.412,6.4798
-11.78,-9.4681,12.443
-5.6059,-3.2102,12.352
0.0021927,-8.8395,12.424
-12.755,-3.3092,11.761
-7.013,-9.0297,12.192
-9.4759,-12.891,12.2
-9.0233,-0.75304,11.685
-3.2151,-6.5697,12.124
-9.3776,-5.3061,12.435
-3.6224,-11.183,12.2
2.2003,-12.236,6.4748
2.3863,-12.163,11.685
-11.341,11,-9.2198
-12.233,6.042,-8.9828
-5.9133,12.188,-8.8748
-4.9283,8.6859,-6.1688
-8.7813,6.3107,-6.2298
-2.6486,12.568,-6.2998
-5.0351,8.821,-11.629
-12.365,8.5763,-12.265
-8.3882,11.016,-12.006
-8.741,6.5391,-11.999
-2.5347,12.724,-12.006
-5.4659,5.3995,-8.9978
0.068589,-0.40941,-9.2198
0.88105,11.663,-9.1868
6.6645,5.857,-8.8208
5.7431,12.635,-9.1898
-0.82378,-5.3676,-8.9828
-0.17041,6.8695,-9.2048
5.4963,0.77853,-8.8748
0.78701,3.0738,-6.2498
6.4813,-2.7238,-6.1688
6.738,9.2256,-6.2648
12.508,3.5617,-6.3678
-2.9748,0.59468,-6.3498
2.6283,-5.0989,-6.2298
3.1,6.7854,-6.3578
8.7611,1.1582,-6.2998
0.71701,3.0292,-11.763
6.3746,-2.5887,-11.629
6.8915,9.2871,-11.854
12.5,3.6579,-11.782
-6.4495,2.9918,-12.622
-0.9553,-2.8334,-12.265
-0.25739,9.1881,-12.445
5.4843,3.4677,-12.014
-2.6403,5.2835,-12.385
3.0215,-0.39386,-12.006
3.474,11.744,-12.521
9.2822,5.9277,-12.082
-3.0094,0.54447,-11.789
2.6686,-4.8706,-11.999
3.1198,7.1913,-11.771
8.8749,1.3145,-12.006
5.9437,-6.0102,-8.9978
11.478,-11.819,-9.2198
12.291,0.25335,-9.1868
11.239,-4.5401,-9.2048
12.197,-8.3359,-6.2498
8.4348,-10.815,-6.3498
12.127,-8.3804,-11.763
4.9601,-8.4179,-12.622
11.152,-2.2215,-12.445
8.7693,-6.1262,-12.385
8.4002,-10.865,-11.789
-12.044,11.696,-3.145
-6.0964,6.293,-2.891
0.022176,12.601,-3.187
-11.341,11,2.883
-12.233,6.042,3.12
-5.9133,12.188,3.228
-5.2451,11.124,-2.888
-11.987,8.5848,-5.789
-4.9283,8.6859,5.934
-8.7813,6.3107,5.873
-2.6486,12.568,5.803
-8.4638,10.946,-5.576
-5.0351,8.8209,0.474
-12.365,8.5763,-0.162
-8.3882,11.016,0.096999
-8.741,6.5391,0.104
-2.5347,12.724,0.096999
-0.63427,0.28638,-3.145
5.3132,-5.1166,-2.891
5.7431,6.5747,-2.864
11.432,1.1915,-3.187
-5.4659,5.3995,3.105
0.068589,-0.40941,2.883
0.88106,11.663,2.916
6.6645,5.857,3.282
5.7431,12.635,2.913
-0.82378,-5.3676,3.12
-0.17041,6.8695,2.898
5.4963,0.77852,3.228
0.58973,5.4405,-3.095
6.1646,-0.28567,-2.888
-5.6484,-0.44689,-3.051
12.555,6.0684,-3.008
-6.3618,2.7627,-5.727
-0.57771,-2.8249,-5.789
-0.43416,9.0326,-5.704
5.3648,3.3354,-5.491
0.78701,3.0738,5.853
6.4813,-2.7238,5.934
6.738,9.2256,5.838
12.508,3.5617,5.735
-2.9748,0.59468,5.753
2.6283,-5.0989,5.873
3.1,6.7854,5.745
8.7611,1.1582,5.803
-2.8433,5.4171,-5.714
2.9458,-0.46386,-5.576
3.288,11.672,-5.628
9.3338,6.0854,-5.623
0.71701,3.0292,0.34
6.3746,-2.5887,0.474
6.8915,9.2871,0.249
12.5,3.6579,0.321
-6.4495,2.9918,-0.519
-0.9553,-2.8334,-0.162
-0.25739,9.1881,-0.342
5.4843,3.4677,0.089
-2.6403,5.2835,-0.282
3.0215,-0.39386,0.097
3.474,11.744,-0.418
9.2822,5.9277,0.021
-3.0094,0.54447,0.314
2.6686,-4.8706,0.104
3.1198,7.1913,0.332
8.8749,1.3145,0.097
10.775,-11.123,-3.145
5.9437,-6.0102,3.105
11.478,-11.819,2.883
12.291,0.25335,2.916
11.239,-4.5401,2.898
11.999,-5.9692,-3.095
5.7613,-11.857,-3.051
5.0478,-8.647,-5.727
10.975,-2.3771,-5.704
12.197,-8.3359,5.853
8.4348,-10.815,5.753
8.5663,-5.9925,-5.714
12.127,-8.3804,0.34
4.9601,-8.4179,-0.519
11.152,-2.2215,-0.342
8.7693,-6.1262,-0.282
8.4002,-10.865,0.314
-12.044,11.696,8.9578
-6.0964,6.293,9.2118
0.022176,12.601,8.9158
-5.2451,11.124,9.2148
-11.987,8.5848,6.3138
-8.4638,10.946,6.5268
-5.0351,8.8209,12.577
-12.365,8.5763,11.941
-8.3882,11.016,12.2
-8.741,6.5391,12.207
-2.5347,12.724,12.2
-0.63427,0.28638,8.9578
5.3132,-5.1166,9.2118
5.7431,6.5747,9.2388
11.432,1.1915,8.9158
0.58973,5.4405,9.0078
6.1646,-0.28567,9.2148
-5.6484,-0.44689,9.0518
12.555,6.0684,9.0948
-6.3618,2.7627,6.3758
-0.57771,-2.8249,6.3138
-0.43416,9.0326,6.3988
5.3648,3.3354,6.6118
-2.8433,5.4171,6.3888
2.9458,-0.46386,6.5268
3.288,11.672,6.4748
9.3338,6.0854,6.4798
0.71701,3.0292,12.443
6.3746,-2.5887,12.577
6.8915,9.2871,12.352
12.5,3.6579,12.424
-6.4495,2.9918,11.584
-0.9553,-2.8334,11.941
-0.25739,9.1881,11.761
5.4843,3.4677,12.192
-2.6403,5.2835,11.821
3.0215,-0.39386,12.2
3.474,11.744,11.685
9.2822,5.9277,12.124
-3.0094,0.54447,12.417
2.6686,-4.8706,12.207
3.1198,7.1913,12.435
8.8749,1.3145,12.2
10.775,-11.123,8.9578
11.999,-5.9692,9.0078
5.7613,-11.857,9.0518
5.0478,-8.647,6.3758
10.975,-2.3771,6.3988
8.5663,-5.9925,6.3888
12.127,-8.3804,12.443
4.9601,-8.4179,11.584
11.152,-2.2215,11.761
8.7693,-6.1262,11.821
8.4002,-10.865,12.417
12.566,12.088,-9.2198
11.674,7.1297,-8.9828
9.5225,13.092,-6.3498
11.542,9.664,-12.265
9.4879,13.042,-11.789
11.863,12.784,-3.145
12.566,12.088,2.883
11.674,7.1297,3.12
6.849,12.05,-3.051
11.92,9.6725,-5.789
9.5225,13.092,5.753
11.542,9.664,-0.162
9.4879,13.042,0.314
11.863,12.784,8.9578
6.849,12.05,9.0518
11.92,9.6725,6.3138
11.542,9.664,11.941
9.4879,13.042,12.417
0,0,0
-0.4278,-5.741,2.3005e-16
5.8987,0.44972,0.184
-5.9227,-0.016971,-0.1
-0.070711,-0.074953,-6.0288
-0.070711,-0.074953,6.074
0.12092,6.2006,0.141
5.6017,-5.456,-0.085
5.7629,0.38891,-5.889
-5.8079,5.9536,-0.085001
0.31183,5.8867,-5.961
5.7629,0.38891,6.2138
-0.19728,-6.0083,-6.006
0.31183,5.8867,6.1418
-6.0019,-0.21355,-6.0408
-6.0019,-0.21355,6.062
-0.19728,-6.0083,6.0968
5.9312,6.5577,0.003
-6.5661,-5.9397,0.003
5.7132,-5.494,5.925
5.7132,-5.494,-6.1778
-5.6965,5.9157,5.925
-5.6965,5.9157,-6.1778
6.1306,6.3555,5.967
-6.3667,-6.1419,5.967
6.1306,6.3555,-6.1358
-6.3667,-6.1419,-6.1358
-0.62925,-11.786,0.167
11.868,0.71135,0.167
-12.039,-0.37636,0.167
-7.0711e-07,7.0711e-07,-12.103
7.0711e-07,-7.0711e-07,12.103
0.45846,12.121,0.167
11.531,-5.209,0.141
5.4869,-11.427,-0.099999
-5.5109,11.859,0.184
-11.837,5.6687,-1e-06
11.726,0.6074,-5.921
11.726,0.6074,6.1818
-0.77138,-11.89,-5.921
5.8987,0.44972,-11.919
-5.9227,-0.016971,12.003
0.31633,12.017,-5.921
-0.4278,-5.741,-12.103
-0.4278,-5.741,12.103
-0.77138,-11.89,6.1818
0.12091,6.2006,-11.962
0.31633,12.017,6.1818
-12.181,-0.48031,-5.921
-5.9227,-0.01697,-12.203
5.8987,0.44972,12.287
-12.181,-0.48031,6.1818
0.12092,6.2006,12.244
-6.5986,-12.048,0.184
12.07,6.7564,2.3005e-16
-12.376,-6.2968,0.141
6.5746,12.48,-0.1
-11.607,5.4014,-6.006
5.4077,-11.623,-6.0408
-11.607,5.4014,6.0968
5.4077,-11.623,6.062
11.721,-5.523,-5.961
5.6017,-5.456,12.018
11.721,-5.523,6.1418
-5.6467,11.799,-5.889
5.6017,-5.456,-12.188
-5.6467,11.799,6.2138
-5.8079,5.9536,12.018
-5.8079,5.9536,-12.188
5.9312,6.5577,-12.1
5.9312,6.5577,12.106
-6.5661,-5.9397,-12.1
-6.5661,-5.9397,12.106
-6.7344,-12.108,-5.889
-12.186,-6.6107,-5.961
12.3,6.4891,-6.006
6.4954,12.284,-6.0408
6.4954,12.284,6.062
-12.185,-6.6107,6.1418
12.3,6.4891,6.0968
-6.7344,-12.108,6.2138
11.41,-11.41,1e-06
-11.41,11.41,-1e-06
-0.62926,-11.786,-11.936
11.868,0.71135,-11.936
-12.039,-0.37636,-11.936
0.45846,12.121,-11.936
-0.62925,-11.786,12.27
11.868,0.71135,12.27
-12.039,-0.37636,12.27
-11.48,11.335,-6.0288
11.339,-11.485,-6.0288
-11.48,11.335,6.074
11.339,-11.485,6.074
0.45846,12.121,12.27
11.531,-5.209,-11.962
5.4869,-11.427,12.003
5.4869,-11.427,-12.203
11.531,-5.209,12.244
-12.497,-12.497,1.9594e-21
12.497,12.497,-1.9594e-21
-5.5109,11.859,-11.919
-11.837,5.6687,12.103
-11.837,5.6687,-12.103
-5.5109,11.859,12.287
-6.5987,-12.048,-11.919
-12.376,-6.2968,-11.962
12.07,6.7564,-12.103
12.07,6.7564,12.103
-6.5986,-12.048,12.287
-12.376,-6.2968,12.244
6.5746,12.48,12.003
12.427,12.422,-6.0288
12.427,12.422,6.074
6.5746,12.48,-12.203
-12.568,-12.572,-6.0288
-12.568,-12.572,6.074
-11.41,11.41,12.103
11.41,-11.41,-12.103
-11.41,11.41,-12.103
11.41,-11.41,12.103
-12.497,-12.497,-12.103
12.497,12.497,12.103
-12.497,-12.497,12.103
12.497,12.497,-12.103
