-9.2741,-3.7191,-8.7172
-9.8292,-9.3088,-8.7642
-3.7908,-9.2831,-8.8742
-9.2741,-3.7191,2.851
-8.2573,-8.5091,-2.679
-9.8292,-9.3088,2.804
-3.7908,-9.2831,2.694
-8.2573,-8.5091,8.8892
-8.7912,7.9907,-8.4422
2.0457,-2.8461,-8.4422
-3.1636,2.1623,-8.5462
2.8023,8.3573,-8.7172
-9.1698,2.2953,-8.6952
-3.6897,-3.5963,-9.0162
-3.0639,8.0179,-8.5622
2.2472,2.7676,-8.7642
7.6732,-8.6745,-8.5462
8.2856,2.7934,-8.8742
1.6671,-8.5416,-8.6952
7.7729,-2.819,-8.5622
-8.7912,7.9907,3.126
-7.7955,8.7841,-2.616
2.0457,-2.8461,3.126
-3.1636,2.1623,3.022
2.8023,8.3573,2.851
-8.0971,-2.4134,-2.888
-2.7019,-7.8383,-2.781
-2.472,4.0263,-2.439
3.0413,-2.0527,-2.616
-7.7895,3.3093,-3.018
-2.5251,-2.238,-2.826
-2.0237,9.2574,-2.747
3.8191,3.5674,-2.679
-9.1698,2.2953,2.873
-3.6897,-3.5963,2.552
-3.0639,8.0179,3.006
2.2472,2.7676,2.804
7.6732,-8.6745,3.022
8.2856,2.7934,2.694
8.3648,-6.8106,-2.439
3.0473,-7.5276,-3.018
8.8131,-1.5794,-2.747
1.6671,-8.5416,2.873
7.7729,-2.819,3.006
-7.7955,8.7841,8.9522
-8.0971,-2.4134,8.6802
-2.7019,-7.8383,8.7872
-2.472,4.0263,9.1292
3.0413,-2.0527,8.9522
-7.7895,3.3093,8.5502
-2.5251,-2.238,8.7422
-2.0237,9.2574,8.8212
3.8191,3.5674,8.8892
8.3648,-6.8106,9.1292
3.0473,-7.5276,8.5502
8.8131,-1.5794,8.8212
8.3867,8.4801,-9.0162
3.9793,9.6631,-2.888
9.3745,4.2381,-2.781
9.5513,9.8384,-2.826
8.3867,8.4801,2.552
3.9793,9.6631,8.6802
9.3745,4.2381,8.7872
9.5513,9.8384,8.7422
-8.4588,-8.7516,-8.5432
-9.0846,-3.5268,-2.828
-8.4588,-8.7516,3.025
-9.6121,-9.1327,-2.778
-3.3651,-9.177,-2.913
-9.0846,-3.5268,8.7402
-9.6121,-9.1327,8.7902
-3.3651,-9.177,8.6552
-7.9009,9.1794,-8.5652
-8.445,-2.4996,-8.4732
-3.119,-7.9528,-8.7682
-2.3073,3.3849,-8.4612
2.9359,-1.6575,-8.5652
-7.8623,3.0158,-8.8392
-2.3547,-2.9571,-8.8182
-1.7176,8.65,-8.5412
3.6176,3.3248,-8.5432
8.5295,-7.4519,-8.4612
2.9745,-7.821,-8.8392
9.1193,-2.1868,-8.5412
-7.9009,9.1794,3.003
-8.7377,7.6346,-2.76
-2.9041,2.6425,-2.803
2.9918,8.5496,-2.828
-8.445,-2.4996,3.095
-3.119,-7.9528,2.8
-2.3073,3.3849,3.107
2.9359,-1.6575,3.003
-7.8623,3.0158,2.729
-2.3547,-2.9571,2.75
-1.7176,8.65,3.027
3.6176,3.3248,3.025
-8.9619,2.3971,-2.878
-3.8806,-2.8369,-2.988
-3.1997,8.329,-2.685
2.4643,2.9437,-2.778
2.0991,-3.2022,-2.76
7.9327,-8.1944,-2.803
8.7113,2.8994,-2.913
8.5295,-7.4519,3.107
2.9745,-7.821,2.729
9.1193,-2.1868,3.027
1.8749,-8.4397,-2.878
7.6372,-2.5078,-2.685
-8.7377,7.6346,8.8082
-2.9041,2.6425,8.7652
2.9918,8.5496,8.7402
-8.9619,2.3971,8.6902
-3.8806,-2.8369,8.5802
-3.1997,8.329,8.8832
2.4643,2.9437,8.7902
2.0991,-3.2022,8.8082
7.9327,-8.1944,8.7652
8.7113,2.8994,8.6552
1.8749,-8.4397,8.6902
7.6372,-2.5078,8.8832
3.6314,9.5768,-8.4732
8.9573,4.1236,-8.7682
9.7217,9.1193,-8.8182
3.6314,9.5768,3.095
8.9573,4.1236,2.8
9.7217,9.1193,2.75
8.1958,9.2395,-2.988
8.1958,9.2395,8.5802
-11.531,-6.486,-8.7672
-11.975,0.056124,-8.4502
-6.4139,-5.5159,-8.6532
-12.395,-11.688,-8.5662
-11.176,-3.2185,-6.0192
-5.5745,-8.8499,-6.0762
-9.2367,-11.159,-6.0352
-11.054,-3.3875,-11.203
-5.629,-8.7219,-11.287
-12.209,-8.9623,-11.779
-8.9771,-6.5009,-11.746
-9.2147,-11.292,-11.331
-5.9475,-12.219,-8.4202
-1.1378,-10.781,-8.4502
-3.421,-11.876,-11.703
-12.274,-5.4749,-2.864
-6.7349,-11.255,-2.659
-11.531,-6.486,2.801
-11.975,0.056124,3.118
-6.4139,-5.5159,2.915
-12.395,-11.688,3.002
-11.988,-12.398,-2.729
-12.405,-8.9291,-5.569
-11.176,-3.2185,5.549
-5.5745,-8.8499,5.492
-9.2367,-11.159,5.533
-9.1469,-6.9266,-5.272
-11.054,-3.3875,0.365
-5.629,-8.7219,0.281
-12.209,-8.9623,-0.211
-8.9771,-6.5009,-0.178
-9.2147,-11.292,0.237
-5.9475,-12.219,3.148
-1.1378,-10.781,3.118
-3.3722,-11.988,-5.421
-3.421,-11.876,-0.135
-12.274,-5.4749,8.7042
-6.7349,-11.255,8.9092
-11.988,-12.398,8.8392
-12.405,-8.9291,5.9992
-9.1469,-6.9266,6.2962
-11.054,-3.3875,11.933
-5.629,-8.7219,11.849
-12.209,-8.9623,11.357
-8.9771,-6.5009,11.39
-9.2147,-11.292,11.805
-3.3722,-11.988,6.1472
-3.421,-11.876,11.433
-11.156,11.225,-8.5662
-10.557,8.41,-5.9492
-7.9971,11.755,-6.0352
-10.601,8.118,-11.187
-7.9752,11.621,-11.331
-10.641,5.1081,-8.7642
-5.4504,-0.66468,-8.7302
-4.7079,10.694,-8.4202
0.54589,5.5904,-8.7672
0.10182,12.133,-8.4502
5.6625,6.5605,-8.6532
-5.9461,6.3816,-8.4492
-0.31891,0.3882,-8.5662
-5.2064,2.7344,-6.0912
0.28001,-2.4268,-5.9492
0.90015,8.8579,-6.0192
6.5018,3.2265,-6.0762
-8.5723,0.29628,-6.2412
-3.293,-5.2602,-6.3542
-2.6354,6.1695,-5.8212
2.8397,0.91782,-6.0352
-5.041,2.7712,-11.271
0.23547,-2.7188,-11.187
1.0225,8.6889,-11.203
6.4474,3.3545,-11.287
-11.652,2.3752,-11.717
-6.5139,-3.0886,-11.814
-5.881,8.4322,-11.703
-0.13294,3.1141,-11.779
-8.2145,4.9703,-11.928
-2.8518,-0.35002,-11.687
-2.1814,11.037,-11.703
3.0992,5.5755,-11.746
-8.6133,0.28779,-11.181
-3.1205,-5.5303,-11.483
-2.733,6.1681,-11.121
2.8617,0.78418,-11.331
0.19627,-5.7287,-8.7642
5.3864,-11.502,-8.7302
6.1289,-0.14256,-8.4202
11.383,-5.2465,-8.7672
10.939,1.2957,-8.4502
4.8908,-4.4552,-8.4492
10.518,-10.449,-8.5662
5.6304,-8.1025,-6.0912
11.737,-1.9789,-6.0192
2.2646,-10.541,-6.2412
8.2014,-4.6673,-5.8212
5.7959,-8.0657,-11.271
11.859,-2.1479,-11.203
-0.8156,-8.4617,-11.717
4.9558,-2.4046,-11.703
10.704,-7.7227,-11.779
2.6224,-5.8666,-11.928
7.9851,-11.187,-11.687
8.6554,0.20039,-11.703
2.2235,-10.549,-11.181
8.1038,-4.6687,-11.121
-11.728,5.8496,-3.232
-5.4953,11.658,-2.659
-11.156,11.225,3.002
-10.748,10.515,-2.729
-10.557,8.41,5.619
-7.9971,11.755,5.533
-10.601,8.118,0.381
-7.9752,11.621,0.237
-6.1752,0.3585,-2.838
-0.89166,-4.9872,-3.232
-0.19799,6.6015,-2.864
5.3415,0.82166,-2.659
-10.641,5.1081,2.804
-5.4504,-0.66468,2.838
-4.7079,10.694,3.148
0.54589,5.5904,2.801
0.10182,12.133,3.118
5.6625,6.5605,2.915
-5.9461,6.3816,3.119
-0.31891,0.3882,3.002
-5.4624,5.427,-2.747
0.088388,-0.32173,-2.729
-11.071,-0.75731,-2.729
-5.6272,-6.2126,-2.956
-11.721,2.6149,-5.448
-6.2155,-2.9953,-5.601
-5.7254,8.6274,-5.479
-0.3288,3.1473,-5.569
-5.2064,2.7344,5.477
0.28001,-2.4268,5.619
0.90015,8.8579,5.549
6.5018,3.2265,5.492
-8.5723,0.29628,5.327
-3.293,-5.2602,5.214
-2.6354,6.1695,5.747
2.8397,0.91782,5.533
-8.2937,5.1895,-5.537
-2.8051,-0.47871,-5.706
-2.1326,10.925,-5.421
2.9295,5.1499,-5.272
-5.041,2.7712,0.297
0.23547,-2.7188,0.381
1.0225,8.6889,0.365
6.4474,3.3545,0.281
-11.652,2.3752,-0.149
-6.5139,-3.0886,-0.246
-5.881,8.4322,-0.135
-0.13294,3.1141,-0.211
-8.2145,4.9703,-0.36
-2.8518,-0.35002,-0.119
-2.1814,11.037,-0.135
3.0992,5.5755,-0.178
-8.6133,0.28779,0.387
-3.1205,-5.5303,0.085
-2.733,6.1681,0.447
2.8617,0.78418,0.237
4.6617,-10.478,-2.838
10.639,-4.2353,-2.864
0.19627,-5.7287,2.804
5.3864,-11.502,2.838
6.1289,-0.14256,3.148
11.383,-5.2465,2.801
10.939,1.2957,3.118
4.8908,-4.4552,3.119
10.518,-10.449,3.002
5.3744,-5.4098,-2.747
10.925,-11.159,-2.729
-0.23435,-11.594,-2.729
-0.88419,-8.222,-5.448
5.1114,-2.2094,-5.479
10.508,-7.6895,-5.569
5.6304,-8.1025,5.477
11.737,-1.9789,5.549
2.2646,-10.541,5.327
8.2014,-4.6673,5.747
2.5432,-5.6474,-5.537
8.0317,-11.316,-5.706
8.7042,0.087961,-5.421
5.7959,-8.0657,0.297
11.859,-2.1479,0.365
-0.8156,-8.4617,-0.149
4.9558,-2.4046,-0.135
10.704,-7.7227,-0.211
2.6224,-5.8666,-0.36
7.9851,-11.187,-0.119
8.6554,0.20039,-0.135
2.2235,-10.549,0.387
8.1038,-4.6687,0.447
-11.728,5.8496,8.3362
-5.4953,11.658,8.9092
-10.748,10.515,8.8392
-10.601,8.118,11.949
-7.9752,11.621,11.805
-6.1752,0.3585,8.7302
-0.89166,-4.9872,8.3362
-0.19799,6.6015,8.7042
5.3415,0.82166,8.9092
-5.4624,5.427,8.8212
0.088388,-0.32173,8.8392
-11.071,-0.75731,8.8392
-5.6272,-6.2126,8.6122
-11.721,2.6149,6.1202
-6.2155,-2.9953,5.9672
-5.7254,8.6274,6.0892
-0.3288,3.1473,5.9992
-8.2937,5.1895,6.0312
-2.8051,-0.47871,5.8622
-2.1326,10.925,6.1472
2.9295,5.1499,6.2962
-5.041,2.7712,11.865
0.23547,-2.7188,11.949
1.0225,8.6889,11.933
6.4474,3.3545,11.849
-11.652,2.3752,11.419
-6.5139,-3.0886,11.322
-5.881,8.4322,11.433
-0.13294,3.1141,11.357
-8.2145,4.9703,11.208
-2.8518,-0.35002,11.449
-2.1814,11.037,11.433
3.0992,5.5755,11.39
-8.6133,0.28779,11.955
-3.1205,-5.5303,11.653
-2.733,6.1681,12.015
2.8617,0.78418,11.805
4.6617,-10.478,8.7302
10.639,-4.2353,8.7042
5.3744,-5.4098,8.8212
10.925,-11.159,8.8392
-0.23435,-11.594,8.8392
-0.88419,-8.222,6.1202
5.1114,-2.2094,6.0892
10.508,-7.6895,5.9992
2.5432,-5.6474,6.0312
8.0317,-11.316,5.8622
8.7042,0.087961,6.1472
5.7959,-8.0657,11.865
11.859,-2.1479,11.933
-0.8156,-8.4617,11.419
4.9558,-2.4046,11.433
10.704,-7.7227,11.357
2.6224,-5.8666,11.208
7.9851,-11.187,11.449
8.6554,0.20039,11.433
2.2235,-10.549,11.955
8.1038,-4.6687,12.015
6.626,11.412,-8.7302
11.757,12.465,-8.5662
12.356,9.6496,-5.9492
3.5041,12.373,-6.2412
8.7834,6.8162,-6.3542
12.312,9.3576,-11.187
5.5625,8.9878,-11.814
9.2246,11.726,-11.687
3.4631,12.364,-11.181
8.9559,6.5461,-11.483
12.273,6.3477,-8.7642
11.261,3.6147,-11.717
5.9012,12.435,-2.838
11.185,7.0892,-3.232
6.626,11.412,2.838
11.757,12.465,3.002
12.165,11.755,-2.729
1.0052,11.319,-2.729
6.4492,5.8638,-2.956
5.8609,9.0811,-5.601
12.356,9.6496,5.619
3.5041,12.373,5.327
8.7834,6.8162,5.214
9.2713,11.598,-5.706
12.312,9.3576,0.381
5.5625,8.9878,-0.246
9.2246,11.726,-0.119
3.4631,12.364,0.387
8.9559,6.5461,0.085
12.273,6.3477,2.804
11.842,0.48226,-2.729
11.192,3.8545,-5.448
11.261,3.6147,-0.149
5.9012,12.435,8.7302
11.185,7.0892,8.3362
12.165,11.755,8.8392
1.0052,11.319,8.8392
6.4492,5.8638,8.6122
5.8609,9.0811,5.9672
9.2713,11.598,5.8622
12.312,9.3576,11.949
5.5625,8.9878,11.322
9.2246,11.726,11.449
3.4631,12.364,11.955
8.9559,6.5461,11.653
11.842,0.48226,8.8392
11.192,3.8545,6.1202
11.261,3.6147,11.419
0,0,0
-0.2683,-5.5951,0.016
-5.6837,0.097581,0.123
0.030406,0.40517,-5.7202
5.724,0.53811,0.087
0.15981,5.828,0.047
0.030406,0.40517,5.848
5.2415,-5.1199,0.437
-0.25314,-5.3938,5.654
-0.25314,-5.3938,-5.9142
-5.5953,5.717,0.437
-5.7177,-0.094752,-5.688
0.34153,5.997,-5.537
5.7817,0.54263,5.784
5.7817,0.54263,-5.7842
-5.7177,-0.094752,5.8802
-6.148,-5.8185,-0.004
0.34153,5.997,6.0312
5.9284,6.2579,-0.004
5.402,-5.1008,-5.538
5.402,-5.1008,6.0302
-5.4348,5.7361,-5.538
-5.4348,5.7361,6.0302
-5.9553,-5.8718,-5.7792
-5.9553,-5.8718,5.789
6.1211,6.2046,-5.7792
6.1211,6.2046,5.789
-11.379,-0.54492,-0.013
-0.54237,-11.382,-0.013
0.69721,11.531,-0.013
11.534,0.69466,-0.013
5.0088e-16,-5.0088e-16,-11.568
-5.0088e-16,5.0088e-16,11.568
5.1531,-10.739,0.123
10.997,-5.0089,0.047
-11.105,5.2418,0.016
-5.1128,11.375,0.087
-0.55397,-11.221,-5.702
-0.55397,-11.221,5.8662
-11.391,-0.38396,-5.702
-5.6837,0.097581,-11.445
-11.391,-0.38396,5.8662
-0.2683,-5.5951,-11.552
5.724,0.53811,-11.481
-0.2683,-5.5951,11.584
11.522,0.85562,-5.702
0.15981,5.828,-11.521
11.522,0.85562,5.8662
5.724,0.53811,11.655
0.15981,5.828,11.615
-5.6837,0.097581,11.691
0.68561,11.692,-5.702
0.68561,11.692,5.8662
-6.3524,-11.538,0.087
5.2415,-5.1199,-11.131
5.1192,-10.932,-5.688
11.178,-4.8399,-5.537
5.1192,-10.932,5.8802
-11.917,-6.2484,0.047
11.808,6.4814,0.016
-11.09,5.443,5.654
11.178,-4.8399,6.0312
-11.09,5.443,-5.9142
-5.5953,5.717,-11.131
-5.0551,11.379,5.784
-5.0551,11.379,-5.7842
6.3927,12.174,0.123
5.2415,-5.1199,12.005
-11.735,-6.0794,-5.537
-6.148,-5.8185,11.564
-6.148,-5.8185,-11.572
-6.2947,-11.534,5.784
-6.2947,-11.534,-5.7842
5.9284,6.2579,11.564
-5.5953,5.717,12.005
5.9284,6.2579,-11.572
-11.735,-6.0794,6.0312
6.3587,11.982,-5.688
11.823,6.6826,5.654
6.3587,11.982,5.8802
11.823,6.6826,-5.9142
-10.837,10.837,-9.3842e-16
10.837,-10.837,9.3842e-16
10.867,-10.432,-5.7202
10.867,-10.432,5.848
-11.379,-0.54492,11.555
-0.54237,-11.382,11.555
-11.379,-0.54492,-11.581
-0.54237,-11.382,-11.581
0.69721,11.531,11.555
11.534,0.69466,11.555
0.69721,11.531,-11.581
11.534,0.69466,-11.581
5.1531,-10.739,-11.445
-10.806,11.242,-5.7202
-10.806,11.242,5.848
5.1531,-10.739,11.691
10.997,-5.0089,-11.521
10.997,-5.0089,11.615
-11.105,5.2418,-11.552
-11.105,5.2418,11.584
-5.1128,11.375,-11.481
-5.1128,11.375,11.655
-12.076,-12.076,7.9602e-22
12.076,12.076,-7.9602e-22
-6.3524,-11.538,-11.481
-6.3524,-11.538,11.655
-11.917,-6.2484,-11.521
-12.046,-11.671,-5.7202
11.808,6.4814,-11.552
-12.046,-11.671,5.848
11.808,6.4814,11.584
-11.917,-6.2484,11.615
6.3927,12.174,-11.445
6.3927,12.174,11.691
12.107,12.482,-5.7202
12.107,12.482,5.848
-10.837,10.837,-11.568
10.837,-10.837,-11.568
-10.837,10.837,11.568
10.837,-10.837,11.568
-12.076,-12.076,-11.568
-12.076,-12.076,11.568
12.076,12.076,-11.568
12.076,12.076,11.568
