-9.9696,-3.7329,-9.3994
-4.0921,-9.9272,-9.5414
-10.59,-10.105,-9.5334
-9.9696,-3.7329,3.495
-4.0921,-9.9272,3.353
-9.6061,-9.4944,-3.323
-10.59,-10.105,3.361
-9.6061,-9.4944,9.5714
-3.5118,2.8598,-9.5034
-9.665,8.7359,-9.4564
-9.8114,2.5367,-9.6524
-3.369,9.2987,-9.5374
8.713,-9.3649,-9.5034
2.5597,-3.4889,-9.4564
3.141,9.3777,-9.3994
9.0184,3.1834,-9.5414
-3.8226,-3.7505,-9.6994
2.4134,-9.6881,-9.6524
2.5201,3.0052,-9.5334
8.8558,-2.926,-9.5374
-3.5118,2.8598,3.391
-9.665,8.7359,3.438
-9.5491,-3.0332,-3.044
-8.9445,9.9288,-3.283
-9.047,3.3279,-3.04
-2.5006,9.8277,-3.032
-9.8114,2.5367,3.242
-3.369,9.2987,3.357
8.713,-9.3649,3.391
2.5597,-3.4889,3.438
3.141,9.3777,3.495
9.0184,3.1834,3.353
-3.3446,-9.0679,-3.104
3.2803,-2.296,-3.283
-2.6672,3.4662,-3.113
-3.0858,-2.9656,-2.931
3.1777,-8.8968,-3.04
3.5044,3.6161,-3.323
9.7241,-2.3971,-3.032
-3.8226,-3.7505,3.195
2.4134,-9.6881,3.242
2.5201,3.0052,3.361
8.8558,-2.926,3.357
9.5575,-8.7585,-3.113
-9.5491,-3.0332,9.8504
-8.9445,9.9288,9.6114
-9.047,3.3279,9.8544
-2.5006,9.8277,9.8624
-3.3446,-9.0679,9.7904
3.2803,-2.296,9.6114
-2.6672,3.4662,9.7814
-3.0858,-2.9656,9.9634
3.1777,-8.8968,9.8544
3.5044,3.6161,9.5714
9.7241,-2.3971,9.8624
9.5575,-8.7585,9.7814
9.2879,9.3601,-9.6994
3.5615,10.077,-3.044
9.7659,4.0426,-3.104
10.025,10.145,-2.931
9.2879,9.3601,3.195
3.5615,10.077,9.8504
9.7659,4.0426,9.7904
10.025,10.145,9.9634
-9.1218,-9.8317,-9.5174
-10.259,-4.346,-3.067
-3.9323,-10.443,-3.035
-9.1218,-9.8317,3.377
-11.035,-9.8982,-3.138
-10.259,-4.346,9.8274
-3.9323,-10.443,9.8594
-11.035,-9.8982,9.7564
-9.4593,-2.3607,-9.7014
-9.1906,10.149,-9.5244
-3.1314,4.2995,-9.6814
-8.5004,3.2424,-9.4964
-2.0587,10.018,-9.4744
-3.5164,-8.551,-9.6564
3.0342,-2.0754,-9.5244
9.0934,-7.9253,-9.6814
-2.4763,-3.206,-9.3524
3.7243,-8.9824,-9.4964
3.9888,3.2789,-9.5174
10.166,-2.2069,-9.4744
-9.3723,8.5025,-3.149
-9.4593,-2.3607,3.193
-9.1906,10.149,3.37
-3.1314,4.2995,3.213
-8.5004,3.2424,3.398
-2.0587,10.018,3.42
-10.432,2.7821,-2.897
-3.8837,9.2591,-3.031
-3.2166,2.0853,-2.922
2.8525,-3.7222,-3.149
2.8518,8.7646,-3.067
9.1782,2.6672,-3.035
-3.5164,-8.551,3.238
3.0342,-2.0754,3.37
9.0934,-7.9253,3.213
-2.4763,-3.206,3.542
3.7243,-8.9824,3.398
3.9888,3.2789,3.377
10.166,-2.2069,3.42
-4.3918,-3.6564,-3.165
1.7932,-9.4427,-2.897
2.0754,3.2124,-3.138
8.341,-2.9656,-3.031
9.0081,-10.139,-2.922
-9.3723,8.5025,9.7454
-10.432,2.7821,9.9974
-3.8837,9.2591,9.8634
-3.2166,2.0853,9.9724
2.8525,-3.7222,9.7454
2.8518,8.7646,9.8274
9.1782,2.6672,9.8594
-4.3918,-3.6565,9.7294
1.7932,-9.4427,9.9974
2.0754,3.2124,9.7564
8.341,-2.9656,9.8634
9.0081,-10.139,9.9724
3.6513,10.75,-9.7014
9.5941,4.5595,-9.6564
10.634,9.9045,-9.3524
3.6513,10.75,3.193
9.5941,4.5595,3.238
10.634,9.9045,3.542
8.7187,9.4541,-3.165
8.7187,9.4541,9.7294
-12.086,-3.2567,-6.5694
-12.086,-3.6428,-12.4
-12.309,-6.9771,-9.6344
-6.4263,-13.251,-9.6364
-13.782,-12.529,-9.4754
-6.1159,-9.6189,-6.6544
-10.244,-12.131,-6.5844
-6.2721,-9.7907,-12.404
-13.683,-9.8968,-12.871
-9.9116,-7.3689,-13.306
-3.7089,-13.311,-13.045
-10.121,-12.365,-12.323
-13.718,-6.3935,-3.085
-12.086,-3.2567,6.325
-12.086,-3.6428,0.494
-7.5676,-12.509,-3.146
-12.309,-6.9771,3.26
-6.4263,-13.251,3.258
-13.782,-12.529,3.419
-12.959,-13.722,-3.039
-6.422,-7.2324,-2.963
-13.874,-9.6924,-6.229
-6.1159,-9.6189,6.24
-10.244,-12.131,6.31
-10.022,-7.4212,-6.156
-3.8736,-13.431,-5.897
-6.2721,-9.7907,0.49
-13.683,-9.8968,0.023
-9.9116,-7.3689,-0.412
-3.7089,-13.311,-0.151
-10.121,-12.365,0.571
-13.718,-6.3935,9.8094
-12.086,-3.6428,13.388
-7.5676,-12.509,9.7484
-12.959,-13.722,9.8554
-6.422,-7.2324,9.9314
-13.874,-9.6924,6.6654
-10.022,-7.4212,6.7384
-3.8736,-13.431,6.9974
-6.2721,-9.7907,13.384
-13.683,-9.8968,12.917
-9.9116,-7.3689,12.482
-3.7089,-13.311,12.743
-10.121,-12.365,13.465
-11.877,5.486,-9.3284
-5.5405,12.084,-9.6364
-13.203,0.40264,-9.3464
-12.897,12.806,-9.4754
-6.7291,6.8097,-9.6824
-11.62,9.2995,-6.4134
-5.7568,2.8337,-6.7244
1.0243,9.8538,-6.5694
-9.7322,0.44648,-6.6024
-9.3581,13.205,-6.5844
-3.2982,7.2057,-6.5264
-11.92,9.0067,-12.153
-5.6522,2.9016,-12.447
1.0243,9.4677,-12.4
-13.394,2.8195,-13.137
-7.1576,9.2945,-13.156
-9.3207,5.4316,-12.992
-2.8231,12.024,-13.045
-9.6127,0.39769,-12.543
-9.2351,12.97,-12.323
-2.9546,7.3599,-12.372
-5.8534,-0.81459,-9.4614
0.3479,-6.7387,-9.3284
0.80186,6.1334,-9.6344
6.6843,-0.14071,-9.6364
-7.0647,-5.6491,-9.4794
-0.97793,-11.822,-9.3464
-0.67175,0.58124,-9.4754
5.4956,-5.415,-9.6824
0.60458,-2.9253,-6.4134
6.4679,-9.3911,-6.7244
6.9947,3.4917,-6.6544
13.249,-2.3709,-6.5694
-3.5992,-5.7134,-6.5494
2.4926,-11.778,-6.6024
2.8666,0.98005,-6.5844
8.9265,-5.019,-6.5264
0.30476,-3.218,-12.153
6.5726,-9.3232,-12.447
6.8384,3.3199,-12.404
13.249,-2.757,-12.4
-7.3157,-3.438,-13.111
-1.1688,-9.4052,-13.137
-0.57205,3.2138,-12.871
5.0671,-2.9302,-13.156
-3.2435,-0.9355,-12.863
2.9041,-6.7932,-12.992
3.199,5.7417,-13.306
9.4017,-0.20082,-13.045
-3.4747,-5.7686,-12.485
2.6121,-11.827,-12.543
2.9896,0.74529,-12.323
9.2702,-4.8649,-12.372
6.3713,-13.039,-9.4614
13.027,-6.0913,-9.6344
11.553,-11.644,-9.4754
11.653,-9.011,-12.871
8.9813,-13.16,-12.863
-12.846,6.6931,-3.046
-7.1265,0.31425,-2.997
-6.6817,12.827,-3.146
-0.6077,6.7171,-3.085
-11.877,5.486,3.566
-5.5405,12.084,3.258
-13.203,0.40264,3.548
-12.897,12.806,3.419
-6.7291,6.8097,3.212
-12.073,11.614,-3.039
-5.7003,5.4684,-3
-12.267,-0.77894,-3.064
-13.494,2.9199,-5.808
-6.6945,9.4649,-6.22
-11.62,9.2995,6.481
-5.7568,2.8337,6.17
1.0243,9.8538,6.325
-9.7322,0.44648,6.292
-9.3581,13.205,6.31
-3.2982,7.2057,6.368
-9.4296,5.4273,-5.719
-2.9878,11.904,-5.897
-11.92,9.0067,0.741
-5.6522,2.9016,0.447
1.0243,9.4677,0.494
-13.394,2.8195,-0.243
-7.1576,9.2945,-0.262
-9.3207,5.4316,-0.098
-2.8231,12.024,-0.151
-9.6127,0.39769,0.351
-9.2351,12.97,0.571
-2.9546,7.3599,0.522
-0.62155,-5.5317,-3.046
5.0982,-11.911,-2.997
5.543,0.60175,-3.146
11.617,-5.5077,-3.085
-5.8534,-0.81459,3.433
0.3479,-6.7387,3.566
0.80186,6.1334,3.26
6.6843,-0.14071,3.258
-7.0647,-5.6491,3.415
-0.97793,-11.822,3.548
-0.67175,0.58124,3.419
5.4956,-5.415,3.212
0.15132,-0.61094,-3.039
6.5245,-6.7564,-3
6.6885,5.8782,-2.963
-0.042426,-13.004,-3.064
-7.4465,-3.3609,-5.808
-1.2693,-9.3048,-5.808
-0.76368,3.4182,-6.229
5.5303,-2.7598,-6.22
0.60458,-2.9253,6.481
6.4679,-9.3911,6.17
6.9947,3.4917,6.24
13.249,-2.3709,6.325
-3.5992,-5.7134,6.345
2.4926,-11.778,6.292
2.8666,0.98005,6.31
8.9265,-5.019,6.368
-3.252,-0.96096,-5.972
2.7952,-6.7974,-5.719
3.0886,5.6894,-6.156
9.2369,-0.32032,-5.897
0.30476,-3.218,0.741
6.5726,-9.3232,0.447
6.8384,3.3199,0.49
13.249,-2.757,0.494
-7.3157,-3.438,-0.217
-1.1688,-9.4052,-0.243
-0.57205,3.2138,0.023
5.0671,-2.9303,-0.262
-3.2435,-0.9355,0.031
2.9041,-6.7932,-0.098
3.199,5.7417,-0.412
9.4017,-0.20082,-0.151
-3.4747,-5.7686,0.409
2.6121,-11.827,0.351
2.9896,0.74529,0.571
9.2702,-4.8649,0.522
6.3713,-13.039,3.433
13.027,-6.0913,3.26
11.553,-11.644,3.419
12.376,-12.836,-3.039
11.461,-8.8066,-6.229
8.9728,-13.186,-5.972
11.653,-9.011,0.023
8.9813,-13.16,0.031
-12.846,6.6931,9.8484
-7.1265,0.31425,9.8974
-6.6817,12.827,9.7484
-0.6077,6.7171,9.8094
-12.073,11.614,9.8554
-5.7003,5.4683,9.8944
-12.267,-0.77894,9.8304
-13.494,2.9199,7.0864
-6.6945,9.4649,6.6744
-9.4296,5.4273,7.1754
-2.9878,11.904,6.9974
-11.92,9.0067,13.635
-5.6522,2.9016,13.341
1.0243,9.4677,13.388
-13.394,2.8195,12.651
-7.1576,9.2945,12.632
-9.3207,5.4316,12.796
-2.8231,12.024,12.743
-9.6127,0.39769,13.245
-9.2351,12.97,13.465
-2.9546,7.3599,13.416
-0.62155,-5.5317,9.8484
5.0982,-11.911,9.8974
5.543,0.60175,9.7484
11.617,-5.5077,9.8094
0.15132,-0.61094,9.8554
6.5245,-6.7564,9.8944
6.6885,5.8782,9.9314
-0.042426,-13.004,9.8304
-7.4465,-3.3609,7.0864
-1.2693,-9.3048,7.0864
-0.76368,3.4182,6.6654
5.5303,-2.7598,6.6744
-3.252,-0.96096,6.9224
2.7952,-6.7974,7.1754
3.0886,5.6894,6.7384
9.2369,-0.32032,6.9974
0.30476,-3.218,13.635
6.5726,-9.3232,13.341
6.8384,3.3199,13.384
13.249,-2.757,13.388
-7.3157,-3.438,12.677
-1.1688,-9.4052,12.651
-0.57205,3.2138,12.917
5.0671,-2.9303,12.632
-3.2435,-0.9355,12.925
2.9041,-6.7932,12.796
3.199,5.7417,12.482
9.4017,-0.20082,12.743
-3.4747,-5.7686,13.303
2.6121,-11.827,13.245
2.9896,0.74529,13.465
9.2702,-4.8649,13.416
12.376,-12.836,9.8554
11.461,-8.8066,6.6654
8.9728,-13.186,6.9224
11.653,-9.011,12.917
8.9813,-13.16,12.925
-0.092123,13.513,-9.3464
3.3784,13.557,-6.6024
3.4979,13.508,-12.543
7.2571,12.296,-9.4614
13.458,6.3718,-9.3284
6.0459,7.4615,-9.4794
12.133,1.2884,-9.3464
12.439,13.692,-9.4754
13.715,10.185,-6.4134
9.5114,7.3971,-6.5494
13.415,9.8925,-12.153
5.7948,9.6726,-13.111
11.942,3.7053,-13.137
9.8671,12.175,-12.863
9.6358,7.342,-12.485
5.984,13.425,-2.997
-0.092123,13.513,3.548
0.84338,12.332,-3.064
3.3784,13.557,6.292
3.4979,13.508,0.351
12.489,7.5789,-3.046
7.2571,12.296,3.433
13.458,6.3718,3.566
6.0459,7.4615,3.415
12.133,1.2884,3.548
12.439,13.692,3.419
13.262,12.5,-3.039
13.068,0.10687,-3.064
5.664,9.7497,-5.808
11.841,3.8057,-5.808
13.715,10.185,6.481
9.5114,7.3971,6.345
9.8586,12.15,-5.972
13.415,9.8925,0.741
5.7948,9.6726,-0.217
11.942,3.7053,-0.243
9.8671,12.175,0.031
9.6358,7.342,0.409
5.984,13.425,9.8974
0.84338,12.332,9.8304
3.4979,13.508,13.245
12.489,7.5789,9.8484
13.262,12.5,9.8554
13.068,0.10687,9.8304
5.664,9.7497,7.0864
11.841,3.8057,7.0864
9.8586,12.15,6.9224
13.415,9.8925,13.635
5.7948,9.6726,12.677
11.942,3.7053,12.651
9.8671,12.175,12.925
9.6358,7.342,13.303
0,0,0
-0.41507,-6.2034,-0.159
-6.2508,-0.26729,0.407
6.2749,0.17819,0.219
-0.19233,0.097581,6.329
0.1492,6.3845,0.232
-0.19233,0.097582,-6.5654
6.0196,-5.765,0.285
5.9666,0.37052,-6.142
-6.4057,-0.35143,-6.008
-6.2052,6.4597,0.285
-0.11909,6.4873,-6.195
5.9666,0.37052,6.7524
-0.4674,-6.3123,-6.4374
-0.4674,-6.3123,6.457
6.371,6.6482,0.274
-0.11909,6.4873,6.6994
-6.7395,-6.4623,0.274
-6.4057,-0.35143,6.8864
-6.191,5.887,-6
6.0337,-6.3378,-6
6.1773,6.5577,-6.138
-6.191,5.887,6.8944
6.0337,-6.3378,6.8944
6.1773,6.5577,6.7564
-6.9333,-6.5529,-6.138
-6.9333,-6.5529,6.7564
-0.40305,-12.619,-0.038
-12.628,-0.39427,-0.038
12.708,0.49153,-0.038
0.48275,12.716,-0.038
-6.9738e-17,1.4142e-06,-12.894
6.9738e-17,-1.4142e-06,12.894
12.374,-5.8403,0.232
-5.9499,12.403,0.219
5.9739,-12.492,0.407
-6.2508,-0.26728,-12.487
12.452,0.58912,-6.3654
-12.64,6.0213,-0.159
-0.65902,-12.521,-6.3654
12.452,0.58911,6.529
-0.65902,-12.521,6.529
6.2749,0.17819,-12.675
-0.41507,-6.2034,12.735
0.1492,6.3845,-12.662
0.22678,12.814,-6.3654
-12.884,-0.29669,-6.3654
0.22678,12.814,6.529
-12.884,-0.29669,6.529
12.695,6.9071,-0.159
-0.41507,-6.2034,-13.053
6.2749,0.17819,13.113
6.8597,12.843,0.407
0.1492,6.3845,13.126
-12.961,-6.7261,0.232
-6.8357,-12.932,0.219
-6.2508,-0.26729,13.301
12.106,-5.7375,-6.195
12.106,-5.7375,6.6994
5.8191,-12.576,-6.008
6.0196,-5.765,-12.609
-6.2582,12.595,-6.142
-12.692,5.9124,-6.4374
-12.692,5.9124,6.457
-6.2052,6.4597,-12.609
5.8191,-12.576,6.8864
6.0196,-5.765,13.179
-6.2582,12.595,6.7524
6.7049,12.759,-6.008
6.371,6.6482,-12.62
-6.7395,-6.4623,-12.62
12.643,6.7982,-6.4374
12.643,6.7982,6.457
-7.144,-12.74,-6.142
-6.2052,6.4597,13.179
6.7049,12.759,6.8864
-13.23,-6.6233,-6.195
6.371,6.6482,13.168
-7.144,-12.74,6.7524
-6.7395,-6.4623,13.168
-13.23,-6.6233,6.6994
-12.225,12.225,-1.0586e-15
12.225,-12.225,1.0586e-15
-0.40305,-12.619,12.856
-12.628,-0.39427,12.856
-0.40305,-12.619,-12.932
-12.628,-0.39427,-12.932
12.708,0.49153,12.856
0.48275,12.716,12.856
12.708,0.49153,-12.932
0.48275,12.716,-12.932
12.032,-12.127,6.329
12.032,-12.127,-6.5654
-13.111,-13.111,0
13.111,13.111,0
-12.417,12.322,6.329
12.374,-5.8403,-12.662
5.9739,-12.492,-12.487
-12.417,12.322,-6.5654
-5.9499,12.403,-12.675
-12.64,6.0213,12.735
12.374,-5.8403,13.126
-5.9499,12.403,13.113
-12.64,6.0213,-13.053
6.8597,12.843,-12.487
5.9739,-12.492,13.301
12.695,6.9071,12.735
-12.961,-6.7261,-12.662
-6.8357,-12.932,-12.675
12.695,6.9071,-13.053
12.918,13.208,6.329
12.918,13.208,-6.5654
-12.961,-6.7261,13.126
-6.8357,-12.932,13.113
-13.303,-13.013,6.329
6.8597,12.843,13.301
-13.303,-13.013,-6.5654
-12.225,12.225,12.894
12.225,-12.225,-12.894
-12.225,12.225,-12.894
12.225,-12.225,12.894
13.111,13.111,12.894
-13.111,-13.111,-12.894
-13.111,-13.111,12.894
13.111,13.111,-12.894
