-9.9031,-4.0228,-9.8334
-10.281,-10.416,-10.126
-3.8514,-10.254,-9.8304
-9.9031,-4.0228,3.061
-9.3735,-9.6464,-3.557
-10.281,-10.416,2.768
-3.8514,-10.254,3.064
-9.3735,-9.6464,9.3374
-9.4632,8.6274,-9.7984
-3.1784,2.6085,-9.9954
3.2074,9.0877,-9.8334
-9.8627,2.3745,-9.9174
-3.8064,-3.7257,-9.6994
-3.2364,8.8905,-10.01
2.8291,2.6948,-10.126
2.7615,-3.5973,-9.7984
9.0463,-9.6162,-9.9954
9.2591,2.8564,-9.8304
2.362,-9.8503,-9.9174
8.9883,-3.3343,-10.01
-8.6737,9.5264,-3.342
-9.4632,8.6274,3.096
-3.1784,2.6085,2.899
3.2074,9.0877,3.061
-9.2624,-3.2279,-3.582
-3.1367,-9.372,-3.447
-2.6029,3.2803,-3.438
3.5511,-2.6983,-3.342
-8.8282,3.1077,-3.147
-2.786,-3.1297,-3.592
-2.3829,9.5827,-3.767
3.7371,3.4641,-3.557
-9.8627,2.3745,2.977
-3.8064,-3.7257,3.195
-3.2364,8.8905,2.884
2.8291,2.6948,2.768
2.7615,-3.5973,3.096
9.0463,-9.6162,2.899
9.2591,2.8564,3.064
9.6219,-8.9445,-3.438
3.3965,-9.117,-3.147
9.8418,-2.642,-3.767
2.362,-9.8503,2.977
8.9883,-3.3343,2.884
-8.6737,9.5264,9.5524
-9.2624,-3.2279,9.3124
-3.1367,-9.372,9.4474
-2.6029,3.2803,9.4564
3.5511,-2.6983,9.5524
-8.8282,3.1077,9.7474
-2.786,-3.1297,9.3024
-2.3829,9.5827,9.1274
3.7371,3.4641,9.3374
9.6219,-8.9445,9.4564
3.3965,-9.117,9.7474
9.8418,-2.642,9.1274
9.3042,9.3848,-9.6994
3.8482,9.8826,-3.582
9.9738,3.7386,-3.447
10.325,9.9809,-3.592
9.3042,9.3848,3.195
3.8482,9.8826,9.3124
9.9738,3.7386,9.4474
10.325,9.9809,9.3024
-8.9111,-9.8232,-10.045
-9.9703,-4.5355,-3.426
-8.9111,-9.8232,2.849
-10.752,-10.226,-3.59
-3.7418,-10.736,-3.546
-9.9703,-4.5355,9.4684
-10.752,-10.226,9.3044
-3.7418,-10.736,9.3484
-8.8992,9.9967,-10.004
-9.2072,-2.7202,-10.067
-3.2902,-8.8848,-9.6354
-2.6276,3.9966,-9.9524
3.3255,-2.2281,-10.004
-8.5185,3.0158,-9.7904
-2.4126,-3.1848,-9.7494
-1.8512,9.4385,-9.9134
4.1995,3.2873,-10.045
9.5971,-8.2282,-9.9524
3.7062,-9.2089,-9.7904
10.374,-2.7863,-9.9134
-8.8992,9.9967,2.89
-9.3105,8.1918,-3.12
-3.2725,1.9474,-3.54
3.1403,8.5751,-3.426
-9.2072,-2.7202,2.827
-3.2902,-8.8848,3.259
-2.6276,3.9966,2.942
3.3255,-2.2281,2.89
-8.5185,3.0158,3.104
-2.4126,-3.1848,3.145
-1.8512,9.4385,2.981
4.1995,3.2873,2.849
-10.24,2.6439,-3.327
-4.1401,-3.7371,-3.442
-3.7427,8.9682,-3.708
2.3589,2.885,-3.59
2.9143,-4.0329,-3.12
8.9523,-10.277,-3.54
9.3688,2.3749,-3.546
9.5971,-8.2282,2.942
3.7062,-9.2089,3.104
10.374,-2.7863,2.981
1.9851,-9.5809,-3.327
8.482,-3.2565,-3.708
-9.3105,8.1918,9.7744
-3.2725,1.9474,9.3544
3.1403,8.5751,9.4684
-10.24,2.6439,9.5674
-4.1401,-3.7371,9.4524
-3.7427,8.9682,9.1864
2.3589,2.885,9.3044
2.9143,-4.0329,9.7744
8.9523,-10.277,9.3544
9.3688,2.3749,9.3484
1.9851,-9.5809,9.5674
8.482,-3.2565,9.1864
3.9033,10.39,-10.067
9.8204,4.2258,-9.6354
10.698,9.9258,-9.7494
3.9033,10.39,2.827
9.8204,4.2258,3.259
10.698,9.9258,3.145
8.9705,9.3735,-3.442
8.9705,9.3735,9.4524
-12.034,-7.3003,-9.8884
-7.1334,-6.2198,-9.8804
-13.497,-12.71,-9.9434
-11.974,-3.6806,-6.9164
-6.0777,-9.872,-7.1034
-9.9887,-12.343,-7.1424
-11.991,-3.7456,-12.724
-5.7871,-9.9307,-12.814
-13.602,-9.9929,-13.458
-9.686,-7.569,-13.594
-10.021,-12.575,-12.915
-5.902,-13.372,-9.9184
-3.5141,-13.761,-13.625
-13.682,-6.5019,-3.463
-7.4198,-12.535,-3.489
-12.034,-7.3003,3.006
-7.1334,-6.2198,3.014
-13.497,-12.71,2.951
-12.672,-14,-3.39
-12.302,-1.3549,-3.389
-6.1243,-7.4622,-3.349
-13.714,-10.034,-6.36
-11.974,-3.6806,5.978
-6.0777,-9.872,5.791
-9.9887,-12.343,5.752
-9.7157,-7.429,-6.318
-11.991,-3.7456,0.17
-5.7871,-9.9307,0.08
-13.602,-9.9929,-0.564
-9.686,-7.569,-0.7
-10.021,-12.575,-0.021
-5.902,-13.372,2.976
-0.077582,-13.58,-3.389
-3.5078,-13.483,-6.447
-3.5141,-13.761,-0.731
-13.682,-6.5019,9.4314
-7.4198,-12.535,9.4054
-12.672,-14,9.5044
-12.302,-1.3549,9.5054
-6.1243,-7.4622,9.5454
-13.714,-10.034,6.5344
-9.7157,-7.429,6.5764
-11.991,-3.7456,13.064
-5.7871,-9.9307,12.974
-13.602,-9.9929,12.33
-9.686,-7.569,12.194
-10.021,-12.575,12.873
-0.077582,-13.58,9.5054
-3.5078,-13.483,6.4474
-3.5141,-13.761,12.163
-12.612,12.626,-9.9434
-11.587,8.9311,-6.9364
-9.1029,12.992,-7.1424
-11.689,8.8837,-12.572
-9.1347,12.761,-12.915
-11.78,5.3754,-9.6894
-5.4546,-0.57558,-9.9244
-5.0162,11.963,-9.9184
1.0769,5.8103,-9.8884
-13.136,0.10395,-9.8714
5.9772,6.8908,-9.8804
-6.3739,6.7911,-9.8064
-0.38679,0.40093,-9.9434
-5.3761,2.8843,-7.1234
0.63781,-3.2937,-6.9364
1.137,9.43,-6.9164
7.0329,3.2386,-7.1034
-9.4745,0.17324,-7.1534
-3.4068,-5.9171,-6.8524
-2.9409,6.9219,-7.1194
3.1219,0.76721,-7.1424
-5.514,2.7832,-12.825
0.53528,-3.3411,-12.572
1.1201,9.3649,-12.724
7.3235,3.1799,-12.814
-13.464,2.6396,-13.38
-7.1085,-3.5971,-13.552
-6.4927,9.1245,-13.404
-0.49144,3.1176,-13.458
-9.3041,5.2778,-13.24
-3.1495,-0.92914,-13.71
-2.6283,11.575,-13.625
3.4245,5.5416,-13.594
-9.5544,0.32103,-12.785
-3.5179,-5.8966,-12.457
-2.9055,6.7691,-12.775
3.0901,0.53599,-12.915
0.44436,-6.8493,-9.6894
6.7701,-12.8,-9.9244
7.2085,-0.26192,-9.9184
13.302,-6.4145,-9.8884
-0.91117,-12.121,-9.8714
5.8509,-5.4337,-9.8064
11.838,-11.824,-9.9434
6.8486,-9.3405,-7.1234
13.362,-2.7948,-6.9164
2.7502,-12.052,-7.1534
9.2839,-5.3029,-7.1194
6.7107,-9.4416,-12.825
13.345,-2.8598,-12.724
-1.2393,-9.5851,-13.38
5.7321,-3.1002,-13.404
11.733,-9.1071,-13.458
2.9206,-6.9469,-13.24
9.0753,-13.154,-13.71
9.5964,-0.65012,-13.625
2.6703,-11.904,-12.785
9.3193,-5.4556,-12.775
-13.123,6.1755,-3.208
-6.534,12.8,-3.489
-12.612,12.626,2.951
-11.786,11.335,-3.39
-11.587,8.9311,5.958
-9.1029,12.992,5.752
-11.689,8.8837,0.322
-9.1347,12.761,-0.021
-7.1708,-0.077075,-3.444
-0.89873,-6.0493,-3.208
-0.57134,6.6086,-3.463
5.6908,0.57558,-3.489
-11.78,5.3754,3.205
-5.4546,-0.57558,2.97
-5.0162,11.963,2.976
1.0769,5.8103,3.006
-13.136,0.10394,3.023
5.9772,6.8908,3.014
-6.3739,6.7911,3.088
-0.38679,0.40093,2.951
-5.6349,5.2672,-3.461
0.43841,-0.88954,-3.39
0.80822,11.756,-3.389
6.9862,5.6484,-3.349
-13.053,2.6644,-6.13
-7.0074,-3.4224,-6.45
-6.7953,9.2065,-6.32
-0.60316,3.0766,-6.36
-5.3761,2.8843,5.771
0.63781,-3.2937,5.958
1.137,9.43,5.978
7.0329,3.2385,5.791
-9.4745,0.17324,5.741
-3.4068,-5.9171,6.042
-2.9409,6.9219,5.775
3.1219,0.76721,5.752
-9.1867,5.2354,-6.017
-3.0823,-0.97651,-6.319
-2.622,11.853,-6.447
3.3948,5.6816,-6.318
-5.514,2.7832,0.069
0.53528,-3.3411,0.322
1.1201,9.3649,0.17
7.3235,3.1799,0.08
-13.464,2.6396,-0.486
-7.1085,-3.5971,-0.658
-6.4927,9.1245,-0.51
-0.49144,3.1176,-0.564
-9.3041,5.2778,-0.346
-3.1495,-0.92914,-0.816
-2.6283,11.575,-0.731
3.4245,5.5416,-0.7
-9.5544,0.32103,0.109
-3.5179,-5.8966,0.437
-2.9055,6.7691,0.119
3.0901,0.53599,-0.021
5.054,-12.302,-3.444
11.653,-5.6161,-3.463
0.44436,-6.8493,3.205
6.7701,-12.8,2.97
7.2085,-0.26192,2.976
13.302,-6.4145,3.006
-0.91117,-12.121,3.023
5.8509,-5.4337,3.088
11.838,-11.824,2.951
6.5898,-6.9575,-3.461
12.663,-13.114,-3.39
13.033,-0.46911,-3.389
-0.82844,-9.5604,-6.13
5.4295,-3.0182,-6.32
11.622,-9.1481,-6.36
6.8486,-9.3405,5.771
13.362,-2.7948,5.978
2.7502,-12.052,5.741
9.2839,-5.3029,5.775
3.038,-6.9893,-6.017
9.1425,-13.201,-6.319
9.6028,-0.37223,-6.447
6.7107,-9.4416,0.069
13.345,-2.8598,0.17
-1.2393,-9.5851,-0.486
5.7321,-3.1002,-0.51
11.733,-9.1071,-0.564
2.9206,-6.9469,-0.346
9.0753,-13.154,-0.816
9.5964,-0.65012,-0.731
2.6703,-11.904,0.109
9.3193,-5.4556,0.119
-13.123,6.1755,9.6864
-6.534,12.8,9.4054
-11.786,11.335,9.5044
-11.689,8.8837,13.216
-9.1347,12.761,12.873
-7.1708,-0.077076,9.4504
-0.89873,-6.0493,9.6864
-0.57134,6.6086,9.4314
5.6908,0.57558,9.4054
-5.6349,5.2672,9.4334
0.43841,-0.88954,9.5044
0.80822,11.756,9.5054
6.9862,5.6484,9.5454
-13.053,2.6644,6.7644
-7.0074,-3.4224,6.4444
-6.7953,9.2065,6.5744
-0.60316,3.0766,6.5344
-9.1867,5.2354,6.8774
-3.0823,-0.97652,6.5754
-2.622,11.853,6.4474
3.3948,5.6816,6.5764
-5.514,2.7832,12.963
0.53528,-3.3411,13.216
1.1201,9.3649,13.064
7.3235,3.1799,12.974
-13.464,2.6396,12.408
-7.1085,-3.5971,12.236
-6.4927,9.1245,12.384
-0.49144,3.1176,12.33
-9.3041,5.2778,12.548
-3.1495,-0.92914,12.078
-2.6283,11.575,12.163
3.4245,5.5416,12.194
-9.5544,0.32103,13.003
-3.5179,-5.8966,13.331
-2.9055,6.7691,13.013
3.0901,0.53599,12.873
5.054,-12.302,9.4504
11.653,-5.6161,9.4314
6.5898,-6.9575,9.4334
12.663,-13.114,9.5044
13.033,-0.46911,9.5054
-0.82844,-9.5604,6.7644
5.4295,-3.0182,6.5744
11.622,-9.1481,6.5344
3.038,-6.9893,6.8774
9.1425,-13.201,6.5754
9.6028,-0.37223,6.4474
6.7107,-9.4416,12.963
13.345,-2.8598,13.064
-1.2393,-9.5851,12.408
5.7321,-3.1003,12.384
11.733,-9.1071,12.33
2.9206,-6.9469,12.548
9.0753,-13.154,12.078
9.5964,-0.65013,12.163
2.6703,-11.904,13.003
9.3193,-5.4556,13.013
7.6559,12.535,-9.9244
-0.025362,13.215,-9.8714
12.724,13.511,-9.9434
13.748,9.8169,-6.9364
3.636,13.284,-7.1534
9.7037,7.1935,-6.8524
13.646,9.7695,-12.572
6.002,9.5135,-13.552
9.9611,12.181,-13.71
3.5561,13.432,-12.785
9.5927,7.214,-12.457
13.555,6.2612,-9.6894
12.199,0.98975,-9.8714
11.871,3.5254,-13.38
5.9398,13.033,-3.444
12.212,7.0613,-3.208
7.6559,12.535,2.97
-0.025362,13.215,3.023
12.724,13.511,2.951
13.549,12.221,-3.39
6.1031,9.6882,-6.45
13.748,9.8169,5.958
3.636,13.284,5.741
9.7037,7.1935,6.042
10.028,12.134,-6.319
13.646,9.7695,0.322
6.002,9.5135,-0.658
9.9611,12.181,-0.816
3.5561,13.432,0.109
9.5927,7.214,0.437
13.555,6.2612,3.205
12.199,0.98975,3.023
12.282,3.5502,-6.13
11.871,3.5254,-0.486
5.9398,13.033,9.4504
12.212,7.0613,9.6864
13.549,12.221,9.5044
6.1031,9.6882,6.4444
10.028,12.134,6.5754
13.646,9.7695,13.216
6.002,9.5135,12.236
9.9611,12.181,12.078
3.5561,13.432,13.003
9.5927,7.214,13.331
12.282,3.5502,6.7644
11.871,3.5254,12.408
0,0,0
-6.1504,-0.38608,-0.003
0.41649,6.2968,0.135
-0.055861,-0.22981,-6.348
-0.32173,-6.3774,-0.262
-0.055861,-0.22981,6.5464
6.64,0.078903,-0.012
-6.0804,6.0663,0.177
6.1443,-6.1585,0.177
-0.28991,-6.4531,6.123
6.1752,0.048789,6.4194
6.1752,0.04879,-6.475
0.064347,6.3435,-6.377
0.064347,6.3435,6.5174
-6.4516,-0.25739,-6.434
6.475,6.441,0.026
-6.4516,-0.25739,6.4604
-0.28991,-6.4531,-6.7714
-6.6356,-6.6695,0.026
-6.1603,5.9312,-6.357
-6.1603,5.9312,6.5374
6.0644,-6.2935,-6.357
6.0644,-6.2935,6.5374
6.5521,6.2367,-6.328
6.5521,6.2367,6.5664
-6.5585,-6.8739,-6.328
-6.5585,-6.8739,6.5664
-0.35467,-12.561,0.054
-12.579,-0.33658,0.054
12.756,0.54922,0.054
0.53113,12.774,0.054
5.583e-16,1.4142e-06,-12.894
-5.583e-16,-1.4142e-06,12.894
-5.5847,12.304,-0.012
-12.546,5.8474,-0.262
12.641,-5.928,0.135
6.0743,-12.611,-0.003
0.46113,12.56,-6.32
-12.649,-0.55084,-6.32
-0.32173,-6.3774,12.632
12.686,0.33497,-6.32
0.46113,12.56,6.5744
0.41649,6.2968,-12.759
-0.42468,-12.776,-6.32
-12.649,-0.55084,6.5744
-6.1504,-0.38608,12.891
12.686,0.33497,6.5744
-6.1504,-0.38608,-12.897
-0.42468,-12.776,6.5744
-12.694,-6.8138,0.135
12.789,6.7332,-0.262
0.41649,6.2968,13.029
6.64,0.078901,12.882
6.9601,12.724,-0.003
6.64,0.078904,-12.906
-6.4705,-13.032,-0.012
-0.32173,-6.3774,-13.156
12.289,-5.8813,-6.377
-12.515,5.7717,6.123
12.289,-5.8813,6.5174
-6.0496,12.274,6.4194
-6.0496,12.274,-6.475
5.7731,-12.482,-6.434
5.7731,-12.482,6.4604
-6.0804,6.0663,-12.717
-12.515,5.7717,-6.7714
6.1443,-6.1585,-12.717
-6.0804,6.0663,13.071
12.821,6.6575,6.123
6.1443,-6.1585,13.071
6.475,6.441,-12.868
6.475,6.441,12.92
6.6589,12.853,-6.434
6.6589,12.853,6.4604
-6.6356,-6.6695,-12.868
12.821,6.6575,-6.7714
-6.6356,-6.6695,12.92
-13.046,-6.7671,-6.377
-13.046,-6.7671,6.5174
-6.9354,-13.062,6.4194
-6.9354,-13.062,-6.475
-12.225,12.225,-1.0586e-15
12.225,-12.225,1.0586e-15
-0.35467,-12.561,-12.84
-12.579,-0.33658,-12.84
-0.35467,-12.561,12.948
-12.579,-0.33658,12.948
12.756,0.54922,-12.84
0.53113,12.774,-12.84
12.756,0.54922,12.948
0.53113,12.774,12.948
-12.281,11.995,-6.348
-12.281,11.995,6.5464
12.169,-12.455,-6.348
-13.111,-13.111,0
13.111,13.111,0
12.169,-12.455,6.5464
-5.5847,12.304,12.882
-5.5847,12.304,-12.906
-12.546,5.8474,12.632
12.641,-5.928,-12.759
6.0743,-12.611,12.891
6.0743,-12.611,-12.897
-12.546,5.8474,-13.156
12.641,-5.928,13.029
12.789,6.7332,12.632
-12.694,-6.8138,-12.759
6.9601,12.724,12.891
13.055,12.881,-6.348
6.9601,12.724,-12.897
-12.694,-6.8138,13.029
-6.4705,-13.032,12.882
-6.4705,-13.032,-12.906
13.055,12.881,6.5464
12.789,6.7332,-13.156
-13.166,-13.34,-6.348
-13.166,-13.34,6.5464
12.225,-12.225,-12.894
-12.225,12.225,12.894
-12.225,12.225,-12.894
12.225,-12.225,12.894
13.111,13.111,12.894
-13.111,-13.111,-12.894
-13.111,-13.111,12.894
13.111,13.111,-12.894
