-9.4052,-3.9025,-9.4438
-9.6852,-9.5777,-9.2508
-3.7768,-9.5719,-9.3518
-9.4052,-3.9025,2.659
-8.9081,-9.1386,-2.968
-9.6852,-9.5777,2.852
-3.7768,-9.5719,2.751
-8.9081,-9.1386,9.1348
-8.8933,7.8538,-9.2238
-3.269,2.4968,-9.4098
3.0922,8.5949,-9.4438
-9.4172,2.1468,-9.2588
-3.6077,-3.5242,-9.1758
-2.9981,8.3057,-9.2778
2.8122,2.9196,-9.2508
2.5163,-3.5558,-9.2238
8.1407,-8.9129,-9.4098
8.7205,2.9255,-9.3518
1.9924,-9.2629,-9.2588
8.4115,-3.104,-9.2778
-8.2955,8.8613,-3.378
-8.8933,7.8538,2.879
-3.269,2.4968,2.693
3.0922,8.5949,2.659
-8.6203,-2.9805,-3.321
-2.4466,3.3305,-3.245
3.1141,-2.5484,-3.378
-8.2951,2.8687,-3.131
-2.7316,-2.8065,-3.152
-2.0421,9.2461,-3.245
3.5893,3.3588,-2.968
-9.4172,2.1468,2.844
-3.6077,-3.5242,2.927
-2.9981,8.3057,2.825
2.8122,2.9196,2.852
2.5163,-3.5558,2.879
8.1407,-8.9129,2.693
8.7205,2.9255,2.751
-3.0168,-8.898,-3.471
8.963,-8.0792,-3.245
3.1146,-8.5409,-3.131
9.3675,-2.1635,-3.245
1.9924,-9.2629,2.844
8.4115,-3.104,2.825
-8.2955,8.8613,8.7248
-8.6203,-2.9805,8.7818
-2.4466,3.3305,8.8578
3.1141,-2.5484,8.7248
-8.2951,2.8687,8.9718
-2.7316,-2.8065,8.9508
-2.0421,9.2461,8.8578
3.5893,3.3588,9.1348
-3.0168,-8.898,8.6318
8.963,-8.0792,8.8578
3.1146,-8.5409,8.9718
9.3675,-2.1635,8.8578
8.8897,8.9732,-9.1758
3.877,9.5169,-3.321
9.7658,9.6909,-3.152
8.8897,8.9732,2.927
9.4806,3.5994,-3.471
3.877,9.5169,8.7818
9.7658,9.6909,8.9508
9.4806,3.5994,8.6318
-8.3084,-9,-9.1918
-9.0325,-4.418,-3.244
-8.3084,-9,2.911
-10.314,-9.6301,-3.079
-3.7662,-10.184,-3.364
-9.0325,-4.418,8.8588
-10.314,-9.6301,9.0238
-3.7662,-10.184,8.7388
-8.3259,9.2381,-9.2708
-9.0517,-2.453,-9.3738
-3.223,-8.1812,-9.4078
-2.7676,3.8962,-9.2458
3.0837,-2.1715,-9.2708
-7.9776,2.5357,-9.3828
-2.2571,-2.8977,-9.3258
-1.685,8.9965,-9.4568
4.1889,3.4974,-9.1918
8.642,-7.5135,-9.2458
3.432,-8.874,-9.3828
9.7246,-2.4131,-9.4568
-8.3259,9.2381,2.832
-8.9421,7.5307,-3.184
-2.9621,1.9283,-3.218
3.4648,8.0794,-3.244
-9.0517,-2.453,2.729
-3.223,-8.1812,2.695
-2.7676,3.8962,2.857
3.0837,-2.1715,2.832
-7.9776,2.5357,2.72
-2.2571,-2.8977,2.777
-1.685,8.9965,2.646
4.1889,3.4974,2.911
-9.7199,2.4112,-3.204
-4.138,-3.2569,-3.384
-3.3976,8.6387,-3.395
2.1828,2.8673,-3.079
2.4675,-3.879,-3.184
8.4475,-9.4814,-3.218
8.7311,2.3139,-3.364
8.642,-7.5135,2.857
3.432,-8.874,2.72
9.7246,-2.4131,2.646
1.6897,-8.9984,-3.204
8.012,-2.7709,-3.395
-8.9421,7.5307,8.9188
-2.9621,1.9283,8.8848
3.4648,8.0794,8.8588
-9.7199,2.4112,8.8988
-4.138,-3.2569,8.7188
-3.3976,8.6387,8.7078
2.1828,2.8673,9.0238
2.4675,-3.879,8.9188
8.4476,-9.4814,8.8848
8.7311,2.3139,8.7388
1.6897,-8.9984,8.8988
8.012,-2.7709,8.7078
3.4457,10.044,-9.3738
9.2743,4.3162,-9.4078
10.24,9.5997,-9.3258
3.4457,10.044,2.729
9.2743,4.3162,2.695
10.24,9.5997,2.777
8.3593,9.2404,-3.384
8.3593,9.2404,8.7188
-11.574,-6.6468,-9.2508
-12.89,-11.759,-9.2578
-11.324,-3.7483,-6.6008
-5.6815,-9.3981,-6.5778
-9.3832,-11.746,-6.5718
-11.508,-3.597,-12.173
-5.7841,-9.3069,-12.059
-13.178,-9.3861,-12.547
-9.205,-7.105,-12.341
-9.659,-11.553,-12.029
-5.8621,-12.742,-9.1958
-3.5944,-12.815,-12.574
-12.75,-6.231,-3.244
-7.2308,-11.97,-3.159
-11.574,-6.6468,2.852
-12.89,-11.759,2.845
-12.053,-13.147,-3.238
-11.605,-1.3604,-3.305
-5.7473,-6.9112,-3.269
-12.868,-9.6463,-5.902
-11.324,-3.7483,5.502
-5.6815,-9.3981,5.525
-9.3832,-11.746,5.531
-9.1683,-7.2917,-5.757
-11.508,-3.597,-0.07
-5.7841,-9.3069,0.044
-13.178,-9.3861,-0.444
-9.205,-7.105,-0.238
-9.659,-11.553,0.074
-5.8621,-12.742,2.907
-0.19535,-12.77,-3.305
-3.3123,-12.886,-6.03
-3.5944,-12.815,-0.471
-12.75,-6.231,8.8588
-7.2308,-11.97,8.9438
-12.053,-13.147,8.8648
-11.605,-1.3604,8.7978
-5.7473,-6.9112,8.8338
-12.868,-9.6463,6.2008
-9.1683,-7.2917,6.3458
-11.508,-3.597,12.033
-5.7841,-9.3069,12.147
-13.178,-9.3861,11.659
-9.205,-7.105,11.865
-9.659,-11.553,12.177
-0.19535,-12.77,8.7978
-3.3123,-12.886,6.0728
-3.5944,-12.815,11.632
-11.803,12.148,-9.2578
-10.758,8.164,-6.5418
-8.2955,12.161,-6.5718
-10.877,8.4122,-11.947
-8.5713,12.354,-12.029
-11.206,5.077,-9.2338
-5.2842,-0.65407,-9.2308
-4.7744,11.165,-9.1958
0.92348,5.8506,-9.2508
-12.362,0.054448,-9.4498
-6.5216,-5.4567,-9.3558
-5.9362,6.3548,-9.4228
-0.39315,0.73822,-9.2578
-6.7387,-3.2484,-6.2758
-5.1598,2.6071,-6.6018
0.65195,-3.2456,-6.5418
1.1731,8.749,-6.6008
6.8158,3.0992,-6.5778
-8.8494,0.26375,-6.4988
-3.1968,-5.5854,-6.4878
-2.663,6.4163,-6.5478
3.1141,0.75095,-6.5718
-5.3252,2.7047,-12.141
0.53245,-2.9974,-11.947
0.98924,8.9004,-12.173
6.7133,3.1905,-12.059
-12.577,2.4402,-12.804
-6.9197,-3.1198,-12.532
-6.4481,8.7702,-12.799
-0.68024,3.1113,-12.547
-8.7215,4.971,-12.673
-3.0003,-0.76014,-12.576
-2.5067,11.092,-12.574
3.2923,5.3924,-12.341
-9.0496,0.20223,-12.022
-3.3531,-5.234,-12.04
-2.7591,6.4912,-12.067
2.8383,0.9447,-12.029
0.20339,-6.3326,-9.2338
6.1254,-12.064,-9.2308
6.6352,-0.24445,-9.1958
12.333,-5.5591,-9.2508
-0.95273,-11.355,-9.4498
5.4735,-5.0549,-9.4228
11.016,-10.671,-9.2578
6.2499,-8.8026,-6.6018
12.583,-2.6606,-6.6008
2.5602,-11.146,-6.4988
8.7467,-4.9934,-6.5478
6.0844,-8.705,-12.141
12.399,-2.5093,-12.173
-1.1677,-8.9694,-12.804
4.9615,-2.6394,-12.799
10.729,-8.2984,-12.547
2.6882,-6.4387,-12.673
8.4094,-12.17,-12.576
8.9029,-0.31728,-12.574
2.3601,-11.207,-12.022
8.6505,-4.9184,-12.067
-12.523,5.5838,-3.196
-6.1431,11.937,-3.159
-11.803,12.148,2.845
-10.965,10.76,-3.238
-10.758,8.164,5.561
-8.2955,12.161,5.531
-10.877,8.4122,0.156
-8.5713,12.354,0.073999
-6.4389,0.022627,-3.206
-1.1137,-5.8259,-3.196
-0.25314,6.2664,-3.244
5.2665,0.5275,-3.159
-11.206,5.077,2.869
-5.2842,-0.65407,2.872
-4.7744,11.165,2.907
0.92348,5.8506,2.852
-12.362,0.054447,2.653
-6.5216,-5.4567,2.747
-5.9362,6.3548,2.68
-0.39315,0.73822,2.845
-5.111,5.2043,-3.349
0.44477,-0.64983,-3.238
0.89237,11.137,-3.305
6.75,5.5861,-3.269
-12.415,2.2868,-6.087
-6.7387,-3.2484,5.827
-6.0924,8.597,-6.041
-0.37052,2.8511,-5.902
-5.1598,2.6071,5.501
0.65195,-3.2456,5.561
1.1731,8.749,5.502
6.8158,3.0992,5.525
-8.8494,0.26375,5.604
-3.1968,-5.5854,5.615
-2.663,6.4163,5.555
3.1141,0.75095,5.531
-8.4761,4.6719,-6.023
-2.7351,-0.86691,-6.015
-2.2246,11.021,-6.03
3.3291,5.2057,-5.757
-5.3252,2.7047,-0.038
0.53245,-2.9974,0.156
0.98924,8.9004,-0.07
6.7133,3.1905,0.044
-12.577,2.4402,-0.701
-6.9197,-3.1198,-0.429
-6.4481,8.7702,-0.696
-0.68024,3.1113,-0.444
-8.7215,4.971,-0.57
-3.0003,-0.76014,-0.473
-2.5067,11.092,-0.471
3.2923,5.3924,-0.238
-9.0496,0.20223,0.081
-3.3531,-5.234,0.063
-2.7591,6.4912,0.036
2.8383,0.94469,0.074
4.9707,-11.387,-3.206
11.156,-5.1433,-3.244
0.20339,-6.3326,2.869
6.1254,-12.064,2.872
6.6352,-0.24445,2.907
12.333,-5.5591,2.852
-0.95273,-11.355,2.653
5.4735,-5.0549,2.68
11.016,-10.671,2.845
6.2987,-6.2054,-3.349
11.854,-12.059,-3.238
12.302,-0.27274,-3.305
-1.0058,-9.1229,-6.087
5.3172,-2.8127,-6.041
11.039,-8.5586,-5.902
6.2499,-8.8026,5.501
12.583,-2.6606,5.502
2.5602,-11.146,5.604
8.7467,-4.9934,5.555
2.9335,-6.7378,-6.023
8.6745,-12.277,-6.015
9.1851,-0.3887,-6.03
6.0844,-8.705,-0.037999
12.399,-2.5093,-0.069999
-1.1677,-8.9694,-0.701
4.9615,-2.6394,-0.696
10.729,-8.2984,-0.444
2.6882,-6.4387,-0.57
8.4094,-12.17,-0.473
8.9029,-0.31728,-0.471
2.3601,-11.207,0.081001
8.6505,-4.9184,0.036001
-12.523,5.5838,8.9068
-6.1431,11.937,8.9438
-10.965,10.76,8.8648
-10.877,8.4122,12.259
-8.5713,12.354,12.177
-6.4389,0.022627,8.8968
-1.1137,-5.8259,8.9068
-0.25314,6.2664,8.8588
5.2665,0.5275,8.9438
-5.111,5.2043,8.7538
0.44477,-0.64983,8.8648
0.89237,11.137,8.7978
6.75,5.5861,8.8338
-12.415,2.2868,6.0158
-6.0924,8.597,6.0618
-0.37052,2.8511,6.2008
-8.4761,4.6719,6.0798
-2.7351,-0.86691,6.0878
-2.2246,11.021,6.0728
3.3291,5.2057,6.3458
-5.3252,2.7047,12.065
0.53245,-2.9974,12.259
0.98924,8.9004,12.033
6.7133,3.1905,12.147
-12.577,2.4402,11.402
-6.9197,-3.1198,11.674
-6.4481,8.7702,11.407
-0.68024,3.1113,11.659
-8.7215,4.971,11.533
-3.0003,-0.76014,11.63
-2.5067,11.092,11.632
3.2923,5.3924,11.865
-9.0496,0.20223,12.184
-3.3531,-5.234,12.166
-2.7591,6.4912,12.139
2.8383,0.94469,12.177
4.9707,-11.387,8.8968
11.156,-5.1433,8.8588
6.2987,-6.2054,8.7538
11.854,-12.059,8.8648
12.302,-0.27274,8.7978
-1.0058,-9.1229,6.0158
5.3172,-2.8127,6.0618
11.039,-8.5586,6.2008
2.9335,-6.7378,6.0798
8.6745,-12.277,6.0878
9.1851,-0.3887,6.0728
6.0844,-8.705,12.065
12.399,-2.5093,12.033
-1.1677,-8.9694,11.402
4.9615,-2.6394,11.407
10.729,-8.2984,11.659
2.6882,-6.4387,11.533
8.4094,-12.17,11.63
8.9029,-0.31728,11.632
2.3601,-11.207,12.184
8.6505,-4.9184,12.139
7.2131,11.843,-9.2308
0.13499,12.552,-9.4498
5.9757,7.0406,-9.3558
12.104,13.236,-9.2578
5.7586,9.2489,-6.2758
13.149,9.2518,-6.5418
3.6479,12.761,-6.4988
9.3005,6.9119,-6.4878
13.03,9.5,-11.947
5.5776,9.3776,-12.532
9.4971,11.737,-12.576
3.4478,12.7,-12.022
9.1442,7.2634,-12.04
12.701,6.1647,-9.2338
11.545,1.1422,-9.4498
11.33,3.5279,-12.804
6.0584,12.52,-3.206
11.384,6.6715,-3.196
7.2131,11.843,2.872
0.13499,12.552,2.653
5.9757,7.0406,2.747
12.104,13.236,2.845
12.942,11.848,-3.238
5.7586,9.2489,5.827
13.149,9.2518,5.561
3.6479,12.761,5.604
9.3005,6.9119,5.615
9.7622,11.63,-6.015
13.03,9.5,0.156
5.5776,9.3776,-0.429
9.4971,11.737,-0.473
3.4478,12.7,0.081
9.1442,7.2634,0.063
12.701,6.1647,2.869
11.545,1.1422,2.653
11.492,3.3745,-6.087
11.33,3.5279,-0.701
6.0584,12.52,8.8968
11.384,6.6715,8.9068
12.942,11.848,8.8648
9.7622,11.63,6.0878
13.03,9.5,12.259
5.5776,9.3776,11.674
9.4971,11.737,11.63
3.4478,12.7,12.184
9.1442,7.2634,12.166
11.492,3.3745,6.0158
11.33,3.5279,11.402
0,0,0
0.30052,5.8556,-0.194
-5.8732,-0.15556,-0.282
0.077075,0.034648,5.9088
5.9446,0.26517,-0.268
-0.28638,-6.0196,-0.256
0.077075,0.034648,-6.194
5.7033,-5.5647,-0.316
-5.7064,5.8449,-0.316
-5.8336,-0.43416,5.724
-0.239,-5.9934,5.811
6.0561,0.17628,5.751
0.20365,5.9284,5.9648
0.20365,5.9284,-6.138
-6.2232,-6.004,-0.032
-5.8336,-0.43416,-6.3788
-0.239,-5.9934,-6.2918
6.0561,0.17628,-6.3518
6.2741,6.4933,-0.032
-5.6151,5.6052,5.823
5.7945,-5.8044,5.823
-5.6151,5.6052,-6.2798
5.7945,-5.8044,-6.2798
6.243,5.9319,6.0388
6.243,5.9319,-6.064
-6.2543,-6.5655,6.0388
-6.2543,-6.5655,-6.064
0.48013,11.887,-0.155
11.89,0.4775,-0.155
-12.017,-0.61021,-0.155
-0.60759,-12.02,-0.155
7.0711e-07,-7.0711e-07,12.103
-7.0711e-07,7.0711e-07,-12.103
5.5364,-11.565,-0.282
-11.696,5.3901,-0.256
-5.465,11.675,-0.268
11.71,-5.5541,-0.194
-11.664,-0.66115,6.0068
-11.664,-0.66114,-6.096
-5.8732,-0.15556,11.821
5.9446,0.26516,11.835
0.30052,5.8556,11.909
-0.28638,-6.0196,11.847
0.83361,11.836,6.0068
0.83361,11.836,-6.096
-0.25411,-12.071,6.0068
-0.25411,-12.071,-6.096
0.30052,5.8556,-12.297
12.243,0.42657,6.0068
12.243,0.42657,-6.096
-5.8732,-0.15556,-12.385
5.9446,0.26517,-12.371
-0.28638,-6.0196,-12.359
12.211,6.4778,-0.256
-6.5527,-12.232,-0.268
-12.197,-6.6418,-0.194
-5.3535,11.586,5.751
6.6241,12.342,-0.282
-11.649,5.4162,5.811
11.613,-5.4813,5.9648
5.7033,-5.5647,11.787
11.613,-5.4813,-6.138
-5.3535,11.586,-6.3518
5.576,-11.844,5.724
-11.649,5.4162,-6.2918
-5.7064,5.8449,11.787
5.576,-11.844,-6.3788
5.7033,-5.5647,-12.419
-6.2232,-6.004,12.071
-5.7064,5.8449,-12.419
-6.2232,-6.004,-12.135
6.6637,12.063,5.724
12.258,6.5039,5.811
-6.4412,-12.321,5.751
6.2741,6.4933,12.071
6.2741,6.4933,-12.135
-12.294,-6.569,5.9648
6.6637,12.063,-6.3788
-12.294,-6.569,-6.138
12.258,6.5039,-6.2918
-6.4412,-12.321,-6.3518
-11.41,11.41,-1e-06
11.41,-11.41,1e-06
0.48013,11.887,11.948
11.89,0.4775,11.948
-12.017,-0.61021,11.948
-0.60759,-12.02,11.948
0.48012,11.887,-12.258
11.89,0.4775,-12.258
-11.333,11.444,5.9088
-12.017,-0.61021,-12.258
-0.60759,-12.02,-12.258
11.487,-11.375,5.9088
-11.333,11.444,-6.194
11.487,-11.375,-6.194
5.5364,-11.565,11.821
-11.696,5.3901,11.847
-5.465,11.675,11.835
11.71,-5.5541,11.909
-12.497,-12.497,1.9594e-21
12.497,12.497,-1.9594e-21
5.5364,-11.565,-12.385
-11.696,5.3901,-12.359
11.71,-5.5541,-12.297
-5.465,11.675,-12.371
12.211,6.4778,11.847
-6.5527,-12.232,11.835
-12.197,-6.6418,11.909
6.6241,12.342,11.821
12.211,6.4778,-12.359
-12.197,-6.6418,-12.297
-12.42,-12.463,5.9088
-6.5527,-12.232,-12.371
-12.42,-12.463,-6.194
6.6241,12.342,-12.385
12.574,12.532,5.9088
12.574,12.532,-6.194
-11.41,11.41,12.103
11.41,-11.41,-12.103
-11.41,11.41,-12.103
11.41,-11.41,12.103
12.497,12.497,12.103
-12.497,-12.497,-12.103
-12.497,-12.497,12.103
12.497,12.497,-12.103
