-9.4622,-9.5004,-8.5912
-8.8279,1.9186,-8.9602
-3.671,-3.2652,-8.7352
-9.4233,-3.758,-8.8062
-3.6837,-8.8683,-8.7892
2.0089,-8.9182,-8.9602
-9.4622,-9.5004,2.977
-8.8279,1.9186,2.608
-3.671,-3.2652,2.833
-8.8378,-8.6724,-2.783
-8.1718,-2.8685,-3.055
-2.8437,-8.0282,-2.996
-9.4233,-3.758,2.762
-3.6837,-8.8683,2.779
2.0089,-8.9182,2.608
-8.8378,-8.6724,8.7852
-8.1718,-2.8685,8.5132
-2.8437,-8.0282,8.5722
-8.5267,7.8083,-8.6942
-2.8221,7.9387,-8.6022
2.6142,2.576,-8.5912
8.4054,8.8113,-8.7352
-3.2166,2.2295,-8.6282
2.3101,-3.0285,-8.6942
2.6531,8.3184,-8.8062
8.3927,3.2081,-8.7892
8.0148,-2.8982,-8.6022
7.6202,-8.6073,-8.6282
-8.1731,2.9618,-3.059
-2.0128,8.9821,-2.943
-7.4851,8.6787,-2.909
-8.5267,7.8083,2.874
-2.8221,7.9387,2.966
2.6142,2.576,2.977
8.4054,8.8113,2.833
-2.4353,-2.5159,-2.958
2.6637,-7.875,-3.059
3.2385,3.404,-2.783
8.824,-1.8547,-2.943
-2.255,2.9253,-3.061
3.3517,-2.1581,-2.909
3.9046,9.2079,-3.055
9.2327,4.0482,-2.996
-3.2166,2.2295,2.94
2.3101,-3.0285,2.874
2.6531,8.3184,2.762
8.3927,3.2081,2.779
8.0148,-2.8982,2.966
8.5819,-7.9115,-3.061
7.6202,-8.6073,2.94
-8.1731,2.9618,8.5092
-2.0128,8.9821,8.6252
-7.4851,8.6787,8.6592
-2.4353,-2.5159,8.6102
2.6637,-7.875,8.5092
3.2385,3.404,8.7852
8.824,-1.8547,8.6252
-2.255,2.9253,8.5072
3.3517,-2.1581,8.6592
3.9046,9.2079,8.5132
9.2327,4.0482,8.5722
8.5819,-7.9115,8.5072
9.6411,9.5605,-2.958
9.6411,9.5605,8.6102
-8.9701,-8.1046,-8.7522
-8.0388,-3.2291,-8.6442
-2.307,-8.4249,-8.4132
-9.1928,-10.119,-2.853
-8.415,1.4901,-3.033
-3.2262,-3.7736,-2.972
-8.9701,-8.1046,2.816
-8.0388,-3.2291,2.924
-2.307,-8.4249,3.155
-9.4983,-3.5515,-2.965
-4.1356,-8.7629,-3.105
2.4218,-9.3467,-3.033
-9.1928,-10.119,8.7152
-8.415,1.4901,8.5352
-3.2262,-3.7736,8.5962
-9.4983,-3.5515,8.6032
-4.1356,-8.7629,8.4632
2.4218,-9.3467,8.5352
-8.0317,3.1499,-8.6922
-2.2136,9.2777,-8.8482
-7.1436,8.3613,-8.6832
-2.6191,-2.2033,-8.6992
2.8051,-7.687,-8.6922
3.1063,3.9718,-8.7522
8.6232,-1.5592,-8.8482
-1.8406,2.8136,-8.6802
3.6932,-2.4756,-8.6832
4.0376,8.8473,-8.6442
9.7694,3.6515,-8.4132
8.9962,-8.0233,-8.6802
-8.0317,3.1499,2.876
-2.2136,9.2777,2.72
-7.1436,8.3613,2.885
-8.8527,8.082,-2.897
-2.6106,7.6198,-2.819
2.8836,1.9573,-2.853
8.8501,8.3028,-2.972
-2.6191,-2.2033,2.869
2.8051,-7.687,2.876
3.1063,3.9718,2.816
8.6232,-1.5592,2.72
-1.8406,2.8136,2.888
3.6932,-2.4756,2.885
4.0376,8.8473,2.924
9.7694,3.6515,3.155
-3.6635,2.4827,-2.798
1.9841,-2.7549,-2.897
2.5781,8.5249,-2.965
7.9408,3.3135,-3.105
8.2262,-3.2171,-2.819
8.9962,-8.0233,2.888
7.1733,-8.3542,-2.798
-8.8527,8.082,8.6712
-2.6106,7.6198,8.7492
2.8836,1.9573,8.7152
8.8501,8.3028,8.5962
-3.6635,2.4827,8.7702
1.9841,-2.7549,8.6712
2.5781,8.5249,8.6032
7.9408,3.3135,8.4632
8.2262,-3.2171,8.7492
7.1733,-8.3542,8.7702
9.4573,9.8731,-8.6992
9.4573,9.8731,2.869
-11.824,5.5946,-8.7352
-10.523,2.4508,-6.0782
-10.732,2.3023,-11.638
-11.526,-12.276,-8.7582
-11.08,-0.97413,-8.9652
-5.6446,-6.2499,-8.8752
-6.3785,0.12118,-8.7762
-0.98684,-5.2422,-8.7352
-12.177,-5.7026,-8.4912
-6.4598,-10.773,-8.5402
-11.163,-9.0528,-5.9862
-5.5632,-2.9781,-6.2362
0.31424,-8.386,-6.0782
-9.0443,-5.6304,-5.9182
-3.56,-10.773,-6.1962
-11.128,-9.2798,-11.225
-5.385,-3.1223,-11.499
0.10493,-8.5345,-11.638
-12.187,-3.5416,-11.908
-6.8205,-8.9149,-11.747
-9.2854,-12.626,-11.8
-8.485,-1.1438,-11.881
-3.1202,-6.52,-11.753
-8.8131,-5.3766,-11.514
-3.5246,-10.939,-11.32
-0.24327,-11.811,-8.9652
4.4583,-10.716,-8.7762
2.3518,-11.981,-11.881
-12.105,-0.07497,-3.149
-11.824,5.5946,2.833
-10.88,4.7334,-2.925
-10.523,2.4508,5.49
-10.732,2.3023,-0.07
-12.349,-11.893,-3.069
-6.3283,-5.7047,-3.16
-1.2683,-10.912,-3.149
-11.526,-12.276,2.81
-11.08,-0.97413,2.603
-5.6446,-6.2499,2.693
-6.3785,0.12118,2.792
-0.98684,-5.2422,2.833
-12.177,-5.7026,3.077
-6.4598,-10.773,3.028
-11.495,-6.9103,-2.871
-5.8722,-12.017,-2.668
-5.3313,-1.1,-3.103
-0.043559,-6.1035,-2.925
-12.13,-3.0947,-5.553
-7.0213,-8.7169,-5.566
-11.163,-9.0528,5.582
-5.5632,-2.9781,5.332
0.31424,-8.386,5.49
-9.0443,-5.6304,5.65
-3.56,-10.773,5.372
-9.2388,-12.54,-5.664
-8.7601,-1.0455,-5.745
-3.3005,-6.2619,-5.576
-11.128,-9.2798,0.343
-5.385,-3.1223,0.069
0.10493,-8.5345,-0.07
-12.187,-3.5416,-0.34
-6.8205,-8.9149,-0.179
-9.2854,-12.626,-0.232
-8.485,-1.1438,-0.313
-3.1202,-6.52,-0.185
-8.8131,-5.3766,0.054
-3.5246,-10.939,0.248
-0.24327,-11.811,2.603
4.4583,-10.716,2.792
5.5055,-11.937,-3.103
2.0768,-11.882,-5.745
2.3518,-11.981,-0.313
-12.105,-0.07497,8.4192
-10.88,4.7334,8.6432
-10.732,2.3023,11.498
-12.349,-11.893,8.4992
-6.3283,-5.7047,8.4082
-1.2683,-10.912,8.4192
-11.495,-6.9103,8.6972
-5.8722,-12.017,8.9002
-5.3313,-1.1,8.4652
-0.043559,-6.1035,8.6432
-12.13,-3.0947,6.0152
-7.0213,-8.7169,6.0022
-9.2388,-12.54,5.9042
-8.7601,-1.0455,5.8232
-3.3005,-6.2619,5.9922
-11.128,-9.2798,11.911
-5.385,-3.1223,11.637
0.10493,-8.5345,11.498
-12.187,-3.5416,11.228
-6.8205,-8.9149,11.389
-9.2854,-12.626,11.336
-8.485,-1.1438,11.255
-3.1202,-6.52,11.383
-8.8131,-5.3766,11.622
-3.5246,-10.939,11.816
5.5055,-11.937,8.4652
2.0768,-11.882,5.8232
2.3518,-11.981,11.255
-10.287,10.637,-8.7582
-5.2203,12.14,-8.5402
-4.6291,8.5041,-6.1002
-8.4015,5.8249,-6.1652
-2.3204,12.141,-6.1962
-4.7734,8.1548,-11.434
-11.455,8.0508,-11.979
-8.0459,10.287,-11.8
-8.0586,5.7336,-11.241
-2.2851,11.974,-11.32
-4.7341,5.0509,-8.8302
0.55013,-0.1994,-8.7582
0.99631,11.102,-8.9652
6.4318,5.8266,-8.8752
5.6979,12.198,-8.7762
11.09,6.8342,-8.7352
-0.10041,6.3739,-8.4912
5.6165,1.3032,-8.5402
0.91358,3.0236,-5.9862
6.2077,-2.3327,-6.1002
6.5132,9.0983,-6.2362
12.391,3.6904,-6.0782
-2.8772,0.34436,-6.0352
2.4353,-5.012,-6.1652
3.0321,6.446,-5.9182
8.5164,1.3039,-6.1962
0.94823,2.7966,-11.225
6.0634,-2.6821,-11.434
6.6914,8.9541,-11.499
12.181,3.5419,-11.638
-6.3484,2.6022,-12.117
-0.61801,-2.786,-11.979
-0.11031,8.5348,-11.908
5.2559,3.1615,-11.747
-2.3603,4.8918,-12.008
2.791,-0.54942,-11.8
3.5914,10.933,-11.881
8.9562,5.5564,-11.753
-2.9698,0.52184,-11.414
2.7782,-5.1032,-11.241
3.2633,6.6998,-11.514
8.5517,1.137,-11.32
6.1027,-5.786,-8.8302
11.387,-11.036,-8.7582
11.833,0.26545,-8.9652
10.736,-4.463,-8.4912
11.75,-7.8132,-5.9862
7.9596,-10.492,-6.0352
11.785,-8.0402,-11.225
4.4884,-8.2347,-12.117
10.727,-2.3021,-11.908
8.4765,-5.9451,-12.008
7.867,-10.315,-11.414
-11.109,11.02,-3.069
-6.0193,5.7916,-3.027
-0.028689,12.001,-3.149
-10.287,10.637,2.81
-5.2203,12.14,3.028
-4.6327,10.896,-2.668
-11.55,8.1046,-5.523
-4.6291,8.5041,5.468
-8.4015,5.8249,5.403
-2.3204,12.141,5.372
-7.9992,10.374,-5.664
-4.7734,8.1548,0.134
-11.455,8.0508,-0.411
-8.0459,10.287,-0.232
-8.0586,5.7336,0.327
-2.2851,11.974,0.248
-0.27224,0.18314,-3.069
4.8175,-5.0452,-3.027
5.7481,6.3717,-3.16
10.808,1.1646,-3.149
-4.7341,5.0509,2.738
0.55013,-0.1994,2.81
0.99631,11.102,2.603
6.4318,5.8266,2.693
5.6979,12.198,2.792
11.09,6.8342,2.833
-0.10041,6.3739,3.077
5.6165,1.3032,3.028
0.58124,5.1661,-2.871
6.2042,0.059397,-2.668
6.7451,10.976,-3.103
12.033,5.9729,-2.925
-6.0514,2.8864,-5.623
-0.71276,-2.7323,-5.523
-0.05374,8.9817,-5.553
5.0551,3.3595,-5.566
0.91358,3.0236,5.582
6.2077,-2.3327,5.468
6.5132,9.0983,5.332
12.391,3.6904,5.49
-2.8772,0.34436,5.533
2.4353,-5.012,5.403
3.0321,6.446,5.65
8.5164,1.3039,5.372
-2.5838,4.8663,-5.642
2.8376,-0.46315,-5.664
3.3163,11.031,-5.745
8.7759,5.8145,-5.576
0.94823,2.7966,0.343
6.0634,-2.6821,0.134
6.6914,8.9541,0.069
12.181,3.5419,-0.07
-6.3484,2.6022,-0.549
-0.61801,-2.786,-0.411
-0.11031,8.5348,-0.34
5.2559,3.1615,-0.179
-2.3603,4.8918,-0.44
2.791,-0.54942,-0.232
3.5914,10.933,-0.313
8.9562,5.5564,-0.185
-2.9698,0.52184,0.154
2.7782,-5.1032,0.327
3.2633,6.6998,0.054
8.5517,1.137,0.248
10.565,-10.654,-3.069
6.1027,-5.786,2.738
11.387,-11.036,2.81
11.833,0.26545,2.603
10.736,-4.463,3.077
11.418,-5.6707,-2.871
4.7854,-7.9504,-5.623
10.783,-1.8552,-5.553
11.75,-7.8132,5.582
7.9596,-10.492,5.533
8.253,-5.9705,-5.642
11.785,-8.0402,0.343
4.4884,-8.2347,-0.549
10.727,-2.3021,-0.34
8.4765,-5.9451,-0.44
7.867,-10.315,0.154
-11.109,11.02,8.4992
-6.0193,5.7916,8.5412
-0.028689,12.001,8.4192
-4.6327,10.896,8.9002
-11.55,8.1046,6.0452
-7.9992,10.374,5.9042
-4.7734,8.1548,11.702
-11.455,8.0508,11.157
-8.0459,10.287,11.336
-8.0586,5.7336,11.895
-2.2851,11.974,11.816
-0.27224,0.18314,8.4992
4.8175,-5.0452,8.5412
5.7481,6.3717,8.4082
10.808,1.1646,8.4192
0.58124,5.1661,8.6972
6.2042,0.059397,8.9002
6.7451,10.976,8.4652
12.033,5.9729,8.6432
-6.0514,2.8864,5.9452
-0.71276,-2.7323,6.0452
-0.05374,8.9817,6.0152
5.0551,3.3595,6.0022
-2.5838,4.8663,5.9262
2.8376,-0.46315,5.9042
3.3163,11.031,5.8232
8.7759,5.8145,5.9922
0.94823,2.7966,11.911
6.0634,-2.6821,11.702
6.6914,8.9541,11.637
12.181,3.5419,11.498
-6.3484,2.6022,11.019
-0.61801,-2.786,11.157
-0.11031,8.5348,11.228
5.2559,3.1615,11.389
-2.3603,4.8918,11.128
2.791,-0.54942,11.336
3.5914,10.933,11.255
8.9562,5.5564,11.383
-2.9698,0.52184,11.722
2.7782,-5.1032,11.895
3.2633,6.6998,11.622
8.5517,1.137,11.816
10.565,-10.654,8.4992
11.418,-5.6707,8.6972
4.7854,-7.9504,5.9452
10.783,-1.8552,6.0152
8.253,-5.9705,5.9262
11.785,-8.0402,11.911
4.4884,-8.2347,11.019
10.727,-2.3021,11.228
8.4765,-5.9451,11.128
7.867,-10.315,11.722
12.627,11.877,-8.7582
9.1992,12.421,-6.0352
11.458,9.2904,-11.979
9.1065,12.598,-11.414
11.804,12.26,-3.069
12.627,11.877,2.81
11.364,9.3442,-5.523
9.1992,12.421,5.533
11.458,9.2904,-0.411
9.1065,12.598,0.154
11.804,12.26,8.4992
11.364,9.3442,6.0452
11.458,9.2904,11.157
9.1065,12.598,11.722
0,0,0
0.34365,5.6342,-0.193
-0.1591,-5.6731,-0.151
-5.7534,-0.40774,-0.071
0.022627,0.065054,-5.768
0.022627,0.065054,5.8002
5.8782,0.21708,0.033
-5.3372,5.2976,-0.007
5.4996,-5.5392,-0.007
-0.37052,-5.5494,5.544
-5.7155,-0.25244,5.7572
5.8315,0.51124,5.668
-5.7155,-0.25244,-5.811
0.35143,5.8046,5.7312
-0.37052,-5.5494,-6.0242
0.35143,5.8046,-5.837
5.8315,0.51124,-5.9002
-6.0342,-5.9819,-0.12
6.0422,6.0946,-0.12
-5.3464,5.4596,-5.743
5.4904,-5.3773,-5.743
-5.3464,5.4596,5.8252
5.4904,-5.3773,5.8252
5.9652,5.927,5.7292
5.9652,5.927,-5.839
-6.1112,-6.1494,5.7292
-6.1112,-6.1494,-5.839
-0.63187,-11.401,-0.097
11.445,0.67529,-0.097
-11.469,-0.56429,-0.097
0.60771,11.512,-0.097
5.0088e-16,-5.0088e-16,-11.568
-5.0088e-16,5.0088e-16,11.568
-4.9586,11.054,0.033
-10.996,5.1637,-0.151
11.18,-5.2026,-0.193
5.0834,-11.245,-0.071
-0.6842,-11.192,-5.736
-0.6842,-11.192,5.8322
0.34365,5.6342,11.375
-0.1591,-5.6731,11.417
11.392,0.88459,-5.736
11.392,0.88459,5.8322
-5.7534,-0.40774,11.497
-11.521,-0.35498,-5.736
-11.521,-0.35498,5.8322
5.8782,0.21708,-11.535
-5.7534,-0.40774,-11.639
5.8782,0.21708,11.601
-0.1591,-5.6731,-11.719
0.34365,5.6342,-11.761
0.55538,11.721,-5.736
0.55538,11.721,5.8322
6.3229,11.669,-0.071
-6.1982,-11.859,0.033
-11.733,-6.4422,-0.193
5.1213,-11.089,5.7572
5.1213,-11.089,-5.811
11.917,6.4033,-0.151
11.188,-5.0322,5.7312
-11.207,5.2875,5.544
11.188,-5.0322,-5.837
-5.0053,11.348,5.668
-5.0053,11.348,-5.9002
-11.207,5.2875,-6.0242
-5.3372,5.2976,11.561
-5.3372,5.2976,-11.575
5.4996,-5.5392,11.561
5.4996,-5.5392,-11.575
-6.0342,-5.9819,11.448
6.0422,6.0946,11.448
-6.2449,-11.565,5.668
-6.2449,-11.565,-5.9002
-6.0342,-5.9819,-11.688
-11.725,-6.2718,5.7312
6.0422,6.0946,-11.688
11.706,6.527,5.544
-11.725,-6.2718,-5.837
6.3609,11.824,5.7572
6.3609,11.824,-5.811
11.706,6.527,-6.0242
-10.837,10.837,-9.3842e-16
10.837,-10.837,9.3842e-16
-0.63187,-11.401,11.471
11.445,0.67529,11.471
-11.469,-0.56429,11.471
0.60771,11.512,11.471
-0.63187,-11.401,-11.665
10.859,-10.772,-5.768
11.445,0.67529,-11.665
10.859,-10.772,5.8002
-11.469,-0.56429,-11.665
0.60771,11.512,-11.665
-10.814,10.902,-5.768
-10.814,10.902,5.8002
-10.996,5.1637,11.417
-4.9586,11.054,-11.535
-4.9586,11.054,11.601
11.18,-5.2026,11.375
5.0834,-11.245,11.497
-10.996,5.1637,-11.719
5.0834,-11.245,-11.639
11.18,-5.2026,-11.761
-12.076,-12.076,7.9602e-22
12.076,12.076,-7.9602e-22
6.3229,11.669,11.497
-11.733,-6.4422,11.375
6.3229,11.669,-11.639
-6.1982,-11.859,-11.535
11.917,6.4033,11.417
-6.1982,-11.859,11.601
-11.733,-6.4422,-11.761
11.917,6.4033,-11.719
-12.054,-12.011,-5.768
-12.054,-12.011,5.8002
12.099,12.141,-5.768
12.099,12.141,5.8002
-10.837,10.837,-11.568
10.837,-10.837,-11.568
-10.837,10.837,11.568
10.837,-10.837,11.568
-12.076,-12.076,-11.568
-12.076,-12.076,11.568
12.076,12.076,-11.568
12.076,12.076,11.568
