-10.028,-9.7425,-9.4498
-9.0841,2.395,-9.0128
-3.481,-3.3538,-8.9238
-9.5225,-3.6479,-8.8808
-4.256,-9.0262,-8.9628
2.3255,-9.0147,-9.0128
-10.028,-9.7425,2.653
-9.0841,2.395,3.09
-3.481,-3.3538,3.179
-8.9703,-8.9675,-3.115
-8.8006,-2.9868,-3.362
-3.3113,-8.6104,-3.059
-9.5225,-3.6479,3.222
-4.256,-9.0262,3.14
2.3255,-9.0147,3.09
-8.9703,-8.9675,8.9878
-8.8006,-2.9868,8.7408
-3.3113,-8.6104,9.0438
-8.9786,8.4723,-9.4758
-2.7139,8.4443,-9.3548
2.4692,2.7549,-9.4498
9.0163,9.1436,-8.9238
-3.3651,2.74,-9.2728
2.431,-2.9373,-9.4758
2.9748,8.8494,-8.8808
8.2413,3.4712,-8.9628
8.6957,-2.9654,-9.3548
8.0445,-8.6696,-9.2728
-8.5791,3.3211,-3.3
-2.3735,9.7289,-3.45
-8.0438,9.1017,-2.954
-8.9786,8.4723,2.627
-2.7139,8.4443,2.748
2.4692,2.7549,2.653
9.0163,9.1436,3.179
-2.9458,-2.4056,-2.803
2.8305,-8.0886,-3.3
3.527,3.5299,-3.115
9.0361,-1.6808,-3.45
-2.4678,3.2004,-2.866
3.3658,-2.308,-2.954
3.6968,9.5106,-3.362
9.186,3.887,-3.059
-3.3651,2.74,2.83
2.431,-2.9373,2.627
2.9748,8.8494,3.222
8.2413,3.4712,3.14
8.6957,-2.9654,2.748
8.9418,-8.2093,-2.866
8.0445,-8.6696,2.83
-8.5791,3.3211,8.8028
-2.3735,9.7289,8.6528
-8.0438,9.1017,9.1488
-2.9458,-2.4056,9.2998
2.8305,-8.0886,8.8028
3.527,3.5299,8.9878
9.0361,-1.6808,8.6528
-2.4678,3.2004,9.2368
3.3658,-2.308,9.1488
3.6968,9.5106,8.7408
9.186,3.887,9.0438
8.9418,-8.2093,9.2368
9.5515,10.092,-2.803
9.5515,10.092,9.2998
-9.4285,-8.3693,-9.3728
-8.1889,-2.9493,-8.8278
-2.8326,-8.7709,-9.3418
-9.5063,-10.334,-3.415
-9.2376,1.9955,-3.061
-3.2639,-3.8424,-3.068
-9.4285,-8.3693,2.73
-8.1889,-2.9493,3.275
-2.8326,-8.7709,2.761
-10.167,-3.5779,-3.2
-4.5183,-9.4837,-2.911
2.172,-9.4142,-3.061
-9.5063,-10.334,8.6878
-9.2376,1.9955,9.0418
-3.2639,-3.8424,9.0348
-10.167,-3.5779,8.9028
-4.5183,-9.4837,9.1918
2.172,-9.4142,9.0418
-8.6378,3.8139,-9.2428
-2.2172,9.8668,-9.3878
-7.6506,9.1342,-9.2608
-2.9642,-2.0096,-9.3108
2.7719,-7.5957,-9.2428
3.0688,4.1281,-9.3728
9.1924,-1.5429,-9.3878
-1.9955,3.3319,-9.2298
3.759,-2.2755,-9.2608
4.3084,9.5481,-8.8278
9.6647,3.7265,-9.3418
9.4142,-8.0778,-9.2298
-8.6378,3.8139,2.86
-2.2172,9.8668,2.715
-7.6506,9.1342,2.842
-9.4248,8.5282,-3.065
-2.7301,8.3276,-3.104
2.9911,2.1637,-3.415
9.2334,8.655,-3.068
-2.9642,-2.0096,2.792
2.7719,-7.5957,2.86
3.0688,4.1281,2.73
9.1924,-1.5429,2.715
-1.9955,3.3319,2.873
3.759,-2.2755,2.842
4.3084,9.5481,3.275
9.6647,3.7265,2.761
-3.7731,2.5131,-3.103
1.9848,-2.8815,-3.065
2.3306,8.9194,-3.2
7.979,3.0137,-2.911
8.6795,-3.0821,-3.104
9.4142,-8.0778,2.873
7.6365,-8.8966,-3.103
-9.4248,8.5282,9.0378
-2.7301,8.3276,8.9988
2.9911,2.1637,8.6878
9.2334,8.655,9.0348
-3.7731,2.5131,8.9998
1.9848,-2.8815,9.0378
2.3306,8.9194,8.9028
7.979,3.0137,9.1918
8.6795,-3.0821,8.9988
7.6365,-8.8966,8.9998
9.5331,10.488,-9.3108
9.5331,10.488,2.792
-12.254,6.0753,-9.0978
-11.328,2.7476,-6.2458
-11.319,2.5793,-11.856
-12.136,-12.917,-9.0828
-11.214,-0.51828,-9.4188
-5.999,-6.2706,-9.2198
-0.84422,-5.3344,-9.0978
-12.591,-6.1504,-9.3738
-7.1382,-11.371,-8.9728
-11.932,-9.3875,-6.6678
-5.3789,-2.9663,-6.2408
0.082094,-8.662,-6.2458
-9.3047,-5.6194,-6.2498
-3.6316,-11.229,-6.3558
-11.896,-9.4243,-12.058
-5.422,-3.322,-12.125
0.09058,-8.8303,-11.856
-13.028,-3.3715,-12.446
-6.9968,-9.2369,-12.228
-9.6116,-12.755,-12.196
-9.0007,-1.2777,-12.533
-3.2074,-6.6567,-12.487
-9.3224,-5.2665,-11.994
-3.4223,-11.315,-11.78
0.19568,-11.928,-9.4188
2.4089,-12.687,-12.533
-12.639,0.030224,-3.216
-12.254,6.0753,3.005
-11.328,2.7476,5.857
-11.319,2.5793,0.247
-13.084,-12.014,-3.107
-7.1092,-5.8944,-2.978
-1.2296,-11.379,-3.216
-12.136,-12.917,3.02
-11.214,-0.51828,2.684
-5.999,-6.2706,2.883
-0.84421,-5.3344,3.005
-12.591,-6.1504,2.729
-7.1382,-11.371,3.13
-11.933,-7.1616,-3.198
-6.2826,-12.587,-3.017
-5.8505,-0.81456,-3.251
-12.71,-3.3099,-6.145
-7.0307,-8.8933,-5.938
-11.932,-9.3875,5.435
-5.3789,-2.9663,5.862
0.082095,-8.662,5.857
-9.3047,-5.6194,5.853
-3.6316,-11.229,5.747
-9.4822,-12.97,-5.767
-8.9682,-0.74739,-6.004
-3.2795,-6.6496,-5.987
-11.896,-9.4243,0.045
-5.422,-3.322,-0.022
0.09058,-8.8303,0.247
-13.028,-3.3715,-0.343
-6.9968,-9.2369,-0.125
-9.6116,-12.755,-0.093
-9.0007,-1.2777,-0.43
-3.2074,-6.6567,-0.384
-9.3224,-5.2665,0.109
-3.4223,-11.315,0.323
0.19568,-11.928,2.684
5.5591,-12.224,-3.251
2.4415,-12.157,-6.004
2.4089,-12.687,-0.43
-12.639,0.030223,8.8868
-11.319,2.5793,12.35
-13.084,-12.014,8.9958
-7.1092,-5.8944,9.1248
-1.2296,-11.379,8.8868
-11.933,-7.1616,8.9048
-6.2826,-12.587,9.0858
-5.8505,-0.81456,8.8518
-12.71,-3.3099,5.9578
-7.0307,-8.8933,6.1648
-9.4822,-12.97,6.3358
-8.9682,-0.74739,6.0988
-3.2795,-6.6496,6.1158
-11.896,-9.4243,12.148
-5.422,-3.322,12.081
0.090581,-8.8303,12.35
-13.028,-3.3715,11.76
-6.9968,-9.2369,11.978
-9.6116,-12.755,12.01
-9.0007,-1.2777,11.673
-3.2074,-6.6567,11.719
-9.3224,-5.2665,12.212
-3.4223,-11.315,12.426
5.5591,-12.224,8.8518
2.4415,-12.157,6.0988
2.4089,-12.687,11.673
-11.048,10.99,-9.0828
-6.0505,12.536,-8.9728
-4.7494,8.9709,-6.6688
-8.8167,6.537,-6.7038
-2.5439,12.678,-6.3558
-5.0372,8.8259,-12.055
-12.095,8.5862,-12.488
-8.5239,11.152,-12.196
-8.6837,6.2499,-12.261
-2.3346,12.592,-11.78
-5.0141,5.5812,-9.0638
0.36133,-0.41931,-9.0828
1.2834,11.979,-9.4188
6.4983,6.2268,-9.2198
-6.3972,0.43204,-9.1768
11.653,7.163,-9.0978
-0.093339,6.347,-9.3738
5.3592,1.1264,-8.9728
0.56568,3.1099,-6.6678
6.6602,-2.4388,-6.6688
7.1184,9.5311,-6.2408
12.579,3.8353,-6.2458
-3.1155,0.78065,-6.4538
2.593,-4.8727,-6.7038
3.1926,6.878,-6.2498
8.8657,1.2686,-6.3558
0.60104,3.0731,-12.058
6.3724,-2.5838,-12.055
7.0753,9.1754,-12.125
12.588,3.6671,-11.856
-6.6659,2.7712,-12.594
-0.68519,-2.8235,-12.488
-0.53033,9.1259,-12.446
5.5006,3.2605,-12.228
-2.5859,5.3804,-12.429
2.8857,-0.25809,-12.196
3.4966,11.22,-12.533
9.29,5.8407,-12.487
-3.1035,0.61165,-11.866
2.7259,-5.1598,-12.261
3.1749,7.2309,-11.994
9.075,1.1823,-11.78
6.3955,-5.8285,-9.0638
11.771,-11.829,-9.0828
12.693,0.56943,-9.4188
5.0124,-10.978,-9.1768
11.316,-5.0627,-9.3738
11.975,-8.2998,-6.6678
8.2941,-10.629,-6.4538
12.011,-8.3366,-12.058
4.7437,-8.6385,-12.594
10.879,-2.2837,-12.446
8.8237,-6.0293,-12.429
8.3061,-10.798,-11.866
-11.996,11.893,-3.107
-6.2944,6.2888,-3.074
-0.14187,12.528,-3.216
-11.048,10.99,3.02
-6.0505,12.536,3.13
-5.1949,11.32,-3.017
-11.303,5.3165,-2.968
-12.369,8.6725,-5.747
-4.7494,8.9709,5.434
-8.8167,6.537,5.399
-2.5439,12.678,5.747
-8.3945,10.937,-5.767
-5.0372,8.8259,0.047999
-12.095,8.5862,-0.385
-8.5239,11.152,-0.093001
-8.6837,6.2499,-0.158
-2.3346,12.592,0.323
-0.58619,0.48295,-3.107
5.1152,-5.1209,-3.074
5.3882,6.603,-2.978
11.268,1.1179,-3.216
-5.0141,5.5812,3.039
0.36133,-0.41931,3.02
1.2834,11.979,2.684
6.4983,6.2268,2.883
-6.3972,0.43204,2.926
11.653,7.163,3.005
-0.093338,6.347,2.729
5.3592,1.1264,3.13
0.56427,5.3358,-3.198
6.2148,-0.089803,-3.017
6.6468,11.683,-3.251
0.10677,-6.0931,-2.968
-6.5959,3.0335,-5.748
-0.95954,-2.7372,-5.747
-0.21284,9.1874,-6.145
5.4666,3.6041,-5.938
0.56569,3.1099,5.435
6.6602,-2.4388,5.434
7.1184,9.5311,5.862
12.579,3.8353,5.857
-3.1155,0.78065,5.649
2.593,-4.8727,5.399
3.1926,6.878,5.853
8.8657,1.2685,5.747
-2.798,5.3379,-5.592
3.0151,-0.47235,-5.767
3.5292,11.75,-6.004
9.2178,5.8478,-5.987
0.60104,3.0731,0.045
6.3724,-2.5838,0.048
7.0753,9.1754,-0.022
12.588,3.6671,0.247
-6.6659,2.7712,-0.491
-0.68519,-2.8235,-0.385
-0.53033,9.1259,-0.343
5.5006,3.2605,-0.125
-2.5859,5.3804,-0.326
2.8857,-0.25809,-0.093
3.4966,11.22,-0.43
9.29,5.8407,-0.384
-3.1035,0.61165,0.237
2.7259,-5.1598,-0.158
3.1749,7.2309,0.109
9.075,1.1823,0.323
10.823,-10.927,-3.107
6.3955,-5.8285,3.039
11.771,-11.829,3.02
12.693,0.56943,2.684
5.0124,-10.978,2.926
11.316,-5.0627,2.729
11.974,-6.0738,-3.198
4.8137,-8.3762,-5.748
11.197,-2.2222,-6.145
11.975,-8.2998,5.435
8.2941,-10.629,5.649
8.6116,-6.0717,-5.592
12.011,-8.3366,0.045001
4.7437,-8.6385,-0.491
10.879,-2.2837,-0.343
8.8237,-6.0293,-0.326
8.3061,-10.798,0.237
-11.996,11.893,8.9958
-6.2944,6.2888,9.0288
-0.14187,12.528,8.8868
-5.1949,11.32,9.0858
-11.303,5.3165,9.1348
-12.369,8.6725,6.3558
-8.3945,10.937,6.3358
-5.0372,8.8259,12.151
-12.095,8.5862,11.718
-8.5239,11.152,12.01
-8.6837,6.2499,11.945
-2.3346,12.592,12.426
-0.58619,0.48295,8.9958
5.1152,-5.1209,9.0288
5.3882,6.603,9.1248
11.268,1.1179,8.8868
0.56427,5.3358,8.9048
6.2148,-0.089803,9.0858
6.6468,11.683,8.8518
0.10677,-6.0931,9.1348
-6.5959,3.0335,6.3548
-0.95954,-2.7372,6.3558
-0.21284,9.1874,5.9578
5.4666,3.6041,6.1648
-2.798,5.3379,6.5108
3.0151,-0.47235,6.3358
3.5292,11.75,6.0988
9.2178,5.8478,6.1158
0.60104,3.0731,12.148
6.3724,-2.5838,12.151
7.0753,9.1754,12.081
12.588,3.6671,12.35
-6.6659,2.7712,11.612
-0.68519,-2.8235,11.718
-0.53033,9.1259,11.76
5.5006,3.2605,11.978
-2.5859,5.3804,11.777
2.8857,-0.25809,12.01
3.4966,11.22,11.673
9.29,5.8407,11.719
-3.1035,0.61165,12.34
2.7259,-5.1598,11.945
3.1749,7.2309,12.212
9.075,1.1823,12.426
10.823,-10.927,8.9958
11.974,-6.0738,8.9048
4.8137,-8.3762,6.3548
11.197,-2.2222,5.9578
8.6116,-6.0717,6.5108
12.011,-8.3366,12.148
4.7437,-8.6385,11.612
10.879,-2.2837,11.76
8.8237,-6.0293,11.777
8.3061,-10.798,12.34
12.859,12.078,-9.0828
6.1001,12.929,-9.1768
9.3818,13.278,-6.4538
11.812,9.6739,-12.488
9.3938,13.109,-11.866
11.911,12.98,-3.107
12.859,12.078,3.02
6.1001,12.929,2.926
12.604,6.4042,-2.968
11.538,9.7602,-5.747
9.3818,13.278,5.649
11.812,9.6739,-0.385
9.3938,13.109,0.237
11.911,12.98,8.9958
12.604,6.4042,9.1348
11.538,9.7602,6.3558
11.812,9.6739,11.718
9.3938,13.109,12.34
0,0,0
0.091217,0.18597,5.853
-0.14779,-5.898,-0.135
6.0832,0.41507,0.013
-6.1906,-0.19443,-0.505
0.091216,0.18597,-6.2498
0.41578,6.364,-0.103
-5.5487,5.8315,0.092
5.861,-5.5782,0.092001
-5.9545,0.084146,5.588
-0.30476,-5.6349,5.931
5.8393,0.51195,5.91
-0.30476,-5.6349,-6.1718
5.8393,0.51195,-6.1928
0.12162,6.1448,-6.003
-6.1461,-6.0853,-0.073
0.12162,6.1448,6.0998
-5.9545,0.084146,-6.5148
6.3512,6.412,-0.073
5.6533,-5.3535,6.0098
5.6533,-5.3535,-6.093
-5.7563,6.0562,6.0098
-5.7563,6.0562,-6.093
-6.284,-5.9701,-5.932
-6.284,-5.9701,6.1708
6.2133,6.5273,-5.932
6.2133,6.5273,6.1708
-0.38909,-11.78,-0.292
-11.799,-0.3705,-0.292
-7.0711e-07,7.0711e-07,-12.103
7.0711e-07,-7.0711e-07,12.103
12.108,0.71721,-0.292
0.69862,12.127,-0.292
5.219,-11.604,-0.505
-11.557,5.5117,-0.135
11.825,-5.0457,-0.103
-5.3264,11.825,0.012999
-0.61723,-11.703,5.78
-6.1906,-0.19443,11.598
11.88,0.79408,5.78
-0.61723,-11.703,-6.3228
-0.14778,-5.898,11.968
-12.027,-0.29363,5.78
11.88,0.79408,-6.3228
0.47048,12.204,5.78
6.0832,0.41507,-12.09
-12.082,-6.1334,-0.103
6.0832,0.41507,12.116
-0.14779,-5.898,-12.238
0.41578,6.364,12
-12.027,-0.29363,-6.3228
-6.4141,-12.082,0.013
0.47048,12.204,-6.3228
5.4551,-11.326,5.588
0.41578,6.364,-12.206
6.3067,12.303,-0.505
12.35,6.5994,-0.135
11.531,-5.2649,-6.003
-6.1906,-0.19443,-12.608
11.531,-5.2649,6.0998
5.4551,-11.326,-6.5148
-11.714,5.7747,5.931
-5.5703,11.922,5.91
-11.714,5.7747,-6.1718
-5.5487,5.8315,-12.011
5.861,-5.5782,-12.011
-5.5703,11.922,-6.1928
-5.5487,5.8315,12.195
5.861,-5.5782,12.195
-6.1461,-6.0853,12.03
-6.658,-11.985,5.91
-6.1461,-6.0853,-12.176
6.3512,6.412,12.03
-6.658,-11.985,-6.1928
-12.376,-6.3526,-6.003
6.3512,6.412,-12.176
-12.376,-6.3526,6.0998
12.193,6.8624,5.931
6.5428,12.582,5.588
12.193,6.8624,-6.1718
6.5428,12.582,-6.5148
-11.41,11.41,-1e-06
11.41,-11.41,1e-06
-0.38909,-11.78,11.811
-11.799,-0.3705,11.811
12.108,0.71721,11.811
0.69862,12.127,11.811
11.501,-11.224,5.853
-0.38909,-11.78,-12.395
-11.799,-0.3705,-12.395
5.219,-11.604,11.598
-11.318,11.596,5.853
11.501,-11.224,-6.2498
12.108,0.71721,-12.395
0.69862,12.127,-12.395
-11.318,11.596,-6.2498
-11.557,5.5117,11.968
11.825,-5.0457,12
-12.497,-12.497,1.9594e-21
12.497,12.497,-1.9594e-21
-11.557,5.5117,-12.238
11.825,-5.0457,-12.206
-5.3264,11.825,-12.09
-5.3264,11.825,12.116
5.219,-11.604,-12.608
6.3067,12.303,11.598
-12.082,-6.1334,12
-12.082,-6.1334,-12.206
-6.4141,-12.082,-12.09
-6.4141,-12.082,12.116
12.35,6.5994,11.968
-12.406,-12.311,5.853
-12.406,-12.311,-6.2498
12.35,6.5994,-12.238
6.3067,12.303,-12.608
12.589,12.683,5.853
12.589,12.683,-6.2498
11.41,-11.41,-12.103
-11.41,11.41,12.103
-11.41,11.41,-12.103
11.41,-11.41,12.103
-12.497,-12.497,-12.103
12.497,12.497,12.103
-12.497,-12.497,12.103
12.497,12.497,-12.103
