-9.2649,-3.8033,-8.4712
-9.4099,-9.4481,-8.4602
-3.7774,-9.2725,-8.6332
-9.2649,-3.8033,3.097
-8.4638,-8.3365,-2.704
-9.4099,-9.4481,3.108
-3.7774,-9.2725,2.935
-8.4638,-8.3365,8.8642
-8.4393,7.6063,-8.5852
-3.1106,2.1956,-8.4052
2.8115,8.2731,-8.4712
-9.058,1.9997,-8.7092
-3.6649,-3.3411,-8.5922
-2.9458,7.9945,-8.5512
2.6665,2.6283,-8.4602
2.3975,-3.2305,-8.5852
7.7263,-8.6413,-8.4052
8.299,2.804,-8.6332
1.7788,-8.8371,-8.7092
7.891,-2.8423,-8.5512
-7.7156,8.8994,-2.722
-8.4393,7.6063,2.983
-3.1106,2.1956,3.163
2.8115,8.2731,3.097
-8.3036,-2.7796,-2.868
-2.9988,-8.0349,-2.769
-2.3582,3.153,-2.673
3.1212,-1.9375,-2.722
-7.6997,2.6425,-2.922
-2.5541,-2.4904,-2.941
-1.888,8.8784,-2.657
3.6126,3.7399,-2.704
-9.058,1.9997,2.859
-3.6649,-3.3411,2.976
-2.9458,7.9945,3.017
2.6665,2.6283,3.108
2.3975,-3.2305,2.983
7.7263,-8.6413,3.163
8.299,2.804,2.935
8.4786,-7.6838,-2.673
3.1371,-8.1944,-2.922
8.9488,-1.9584,-2.657
1.7788,-8.8371,2.859
7.891,-2.8423,3.017
-7.7156,8.8994,8.8462
-8.3036,-2.7796,8.7002
-2.9988,-8.0349,8.7992
-2.3582,3.153,8.8952
3.1212,-1.9375,8.8462
-7.6997,2.6425,8.6462
-2.5541,-2.4904,8.6272
-1.888,8.8784,8.9112
3.6126,3.7399,8.8642
8.4786,-7.6838,8.8952
3.1371,-8.1944,8.6462
8.9488,-1.9584,8.9112
8.4115,8.7353,-8.5922
3.7728,9.2968,-2.868
9.0776,4.0416,-2.769
9.5223,9.586,-2.941
8.4115,8.7353,2.976
3.7728,9.2968,8.7002
9.0776,4.0416,8.7992
9.5223,9.586,8.6272
-7.9999,-9.0295,-8.7052
-8.9814,-4.0797,-2.583
-7.9999,-9.0295,2.863
-9.7903,-9.0026,-2.567
-3.6551,-9.375,-2.881
-8.9814,-4.0797,8.9852
-9.7903,-9.0026,9.0012
-3.6551,-9.375,8.6872
-7.7602,8.934,-8.6872
-8.5822,-2.4968,-8.7042
-3.0073,-7.9924,-8.5452
-2.5527,3.5808,-8.4122
3.0766,-1.9028,-8.6872
-7.7923,2.7393,-8.4152
-2.4353,-2.4947,-8.5082
-1.6044,8.6458,-8.5642
4.0765,3.0469,-8.7052
8.2842,-7.256,-8.4122
3.0445,-8.0975,-8.4152
9.2324,-2.191,-8.5642
-7.7602,8.934,2.881
-8.3658,7.554,-2.74
-2.9762,1.7982,-2.763
3.095,7.9967,-2.583
-8.5822,-2.4968,2.864
-3.0073,-7.9924,3.023
-2.5527,3.5808,3.156
3.0766,-1.9028,2.881
-7.7923,2.7393,3.153
-2.4353,-2.4947,3.06
-1.6044,8.6458,3.004
4.0765,3.0469,2.863
-9.1415,2.2741,-2.754
-3.7696,-3.3128,-2.635
-3.2499,8.2675,-2.748
2.2861,3.0738,-2.567
2.471,-3.2828,-2.74
7.8606,-9.0387,-2.763
8.4213,2.7014,-2.881
8.2842,-7.256,3.156
3.0445,-8.0975,3.153
9.2324,-2.191,3.004
1.6953,-8.5628,-2.754
7.587,-2.5693,-2.748
-8.3658,7.554,8.8282
-2.9762,1.7982,8.8052
3.095,7.9967,8.9852
-9.1415,2.2741,8.8142
-3.7696,-3.3128,8.9332
-3.2499,8.2675,8.8202
2.2861,3.0738,9.0012
2.471,-3.2828,8.8282
7.8606,-9.0387,8.8052
8.4213,2.7014,8.6872
1.6953,-8.5628,8.8142
7.587,-2.5693,8.8202
3.4942,9.5796,-8.7042
9.0691,4.084,-8.5452
9.6411,9.5817,-8.5082
3.4942,9.5796,2.864
9.0691,4.084,3.023
9.6411,9.5817,3.06
8.3068,8.7636,-2.635
8.3068,8.7636,8.9332
-11.18,-6.7413,-8.3392
-11.932,-0.2847,-8.4072
-12.445,-11.463,-8.5042
-10.924,-3.437,-5.7392
-5.5809,-8.9581,-6.0042
-9.2211,-11.35,-6.1222
-11.258,-3.635,-11.096
-5.6248,-8.9029,-11.313
-12.656,-9.1129,-11.709
-8.8598,-6.7639,-11.528
-9.2918,-11.31,-11.022
-5.8846,-12.23,-8.5802
-1.0953,-11.122,-8.4072
-3.4373,-11.939,-11.881
-12.157,-5.8949,-2.54
-7.1083,-11.419,-2.716
-11.18,-6.7413,3.229
-11.932,-0.2847,3.161
-12.445,-11.463,3.064
-11.697,-12.385,-2.633
-11.009,-1.1375,-2.625
-12.588,-9.1016,-5.368
-10.924,-3.437,5.829
-5.5809,-8.9581,5.564
-9.2211,-11.35,5.446
-8.5911,-6.7201,-5.404
-11.258,-3.635,0.472
-5.6248,-8.9029,0.255
-12.656,-9.1129,-0.141
-8.8598,-6.7639,0.04
-9.2918,-11.31,0.546
-5.8846,-12.23,2.988
-1.0953,-11.122,3.161
-0.17185,-11.974,-2.625
-3.5285,-12.177,-5.413
-3.4373,-11.939,-0.313
-12.157,-5.8949,9.0282
-7.1083,-11.419,8.8522
-11.697,-12.385,8.9352
-11.009,-1.1375,8.9432
-12.588,-9.1016,6.2002
-8.5911,-6.7201,6.1642
-11.258,-3.635,12.04
-5.6248,-8.9029,11.823
-12.656,-9.1129,11.427
-8.8598,-6.7639,11.608
-9.2918,-11.31,12.114
-0.17185,-11.974,8.9432
-3.5285,-12.177,6.1552
-3.4373,-11.939,11.255
-11.205,11.45,-8.5042
-10.299,8.1307,-5.8582
-7.9815,11.564,-6.1222
-10.485,7.768,-11.132
-8.0522,11.603,-11.022
-10.837,4.9441,-8.5692
-5.5607,-0.83439,-8.4912
-4.645,10.684,-8.5802
0.8959,5.3351,-8.3392
0.14425,11.792,-8.4072
-6.5202,-5.5006,-8.5862
-5.6526,5.9652,-8.3972
-0.3684,0.61306,-8.5042
-5.0728,2.6092,-5.8632
0.53811,-2.7061,-5.8582
1.1526,8.6394,-5.7392
6.4955,3.1183,-6.0042
-8.8325,0.36699,-5.8732
-3.0688,-5.1251,-5.9742
-2.4551,6.3272,-5.8462
2.8553,0.72691,-6.1222
-4.9335,2.542,-10.928
0.35214,-3.0688,-11.132
0.81883,8.4414,-11.096
6.4516,3.1735,-11.313
-11.891,2.2217,-11.587
-6.4297,-3.1007,-11.708
-5.8266,8.3792,-11.555
-0.57912,2.9635,-11.709
-8.1225,4.662,-11.703
-2.7867,-0.80822,-11.738
-2.1977,10.974,-11.881
3.2166,5.3125,-11.528
-8.5284,0.22132,-11.315
-3.2294,-5.3818,-11.075
-2.5237,6.2685,-11.148
2.7846,0.7665,-11.022
-0.00030264,-5.8927,-8.5692
5.2761,-11.671,-8.4912
6.1918,-0.15316,-8.5802
11.733,-5.5017,-8.3392
10.981,0.95487,-8.4072
5.1842,-4.8717,-8.3972
10.468,-10.224,-8.5042
5.764,-8.2276,-5.8632
11.989,-2.1974,-5.7392
2.0043,-10.47,-5.8732
8.3817,-4.5096,-5.8462
5.9033,-8.2948,-10.928
11.656,-2.3954,-11.096
-1.0539,-8.6151,-11.587
5.0103,-2.4576,-11.555
10.258,-7.8734,-11.709
2.7143,-6.1749,-11.703
8.0501,-11.645,-11.738
8.6391,0.13746,-11.881
2.3084,-10.616,-11.315
8.3132,-4.5683,-11.148
-11.76,5.5031,-2.803
-5.8687,11.494,-2.716
-11.205,11.45,3.064
-10.457,10.528,-2.633
-10.299,8.1307,5.71
-7.9815,11.564,5.446
-10.485,7.768,0.436
-8.0522,11.603,0.546
-6.3138,-0.27082,-2.802
-0.92277,-5.3337,-2.803
-0.08061,6.1815,-2.54
4.9681,0.65761,-2.716
-10.837,4.9441,2.999
-5.5607,-0.83439,3.077
-4.645,10.684,2.988
0.8959,5.3351,3.229
0.14425,11.792,3.161
-6.5202,-5.5006,2.982
-5.6526,5.9652,3.171
-0.3684,0.61306,3.064
-4.9547,4.9208,-2.601
0.37972,-0.30901,-2.633
1.0677,10.939,-2.625
-5.6519,-6.3279,-2.849
-11.916,2.4933,-5.455
-6.3336,-3.1714,-5.426
-5.6788,8.2823,-5.294
-0.51124,2.9748,-5.368
-5.0728,2.6092,5.705
0.53811,-2.7061,5.71
1.1526,8.6394,5.829
6.4955,3.1183,5.564
-8.8325,0.36699,5.695
-3.0688,-5.1251,5.594
-2.4551,6.3272,5.722
2.8553,0.72691,5.446
-8.2046,4.8628,-5.228
-2.8779,-0.57276,-5.577
-2.2889,10.736,-5.413
3.4853,5.3563,-5.404
-4.9335,2.542,0.64
0.35214,-3.0688,0.436
0.81883,8.4414,0.472
6.4516,3.1735,0.255
-11.891,2.2217,-0.019
-6.4297,-3.1007,-0.14
-5.8266,8.3792,0.013
-0.57912,2.9635,-0.141
-8.1225,4.662,-0.135
-2.7867,-0.80822,-0.17
-2.1977,10.974,-0.313
3.2166,5.3125,0.04
-8.5284,0.22132,0.253
-3.2294,-5.3818,0.493
-2.5237,6.2685,0.42
2.7846,0.7665,0.546
4.5231,-11.108,-2.802
10.756,-4.6553,-2.54
-0.00030264,-5.8927,2.999
5.2761,-11.671,3.077
6.1918,-0.15316,2.988
11.733,-5.5017,3.229
10.981,0.95487,3.161
5.1842,-4.8717,3.171
10.468,-10.224,3.064
5.8821,-5.9161,-2.601
11.217,-11.146,-2.633
11.905,0.1021,-2.625
-1.0793,-8.3436,-5.455
5.158,-2.5545,-5.294
10.326,-7.862,-5.368
5.764,-8.2276,5.705
11.989,-2.1974,5.829
2.0043,-10.47,5.695
8.3817,-4.5096,5.722
2.6323,-5.9741,-5.228
7.9589,-11.41,-5.577
8.5479,-0.10084,-5.413
5.9033,-8.2948,0.64
11.656,-2.3954,0.472
-1.0539,-8.6151,-0.019
5.0103,-2.4576,0.013
10.258,-7.8734,-0.141
2.7143,-6.1749,-0.135
8.0501,-11.645,-0.17
8.6391,0.13746,-0.313
2.3084,-10.616,0.253
8.3132,-4.5683,0.42
-11.76,5.5031,8.7652
-5.8687,11.494,8.8522
-10.457,10.528,8.9352
-10.485,7.768,12.004
-8.0522,11.603,12.114
-6.3138,-0.27082,8.7662
-0.92277,-5.3337,8.7652
-0.08061,6.1815,9.0282
4.9681,0.65761,8.8522
-4.9547,4.9208,8.9672
0.37972,-0.30901,8.9352
1.0677,10.939,8.9432
-5.6519,-6.3279,8.7192
-11.916,2.4933,6.1132
-6.3336,-3.1714,6.1422
-5.6788,8.2823,6.2742
-0.51124,2.9748,6.2002
-8.2046,4.8628,6.3402
-2.8779,-0.57276,5.9912
-2.2889,10.736,6.1552
3.4853,5.3563,6.1642
-4.9335,2.542,12.208
0.35214,-3.0688,12.004
0.81883,8.4414,12.04
6.4516,3.1735,11.823
-11.891,2.2217,11.549
-6.4297,-3.1007,11.428
-5.8266,8.3792,11.581
-0.57912,2.9635,11.427
-8.1225,4.662,11.433
-2.7867,-0.80822,11.398
-2.1977,10.974,11.255
3.2166,5.3125,11.608
-8.5284,0.22132,11.821
-3.2294,-5.3818,12.061
-2.5237,6.2685,11.988
2.7846,0.7665,12.114
4.5231,-11.108,8.7662
10.756,-4.6553,9.0282
5.8821,-5.9161,8.9672
11.217,-11.146,8.9352
11.905,0.1021,8.9432
-1.0793,-8.3436,6.1132
5.158,-2.5545,6.2742
10.326,-7.862,6.2002
2.6323,-5.9741,6.3402
7.9589,-11.41,5.9912
8.5479,-0.10084,6.1552
5.9033,-8.2948,12.208
11.656,-2.3954,12.04
-1.0539,-8.6151,11.549
5.0103,-2.4576,11.581
10.258,-7.8734,11.427
2.7143,-6.1749,11.433
8.0501,-11.645,11.398
8.6391,0.13746,11.255
2.3084,-10.616,11.821
8.3132,-4.5683,11.988
6.5157,11.242,-8.4912
5.5562,6.5758,-8.5862
11.708,12.689,-8.5042
12.615,9.3703,-5.8582
3.2439,12.443,-5.8732
9.0076,6.9513,-5.9742
12.429,9.0076,-11.132
5.6467,8.9758,-11.708
9.2897,11.268,-11.738
3.548,12.298,-11.315
8.847,6.6946,-11.075
12.076,6.1837,-8.5692
11.023,3.4613,-11.587
5.7626,11.806,-2.802
11.154,6.7427,-2.803
6.5157,11.242,3.077
5.5562,6.5758,2.982
11.708,12.689,3.064
12.456,11.767,-2.633
6.4245,5.7485,-2.849
5.7428,8.905,-5.426
12.615,9.3703,5.71
3.2439,12.443,5.695
9.0076,6.9513,5.594
9.1985,11.504,-5.577
12.429,9.0076,0.436
5.6467,8.9758,-0.14
9.2897,11.268,-0.17
3.548,12.298,0.253
8.847,6.6946,0.493
12.076,6.1837,2.999
10.997,3.7328,-5.455
11.023,3.4613,-0.019
5.7626,11.806,8.7662
11.154,6.7427,8.7652
12.456,11.767,8.9352
6.4245,5.7485,8.7192
5.7428,8.905,6.1422
9.1985,11.504,5.9912
12.429,9.0076,12.004
5.6467,8.9758,11.428
9.2897,11.268,11.398
3.548,12.298,11.821
8.847,6.6946,12.061
10.997,3.7328,6.1132
11.023,3.4613,11.549
0,0,0
5.5423,0.32951,0.114
-0.0049497,0.17466,-5.7002
-5.7424,-0.31891,0.225
-0.41154,-5.7544,0.194
0.17395,5.8082,0.182
-0.0049497,0.17466,5.868
-5.427,5.4072,0.125
5.4098,-5.4296,0.125
-0.33093,-5.5791,-5.521
5.7152,0.28807,-5.583
-5.7601,-0.28284,-5.597
0.24607,5.8336,-5.7172
-0.33093,-5.5791,6.0472
0.24607,5.8336,5.851
5.7152,0.28807,5.9852
-5.7601,-0.28284,5.9712
5.9008,5.9899,0.2
-6.1756,-6.0865,0.2
5.3419,-5.3843,-5.577
-5.4949,5.4525,-5.577
5.3419,-5.3843,5.9912
-5.4949,5.4525,5.9912
-5.9673,-6.0055,-5.7192
-5.9673,-6.0055,5.849
6.1091,6.071,-5.7192
6.1091,6.071,5.849
0.64205,11.396,0.026
-11.434,-0.68068,0.026
11.479,0.55889,0.026
-0.59753,-11.518,0.026
5.0088e-16,-5.0088e-16,-11.568
-5.0088e-16,5.0088e-16,11.568
11.011,-5.0287,0.182
5.0944,-11.156,0.225
-11.248,5.0824,0.194
-5.2945,11.166,0.114
11.267,0.67769,-5.7212
11.267,0.67769,5.847
-5.7424,-0.31891,-11.343
5.5423,0.32951,-11.454
-0.41154,-5.7544,-11.374
-0.80966,-11.399,-5.7212
0.17395,5.8082,-11.386
-0.80966,-11.399,5.847
0.42992,11.515,-5.7212
0.42992,11.515,5.847
5.5423,0.32951,11.682
-11.646,-0.56189,-5.7212
-11.646,-0.56189,5.847
-0.41154,-5.7544,11.762
0.17395,5.8082,11.75
-5.7424,-0.31891,11.793
11.665,6.322,0.194
6.334,11.758,0.225
11.083,-5.0032,-5.7172
-6.5341,-11.747,0.114
5.0767,-11.12,-5.597
-11.902,-6.2682,0.182
-5.1216,11.125,-5.583
11.083,-5.0032,5.851
-11.168,5.2578,-5.521
5.0767,-11.12,5.9712
-5.1216,11.125,5.9852
-11.168,5.2578,6.0472
-5.427,5.4072,-11.443
5.4098,-5.4296,-11.443
-5.427,5.4072,11.693
5.4098,-5.4296,11.693
5.9008,5.9899,-11.368
-6.1756,-6.0865,-11.368
5.9008,5.9899,11.768
6.3163,11.794,-5.597
-6.3612,-11.788,-5.583
11.745,6.4973,-5.521
-11.83,-6.2428,-5.7172
-11.83,-6.2428,5.851
-6.1756,-6.0865,11.768
6.3163,11.794,5.9712
-6.3612,-11.788,5.9852
11.745,6.4973,6.0472
-10.837,10.837,-9.3842e-16
10.837,-10.837,9.3842e-16
0.64205,11.396,-11.542
10.832,-10.662,-5.7002
-11.434,-0.68068,-11.542
0.64205,11.396,11.594
11.479,0.55889,-11.542
10.832,-10.662,5.868
-11.434,-0.68068,11.594
-0.59753,-11.518,-11.542
11.479,0.55889,11.594
-0.59753,-11.518,11.594
-10.842,11.011,-5.7002
-10.842,11.011,5.868
11.011,-5.0287,-11.386
5.0944,-11.156,-11.343
-11.248,5.0824,-11.374
-5.2945,11.166,-11.454
11.011,-5.0287,11.75
-5.2945,11.166,11.682
5.0944,-11.156,11.793
-11.248,5.0824,11.762
-12.076,-12.076,7.9602e-22
12.076,12.076,-7.9602e-22
11.665,6.322,-11.374
6.334,11.758,-11.343
-11.902,-6.2682,-11.386
-6.5341,-11.747,-11.454
11.665,6.322,11.762
-6.5341,-11.747,11.682
6.334,11.758,11.793
-11.902,-6.2682,11.75
-12.081,-11.902,-5.7002
-12.081,-11.902,5.868
12.071,12.251,-5.7002
12.071,12.251,5.868
-10.837,10.837,-11.568
10.837,-10.837,-11.568
-10.837,10.837,11.568
10.837,-10.837,11.568
-12.076,-12.076,-11.568
-12.076,-12.076,11.568
12.076,12.076,-11.568
12.076,12.076,11.568
