-9.3215,-3.8825,-8.6592
-9.7521,-9.3915,-8.8542
-3.8891,-9.3304,-8.8202
-9.3215,-3.8825,2.909
-8.6066,-8.5656,-2.984
-9.7521,-9.3915,2.714
-3.8891,-9.3304,2.748
-8.6066,-8.5656,8.5842
-8.6705,7.5646,-8.6372
-3.3001,2.1786,-8.6432
2.7549,8.194,-8.6592
-9.1351,1.9297,-8.9402
-3.6798,-3.462,-8.9272
-3.0469,7.933,-8.7872
2.3243,2.6849,-8.8542
2.1663,-3.2722,-8.6372
7.5367,-8.6582,-8.6432
8.1873,2.746,-8.8202
1.7017,-8.9071,-8.9402
7.7899,-2.9038,-8.7872
-7.7701,8.6738,-2.943
-8.6705,7.5646,2.931
-3.3001,2.1786,2.925
2.7549,8.194,2.909
-8.3311,-2.7973,-2.865
-2.9995,-8.16,-2.802
-2.3292,3.2612,-2.878
3.0667,-2.163,-2.943
-7.9253,2.8355,-3.092
-2.5187,-2.588,-3.069
-1.8463,8.8084,-3.127
3.4698,3.5108,-2.984
-9.1351,1.9297,2.628
-3.6798,-3.462,2.641
-3.0469,7.933,2.781
2.3243,2.6849,2.714
2.1663,-3.2722,2.931
7.5367,-8.6582,2.925
8.1873,2.746,2.748
8.5076,-7.5757,-2.878
2.9116,-8.0013,-3.092
8.9906,-2.0284,-3.127
1.7017,-8.9071,2.628
7.7899,-2.9038,2.781
-7.7701,8.6738,8.6252
-8.3311,-2.7973,8.7032
-2.9995,-8.16,8.7662
-2.3292,3.2612,8.6902
3.0667,-2.163,8.6252
-7.9253,2.8355,8.4762
-2.5187,-2.588,8.4992
-1.8463,8.8084,8.4412
3.4698,3.5108,8.5842
8.5076,-7.5757,8.6902
2.9116,-8.0013,8.4762
8.9906,-2.0284,8.4412
8.3966,8.6144,-8.9272
3.7453,9.2791,-2.865
9.0768,3.9164,-2.802
9.5577,9.4884,-3.069
8.3966,8.6144,2.641
3.7453,9.2791,8.7032
9.0768,3.9164,8.7662
9.5577,9.4884,8.4992
-8.3832,-8.806,-8.7052
-9.0974,-4.0797,-2.915
-8.3832,-8.806,2.863
-9.8723,-9.3562,-2.919
-3.6543,-9.4917,-2.982
-9.0974,-4.0797,8.6532
-9.8723,-9.3562,8.6492
-3.6543,-9.4917,8.5862
-7.9589,8.8782,-8.6812
-8.6762,-2.5343,-8.7042
-3.1544,-8.032,-8.7272
-2.535,3.4599,-8.7282
2.8779,-1.9587,-8.6812
-7.798,2.5894,-8.8342
-2.3639,-2.7697,-8.7642
-1.7649,8.7031,-8.7832
3.6932,3.2704,-8.7052
8.3018,-7.377,-8.7282
3.0388,-8.2474,-8.8342
9.0719,-2.1338,-8.7832
-7.9589,8.8782,2.887
-8.5171,7.3787,-2.946
-3.0681,1.9636,-2.947
2.979,7.9967,-2.915
-8.6762,-2.5343,2.864
-3.1544,-8.032,2.841
-2.535,3.4599,2.84
2.8779,-1.9587,2.887
-7.798,2.5894,2.734
-2.3639,-2.7697,2.804
-1.7649,8.7031,2.785
3.6932,3.2704,2.863
-9.2525,2.1503,-3.028
-3.853,-3.2605,-3.024
-3.2018,8.1996,-2.96
2.2041,2.7202,-2.919
2.3197,-3.4582,-2.946
7.7687,-8.8732,-2.947
8.422,2.5848,-2.982
8.3018,-7.377,2.84
3.0388,-8.2474,2.734
9.0719,-2.1338,2.785
1.5843,-8.6865,-3.028
7.635,-2.6372,-2.96
-8.5171,7.3787,8.6222
-3.0681,1.9636,8.6212
2.979,7.9967,8.6532
-9.2525,2.1503,8.5402
-3.853,-3.2605,8.5442
-3.2018,8.1996,8.6082
2.2041,2.7202,8.6492
2.3197,-3.4582,8.6222
7.7687,-8.8732,8.6212
8.422,2.5848,8.5862
1.5843,-8.6865,8.5402
7.635,-2.6372,8.6082
3.4002,9.5421,-8.7042
8.922,4.0444,-8.7272
9.7125,9.3067,-8.7642
3.4002,9.5421,2.864
8.922,4.0444,2.841
9.7125,9.3067,2.804
8.2234,8.8159,-3.024
8.2234,8.8159,8.5442
-11.477,-6.6027,-8.8922
-12.018,-0.18924,-8.6132
-12.629,-11.583,-8.5382
-11.215,-3.5699,-6.0772
-5.7315,-8.9758,-6.2062
-9.4566,-11.299,-6.2192
-11.175,-3.5367,-11.312
-5.699,-8.9856,-11.443
-12.514,-9.1893,-11.853
-9.0047,-6.817,-11.907
-9.2862,-11.396,-11.297
-5.8874,-12.224,-8.8912
-1.1809,-11.026,-8.6132
-3.4613,-12.273,-12.011
-12.243,-6.02,-3.141
-6.9181,-11.318,-3.105
-11.477,-6.6027,2.676
-12.018,-0.18924,2.955
-12.629,-11.583,3.03
-11.691,-12.441,-2.727
-11.11,-1.1255,-2.826
-12.658,-9.2381,-5.542
-11.215,-3.5699,5.491
-5.7315,-8.9758,5.362
-9.4566,-11.299,5.349
-8.9248,-6.7568,-5.614
-11.175,-3.5367,0.256
-5.699,-8.9856,0.125
-12.514,-9.1893,-0.285
-9.0047,-6.817,-0.339
-9.2862,-11.396,0.271
-5.8874,-12.224,2.677
-1.1809,-11.026,2.955
-0.27296,-11.962,-2.826
-3.6211,-12.134,-5.634
-3.4613,-12.273,-0.443
-12.243,-6.02,8.4272
-6.9181,-11.318,8.4632
-11.691,-12.441,8.8412
-11.11,-1.1255,8.7422
-12.658,-9.2381,6.0262
-8.9248,-6.7568,5.9542
-11.175,-3.5367,11.824
-5.699,-8.9856,11.693
-12.514,-9.1893,11.283
-9.0047,-6.817,11.229
-9.2862,-11.396,11.839
-0.27296,-11.962,8.7422
-3.6211,-12.134,5.9342
-3.4613,-12.273,11.125
-11.39,11.33,-8.5382
-10.602,7.9207,-6.0842
-8.217,11.614,-6.2192
-10.489,7.9009,-11.221
-8.0466,11.517,-11.297
-10.787,4.6945,-8.9352
-5.2948,-0.68448,-8.8602
-4.6478,10.689,-8.8912
0.59892,5.4737,-8.8922
0.05869,11.887,-8.6132
-6.5167,-5.5112,-8.7022
-5.9786,5.8372,-8.8212
-0.55296,0.49356,-8.5382
-5.2312,2.4126,-6.0632
0.23476,-2.9161,-6.0842
0.86126,8.5065,-6.0772
6.3449,3.1007,-6.2062
-8.8233,0.17961,-6.2102
-3.2725,-5.2043,-6.2132
-2.6248,6.166,-6.1162
2.6198,0.77711,-6.2192
-5.0275,2.5498,-11.363
0.3479,-2.9359,-11.221
0.90156,8.5397,-11.312
6.3774,3.0908,-11.443
-11.849,2.255,-11.861
-6.3604,-3.1671,-11.86
-5.9503,8.3234,-11.916
-0.4377,2.8871,-11.853
-8.3226,4.5538,-11.932
-2.8327,-0.76509,-11.98
-2.2217,10.641,-12.011
3.0717,5.2595,-11.907
-8.6175,-0.02192,-11.433
-3.2824,-5.5041,-11.476
-2.6799,6.0755,-11.414
2.7902,0.68024,-11.297
0.049902,-6.1424,-8.9352
5.542,-11.521,-8.8602
6.189,-0.14751,-8.8912
11.436,-5.3631,-8.8922
10.896,1.0503,-8.6132
4.8582,-4.9997,-8.8212
10.284,-10.343,-8.5382
5.6056,-8.4242,-6.0632
11.698,-2.3303,-6.0772
2.0135,-10.657,-6.2102
8.212,-4.6709,-6.1162
5.8093,-8.287,-11.363
11.738,-2.2971,-11.312
-1.0122,-8.5819,-11.861
4.8865,-2.5135,-11.916
10.399,-7.9497,-11.853
2.5142,-6.2831,-11.932
8.0041,-11.602,-11.98
8.6151,-0.1963,-12.011
2.2193,-10.859,-11.433
8.1569,-4.7614,-11.414
-11.699,5.5272,-3.159
-5.6785,11.596,-3.105
-11.39,11.33,3.03
-10.451,10.473,-2.727
-10.602,7.9207,5.484
-8.217,11.614,5.349
-10.489,7.9009,0.347
-8.0466,11.517,0.271
-6.3654,0.039598,-3.093
-0.86196,-5.3097,-3.159
-0.16617,6.0564,-3.141
5.1583,0.75873,-3.105
-10.787,4.6945,2.633
-5.2948,-0.68448,2.708
-4.6478,10.689,2.677
0.59892,5.4737,2.676
0.05869,11.887,2.955
-6.5167,-5.5112,2.866
-5.9786,5.8372,2.747
-0.55296,0.49356,3.03
-5.1067,4.9568,-3.014
0.38537,-0.36416,-2.727
0.96661,10.951,-2.826
-5.6929,-6.3986,-2.905
-12.006,2.2931,-5.456
-6.6871,-3.2421,-5.598
-5.9765,8.2689,-5.6
-0.58124,2.8383,-5.542
-5.2312,2.4126,5.505
0.23476,-2.9161,5.484
0.86126,8.5065,5.491
6.3449,3.1007,5.362
-8.8233,0.17961,5.358
-3.2725,-5.2043,5.355
-2.6248,6.166,5.452
2.6198,0.77711,5.349
-8.3396,4.7645,-5.676
-3.0512,-0.69226,-5.561
-2.3815,10.779,-5.634
3.1516,5.3196,-5.614
-5.0275,2.5498,0.205
0.3479,-2.9359,0.347
0.90156,8.5397,0.256
6.3774,3.0908,0.125
-11.849,2.255,-0.293
-6.3604,-3.1671,-0.292
-5.9503,8.3234,-0.348
-0.4377,2.8871,-0.285
-8.3226,4.5538,-0.364
-2.8327,-0.76509,-0.412
-2.2217,10.641,-0.443
3.0717,5.2595,-0.339
-8.6175,-0.02192,0.135
-3.2824,-5.5041,0.092
-2.6799,6.0755,0.154
2.7902,0.68024,0.271
4.4714,-10.797,-3.093
10.671,-4.7805,-3.141
0.049902,-6.1424,2.633
5.542,-11.521,2.708
6.189,-0.14751,2.677
11.436,-5.3631,2.676
10.896,1.0503,2.955
4.8582,-4.9997,2.747
10.284,-10.343,3.03
5.7301,-5.88,-3.014
11.222,-11.201,-2.727
11.803,0.11412,-2.826
-1.1692,-8.5437,-5.456
4.8603,-2.5679,-5.6
10.256,-7.9985,-5.542
5.6056,-8.4242,5.505
11.698,-2.3303,5.491
2.0135,-10.657,5.358
8.212,-4.6709,5.452
2.4972,-6.0724,-5.676
7.7857,-11.529,-5.561
8.4553,-0.057703,-5.634
5.8093,-8.287,0.205
11.738,-2.2971,0.256
-1.0122,-8.5819,-0.293
4.8865,-2.5135,-0.348
10.399,-7.9497,-0.285
2.5142,-6.2831,-0.364
8.0041,-11.602,-0.412
8.6151,-0.1963,-0.443
2.2193,-10.859,0.135
8.1569,-4.7614,0.154
-11.699,5.5272,8.4092
-5.6785,11.596,8.4632
-10.451,10.473,8.8412
-10.489,7.9009,11.915
-8.0466,11.517,11.839
-6.3654,0.039598,8.4752
-0.86196,-5.3097,8.4092
-0.16617,6.0564,8.4272
5.1583,0.75873,8.4632
-5.1067,4.9568,8.5542
0.38537,-0.36416,8.8412
0.96661,10.951,8.7422
-5.6929,-6.3986,8.6632
-12.006,2.2931,6.1122
-6.6871,-3.2421,5.9702
-5.9765,8.2689,5.9682
-0.58124,2.8383,6.0262
-8.3396,4.7645,5.8922
-3.0512,-0.69226,6.0072
-2.3815,10.779,5.9342
3.1516,5.3196,5.9542
-5.0275,2.5498,11.773
0.3479,-2.9359,11.915
0.90156,8.5397,11.824
6.3774,3.0908,11.693
-11.849,2.255,11.275
-6.3604,-3.1671,11.276
-5.9503,8.3234,11.22
-0.4377,2.8871,11.283
-8.3226,4.5538,11.204
-2.8327,-0.76509,11.156
-2.2217,10.641,11.125
3.0717,5.2595,11.229
-8.6175,-0.02192,11.703
-3.2824,-5.5041,11.66
-2.6799,6.0755,11.722
2.7902,0.68024,11.839
4.4714,-10.797,8.4752
10.671,-4.7805,8.4272
5.7301,-5.88,8.5542
11.222,-11.201,8.8412
11.803,0.11412,8.7422
-1.1692,-8.5437,6.1122
4.8603,-2.5679,5.9682
10.256,-7.9985,6.0262
2.4972,-6.0724,5.8922
7.7857,-11.529,6.0072
8.4553,-0.057703,5.9342
5.8093,-8.287,11.773
11.738,-2.2971,11.824
-1.0122,-8.5819,11.275
4.8865,-2.5135,11.22
10.399,-7.9497,11.283
2.5142,-6.2831,11.204
8.0041,-11.602,11.156
8.6151,-0.1963,11.125
2.2193,-10.859,11.703
8.1569,-4.7614,11.722
6.7816,11.392,-8.8602
5.5597,6.5652,-8.7022
11.523,12.57,-8.5382
12.311,9.1603,-6.0842
3.2531,12.256,-6.2102
8.8039,6.8721,-6.2132
12.424,9.1405,-11.221
5.716,8.9093,-11.86
9.2437,11.311,-11.98
3.4589,12.054,-11.433
8.794,6.5723,-11.476
12.126,5.9341,-8.9352
11.064,3.4945,-11.861
5.711,12.116,-3.093
11.214,6.7667,-3.159
6.7816,11.392,2.708
5.5597,6.5652,2.866
11.523,12.57,3.03
12.462,11.712,-2.727
6.3835,5.6778,-2.905
5.3893,8.8343,-5.598
12.311,9.1603,5.484
3.2531,12.256,5.358
8.8039,6.8721,5.355
9.0252,11.384,-5.561
12.424,9.1405,0.347
5.716,8.9093,-0.292
9.2437,11.311,-0.412
3.4589,12.054,0.135
8.794,6.5723,0.092
12.126,5.9341,2.633
10.907,3.5327,-5.456
11.064,3.4945,-0.293
5.711,12.116,8.4752
11.214,6.7667,8.4092
12.462,11.712,8.8412
6.3835,5.6778,8.6632
5.3893,8.8343,5.9702
9.0252,11.384,6.0072
12.424,9.1405,11.915
5.716,8.9093,11.276
9.2437,11.311,11.156
3.4589,12.054,11.703
8.794,6.5723,11.66
10.907,3.5327,6.1122
11.064,3.4945,11.275
0,0,0
-5.6957,-0.28214,-0.077
-0.12516,0.006364,5.7072
0.21355,5.7233,-0.149
5.7258,0.26757,-0.024
-0.31143,-5.7471,-0.088
-0.12516,0.006364,-5.861
5.2811,-5.3603,-0.018
-5.5557,5.4765,-0.018
5.5593,0.35072,5.7592
0.19163,5.6533,5.676
5.5593,0.35072,-5.809
-0.49497,-5.729,5.657
0.19163,5.6533,-5.8922
-5.9128,-0.39174,5.701
-0.49497,-5.729,-5.9112
-5.9128,-0.39174,-5.8672
6.0066,6.0363,-0.074
-6.0698,-6.0401,-0.074
5.3136,-5.4946,-5.769
5.3136,-5.4946,5.7992
-5.5232,5.3422,-5.769
-5.5232,5.3422,5.7992
5.9079,6.0196,5.668
5.9079,6.0196,-5.9002
-6.1685,-6.0568,5.668
-6.1685,-6.0568,-5.9002
0.58195,11.372,-0.125
11.419,0.53556,-0.125
-11.494,-0.70402,-0.125
-0.65763,-11.541,-0.125
5.0088e-16,-5.0088e-16,-11.568
-5.0088e-16,5.0088e-16,11.568
11.05,-5.1135,-0.149
-5.111,11.104,-0.024
5.1411,-11.119,-0.077
-11.148,5.0898,-0.088
11.324,0.67389,5.674
-0.75266,-11.403,5.674
0.21355,5.7233,11.419
11.324,0.67389,-5.8942
-5.6957,-0.28214,11.491
-0.31143,-5.7471,11.48
0.48692,11.511,5.674
-0.75266,-11.403,-5.8942
5.7258,0.26757,11.544
-11.589,-0.56569,5.674
5.7258,0.26757,-11.592
0.48692,11.511,-5.8942
-5.6957,-0.28214,-11.645
-0.31143,-5.7471,-11.656
-11.589,-0.56569,-5.8942
0.21355,5.7233,-11.717
11.765,6.3293,-0.088
-6.3505,-11.809,-0.024
6.3807,11.794,-0.077
11.028,-5.1835,5.676
-11.863,-6.3531,-0.149
4.924,-11.229,5.701
11.028,-5.1835,-5.8922
4.924,-11.229,-5.8672
-5.2775,11.188,5.7592
-11.332,5.1079,5.657
-5.2775,11.188,-5.809
-11.332,5.1079,-5.9112
5.2811,-5.3603,11.55
5.2811,-5.3603,-11.586
-5.5557,5.4765,11.55
-5.5557,5.4765,-11.586
6.0066,6.0363,11.494
-6.0698,-6.0401,11.494
11.581,6.3474,5.657
6.1636,11.685,5.701
6.0066,6.0363,-11.642
-6.0698,-6.0401,-11.642
6.1636,11.685,-5.8672
11.581,6.3474,-5.9112
-6.5171,-11.726,5.7592
-6.5171,-11.726,-5.809
-11.885,-6.4231,5.676
-11.885,-6.4231,-5.8922
-10.837,10.837,-9.3842e-16
10.837,-10.837,9.3842e-16
0.58195,11.372,11.443
11.419,0.53556,11.443
-11.494,-0.70402,11.443
-0.65763,-11.541,11.443
10.712,-10.83,5.7072
10.712,-10.83,-5.861
0.58195,11.372,-11.693
11.419,0.53556,-11.693
-11.494,-0.70402,-11.693
-10.962,10.843,5.7072
-0.65763,-11.541,-11.693
-10.962,10.843,-5.861
11.05,-5.1135,11.419
-11.148,5.0898,11.48
5.1411,-11.119,11.491
-5.111,11.104,11.544
-5.111,11.104,-11.592
11.05,-5.1135,-11.717
5.1411,-11.119,-11.645
-11.148,5.0898,-11.656
-12.076,-12.076,7.9602e-22
12.076,12.076,-7.9602e-22
11.765,6.3293,11.48
-11.863,-6.3531,11.419
6.3807,11.794,11.491
-6.3505,-11.809,11.544
-6.3505,-11.809,-11.592
11.765,6.3293,-11.656
6.3807,11.794,-11.645
-11.863,-6.3531,-11.717
11.951,12.083,5.7072
11.951,12.083,-5.861
-12.202,-12.07,5.7072
-12.202,-12.07,-5.861
-10.837,10.837,-11.568
10.837,-10.837,-11.568
-10.837,10.837,11.568
10.837,-10.837,11.568
-12.076,-12.076,-11.568
-12.076,-12.076,11.568
12.076,12.076,-11.568
12.076,12.076,11.568
