-9.913,-4.2463,-9.8234
-3.7711,-10.392,-9.8984
-10.169,-10.528,-9.6854
-9.913,-4.2463,3.071
-3.7711,-10.392,2.996
-9.2872,-9.6606,-3.4
-10.169,-10.528,3.209
-9.2872,-9.6606,9.4944
-9.7188,8.5577,-9.9224
-10.085,2.3139,-10.162
-3.6511,8.9233,-9.4154
-3.4189,2.4077,-9.7814
2.506,-3.6671,-9.9224
3.1975,8.8643,-9.8234
9.3395,2.7181,-9.8984
-3.824,-3.9315,-9.6194
2.1397,-9.9108,-10.162
2.9416,2.5824,-9.6854
8.5737,-3.3015,-9.4154
8.8059,-9.8171,-9.7814
-9.7188,8.5577,2.972
-9.3065,-3.1131,-3.634
-9.011,9.39,-3.529
-2.741,3.2841,-3.439
-9.1227,3.0203,-3.101
-2.8365,9.5073,-2.999
-10.085,2.3139,2.732
-3.6511,8.9233,3.479
-3.4189,2.4077,3.113
2.506,-3.6671,2.972
3.1975,8.8643,3.071
9.3395,2.7181,2.996
-3.0653,-9.6273,-3.303
3.2138,-2.8348,-3.529
9.4837,-8.9407,-3.439
-3.03,-3.0992,-3.219
3.1021,-9.2044,-3.101
3.8233,3.45,-3.4
9.3883,-2.7174,-2.999
-3.824,-3.9315,3.275
2.1397,-9.9108,2.732
2.9416,2.5824,3.209
8.5737,-3.3015,3.479
8.8059,-9.8171,3.113
-9.3065,-3.1131,9.2604
-9.011,9.39,9.3654
-2.741,3.2841,9.4554
-9.1227,3.0203,9.7934
-2.8365,9.5073,9.8954
-3.0653,-9.6273,9.5914
3.2138,-2.8348,9.3654
9.4837,-8.9407,9.4554
-3.03,-3.0993,9.6754
3.1021,-9.2044,9.7934
3.8233,3.45,9.4944
9.3883,-2.7174,9.8954
9.2865,9.179,-9.6194
3.804,9.9975,-3.634
10.045,3.4833,-3.303
10.081,10.011,-3.219
9.2865,9.179,3.275
3.804,9.9975,9.2604
10.045,3.4833,9.5914
10.081,10.011,9.6754
-8.9994,-9.6288,-9.9514
-9.7751,-4.5284,-3.515
-3.6848,-10.977,-3.44
-8.9994,-9.6288,2.943
-10.653,-10.248,-3.551
-9.7751,-4.5284,9.3794
-3.6848,-10.977,9.4544
-10.653,-10.248,9.3434
-9.3949,-2.8465,-9.7964
-8.9091,9.8156,-9.9624
-3.1151,3.8646,-9.8884
-8.7267,2.623,-9.6104
-2.2036,9.228,-9.6094
-3.2131,-9.0199,-9.6864
3.3156,-2.4091,-9.9624
9.1097,-8.3601,-9.8884
-2.4862,-3.2682,-9.6754
3.4981,-9.6018,-9.6104
4.1111,3.4818,-9.9514
10.021,-2.9967,-9.6094
-9.3758,7.9489,-3.352
-9.3949,-2.8465,3.098
-8.9091,9.8156,2.932
-3.1151,3.8646,3.006
-8.7267,2.623,3.284
-2.2036,9.228,3.285
-10.434,2.3267,-3.275
-4.1029,8.7769,-3.295
-3.1947,1.8611,-3.337
2.8489,-4.2759,-3.352
3.3354,8.5822,-3.515
9.4257,2.134,-3.44
-3.2131,-9.0199,3.208
3.3156,-2.4091,2.932
9.1097,-8.3601,3.006
-2.4862,-3.2682,3.219
3.4981,-9.6018,3.284
4.1111,3.4818,2.943
10.021,-2.9967,3.285
-4.4067,-3.6402,-3.46
1.7904,-9.8981,-3.275
2.4579,2.8624,-3.551
8.1218,-3.4479,-3.295
9.03,-10.364,-3.337
-9.3758,7.9489,9.5424
-10.434,2.3267,9.6194
-4.1029,8.7769,9.5994
-3.1947,1.8611,9.5574
2.8489,-4.2759,9.5424
3.3354,8.5822,9.3794
9.4257,2.134,9.4544
-4.4067,-3.6402,9.4344
1.7904,-9.8981,9.6194
2.4579,2.8624,9.3434
8.1218,-3.4479,9.5994
9.03,-10.364,9.5574
3.7156,10.264,-9.7964
9.8975,4.0907,-9.6864
10.624,9.8423,-9.6754
3.7156,10.264,3.098
9.8975,4.0907,3.208
10.624,9.8423,3.219
8.7039,9.4704,-3.46
8.7039,9.4704,9.4344
-12.061,-3.9327,-7.0584
-12.272,-3.8854,-12.294
-12.262,-7.5923,-9.8274
-6.1788,-13.366,-9.7884
-13.446,-12.339,-9.7744
-6.1307,-10.016,-7.0354
-10.01,-12.7,-6.7454
-5.8443,-10.05,-12.912
-13.769,-10.11,-13.527
-9.7327,-7.5576,-13.466
-3.6664,-13.683,-13.212
-10.068,-12.302,-12.666
-13.676,-6.5589,-3.296
-12.422,-1.5279,-3.407
-12.061,-3.9327,5.836
-12.272,-3.8854,0.6
-7.5626,-12.801,-3.285
-12.262,-7.5923,3.067
-6.1788,-13.366,3.106
-13.446,-12.339,3.12
-13.069,-13.847,-3.294
-5.9469,-7.5039,-3.442
-0.19738,-13.753,-3.407
-13.805,-10.035,-6.264
-6.1307,-10.016,5.859
-10.01,-12.7,6.149
-9.7115,-7.8023,-6.337
-3.7548,-14.079,-6.083
-5.8443,-10.05,-0.018
-13.769,-10.11,-0.633
-9.7327,-7.5577,-0.572
-3.6664,-13.683,-0.318
-10.068,-12.302,0.228
-13.676,-6.5589,9.5984
-12.422,-1.5279,9.4874
-12.272,-3.8854,13.494
-7.5626,-12.801,9.6094
-13.069,-13.847,9.6004
-5.9469,-7.5039,9.4524
-0.19738,-13.753,9.4874
-13.805,-10.035,6.6304
-9.7115,-7.8023,6.5574
-3.7548,-14.079,6.8114
-5.8443,-10.05,12.876
-13.769,-10.11,12.261
-9.7327,-7.5577,12.322
-3.6664,-13.683,12.576
-10.068,-12.302,13.122
-11.814,5.4118,-9.6444
-5.293,11.969,-9.7884
-12.959,-0.12557,-9.7244
-12.561,12.996,-9.7744
-6.5806,6.6966,-9.8264
-11.33,8.8596,-6.8664
-5.5306,2.7007,-6.9024
1.0498,9.1778,-7.0584
-9.798,0.052621,-6.6074
-9.1241,12.636,-6.7454
-3.0748,6.6895,-6.7444
-11.886,8.9332,-12.746
-5.9068,2.7446,-12.476
0.83834,9.2252,-12.294
-13.202,2.5402,-13.153
-6.9292,9.2188,-13.386
-9.4267,5.1544,-13.288
-2.7806,11.652,-13.212
-9.7159,0.1007,-12.902
-9.1821,13.033,-12.666
-3.0677,6.8465,-12.404
-5.7,-0.87752,-9.7024
0.41083,-6.813,-9.6444
0.84853,5.5183,-9.8274
6.9318,-0.25526,-9.7884
-6.8476,-5.934,-10.017
-0.73398,-12.35,-9.7244
-0.33588,0.77145,-9.7744
5.6441,-5.5282,-9.8264
-7.2273,-3.7088,-6.4864
0.89449,-3.3651,-6.8664
6.6942,-9.524,-6.9024
6.9799,3.095,-7.0354
13.275,-3.0469,-7.0584
-3.4443,-5.9446,-6.7674
2.4268,-12.172,-6.6074
3.1007,0.41083,-6.7454
9.15,-5.5352,-6.7444
0.3387,-3.2916,-12.746
6.318,-9.4802,-12.476
7.2662,3.0604,-12.912
13.063,-2.9995,-12.294
-7.4352,-3.5136,-13.374
-0.97722,-9.6845,-13.153
-0.65832,3.0003,-13.527
5.2955,-3.0059,-13.386
-3.1664,-0.92489,-13.128
2.798,-7.0704,-13.288
3.3778,5.5529,-13.466
9.4441,-0.57276,-13.212
-3.573,-5.9263,-12.511
2.5088,-12.124,-12.902
3.0427,0.80822,-12.666
9.157,-5.3783,-12.404
6.5248,-13.102,-9.7024
13.073,-6.7065,-9.8274
11.889,-11.453,-9.7744
11.566,-9.2245,-13.527
9.0583,-13.15,-13.128
-13.45,5.829,-3.234
-6.9809,0.058276,-3.054
-6.6768,12.534,-3.285
-0.56527,6.5516,-3.296
-11.814,5.4118,3.25
-5.293,11.969,3.106
-12.959,-0.12557,3.17
-12.561,12.996,3.12
-6.5806,6.6966,3.068
-12.183,11.489,-3.294
-5.8799,4.9578,-3.367
0.68843,11.583,-3.407
-13.404,2.4723,-6.199
-6.7772,9.1559,-6.32
-11.33,8.8596,6.028
-5.5306,2.7007,5.992
1.0498,9.1778,5.836
-9.798,0.052619,6.287
-9.1241,12.636,6.149
-3.0748,6.6895,6.15
-9.2733,5.1268,-6.085
-2.869,11.257,-6.083
-11.886,8.9332,0.148
-5.9068,2.7446,0.418
0.83834,9.2252,0.6
-13.202,2.5402,-0.259
-6.9292,9.2188,-0.492
-9.4267,5.1544,-0.394
-2.7806,11.652,-0.318
-9.7159,0.1007,-0.008
-9.1821,13.033,0.228
-3.0677,6.8465,0.49
-1.2254,-6.3958,-3.234
5.2439,-12.166,-3.054
5.548,0.30971,-3.285
11.659,-5.6731,-3.296
-5.7,-0.87752,3.192
0.41083,-6.813,3.25
0.84853,5.5183,3.067
6.9318,-0.25527,3.106
-6.8476,-5.934,2.877
-0.73398,-12.35,3.17
-0.33588,0.77145,3.12
5.6441,-5.5282,3.068
0.041719,-0.7361,-3.294
6.3449,-7.2669,-3.367
7.1637,5.6066,-3.442
12.913,-0.64205,-3.407
-7.2273,-3.7088,6.408
-1.1795,-9.7524,-6.199
-0.69438,3.0759,-6.264
5.4476,-3.0688,-6.32
0.89449,-3.3651,6.028
6.6942,-9.524,5.992
6.9799,3.095,5.859
13.275,-3.0469,5.836
-3.4443,-5.9446,6.127
2.4268,-12.172,6.287
3.1007,0.41083,6.149
9.15,-5.5352,6.15
-3.1947,-1.2982,-6.362
2.9515,-7.0979,-6.085
3.3991,5.3083,-6.337
9.3557,-0.96803,-6.083
0.3387,-3.2916,0.148
6.318,-9.4802,0.418
7.2662,3.0604,-0.018
13.063,-2.9995,0.6
-7.4352,-3.5136,-0.48
-0.97722,-9.6845,-0.259
-0.65832,3.0003,-0.633
5.2955,-3.0059,-0.492
-3.1664,-0.9249,-0.234
2.798,-7.0704,-0.394
3.3778,5.5529,-0.572
9.4441,-0.57276,-0.318
-3.573,-5.9263,0.383
2.5088,-12.124,-0.008
3.0427,0.80822,0.228
9.157,-5.3783,0.49
6.5248,-13.102,3.192
13.073,-6.7065,3.067
11.889,-11.453,3.12
12.266,-12.961,-3.294
11.53,-9.1488,-6.264
9.03,-13.523,-6.362
11.566,-9.2245,-0.633
9.0583,-13.15,-0.234
-13.45,5.829,9.6604
-6.9809,0.058275,9.8404
-6.6768,12.534,9.6094
-0.56527,6.5516,9.5984
-12.183,11.489,9.6004
-5.8799,4.9578,9.5274
0.68843,11.583,9.4874
-13.404,2.4723,6.6954
-6.7772,9.1559,6.5744
-9.2733,5.1268,6.8094
-2.869,11.257,6.8114
-11.886,8.9332,13.042
-5.9068,2.7446,13.312
0.83834,9.2252,13.494
-13.202,2.5402,12.635
-6.9292,9.2188,12.402
-9.4267,5.1544,12.5
-2.7806,11.652,12.576
-9.7159,0.1007,12.886
-9.1821,13.033,13.122
-3.0677,6.8465,13.384
-1.2254,-6.3958,9.6604
5.2439,-12.166,9.8404
5.548,0.30971,9.6094
11.659,-5.6731,9.5984
0.041719,-0.7361,9.6004
6.3449,-7.2669,9.5274
7.1637,5.6066,9.4524
12.913,-0.64205,9.4874
-1.1795,-9.7524,6.6954
-0.69438,3.0759,6.6304
5.4476,-3.0688,6.5744
-3.1947,-1.2982,6.5324
2.9515,-7.0979,6.8094
3.3991,5.3082,6.5574
9.3557,-0.96803,6.8114
0.3387,-3.2916,13.042
6.318,-9.4802,13.312
7.2662,3.0604,12.876
13.063,-2.9995,13.494
-7.4352,-3.5136,12.414
-0.97722,-9.6845,12.635
-0.65832,3.0003,12.261
5.2955,-3.0059,12.402
-3.1664,-0.9249,12.66
2.798,-7.0704,12.5
3.3778,5.5529,12.322
9.4441,-0.57276,12.576
-3.573,-5.9263,13.277
2.5088,-12.124,12.886
3.0427,0.80822,13.122
9.157,-5.3783,13.384
12.266,-12.961,9.6004
11.53,-9.1488,6.6304
9.03,-13.523,6.5324
11.566,-9.2245,12.261
9.0583,-13.15,12.66
0.15183,12.985,-9.7244
3.3126,13.163,-6.6074
3.3946,13.211,-12.902
7.4106,12.233,-9.7024
13.521,6.2976,-9.6444
6.2629,7.1765,-10.017
12.377,0.76024,-9.7244
12.775,13.882,-9.7744
5.8832,9.4018,-6.4864
14.005,9.7454,-6.8664
9.6662,7.1659,-6.7674
13.449,9.819,-12.746
5.6753,9.5969,-13.374
12.133,3.426,-13.153
9.9441,12.186,-13.128
9.5376,7.1843,-12.511
6.1297,13.169,-3.054
0.15183,12.985,3.17
3.3126,13.163,6.287
3.3946,13.211,-0.008
11.885,6.7148,-3.234
7.4106,12.233,3.192
13.521,6.2976,3.25
6.2629,7.1765,2.877
12.377,0.76023,3.17
12.775,13.882,3.12
13.152,12.374,-3.294
5.8832,9.4018,6.408
11.931,3.3581,-6.199
14.005,9.7454,6.028
9.6662,7.1659,6.127
9.9159,11.812,-6.362
13.449,9.819,0.148
5.6753,9.5969,-0.48
12.133,3.426,-0.259
9.9441,12.186,-0.234
9.5376,7.1843,0.383
6.1297,13.169,9.8404
3.3946,13.211,12.886
11.885,6.7148,9.6604
13.152,12.374,9.6004
11.931,3.3581,6.6954
9.9159,11.812,6.5324
13.449,9.819,13.042
5.6753,9.5969,12.414
12.133,3.426,12.635
9.9441,12.186,12.66
9.5376,7.1843,13.277
0,0,0
0.21991,6.0436,0.183
6.2572,0.006364,0.074
-6.2975,-0.57841,0.267
-0.47942,-6.3569,-0.212
-0.13152,-0.34224,-6.391
-0.13152,-0.34224,6.5034
-6.0821,5.9322,0.144
6.1426,-6.2925,0.144
6.2416,0.10253,-6.25
-0.0080716,6.2476,-6.253
6.5034,6.3124,-0.137
6.2416,0.10253,6.6444
-0.0080716,6.2476,6.6414
-6.8133,-0.42609,-6.073
-0.31042,-6.6843,6.248
-0.31042,-6.6843,-6.6464
-6.6072,-6.7981,-0.137
-6.8133,-0.42609,6.8214
-6.1797,5.8007,6.4144
-6.1797,5.8007,-6.48
6.0451,-6.4241,6.4144
6.0451,-6.4241,-6.48
6.4191,6.1179,6.4334
6.4191,6.1179,-6.461
-6.6914,-6.9927,6.4334
-6.6914,-6.9927,-6.461
0.3774,12.532,0.192
12.602,0.30698,0.192
-12.733,-0.57883,0.192
-0.50841,-12.804,0.192
-6.9738e-17,1.4142e-06,-12.894
6.9738e-17,-1.4142e-06,12.894
-5.9676,12.231,0.074
0.18568,12.207,-6.306
0.18568,12.207,6.5884
12.445,-6.1811,0.183
12.41,-0.017678,-6.306
-12.704,5.8679,-0.212
12.41,-0.017679,6.5884
0.21991,6.0436,-12.711
5.9273,-12.803,0.267
-6.2975,-0.57841,-12.627
-0.47942,-6.3569,12.682
6.2572,0.0063654,-12.82
6.8131,12.532,0.267
12.631,6.7537,-0.212
6.2572,0.0063625,12.968
0.21991,6.0436,13.077
-12.925,-0.90348,-6.306
-12.925,-0.90348,6.5884
-0.47942,-6.3569,-13.106
-0.70013,-13.128,-6.306
-6.2975,-0.57841,13.161
-12.891,-7.0669,0.183
-0.70013,-13.128,6.5884
-6.8534,-13.104,0.074
12.217,-5.9772,-6.253
5.4115,-12.651,-6.073
-5.9831,12.327,-6.25
-12.535,5.5405,6.248
12.217,-5.9772,6.6414
-5.9831,12.327,6.6444
-12.535,5.5405,-6.6464
-6.0821,5.9322,-12.75
5.4115,-12.651,6.8214
6.2973,12.684,-6.073
6.1426,-6.2925,-12.75
-6.0821,5.9322,13.038
12.8,6.4263,6.248
6.5034,6.3124,12.757
6.2973,12.684,6.8214
6.1426,-6.2925,13.038
12.8,6.4263,-6.6464
6.5034,6.3124,-13.031
-6.6072,-6.7981,12.757
-6.8689,-13.008,-6.25
-13.119,-6.863,-6.253
-6.6072,-6.7981,-13.031
-6.8689,-13.008,6.6444
-13.119,-6.863,6.6414
-12.225,12.225,-1.0586e-15
12.225,-12.225,1.0586e-15
0.3774,12.532,-12.702
12.602,0.30698,-12.702
-12.733,-0.57883,-12.702
-0.50841,-12.804,-12.702
0.3774,12.532,13.086
12.602,0.30698,13.086
-12.733,-0.57883,13.086
-12.356,11.883,-6.391
-0.50841,-12.804,13.086
-12.356,11.883,6.5034
-13.111,-13.111,0
13.111,13.111,0
12.093,-12.567,-6.391
12.093,-12.567,6.5034
-5.9676,12.231,-12.82
-5.9676,12.231,12.968
12.445,-6.1811,-12.711
-12.704,5.8679,12.682
5.9273,-12.803,-12.627
6.8131,12.532,-12.627
12.445,-6.1811,13.077
12.631,6.7537,12.682
-12.704,5.8679,-13.106
5.9273,-12.803,13.161
12.979,12.768,-6.391
12.979,12.768,6.5034
6.8131,12.532,13.161
12.631,6.7537,-13.106
-12.891,-7.0669,-12.711
-6.8534,-13.104,-12.82
-6.8534,-13.104,12.968
-12.891,-7.0669,13.077
-13.242,-13.453,-6.391
-13.242,-13.453,6.5034
12.225,-12.225,-12.894
-12.225,12.225,12.894
-12.225,12.225,-12.894
12.225,-12.225,12.894
-13.111,-13.111,-12.894
13.111,13.111,12.894
-13.111,-13.111,12.894
13.111,13.111,-12.894
