-9.4905,-9.5796,-8.6602
-8.9545,1.9123,-8.6802
-3.3726,-3.606,-8.6752
-9.3781,-3.6915,-8.8562
-3.98,-9.2324,-8.8812
1.8823,-8.9246,-8.6802
-9.4905,-9.5796,2.908
-8.9545,1.9123,2.888
-3.3726,-3.606,2.893
-8.6653,-8.3203,-2.891
-8.1901,-2.7907,-3.019
-2.7907,-8.1902,-3.073
-9.3781,-3.6915,2.712
-3.98,-9.2324,2.687
1.8823,-8.9246,2.888
-8.6653,-8.3203,8.6772
-8.1901,-2.7907,8.5492
-2.7907,-8.1902,8.4952
-8.6412,7.6584,-8.8042
-2.9387,7.9804,-8.7172
2.5859,2.4968,-8.6602
8.7038,8.4704,-8.6752
-3.3397,2.354,-8.7552
2.1956,-3.1784,-8.8042
2.6983,8.3849,-8.8562
8.0964,2.844,-8.8812
7.8981,-2.8564,-8.7172
7.4972,-8.4829,-8.7552
-7.9766,3.041,-3.065
-1.9152,9.0599,-2.864
-7.5481,8.6696,-3.058
-8.6412,7.6584,2.764
-2.9387,7.9804,2.851
2.5859,2.4968,2.908
8.7038,8.4704,2.893
-2.5838,-2.3419,-3.019
2.8602,-7.7959,-3.065
3.4111,3.7562,-2.891
8.9216,-1.777,-2.864
-2.1546,3.2576,-3.043
3.2888,-2.1673,-3.058
3.8863,9.2857,-3.019
9.2857,3.8863,-3.073
-3.3397,2.354,2.813
2.1956,-3.1784,2.764
2.6983,8.3849,2.712
8.0964,2.844,2.687
7.8981,-2.8564,2.851
8.6823,-7.5792,-3.043
7.4972,-8.4829,2.813
-7.9766,3.041,8.5032
-1.9152,9.0599,8.7042
-7.5481,8.6696,8.5102
-2.5838,-2.3419,8.5492
2.8602,-7.7959,8.5032
3.4111,3.7562,8.6772
8.9216,-1.777,8.7042
-2.1546,3.2576,8.5252
3.2888,-2.1673,8.5102
3.8863,9.2857,8.5492
9.2857,3.8863,8.4952
8.6823,-7.5792,8.5252
9.4926,9.7345,-3.019
9.4926,9.7345,8.5492
-8.8166,-8.2467,-8.7002
-8.0749,-2.9625,-8.9152
-2.6818,-8.4985,-8.7662
-9.3307,-9.6588,-2.88
-8.6752,1.7291,-2.908
-3.2991,-3.6527,-2.952
-8.8166,-8.2467,2.868
-8.0749,-2.9625,2.653
-2.6818,-8.4985,2.802
-9.5018,-3.5013,-2.927
-4.0818,-8.9411,-3.125
2.1616,-9.1077,-2.908
-9.3307,-9.6588,8.6882
-8.6752,1.7291,8.6602
-3.2991,-3.6527,8.6162
-9.5018,-3.5013,8.6412
-4.0818,-8.9411,8.4432
2.1616,-9.1077,8.6602
-8.2205,3.21,-8.7872
-2.2412,9.3024,-8.7822
-7.3522,8.4115,-8.8462
-2.6813,-2.2811,-8.6372
2.6163,-7.6269,-8.7872
3.2598,3.8297,-8.7002
8.5956,-1.5344,-8.7822
-2.0046,3.0257,-8.7432
3.4846,-2.4254,-8.8462
4.0015,9.1139,-8.9152
9.3946,3.578,-8.7662
8.8322,-7.8111,-8.7432
-8.2205,3.21,2.781
-2.2412,9.3024,2.786
-7.3522,8.4115,2.722
-8.8583,7.9603,-2.925
-2.6071,7.7365,-2.91
2.7457,2.4176,-2.88
8.7773,8.4238,-2.952
-2.6813,-2.2811,2.931
2.6163,-7.6269,2.781
3.2598,3.8297,2.868
8.5956,-1.5344,2.786
-2.0046,3.0257,2.825
3.4846,-2.4254,2.722
4.0015,9.1139,2.653
9.3946,3.578,2.802
-3.4408,2.5003,-3.094
1.9785,-2.8765,-2.925
2.5746,8.5751,-2.927
7.9945,3.1353,-3.125
8.2297,-3.1004,-2.91
8.8322,-7.8111,2.825
7.396,-8.3365,-3.094
-8.8583,7.9603,8.6432
-2.6071,7.7365,8.6582
2.7457,2.4176,8.6882
8.7773,8.4238,8.6162
-3.4408,2.5003,8.4742
1.9785,-2.8765,8.6432
2.5746,8.5751,8.6412
7.9945,3.1353,8.4432
8.2297,-3.1004,8.6582
7.396,-8.3365,8.4742
9.395,9.7953,-8.6372
9.395,9.7953,2.931
-11.484,5.4956,-8.6802
-10.675,2.3801,-6.0152
-10.788,2.2139,-11.337
-11.572,-12.499,-8.9312
-11.096,-0.95716,-8.9162
-5.5724,-6.4549,-8.7932
-0.64743,-5.3412,-8.6802
-12.223,-5.7648,-8.6812
-6.8028,-11.351,-8.6822
-11.341,-8.9977,-6.1272
-5.4119,-3.0544,-6.2392
0.1615,-8.4567,-6.0152
-8.922,-5.3228,-6.1152
-3.6548,-10.954,-6.2352
-11.314,-9.306,-11.307
-5.2217,-3.1499,-11.268
0.049072,-8.6229,-11.337
-12.186,-3.5183,-11.856
-6.6232,-8.8124,-11.982
-9.091,-12.436,-11.964
-8.4313,-0.93877,-11.992
-3.222,-6.4577,-11.934
-9.0167,-5.733,-11.392
-3.4023,-11.046,-11.468
-0.25882,-11.794,-8.9162
2.4056,-11.776,-11.992
-11.942,-0.10608,-3.14
-11.484,5.4956,2.888
-10.749,4.6895,-2.907
-10.675,2.3801,5.553
-10.788,2.2139,0.231
-12.477,-11.539,-3.148
-6.4408,-5.4791,-3.046
-1.1056,-10.943,-3.14
-11.572,-12.499,2.637
-11.096,-0.95716,2.652
-5.5724,-6.4549,2.775
-0.64743,-5.3412,2.888
-12.223,-5.7648,2.887
-6.8028,-11.351,2.886
-11.421,-6.6706,-2.889
-5.9345,-12.197,-2.922
0.087963,-6.1473,-2.907
-12.276,-3.2814,-5.576
-6.877,-8.7014,-5.586
-11.341,-8.9977,5.441
-5.4119,-3.0544,5.329
0.1615,-8.4567,5.553
-8.922,-5.3228,5.453
-3.6548,-10.954,5.333
-9.2953,-12.241,-5.611
-8.7169,-0.98827,-5.636
-3.1018,-6.2513,-5.635
-11.314,-9.306,0.261
-5.2217,-3.1499,0.3
0.049072,-8.6229,0.231
-12.186,-3.5183,-0.288
-6.6232,-8.8124,-0.414
-9.091,-12.436,-0.396
-8.4313,-0.93877,-0.424
-3.222,-6.4577,-0.366
-9.0167,-5.733,0.176
-3.4023,-11.046,0.1
-0.25882,-11.794,2.652
2.1199,-11.825,-5.636
2.4056,-11.776,-0.424
-11.942,-0.10608,8.4282
-10.749,4.6895,8.6612
-10.788,2.2139,11.799
-12.477,-11.539,8.4202
-6.4408,-5.4791,8.5222
-1.1056,-10.943,8.4282
-11.421,-6.6706,8.6792
-5.9345,-12.197,8.6462
0.087963,-6.1473,8.6612
-12.276,-3.2814,5.9922
-6.877,-8.7014,5.9822
-9.2953,-12.241,5.9572
-8.7169,-0.98827,5.9322
-3.1018,-6.2513,5.9332
-11.314,-9.306,11.829
-5.2217,-3.1499,11.868
0.049072,-8.6229,11.799
-12.186,-3.5183,11.28
-6.6232,-8.8124,11.154
-9.091,-12.436,11.172
-8.4313,-0.93877,11.144
-3.222,-6.4577,11.202
-9.0167,-5.733,11.744
-3.4023,-11.046,11.668
2.1199,-11.825,5.9322
2.4056,-11.776,11.144
-10.333,10.415,-8.9312
-5.5632,11.562,-8.6822
-4.8971,8.3959,-6.1412
-8.2877,5.9048,-6.1422
-2.4152,11.96,-6.2352
-4.721,8.3061,-11.431
-11.702,7.9716,-11.929
-7.8514,10.478,-11.964
-8.4051,5.8001,-11.397
-2.1627,11.867,-11.468
-5.0763,5.0424,-8.8212
0.50417,-0.42214,-8.9312
0.98076,11.119,-8.9162
6.504,5.6215,-8.7932
-6.1985,0.23335,-8.7492
11.429,6.7352,-8.6802
-0.14708,6.3116,-8.6812
5.2736,0.72549,-8.6822
0.73539,3.0787,-6.1272
5.9397,-2.4409,-6.1412
6.6645,9.022,-6.2392
12.238,3.6197,-6.0152
-3.0335,0.49215,-6.1352
2.5491,-4.9321,-6.1422
3.1544,6.7536,-6.1152
8.4216,1.1229,-6.2352
0.76226,2.7704,-11.307
6.1158,-2.5307,-11.431
6.8547,8.9265,-11.268
12.125,3.4535,-11.337
-6.0337,2.6354,-12.041
-0.8655,-2.8652,-11.929
-0.1096,8.5581,-11.856
5.4532,3.264,-11.982
-2.6149,4.9653,-11.934
2.9854,-0.35921,-11.964
3.6451,11.138,-11.992
8.8544,5.6187,-11.934
-2.8242,0.41578,-11.315
2.4317,-5.0367,-11.397
3.0597,6.3435,-11.392
8.6741,1.0303,-11.468
5.7605,-5.7945,-8.8212
11.341,-11.259,-8.9312
11.818,0.28242,-8.9162
4.6383,-10.603,-8.7492
10.69,-4.5252,-8.6812
11.572,-7.7581,-6.1272
7.8033,-10.345,-6.1352
11.599,-8.0664,-11.307
4.8031,-8.2015,-12.041
10.727,-2.2787,-11.856
8.2219,-5.8715,-11.934
8.0126,-10.421,-11.315
-11.237,11.374,-3.148
-5.8213,5.9415,-3.027
0.13395,11.97,-3.14
-10.333,10.415,2.637
-5.5632,11.562,2.886
-4.6949,10.717,-2.922
-11.449,8.1809,-5.565
-4.8971,8.3959,5.427
-8.2877,5.9048,5.426
-2.4152,11.96,5.333
-8.0558,10.672,-5.611
-4.721,8.3061,0.137
-11.702,7.9716,-0.361
-7.8514,10.478,-0.396
-8.4051,5.8001,0.171
-2.1627,11.867,0.1
-0.40022,0.5374,-3.148
5.0155,-4.8953,-3.027
5.6356,6.5973,-3.046
10.971,1.1335,-3.14
-5.0763,5.0424,2.747
0.50417,-0.42214,2.637
0.98076,11.119,2.652
6.504,5.6215,2.775
-6.1985,0.23335,2.819
11.429,6.7352,2.888
-0.14708,6.3116,2.887
5.2736,0.72549,2.886
0.65549,5.4058,-2.889
6.1419,-0.12021,-2.922
-5.3146,-0.64205,-2.962
12.164,5.9291,-2.907
-6.0783,2.6983,-5.636
-0.61235,-2.6559,-5.565
-0.1994,8.795,-5.576
5.1994,3.375,-5.586
0.73539,3.0787,5.441
5.9397,-2.4409,5.427
6.6645,9.022,5.329
12.238,3.6197,5.553
-3.0335,0.49215,5.433
2.5491,-4.9321,5.426
3.1544,6.7536,5.453
8.4216,1.1229,5.333
-2.5124,5.1909,-5.587
2.7811,-0.16476,-5.611
3.3595,11.088,-5.636
8.9746,5.8251,-5.635
0.76226,2.7704,0.261
6.1158,-2.5307,0.137
6.8547,8.9265,0.3
12.125,3.4535,0.231
-6.0337,2.6354,-0.473
-0.8655,-2.8652,-0.361
-0.1096,8.5581,-0.288
5.4532,3.264,-0.414
-2.6149,4.9653,-0.366
2.9854,-0.35921,-0.396
3.6451,11.138,-0.424
8.8544,5.6187,-0.366
-2.8242,0.41578,0.253
2.4317,-5.0367,0.171
3.0597,6.3435,0.176
8.6741,1.0303,0.1
10.437,-10.299,-3.148
5.7605,-5.7945,2.747
11.341,-11.259,2.637
11.818,0.28242,2.652
4.6383,-10.603,2.819
10.69,-4.5252,2.887
11.492,-5.431,-2.889
5.5222,-11.479,-2.962
4.7585,-8.1385,-5.636
10.637,-2.0418,-5.576
11.572,-7.7581,5.441
7.8033,-10.345,5.433
8.3245,-5.646,-5.587
11.599,-8.0664,0.261
4.8031,-8.2015,-0.473
10.727,-2.2787,-0.288
8.2219,-5.8715,-0.366
8.0126,-10.421,0.253
-11.237,11.374,8.4202
-5.8213,5.9415,8.5412
0.13395,11.97,8.4282
-4.6949,10.717,8.6462
-11.449,8.1809,6.0032
-8.0558,10.672,5.9572
-4.721,8.3061,11.705
-11.702,7.9716,11.207
-7.8514,10.478,11.172
-8.4051,5.8001,11.739
-2.1627,11.867,11.668
-0.40022,0.5374,8.4202
5.0155,-4.8953,8.5412
5.6356,6.5973,8.5222
10.971,1.1335,8.4282
0.65549,5.4058,8.6792
6.1419,-0.12021,8.6462
-5.3146,-0.64205,8.6062
12.164,5.9291,8.6612
-6.0783,2.6983,5.9322
-0.61235,-2.6559,6.0032
-0.1994,8.795,5.9922
5.1994,3.375,5.9822
-2.5124,5.1909,5.9812
2.7811,-0.16476,5.9572
3.3595,11.088,5.9322
8.9746,5.8251,5.9332
0.76226,2.7704,11.829
6.1158,-2.5307,11.705
6.8547,8.9265,11.868
12.125,3.4535,11.799
-6.0337,2.6354,11.095
-0.8655,-2.8652,11.207
-0.1096,8.5581,11.28
5.4532,3.264,11.154
-2.6149,4.9653,11.202
2.9854,-0.35921,11.172
3.6451,11.138,11.144
8.8544,5.6187,11.202
-2.8242,0.41578,11.821
2.4317,-5.0367,11.739
3.0597,6.3435,11.744
8.6741,1.0303,11.668
10.437,-10.299,8.4202
11.492,-5.431,8.6792
5.5222,-11.479,8.6062
4.7585,-8.1385,5.9322
10.637,-2.0418,5.9922
8.3245,-5.646,5.9812
11.599,-8.0664,11.829
4.8031,-8.2015,11.095
10.727,-2.2787,11.28
8.2219,-5.8715,11.202
8.0126,-10.421,11.821
12.581,11.654,-8.9312
5.8779,12.31,-8.7492
9.0429,12.569,-6.1352
11.211,9.2112,-11.929
9.2522,12.492,-11.315
11.676,12.614,-3.148
12.581,11.654,2.637
5.8779,12.31,2.819
6.7618,11.434,-2.962
11.464,9.4205,-5.565
9.0429,12.569,5.433
11.211,9.2112,-0.361
9.2522,12.492,0.253
11.676,12.614,8.4202
6.7618,11.434,8.6062
11.464,9.4205,6.0032
11.211,9.2112,11.207
9.2522,12.492,11.821
0,0,0
-5.6477,-0.28214,-0.158
-0.36459,-5.6481,-0.141
0.31113,5.6965,-0.085
-0.020506,0.1492,5.7492
5.7544,0.30123,-0.256
-0.020506,0.1492,-5.819
5.3829,-5.4155,-0.001
-5.4539,5.4214,-0.001
5.6307,0.52538,5.599
-5.7728,-0.18668,5.57
-0.28355,-5.6406,5.7222
-0.28355,-5.6406,-5.846
0.29769,5.9206,5.643
5.6307,0.52538,-5.9692
-5.7728,-0.18668,-5.9982
0.29769,5.9206,-5.9252
-6.0144,-6.054,0.121
6.062,6.0224,0.121
5.4433,-5.2665,-5.767
5.4433,-5.2665,5.8012
-5.3935,5.5703,-5.767
-5.3935,5.5703,5.8012
-6.0844,-5.8228,-5.72
-6.0844,-5.8228,5.8482
5.992,6.2537,-5.72
5.992,6.2537,5.8482
-0.57631,-11.382,-0.111
-11.413,-0.54492,-0.111
11.5,0.69466,-0.111
0.66327,11.531,-0.111
5.0088e-16,-5.0088e-16,-11.568
-5.0088e-16,5.0088e-16,11.568
-5.0824,11.138,-0.256
5.1892,-11.119,-0.158
11.148,-5.1404,-0.085
-11.201,5.1887,-0.141
5.7544,0.30123,11.312
-0.65521,-11.361,5.696
-5.6477,-0.28214,11.41
-0.36459,-5.6481,11.427
11.421,0.71559,5.696
-0.65521,-11.361,-5.8722
0.31113,5.6965,11.483
-11.492,-0.52398,5.696
11.421,0.71559,-5.8722
0.58437,11.552,5.696
-11.492,-0.52398,-5.8722
0.58437,11.552,-5.8722
0.31113,5.6965,-11.653
-0.36459,-5.6481,-11.709
-5.6477,-0.28214,-11.726
5.7544,0.30123,-11.824
5.064,-11.024,5.57
11.712,6.4283,-0.141
-6.322,-11.775,-0.256
-11.765,-6.38,-0.085
11.135,-4.9162,5.643
6.4287,11.794,-0.158
5.064,-11.024,-5.9982
11.135,-4.9162,-5.9252
-11.12,5.1962,5.7222
-11.12,5.1962,-5.846
-5.2061,11.362,5.599
-5.2061,11.362,-5.9692
5.3829,-5.4155,11.567
5.3829,-5.4155,-11.569
-5.4539,5.4214,11.567
-5.4539,5.4214,-11.569
-6.0144,-6.054,-11.447
6.062,6.0224,-11.447
-6.4457,-11.551,5.599
-11.779,-6.1558,5.643
-6.0144,-6.054,11.689
6.062,6.0224,11.689
-6.4457,-11.551,-5.9692
-11.779,-6.1558,-5.9252
6.3036,11.89,5.57
11.793,6.4358,5.7222
11.793,6.4358,-5.846
6.3036,11.89,-5.9982
-10.837,10.837,-9.3842e-16
10.837,-10.837,9.3842e-16
-0.57631,-11.382,11.457
-11.413,-0.54492,11.457
11.5,0.69466,11.457
10.816,-10.688,5.7492
0.66327,11.531,11.457
10.816,-10.688,-5.819
-0.57631,-11.382,-11.679
-11.413,-0.54492,-11.679
11.5,0.69466,-11.679
0.66327,11.531,-11.679
-10.857,10.986,5.7492
-10.857,10.986,-5.819
-5.0824,11.138,11.312
5.1892,-11.119,11.41
11.148,-5.1404,11.483
-11.201,5.1887,11.427
11.148,-5.1404,-11.653
5.1892,-11.119,-11.726
-11.201,5.1887,-11.709
-5.0824,11.138,-11.824
-12.076,-12.076,7.9602e-22
12.076,12.076,-7.9602e-22
-6.322,-11.775,11.312
11.712,6.4283,11.427
6.4287,11.794,11.41
-11.765,-6.38,11.483
-11.765,-6.38,-11.653
11.712,6.4283,-11.709
6.4287,11.794,-11.726
-6.322,-11.775,-11.824
-12.097,-11.927,5.7492
-12.097,-11.927,-5.819
12.056,12.226,5.7492
12.056,12.226,-5.819
-10.837,10.837,-11.568
10.837,-10.837,-11.568
-10.837,10.837,11.568
10.837,-10.837,11.568
-12.076,-12.076,-11.568
-12.076,-12.076,11.568
12.076,12.076,-11.568
12.076,12.076,11.568
