-10.525,-10.4,-9.5004
-9.79,2.2676,-9.6994
-3.9323,-3.8107,-9.5024
-10.358,-3.8411,-9.9874
-4.0695,-10.315,-9.4184
2.4348,-9.9572,-9.6994
-10.525,-10.4,3.394
-9.79,2.2676,3.195
-3.9323,-3.8107,3.392
-9.5991,-9.4138,-2.964
-9.3014,-3.1015,-3.104
-3.2754,-9.2872,-3.226
-10.358,-3.8411,2.907
-4.0695,-10.315,3.476
2.4348,-9.9572,3.195
-9.5991,-9.4138,9.9304
-9.3014,-3.1015,9.7904
-3.2754,-9.2872,9.6684
-3.2742,9.0145,-9.3004
-9.39,8.8992,-9.4444
8.9506,-3.2103,-9.3004
2.5859,2.7103,-9.5004
9.1782,9.2999,-9.5024
-3.7724,2.7188,-9.4724
2.8348,-3.3255,-9.4444
2.7528,9.2695,-9.9874
9.0411,2.7959,-9.4184
8.4523,-9.5059,-9.4724
-3.2742,9.0145,3.594
-9.228,3.2035,-3.069
-2.7743,9.9868,-2.672
-9.0046,9.3893,-3.172
-9.39,8.8992,3.45
8.9506,-3.2103,3.594
2.5859,2.7103,3.394
9.1782,9.2999,3.392
-3.1459,-3.0469,-3.325
2.9967,-9.0213,-3.069
3.5115,3.6968,-2.964
9.4505,-2.238,-2.672
-2.7761,3.2583,-3.279
3.2202,-2.8355,-3.172
3.8092,10.009,-3.104
9.8351,3.8233,-3.226
-3.7724,2.7188,3.422
2.8348,-3.3255,3.45
2.7528,9.2695,2.907
9.0411,2.7959,3.476
9.4487,-8.9664,-3.279
8.4523,-9.5059,3.422
-9.228,3.2035,9.8254
-2.7743,9.9868,10.222
-9.0046,9.3893,9.7224
-3.1459,-3.0469,9.5694
2.9967,-9.0213,9.8254
3.5115,3.6968,9.9304
9.4505,-2.238,10.222
-2.7761,3.2583,9.6154
3.2202,-2.8355,9.7224
3.8092,10.009,9.7904
9.8351,3.8233,9.6684
9.4487,-8.9664,9.6154
9.9646,10.064,-3.325
9.9646,10.064,9.5694
-9.8374,-9.0779,-9.6064
-8.9839,-3.4543,-9.5394
-2.6553,-9.8324,-9.3974
-10.187,-10.769,-3.221
-9.7504,1.8122,-3.255
-3.6346,-4.4619,-3.256
-9.8374,-9.0779,3.288
-8.9839,-3.4543,3.355
-2.6553,-9.8324,3.497
-10.684,-3.6679,-3.049
-4.6019,-9.9915,-3.235
2.4744,-10.413,-3.255
-10.187,-10.769,9.6734
-9.7504,1.8122,9.6394
-3.6346,-4.4619,9.6384
-10.684,-3.6679,9.8454
-4.6019,-9.9915,9.6594
2.4744,-10.413,9.6394
-9.257,3.6638,-9.5604
-2.7375,10.407,-9.4214
-7.9552,9.3143,-9.4574
-3.182,-2.5187,-9.5224
2.9677,-8.5609,-9.5604
3.2732,4.0326,-9.6064
9.4873,-1.818,-9.4214
-2.4006,3.31,-9.3774
4.2695,-2.9105,-9.4574
4.1267,9.6563,-9.5394
10.455,3.2781,-9.3974
9.8241,-8.9148,-9.3774
-9.257,3.6638,3.334
-2.7375,10.407,3.473
-7.9552,9.3143,3.437
-10.313,8.6921,-3.373
-3.0292,8.5687,-3.072
2.9239,2.3412,-3.221
9.4759,8.6486,-3.256
-3.182,-2.5187,3.372
2.9677,-8.5609,3.334
3.2732,4.0326,3.288
9.4873,-1.818,3.473
-2.4006,3.31,3.517
4.2695,-2.9105,3.437
4.1267,9.6563,3.355
10.455,3.2781,3.497
-4.1769,2.7471,-3.416
1.912,-3.5327,-3.373
2.4268,9.4427,-3.049
8.5086,3.119,-3.235
9.1955,-3.656,-3.072
9.8241,-8.9148,3.517
8.0479,-9.4776,-3.416
-10.313,8.692,9.5214
-3.0292,8.5687,9.8224
2.9239,2.3412,9.6734
9.4759,8.6486,9.6384
-4.1769,2.7471,9.4784
1.912,-3.5327,9.5214
2.4268,9.4427,9.8454
8.5086,3.119,9.6594
9.1955,-3.656,9.8224
8.0479,-9.4776,9.4784
9.9286,10.592,-9.5224
9.9286,10.592,3.372
-13.421,6.193,-9.6844
-12.03,2.5203,-6.5364
-11.876,2.6893,-12.567
-12.497,-13.686,-9.6194
-12.172,-0.7772,-9.5844
-5.9808,-7.2479,-9.6874
-6.946,0.11234,-9.4484
-1.1965,-6.0317,-9.6844
-13.532,-6.3082,-9.5834
-7.4572,-12.27,-9.4814
-12.435,-10.122,-6.4714
-6.0013,-3.484,-6.5314
0.19507,-9.7044,-6.5364
-10.097,-5.9009,-6.9344
-3.7541,-12.272,-6.5914
-12.353,-10.029,-12.523
-5.9101,-3.5172,-12.348
0.34851,-9.5354,-12.567
-13.643,-3.7379,-12.764
-7.5873,-9.8572,-13.044
-10.074,-14.002,-13.089
-9.6295,-1.3945,-12.873
-3.4076,-7.4424,-13.204
-9.9562,-6.1166,-12.696
-3.8376,-12.215,-12.543
0.053232,-13.002,-9.5844
5.2788,-12.112,-9.4484
2.5953,-13.619,-12.873
-13.575,-0.12991,-3.169
-13.421,6.193,3.21
-12.261,5.1783,-3.072
-12.03,2.5203,6.358
-11.876,2.6893,0.327
-13.757,-12.891,-3.04
-7.4657,-6.0642,-3.198
-1.3507,-12.355,-3.169
-12.497,-13.686,3.275
-12.172,-0.7772,3.31
-5.9808,-7.2479,3.207
-6.946,0.11234,3.446
-1.1965,-6.0317,3.21
-13.532,-6.3082,3.311
-7.4572,-12.27,3.413
-12.715,-7.453,-3.035
-6.666,-13.525,-3.153
-6.1873,-1.0763,-2.855
-0.036156,-7.0464,-3.072
-13.811,-3.8128,-5.806
-7.8051,-9.6436,-6.074
-12.435,-10.122,6.423
-6.0013,-3.484,6.363
0.19507,-9.7044,6.358
-10.097,-5.9009,5.96
-3.7541,-12.272,6.303
-10.02,-13.666,-5.905
-9.4216,-1.1668,-6.107
-3.4692,-7.0542,-6.181
-12.353,-10.029,0.371
-5.9101,-3.5172,0.546
0.34851,-9.5354,0.327
-13.643,-3.7379,0.13
-7.5873,-9.8572,-0.15
-10.074,-14.002,-0.195
-9.6295,-1.3945,0.021
-3.4076,-7.4424,-0.31
-9.9562,-6.1166,0.198
-3.8376,-12.215,0.351
0.053232,-13.002,3.31
5.2788,-12.112,3.446
6.0375,-13.301,-2.855
2.8032,-13.392,-6.107
2.5953,-13.619,0.021
-13.575,-0.12991,9.7254
-12.261,5.1783,9.8224
-11.876,2.6893,13.221
-13.757,-12.891,9.8544
-7.4657,-6.0642,9.6964
-1.3507,-12.355,9.7254
-12.715,-7.453,9.8594
-6.666,-13.525,9.7414
-6.1873,-1.0763,10.039
-0.036156,-7.0464,9.8224
-13.811,-3.8128,7.0884
-7.8051,-9.6436,6.8204
-10.02,-13.666,6.9894
-9.4216,-1.1668,6.7874
-3.4692,-7.0542,6.7134
-12.353,-10.029,13.265
-5.9101,-3.5172,13.44
0.34851,-9.5354,13.221
-13.643,-3.7379,13.024
-7.5873,-9.8572,12.744
-10.074,-14.002,12.699
-9.6295,-1.3945,12.915
-3.4076,-7.4424,12.584
-9.9562,-6.1166,13.092
-3.8376,-12.215,13.245
6.0375,-13.301,10.039
2.8032,-13.392,6.7874
2.5953,-13.619,12.915
-11.611,11.649,-9.6194
-6.5714,13.066,-9.4814
-5.3354,9.2712,-6.4664
-9.2973,6.3798,-6.8664
-2.8683,13.063,-6.5914
-5.2145,9.2181,-12.365
-13.253,9.0145,-13.14
-9.1877,11.333,-13.089
-9.5137,6.9172,-12.471
-2.9518,13.12,-12.543
-5.5784,5.7764,-9.5814
0.61377,-0.57558,-9.6194
0.93904,12.333,-9.5844
7.1298,5.8626,-9.6874
6.1646,13.223,-9.4484
11.914,7.0788,-9.6844
-0.42144,6.8024,-9.5834
5.6533,0.84075,-9.4814
0.67599,2.9882,-6.4714
6.8893,-2.9536,-6.4664
7.1093,9.6266,-6.5314
13.306,3.4061,-6.5364
-3.269,0.51831,-6.4994
2.9274,-5.8449,-6.8664
3.0137,7.2097,-6.9344
9.3564,0.83863,-6.5914
0.75802,3.0816,-12.523
7.0103,-3.0066,-12.365
7.2005,9.5933,-12.348
13.459,3.5751,-12.567
-7.1333,2.9076,-13.05
-1.0281,-3.2103,-13.14
-0.53245,9.3727,-12.764
5.5232,3.2534,-13.044
-3.1148,5.3139,-13.247
3.037,-0.89166,-13.089
3.4811,11.716,-12.873
9.7029,5.6682,-13.204
-3.2704,0.46033,-12.247
2.711,-5.3075,-12.471
3.1544,6.994,-12.696
9.273,0.8952,-12.543
6.6464,-6.4484,-9.5814
12.839,-12.8,-9.6194
13.164,0.1086,-9.5844
11.803,-5.4224,-9.5834
12.901,-9.2365,-6.4714
8.9558,-11.706,-6.4994
12.983,-9.1432,-12.523
5.0915,-9.3171,-13.05
11.692,-2.8521,-12.764
9.11,-6.9108,-13.247
8.9544,-11.764,-12.247
-12.871,12.444,-3.04
-7.0791,6.2957,-3.045
-0.46486,12.981,-3.169
-11.611,11.649,3.275
-6.5714,13.066,3.413
-5.7802,11.81,-3.153
-13.406,8.878,-6.082
-5.3354,9.2712,6.428
-9.2973,6.3798,6.028
-2.8683,13.063,6.303
-9.134,11.67,-5.905
-5.2145,9.2181,0.529
-13.253,9.0145,-0.246
-9.1877,11.333,-0.195
-9.5137,6.9172,0.423
-2.9518,13.12,0.351
-0.6463,0.2192,-3.04
5.1456,-5.9291,-3.045
5.6448,7.0463,-3.198
11.76,0.7559,-3.169
-5.5784,5.7764,3.313
0.61377,-0.57558,3.275
0.93904,12.333,3.31
7.1298,5.8626,3.207
6.1646,13.223,3.446
11.914,7.0788,3.21
-0.42144,6.8024,3.311
5.6533,0.84075,3.413
0.39527,5.6576,-3.035
6.4446,-0.41436,-3.153
6.9233,12.034,-2.855
13.074,6.0641,-3.072
-7.0562,2.8645,-6.14
-1.1816,-3.3467,-6.082
-0.70074,9.2977,-5.806
5.3054,3.4669,-6.074
0.67599,2.9882,6.423
6.8893,-2.9536,6.428
7.1093,9.6266,6.363
13.306,3.4061,6.358
-3.269,0.51831,6.395
2.9274,-5.8449,6.028
3.0137,7.2097,5.96
9.3564,0.83863,6.303
-3.0052,5.4292,-6.098
3.0908,-0.55508,-5.905
3.689,11.944,-6.107
9.6414,6.0564,-6.181
0.75802,3.0816,0.371
7.0103,-3.0066,0.529
7.2005,9.5933,0.546
13.459,3.5751,0.327
-7.1333,2.9076,-0.156
-1.0281,-3.2103,-0.246
-0.53245,9.3727,0.13
5.5232,3.2534,-0.15
-3.1148,5.3139,-0.353
3.037,-0.89166,-0.195
3.4811,11.716,0.021
9.7029,5.6682,-0.31
-3.2704,0.46033,0.647
2.711,-5.3075,0.423
3.1544,6.994,0.198
9.273,0.8952,0.351
11.578,-12.006,-3.04
6.6464,-6.4484,3.313
12.839,-12.8,3.275
13.164,0.1086,3.31
11.803,-5.4224,3.311
12.62,-6.5672,-3.035
5.1685,-9.3603,-6.14
11.524,-2.927,-5.806
12.901,-9.2365,6.423
8.9558,-11.706,6.395
9.2196,-6.7956,-6.098
12.983,-9.1432,0.371
5.0915,-9.3171,-0.156
11.692,-2.8521,0.13
9.11,-6.9108,-0.353
8.9544,-11.764,0.647
-12.871,12.444,9.8544
-7.0791,6.2957,9.8494
-0.46486,12.981,9.7254
-5.7802,11.81,9.7414
-13.406,8.878,6.8124
-9.134,11.67,6.9894
-5.2145,9.2181,13.423
-13.253,9.0145,12.648
-9.1877,11.333,12.699
-9.5137,6.9172,13.317
-2.9518,13.12,13.245
-0.6463,0.2192,9.8544
5.1456,-5.9291,9.8494
5.6448,7.0463,9.6964
11.76,0.7559,9.7254
0.39527,5.6576,9.8594
6.4446,-0.41437,9.7414
6.9233,12.034,10.039
13.074,6.0641,9.8224
-7.0562,2.8645,6.7544
-1.1816,-3.3467,6.8124
-0.70074,9.2977,7.0884
5.3054,3.4669,6.8204
-3.0052,5.4292,6.7964
3.0908,-0.55508,6.9894
3.689,11.944,6.7874
9.6414,6.0564,6.7134
0.75802,3.0816,13.265
7.0103,-3.0066,13.423
7.2005,9.5933,13.44
13.459,3.5751,13.221
-7.1333,2.9076,12.738
-1.0281,-3.2103,12.648
-0.53245,9.3727,13.024
5.5232,3.2534,12.744
-3.1148,5.3139,12.541
3.037,-0.89166,12.699
3.4811,11.716,12.915
9.7029,5.6682,12.584
-3.2704,0.46033,13.541
2.711,-5.3075,13.317
3.1544,6.994,13.092
9.273,0.8952,13.245
11.578,-12.006,9.8544
12.62,-6.5672,9.8594
5.1685,-9.3603,6.7544
11.524,-2.927,7.0884
9.2196,-6.7956,6.7964
12.983,-9.1432,13.265
5.0915,-9.3171,12.738
11.692,-2.8521,13.024
9.11,-6.9108,12.541
8.9544,-11.764,13.541
13.724,12.535,-9.6194
9.8416,13.629,-6.4994
12.082,9.9003,-13.14
9.8402,13.571,-12.247
12.464,13.33,-3.04
13.724,12.535,3.275
11.929,9.7638,-6.082
9.8416,13.629,6.395
12.082,9.9003,-0.246
9.8402,13.571,0.647
12.464,13.33,9.8544
11.929,9.7638,6.8124
12.082,9.9003,12.648
9.8402,13.571,13.541
0,0,0
-0.4377,-6.137,0.106
6.2126,0.14849,0.429
-6.2834,-0.26587,0.386
0.016971,-0.22627,6.314
-0.00070711,6.3548,0.196
0.016971,-0.22627,-6.5804
6.0154,-5.9687,0.166
-6.2232,-0.37265,-5.942
0.066468,6.2423,-6.022
6.2819,0.10889,-6.134
-6.2094,6.2561,0.166
6.5782,6.2515,0.127
6.2819,0.10889,6.7604
-0.29991,-6.6893,-6.3664
0.066468,6.2423,6.8724
-6.2232,-0.37265,6.9524
-0.29991,-6.6893,6.528
-6.5323,-6.859,0.127
-6.2883,5.9178,-6.062
5.9365,-6.307,-6.062
6.0182,6.6008,-6.3584
-6.2883,5.9178,6.8324
5.9365,-6.307,6.8324
6.0182,6.6008,6.536
-7.0924,-6.5097,-6.3584
-7.0924,-6.5097,6.536
-12.465,-0.4187,0.146
-0.24022,-12.643,0.146
0.64559,12.692,0.146
12.87,0.4671,0.146
1.1863e-15,1.4142e-06,-12.894
-1.1863e-15,-1.4142e-06,12.894
12.224,-5.87,0.196
-6.0121,12.373,0.429
0.41719,12.332,-6.131
5.9414,-12.491,0.386
6.2126,0.14849,-12.465
-6.2834,-0.26587,-12.508
-12.662,6.0878,0.106
12.642,0.10719,-6.131
0.41719,12.332,6.7634
-12.693,-0.77862,-6.131
-0.4377,-6.137,-12.788
-0.00070711,6.3548,-12.698
12.642,0.10719,6.7634
-0.4377,-6.137,13
-0.46861,-13.003,-6.131
-12.693,-0.77862,6.7634
12.673,6.9736,0.106
-0.00070711,6.3548,13.09
6.8272,12.845,0.386
-0.46861,-13.003,6.7634
-6.8979,-12.962,0.429
-6.2834,-0.26587,13.28
6.2126,0.14849,13.323
-13.111,-6.7558,0.196
12.291,-5.9824,-6.022
-5.9428,12.334,-6.134
-12.525,5.5354,-6.3664
6.0015,-12.597,-5.942
-12.525,5.5354,6.528
-5.9428,12.334,6.7604
6.0154,-5.9687,-12.728
12.291,-5.9824,6.8724
-6.2094,6.2561,-12.728
6.0154,-5.9687,13.06
6.0015,-12.597,6.9524
6.8873,12.738,-5.942
6.5782,6.2515,-12.767
12.811,6.4212,-6.3664
12.811,6.4212,6.528
-6.2094,6.2561,13.06
6.5782,6.2515,13.021
-6.5323,-6.859,-12.767
-6.8286,-13.002,-6.134
-13.044,-6.8682,-6.022
6.8873,12.738,6.9524
-6.5323,-6.859,13.021
-6.8286,-13.002,6.7604
-13.044,-6.8682,6.8724
-12.225,12.225,-1.0586e-15
12.225,-12.225,1.0586e-15
-12.465,-0.4187,-12.748
-0.24022,-12.643,-12.748
0.64559,12.692,-12.748
-12.465,-0.4187,13.04
12.87,0.46711,-12.748
-0.24022,-12.643,13.04
0.64559,12.692,13.04
-12.208,11.998,6.314
12.87,0.4671,13.04
-12.208,11.998,-6.5804
-13.111,-13.111,0
13.111,13.111,0
-6.0121,12.373,-12.465
12.242,-12.451,6.314
12.224,-5.87,-12.698
5.9414,-12.491,-12.508
12.242,-12.451,-6.5804
12.224,-5.87,13.09
-12.662,6.0878,-12.788
-12.662,6.0878,13
-6.0121,12.373,13.323
5.9414,-12.491,13.28
6.8272,12.845,-12.508
-6.8979,-12.962,-12.465
12.673,6.9736,-12.788
13.128,12.884,6.314
12.673,6.9736,13
-13.111,-6.7558,-12.698
13.128,12.884,-6.5804
6.8272,12.845,13.28
-13.111,-6.7558,13.09
-13.094,-13.337,6.314
-13.094,-13.337,-6.5804
-6.8979,-12.962,13.323
12.225,-12.225,-12.894
-12.225,12.225,12.894
-12.225,12.225,-12.894
12.225,-12.225,12.894
-13.111,-13.111,-12.894
13.111,13.111,12.894
-13.111,-13.111,12.894
13.111,13.111,-12.894
