-9.826,-3.9373,-9.8324
-10.301,-10.415,-10.033
-3.7609,-9.9982,-9.7064
-9.826,-3.9373,3.062
-9.2321,-9.4046,-3.568
-10.301,-10.415,2.861
-3.7609,-9.9982,3.188
-9.2321,-9.4046,9.3264
-9.2475,8.7695,-9.9684
-3.4288,2.6113,-9.9514
3.2845,9.1733,-9.8324
-9.8274,2.7238,-9.5374
-3.817,-3.6204,-9.7204
-2.9812,8.9025,-10.032
2.81,2.6955,-10.033
2.9772,-3.4552,-9.9684
8.796,-9.6134,-9.9514
9.3497,3.1124,-9.7064
2.3974,-9.501,-9.5374
9.2436,-3.3223,-10.032
-9.0788,9.5752,-3.123
-9.2475,8.7695,2.926
-3.4288,2.6113,2.943
3.2845,9.1733,3.062
-9.0623,-3.5582,-3.548
-2.5802,3.3708,-3.299
3.1459,-2.6495,-3.123
-8.8332,3.223,-3.389
-2.88,-2.9932,-3.2
-2.0336,9.6775,-3.557
3.8785,3.7059,-3.568
-9.8274,2.7238,3.357
-3.817,-3.6204,3.174
-2.9812,8.9025,2.862
2.81,2.6955,2.861
2.9772,-3.4552,2.926
8.796,-9.6134,2.943
9.3497,3.1124,3.188
-2.8762,-9.3497,-3.364
9.6445,-8.854,-3.299
3.3916,-9.0018,-3.389
10.191,-2.5473,-3.557
2.3974,-9.501,3.357
9.2436,-3.3223,2.862
-9.0788,9.5752,9.7714
-9.0623,-3.5582,9.3464
-2.5802,3.3708,9.5954
3.1459,-2.6495,9.7714
-8.8332,3.223,9.5054
-2.88,-2.9932,9.6944
-2.0336,9.6775,9.3374
3.8785,3.7059,9.3264
-2.8762,-9.3497,9.5304
9.6445,-8.854,9.5954
3.3916,-9.0018,9.5054
10.191,-2.5473,9.3374
9.2936,9.4902,-9.7204
4.0483,9.5524,-3.548
10.231,10.117,-3.2
9.2936,9.4902,3.174
10.234,3.7609,-3.364
4.0483,9.5524,9.3464
10.231,10.117,9.6944
10.234,3.7609,9.5304
-8.8658,-10.004,-9.9344
-9.8678,-4.8204,-3.543
-8.8658,-10.004,2.96
-10.562,-10.07,-3.413
-3.3925,-10.753,-3.298
-9.8678,-4.8204,9.3514
-10.562,-10.07,9.4814
-3.3925,-10.753,9.5964
-8.453,10.006,-9.6814
-9.1896,-2.6064,-10.084
-3.0985,-8.655,-9.6634
-2.827,3.964,-9.7684
3.7717,-2.2189,-9.6814
-8.4259,3.1678,-9.8194
-2.4473,-3.0087,-9.7444
-1.7006,9.664,-9.9384
4.2448,3.1063,-9.9344
9.3977,-8.2607,-9.7684
3.7989,-9.0569,-9.8194
10.524,-2.5607,-9.9384
-8.453,10.006,3.213
-9.5898,8.2024,-3.426
-3.1431,1.9905,-3.45
3.2428,8.2901,-3.543
-9.1896,-2.6064,2.81
-3.0985,-8.655,3.231
-2.827,3.964,3.126
3.7717,-2.2189,3.213
-8.4259,3.1678,3.075
-2.4473,-3.0087,3.15
-1.7006,9.664,2.956
4.2448,3.1063,2.96
-10.177,2.5682,-3.37
-4.3346,-3.3418,-3.275
-3.346,8.9619,-3.554
2.5484,3.0406,-3.413
2.635,-4.0223,-3.426
9.0817,-10.234,-3.45
9.7181,2.3579,-3.298
9.3977,-8.2607,3.126
3.7989,-9.0569,3.075
10.524,-2.5607,2.956
2.0481,-9.6565,-3.37
8.8787,-3.2629,-3.554
-9.5898,8.2024,9.4684
-3.1431,1.9905,9.4444
3.2428,8.2901,9.3514
-10.177,2.5682,9.5244
-4.3346,-3.3418,9.6194
-3.346,8.9619,9.3404
2.5484,3.0406,9.4814
2.635,-4.0223,9.4684
9.0817,-10.234,9.4444
9.7181,2.3579,9.5964
2.0481,-9.6565,9.5244
8.8787,-3.2629,9.3404
3.921,10.504,-10.084
10.012,4.4556,-9.6634
10.663,10.102,-9.7444
3.921,10.504,2.81
10.012,4.4556,3.231
10.663,10.102,3.15
8.776,9.7688,-3.275
8.776,9.7688,9.6194
-12.049,-7.0259,-9.9744
-13.147,0.025363,-9.8794
-13.548,-12.396,-9.8204
-12.012,-3.5979,-6.8714
-5.8868,-9.6712,-6.8004
-9.7659,-12.183,-6.9724
-9.7582,-7.7585,-6.6034
-11.906,-3.5908,-12.758
-5.9447,-9.9385,-12.669
-13.504,-9.8798,-13.206
-9.5687,-7.4954,-13.506
-9.959,-12.492,-12.951
-5.7436,-13.449,-9.8594
-0.92187,-12.199,-9.8794
-3.5021,-13.749,-13.534
-13.476,-6.4348,-3.633
-7.3597,-12.483,-3.378
-12.049,-7.0259,2.92
-13.147,0.025362,3.015
-13.548,-12.396,3.074
-12.749,-13.565,-3.355
-11.92,-1.2467,-3.362
-5.8606,-7.2395,-3.396
-13.73,-9.9597,-6.212
-12.012,-3.5979,6.023
-5.8868,-9.6712,6.094
-9.7659,-12.183,5.922
-9.7582,-7.7585,6.291
-11.906,-3.5908,0.136
-5.9447,-9.9385,0.225
-13.504,-9.8798,-0.312
-9.5687,-7.4954,-0.612
-9.959,-12.492,-0.057
-5.7436,-13.449,3.035
-0.92187,-12.199,3.015
0.30496,-13.471,-3.362
-3.4229,-13.641,-6.29
-3.5021,-13.749,-0.64
-13.476,-6.4348,9.2614
-7.3597,-12.483,9.5164
-12.749,-13.565,9.5394
-11.92,-1.2467,9.5324
-5.8606,-7.2395,9.4984
-13.73,-9.9597,6.6824
-11.906,-3.5908,13.03
-5.9447,-9.9385,13.119
-13.504,-9.8798,12.582
-9.5687,-7.4954,12.282
-9.959,-12.492,12.837
0.30496,-13.471,9.5324
-3.4229,-13.641,6.6044
-3.5021,-13.749,12.254
-12.662,12.939,-9.8204
-11.473,9.011,-7.0154
-8.8801,13.152,-6.9724
-11.339,9.064,-12.732
-9.0732,12.843,-12.951
-11.774,5.7679,-9.8574
-5.6151,-0.39669,-9.7134
-4.8578,11.886,-9.8594
1.0614,6.0847,-9.9744
-0.036062,13.136,-9.8794
-6.7621,-6.0055,-9.7184
-6.1646,6.726,-9.8704
-0.43699,0.71418,-9.8204
-5.3217,2.902,-6.7694
0.75165,-3.2138,-7.0154
1.0981,9.5127,-6.8714
7.2238,3.4394,-6.8004
-9.4844,0.23405,-6.9904
-3.4365,-5.7785,-6.7554
-3.0292,6.9735,-6.9584
3.3446,0.92773,-6.9724
3.3524,5.3521,-6.6034
-5.4992,2.8461,-12.852
0.8853,-3.1608,-12.732
1.2042,9.5198,-12.758
7.1658,3.1721,-12.669
-13.273,2.7089,-13.208
-7.1708,-3.5942,-13.355
-6.7048,9.1457,-13.437
-0.39386,3.2308,-13.206
-9.1691,5.2616,-13.466
-3.1445,-0.90297,-13.201
-2.6163,11.587,-13.534
3.5419,5.6151,-13.506
-9.5749,0.53811,-12.547
-3.3107,-5.7714,-12.72
-2.9161,6.7557,-12.921
3.1516,0.61872,-12.951
0.45072,-6.4569,-9.8574
6.6096,-12.621,-9.7134
7.3669,-0.33829,-9.8594
13.286,-6.1401,-9.9744
12.189,0.91117,-9.8794
6.0602,-5.4988,-9.8704
11.788,-11.511,-9.8204
6.9031,-9.3228,-6.7694
13.323,-2.712,-6.8714
2.7403,-11.991,-6.9904
9.1955,-5.2513,-6.9584
6.7256,-9.3786,-12.852
13.429,-2.705,-12.758
-1.0483,-9.5158,-13.208
5.52,-3.079,-13.437
11.831,-8.994,-13.206
3.0557,-6.9632,-13.466
9.0803,-13.128,-13.201
9.6085,-0.6381,-13.534
2.6498,-11.687,-12.547
9.3086,-5.4691,-12.921
-13.138,6.1373,-3.265
-6.4739,12.852,-3.378
-12.662,12.939,3.074
-11.863,11.77,-3.355
-11.473,9.011,5.879
-8.8801,13.152,5.922
-11.339,9.064,0.162
-9.0732,12.843,-0.057
-7.3186,0.039598,-3.252
-0.91287,-6.0875,-3.265
-0.36557,6.6758,-3.633
5.7509,0.6272,-3.378
-11.774,5.7679,3.037
-5.6151,-0.39669,3.181
-4.8578,11.886,3.035
1.0614,6.0847,2.92
-0.036062,13.136,3.015
-6.7621,-6.0055,3.176
-6.1646,6.726,3.024
-0.43699,0.71418,3.074
-5.6399,5.3698,-3.391
0.36133,-0.45467,-3.355
1.1908,11.864,-3.362
7.25,5.8711,-3.396
-13.045,2.704,-6.38
-7.1679,-3.4231,-6.574
-6.8406,9.2447,-6.037
-0.61943,3.1509,-6.212
-5.3217,2.902,6.125
0.75165,-3.2138,5.879
1.0981,9.5127,6.023
7.2238,3.4394,6.094
-9.4844,0.23405,5.904
-3.4365,-5.7785,6.139
-3.0292,6.9735,5.936
3.3446,0.92772,5.922
-9.3423,5.1265,-6.313
-3.0469,-0.93126,-6.197
-2.5371,11.694,-6.29
3.3524,5.3521,6.291
-5.4992,2.8461,0.042
0.8853,-3.1608,0.162
1.2042,9.5198,0.136
7.1658,3.1721,0.225
-13.273,2.7089,-0.314
-7.1708,-3.5942,-0.461
-6.7048,9.1457,-0.543
-0.39386,3.2308,-0.312
-9.1691,5.2616,-0.572
-3.1445,-0.90298,-0.307
-2.6163,11.587,-0.64
3.5419,5.6151,-0.612
-9.5749,0.53811,0.347
-3.3107,-5.7714,0.174
-2.9161,6.7557,-0.027
3.1516,0.61872,-0.057
4.9062,-12.185,-3.252
11.859,-5.549,-3.633
0.45072,-6.4569,3.037
6.6096,-12.621,3.181
7.3669,-0.33829,3.035
13.286,-6.1401,2.92
12.189,0.91117,3.015
6.0602,-5.4988,3.024
11.788,-11.511,3.074
6.5849,-6.855,-3.391
12.586,-12.679,-3.355
13.416,-0.36092,-3.362
-0.81995,-9.5208,-6.38
5.3842,-2.98,-6.037
11.605,-9.0739,-6.212
6.9031,-9.3228,6.125
13.323,-2.712,6.023
2.7403,-11.991,5.904
9.1955,-5.2513,5.936
2.8825,-7.0982,-6.313
9.1778,-13.156,-6.197
9.6877,-0.53062,-6.29
6.7256,-9.3787,0.042
13.429,-2.705,0.136
-1.0483,-9.5158,-0.314
5.52,-3.079,-0.543
11.831,-8.994,-0.312
3.0557,-6.9632,-0.572
9.0803,-13.128,-0.307
9.6085,-0.6381,-0.64
2.6498,-11.687,0.347
9.3086,-5.4691,-0.027
-13.138,6.1373,9.6294
-6.4739,12.852,9.5164
-11.863,11.77,9.5394
-11.339,9.064,13.056
-9.0732,12.843,12.837
-7.3186,0.039597,9.6424
-0.91287,-6.0875,9.6294
-0.36557,6.6758,9.2614
5.7509,0.6272,9.5164
-5.6399,5.3698,9.5034
0.36133,-0.45467,9.5394
1.1908,11.864,9.5324
7.25,5.8711,9.4984
-13.045,2.704,6.5144
-7.1679,-3.4231,6.3204
-6.8406,9.2447,6.8574
-0.61943,3.1509,6.6824
-9.3423,5.1265,6.5814
-3.0469,-0.93126,6.6974
-2.5371,11.694,6.6044
-5.4992,2.8461,12.936
0.8853,-3.1608,13.056
1.2042,9.5198,13.03
7.1658,3.1721,13.119
-13.273,2.7089,12.58
-7.1708,-3.5942,12.433
-6.7048,9.1457,12.351
-0.39386,3.2308,12.582
-9.1691,5.2616,12.322
-3.1445,-0.90298,12.587
-2.6163,11.587,12.254
3.5419,5.6151,12.282
-9.5749,0.53811,13.241
-3.3107,-5.7714,13.068
-2.9161,6.7557,12.867
3.1516,0.61872,12.837
4.9062,-12.185,9.6424
11.859,-5.549,9.2614
6.5849,-6.855,9.5034
12.586,-12.679,9.5394
13.416,-0.36092,9.5324
-0.81995,-9.5208,6.5144
5.3842,-2.98,6.8574
11.605,-9.0739,6.6824
2.8825,-7.0982,6.5814
9.1778,-13.156,6.6974
9.6877,-0.53062,6.6044
6.7256,-9.3787,12.936
13.429,-2.705,13.03
-1.0483,-9.5158,12.58
5.52,-3.079,12.351
11.831,-8.994,12.582
3.0557,-6.9632,12.322
9.0803,-13.128,12.587
9.6085,-0.63811,12.254
2.6498,-11.687,13.241
9.3086,-5.4691,12.867
7.4954,12.714,-9.7134
6.3485,7.1051,-9.7184
12.674,13.825,-9.8204
13.862,9.8968,-7.0154
3.6261,13.345,-6.9904
9.674,7.3321,-6.7554
13.996,9.9498,-12.732
5.9398,9.5163,-13.355
9.9661,12.208,-13.201
3.5356,13.649,-12.547
9.7999,7.3392,-12.72
13.561,6.6537,-9.8574
12.062,3.5947,-13.208
5.792,13.15,-3.252
12.198,7.0231,-3.265
7.4954,12.714,3.181
6.3485,7.1051,3.176
12.674,13.825,3.074
13.472,12.656,-3.355
5.9426,9.6875,-6.574
13.862,9.8968,5.879
3.6261,13.345,5.904
9.674,7.3321,6.139
10.064,12.179,-6.197
13.996,9.9498,0.162
5.9398,9.5163,-0.461
9.9661,12.208,-0.307
3.5356,13.649,0.347
9.7999,7.3392,0.174
13.561,6.6537,3.037
12.291,3.5898,-6.38
12.062,3.5947,-0.314
5.792,13.15,9.6424
12.198,7.0231,9.6294
13.472,12.656,9.5394
5.9426,9.6875,6.3204
10.064,12.179,6.6974
13.996,9.9498,13.056
5.9398,9.5163,12.433
9.9661,12.208,12.587
3.5356,13.649,13.241
9.7999,7.3392,13.068
12.291,3.5898,6.5144
12.062,3.5947,12.58
0,0,0
-0.14991,-6.3003,-0.107
0.34224,6.405,-0.007
-6.4014,-0.25527,-0.433
0.31113,-0.063641,6.4274
0.31113,-0.06364,-6.467
6.6308,0.054154,0.058
-6.1292,6.0161,-0.046
-6.0967,-0.19658,6.148
6.0956,-6.2087,-0.046
0.091217,6.2063,6.3244
-0.3585,-6.2657,6.3784
0.091217,6.2063,-6.57
-0.3585,-6.2657,-6.516
6.4512,0.20265,-6.36
-6.0967,-0.19657,-6.7464
6.4512,0.20264,6.5344
6.6935,6.3187,-0.421
-6.4171,-6.7919,-0.421
-6.1766,6.0309,-6.435
-6.1766,6.0309,6.4594
6.0482,-6.1938,-6.435
6.0482,-6.1938,6.4594
6.3682,6.5153,6.164
-6.7424,-6.5953,6.164
6.3682,6.5153,-6.7304
-6.7424,-6.5953,-6.7304
-0.37023,-12.55,-0.086
-12.595,-0.32527,-0.086
12.74,0.56054,-0.086
0.51557,12.785,-0.086
5.583e-16,1.4142e-06,-12.894
-5.583e-16,-1.4142e-06,12.894
-5.5939,12.279,0.058
-12.375,5.9244,-0.107
5.8233,-12.48,-0.433
12.567,-5.8198,-0.007
-12.396,-0.52538,-6.42
-12.396,-0.52538,6.4744
-6.4014,-0.25527,12.461
0.71427,12.585,-6.42
0.71427,12.585,6.4744
-0.14991,-6.3003,12.787
-0.17153,-12.75,-6.42
-0.17153,-12.75,6.4744
0.34224,6.405,12.887
0.34224,6.405,-12.901
-12.768,-6.7056,-0.007
6.6308,0.054155,-12.836
-0.14991,-6.3003,-13.001
12.939,0.36043,-6.42
12.939,0.36042,6.4744
6.7091,12.855,-0.433
6.6308,0.054152,12.952
-6.4797,-13.056,0.058
12.961,6.8102,-0.107
-6.4014,-0.25526,-13.327
12.316,-6.0185,6.3244
-5.7735,12.427,-6.36
6.1281,-12.421,6.148
-5.7735,12.427,6.5344
12.316,-6.0185,-6.57
-12.583,5.9591,6.3784
-12.583,5.9591,-6.516
6.1281,-12.421,-6.7464
-6.1292,6.0161,12.848
6.6935,6.3187,12.473
6.0956,-6.2087,12.848
-6.1292,6.0161,-12.94
-6.4171,-6.7919,12.473
6.0956,-6.2087,-12.94
12.752,6.8449,6.3784
-6.6593,-12.908,-6.36
12.752,6.8449,-6.516
-6.6593,-12.908,6.5344
7.0139,12.914,6.148
-13.019,-6.9043,6.3244
-13.019,-6.9043,-6.57
7.0139,12.914,-6.7464
6.6935,6.3187,-13.315
-6.4171,-6.7919,-13.315
-12.225,12.225,-1.0586e-15
12.225,-12.225,1.0586e-15
-0.37023,-12.55,12.808
-12.595,-0.32527,12.808
-0.37023,-12.55,-12.98
12.74,0.56053,12.808
-12.595,-0.32527,-12.98
0.51557,12.785,12.808
12.74,0.56054,-12.98
-11.914,12.161,6.4274
-11.914,12.161,-6.467
0.51557,12.785,-12.98
13.111,13.111,0
-13.111,-13.111,0
5.8233,-12.48,12.461
-5.5939,12.279,-12.836
12.536,-12.288,6.4274
-5.5939,12.279,12.952
12.536,-12.288,-6.467
-12.375,5.9244,12.787
-12.375,5.9244,-13.001
12.567,-5.8198,12.887
12.567,-5.8198,-12.901
6.7091,12.855,12.461
5.8233,-12.48,-13.327
-12.768,-6.7056,12.887
-12.768,-6.7056,-12.901
-6.4797,-13.056,-12.836
12.961,6.8102,12.787
-12.799,-13.174,6.4274
-12.799,-13.174,-6.467
-6.4797,-13.056,12.952
12.961,6.8102,-13.001
6.7091,12.855,-13.327
13.422,13.047,6.4274
13.422,13.047,-6.467
12.225,-12.225,-12.894
-12.225,12.225,12.894
-12.225,12.225,-12.894
12.225,-12.225,12.894
-13.111,-13.111,-12.894
13.111,13.111,12.894
-13.111,-13.111,12.894
13.111,13.111,-12.894
