-9.5153,-9.8717,-8.5952
-8.8081,1.8352,-8.5812
-3.56,-3.7043,-8.5012
-9.3569,-3.8019,-8.9092
-3.9998,-9.231,-8.4112
2.0287,-9.0016,-8.5812
-9.5153,-9.8717,2.973
-8.8081,1.8352,2.987
-3.56,-3.7043,3.067
-8.3301,-8.5451,-2.632
-8.1604,-3.0764,-2.567
-2.6344,-8.188,-3.109
-9.3569,-3.8019,2.659
-3.9998,-9.231,3.157
2.0287,-9.0016,2.987
-8.3301,-8.5451,8.9362
-8.1604,-3.0764,9.0012
-2.6344,-8.188,8.4592
-8.8774,7.9568,-8.6852
-2.7344,7.6771,-8.5942
2.5611,2.2048,-8.5952
8.5164,8.3721,-8.5012
-3.3008,1.7961,-8.5282
1.9594,-2.88,-8.6852
2.7195,8.2746,-8.9092
8.0766,2.8454,-8.4112
8.1024,-3.1598,-8.5942
7.536,-9.0408,-8.5282
-7.9398,2.8006,-2.907
-1.9294,9.1221,-2.845
-7.319,8.1477,-2.117
-8.8774,7.9568,2.883
-2.7344,7.6771,2.974
2.5611,2.2048,2.973
8.5164,8.3721,3.067
-2.3886,-2.571,-2.883
2.897,-8.0363,-2.907
3.7463,3.5313,-2.632
8.9074,-1.7147,-2.845
-2.2224,3.2209,-2.82
3.5179,-2.6891,-2.117
3.916,9.0001,-2.567
9.442,3.8884,-3.109
-3.3008,1.7961,3.04
1.9594,-2.88,2.883
2.7195,8.2746,2.659
8.0766,2.8454,3.157
8.1024,-3.1598,2.974
8.6144,-7.616,-2.82
7.536,-9.0408,3.04
-7.9398,2.8006,8.6612
-1.9294,9.1221,8.7232
-7.319,8.1477,9.4512
-2.3886,-2.571,8.6852
2.897,-8.0363,8.6612
3.7463,3.5313,8.9362
8.9074,-1.7147,8.7232
-2.2224,3.2209,8.7482
3.5179,-2.6891,9.4512
3.916,9.0001,9.0012
9.442,3.8884,8.4592
8.6144,-7.616,8.7482
9.6878,9.5054,-2.883
9.6878,9.5054,8.6852
-8.951,-8.4956,-8.7422
-8.1039,-3.28,-8.2822
-2.6492,-8.6837,-8.7492
-9.115,-9.8222,-2.568
-8.5076,1.471,-2.562
-2.9964,-3.9341,-2.941
-8.951,-8.4956,2.826
-8.1039,-3.28,3.286
-2.6492,-8.6837,2.819
-9.3661,-3.8902,-2.876
-3.84,-9.0429,-2.84
2.3292,-9.3658,-2.562
-9.115,-9.8222,9.0002
-8.5076,1.471,9.0062
-2.9964,-3.9341,8.6272
-9.3661,-3.8902,8.6922
-3.84,-9.0429,8.7282
2.3292,-9.3658,9.0062
-8.2891,3.2347,-8.6412
-1.9075,8.9277,-8.6792
-7.5028,8.5479,-8.5972
-2.6665,-2.5081,-8.5332
2.5477,-7.6021,-8.6412
3.1254,3.5808,-8.7422
8.9293,-1.9092,-8.6792
-1.9877,2.501,-8.3382
3.334,-2.2889,-8.5972
3.9725,8.7964,-8.2822
9.4271,3.3927,-8.7492
8.8491,-8.3358,-8.3382
-8.2891,3.2347,2.927
-1.9075,8.9277,2.889
-7.5028,8.5479,2.971
-8.4567,7.9023,-3.046
-2.3101,7.6926,-3.153
2.9614,2.2543,-2.568
9.08,8.1423,-2.941
-2.6665,-2.5081,3.035
2.5477,-7.6021,2.927
3.1254,3.5808,2.826
8.9293,-1.9092,2.889
-1.9877,2.501,3.23
3.334,-2.2889,2.971
3.9725,8.7964,3.286
9.4271,3.3927,2.819
-3.5391,2.5279,-2.746
2.3801,-2.9345,-3.046
2.7103,8.1862,-2.876
8.2364,3.0335,-2.84
8.5267,-3.1442,-3.153
8.8491,-8.3358,3.23
7.2977,-8.3089,-2.746
-8.4567,7.9023,8.5222
-2.3101,7.6926,8.4152
2.9614,2.2543,9.0002
9.08,8.1423,8.6272
-3.5391,2.5279,8.8222
2.3801,-2.9345,8.5222
2.7103,8.1862,8.6922
8.2364,3.0335,8.7282
8.5267,-3.1442,8.4152
7.2977,-8.3089,8.8222
9.4099,9.5683,-8.5332
9.4099,9.5683,3.035
-11.59,5.1392,-8.7792
-10.745,2.1284,-5.9662
-10.755,2.1185,-11.358
-11.941,-12.549,-8.5182
-10.703,-0.90695,-8.5832
-5.5745,-6.5178,-8.8792
-0.75349,-5.6976,-8.7792
-12.107,-5.897,-8.7492
-6.6967,-11.403,-8.8482
-11.333,-9.3328,-6.0092
-5.6205,-3.437,-5.7672
0.092205,-8.7085,-5.9662
-9.0217,-5.8822,-6.1642
-3.6116,-11.315,-6.0172
-11.497,-9.2911,-11.012
-5.3419,-3.1994,-11.125
0.082306,-8.7184,-11.358
-11.858,-3.6866,-11.778
-6.3948,-8.9729,-11.685
-9.1299,-12.432,-11.566
-8.4864,-1.2683,-11.591
-2.9314,-6.1431,-12.065
-8.9192,-5.9154,-11.444
-3.4681,-11.144,-11.123
0.13362,-11.744,-8.5832
2.3504,-12.105,-11.591
-11.906,-0.12517,-2.861
-11.59,5.1392,2.789
-10.745,2.1284,5.602
-10.755,2.1185,0.21
-12.474,-11.497,-2.801
-6.3651,-5.7669,-3.07
-1.0696,-10.962,-2.861
-11.941,-12.549,3.05
-10.703,-0.90695,2.985
-5.5745,-6.5178,2.689
-0.75349,-5.6976,2.789
-12.107,-5.897,2.819
-6.6967,-11.403,2.72
-11.352,-6.899,-2.807
-6.2216,-12.578,-2.831
-5.2832,-1.0038,-2.865
-12.131,-3.5268,-5.447
-6.6656,-9.0995,-5.219
-11.333,-9.3328,5.559
-5.6205,-3.437,5.801
0.092205,-8.7085,5.602
-9.0217,-5.8822,5.404
-3.6116,-11.315,5.551
-9.1652,-12.367,-5.392
-8.7127,-1.1354,-5.116
-3.1626,-6.2951,-5.523
-11.497,-9.2911,0.556
-5.3419,-3.1994,0.443
0.082306,-8.7184,0.21
-11.858,-3.6866,-0.21
-6.3948,-8.9729,-0.117
-9.1299,-12.432,0.002
-8.4864,-1.2683,-0.023
-2.9314,-6.1431,-0.497
-8.9192,-5.9154,0.124
-3.4681,-11.144,0.445
0.13362,-11.744,2.985
5.5536,-11.841,-2.865
2.1241,-11.972,-5.116
2.3504,-12.105,-0.023
-11.906,-0.12517,8.7072
-10.755,2.1185,11.778
-12.474,-11.497,8.7672
-6.3651,-5.7669,8.4982
-1.0696,-10.962,8.7072
-11.352,-6.899,8.7612
-6.2216,-12.578,8.7372
-5.2832,-1.0038,8.7032
-12.131,-3.5268,6.1212
-6.6656,-9.0995,6.3492
-9.1652,-12.367,6.1762
-8.7127,-1.1354,6.4522
-3.1626,-6.2951,6.0452
-11.497,-9.2911,12.124
-5.3419,-3.1994,12.011
0.082306,-8.7184,11.778
-11.858,-3.6866,11.358
-6.3948,-8.9729,11.451
-9.1299,-12.432,11.57
-8.4864,-1.2683,11.545
-2.9314,-6.1431,11.071
-8.9192,-5.9154,11.692
-3.4681,-11.144,12.013
5.5536,-11.841,8.7032
2.1241,-11.972,6.4522
2.3504,-12.105,11.545
-10.702,10.364,-8.5182
-5.4571,11.51,-8.8482
-4.7988,7.9794,-6.0862
-8.299,5.7789,-5.8782
-2.372,11.598,-6.0172
-4.446,8.1074,-11.19
-11.335,8.0897,-11.853
-7.8903,10.481,-11.566
-8.0098,5.9776,-11.127
-2.2285,11.769,-11.123
-4.971,4.896,-8.4652
0.13506,-0.47305,-8.5182
1.3732,11.169,-8.5832
6.5018,5.5586,-8.8792
-6.1589,0.13152,-8.6132
11.323,6.3788,-8.7792
-0.030406,6.1794,-8.7492
5.3797,0.67317,-8.8482
0.74388,2.7436,-6.0092
6.038,-2.8574,-6.0862
6.4559,8.6394,-5.7672
12.169,3.3679,-5.9662
-2.9988,-0.1096,-5.9742
2.5378,-5.0579,-5.8782
3.0547,6.1943,-6.1642
8.4648,0.76155,-6.0172
0.57912,2.7853,-11.012
6.3908,-2.7294,-11.19
6.7345,8.877,-11.125
12.159,3.3581,-11.358
-6.0274,2.5951,-11.56
-0.49851,-2.7471,-11.853
0.2185,8.3898,-11.778
5.6816,3.1035,-11.685
-2.431,5.1534,-11.976
2.9465,-0.35567,-11.566
3.59,10.808,-11.591
9.145,5.9333,-12.065
-2.7471,0.012021,-11.218
2.827,-4.8592,-11.127
3.1572,6.161,-11.444
8.6083,0.93197,-11.123
5.8659,-5.9408,-8.4652
10.972,-11.31,-8.5182
12.21,0.33262,-8.5832
4.6779,-10.705,-8.6132
10.806,-4.6574,-8.7492
11.581,-8.0933,-6.0092
7.838,-10.946,-5.9742
11.416,-8.0515,-11.012
4.8094,-8.2418,-11.56
11.055,-2.447,-11.778
8.4058,-5.6834,-11.976
8.0897,-10.825,-11.218
-11.235,11.416,-2.801
-5.8043,5.4678,-2.747
0.17001,11.951,-2.861
-10.702,10.364,3.05
-5.4571,11.51,2.72
-4.982,10.335,-2.831
-10.541,4.4927,-2.863
-11.16,7.9243,-5.39
-4.7988,7.9794,5.482
-8.299,5.7789,5.69
-2.372,11.598,5.551
-7.9257,10.546,-5.392
-4.446,8.1074,0.378
-11.335,8.0897,-0.285
-7.8903,10.481,0.002
-8.0098,5.9776,0.441
-2.2285,11.769,0.445
-0.3981,0.57912,-2.801
5.0325,-5.3691,-2.747
5.7113,6.3095,-3.07
11.007,1.1144,-2.861
-4.971,4.896,3.103
0.13506,-0.47305,3.05
1.3732,11.169,2.985
6.5018,5.5586,2.689
-6.1589,0.13152,2.955
11.323,6.3788,2.789
-0.030406,6.1794,2.819
5.3797,0.67317,2.72
0.72408,5.1774,-2.807
5.8548,-0.50205,-2.831
6.7932,11.073,-2.865
0.29557,-6.3442,-2.863
-6.0684,2.366,-5.533
-0.32315,-2.9126,-5.39
-0.054447,8.5496,-5.447
5.4108,2.9769,-5.219
0.74388,2.7436,5.559
6.038,-2.8574,5.482
6.4559,8.6394,5.801
12.169,3.3679,5.602
-2.9988,-0.1096,5.594
2.5378,-5.0579,5.69
3.0547,6.1943,5.404
8.4648,0.76155,5.551
-2.5385,4.7673,-5.553
2.9112,-0.29062,-5.392
3.3637,10.941,-5.116
8.9138,5.7813,-5.523
0.57912,2.7853,0.556
6.3908,-2.7294,0.378
6.7345,8.877,0.443
12.159,3.3581,0.21
-6.0274,2.5951,0.008
-0.49851,-2.7471,-0.285
0.2185,8.3898,-0.21
5.6816,3.1035,-0.117
-2.431,5.1534,-0.408
2.9465,-0.35567,0.002
3.59,10.808,-0.023
9.145,5.9333,-0.497
-2.7471,0.012021,0.35
2.827,-4.8592,0.441
3.1572,6.161,0.124
8.6083,0.93197,0.445
10.439,-10.258,-2.801
5.8659,-5.9408,3.103
10.972,-11.31,3.05
12.21,0.33262,2.985
4.6779,-10.705,2.955
10.806,-4.6574,2.819
11.561,-5.6594,-2.807
4.7684,-8.4709,-5.533
10.782,-2.2872,-5.447
11.581,-8.0933,5.559
7.838,-10.946,5.594
8.2983,-6.0695,-5.553
11.416,-8.0515,0.556
4.8094,-8.2418,0.008
11.055,-2.447,-0.21
8.4058,-5.6834,-0.408
8.0897,-10.825,0.35
-11.235,11.416,8.7672
-5.8043,5.4678,8.8212
0.17001,11.951,8.7072
-4.982,10.335,8.7372
-10.541,4.4927,8.7052
-11.16,7.9243,6.1782
-7.9257,10.546,6.1762
-4.446,8.1074,11.946
-11.335,8.0897,11.283
-7.8903,10.481,11.57
-8.0098,5.9776,12.009
-2.2285,11.769,12.013
-0.3981,0.57912,8.7672
5.0325,-5.3691,8.8212
5.7113,6.3095,8.4982
11.007,1.1144,8.7072
0.72408,5.1774,8.7612
5.8548,-0.50205,8.7372
6.7932,11.073,8.7032
0.29557,-6.3442,8.7052
-6.0684,2.366,6.0352
-0.32315,-2.9126,6.1782
-0.054447,8.5496,6.1212
5.4108,2.9769,6.3492
-2.5385,4.7673,6.0152
2.9112,-0.29062,6.1762
3.3637,10.941,6.4522
8.9138,5.7813,6.0452
0.57912,2.7853,12.124
6.3908,-2.7294,11.946
6.7345,8.877,12.011
12.159,3.3581,11.778
-6.0274,2.5951,11.576
-0.49851,-2.7471,11.283
0.2185,8.3898,11.358
5.6816,3.1035,11.451
-2.431,5.1534,11.16
2.9465,-0.35567,11.57
3.59,10.808,11.545
9.145,5.9333,11.071
-2.7471,0.012021,11.918
2.827,-4.8592,12.009
3.1572,6.161,11.692
8.6083,0.93197,12.013
10.439,-10.258,8.7672
11.561,-5.6594,8.7612
4.7684,-8.4709,6.0352
10.782,-2.2872,6.1212
8.2983,-6.0695,6.0152
11.416,-8.0515,12.124
4.8094,-8.2418,11.576
11.055,-2.447,11.358
8.4058,-5.6834,11.16
8.0897,-10.825,11.918
12.211,11.603,-8.5182
5.9175,12.208,-8.6132
9.0776,11.967,-5.9742
11.578,9.3293,-11.853
9.3293,12.088,-11.218
11.678,12.656,-2.801
12.211,11.603,3.05
5.9175,12.208,2.955
12.372,5.7323,-2.863
11.753,9.1638,-5.39
9.0776,11.967,5.594
11.578,9.3293,-0.285
9.3293,12.088,0.35
11.678,12.656,8.7672
12.372,5.7323,8.7052
11.753,9.1638,6.1782
11.578,9.3293,11.283
9.3293,12.088,11.918
0,0,0
0.43558,5.5748,-0.084
0.072125,-0.17961,-5.625
-0.17607,-5.683,0.125
-5.712,-0.33941,0.189
5.7855,0.12587,0.162
0.072125,-0.17961,5.9432
-5.3132,5.2835,0.409
0.38113,5.5642,5.497
5.5236,-5.5533,0.409
5.7226,-0.040305,-5.523
-5.8114,-0.61563,-5.648
-0.13223,-5.9305,-5.617
0.38113,5.5642,-6.0712
-5.8114,-0.61563,5.9202
5.7226,-0.040305,6.0452
-0.13223,-5.9305,5.9512
6.1334,5.8704,0.072
-5.943,-6.206,0.072
-5.3945,5.1838,-5.519
5.4423,-5.653,-5.519
-5.3945,5.1838,6.0492
5.4423,-5.653,6.0492
5.9977,5.7007,-5.7402
5.9977,5.7007,5.828
-6.0787,-6.3757,-5.7402
-6.0787,-6.3757,5.828
11.378,0.60882,0.072
0.54124,11.446,0.072
-0.69834,-11.468,0.072
-11.535,-0.63076,0.072
5.0088e-16,-5.0088e-16,-11.568
-5.0088e-16,5.0088e-16,11.568
-5.0513,10.963,0.162
-11.013,5.1538,0.125
5.1248,-11.176,0.189
11.272,-5.262,-0.084
0.52498,11.257,-5.567
11.362,0.42002,-5.567
-5.712,-0.33941,-11.379
0.52498,11.257,6.0012
0.43558,5.5748,11.484
-0.17607,-5.683,-11.443
5.7855,0.12587,-11.406
-11.551,-0.81955,-5.567
11.362,0.42002,6.0012
0.43558,5.5748,-11.652
-0.7146,-11.656,-5.567
-0.17607,-5.683,11.693
-11.551,-0.81955,6.0012
-5.712,-0.33941,11.757
5.7855,0.12587,11.73
-0.7146,-11.656,6.0012
-5.1142,10.797,-5.523
-10.969,4.9063,-5.617
-11.641,-6.5016,-0.084
6.3644,11.737,0.189
-5.1142,10.797,6.0452
-10.969,4.9063,5.9512
-5.3132,5.2835,-11.159
-6.2908,-11.951,0.162
11.9,6.3934,0.125
11.218,-5.2726,5.497
5.5236,-5.5533,-11.159
5.0254,-11.452,-5.648
11.218,-5.2726,-6.0712
5.0254,-11.452,5.9202
-5.3132,5.2835,11.977
6.265,11.461,-5.648
6.1334,5.8704,-11.496
5.5236,-5.5533,11.977
6.265,11.461,5.9202
-5.943,-6.206,-11.496
6.1334,5.8704,11.64
-5.943,-6.206,11.64
-11.695,-6.5122,5.497
11.944,6.1459,-5.617
11.944,6.1459,5.9512
-11.695,-6.5122,-6.0712
-6.3538,-12.117,-5.523
-6.3538,-12.117,6.0452
-10.837,10.837,-9.3842e-16
10.837,-10.837,9.3842e-16
-10.765,10.657,-5.625
11.378,0.60882,-11.496
0.54124,11.446,-11.496
-0.69834,-11.468,-11.496
-10.765,10.657,5.9432
11.378,0.60882,11.64
-11.535,-0.63076,-11.496
0.54124,11.446,11.64
-0.69834,-11.468,11.64
-11.535,-0.63076,11.64
10.909,-11.016,-5.625
10.909,-11.016,5.9432
-5.0513,10.963,-11.406
-11.013,5.1538,-11.443
5.1248,-11.176,-11.379
-5.0513,10.963,11.73
-11.013,5.1538,11.693
11.272,-5.262,11.484
5.1248,-11.176,11.757
11.272,-5.262,-11.652
-12.076,-12.076,7.9602e-22
12.076,12.076,-7.9602e-22
6.3644,11.737,-11.379
-11.641,-6.5016,11.484
-6.2908,-11.951,-11.406
11.9,6.3934,-11.443
-11.641,-6.5016,-11.652
6.3644,11.737,11.757
11.9,6.3934,11.693
-6.2908,-11.951,11.73
12.149,11.897,-5.625
12.149,11.897,5.9432
-12.004,-12.256,-5.625
-12.004,-12.256,5.9432
-10.837,10.837,-11.568
10.837,-10.837,-11.568
-10.837,10.837,11.568
10.837,-10.837,11.568
-12.076,-12.076,-11.568
-12.076,-12.076,11.568
12.076,12.076,-11.568
12.076,12.076,11.568
