-9.2854,-3.7941,-8.6102
-3.9404,-9.1193,-8.5232
-9.6637,-9.3427,-8.7122
-9.2854,-3.7941,2.958
-3.9404,-9.1193,3.045
-8.6215,-8.4405,-2.897
-9.6637,-9.3427,2.856
-8.6215,-8.4405,8.6712
-8.6709,7.6909,-8.7082
-9.168,2.1338,-8.5792
-3.111,8.123,-8.5962
-3.2951,2.2712,-8.4532
2.1659,-3.1459,-8.7082
2.791,8.2823,-8.6102
8.136,2.9571,-8.5232
-3.5999,-3.351,-8.7792
1.6688,-8.7031,-8.5792
2.4126,2.7337,-8.7122
7.7258,-2.7139,-8.5962
7.5417,-8.5656,-8.4532
-8.6709,7.6909,2.86
-8.3803,-2.6378,-2.732
-7.7043,8.7933,-2.713
-2.4498,3.4313,-2.793
-8.0027,2.9993,-2.941
-1.9393,8.9764,-2.882
-9.168,2.1338,2.989
-3.111,8.123,2.972
-3.2951,2.2712,3.115
2.1659,-3.1459,2.86
2.791,8.2823,2.958
8.136,2.9571,3.045
-2.9826,-8.0695,-2.845
3.1325,-2.0435,-2.713
8.387,-7.4055,-2.793
-2.5074,-2.39,-2.924
2.8341,-7.8376,-2.941
3.4549,3.6359,-2.897
8.8975,-1.8604,-2.882
-3.5999,-3.351,2.789
1.6688,-8.7031,2.989
2.4126,2.7337,2.856
7.7258,-2.7139,2.972
7.5417,-8.5656,3.115
-8.3803,-2.6378,8.8362
-7.7043,8.7933,8.8552
-2.4498,3.4313,8.7752
-8.0027,2.9993,8.6272
-1.9393,8.9764,8.6862
-2.9826,-8.0695,8.7232
3.1325,-2.0435,8.8552
8.387,-7.4055,8.7752
-2.5074,-2.39,8.6442
2.8341,-7.8376,8.6272
3.4549,3.6359,8.6712
8.8975,-1.8604,8.6862
8.4765,8.7254,-8.7792
3.6961,9.4386,-2.732
9.0938,4.0069,-2.845
9.569,9.6864,-2.924
8.4765,8.7254,2.789
3.6961,9.4386,8.8362
9.0938,4.0069,8.7232
9.569,9.6864,8.6442
-8.4016,-8.5416,-8.6602
-9.0853,-3.9518,-2.789
-3.5543,-9.4488,-2.817
-8.4016,-8.5416,2.908
-9.9091,-9.195,-2.827
-9.0853,-3.9518,8.7792
-3.5543,-9.4488,8.7512
-9.9091,-9.195,8.7412
-8.7077,-2.4179,-8.6552
-8.002,9.0019,-8.4532
-2.6683,3.6031,-8.7122
-7.7977,2.7108,-8.7002
-1.7477,8.7311,-8.5832
-3.1714,-7.8411,-8.6292
2.8348,-1.8349,-8.4532
8.1685,-7.2337,-8.7122
-2.2627,-2.7068,-8.6082
3.0391,-8.1261,-8.7002
3.6748,3.5348,-8.6602
9.0892,-2.1058,-8.5832
-8.3768,7.4943,-3.009
-8.7077,-2.4179,2.913
-8.002,9.0019,3.115
-2.6683,3.6031,2.856
-7.7977,2.7108,2.868
-1.7477,8.7311,2.985
-9.3151,2.2936,-2.829
-3.222,8.2227,-2.739
-2.9995,2.0478,-2.668
2.46,-3.3425,-3.009
2.9911,8.1247,-2.789
8.5221,2.6276,-2.817
-3.1714,-7.8411,2.939
2.8348,-1.8349,3.115
8.1685,-7.2337,2.856
-2.2627,-2.7068,2.96
3.0391,-8.1261,2.868
3.6748,3.5348,2.908
9.0892,-2.1058,2.985
-3.8467,-3.0505,-2.964
1.5217,-8.5433,-2.829
2.1673,2.8815,-2.827
7.6148,-2.6142,-2.739
7.8373,-8.7891,-2.668
-8.3768,7.4943,8.5592
-9.3151,2.2936,8.7392
-3.222,8.2227,8.8292
-2.9995,2.0478,8.9002
2.46,-3.3425,8.5592
2.9911,8.1247,8.7792
8.5221,2.6276,8.7512
-3.8467,-3.0505,8.6042
1.5217,-8.5433,8.7392
2.1673,2.8815,8.7412
7.6148,-2.6142,8.8292
7.8373,-8.7891,8.9002
3.3687,9.6585,-8.6552
8.905,4.2353,-8.6292
9.8137,9.3696,-8.6082
3.3687,9.6585,2.913
8.905,4.2353,2.939
9.8137,9.3696,2.96
8.2297,9.026,-2.964
8.2297,9.026,8.6042
-12.085,-0.014866,-8.5462
-11.237,-3.4422,-6.1142
-11.101,-3.281,-11.165
-11.43,-6.6571,-8.7502
-6.013,-12.015,-8.7782
-1.2478,-10.852,-8.5462
-12.616,-11.421,-8.4972
-5.8567,-8.7389,-5.9212
-9.3463,-11.135,-6.0062
-5.7577,-8.9072,-11.229
-12.474,-8.9736,-11.866
-8.7898,-6.5992,-11.83
-3.5254,-12.086,-11.788
-9.3236,-11.466,-11.225
-12.251,-5.7248,-2.931
-12.085,-0.014866,3.022
-11.237,-3.4422,5.454
-11.101,-3.281,0.403
-7.0199,-11.23,-2.97
-11.43,-6.6571,2.818
-6.013,-12.015,2.79
-1.2478,-10.852,3.022
-12.616,-11.421,3.071
-11.688,-12.441,-2.727
-5.7174,-6.4556,-2.88
-12.769,-9.0429,-5.395
-5.8567,-8.7389,5.647
-9.3463,-11.135,5.562
-9.1985,-6.643,-5.522
-3.5621,-12.093,-5.398
-5.7577,-8.9072,0.339
-12.474,-8.9736,-0.298
-8.7898,-6.5992,-0.262
-3.5254,-12.086,-0.22
-9.3236,-11.466,0.343
-12.251,-5.7248,8.6372
-11.101,-3.281,11.971
-7.0199,-11.23,8.5982
-11.688,-12.441,8.8412
-5.7174,-6.4556,8.6882
-12.769,-9.0429,6.1732
-9.1985,-6.643,6.0462
-3.5621,-12.093,6.1702
-5.7577,-8.9072,11.907
-12.474,-8.9736,11.27
-8.7898,-6.5992,11.306
-3.5254,-12.086,11.348
-9.3236,-11.466,11.911
-10.852,4.8625,-8.7672
-4.7734,10.898,-8.7782
-0.0081826,12.062,-8.5462
-11.376,11.492,-8.4972
-5.9175,6.0094,-8.5892
-10.586,8.0487,-5.9972
-5.1694,2.7567,-5.9052
0.83964,8.6342,-6.1142
-8.7692,0.30095,-6.0572
-8.1067,11.778,-6.0062
-2.8493,6.1713,-5.9932
-10.185,8.0523,-11.408
-5.1616,2.5835,-11.067
0.9754,8.7954,-11.165
-11.962,2.4315,-11.851
-5.8581,8.4673,-11.713
-8.2743,4.9028,-11.78
-2.2858,10.828,-11.788
-8.6865,0.18003,-11.096
-8.084,11.447,-11.225
-2.6216,6.1586,-11.239
-5.2842,-0.64417,-8.7692
-0.014849,-5.9743,-8.7672
0.6463,5.4193,-8.7502
6.0634,0.061518,-8.7782
-6.5103,-5.386,-8.6292
10.829,1.2247,-8.5462
-0.53952,0.65549,-8.4972
4.9193,-4.8274,-8.5892
0.25102,-2.7881,-5.9972
5.6675,-8.0801,-5.9052
6.2197,3.3375,-5.9212
11.676,-2.2026,-6.1142
-3.4726,-5.1414,-6.1102
2.0676,-10.536,-6.0572
2.7301,0.94116,-6.0062
7.9875,-4.6655,-5.9932
0.65195,-2.7846,-11.408
5.6752,-8.2534,-11.067
6.3187,3.1693,-11.229
11.812,-2.0414,-11.165
-6.4106,-3.1339,-11.829
-1.125,-8.4054,-11.851
-0.39739,3.1028,-11.866
4.9787,-2.3695,-11.713
-2.8701,-0.69509,-11.745
2.5626,-5.934,-11.78
3.2866,5.4772,-11.83
8.551,-0.0091924,-11.788
-3.1417,-5.1979,-11.332
2.1503,-10.657,-11.096
2.7528,0.61023,-11.225
8.2152,-4.6782,-11.239
5.5526,-11.481,-8.7692
11.483,-5.4176,-8.7502
10.297,-10.181,-8.4972
10.439,-7.7341,-11.866
7.9667,-11.532,-11.745
-11.674,5.6933,-2.958
-6.3552,0.27266,-2.94
-5.7803,11.683,-2.97
-0.17435,6.3517,-2.931
-10.852,4.8625,2.801
-4.7734,10.898,2.79
-0.0081826,12.062,3.022
-11.376,11.492,3.071
-5.9175,6.0094,2.979
-10.449,10.473,-2.727
-5.2196,5.0202,-2.786
-11.1,-0.93225,-2.726
-12.086,2.3954,-5.533
-5.933,8.5324,-5.429
-10.586,8.0487,5.571
-5.1694,2.7567,5.663
0.83964,8.6342,5.454
-8.7692,0.30095,5.511
-8.1067,11.778,5.562
-2.8493,6.1713,5.575
-8.4807,4.8208,-5.617
-2.3225,10.821,-5.398
-10.185,8.0523,0.16
-5.1616,2.5835,0.501
0.9754,8.7954,0.403
-11.962,2.4315,-0.283
-5.8581,8.4673,-0.145
-8.2743,4.9028,-0.212
-2.2858,10.828,-0.22
-8.6865,0.18003,0.472
-8.084,11.447,0.343
-2.6216,6.1586,0.329
-0.83721,-5.1435,-2.958
4.4816,-10.564,-2.94
5.0565,0.84641,-2.97
10.662,-4.4852,-2.931
-5.2842,-0.64417,2.799
-0.014849,-5.9743,2.801
0.6463,5.4193,2.818
6.0634,0.061518,2.79
-6.5103,-5.386,2.939
10.829,1.2247,3.022
-0.53952,0.65549,3.071
4.9193,-4.8274,2.979
0.3882,-0.36416,-2.727
5.6173,-5.8167,-2.786
6.359,5.6208,-2.88
-0.26304,-11.769,-2.726
-6.5747,-2.8666,-5.378
-1.2488,-8.4414,-5.533
-0.69296,3.0335,-5.395
4.9038,-2.3045,-5.429
0.25102,-2.7881,5.571
5.6675,-8.0801,5.663
6.2197,3.3375,5.647
11.676,-2.2026,5.454
-3.4726,-5.1414,5.458
2.0676,-10.536,5.511
2.7301,0.94116,5.562
7.9875,-4.6655,5.575
-2.9274,-0.3281,-5.439
2.3561,-6.0161,-5.617
2.8779,5.4334,-5.522
8.5143,-0.016263,-5.398
0.65195,-2.7846,0.16
5.6752,-8.2534,0.501
6.3187,3.1693,0.339
11.812,-2.0414,0.403
-6.4106,-3.1339,-0.261
-1.125,-8.4054,-0.283
-0.39739,3.1028,-0.298
4.9787,-2.3695,-0.145
-2.8701,-0.69509,-0.177
2.5626,-5.934,-0.212
3.2866,5.4772,-0.262
8.551,-0.0091924,-0.22
-3.1417,-5.1979,0.236
2.1503,-10.657,0.472
2.7528,0.61023,0.343
8.2152,-4.6782,0.329
5.5526,-11.481,2.799
11.483,-5.4176,2.818
10.297,-10.181,3.071
11.225,-11.201,-2.727
10.144,-7.8034,-5.395
7.9094,-11.165,-5.439
10.439,-7.7341,-0.298
7.9667,-11.532,-0.177
-11.674,5.6933,8.6102
-6.3552,0.27266,8.6282
-5.7803,11.683,8.5982
-0.17435,6.3517,8.6372
-10.449,10.473,8.8412
-5.2196,5.0202,8.7822
-11.1,-0.93225,8.8422
-12.086,2.3954,6.0352
-5.933,8.5324,6.1392
-8.4807,4.8208,5.9512
-2.3225,10.821,6.1702
-10.185,8.0523,11.728
-5.1616,2.5835,12.069
0.9754,8.7954,11.971
-11.962,2.4315,11.285
-5.8581,8.4673,11.423
-8.2743,4.9028,11.356
-2.2858,10.828,11.348
-8.6865,0.18003,12.04
-8.084,11.447,11.911
-2.6216,6.1586,11.897
-0.83721,-5.1435,8.6102
4.4816,-10.564,8.6282
5.0565,0.84641,8.5982
10.662,-4.4852,8.6372
0.3882,-0.36416,8.8412
5.6173,-5.8167,8.7822
6.359,5.6208,8.6882
-0.26304,-11.769,8.8422
-6.5747,-2.8666,6.1902
-1.2488,-8.4414,6.0352
-0.69296,3.0335,6.1732
4.9038,-2.3045,6.1392
-2.9274,-0.3281,6.1292
2.3561,-6.0161,5.9512
2.8779,5.4334,6.0462
8.5143,-0.016263,6.1702
0.65195,-2.7846,11.728
5.6752,-8.2534,12.069
6.3187,3.1693,11.907
11.812,-2.0414,11.971
-6.4106,-3.1339,11.307
-1.125,-8.4054,11.285
-0.39739,3.1028,11.27
4.9787,-2.3695,11.423
-2.8701,-0.69509,11.391
2.5626,-5.934,11.356
3.2866,5.4772,11.306
8.551,-0.0091924,11.348
-3.1417,-5.1979,11.804
2.1503,-10.657,12.04
2.7528,0.61023,11.911
8.2152,-4.6782,11.897
11.225,-11.201,8.8412
10.144,-7.8034,6.1732
7.9094,-11.165,6.1292
10.439,-7.7341,11.27
7.9667,-11.532,11.391
3.3072,12.377,-6.0572
3.3899,12.256,-11.096
6.7922,11.432,-8.7692
12.062,6.1021,-8.7672
5.5661,6.6904,-8.6292
11.537,12.732,-8.4972
12.327,9.2883,-5.9972
8.6038,6.935,-6.1102
12.728,9.2918,-11.408
5.6658,8.9425,-11.829
10.951,3.671,-11.851
9.2062,11.381,-11.745
8.9347,6.8785,-11.332
5.7212,12.349,-2.94
0.97654,11.144,-2.726
3.3072,12.377,5.511
3.3899,12.256,0.472
11.239,6.9329,-2.958
6.7922,11.432,2.799
12.062,6.1021,2.801
5.5661,6.6904,2.939
11.537,12.732,3.071
12.465,11.712,-2.727
11.813,0.30733,-2.726
5.5017,9.2098,-5.378
10.828,3.635,-5.533
12.327,9.2883,5.571
8.6038,6.935,5.458
9.149,11.748,-5.439
12.728,9.2918,0.16
5.6658,8.9425,-0.261
10.951,3.671,-0.283
9.2062,11.381,-0.177
8.9347,6.8785,0.236
5.7212,12.349,8.6282
0.97654,11.144,8.8422
3.3899,12.256,12.04
11.239,6.9329,8.6102
12.465,11.712,8.8412
11.813,0.30733,8.8422
5.5017,9.2098,6.1902
10.828,3.635,6.0352
9.149,11.748,6.1292
12.728,9.2918,11.728
5.6658,8.9425,11.307
10.951,3.671,11.285
9.2062,11.381,11.391
8.9347,6.8785,11.804
0,0,0
-0.36275,-5.6774,0.058
5.6802,0.3387,0.072
-0.20082,0.2192,-5.7732
-5.7891,-0.25385,0.167
-0.20082,0.2192,5.795
0.17607,5.8287,0.14
5.3288,-5.3924,0.054
-5.5081,5.4444,0.054
5.4638,0.4872,-5.65
-0.47942,-5.5197,-5.694
5.4638,0.4872,5.9182
-0.47942,-5.5197,5.8742
0.129,5.897,-5.654
-5.9401,-0.11978,-5.649
0.129,5.897,5.9142
-5.9401,-0.11978,5.9192
6.0373,6.0387,-0.127
-6.0391,-6.0377,-0.127
5.2319,-5.2969,-5.7682
5.2319,-5.2969,5.8
-5.6049,5.5399,-5.7682
-5.6049,5.5399,5.8
-6.2473,-5.8287,5.763
5.8291,6.2477,5.763
-6.2473,-5.8287,-5.8052
5.8291,6.2477,-5.8052
-0.68094,-11.37,-0.02
11.395,0.70684,-0.02
-11.518,-0.53273,-0.02
0.55864,11.544,-0.02
5.0088e-16,-5.0088e-16,-11.568
-5.0088e-16,5.0088e-16,11.568
11.013,-5.0082,0.14
5.0477,-11.091,0.167
-5.1566,11.176,0.072
-11.2,5.1595,0.058
11.23,0.77499,5.732
11.23,0.77499,-5.8362
-0.84613,-11.301,5.732
-0.84613,-11.301,-5.8362
-5.7891,-0.25385,-11.401
5.6802,0.3387,-11.496
0.17607,5.8287,-11.428
-0.36275,-5.6774,-11.51
-0.36275,-5.6774,11.626
0.39345,11.612,5.732
5.6802,0.3387,11.64
0.39345,11.612,-5.8362
-11.683,-0.46459,5.732
-11.683,-0.46459,-5.8362
0.17607,5.8287,11.708
-5.7891,-0.25385,11.735
4.8967,-10.957,-5.649
10.966,-4.9398,-5.654
11.714,6.3991,0.058
-6.3962,-11.738,0.072
4.8967,-10.957,5.9192
6.2873,11.823,0.167
10.966,-4.9398,5.9142
-11.9,-6.2477,0.14
-11.316,5.3172,-5.694
-5.373,11.324,-5.65
5.3288,-5.3924,-11.514
-11.316,5.3172,5.8742
-5.373,11.324,5.9182
5.3288,-5.3924,11.622
-5.5081,5.4444,-11.514
-5.5081,5.4444,11.622
6.0373,6.0387,11.441
-6.0391,-6.0377,11.441
6.0373,6.0387,-11.695
-6.0391,-6.0377,-11.695
11.597,6.5567,-5.694
-6.6126,-11.589,-5.65
11.597,6.5567,5.8742
6.1363,11.957,-5.649
-11.947,-6.1794,-5.654
-6.6126,-11.589,5.9182
6.1363,11.957,5.9192
-11.947,-6.1794,5.9142
-10.837,10.837,-9.3842e-16
10.837,-10.837,9.3842e-16
10.636,-10.618,-5.7732
10.636,-10.618,5.795
-0.68094,-11.37,11.548
11.395,0.70684,11.548
-0.68094,-11.37,-11.588
11.395,0.70684,-11.588
-11.518,-0.53273,11.548
0.55864,11.544,11.548
-11.518,-0.53273,-11.588
0.55864,11.544,-11.588
11.013,-5.0082,-11.428
-11.038,11.056,-5.7732
-11.038,11.056,5.795
5.0477,-11.091,-11.401
11.013,-5.0082,11.708
-5.1566,11.176,-11.496
-11.2,5.1595,-11.51
5.0477,-11.091,11.735
-5.1566,11.176,11.64
-11.2,5.1595,11.626
-12.076,-12.076,7.9602e-22
12.076,12.076,-7.9602e-22
6.2873,11.823,-11.401
11.714,6.3991,-11.51
-6.3962,-11.738,-11.496
-11.9,-6.2477,-11.428
11.714,6.3991,11.626
-6.3962,-11.738,11.64
6.2873,11.823,11.735
-11.9,-6.2477,11.708
-12.277,-11.857,-5.7732
-12.277,-11.857,5.795
11.876,12.296,-5.7732
11.876,12.296,5.795
-10.837,10.837,-11.568
10.837,-10.837,-11.568
-10.837,10.837,11.568
10.837,-10.837,11.568
-12.076,-12.076,-11.568
-12.076,-12.076,11.568
12.076,12.076,-11.568
12.076,12.076,11.568
