-9.1737,-3.8747,-8.4782
-9.7189,-9.4757,-8.7102
-3.8891,-9.206,-8.5972
-9.1737,-3.8747,3.09
-8.5783,-8.5769,-2.736
-9.7189,-9.4757,2.858
-3.8891,-9.206,2.971
-8.5783,-8.5769,8.8322
-8.6069,7.6353,-8.5232
-3.2626,2.2528,-8.5082
2.9027,8.2017,-8.4782
-9.0333,2.0046,-8.7722
-3.5864,-3.4068,-8.7842
-3.0003,8.0999,-8.6072
2.3575,2.6007,-8.7102
2.2299,-3.2015,-8.5232
7.5742,-8.584,-8.5082
8.1873,2.8704,-8.5972
1.8035,-8.8322,-8.7722
7.8366,-2.7369,-8.6072
-8.6069,7.6353,3.045
-3.2626,2.2528,3.06
2.9027,8.2017,3.09
-8.3163,-2.8574,-2.708
-2.9677,-8.1353,-2.655
-2.4261,3.3708,-2.674
-7.6629,8.6882,-2.738
-7.9726,2.8404,-2.924
-2.5145,-2.5215,-2.941
-1.9198,8.9187,-2.934
3.4981,3.4995,-2.736
-9.0333,2.0046,2.796
-3.5864,-3.4068,2.784
-3.0003,8.0999,2.961
2.3575,2.6007,2.858
2.2299,-3.2015,3.045
7.5742,-8.584,3.06
8.1873,2.8704,2.971
8.4107,-7.4661,-2.674
3.1739,-2.1486,-2.738
2.8642,-7.9964,-2.924
8.917,-1.9181,-2.934
1.8035,-8.8322,2.796
7.8366,-2.7369,2.961
-8.3163,-2.8574,8.8602
-2.9677,-8.1353,8.9132
-2.4261,3.3708,8.8942
-7.6629,8.6882,8.8302
-7.9726,2.8404,8.6442
-2.5145,-2.5215,8.6272
-1.9198,8.9187,8.6342
3.4981,3.4995,8.8322
8.4107,-7.4661,8.8942
3.1739,-2.1486,8.8302
2.8642,-7.9964,8.6442
8.917,-1.9181,8.6342
8.4899,8.6696,-8.7842
3.7601,9.219,-2.708
9.1087,3.9412,-2.655
9.5619,9.5549,-2.941
8.4899,8.6696,2.784
3.7601,9.219,8.8602
9.1087,3.9412,8.9132
9.5619,9.5549,8.6272
-8.403,-8.7735,-8.7702
-8.9573,-4.2056,-2.692
-8.403,-8.7735,2.798
-9.9501,-9.1554,-2.87
-3.6551,-9.4542,-2.795
-8.9573,-4.2056,8.8762
-9.9501,-9.1554,8.6982
-3.6551,-9.4542,8.7732
-7.9617,8.9828,-8.4852
-8.5122,-2.5512,-8.6882
-3.2223,-7.8694,-8.5802
-2.6927,3.6331,-8.5022
2.8751,-1.854,-8.4852
-7.728,2.7061,-8.5822
-2.2288,-2.7832,-8.7752
-1.6087,8.6401,-8.6822
3.6734,3.3029,-8.7702
8.1442,-7.2037,-8.5022
3.1088,-8.1307,-8.5822
9.2281,-2.1967,-8.6822
-7.9617,8.9828,3.083
-8.3064,7.3405,-2.737
-3.0321,2.0054,-2.704
3.119,7.8708,-2.692
-8.5122,-2.5512,2.88
-3.2223,-7.8694,2.988
-2.6927,3.6331,3.066
2.8751,-1.854,3.083
-7.728,2.7061,2.986
-2.2288,-2.7832,2.793
-1.6087,8.6401,2.886
3.6734,3.3029,2.798
-9.3564,2.2769,-2.93
-3.8198,-3.2484,-2.961
-3.1982,8.148,-2.905
2.1263,2.9211,-2.87
2.5304,-3.4964,-2.737
7.8047,-8.8315,-2.704
8.4213,2.6222,-2.795
8.1442,-7.2037,3.066
3.1088,-8.1307,2.986
9.2281,-2.1967,2.886
1.4804,-8.56,-2.93
7.6386,-2.6888,-2.905
-8.3064,7.3405,8.8312
-3.0321,2.0054,8.8642
3.119,7.8708,8.8762
-9.3564,2.2769,8.6382
-3.8198,-3.2484,8.6072
-3.1982,8.148,8.6632
2.1263,2.9211,8.6982
2.5304,-3.4964,8.8312
7.8047,-8.8315,8.8642
8.4213,2.6222,8.7732
1.4804,-8.56,8.6382
7.6386,-2.6888,8.6632
3.5642,9.5252,-8.6882
8.8541,4.207,-8.5802
9.8476,9.2932,-8.7752
3.5642,9.5252,2.88
8.8541,4.207,2.988
9.8476,9.2932,2.793
8.2566,8.828,-2.961
8.2566,8.828,8.6072
-11.27,-6.6593,-8.7482
-12.503,-11.399,-8.4612
-11.167,-3.4794,-5.9362
-5.8022,-8.9715,-6.0202
-9.3661,-11.121,-5.9982
-10.875,-3.4532,-11.167
-5.5873,-8.84,-11.324
-12.545,-9.0776,-11.715
-9.0167,-6.7243,-11.747
-9.301,-11.313,-11.297
-5.8888,-12.015,-8.8232
-3.5228,-12.244,-11.84
-12.423,-5.9783,-2.936
-6.8551,-11.303,-3.008
-11.27,-6.6593,2.82
-12.503,-11.399,3.107
-11.681,-12.599,-2.702
-11.116,-1.1672,-2.665
-5.7718,-6.462,-2.816
-12.742,-9.137,-5.325
-11.167,-3.4794,5.632
-5.8022,-8.9715,5.548
-9.3661,-11.121,5.57
-8.8435,-6.701,-5.43
-10.875,-3.4532,0.401
-5.5873,-8.84,0.244
-12.545,-9.0776,-0.147
-9.0167,-6.7243,-0.179
-9.301,-11.313,0.271
-5.8888,-12.015,2.745
-0.27933,-12.004,-2.665
-3.6027,-12.151,-5.533
-3.5228,-12.244,-0.272
-12.423,-5.9783,8.6322
-6.8551,-11.303,8.5602
-11.681,-12.599,8.8662
-11.116,-1.1672,8.9032
-5.7718,-6.462,8.7522
-12.742,-9.137,6.2432
-8.8435,-6.701,6.1382
-10.875,-3.4532,11.969
-5.5873,-8.84,11.812
-12.545,-9.0776,11.421
-9.0167,-6.7243,11.389
-9.301,-11.313,11.839
-0.27933,-12.004,8.9032
-3.6027,-12.151,6.0352
-3.5228,-12.244,11.296
-11.264,11.514,-8.4612
-10.519,7.9914,-5.9112
-8.1265,11.792,-5.9982
-10.269,8.0445,-11.266
-8.0614,11.6,-11.297
-10.624,4.8359,-8.7862
-5.246,-0.61872,-8.8192
-4.6492,10.899,-8.8232
0.80681,5.4171,-8.7482
-11.93,-0.048083,-8.5152
-6.4205,-5.4985,-8.5822
-5.7962,5.9941,-8.4632
-0.42709,0.67741,-8.4612
-5.1442,2.4827,-5.9392
0.3182,-2.8454,-5.9112
0.90934,8.597,-5.9362
6.2742,3.1049,-6.0202
-8.7596,0.26587,-6.1242
-3.2089,-5.1831,-6.1462
-2.5456,6.1943,-6.0462
2.7103,0.9553,-5.9982
-5.0982,2.5993,-11.17
0.56781,-2.7924,-11.266
1.2014,8.6232,-11.167
6.4891,3.2364,-11.324
-11.843,2.3455,-11.667
-6.3399,-3.0886,-11.752
-5.8697,8.3912,-11.696
-0.46881,2.9988,-11.715
-8.3962,4.6556,-11.868
-2.8786,-0.79408,-11.803
-2.2832,10.67,-11.84
3.0597,5.3521,-11.747
-8.7024,0.081317,-11.395
-3.2987,-5.3634,-11.317
-2.8072,6.1363,-11.196
2.7754,0.76297,-11.297
0.21254,-6.0009,-8.7862
5.5908,-11.456,-8.8192
6.1876,0.061798,-8.8232
11.644,-5.4197,-8.7482
-1.0935,-10.885,-8.5152
5.0407,-4.8427,-8.4632
10.41,-10.159,-8.4612
5.6926,-8.3542,-5.9392
11.746,-2.2398,-5.9362
2.0772,-10.571,-6.1242
8.2912,-4.6426,-6.0462
5.7386,-8.2375,-11.17
12.038,-2.2137,-11.167
-1.0065,-8.4914,-11.667
4.9671,-2.4456,-11.696
10.368,-7.838,-11.715
2.4406,-6.1812,-11.868
7.9582,-11.631,-11.803
8.5536,-0.1673,-11.84
2.1345,-10.756,-11.395
8.0296,-4.7006,-11.196
-11.742,5.4487,-3.011
-5.6155,11.61,-3.008
-11.264,11.514,3.107
-10.442,10.314,-2.702
-10.519,7.9914,5.657
-8.1265,11.792,5.57
-10.269,8.0445,0.302
-8.0614,11.6,0.271
-6.3258,0.045255,-3.071
-0.9051,-5.3882,-3.011
-0.34648,6.0981,-2.936
5.2213,0.77357,-3.008
-10.624,4.8359,2.782
-5.246,-0.61872,2.749
-4.6492,10.899,2.745
0.80681,5.4171,2.82
-11.93,-0.048083,3.053
-6.4205,-5.4985,2.986
-5.7962,5.9941,3.105
-0.42709,0.67741,3.107
-5.1718,5.0346,-2.626
0.39527,-0.52255,-2.702
0.96025,10.909,-2.665
6.3046,5.6144,-2.816
-12.135,2.3101,-5.425
-6.6638,-3.182,-5.422
-5.816,8.2682,-5.359
-0.66539,2.9394,-5.325
-5.1442,2.4827,5.629
0.3182,-2.8454,5.657
0.90934,8.597,5.632
6.2742,3.1049,5.548
-8.7596,0.26587,5.444
-3.2089,-5.1831,5.422
-2.5456,6.1943,5.522
2.7103,0.9553,5.57
-8.2237,4.879,-5.38
-2.8984,-0.64135,-5.542
-2.3632,10.762,-5.533
3.2329,5.3754,-5.43
-5.0982,2.5993,0.398
0.56781,-2.7924,0.302
1.2014,8.6232,0.401
6.4891,3.2364,0.244
-11.843,2.3455,-0.099
-6.3399,-3.0886,-0.184
-5.8697,8.3912,-0.128
-0.46881,2.9988,-0.147
-8.3962,4.6556,-0.3
-2.8786,-0.79408,-0.235
-2.2832,10.67,-0.272
3.0597,5.3521,-0.179
-8.7024,0.081317,0.173
-3.2987,-5.3634,0.251
-2.8072,6.1363,0.372
2.7754,0.76297,0.271
4.511,-10.792,-3.071
10.49,-4.7387,-2.936
0.21254,-6.0009,2.782
5.5908,-11.456,2.749
6.1876,0.061798,2.745
11.644,-5.4197,2.82
-1.0935,-10.885,3.053
5.0407,-4.8427,3.105
10.41,-10.159,3.107
5.665,-5.8022,-2.626
11.232,-11.359,-2.702
11.797,0.072405,-2.665
-1.2978,-8.5267,-5.425
5.0209,-2.5686,-5.359
10.171,-7.8974,-5.325
5.6926,-8.3542,5.629
11.746,-2.2398,5.632
2.0772,-10.571,5.444
8.2912,-4.6426,5.522
2.6132,-5.9578,-5.38
7.9384,-11.478,-5.542
8.4737,-0.074673,-5.533
5.7386,-8.2375,0.398
12.038,-2.2137,0.401
-1.0065,-8.4914,-0.099
4.9671,-2.4456,-0.128
10.368,-7.838,-0.147
2.4406,-6.1812,-0.3
7.9582,-11.631,-0.235
8.5536,-0.1673,-0.272
2.1345,-10.756,0.173
8.0296,-4.7006,0.372
-11.742,5.4487,8.5572
-5.6155,11.61,8.5602
-10.442,10.314,8.8662
-10.269,8.0445,11.87
-8.0614,11.6,11.839
-6.3258,0.045255,8.4972
-0.9051,-5.3882,8.5572
-0.34648,6.0981,8.6322
5.2213,0.77357,8.5602
-5.1718,5.0346,8.9422
0.39527,-0.52255,8.8662
0.96025,10.909,8.9032
6.3046,5.6144,8.7522
-12.135,2.3101,6.1432
-6.6638,-3.182,6.1462
-5.816,8.2682,6.2092
-0.66539,2.9394,6.2432
-8.2237,4.879,6.1882
-2.8984,-0.64135,6.0262
-2.3632,10.762,6.0352
3.2329,5.3754,6.1382
-5.0982,2.5993,11.966
0.56781,-2.7924,11.87
1.2014,8.6232,11.969
6.4891,3.2364,11.812
-11.843,2.3455,11.469
-6.3399,-3.0886,11.384
-5.8697,8.3912,11.44
-0.46881,2.9988,11.421
-8.3962,4.6556,11.268
-2.8786,-0.79408,11.333
-2.2832,10.67,11.296
3.0597,5.3521,11.389
-8.7024,0.081317,11.741
-3.2987,-5.3634,11.819
-2.8072,6.1363,11.94
2.7754,0.76297,11.839
4.511,-10.792,8.4972
10.49,-4.7387,8.6322
5.665,-5.8022,8.9422
11.232,-11.359,8.8662
11.797,0.072405,8.9032
-1.2978,-8.5267,6.1432
5.0209,-2.5686,6.2092
10.171,-7.8974,6.2432
2.6132,-5.9578,6.1882
7.9384,-11.478,6.0262
8.4737,-0.074673,6.0352
5.7386,-8.2375,11.966
12.038,-2.2137,11.969
-1.0065,-8.4914,11.469
4.9671,-2.4456,11.44
10.368,-7.838,11.421
2.4406,-6.1812,11.268
7.9582,-11.631,11.333
8.5536,-0.1673,11.296
2.1345,-10.756,11.741
8.0296,-4.7006,11.94
6.8304,11.458,-8.8192
0.14609,12.028,-8.5152
5.6559,6.578,-8.5822
11.649,12.754,-8.4612
12.395,9.231,-5.9112
3.3168,12.342,-6.1242
8.8675,6.8933,-6.1462
12.644,9.284,-11.266
5.7365,8.9878,-11.752
9.1978,11.282,-11.803
3.374,12.158,-11.395
8.7777,6.713,-11.317
12.289,6.0755,-8.7862
10.983,1.1915,-8.5152
11.07,3.585,-11.667
5.7506,12.122,-3.071
11.171,6.6883,-3.011
6.8304,11.458,2.749
0.14609,12.028,3.053
5.6559,6.578,2.986
11.649,12.754,3.107
12.472,11.554,-2.702
5.4126,8.8944,-5.422
12.395,9.231,5.657
3.3168,12.342,5.444
8.8675,6.8933,5.422
9.178,11.435,-5.542
12.644,9.284,0.302
5.7365,8.9878,-0.184
9.1978,11.282,-0.235
3.374,12.158,0.173
8.7777,6.713,0.251
12.289,6.0755,2.782
10.983,1.1915,3.053
10.779,3.5497,-5.425
11.07,3.585,-0.099
5.7506,12.122,8.4972
11.171,6.6883,8.5572
12.472,11.554,8.8662
5.4126,8.8944,6.1462
9.178,11.435,6.0262
12.644,9.284,11.87
5.7365,8.9878,11.384
9.1978,11.282,11.333
3.374,12.158,11.741
8.7777,6.713,11.819
10.779,3.5497,6.1432
11.07,3.585,11.469
0,0,0
-5.6752,-0.21496,0.118
-0.30365,-5.7054,0.07
-0.12516,0.15627,-5.7302
5.7343,0.35242,0.027
0.16334,5.8287,0.096
-0.12516,0.15627,5.838
5.2577,-5.2776,0.147
-5.5791,5.5593,0.147
-0.40447,-5.647,-5.689
5.6144,0.38042,-5.7312
0.28496,5.7396,-5.693
5.6144,0.38042,5.837
-5.8499,-0.30335,-5.682
-0.40447,-5.647,5.8792
0.28496,5.7396,5.8752
-5.8499,-0.30335,5.8862
5.9326,6.091,0.03
-6.1438,-5.9854,0.03
5.4168,-5.3702,-5.689
-5.42,5.4666,-5.689
5.4168,-5.3702,5.8792
-5.42,5.4666,5.8792
6.0023,6.0674,-5.708
-6.074,-6.009,-5.708
6.0023,6.0674,5.8602
-6.074,-6.009,5.8602
0.63498,11.404,0.018
-11.441,-0.6722,0.018
11.472,0.56738,0.018
-0.6046,-11.509,0.018
5.0088e-16,-5.0088e-16,-11.568
-5.0088e-16,5.0088e-16,11.568
11,-5.0082,0.096
5.1616,-11.052,0.118
-11.14,5.1315,0.07
-5.1025,11.189,0.027
11.317,0.75804,5.714
-0.75903,-11.318,5.714
11.317,0.75804,-5.8542
-0.75903,-11.318,-5.8542
-5.6752,-0.21496,-11.45
-0.30365,-5.7054,-11.498
0.16334,5.8287,-11.472
5.7343,0.35242,-11.541
0.48055,11.595,5.714
-11.596,-0.48154,5.714
5.7343,0.35242,11.595
-0.30365,-5.7054,11.638
-5.6752,-0.21496,11.686
0.48055,11.595,-5.8542
-11.596,-0.48154,-5.8542
0.16334,5.8287,11.664
-6.3421,-11.724,0.027
11.773,6.371,0.07
-11.913,-6.2477,0.096
4.9869,-11.14,-5.682
6.4012,11.861,0.118
11.122,-5.0973,-5.693
4.9869,-11.14,5.8862
11.122,-5.0973,5.8752
-11.241,5.1899,-5.689
5.2577,-5.2776,-11.421
-5.2224,11.217,-5.7312
-5.2224,11.217,5.837
-11.241,5.1899,5.8792
-5.5791,5.5593,-11.421
5.2577,-5.2776,11.715
-5.5791,5.5593,11.715
5.9326,6.091,-11.538
-6.1438,-5.9854,-11.538
5.9326,6.091,11.598
-6.1438,-5.9854,11.598
6.2265,11.773,-5.682
11.672,6.4295,-5.689
-6.462,-11.696,-5.7312
-11.791,-6.3368,-5.693
6.2265,11.773,5.8862
11.672,6.4295,5.8792
-6.462,-11.696,5.837
-11.791,-6.3368,5.8752
-10.837,10.837,-9.3842e-16
10.837,-10.837,9.3842e-16
10.712,-10.681,-5.7302
10.712,-10.681,5.838
0.63498,11.404,-11.55
0.63498,11.404,11.586
-11.441,-0.6722,-11.55
11.472,0.56738,-11.55
-11.441,-0.6722,11.586
11.472,0.56738,11.586
-0.6046,-11.509,-11.55
-0.6046,-11.509,11.586
-10.962,10.993,-5.7302
-10.962,10.993,5.838
11,-5.0082,-11.472
5.1616,-11.052,-11.45
11,-5.0082,11.664
-11.14,5.1315,-11.498
-5.1025,11.189,-11.541
5.1616,-11.052,11.686
-5.1025,11.189,11.595
-11.14,5.1315,11.638
-12.076,-12.076,7.9602e-22
12.076,12.076,-7.9602e-22
-6.3421,-11.724,-11.541
11.773,6.371,-11.498
-6.3421,-11.724,11.595
-11.913,-6.2477,-11.472
6.4012,11.861,-11.45
11.773,6.371,11.638
-11.913,-6.2477,11.664
6.4012,11.861,11.686
-12.202,-11.92,-5.7302
-12.202,-11.92,5.838
11.951,12.233,-5.7302
11.951,12.233,5.838
-10.837,10.837,-11.568
10.837,-10.837,-11.568
-10.837,10.837,11.568
10.837,-10.837,11.568
-12.076,-12.076,-11.568
-12.076,-12.076,11.568
12.076,12.076,-11.568
12.076,12.076,11.568
