-10.466,-10.286,-9.8934
-10.466,-10.286,3.001
-9.8277,2.5148,-10.113
-9.53,8.813,-9.9364
2.3971,-9.71,-10.113
-3.7646,-3.7194,-10.093
-3.3856,8.8501,-9.8994
2.6446,2.8242,-9.8934
-10.182,-3.9407,-10.026
-4.0956,-10.081,-9.7474
-3.8155,2.6983,-9.8324
2.6948,-3.4118,-9.9364
8.8391,-3.3746,-9.8994
8.4092,-9.5264,-9.8324
-9.8277,2.5148,2.781
-8.7111,9.5993,-3.429
-9.53,8.813,2.958
2.3971,-9.71,2.781
-3.7646,-3.7194,2.801
-3.3856,8.8501,2.995
2.6446,2.8242,3.001
-9.5516,-9.6068,-3.382
-2.9394,-3.0667,-3.602
-8.9378,3.2159,-3.632
-9.2221,-3.199,-3.327
-3.0427,-9.3897,-3.403
-2.7033,3.2548,-3.443
3.5136,-2.6255,-3.429
-10.182,-3.9407,2.868
-4.0956,-10.081,3.147
-3.8155,2.6983,3.062
2.6948,-3.4118,2.958
8.8391,-3.3746,2.995
3.2869,-9.0088,-3.632
9.5215,-8.9699,-3.443
8.4092,-9.5264,3.062
-8.7111,9.5993,9.4654
-9.5516,-9.6068,9.5124
-2.9394,-3.0667,9.2924
-8.9378,3.2159,9.2624
-9.2221,-3.199,9.5674
-3.0427,-9.3897,9.4914
-2.7033,3.2548,9.4514
3.5136,-2.6255,9.4654
3.2869,-9.0088,9.2624
9.5215,-8.9699,9.4514
9.3459,9.3912,-10.093
2.9289,9.1699,-10.026
9.015,3.03,-9.7474
-2.5684,9.907,-3.71
9.3459,9.3912,2.801
3.559,3.5038,-3.382
9.6563,-2.3178,-3.71
10.171,10.044,-3.602
3.8885,9.9116,-3.327
10.068,3.7209,-3.403
2.9289,9.1699,2.868
9.015,3.03,3.147
-2.5684,9.907,9.1844
3.559,3.5038,9.5124
9.6563,-2.3178,9.1844
10.171,10.044,9.2924
3.8885,9.9116,9.5674
10.068,3.7209,9.4914
-9.9936,-11.034,-3.379
-9.9936,-11.034,9.5154
-9.146,3.8356,-9.9284
-8.1617,9.4091,-10.053
-9.9554,-8.8834,-9.8284
-3.218,-2.3271,-10.081
3.0787,-8.3891,-9.9284
-8.8226,-3.317,-10.082
-2.7217,-9.4943,-9.6614
-2.424,3.2513,-9.8284
4.063,-2.8157,-10.053
9.8008,-8.9735,-9.8284
-9.146,3.8356,2.966
-8.1617,9.4091,2.841
-10.057,8.9544,-3.402
-9.4858,1.8265,-3.655
-3.6154,-4.3989,-3.611
-3.1148,8.5185,-3.604
3.1169,2.0761,-3.379
-9.9554,-8.8834,3.066
-3.218,-2.3271,2.813
3.0787,-8.3891,2.966
-8.8226,-3.317,2.812
-2.7217,-9.4943,3.233
-2.424,3.2513,3.066
4.063,-2.8157,2.841
-10.578,-3.8254,-3.369
-4.4915,-9.7581,-3.387
-4.0751,2.7089,-3.678
2.1673,-3.2704,-3.402
2.7389,-10.398,-3.655
9.11,-3.7062,-3.604
9.8008,-8.9735,3.066
8.1497,-9.5158,-3.678
-10.057,8.9544,9.4924
-9.4858,1.8265,9.2394
-3.6154,-4.3989,9.2834
-3.1148,8.5185,9.2904
3.1169,2.0761,9.5154
-10.578,-3.8254,9.5254
-4.4915,-9.7581,9.5074
-4.0751,2.7089,9.2164
2.1673,-3.2704,9.4924
2.7389,-10.398,9.2394
9.11,-3.7062,9.2904
8.1497,-9.5158,9.2164
-2.8315,10.238,-9.8934
3.1552,4.2272,-9.8284
9.3933,-1.9869,-9.8934
9.8925,10.783,-10.081
4.288,9.7935,-10.082
10.389,3.6162,-9.6614
-2.8315,10.238,3.001
9.4951,8.7116,-3.611
3.1552,4.2272,3.066
9.3933,-1.9869,3.001
9.8925,10.783,2.813
4.288,9.7935,2.812
10.389,3.6162,3.233
2.5322,9.2851,-3.369
8.619,3.3525,-3.387
9.4951,8.7116,9.2834
2.5322,9.2851,9.5254
8.619,3.3525,9.5074
-12.483,-13.556,-9.9474
-12.197,-10.088,-6.8024
-12.496,-10.004,-12.756
-10.078,-13.779,-13.414
-14.171,-12.928,-3.459
-12.483,-13.556,2.947
-12.567,-7.5704,-3.418
-6.3959,-13.458,-3.33
-12.197,-10.088,6.092
-9.959,-13.799,-6.303
-12.496,-10.004,0.138
-10.078,-13.779,-0.52
-14.171,-12.928,9.4354
-12.567,-7.5704,9.4764
-6.3959,-13.458,9.5644
-9.959,-13.799,6.5914
-12.496,-10.004,13.032
-10.078,-13.779,12.374
-11.597,11.779,-9.9474
-12.901,6.5962,-9.9714
-11.665,2.7099,-7.1024
-5.4351,9.2436,-7.0004
-9.3037,6.7525,-6.9834
-12.19,2.6102,-12.818
-5.2173,9.1531,-12.955
-13.384,9.0173,-13.419
-9.1927,11.556,-13.414
-9.4706,6.7525,-12.807
-12.067,-0.98358,-9.9614
-5.741,-6.8356,-9.8964
-5.4737,5.8598,-9.8714
0.62791,-0.44548,-9.9474
-13.488,-6.2204,-9.8824
-7.4388,-12.15,-9.8244
-6.8603,0.3875,-9.9194
-0.67599,-5.6286,-9.9714
-5.695,-3.445,-7.0924
0.56003,-9.5148,-7.1024
0.91358,3.0222,-6.8024
6.7896,-2.9812,-7.0004
-9.698,-5.881,-6.9994
-3.6409,-12.139,-6.9514
-3.2407,0.48861,-7.1004
2.9211,-5.4723,-6.9834
-5.9751,-3.462,-12.945
0.034648,-9.6145,-12.818
0.61448,3.1063,-12.756
7.0074,-3.0717,-12.955
-13.821,-3.6713,-13.517
-7.6544,-9.7588,-13.295
-7.1927,2.885,-13.432
-1.1597,-3.2074,-13.419
-9.6145,-0.99207,-13.463
-3.4372,-7.2542,-13.469
-3.0335,5.2835,-13.395
3.0321,-0.66892,-13.414
-9.9603,-6.0769,-12.814
-3.8573,-12.085,-12.646
-3.2789,0.74317,-12.849
2.7542,-5.4723,-12.807
0.15798,-13.208,-9.9614
6.751,-6.365,-9.8714
12.853,-12.67,-9.9474
5.3644,-11.837,-9.9194
13.138,-9.2026,-6.8024
8.9841,-11.736,-7.1004
12.839,-9.1184,-12.756
5.0321,-9.3398,-13.432
2.6102,-13.217,-13.463
9.1913,-6.9413,-13.395
8.9459,-11.482,-12.849
-13.461,-0.13547,-3.466
-13.285,12.407,-3.459
-6.8698,6.5432,-3.405
-11.597,11.779,2.947
-12.901,6.5962,2.923
-11.93,5.1077,-3.512
-5.5101,11.877,-3.33
-12.943,9.0696,-6.465
-11.665,2.7099,5.792
-5.4351,9.2436,5.894
-9.3037,6.7525,5.911
-9.0732,11.537,-6.303
-12.19,2.6102,0.076
-5.2173,9.1531,-0.061
-13.384,9.0173,-0.525
-9.1927,11.556,-0.52
-9.4706,6.7525,0.087
-7.4451,-6.2968,-3.336
-1.236,-12.36,-3.466
-1.0607,0.18243,-3.459
5.3549,-5.6816,-3.405
-12.067,-0.98359,2.933
-5.741,-6.8356,2.998
-5.4737,5.8598,3.023
0.62791,-0.44548,2.947
-13.488,-6.2204,3.012
-7.4388,-12.15,3.07
-6.8603,0.38749,2.975
-0.67599,-5.6286,2.923
-5.8499,-1.1024,-3.556
0.29486,-7.117,-3.512
0.54377,5.5402,-3.418
6.7147,-0.3479,-3.33
-13.315,-3.5157,-6.428
-7.5611,-9.6541,-6.355
-6.8943,2.9995,-6.49
-0.71842,-3.1551,-6.465
-5.695,-3.445,5.802
0.56003,-9.5148,5.792
0.91358,3.0222,6.092
6.7896,-2.9812,5.894
-9.698,-5.881,5.895
-3.6409,-12.139,5.943
-3.2407,0.48861,5.794
2.9211,-5.4723,5.911
-9.3381,-1.3081,-6.398
-3.3022,-7.32,-6.359
-2.8843,5.4285,-6.329
3.1516,-0.68801,-6.303
-5.9751,-3.462,-0.051
0.034648,-9.6145,0.076
0.61448,3.1063,0.138
7.0074,-3.0717,-0.061
-13.821,-3.6713,-0.623
-7.6544,-9.7588,-0.401
-7.1927,2.885,-0.538
-1.1597,-3.2074,-0.525
-9.6145,-0.99207,-0.569
-3.4372,-7.2542,-0.575
-3.0335,5.2835,-0.501
3.0321,-0.66892,-0.52
-9.9603,-6.0769,0.08
-3.8573,-12.085,0.248
-3.2789,0.74317,0.045
2.7542,-5.4723,0.087
11.164,-12.042,-3.459
0.15798,-13.208,2.933
6.751,-6.365,3.023
12.853,-12.67,2.947
5.3644,-11.837,2.975
6.3749,-13.327,-3.556
12.769,-6.6846,-3.418
5.3305,-9.2252,-6.49
13.138,-9.2026,6.092
8.9841,-11.736,5.794
2.8867,-13.533,-6.398
9.3405,-6.7963,-6.329
12.839,-9.1184,0.138
5.0321,-9.3398,-0.538
2.6102,-13.217,-0.569
9.1913,-6.9413,-0.501
8.9459,-11.482,0.045
-13.461,-0.13547,9.4284
-13.285,12.407,9.4354
-6.8698,6.5432,9.4894
-11.93,5.1077,9.3824
-5.5101,11.877,9.5644
-12.943,9.0696,6.4294
-9.0732,11.537,6.5914
-12.19,2.6102,12.97
-5.2173,9.1531,12.833
-13.384,9.0173,12.369
-9.1927,11.556,12.374
-9.4706,6.7525,12.981
-7.4451,-6.2968,9.5584
-1.236,-12.36,9.4284
-1.0607,0.18243,9.4354
5.3549,-5.6816,9.4894
-5.8499,-1.1024,9.3384
0.29486,-7.117,9.3824
0.54377,5.5402,9.4764
6.7147,-0.3479,9.5644
-13.315,-3.5157,6.4664
-7.5611,-9.6541,6.5394
-6.8943,2.9995,6.4044
-0.71842,-3.1551,6.4294
-9.3381,-1.3081,6.4964
-3.3022,-7.32,6.5354
-2.8843,5.4285,6.5654
3.1516,-0.68802,6.5914
-5.9751,-3.462,12.843
0.034648,-9.6145,12.97
0.61448,3.1063,13.032
7.0074,-3.0717,12.833
-13.821,-3.6713,12.271
-7.6544,-9.7588,12.493
-7.1927,2.885,12.356
-1.1597,-3.2074,12.369
-9.6145,-0.99207,12.325
-3.4372,-7.2542,12.319
-3.0335,5.2835,12.393
3.0321,-0.66892,12.374
-9.9603,-6.0769,12.974
-3.8573,-12.085,13.142
-3.2789,0.74317,12.939
2.7542,-5.4723,12.981
11.164,-12.042,9.4354
6.3749,-13.327,9.3384
12.769,-6.6846,9.4764
5.3305,-9.2252,6.4044
2.8867,-13.533,6.4964
9.3405,-6.7963,6.5654
12.839,-9.1184,13.032
5.0321,-9.3398,12.356
2.6102,-13.217,12.325
9.1913,-6.9413,12.393
8.9459,-11.482,12.939
-6.553,13.186,-9.8244
-2.7551,13.196,-6.9514
-2.9715,13.25,-12.646
1.0438,12.127,-9.9614
7.3696,6.275,-9.8964
13.738,12.665,-9.9474
-0.3775,6.8901,-9.8824
5.6718,0.96105,-9.8244
6.2502,13.498,-9.9194
12.435,7.482,-9.9714
7.4155,9.6655,-7.0924
13.671,3.5957,-7.1024
3.4126,7.2296,-6.9994
9.4697,0.97166,-6.9514
9.8699,13.599,-7.1004
7.1355,9.6486,-12.945
13.145,3.496,-12.818
-0.71055,9.4393,-13.517
5.4561,3.3518,-13.295
11.951,9.9031,-13.419
3.496,12.118,-13.463
9.6733,5.8564,-13.469
3.1503,7.0337,-12.814
9.2533,1.0254,-12.646
9.8317,13.854,-12.849
13.269,-0.097779,-9.9614
11.847,-5.3346,-9.8824
11.514,-2.7855,-13.517
-0.35022,12.975,-3.466
-6.553,13.186,3.07
-2.7551,13.196,5.943
-2.9715,13.25,0.248
5.6654,6.8138,-3.336
11.875,0.75033,-3.466
12.05,13.293,-3.459
1.0438,12.127,2.933
7.3696,6.275,2.998
13.738,12.665,2.947
-0.3775,6.8901,3.012
5.6718,0.96105,3.07
6.2502,13.498,2.975
12.435,7.482,2.923
7.2607,12.008,-3.556
13.405,5.9935,-3.512
-0.20426,9.5948,-6.428
5.5495,3.4564,-6.355
12.392,9.9555,-6.465
7.4155,9.6655,5.802
13.671,3.5957,5.792
3.4126,7.2296,5.895
9.4697,0.97166,5.943
9.8699,13.599,5.794
3.7725,11.802,-6.398
9.8084,5.7906,-6.359
7.1355,9.6486,-0.051
13.145,3.496,0.076
-0.71055,9.4393,-0.623
5.4561,3.3518,-0.401
11.951,9.9031,-0.525
3.496,12.118,-0.569
9.6733,5.8564,-0.575
3.1503,7.0337,0.08
9.2533,1.0254,0.248
9.8317,13.854,0.045
13.269,-0.09778,2.933
11.847,-5.3346,3.012
12.02,-2.6299,-6.428
11.514,-2.7855,-0.623
-0.35022,12.975,9.4284
-2.9715,13.25,13.142
5.6654,6.8138,9.5584
11.875,0.75033,9.4284
12.05,13.293,9.4354
7.2607,12.008,9.3384
13.405,5.9935,9.3824
-0.20426,9.5948,6.4664
5.5495,3.4564,6.5394
12.392,9.9554,6.4294
3.7725,11.802,6.4964
9.8084,5.7906,6.5354
7.1355,9.6486,12.843
13.145,3.496,12.97
-0.71055,9.4393,12.271
5.4561,3.3518,12.493
11.951,9.9031,12.369
3.496,12.118,12.325
9.6733,5.8564,12.319
3.1503,7.0337,12.974
9.2533,1.0254,13.142
9.8317,13.854,12.939
12.02,-2.6299,6.4664
11.514,-2.7855,12.271
0,0,0
-0.39386,-6.1794,0.023
6.1908,0.41234,0.091
-6.3173,-0.070711,-0.001
-0.19233,-0.13152,-6.357
-0.019799,6.3965,0.068
-0.19233,-0.13152,6.5374
-6.0048,6.0868,-0.029
6.22,-6.138,-0.029
0.15203,6.0026,-6.392
0.15203,6.0026,6.5024
6.3336,0.084146,-6.33
-6.2282,-0.46245,6.4324
-6.2282,-0.46245,-6.462
6.3336,0.084144,6.5644
-0.22698,-6.5598,-6.445
-0.22698,-6.5598,6.4494
-6.4269,-6.6221,0.045
6.6837,6.4885,0.045
5.8881,-6.1624,-6.379
5.8881,-6.1624,6.5154
-6.3367,6.0623,-6.379
-6.3367,6.0623,6.5154
6.2884,6.5486,-6.419
6.2884,6.5486,6.4754
-6.8222,-6.562,-6.419
-6.8222,-6.562,6.4754
12.589,0.39961,-0.491
0.36396,12.624,-0.491
-0.52184,-12.711,-0.491
-12.747,-0.4862,-0.491
5.583e-16,1.4142e-06,-12.894
-5.583e-16,-1.4142e-06,12.894
12.205,-5.8283,0.068
5.9075,-12.295,-0.001
-12.507,-0.57276,5.943
0.60326,12.538,5.943
-12.619,6.0453,0.023
-6.0339,12.637,0.091
-0.28255,-12.798,5.943
12.828,0.31305,5.943
6.1908,0.41234,-12.803
-0.39386,-6.1794,-12.871
-12.507,-0.57276,-6.9514
-0.39386,-6.1794,12.917
-0.019799,6.3965,-12.826
0.60326,12.538,-6.9514
-6.3173,-0.070712,12.893
-6.3173,-0.070709,-12.895
6.1908,0.41234,12.985
-0.019799,6.3965,12.962
-6.9197,-12.698,0.091
12.717,6.9312,0.023
-0.28255,-12.798,-6.9514
12.828,0.31305,-6.9514
6.7933,13.04,-0.001
-13.13,-6.7141,0.068
-5.8912,12.309,-6.33
-12.452,5.6649,-6.445
-12.452,5.6649,6.4494
-5.8912,12.309,6.5644
12.377,-6.2221,-6.392
12.377,-6.2221,6.5024
5.9966,-12.687,6.4324
-6.0048,6.0868,12.865
5.9966,-12.687,-6.462
-6.0048,6.0868,-12.923
6.22,-6.138,12.865
6.22,-6.138,-12.923
6.8824,12.648,6.4324
6.8824,12.648,-6.462
-6.4269,-6.6221,-12.849
12.884,6.5507,-6.445
12.884,6.5507,6.4494
6.6837,6.4885,-12.849
-6.4269,-6.6221,12.939
6.6837,6.4885,12.939
-6.777,-13.026,-6.33
-6.777,-13.026,6.5644
-12.959,-7.1079,-6.392
-12.959,-7.1079,6.5024
-12.225,12.225,-1.0586e-15
12.225,-12.225,1.0586e-15
12.589,0.39961,12.403
0.36396,12.624,12.403
-0.52184,-12.711,12.403
-12.747,-0.4862,12.403
12.589,0.39961,-13.385
12.032,-12.356,-6.357
0.36396,12.624,-13.385
12.032,-12.356,6.5374
-12.417,12.093,-6.357
-0.52184,-12.711,-13.385
-12.747,-0.48619,-13.385
-12.417,12.093,6.5374
13.111,13.111,0
-13.111,-13.111,0
12.205,-5.8283,-12.826
12.205,-5.8283,12.962
5.9075,-12.295,12.893
5.9075,-12.295,-12.895
-6.0339,12.637,-12.803
-12.619,6.0454,-12.871
-12.619,6.0453,12.917
-6.0339,12.637,12.985
-6.9197,-12.698,-12.803
12.717,6.9312,-12.871
12.918,12.979,-6.357
12.717,6.9312,12.917
-6.9197,-12.698,12.985
12.918,12.979,6.5374
-13.13,-6.7141,-12.826
6.7933,13.04,12.893
6.7933,13.04,-12.895
-13.13,-6.7141,12.962
-13.303,-13.242,-6.357
-13.303,-13.242,6.5374
12.225,-12.225,-12.894
-12.225,12.225,12.894
-12.225,12.225,-12.894
12.225,-12.225,12.894
-13.111,-13.111,-12.894
13.111,13.111,12.894
13.111,13.111,-12.894
-13.111,-13.111,12.894
