-3.8537,-9.6407,-9.3238
-9.5388,-3.9414,-9.2968
-9.9772,-9.9447,-9.3318
-3.8537,-9.6407,2.779
-9.5388,-3.9414,2.806
-8.6019,-8.8551,-3.249
-9.9772,-9.9447,2.771
-8.6019,-8.8551,8.8538
-9.0302,7.9809,-9.2628
2.3794,-3.4288,-9.2628
-3.293,2.3129,-9.2068
8.6437,2.8567,-9.3238
2.9585,8.556,-9.2968
-9.4201,2.0025,-9.1288
-3.7137,-3.6812,-9.1528
-3.1742,8.2385,-9.2158
2.5201,2.5527,-9.3318
8.1166,-9.0967,-9.2068
1.9895,-9.4071,-9.1288
8.2354,-3.1712,-9.2158
-9.0302,7.9809,2.84
2.3794,-3.4288,2.84
-3.293,2.3129,2.896
8.6437,2.8567,2.779
2.9585,8.556,2.806
-8.4542,-2.9076,-3.253
-2.2076,3.3672,-3.218
-7.9429,9.0262,-3.179
-8.066,3.0879,-3.019
-2.3561,-2.6248,-3.127
-1.8257,9.3267,-3.246
3.8955,3.6423,-3.249
-9.4201,2.0025,2.974
-3.7137,-3.6812,2.95
-3.1742,8.2385,2.887
2.5201,2.5527,2.771
8.1166,-9.0967,2.896
-2.7785,-8.6215,-3.238
9.202,-8.0424,-3.218
3.4667,-2.3834,-3.179
3.3437,-8.3217,-3.019
9.5839,-2.0829,-3.246
1.9895,-9.4071,2.974
8.2354,-3.1712,2.887
-8.4542,-2.9076,8.8498
-2.2076,3.3672,8.8848
-7.9429,9.0262,8.9238
-8.066,3.0879,9.0838
-2.3561,-2.6248,8.9758
-1.8257,9.3267,8.8568
3.8955,3.6423,8.8538
-2.7785,-8.6215,8.8648
9.202,-8.0424,8.8848
3.4667,-2.3835,8.9238
3.3437,-8.3217,9.0838
9.5839,-2.0829,8.8568
8.7836,8.8162,-9.1528
4.0432,9.5898,-3.253
10.141,9.8726,-3.127
8.7836,8.8162,2.95
9.7189,3.8758,-3.238
4.0432,9.5898,8.8498
10.141,9.8726,8.9758
9.7189,3.8758,8.8648
-8.657,-9.244,-9.2898
-9.28,-4.1563,-3.256
-8.657,-9.244,2.813
-9.9136,-9.5756,-3.227
-3.5697,-9.8908,-3.27
-9.28,-4.1563,8.8468
-9.9136,-9.5756,8.8758
-3.5697,-9.8908,8.8328
-8.2071,9.2297,-9.2768
-8.7646,-2.6623,-9.2568
-3.0335,-8.3905,-9.2528
-2.5074,3.585,-9.2478
3.2025,-2.18,-9.2768
-8.1013,2.7089,-9.1228
-2.3971,-2.9727,-9.1878
-1.859,8.9513,-9.2668
3.8403,3.2534,-9.2898
8.9022,-7.8246,-9.2478
3.3083,-8.7007,-9.1228
9.5506,-2.4584,-9.2668
-8.2071,9.2297,2.826
-8.7278,7.7548,-3.129
-3.0208,2.1142,-3.149
3.2173,8.341,-3.256
-8.7646,-2.6623,2.846
-3.0335,-8.3905,2.85
-2.5074,3.585,2.855
3.2025,-2.18,2.826
-8.1013,2.7089,2.98
-2.3971,-2.9727,2.915
-1.859,8.9513,2.836
3.8403,3.2534,2.813
-9.3833,2.3844,-3.116
-3.6699,-3.339,-3.149
-3.1388,8.6161,-3.159
2.5838,2.9218,-3.227
2.6818,-3.6548,-3.129
8.3889,-9.2954,-3.149
8.9277,2.6066,-3.27
8.9022,-7.8246,2.855
3.3083,-8.7007,2.98
9.5506,-2.4584,2.836
2.0263,-9.0253,-3.116
8.2708,-2.7936,-3.159
-8.7278,7.7548,8.9738
-3.0208,2.1142,8.9538
3.2173,8.341,8.8468
-9.3833,2.3844,8.9868
-3.6699,-3.339,8.9538
-3.1388,8.6161,8.9438
2.5838,2.9218,8.8758
2.6818,-3.6548,8.9738
8.3889,-9.2954,8.9538
8.9277,2.6066,8.8328
2.0263,-9.0253,8.9868
8.2708,-2.7936,8.9438
3.7327,9.8351,-9.2568
9.4638,4.1069,-9.2528
10.1,9.5247,-9.1878
3.7327,9.8351,2.846
9.4638,4.1069,2.85
10.1,9.5247,2.915
8.8275,9.1584,-3.149
8.8275,9.1584,8.9538
-11.605,-7.0088,-9.3228
-12.571,-0.25877,-9.3148
-6.902,-5.9347,-9.2208
-13.144,-12.166,-9.2098
-11.558,-3.6402,-6.5798
-5.8279,-9.3027,-6.6378
-9.4327,-11.937,-6.6448
-11.589,-3.5376,-12.024
-5.8923,-9.2525,-12.019
-12.712,-9.4865,-12.653
-9.1555,-6.8589,-12.67
-9.4914,-11.975,-11.975
-5.8819,-12.719,-9.3768
-1.1613,-11.668,-9.3148
-3.4473,-12.55,-12.677
-12.663,-6.0825,-3.268
-6.9741,-11.792,-3.33
-11.605,-7.0088,2.78
-12.571,-0.25878,2.788
-6.902,-5.9347,2.882
-13.144,-12.166,2.893
-11.655,-12.886,-3.164
-12.738,-9.5629,-5.905
-11.558,-3.6402,5.523
-5.8279,-9.3027,5.465
-9.4327,-11.937,5.458
-9.0721,-6.8575,-5.904
-11.589,-3.5376,0.079
-5.8923,-9.2525,0.084
-12.712,-9.4865,-0.55
-9.1555,-6.8589,-0.567
-9.4914,-11.975,0.128
-5.8819,-12.719,2.726
-1.1613,-11.668,2.788
-3.3886,-12.585,-5.924
-3.4473,-12.55,-0.574
-12.663,-6.0825,8.8348
-6.9741,-11.792,8.7728
-11.655,-12.886,8.9388
-12.738,-9.5629,6.1978
-9.0721,-6.8575,6.1988
-11.589,-3.5376,12.182
-5.8922,-9.2525,12.187
-12.712,-9.4865,11.553
-9.1555,-6.8589,11.536
-9.4914,-11.975,12.231
-3.3886,-12.585,6.1788
-3.4473,-12.55,11.529
-12.056,11.741,-9.2098
-10.981,8.3267,-6.5608
-8.345,11.97,-6.6448
-11.035,8.42,-11.922
-8.4037,11.932,-11.975
-11.057,4.9292,-9.0708
-5.3493,-0.75024,-9.0868
-4.7942,11.188,-9.3768
0.89237,5.4886,-9.3228
-0.07354,12.239,-9.3148
5.5953,6.5627,-9.2208
-6.2657,5.9545,-9.0608
-0.6463,0.33093,-9.2098
-5.275,2.6403,-6.4538
0.42851,-3.083,-6.5608
0.93904,8.8572,-6.5798
6.6694,3.1947,-6.6378
-8.8395,-0.051618,-6.5198
-3.1459,-5.7382,-6.5378
-2.6403,6.2508,-6.5168
3.0646,0.56003,-6.6448
-5.3662,2.6835,-11.915
0.37477,-2.9896,-11.922
0.90863,8.9598,-12.024
6.6051,3.2449,-12.019
-12.207,2.4947,-12.594
-6.5202,-3.2421,-12.636
-5.9277,8.6925,-12.554
-0.21496,3.0109,-12.653
-8.6111,5.135,-12.471
-2.9218,-0.58973,-12.604
-2.3596,11.357,-12.677
3.3418,5.6385,-12.67
-8.9513,0.062933,-11.862
-3.2711,-5.6597,-11.854
-2.6566,6.2501,-11.89
3.0059,0.52255,-11.975
0.35259,-6.4804,-9.0708
6.0604,-12.16,-9.0868
6.6154,-0.22182,-9.3768
12.302,-5.9211,-9.3228
11.336,0.82894,-9.3148
5.1439,-5.4551,-9.0608
10.763,-11.079,-9.2098
6.1346,-8.7693,-6.4538
12.349,-2.5524,-6.5798
2.5701,-11.461,-6.5198
8.7693,-5.1588,-6.5168
6.0434,-8.7262,-11.915
12.318,-2.4499,-12.024
-0.79787,-8.915,-12.594
5.4819,-2.7172,-12.554
11.195,-8.3988,-12.653
2.7985,-6.2747,-12.471
8.4879,-11.999,-12.604
9.05,-0.052825,-12.677
2.4584,-11.347,-11.862
8.753,-5.1596,-11.89
-12.126,5.8553,-3.022
-5.8864,12.115,-3.33
-12.056,11.741,2.893
-10.567,11.021,-3.164
-10.981,8.3267,5.542
-8.345,11.97,5.458
-11.035,8.42,0.181
-8.4037,11.932,0.128
-6.4297,0.1591,-3.033
-0.7163,-5.5543,-3.022
-0.16546,6.4149,-3.268
5.5232,0.70499,-3.33
-11.057,4.9292,3.032
-5.3493,-0.75024,3.016
-4.7942,11.188,2.726
0.89237,5.4886,2.78
-0.073539,12.239,2.788
5.5953,6.5627,2.882
-6.2657,5.9545,3.042
-0.6463,0.33093,2.893
-4.9787,5.3874,-3.013
0.84216,-0.3882,-3.164
-11.18,-0.90156,-3.259
-5.4292,-6.6426,-3.166
-12.099,2.3773,-5.937
-6.3944,-3.3185,-5.925
-5.9001,8.672,-5.915
-0.24042,2.9345,-5.905
-5.275,2.6403,5.649
0.42851,-3.083,5.542
0.93904,8.8572,5.523
6.6694,3.1947,5.465
-8.8395,-0.051619,5.583
-3.1459,-5.7382,5.565
-2.6403,6.2508,5.586
3.0646,0.56003,5.458
-8.5475,5.053,-5.742
-2.8086,-0.63215,-5.81
-2.3009,11.322,-5.924
3.4252,5.6399,-5.904
-5.3662,2.6835,0.188
0.37477,-2.9896,0.181
0.90863,8.9598,0.079
6.6051,3.2449,0.084
-12.207,2.4947,-0.491
-6.5202,-3.2421,-0.533
-5.9277,8.6925,-0.451
-0.21496,3.0109,-0.55
-8.6111,5.135,-0.368
-2.9218,-0.58973,-0.501
-2.3596,11.357,-0.574
3.3418,5.6385,-0.567
-8.9513,0.062933,0.241
-3.2711,-5.6597,0.249
-2.6566,6.2501,0.213
3.0059,0.52255,0.128
4.9799,-11.251,-3.033
11.244,-4.9948,-3.268
0.35259,-6.4804,3.032
6.0604,-12.16,3.016
6.6154,-0.22182,2.726
12.302,-5.9211,2.78
11.336,0.82894,2.788
5.1439,-5.4551,3.042
10.763,-11.079,2.893
6.4309,-6.0222,-3.013
12.252,-11.798,-3.164
0.22955,-12.311,-3.259
-0.68898,-9.0324,-5.937
5.5095,-2.7377,-5.915
11.169,-8.4752,-5.905
6.1346,-8.7693,5.649
12.349,-2.5524,5.523
2.5701,-11.461,5.583
8.7693,-5.1588,5.586
2.8621,-6.3567,-5.742
8.601,-12.042,-5.81
9.1087,-0.087474,-5.924
6.0434,-8.7262,0.188
12.318,-2.4499,0.079001
-0.79787,-8.915,-0.491
5.4819,-2.7172,-0.451
11.195,-8.3988,-0.55
2.7985,-6.2747,-0.368
8.4879,-11.999,-0.501
9.05,-0.052826,-0.574
2.4584,-11.347,0.241
8.753,-5.1596,0.213
-12.126,5.8553,9.0808
-5.8864,12.115,8.7728
-10.567,11.021,8.9388
-11.035,8.42,12.284
-8.4037,11.932,12.231
-6.4297,0.1591,9.0698
-0.7163,-5.5543,9.0808
-0.16546,6.4149,8.8348
5.5232,0.70498,8.7728
-4.9787,5.3874,9.0898
0.84216,-0.3882,8.9388
-11.18,-0.90156,8.8438
-5.4292,-6.6426,8.9368
-12.099,2.3773,6.1658
-6.3944,-3.3185,6.1778
-5.9001,8.672,6.1878
-0.24042,2.9345,6.1978
-8.5475,5.053,6.3608
-2.8086,-0.63215,6.2928
-2.3009,11.322,6.1788
3.4252,5.6399,6.1988
-5.3662,2.6835,12.291
0.37477,-2.9896,12.284
0.90863,8.9597,12.182
6.6051,3.2449,12.187
-12.207,2.4947,11.612
-6.5202,-3.2421,11.57
-5.9277,8.6925,11.652
-0.21496,3.0109,11.553
-8.6111,5.135,11.735
-2.9218,-0.58973,11.602
-2.3596,11.357,11.529
3.3418,5.6385,11.536
-8.9513,0.062932,12.344
-3.2711,-5.6597,12.352
-2.6566,6.2501,12.316
3.0059,0.52255,12.231
4.9799,-11.251,9.0698
11.244,-4.9948,8.8348
6.4309,-6.0222,9.0898
12.252,-11.798,8.9388
0.22956,-12.311,8.8438
-0.68898,-9.0324,6.1658
5.5095,-2.7377,6.1878
11.169,-8.4752,6.1978
2.8621,-6.3567,6.3608
8.601,-12.042,6.2928
9.1087,-0.087475,6.1788
6.0434,-8.7262,12.291
12.318,-2.4499,12.182
-0.79787,-8.915,11.612
5.4819,-2.7172,11.652
11.195,-8.3988,11.553
2.7985,-6.2747,11.735
8.4879,-11.999,11.602
9.05,-0.052827,11.529
2.4584,-11.347,12.344
8.753,-5.1596,12.316
7.1481,11.747,-9.0868
11.851,12.828,-9.2098
12.926,9.4144,-6.5608
3.6578,12.446,-6.5198
9.3514,6.7592,-6.5378
12.872,9.5077,-11.922
5.9771,9.2553,-12.636
9.5756,11.908,-12.604
3.5461,12.56,-11.862
9.2263,6.8377,-11.854
12.85,6.017,-9.0708
11.699,3.5824,-12.594
6.0676,12.656,-3.033
11.781,6.9431,-3.022
7.1481,11.747,3.016
11.851,12.828,2.893
13.339,12.109,-3.164
1.3173,11.596,-3.259
7.0682,5.8548,-3.166
6.103,9.1789,-5.925
12.926,9.4144,5.542
3.6578,12.446,5.583
9.3514,6.7592,5.565
9.6887,11.865,-5.81
12.872,9.5077,0.181
5.9771,9.2553,-0.533
9.5756,11.908,-0.501
3.5461,12.56,0.241
9.2263,6.8377,0.249
12.85,6.017,3.032
12.727,0.18615,-3.259
11.808,3.465,-5.937
11.699,3.5824,-0.491
6.0676,12.656,9.0698
11.781,6.9431,9.0808
13.339,12.109,8.9388
1.3173,11.596,8.8438
7.0682,5.8548,8.9368
6.103,9.1789,6.1778
9.6887,11.865,6.2928
12.872,9.5077,12.284
5.9771,9.2553,11.57
9.5756,11.908,11.602
3.5461,12.56,12.344
9.2263,6.8377,12.352
12.727,0.18615,8.8438
11.808,3.465,6.1658
11.699,3.5824,11.612
0,0,0
-5.9369,-0.28567,-0.179
0.37194,5.9454,-0.078
-0.2291,-5.9637,-0.193
0.17536,-0.06364,-6.051
0.17536,-0.06364,6.0518
6.0851,0.21375,-0.016999
-5.572,5.6752,-0.244
5.8376,-5.7344,-0.244
-5.8372,-0.3288,5.873
-0.13602,-6.0413,5.856
0.35426,5.9305,5.9748
0.35426,5.9305,-6.128
-5.8372,-0.3288,-6.2298
6.0465,0.27365,6.0328
6.0465,0.27365,-6.07
-0.13602,-6.0413,-6.2468
-6.2409,-6.2381,-0.006
6.2565,6.2593,-0.006
-5.6611,5.671,5.809
5.7485,-5.7387,5.809
-5.6611,5.671,-6.2938
5.7485,-5.7387,-6.2938
-6.074,-6.3258,6.0438
-6.074,-6.3258,-6.059
6.4233,6.1716,6.0438
6.4233,6.1716,-6.059
-0.52344,-11.933,-0.005999
-11.933,-0.52323,-0.006
11.974,0.56448,-0.005999
0.56427,11.974,-0.006
-7.0711e-07,7.0711e-07,-12.103
7.0711e-07,-7.0711e-07,12.103
-5.3245,11.623,-0.017
-11.639,5.4459,-0.193
5.4728,-11.695,-0.179
11.782,-5.4643,-0.077999
-11.795,-0.63428,6.0478
-11.795,-0.63427,-6.055
-0.2291,-5.9637,11.91
-5.9369,-0.28567,11.924
0.70209,11.863,6.0478
0.70209,11.863,-6.055
0.37194,5.9454,12.025
-0.38563,-12.044,6.0478
-0.38563,-12.044,-6.055
6.0851,0.21375,12.086
12.112,0.45344,6.0478
12.112,0.45344,-6.055
0.37194,5.9454,-12.181
6.0851,0.21375,-12.12
-5.9369,-0.28567,-12.282
-0.2291,-5.9637,-12.296
-12.125,-6.552,-0.078
-6.4122,-12.284,-0.016999
6.5605,12.212,-0.179
12.268,6.5336,-0.193
-11.546,5.3684,5.856
-11.546,5.3684,-6.2468
-5.3631,11.683,6.0328
-5.3631,11.683,-6.07
5.5725,-11.738,5.873
-5.572,5.6752,11.859
11.764,-5.4792,5.9748
11.764,-5.4792,-6.128
5.8376,-5.7344,11.859
5.5725,-11.738,-6.2298
-5.572,5.6752,-12.347
5.8376,-5.7344,-12.347
-6.2409,-6.2381,12.097
-6.2409,-6.2381,-12.109
6.2565,6.2593,12.097
6.2565,6.2593,-12.109
-12.143,-6.5669,5.9748
6.6602,12.169,5.873
-6.4509,-12.224,6.0328
-6.4509,-12.224,-6.07
-12.143,-6.5669,-6.128
12.361,6.4561,5.856
6.6602,12.169,-6.2298
12.361,6.4561,-6.2468
-11.41,11.41,-1e-06
11.41,-11.41,1e-06
-0.52344,-11.933,12.097
-11.933,-0.52323,12.097
-0.52344,-11.933,-12.109
-11.933,-0.52323,-12.109
11.974,0.56448,12.097
0.56427,11.974,12.097
11.974,0.56448,-12.109
0.56427,11.974,-12.109
-11.234,11.346,-6.051
-11.234,11.346,6.0518
11.585,-11.473,-6.051
11.585,-11.473,6.0518
-11.639,5.4459,11.91
5.4728,-11.695,11.924
-5.3245,11.623,12.086
-5.3245,11.623,-12.12
-12.497,-12.497,1.9594e-21
12.497,12.497,-1.9594e-21
11.782,-5.4643,12.025
-11.639,5.4459,-12.296
11.782,-5.4643,-12.181
5.4728,-11.695,-12.282
6.5605,12.212,11.924
-12.125,-6.552,12.025
12.268,6.5336,11.91
-6.4122,-12.284,12.086
-12.125,-6.552,-12.181
-6.4122,-12.284,-12.12
6.5605,12.212,-12.282
12.268,6.5336,-12.296
-12.322,-12.561,-6.051
-12.322,-12.561,6.0518
12.673,12.434,-6.051
12.673,12.434,6.0518
-11.41,11.41,12.103
11.41,-11.41,-12.103
-11.41,11.41,-12.103
11.41,-11.41,12.103
-12.497,-12.497,-12.103
12.497,12.497,12.103
-12.497,-12.497,12.103
12.497,12.497,-12.103
