-9.5706,-9.821,-9.1268
-9.053,2.0782,-9.0648
-3.2986,-3.5829,-9.0518
-9.4716,-3.713,-9.2058
-3.6967,-9.3974,-8.9638
2.3566,-9.3315,-9.0648
-9.5706,-9.821,2.976
-9.053,2.0782,3.038
-3.2986,-3.5829,3.051
-8.9484,-8.8975,-2.992
-8.5489,-3.1127,-2.922
-2.8121,-8.7448,-2.915
-9.4716,-3.713,2.897
-3.6967,-9.3974,3.139
2.3566,-9.3315,3.038
-8.9484,-8.8975,9.1108
-8.5488,-3.1127,9.1808
-2.8121,-8.7448,9.1878
-8.8393,8.1831,-8.9438
-2.769,8.4117,-9.0988
2.9267,2.6764,-9.1268
9.1988,8.9145,-9.0518
-3.2223,2.5293,-8.9418
2.5703,-3.2265,-8.9438
3.0257,8.7844,-9.2058
8.8007,3.1,-8.9638
8.6406,-2.9979,-9.0988
8.1873,-8.8803,-8.9418
-8.4263,3.0807,-3.064
-2.1204,9.364,-2.948
-7.9964,8.9185,-2.886
-8.8393,8.1831,3.159
-2.769,8.4117,3.004
2.9267,2.6764,2.976
9.1988,8.9145,3.051
-2.6912,-2.6686,-3.048
2.9833,-8.329,-3.064
3.549,3.5999,-2.992
9.2893,-2.0457,-2.948
-2.2889,3.153,-3.058
3.4132,-2.4911,-2.886
3.9485,9.3847,-2.922
9.6852,3.7526,-2.915
-3.2223,2.5293,3.161
2.5703,-3.2265,3.159
3.0257,8.7844,2.897
8.8007,3.1,3.139
8.6406,-2.9979,3.004
9.1207,-8.2567,-3.058
8.1873,-8.8803,3.161
-8.4263,3.0807,9.0388
-2.1204,9.364,9.1548
-7.9964,8.9185,9.2168
-2.6912,-2.6686,9.0548
2.9833,-8.329,9.0388
3.549,3.5999,9.1108
9.2893,-2.0457,9.1548
-2.2889,3.153,9.0448
3.4132,-2.4911,9.2168
3.9485,9.3847,9.1808
9.6852,3.7526,9.1878
9.1207,-8.2567,9.0448
9.8061,9.8288,-3.048
9.8061,9.8288,9.0548
-8.9922,-8.4421,-9.0968
-8.0921,-3.1791,-8.9928
-2.2881,-8.8954,-8.9788
-9.4271,-10.314,-2.989
-8.9526,1.6822,-2.987
-3.2399,-4.0588,-2.993
-8.9922,-8.4421,3.006
-8.0921,-3.1791,3.11
-2.2881,-8.8954,3.124
-9.9553,-3.6168,-2.979
-4.1973,-9.3083,-2.936
2.457,-9.7274,-2.987
-9.4271,-10.314,9.1138
-8.9526,1.6822,9.1158
-3.2399,-4.0588,9.1098
-9.9553,-3.6168,9.1238
-4.1973,-9.3083,9.1668
2.457,-9.7274,9.1158
-8.5232,3.4788,-9.0728
-2.2879,9.8272,-9.0568
-7.4456,8.7241,-8.9548
-2.7648,-2.1864,-9.0168
2.8864,-7.9309,-9.0728
3.5051,4.0553,-9.0968
9.1217,-1.5825,-9.0568
-1.825,3.0441,-9.0718
3.964,-2.6856,-8.9548
4.4053,9.3183,-8.9928
10.209,3.602,-8.9788
9.5846,-8.3656,-9.0718
-8.5232,3.4788,3.03
-2.2879,9.8272,3.046
-7.4456,8.7241,3.148
-9.3732,8.3338,-2.921
-2.6771,7.9762,-2.99
3.0703,2.1835,-2.989
9.2574,8.4386,-2.993
-2.7648,-2.1864,3.086
2.8864,-7.9309,3.03
3.5051,4.0553,3.006
9.1217,-1.5825,3.046
-1.825,3.0441,3.031
3.964,-2.6856,3.148
4.4053,9.3183,3.11
10.209,3.602,3.124
-3.6861,2.6326,-2.938
2.0365,-3.0759,-2.921
2.542,8.8806,-2.979
8.3,3.1891,-2.936
8.7325,-3.4335,-2.99
9.5846,-8.3656,3.031
7.7235,-8.7771,-2.938
-9.3732,8.3338,9.1818
-2.6771,7.9762,9.1128
3.0703,2.1835,9.1138
9.2574,8.4386,9.1098
-3.6861,2.6326,9.1648
2.0365,-3.0759,9.1818
2.542,8.8806,9.1238
8.3,3.1891,9.1668
8.7325,-3.4335,9.1128
7.7235,-8.7771,9.1648
9.7325,10.311,-9.0168
9.7325,10.311,3.086
-10.964,2.3474,-6.2818
-11,2.4754,-11.827
-11.691,-12.84,-8.9268
-11.261,-0.90719,-9.1208
-5.4949,-6.5414,-9.1588
-12.434,-5.8428,-8.9768
-6.7104,-11.606,-9.2118
-11.452,-9.5551,-6.3208
-5.2551,-3.3177,-6.2798
0.44555,-9.0623,-6.2818
-9.1817,-5.5472,-6.4038
-3.4973,-11.399,-6.1978
-11.604,-9.5304,-11.809
-5.316,-3.2908,-11.797
0.40948,-8.9343,-11.827
-12.699,-3.4118,-12.261
-7.0434,-9.1605,-12.365
-9.3465,-12.968,-12.251
-8.802,-1.1865,-12.226
-2.9889,-6.7931,-12.248
-9.0813,-5.6589,-11.918
-3.4577,-11.291,-11.751
0.14901,-12.317,-9.1208
2.6076,-12.596,-12.226
-12.386,-0.16918,-3.063
-11.248,4.8336,-3.126
-10.964,2.3474,5.821
-11,2.4754,0.276
-13.016,-12.185,-2.857
-6.7818,-5.9446,-3.126
-0.97644,-11.579,-3.063
-11.691,-12.84,3.176
-11.261,-0.90719,2.982
-5.4949,-6.5414,2.944
-12.434,-5.8428,3.126
-6.7104,-11.606,2.891
-11.852,-7.2429,-2.933
-6.0867,-12.804,-3.158
-5.5295,-0.94891,-3.116
0.16129,-6.5761,-3.126
-12.683,-3.486,-5.725
-6.9381,-9.1867,-5.749
-11.452,-9.5551,5.782
-5.2551,-3.3177,5.823
0.44555,-9.0623,5.821
-9.1817,-5.5472,5.699
-3.4973,-11.399,5.905
-9.3366,-13.169,-5.704
-8.8317,-1.1653,-5.668
-3.1642,-6.8794,-5.748
-11.604,-9.5304,0.294
-5.316,-3.2908,0.306
0.40949,-8.9343,0.276
-12.699,-3.4118,-0.158
-7.0434,-9.1605,-0.262
-9.3465,-12.968,-0.148
-8.802,-1.1865,-0.123
-2.9889,-6.7931,-0.145
-9.0813,-5.659,0.185
-3.4577,-11.291,0.352
0.14901,-12.317,2.982
5.8801,-12.359,-3.116
2.5779,-12.575,-5.668
2.6076,-12.596,-0.123
-12.386,-0.16918,9.0398
-11.248,4.8336,8.9768
-11,2.4754,12.379
-13.016,-12.185,9.2458
-6.7818,-5.9446,8.9768
-0.97644,-11.579,9.0398
-11.852,-7.2429,9.1698
-6.0867,-12.804,8.9448
-5.5295,-0.94891,8.9868
0.16129,-6.5761,8.9768
-12.683,-3.486,6.3778
-6.9381,-9.1867,6.3538
-9.3366,-13.169,6.3988
-8.8317,-1.1653,6.4348
-3.1642,-6.8794,6.3548
-11.604,-9.5304,12.397
-5.316,-3.2909,12.409
0.40949,-8.9343,12.379
-12.699,-3.4118,11.945
-7.0434,-9.1605,11.841
-9.3465,-12.968,11.955
-8.802,-1.1865,11.98
-2.9889,-6.7932,11.958
-9.0813,-5.659,12.288
-3.4577,-11.291,12.455
5.8801,-12.359,8.9868
2.5779,-12.575,6.4348
2.6076,-12.596,11.98
-10.603,11.067,-8.9268
-11.844,6.0547,-9.1688
-5.6227,12.301,-9.2118
-4.6292,8.6795,-6.3118
-8.7099,6.2011,-6.1988
-2.4096,12.509,-6.1978
-4.7833,8.6569,-11.812
-12.22,8.5006,-12.327
-8.2588,10.939,-12.251
-8.5663,6.3942,-11.783
-2.37,12.616,-11.751
-4.9462,5.3973,-8.9358
0.80681,-0.34295,-8.9268
1.2367,11.59,-9.1208
7.0025,5.956,-9.1588
-6.1836,0.35568,-9.1658
-0.43487,-5.3549,-9.1688
0.062932,6.6546,-8.9768
5.787,0.89096,-9.2118
1.0458,2.9423,-6.3208
6.7804,-2.7301,-6.3118
7.2422,9.1797,-6.2798
12.943,3.4351,-6.2818
-2.9161,0.58831,-6.2148
2.6997,-5.2085,-6.1988
3.3156,6.9502,-6.4038
9.0001,1.0988,-6.1978
0.89378,2.967,-11.809
6.6263,-2.7528,-11.812
7.1814,9.2065,-11.797
12.907,3.5631,-11.827
-6.5231,2.7867,-12.34
-0.81035,-2.909,-12.327
-0.20153,9.0856,-12.261
5.4539,3.3368,-12.365
-2.5746,5.1004,-12.407
3.1509,-0.47093,-12.251
3.6953,11.311,-12.226
9.5085,5.7042,-12.248
-2.9458,0.65195,-11.751
2.8433,-5.0155,-11.783
3.416,6.8384,-11.918
9.0397,1.2063,-11.751
6.4634,-6.0123,-8.9358
12.216,-11.753,-8.9268
12.646,0.18052,-9.1208
5.226,-11.054,-9.1658
11.473,-4.7551,-8.9768
12.455,-8.4674,-6.3208
8.4935,-10.821,-6.2148
12.303,-8.4426,-11.809
4.8866,-8.623,-12.34
11.208,-2.3241,-12.261
8.835,-6.3093,-12.407
8.4638,-10.758,-11.751
-11.929,11.722,-2.857
-6.2449,6.0427,-2.898
0.11127,12.328,-3.063
-10.603,11.067,3.176
-11.844,6.0547,2.934
-5.6227,12.301,2.891
-4.999,11.103,-3.158
-12.084,8.4667,-5.732
-4.6292,8.6795,5.791
-8.7099,6.2011,5.904
-2.4096,12.509,5.905
-8.2489,10.738,-5.704
-4.7833,8.6569,0.291
-12.22,8.5006,-0.224
-8.2588,10.939,-0.148
-8.5663,6.3942,0.32
-2.37,12.616,0.352
-0.51902,0.31254,-2.857
5.1647,-5.3669,-2.898
5.7155,6.5528,-3.126
11.521,0.91853,-3.063
-4.9462,5.3973,3.167
0.80681,-0.34295,3.176
1.2367,11.59,2.982
7.0025,5.956,2.944
-6.1836,0.35567,2.937
-0.43487,-5.3549,2.934
0.062933,6.6546,3.126
5.787,0.89095,2.891
0.64559,5.2545,-2.933
6.4106,-0.30688,-3.158
6.9678,11.548,-3.116
12.659,5.9213,-3.126
-6.3852,2.7959,-5.767
-0.67458,-2.943,-5.732
-0.18526,9.0114,-5.725
5.5593,3.3107,-5.749
1.0458,2.9423,5.782
6.7804,-2.7301,5.791
7.2422,9.1797,5.823
12.943,3.4351,5.821
-2.9161,0.58831,5.888
2.6997,-5.2085,5.904
3.3156,6.9502,5.699
9.0001,1.0988,5.905
-2.5923,5.0318,-5.819
3.1608,-0.67175,-5.704
3.6656,11.332,-5.668
9.3331,5.618,-5.748
0.89378,2.967,0.294
6.6263,-2.7528,0.291
7.1814,9.2065,0.306
12.907,3.5631,0.276
-6.5231,2.7867,-0.237
-0.81034,-2.909,-0.224
-0.20153,9.0856,-0.158
5.4539,3.3368,-0.262
-2.5746,5.1004,-0.304
3.1509,-0.47093,-0.148
3.6953,11.311,-0.123
9.5085,5.7042,-0.145
-2.9458,0.65195,0.352
2.8433,-5.0155,0.32
3.416,6.8384,0.185
9.0397,1.2063,0.352
10.891,-11.097,-2.857
6.4634,-6.0123,3.167
12.216,-11.753,3.176
12.646,0.18052,2.982
5.226,-11.054,2.937
11.473,-4.7551,3.126
12.055,-6.1552,-2.933
5.0244,-8.6138,-5.767
11.224,-2.3983,-5.725
12.455,-8.4674,5.782
8.4935,-10.821,5.888
8.8174,-6.3779,-5.819
12.303,-8.4426,0.294
4.8866,-8.623,-0.237
11.208,-2.3241,-0.158
8.835,-6.3093,-0.304
8.4638,-10.758,0.352
-11.929,11.722,9.2458
-6.2449,6.0427,9.2048
0.11127,12.328,9.0398
-4.999,11.103,8.9448
-12.084,8.4667,6.3708
-8.2489,10.738,6.3988
-4.7833,8.6569,12.394
-12.22,8.5006,11.879
-8.2588,10.939,11.955
-8.5663,6.3942,12.423
-2.37,12.616,12.455
-0.51902,0.31254,9.2458
5.1647,-5.3669,9.2048
5.7155,6.5528,8.9768
11.521,0.91853,9.0398
0.64559,5.2545,9.1698
6.4106,-0.30689,8.9448
6.9678,11.548,8.9868
12.659,5.9213,8.9768
-6.3852,2.7959,6.3358
-0.67458,-2.943,6.3708
-0.18526,9.0114,6.3778
5.5593,3.3107,6.3538
-2.5923,5.0318,6.2838
3.1608,-0.67175,6.3988
3.6656,11.332,6.4348
9.3331,5.618,6.3548
0.89378,2.967,12.397
6.6263,-2.7528,12.394
7.1814,9.2065,12.409
12.907,3.5631,12.379
-6.5231,2.7867,11.866
-0.81034,-2.909,11.879
-0.20152,9.0856,11.945
5.4539,3.3368,11.841
-2.5746,5.1004,11.799
3.1509,-0.47093,11.955
3.6953,11.311,11.98
9.5085,5.7042,11.958
-2.9458,0.65195,12.455
2.8433,-5.0155,12.423
3.416,6.8384,12.288
9.0397,1.2063,12.455
10.891,-11.097,9.2458
12.055,-6.1552,9.1698
5.0244,-8.6138,6.3358
11.224,-2.3983,6.3778
8.8174,-6.3779,6.2838
12.303,-8.4426,12.397
4.8866,-8.623,11.866
11.208,-2.3241,11.945
8.835,-6.3093,11.799
8.4638,-10.758,12.455
13.304,12.154,-8.9268
6.3137,12.853,-9.1658
12.062,7.1425,-9.1688
9.5812,13.086,-6.2148
11.687,9.5883,-12.327
9.5515,13.149,-11.751
11.978,12.81,-2.857
13.304,12.154,3.176
6.3137,12.853,2.937
12.062,7.1425,2.934
11.823,9.5544,-5.732
9.5812,13.086,5.888
11.687,9.5883,-0.224
9.5515,13.149,0.352
11.978,12.81,9.2458
11.823,9.5544,6.3708
11.687,9.5883,11.879
9.5515,13.149,12.455
0,0,0
0.30123,5.91,-0.031
-0.16334,-5.9248,-0.009
-5.9277,-0.19021,-0.001
0.22415,0.047376,6.016
6.0366,0.36416,0.003
0.22415,0.047377,-6.0868
-5.6686,5.7267,-0.030001
5.741,-5.683,-0.03
-5.8286,-0.32454,-6.0308
-5.8286,-0.32454,6.072
-0.14001,-5.9751,-6.0458
-0.14001,-5.9751,6.057
0.52397,6.0691,6.035
0.52397,6.0691,-6.0678
6.1497,0.20011,-6.0468
6.1497,0.20011,6.056
-6.1341,-6.1384,0.052
6.3633,6.359,0.052
-5.4589,5.6668,-6.0468
-5.4589,5.6668,6.056
5.9508,-5.7429,-6.0468
5.9508,-5.7429,6.056
-6.0994,-6.3017,-6.02
-6.0994,-6.3017,6.0828
6.3979,6.1957,-6.02
6.3979,6.1957,6.0828
-11.883,-0.49233,0.066999
-0.47369,-11.902,0.067
0.61402,12.005,0.066999
12.024,0.59538,0.067
7.0711e-07,-7.0711e-07,12.103
-7.0711e-07,7.0711e-07,-12.103
-11.573,5.4848,-0.009001
5.4819,-11.6,-0.000999
11.711,-5.4997,-0.030999
-5.373,11.774,0.002999
-11.787,-0.58404,-5.961
-11.787,-0.58405,6.1418
0.70994,11.913,-5.961
-0.37778,-11.994,-5.961
0.70994,11.913,6.1418
0.30123,5.91,12.072
-0.16334,-5.9248,12.094
-5.9277,-0.19021,12.102
-5.9277,-0.19021,-12.104
-0.37778,-11.994,6.1418
-0.16334,-5.9248,-12.112
0.30123,5.91,-12.134
12.12,0.50367,-5.961
6.0366,0.36416,-12.1
6.0366,0.36416,12.106
12.12,0.50367,6.1418
-6.4608,-12.133,0.003
-12.196,-6.5874,-0.031
6.5697,12.307,-0.001
12.334,6.5725,-0.009
-5.2599,11.61,-6.0468
-5.2599,11.61,6.056
-11.55,5.4346,-6.0458
-11.55,5.4346,6.057
5.581,-11.734,-6.0308
5.581,-11.734,6.072
11.934,-5.3406,6.035
11.934,-5.3406,-6.0678
-5.6686,5.7266,12.073
5.741,-5.683,12.073
-5.6686,5.7267,-12.133
5.741,-5.683,-12.133
-6.1341,-6.1384,-12.051
-11.973,-6.4283,6.035
-11.973,-6.4283,-6.0678
-6.1341,-6.1384,12.155
6.3633,6.359,-12.051
-6.3476,-12.297,-6.0468
-6.3476,-12.297,6.056
6.3633,6.359,12.155
6.6687,12.173,-6.0308
6.6687,12.173,6.072
12.357,6.5223,-6.0458
12.357,6.5223,6.057
-11.41,11.41,-1e-06
11.41,-11.41,1e-06
-11.883,-0.49233,-12.036
-0.47369,-11.902,-12.036
0.61402,12.005,-12.036
-11.883,-0.49233,12.17
12.024,0.59538,-12.036
-0.47369,-11.902,12.17
-11.185,11.457,6.016
0.61402,12.005,12.17
12.024,0.59538,12.17
-11.185,11.457,-6.0868
11.634,-11.362,6.016
11.634,-11.362,-6.0868
-11.573,5.4848,12.094
-11.573,5.4848,-12.112
5.4819,-11.6,12.102
5.4819,-11.6,-12.104
-12.497,-12.497,1.9594e-21
12.497,12.497,-1.9594e-21
11.711,-5.4997,12.072
-5.373,11.774,-12.1
-5.373,11.774,12.106
11.711,-5.4997,-12.134
-6.4608,-12.133,-12.1
-6.4608,-12.133,12.106
-12.196,-6.5874,12.072
-12.196,-6.5874,-12.134
6.5697,12.307,12.102
6.5697,12.307,-12.104
12.334,6.5725,12.094
-12.273,-12.45,6.016
12.334,6.5725,-12.112
-12.273,-12.45,-6.0868
12.721,12.545,6.016
12.721,12.545,-6.0868
-11.41,11.41,12.103
11.41,-11.41,-12.103
-11.41,11.41,-12.103
11.41,-11.41,12.103
12.497,12.497,12.103
-12.497,-12.497,-12.103
-12.497,-12.497,12.103
12.497,12.497,-12.103
