-10.083,-4.2222,-9.9554
-10.341,-10.429,-9.9364
-3.9872,-10.435,-9.9644
-10.083,-4.2222,2.939
-9.266,-9.6776,-3.446
-10.341,-10.429,2.958
-3.9872,-10.435,2.93
-9.266,-9.6776,9.4484
-9.6329,8.3191,-9.9224
-3.5207,2.2578,-10.097
3.0278,8.8883,-9.9554
-9.9582,2.1616,-9.9094
-3.8396,-3.9414,-9.8214
-3.3609,8.7971,-9.9044
2.7697,2.6821,-9.9364
2.5918,-3.9056,-9.9224
8.7041,-9.967,-10.097
9.1234,2.6754,-9.9644
2.2666,-10.063,-9.9094
8.8639,-3.4276,-9.9044
-8.7536,9.5187,-3.632
-9.6329,8.3191,2.972
-3.5207,2.2578,2.797
3.0278,8.8883,2.939
-9.2306,-3.1565,-3.645
-3.1134,-9.2143,-3.481
-2.6396,3.2859,-3.57
3.4712,-2.7061,-3.632
-8.8897,3.0462,-3.389
-2.7386,-3.071,-3.441
-2.2974,9.6046,-3.471
3.8445,3.433,-3.446
-9.9582,2.1616,2.985
-3.8396,-3.9414,3.073
-3.3609,8.7971,2.99
2.7697,2.6821,2.958
2.5918,-3.9056,2.972
8.7041,-9.967,2.797
9.1234,2.6754,2.93
9.5851,-8.9388,-3.57
3.335,-9.1785,-3.389
9.9274,-2.6201,-3.471
2.2666,-10.063,2.985
8.8639,-3.4276,2.99
-8.7536,9.5187,9.2624
-9.2306,-3.1565,9.2494
-3.1134,-9.2143,9.4134
-2.6396,3.2859,9.3244
3.4712,-2.7061,9.2624
-8.8897,3.0462,9.5054
-2.7386,-3.071,9.4534
-2.2974,9.6046,9.4234
3.8445,3.433,9.4484
9.5851,-8.9388,9.3244
3.335,-9.1785,9.5054
9.9274,-2.6201,9.4234
9.271,9.1691,-9.8214
3.88,9.954,-3.645
9.9972,3.8963,-3.481
10.372,10.04,-3.441
9.271,9.1691,3.073
3.88,9.954,9.2494
9.9972,3.8963,9.4134
10.372,10.04,9.4534
-8.9895,-9.7956,-9.8614
-9.8685,-4.5001,-3.507
-8.9895,-9.7956,3.033
-10.596,-10.364,-3.446
-3.8019,-10.538,-3.534
-9.8685,-4.5001,9.3874
-10.596,-10.364,9.4484
-3.8019,-10.538,9.3604
-8.9417,9.6403,-10.017
-9.3147,-2.9437,-10.061
-3.3347,-9.0934,-9.8814
-2.8178,3.5744,-10.042
3.2831,-2.5845,-10.017
-8.6126,2.8072,-9.8394
-2.5131,-3.2555,-9.8704
-2.0655,9.5438,-9.8834
4.121,3.3149,-9.8614
9.4069,-8.6503,-10.042
3.6122,-9.4175,-9.8394
10.159,-2.6809,-9.8834
-8.9417,9.6403,2.877
-9.3974,8.1826,-3.45
-3.3474,1.97,-3.595
3.2421,8.6104,-3.507
-9.3147,-2.9437,2.833
-3.3347,-9.0934,3.013
-2.8178,3.5744,2.852
3.2831,-2.5845,2.877
-8.6126,2.8072,3.055
-2.5131,-3.2555,3.024
-2.0655,9.5438,3.011
4.121,3.3149,3.033
-10.258,2.4459,-3.427
-4.0482,-3.7922,-3.409
-3.6367,8.94,-3.451
2.5145,2.7464,-3.446
2.8273,-4.0421,-3.45
8.8773,-10.255,-3.595
9.3086,2.5722,-3.534
9.4069,-8.6503,2.852
3.6122,-9.4175,3.055
10.159,-2.6809,3.011
1.9668,-9.7789,-3.427
8.5881,-3.2848,-3.451
-9.3974,8.1826,9.4444
-3.3474,1.97,9.2994
3.2421,8.6104,9.3874
-10.258,2.4459,9.4674
-4.0482,-3.7922,9.4854
-3.6367,8.9399,9.4434
2.5145,2.7464,9.4484
2.8273,-4.0421,9.4444
8.8773,-10.255,9.2994
9.3086,2.5722,9.3604
1.9668,-9.7789,9.4674
8.5881,-3.2848,9.4434
3.7958,10.167,-10.061
9.7758,4.0172,-9.8814
10.598,9.855,-9.8704
3.7958,10.167,2.833
9.7758,4.0172,3.013
10.598,9.855,3.024
9.0624,9.3183,-3.409
9.0624,9.3183,9.4854
-12.194,-7.4127,-9.9594
-13.546,-12.464,-9.9844
-12.205,-3.9097,-7.1014
-6.0444,-10.006,-7.0844
-10.027,-12.663,-7.1754
-12.321,-3.8361,-12.739
-6.1102,-9.8607,-12.759
-13.573,-10.091,-13.684
-9.6917,-7.4332,-13.581
-9.9689,-12.547,-12.783
-6.0137,-13.504,-10.019
-3.5891,-13.513,-13.625
-13.804,-6.6469,-3.486
-7.5294,-12.786,-3.576
-12.194,-7.4127,2.935
-13.546,-12.464,2.91
-12.636,-14.008,-3.52
-12.342,-1.5303,-3.528
-6.1067,-7.412,-3.491
-13.524,-10.209,-6.256
-12.205,-3.9097,5.793
-6.0444,-10.006,5.81
-10.027,-12.663,5.719
-9.6571,-7.4834,-6.271
-12.321,-3.8361,0.155
-6.1102,-9.8607,0.135
-13.573,-10.091,-0.79
-9.6917,-7.4332,-0.687
-9.9689,-12.547,0.111
-6.0137,-13.504,2.875
-0.11718,-13.755,-3.528
-3.6386,-13.622,-6.356
-3.5891,-13.513,-0.731
-13.804,-6.6469,9.4084
-7.5294,-12.786,9.3184
-12.636,-14.008,9.3744
-12.342,-1.5303,9.3664
-6.1067,-7.412,9.4034
-13.524,-10.209,6.6384
-9.6571,-7.4834,6.6234
-12.321,-3.8361,13.049
-6.1102,-9.8607,13.029
-13.573,-10.091,12.104
-9.6917,-7.4332,12.207
-9.9689,-12.547,13.005
-0.11718,-13.755,9.3664
-3.6386,-13.622,6.5384
-3.5891,-13.513,12.163
-12.66,12.871,-9.9844
-11.697,8.7267,-7.0544
-9.1411,12.672,-7.1754
-11.808,8.8398,-12.708
-9.0831,12.788,-12.783
-11.657,5.2298,-9.9834
-5.5289,-0.80681,-9.9234
-5.1279,11.831,-10.019
0.91641,5.6979,-9.9594
-13.137,0.1294,-9.9744
-6.9876,-5.8775,-9.9574
-6.5337,6.6539,-9.9494
-0.43558,0.6463,-9.9844
-5.5423,2.6517,-7.2624
0.52821,-3.4981,-7.0544
0.9051,9.2009,-7.1014
7.0661,3.1049,-7.0844
-9.5749,-0.11809,-7.2384
-3.3305,-6.125,-7.1024
-2.9564,6.5443,-7.2134
3.0837,0.4476,-7.1754
-5.7877,2.716,-12.768
0.41649,-3.3849,-12.708
0.78913,9.2744,-12.739
7.0004,3.2499,-12.759
-13.274,2.588,-13.574
-7.093,-3.5334,-13.731
-6.6949,9.1542,-13.601
-0.46245,3.0193,-13.684
-9.3579,5.193,-13.515
-3.1912,-0.80964,-13.574
-2.7033,11.822,-13.625
3.4189,5.6774,-13.581
-9.5565,0.041721,-12.733
-3.4436,-5.9977,-12.651
-3.0137,6.6397,-12.681
3.1417,0.56357,-12.783
0.56739,-6.995,-9.9834
6.6959,-13.032,-9.9234
7.0968,-0.39344,-10.019
13.141,-6.5269,-9.9594
-0.91258,-12.095,-9.9744
5.6911,-5.5709,-9.9494
11.789,-11.578,-9.9844
6.6825,-9.5731,-7.2624
13.13,-3.0239,-7.1014
2.6498,-12.343,-7.2384
9.2683,-5.6805,-7.2134
6.4371,-9.5088,-12.768
13.014,-2.9503,-12.739
-1.0491,-9.6367,-13.574
5.5299,-3.0705,-13.601
11.762,-9.2054,-13.684
2.8669,-7.0318,-13.515
9.0336,-13.034,-13.574
9.5215,-0.40264,-13.625
2.6682,-12.183,-12.733
9.2111,-5.585,-12.681
-13.258,6.1245,-3.547
-6.6436,12.549,-3.576
-12.66,12.871,2.91
-11.75,11.327,-3.52
-11.697,8.7267,5.84
-9.1411,12.672,5.719
-11.808,8.8398,0.186
-9.0831,12.788,0.111
-7.2585,-0.10253,-3.494
-1.0331,-6.1002,-3.547
-0.69367,6.4637,-3.486
5.5812,0.32456,-3.576
-11.657,5.2298,2.911
-5.5289,-0.80681,2.971
-5.1279,11.831,2.875
0.91641,5.6979,2.935
-13.137,0.1294,2.92
-6.9876,-5.8775,2.937
-6.5337,6.6539,2.945
-0.43558,0.6463,2.91
-5.6844,5.0424,-3.501
0.47447,-0.89732,-3.52
0.76863,11.58,-3.528
7.0039,5.6986,-3.491
-13.163,2.4409,-6.239
-6.8992,-3.607,-6.294
-6.5634,9.0397,-6.354
-0.41295,2.902,-6.256
-5.5423,2.6517,5.632
0.52821,-3.4981,5.84
0.9051,9.2009,5.793
7.0661,3.1049,5.81
-9.5749,-0.11809,5.656
-3.3305,-6.125,5.792
-2.9564,6.5443,5.681
3.0837,0.4476,5.719
-9.2207,5.0954,-6.241
-3.1615,-0.95813,-6.293
-2.7528,11.713,-6.356
3.4535,5.6272,-6.271
-5.7877,2.716,0.126
0.41649,-3.3849,0.186
0.78913,9.2744,0.155
7.0004,3.2499,0.135
-13.274,2.588,-0.68
-7.093,-3.5334,-0.837
-6.6949,9.1542,-0.707
-0.46245,3.0193,-0.79
-9.3579,5.193,-0.621
-3.1912,-0.80964,-0.68
-2.7033,11.822,-0.731
3.4189,5.6774,-0.687
-9.5565,0.041719,0.161
-3.4436,-5.9977,0.243
-3.0137,6.6397,0.213
3.1417,0.56356,0.111
4.9663,-12.327,-3.494
11.531,-5.7611,-3.486
0.56739,-6.995,2.911
6.6959,-13.032,2.971
7.0968,-0.39344,2.875
13.141,-6.5269,2.935
-0.91258,-12.095,2.92
5.6911,-5.5709,2.945
11.789,-11.578,2.91
6.5403,-7.1824,-3.501
12.699,-13.122,-3.52
12.993,-0.64447,-3.528
-0.93874,-9.7838,-6.239
5.6614,-3.1851,-6.354
11.812,-9.3228,-6.256
6.6825,-9.5731,5.632
13.13,-3.0239,5.793
2.6498,-12.343,5.656
9.2683,-5.6805,5.681
3.0041,-7.1293,-6.241
9.0633,-13.183,-6.293
9.472,-0.51153,-6.356
6.4371,-9.5088,0.126
13.014,-2.9503,0.155
-1.0491,-9.6367,-0.68
5.5299,-3.0706,-0.707
11.762,-9.2054,-0.79
2.8669,-7.0318,-0.621
9.0336,-13.034,-0.68
9.5215,-0.40264,-0.731
2.6682,-12.183,0.161
9.2111,-5.585,0.213
-13.258,6.1245,9.3474
-6.6436,12.549,9.3184
-11.75,11.327,9.3744
-11.808,8.8398,13.08
-9.0831,12.788,13.005
-7.2585,-0.10253,9.4004
-1.0331,-6.1002,9.3474
-0.69367,6.4637,9.4084
5.5812,0.32456,9.3184
-5.6844,5.0424,9.3934
0.47447,-0.89732,9.3744
0.76863,11.58,9.3664
7.0039,5.6986,9.4034
-13.163,2.4409,6.6554
-6.8992,-3.607,6.6004
-6.5634,9.0397,6.5404
-0.41295,2.902,6.6384
-9.2207,5.0954,6.6534
-3.1615,-0.95813,6.6014
-2.7528,11.713,6.5384
3.4535,5.6272,6.6234
-5.7877,2.716,13.02
0.41649,-3.3849,13.08
0.78913,9.2744,13.049
7.0004,3.2499,13.029
-13.274,2.588,12.214
-7.093,-3.5334,12.057
-6.6949,9.1542,12.187
-0.46245,3.0193,12.104
-9.3579,5.193,12.273
-3.1912,-0.80964,12.214
-2.7033,11.822,12.163
3.4189,5.6774,12.207
-9.5565,0.041718,13.055
-3.4436,-5.9977,13.137
-3.0137,6.6397,13.107
3.1417,0.56356,13.005
4.9663,-12.327,9.4004
11.531,-5.7611,9.4084
6.5403,-7.1824,9.3934
12.699,-13.122,9.3744
12.993,-0.64447,9.3664
-0.93874,-9.7838,6.6554
5.6614,-3.1851,6.5404
11.812,-9.3228,6.6384
3.0041,-7.1293,6.6534
9.0633,-13.183,6.6014
9.472,-0.51153,6.5384
6.4371,-9.5088,13.02
13.014,-2.9503,13.049
-1.0491,-9.6367,12.214
5.5299,-3.0706,12.187
11.762,-9.2054,12.104
2.8669,-7.0318,12.273
9.0336,-13.034,12.214
9.5215,-0.40264,12.163
2.6682,-12.183,13.055
9.2111,-5.585,13.107
7.5817,12.304,-9.9234
-0.026776,13.24,-9.9744
6.1229,7.2331,-9.9574
12.675,13.757,-9.9844
13.639,9.6125,-7.0544
3.5356,12.992,-7.2384
9.7801,6.9856,-7.1024
13.527,9.7256,-12.708
6.0176,9.5771,-13.731
9.9194,12.301,-13.574
3.554,13.152,-12.733
9.667,7.1129,-12.651
13.678,6.1156,-9.9834
12.198,1.0152,-9.9744
12.062,3.4738,-13.574
5.8521,13.008,-3.494
12.077,7.0104,-3.547
7.5817,12.304,2.971
-0.026776,13.24,2.92
6.1229,7.2331,2.937
12.675,13.757,2.91
13.585,12.213,-3.52
6.2113,9.5036,-6.294
13.639,9.6125,5.84
3.5356,12.992,5.656
9.7801,6.9856,5.792
9.9491,12.152,-6.293
13.527,9.7256,0.186
6.0176,9.5771,-0.837
9.9194,12.301,-0.68
3.554,13.152,0.161
9.667,7.1129,0.243
13.678,6.1156,2.911
12.198,1.0152,2.92
12.172,3.3267,-6.239
12.062,3.4738,-0.68
5.8521,13.008,9.4004
12.077,7.0103,9.3474
13.585,12.213,9.3744
6.2113,9.5036,6.6004
9.9491,12.152,6.6014
13.527,9.7256,13.08
6.0176,9.5771,12.057
9.9194,12.301,12.214
3.554,13.152,13.055
9.667,7.1129,13.137
12.172,3.3267,6.6554
12.062,3.4738,12.214
0,0,0
0.33093,6.1306,0.009
-6.2148,-0.41083,0.086
-0.239,-6.3809,-0.544
-0.031113,-0.41578,-6.445
-0.031113,-0.41578,6.4494
6.4866,0.11214,-0.007
6.0531,-6.1154,0.024
-6.1716,6.1094,0.024
0.043134,6.0238,-6.393
6.1207,-0.069298,6.3964
0.043134,6.0238,6.5014
6.1207,-0.069296,-6.498
-0.20547,-6.7638,5.912
-6.5429,-0.44618,-6.39
-6.5429,-0.44619,6.5044
-6.569,-6.5082,-0.042
6.5415,6.6024,-0.042
-0.20547,-6.7638,-6.9824
-6.096,5.6236,-6.415
-6.096,5.6236,6.4794
6.5655,6.1455,6.4144
6.1288,-6.6011,-6.415
6.5655,6.1455,-6.48
6.1288,-6.6011,6.4794
-6.5451,-6.9651,6.4144
-6.5451,-6.9651,-6.48
0.44416,12.656,-0.005
-12.666,-0.45467,-0.005
12.669,0.43114,-0.005
-0.44165,-12.679,-0.005
5.583e-16,1.4142e-06,-12.894
-5.583e-16,-1.4142e-06,12.894
-5.7382,12.337,-0.007
-12.464,5.8438,-0.544
0.3684,12.232,6.4434
0.3684,12.232,-6.451
-0.239,-6.3809,12.35
12.556,-6.0941,0.009
6.01,-12.636,0.086
12.593,0.0074833,6.4434
12.593,0.0074847,-6.451
-6.2148,-0.41083,-12.808
0.33093,6.1306,-12.885
0.33093,6.1306,12.903
-12.742,-0.87832,6.4434
-12.742,-0.87832,-6.451
-6.2148,-0.41083,12.98
6.4866,0.11214,12.887
6.4866,0.11214,-12.901
6.8958,12.7,0.086
12.872,6.7296,-0.544
-12.78,-6.9799,0.009
-6.624,-12.998,-0.007
-0.5174,-13.103,6.4434
-0.5174,-13.103,-6.451
-12.43,5.461,5.912
-0.239,-6.3809,-13.438
-6.104,12.155,6.3964
-6.104,12.155,-6.498
12.268,-6.2009,-6.393
12.268,-6.2009,6.5014
-12.43,5.461,-6.9824
5.6819,-12.671,-6.39
5.6819,-12.671,6.5044
6.0531,-6.1154,-12.87
6.0531,-6.1154,12.918
-6.1716,6.1094,-12.87
12.905,6.3468,5.912
-6.1716,6.1094,12.918
6.5677,12.664,-6.39
6.5677,12.664,6.5044
-6.569,-6.5082,12.852
6.5415,6.6023,12.852
-6.569,-6.5082,-12.936
6.5415,6.6024,-12.936
12.905,6.3468,-6.9824
-13.067,-7.0867,-6.393
-13.067,-7.0867,6.5014
-6.9898,-13.18,6.3964
-6.9898,-13.18,-6.498
-12.225,12.225,-1.0586e-15
12.225,-12.225,1.0586e-15
0.44416,12.656,12.889
0.44416,12.656,-12.899
-12.666,-0.45467,12.889
12.669,0.43113,12.889
-12.666,-0.45467,-12.899
12.669,0.43114,-12.899
-0.44165,-12.679,12.889
-0.44165,-12.679,-12.899
-12.256,11.809,-6.445
-12.256,11.809,6.4494
-12.464,5.8438,12.35
13.111,13.111,0
-13.111,-13.111,0
12.194,-12.641,-6.445
12.194,-12.641,6.4494
-5.7382,12.337,12.887
-5.7382,12.337,-12.901
6.01,-12.636,-12.808
12.556,-6.0941,-12.885
12.556,-6.0941,12.903
12.872,6.7296,12.35
6.01,-12.636,12.98
-12.464,5.8438,-13.438
6.8958,12.7,-12.808
13.079,12.695,-6.445
13.079,12.695,6.4494
6.8958,12.7,12.98
-12.78,-6.9799,-12.885
-12.78,-6.9799,12.903
-6.624,-12.998,12.887
-6.624,-12.998,-12.901
12.872,6.7296,-13.438
-13.142,-13.526,-6.445
-13.142,-13.526,6.4494
12.225,-12.225,-12.894
-12.225,12.225,12.894
-12.225,12.225,-12.894
12.225,-12.225,12.894
-13.111,-13.111,-12.894
13.111,13.111,12.894
-13.111,-13.111,12.894
13.111,13.111,-12.894
