-9.1073,-3.9242,-8.6152
-3.6901,-9.3456,-8.5592
-9.5619,-9.5096,-8.6852
-9.1073,-3.9242,2.953
-3.6901,-9.3456,3.009
-8.5543,-8.5656,-2.88
-9.5619,-9.5096,2.883
-8.5543,-8.5656,8.6882
-8.4829,7.5325,-8.6012
-8.9276,1.9273,-8.7042
-2.9179,8.0077,-8.6842
-3.0872,2.1171,-8.5372
2.354,-3.3043,-8.6012
2.9691,8.1522,-8.6152
8.3863,2.7308,-8.5592
-3.5405,-3.4486,-8.7032
1.9092,-8.9095,-8.7042
2.5145,2.5668,-8.6852
7.9189,-2.8291,-8.6842
7.7496,-8.7198,-8.5372
-8.4829,7.5325,2.967
-8.3994,-2.6724,-2.767
-7.7637,8.7763,-2.748
-2.365,3.362,-2.818
-7.9313,2.8868,-2.92
-1.9124,8.9566,-2.914
-8.9276,1.9273,2.864
-2.9179,8.0077,2.884
-3.0872,2.1171,3.031
2.354,-3.3043,2.967
2.9691,8.1522,2.953
8.3863,2.7308,3.009
-2.9868,-8.095,-2.85
3.0731,-2.0605,-2.748
8.4718,-7.4748,-2.818
-2.5314,-2.506,-2.91
2.9055,-7.95,-2.92
3.5221,3.5108,-2.88
8.9244,-1.8802,-2.914
-3.5405,-3.4486,2.865
1.9092,-8.9095,2.864
2.5145,2.5668,2.883
7.9189,-2.8291,2.884
7.7496,-8.7198,3.031
-8.3994,-2.6724,8.8012
-7.7637,8.7763,8.8202
-2.365,3.362,8.7502
-7.9313,2.8868,8.6482
-1.9124,8.9566,8.6542
-2.9868,-8.095,8.7182
3.0731,-2.0605,8.8202
8.4718,-7.4748,8.7502
-2.5314,-2.506,8.6582
2.9055,-7.95,8.6482
3.5221,3.5108,8.6882
8.9244,-1.8802,8.6542
8.5359,8.6279,-8.7032
3.677,9.404,-2.767
9.0896,3.9815,-2.85
9.545,9.5704,-2.91
8.5359,8.6279,2.865
3.677,9.404,8.8012
9.0896,3.9815,8.7182
9.545,9.5704,8.6582
-8.1817,-8.9383,-8.6502
-8.7883,-4.113,-2.832
-3.3875,-9.5337,-2.837
-8.1817,-8.9383,2.918
-9.9466,-9.1037,-2.797
-8.7883,-4.113,8.7362
-3.3875,-9.5337,8.7312
-9.9466,-9.1037,8.7712
-8.7006,-2.4872,-8.6352
-8.0812,8.9708,-8.6342
-2.6782,3.5508,-8.6242
-7.5495,2.505,-8.6562
-1.5242,8.5387,-8.5992
-3.3008,-7.9069,-8.6542
2.7556,-1.8661,-8.6342
8.1586,-7.286,-8.6242
-2.1461,-2.9225,-8.5902
3.2873,-8.3318,-8.6562
3.8947,3.1381,-8.6502
9.3126,-2.2981,-8.5992
-8.1689,7.3402,-2.807
-8.7006,-2.4872,2.933
-8.0812,8.9708,2.934
-2.6782,3.5508,2.944
-7.5495,2.505,2.912
-1.5242,8.5387,2.969
-9.3229,2.3494,-2.828
-3.2913,8.3796,-2.88
-2.7613,1.9212,-2.829
2.6679,-3.4966,-2.807
3.288,7.9634,-2.832
8.6889,2.5428,-2.837
-3.3008,-7.9069,2.914
2.7556,-1.8661,2.934
8.1586,-7.286,2.944
-2.1461,-2.9225,2.978
3.2873,-8.3318,2.912
3.8947,3.1381,2.918
9.3126,-2.2981,2.969
-3.9103,-3.0802,-2.868
1.5139,-8.4874,-2.828
2.1298,2.9727,-2.797
7.5455,-2.4572,-2.88
8.0756,-8.9156,-2.829
-8.1689,7.3402,8.7612
-9.3229,2.3494,8.7402
-3.2913,8.3796,8.6882
-2.7613,1.9212,8.7392
2.6679,-3.4966,8.7612
3.288,7.9634,8.7362
8.6889,2.5428,8.7312
-3.9103,-3.0802,8.7002
1.5139,-8.4874,8.7402
2.1298,2.9727,8.7712
7.5455,-2.4572,8.6882
8.0756,-8.9156,8.7392
3.3757,9.5892,-8.6352
8.7756,4.1695,-8.6542
9.9303,9.1539,-8.5902
3.3757,9.5892,2.933
8.7756,4.1695,2.914
9.9303,9.1539,2.978
8.1661,8.9963,-2.868
8.1661,8.9963,8.7002
-10.887,-3.4733,-5.9492
-10.891,-3.5235,-11.286
-11.376,-6.8325,-8.8622
-5.9203,-12.199,-8.5322
-12.338,-11.538,-8.4032
-5.4939,-8.9065,-5.9332
-9.2727,-11.185,-5.8642
-5.4741,-8.9461,-11.281
-12.651,-9.1596,-11.727
-8.7799,-6.8283,-11.672
-3.4391,-12.289,-11.652
-9.2649,-11.232,-11.389
-12.185,-5.8047,-3.08
-11.216,-1.0911,-2.667
-10.887,-3.4733,5.619
-10.891,-3.5235,0.282
-6.7717,-11.259,-2.748
-11.376,-6.8325,2.706
-5.9203,-12.199,3.036
-12.338,-11.538,3.165
-11.829,-12.56,-2.618
-5.7994,-6.515,-2.874
-0.37943,-11.928,-2.667
-12.664,-9.0988,-5.492
-5.4939,-8.9065,5.635
-9.2727,-11.185,5.704
-8.9128,-6.8537,-5.635
-3.444,-12.239,-5.618
-5.4741,-8.9461,0.287
-12.651,-9.1596,-0.159
-8.7799,-6.8283,-0.104
-3.4391,-12.289,-0.084
-9.2649,-11.232,0.179
-12.185,-5.8047,8.4882
-11.216,-1.0911,8.9012
-10.891,-3.5235,11.85
-6.7717,-11.259,8.8202
-11.829,-12.56,8.9502
-5.7994,-6.515,8.6942
-0.37943,-11.928,8.9012
-12.664,-9.0988,6.0762
-8.9128,-6.8537,5.9332
-3.444,-12.239,5.9502
-5.4741,-8.9461,11.855
-12.651,-9.1596,11.409
-8.7799,-6.8283,11.464
-3.4391,-12.289,11.484
-9.2649,-11.232,11.747
-10.724,4.6171,-8.8652
-4.6807,10.714,-8.5322
-11.706,-0.088668,-8.4532
-11.098,11.376,-8.4032
-5.67,5.95,-8.7032
-10.268,7.9808,-5.9432
-4.8794,2.5474,-5.9222
1.1889,8.6031,-5.9492
-8.6575,0.26842,-5.8692
-8.0331,11.729,-5.8642
-2.698,6.2746,-5.9002
-10.268,7.9172,-11.27
-4.837,2.5078,-11.279
1.1854,8.5529,-11.286
-12.03,2.2922,-11.749
-5.9528,8.3542,-11.708
-8.1526,4.6072,-11.686
-2.1995,10.624,-11.652
-8.6448,0.21751,-11.415
-8.0254,11.681,-11.389
-2.5651,6.2817,-11.428
-5.3217,-0.7566,-8.6282
0.11314,-6.2197,-8.8652
0.70004,5.2439,-8.8622
6.1561,-0.12304,-8.5322
-6.2925,-5.5006,-8.6592
-0.86903,-10.926,-8.4532
-0.26163,0.53882,-8.4032
5.1668,-4.8868,-8.7032
0.56922,-2.856,-5.9432
5.9574,-8.2894,-5.9222
6.5825,3.17,-5.9332
12.026,-2.2338,-5.9492
-3.322,-5.1859,-5.9022
2.1793,-10.568,-5.8692
2.8037,0.89166,-5.8642
8.1388,-4.5623,-5.9002
0.56922,-2.9196,-11.27
5.9998,-8.329,-11.279
6.6023,3.1304,-11.281
12.022,-2.284,-11.286
-6.5803,-3.1028,-11.719
-1.1936,-8.5447,-11.749
-0.57488,2.9168,-11.727
4.884,-2.4827,-11.708
-2.8206,-0.84216,-11.649
2.6842,-6.2296,-11.686
3.2965,5.2481,-11.672
8.6373,-0.21284,-11.652
-3.1848,-5.1803,-11.431
2.192,-10.619,-11.415
2.8115,0.84429,-11.389
8.2717,-4.5552,-11.428
5.5151,-11.593,-8.6282
11.537,-5.5929,-8.8622
10.575,-10.298,-8.4032
10.262,-7.92,-11.727
8.0162,-11.679,-11.649
-11.557,5.6488,-3.081
-6.1445,0.1963,-2.844
-5.5321,11.654,-2.748
-0.10859,6.2718,-3.08
-10.724,4.6171,2.703
-4.6807,10.714,3.036
-11.706,-0.088668,3.115
-11.098,11.376,3.165
-5.67,5.95,2.865
-10.589,10.353,-2.618
-5.1778,4.9431,-2.919
0.86014,10.985,-2.667
-12.046,2.3417,-5.515
-6.0165,8.391,-5.49
-10.268,7.9808,5.625
-4.8794,2.5474,5.646
1.1889,8.6031,5.619
-8.6575,0.26842,5.699
-8.0331,11.729,5.704
-2.698,6.2746,5.668
-8.2898,4.6171,-5.649
-2.2045,10.674,-5.618
-10.268,7.9172,0.298
-4.837,2.5078,0.289
1.1854,8.5529,0.282
-12.03,2.2922,-0.181
-5.9528,8.3542,-0.14
-8.1526,4.6072,-0.118
-2.1995,10.624,-0.084
-8.6448,0.21751,0.153
-8.0254,11.681,0.179
-2.5651,6.2817,0.14
-0.72054,-5.188,-3.081
4.6924,-10.641,-2.844
5.3047,0.81742,-2.748
10.728,-4.5651,-3.08
-5.3217,-0.7566,2.94
0.11314,-6.2197,2.703
0.70004,5.2439,2.706
6.1561,-0.12304,3.036
-6.2925,-5.5006,2.909
-0.86903,-10.926,3.115
-0.26163,0.53882,3.165
5.1668,-4.8868,2.865
0.24749,-0.48366,-2.618
5.659,-5.8937,-2.919
6.277,5.5614,-2.874
11.697,0.14849,-2.667
-6.6242,-3.0618,-5.493
-1.2092,-8.4952,-5.515
-0.58761,2.9776,-5.492
4.8203,-2.4459,-5.49
0.56922,-2.856,5.625
5.9574,-8.2894,5.646
6.5825,3.17,5.635
12.026,-2.2338,5.619
-3.322,-5.1859,5.666
2.1793,-10.568,5.699
2.8037,0.89166,5.704
8.1388,-4.5623,5.668
-2.8355,-0.79055,-5.615
2.547,-6.2197,-5.649
3.1636,5.2227,-5.635
8.6324,-0.16263,-5.618
0.56922,-2.9196,0.298
5.9998,-8.329,0.289
6.6023,3.1304,0.287
12.022,-2.284,0.282
-6.5803,-3.1028,-0.151
-1.1936,-8.5447,-0.181
-0.57488,2.9168,-0.159
4.884,-2.4827,-0.14
-2.8206,-0.84216,-0.081
2.6842,-6.2296,-0.118
3.2965,5.2481,-0.104
8.6373,-0.21284,-0.084
-3.1848,-5.1803,0.137
2.192,-10.619,0.153
2.8115,0.84429,0.179
8.2717,-4.5552,0.14
5.5151,-11.593,2.94
11.537,-5.5929,2.706
10.575,-10.298,3.165
11.084,-11.32,-2.618
10.249,-7.8592,-5.492
8.0013,-11.627,-5.615
10.262,-7.92,-0.159
8.0162,-11.679,-0.081
-11.557,5.6488,8.4872
-6.1445,0.1963,8.7242
-5.5321,11.654,8.8202
-0.10859,6.2718,8.4882
-10.589,10.353,8.9502
-5.1778,4.9431,8.6492
0.86014,10.985,8.9012
-12.046,2.3417,6.0532
-6.0165,8.391,6.0782
-8.2898,4.6171,5.9192
-2.2045,10.674,5.9502
-10.268,7.9172,11.866
-4.837,2.5078,11.857
1.1854,8.5529,11.85
-12.03,2.2922,11.387
-5.9528,8.3542,11.428
-8.1526,4.6072,11.45
-2.1995,10.624,11.484
-8.6448,0.21751,11.721
-8.0254,11.681,11.747
-2.5651,6.2817,11.708
-0.72054,-5.188,8.4872
4.6924,-10.641,8.7242
5.3047,0.81742,8.8202
10.728,-4.5651,8.4882
0.24749,-0.48366,8.9502
5.659,-5.8937,8.6492
6.277,5.5614,8.6942
11.697,0.14849,8.9012
-6.6242,-3.0618,6.0752
-1.2092,-8.4952,6.0532
-0.58761,2.9776,6.0762
4.8203,-2.4459,6.0782
-2.8355,-0.79055,5.9532
2.547,-6.2197,5.9192
3.1636,5.2227,5.9332
8.6324,-0.16263,5.9502
0.56922,-2.9196,11.866
5.9998,-8.329,11.857
6.6023,3.1304,11.855
12.022,-2.284,11.85
-6.5803,-3.1028,11.417
-1.1936,-8.5447,11.387
-0.57488,2.9168,11.409
4.884,-2.4827,11.428
-2.8206,-0.84216,11.487
2.6842,-6.2296,11.45
3.2965,5.2481,11.464
8.6373,-0.21284,11.484
-3.1848,-5.1803,11.705
2.192,-10.619,11.721
2.8115,0.84429,11.747
8.2717,-4.5552,11.708
11.084,-11.32,8.9502
10.249,-7.8592,6.0762
8.0013,-11.627,5.9532
10.262,-7.92,11.409
8.0162,-11.679,11.487
0.37055,11.988,-8.4532
3.4189,12.345,-5.8692
3.4316,12.294,-11.415
6.7547,11.32,-8.6282
12.19,5.8567,-8.8652
5.7839,6.5758,-8.6592
11.207,1.1509,-8.4532
11.815,12.615,-8.4032
12.646,9.2204,-5.9432
8.7544,6.8905,-5.9022
12.646,9.1568,-11.27
5.4961,8.9736,-11.719
10.883,3.5317,-11.749
9.2557,11.234,-11.649
8.8916,6.8961,-11.431
5.9319,12.273,-2.844
0.37055,11.988,3.115
3.4189,12.345,5.699
3.4316,12.294,0.153
11.356,6.8884,-3.081
6.7547,11.32,2.94
12.19,5.8567,2.703
5.7839,6.5758,2.909
11.207,1.1509,3.115
11.815,12.615,3.165
12.324,11.593,-2.618
5.4522,9.0146,-5.493
10.867,3.5812,-5.515
12.646,9.2204,5.625
8.7544,6.8905,5.666
9.2409,11.286,-5.615
12.646,9.1568,0.298
5.4961,8.9736,-0.151
10.883,3.5317,-0.181
9.2557,11.234,-0.081
8.8916,6.8961,0.137
5.9319,12.273,8.7242
3.4316,12.294,11.721
11.356,6.8884,8.4872
12.324,11.593,8.9502
5.4522,9.0146,6.0752
10.867,3.5812,6.0532
9.2409,11.286,5.9532
12.646,9.1568,11.866
5.4961,8.9736,11.417
10.883,3.5317,11.387
9.2557,11.234,11.487
8.8916,6.8961,11.705
0,0,0
-5.724,-0.27506,0.052
5.7247,0.35497,0.034
-0.28426,-5.7318,0.115
0.32527,5.7332,0.112
-0.014849,0.055861,5.782
-0.014849,0.055861,-5.7862
5.4115,-5.3959,0.07
-5.4253,5.4409,0.07
-0.34507,-5.6752,-5.673
0.27607,5.7824,-5.671
5.7177,0.32527,-5.7512
-5.7452,-0.29204,-5.727
5.7177,0.32527,5.817
-0.34507,-5.6752,5.8952
-5.7452,-0.29204,5.8412
0.27607,5.7824,5.8972
-6.0455,-6.0144,0.06
6.0309,6.062,0.06
5.4143,-5.386,-5.713
-5.4225,5.4508,-5.713
5.4143,-5.386,5.8552
-5.4225,5.4508,5.8552
-6.0465,-6.0069,-5.724
6.0299,6.0695,-5.724
-6.0465,-6.0069,5.8442
6.0299,6.0695,5.8442
-0.62763,-11.446,0.015
11.449,0.63003,0.015
-11.464,-0.60954,0.015
0.61195,11.467,0.015
5.0088e-16,-5.0088e-16,-11.568
-5.0088e-16,5.0088e-16,11.568
5.1128,-11.112,0.052
-11.121,5.105,0.115
11.162,-5.1036,0.112
-5.1121,11.192,0.034
-0.6272,-11.411,-5.7692
-0.28426,-5.7318,-11.453
0.32527,5.7332,-11.456
-0.6272,-11.411,5.799
11.449,0.66583,-5.7692
-11.464,-0.57374,-5.7692
11.449,0.66583,5.799
-11.464,-0.57374,5.799
-5.724,-0.27506,-11.516
5.7247,0.35497,-11.534
0.61238,11.503,-5.7692
0.61238,11.503,5.799
5.7247,0.35497,11.602
-5.724,-0.27506,11.62
0.32527,5.7332,11.68
-0.28426,-5.7318,11.683
-6.3517,-11.721,0.034
-11.751,-6.3432,0.112
11.792,6.3446,0.115
6.3524,11.801,0.052
11.113,-5.0544,-5.671
5.0916,-11.129,-5.727
11.113,-5.0544,5.8972
-11.182,5.1616,-5.673
-5.1192,11.162,-5.7512
5.0916,-11.129,5.8412
-5.1192,11.162,5.817
-11.182,5.1616,5.8952
5.4115,-5.3959,-11.498
-5.4253,5.4409,-11.498
5.4115,-5.3959,11.638
-5.4253,5.4409,11.638
-6.0455,-6.0144,-11.508
6.0309,6.062,-11.508
-6.0455,-6.0144,11.628
6.0309,6.062,11.628
11.731,6.4012,-5.673
-11.8,-6.294,-5.671
-6.3587,-11.751,-5.7512
6.3312,11.784,-5.727
-6.3587,-11.751,5.817
6.3312,11.784,5.8412
11.731,6.4012,5.8952
-11.8,-6.294,5.8972
10.837,-10.837,9.3842e-16
-10.837,10.837,-9.3842e-16
-0.62763,-11.446,-11.553
11.449,0.63003,-11.553
-11.464,-0.60954,-11.553
0.61195,11.467,-11.553
-0.62763,-11.446,11.583
11.449,0.63003,11.583
-11.464,-0.60954,11.583
0.61195,11.467,11.583
10.822,-10.781,5.782
10.822,-10.781,-5.7862
-10.852,10.893,5.782
-10.852,10.893,-5.7862
-11.121,5.105,-11.453
11.162,-5.1036,-11.456
5.1128,-11.112,-11.516
-5.1121,11.192,-11.534
5.1128,-11.112,11.62
-5.1121,11.192,11.602
-11.121,5.105,11.683
11.162,-5.1036,11.68
-12.076,-12.076,7.9602e-22
12.076,12.076,-7.9602e-22
-11.751,-6.3432,-11.456
11.792,6.3446,-11.453
-6.3517,-11.721,-11.534
6.3524,11.801,-11.516
-6.3517,-11.721,11.602
6.3524,11.801,11.62
-11.751,-6.3432,11.68
11.792,6.3446,11.683
-12.091,-12.021,5.782
-12.091,-12.021,-5.7862
12.062,12.132,5.782
12.062,12.132,-5.7862
-10.837,10.837,-11.568
10.837,-10.837,-11.568
-10.837,10.837,11.568
10.837,-10.837,11.568
-12.076,-12.076,-11.568
-12.076,-12.076,11.568
12.076,12.076,-11.568
12.076,12.076,11.568
