-9.0388,-8.4629,-9.4217
-9.0388,-8.4629,2.4139
-8.5354,-8.6934,-3.2281
-8.5354,-8.6934,8.6076
8.0678,-8.1781,-8.6724
2.3487,-9.243,-2.8978
8.0678,-8.1781,3.1632
8.258,-8.5479,-3.0578
2.3487,-9.243,8.9379
8.258,-8.5479,8.7779
2.3716,-8.6451,-8.9457
-3.1876,-2.7365,-9.4937
8.0129,-2.9571,-9.1497
2.4933,2.9995,-9.1847
-3.1021,-8.2159,-9.1337
-9.1012,-3.1247,-9.0327
2.424,-2.8214,-9.0607
-3.4295,3.3192,-8.9087
2.3716,-8.6451,2.89
-3.1876,-2.7365,2.342
8.0129,-2.9571,2.686
2.4933,2.9995,2.651
-9.1485,2.2543,-3.134
-3.0038,-2.2528,-2.675
8.317,-2.5498,-2.859
2.9967,2.769,-2.991
-3.1021,-8.2159,2.702
-9.1012,-3.1247,2.803
2.424,-2.8214,2.775
-3.4295,3.3192,2.927
-3.2994,-8.4909,-3.437
-8.988,-2.7796,-3.173
2.5887,-2.4289,-3.304
-3.2393,2.9493,-3.294
-9.1485,2.2543,8.7017
-3.0038,-2.2528,9.1607
8.317,-2.5498,8.9767
2.9967,2.769,8.8447
-3.2994,-8.4909,8.3987
-8.988,-2.7796,8.6627
2.5887,-2.4289,8.5317
-3.2393,2.9493,8.5417
-9.1256,2.8521,-9.1819
-3.4843,8.5401,-9.3859
-9.0733,8.6759,-9.2969
-9.1256,2.8521,2.6538
-3.4843,8.5401,2.4498
-3.1802,8.9474,-3.0952
-9.0733,8.6759,2.5388
-8.9085,9.0683,-3.5402
-3.1802,8.9474,8.7404
-8.9085,9.0683,8.2954
8.3444,8.726,-9.2566
8.43,3.2466,-8.8966
2.4309,8.3378,-8.7956
8.3444,8.726,2.5791
8.5283,9.2096,-2.4379
8.43,3.2466,2.9391
2.4309,8.3378,3.0401
8.2327,2.9715,-3.1999
2.544,8.6828,-2.9359
8.5283,9.2096,9.3977
8.2327,2.9715,8.6357
2.544,8.6828,8.8997
9.3427,-8.9538,-8.6214
8.6681,-2.9561,-7.8298
3.1053,-8.673,-7.7028
9.3427,-8.9538,3.2142
9.057,-8.6582,-1.7958
8.6681,-2.9561,4.0059
3.1053,-8.673,4.1329
9.057,-8.6582,10.04
-7.7796,-2.407,-8.9447
3.4125,-1.7253,-8.8807
-2.1546,2.5435,-8.8577
-7.9649,-8.3877,-8.575
-2.8291,8.5411,-8.066
-2.5611,-2.7139,-8.34
-8.3919,2.8242,-7.939
-8.1989,-7.2641,-2.988
-1.9792,-3.3114,-2.879
3.0427,-7.8779,-2.961
-3.5186,-9.4059,-8.244
-7.7796,-2.407,2.891
3.4125,-1.7253,2.955
-2.1546,2.5435,2.978
-2.3554,-8.3714,-2.294
-7.6834,-2.7492,-2.428
3.2675,-2.9041,-2.084
-2.4402,2.839,-2.032
-7.9649,-8.3877,3.2607
-2.8291,8.5411,3.7697
-2.5611,-2.7139,3.4957
-8.3919,2.8242,3.8967
-8.1989,-7.2641,8.8477
-1.9792,-3.3114,8.9567
3.0427,-7.8779,8.8747
-3.5186,-9.4059,3.5917
-2.3554,-8.3714,9.5417
-7.6834,-2.7492,9.4077
3.2675,-2.9041,9.7517
-2.4402,2.839,9.8037
-8.0847,9.7719,-9.1169
-8.4545,3.6193,-3.1972
-8.0847,9.7719,2.7188
-8.2297,8.5931,-2.3202
-8.4545,3.6193,8.6384
-8.2297,8.5931,9.5154
9.5978,-3.397,-2.2387
9.5978,-3.397,9.597
3.7525,9.0555,-8.7076
3.5672,3.0748,-8.3379
8.9709,8.7486,-8.1029
3.3332,4.1984,-2.7509
-1.8994,8.1002,-2.4749
9.5529,8.1511,-2.6419
8.0135,2.0565,-8.0069
3.7525,9.0555,3.1281
9.1767,3.091,-2.0569
3.8486,8.7132,-2.1909
3.5672,3.0748,3.4977
8.9709,8.7486,3.7327
3.3332,4.1984,9.0847
-1.8994,8.1002,9.3607
9.5529,8.1511,9.1937
8.0135,2.0565,3.8287
9.1767,3.091,9.7787
3.8486,8.7132,9.6447
-5.8448,-11.084,-9.0767
-11.712,-8.6234,-11.552
-8.5834,-11.784,-11.928
-11.405,-10.895,-3.0481
-12.144,-11.631,-8.9991
-6.1319,-11.636,-2.9291
-11.396,-6.1599,-2.9071
-5.8448,-11.084,2.7589
-12.312,-5.1091,-8.9141
-12.11,-8.3639,-6.5501
-11.712,-8.6234,0.28394
-8.949,-11.238,-6.5661
-8.5834,-11.784,-0.092058
-11.405,-10.895,8.7876
-12.144,-11.631,2.8366
-6.1319,-11.636,8.9066
-11.396,-6.1599,8.9286
-12.312,-5.1091,2.9216
-12.11,-8.3639,5.2856
-11.712,-8.6234,12.12
-8.949,-11.238,5.2696
-8.5834,-11.784,11.744
5.5794,-10.813,-8.7314
5.3107,-8.6186,-12.247
11.317,-8.6582,-11.078
8.6327,-11.055,-11.55
2.8458,-11.648,-11.606
8.7183,-5.9068,-11.779
11.624,-10.93,-2.5748
10.886,-11.666,-8.5258
5.5752,-11.612,-2.7678
11.634,-6.1946,-2.4338
5.5794,-10.813,3.1042
10.717,-5.1439,-8.4408
5.4776,-8.4828,-5.1828
5.3107,-8.6186,-0.41176
10.919,-8.3987,-6.0768
11.317,-8.6582,0.75724
8.4595,-11.219,-6.0098
8.6327,-11.055,0.28524
2.7263,-11.507,-6.1568
8.5641,-5.2761,-5.1188
2.8458,-11.648,0.22924
8.7183,-5.9068,0.056238
11.624,-10.93,9.2609
10.886,-11.666,3.3099
5.5752,-11.612,9.0679
11.634,-6.1946,9.4019
10.717,-5.1439,3.3949
5.4776,-8.4828,6.6529
5.3107,-8.6186,11.424
10.919,-8.3987,5.7589
11.317,-8.6582,12.593
8.4595,-11.219,5.8259
8.6327,-11.055,12.121
2.7263,-11.507,5.6789
8.5641,-5.2761,6.7169
2.8458,-11.648,12.065
8.7183,-5.9068,11.892
-6.0889,-5.7014,-8.9387
5.3853,-5.7078,-8.9257
-0.31961,-5.3302,-8.8917
-5.9178,0.68377,-8.9677
5.6873,0.3783,-8.8397
-5.9574,-8.37,-11.703
-11.481,-2.9423,-12.016
-0.023335,-2.8023,-12.275
-6.1865,2.8786,-12.484
0.044548,-8.6826,-11.473
-6.0931,-2.7273,-11.539
5.584,-2.7118,-11.587
-0.18031,2.839,-11.315
-2.8475,-11.228,-11.346
-8.4245,-5.4447,-12.097
2.914,-5.8867,-11.923
-2.8645,0.44194,-11.787
-2.7832,-5.8973,-11.999
-8.6515,-0.15061,-11.843
2.9486,-0.32103,-11.691
-2.7789,5.5904,-12.016
-0.47376,-11.161,-2.903
-5.647,-5.2114,-3.261
5.3259,-4.9455,-3.296
0.12728,0.5671,-2.811
-1.0918,-11.759,-8.543
-6.0889,-5.7014,2.897
5.3853,-5.7078,2.91
-0.61165,-0.169,-8.762
0.12374,-6.342,-2.922
-5.922,-0.11526,-3.004
5.4002,-0.17324,-2.692
0.13647,5.3026,-2.67
-0.31961,-5.3302,2.944
-5.9178,0.68377,2.868
5.6873,0.3783,2.996
-0.77994,6.3534,-8.677
-5.8768,-8.7759,-5.925
-11.602,-2.8277,-5.421
-0.12374,-2.5392,-5.602
-6.0196,3.0144,-5.419
-5.9574,-8.37,0.133
-11.481,-2.9423,-0.18
-0.023335,-2.8023,-0.439
-6.1865,2.8786,-0.648
-0.77711,-8.3813,-6.24
-6.055,-2.9211,-6.437
5.5656,-2.8419,-6.14
-0.57841,3.0985,-6.313
0.044548,-8.6826,0.363
-6.0931,-2.7273,0.297
5.584,-2.7118,0.249
-0.18031,2.839,0.521
-3.0858,-11.77,-5.503
-8.713,-5.6399,-5.725
2.7351,-5.9609,-5.913
-3.0377,0.2786,-6.246
-2.8475,-11.228,0.49
-8.4245,-5.4447,-0.261
2.914,-5.8867,-0.087
-2.8645,0.44194,0.049
-2.8107,-4.908,-5.556
-8.771,-0.0098995,-6.393
2.5831,0.22415,-6.329
-2.9331,6.2211,-5.355
-2.7832,-5.8973,-0.163
-8.6515,-0.15061,-0.007
2.9486,-0.32103,0.145
-2.7789,5.5904,-0.18
-0.47376,-11.161,8.9327
-5.647,-5.2114,8.5747
5.3259,-4.9455,8.5397
0.12728,0.5671,9.0247
-1.0918,-11.759,3.2927
-0.61165,-0.169,3.0737
0.12374,-6.342,8.9137
-5.922,-0.11526,8.8317
5.4002,-0.17324,9.1437
0.13647,5.3026,9.1657
-0.77994,6.3534,3.1587
-5.8768,-8.7759,5.9107
-11.602,-2.8277,6.4147
-0.12374,-2.5392,6.2337
-6.0196,3.0144,6.4167
-5.9574,-8.37,11.969
-11.481,-2.9423,11.656
-0.023335,-2.8023,11.397
-6.1865,2.8786,11.188
-0.77711,-8.3813,5.5957
-6.055,-2.9211,5.3987
5.5656,-2.8419,5.6957
-0.57841,3.0985,5.5227
0.044548,-8.6826,12.199
-6.0931,-2.7273,12.133
5.584,-2.7118,12.085
-0.18031,2.839,12.357
-3.0858,-11.77,6.3327
-8.713,-5.6399,6.1107
2.7351,-5.9609,5.9227
-3.0377,0.2786,5.5897
-2.8475,-11.228,12.326
-8.4245,-5.4447,11.575
2.914,-5.8867,11.749
-2.8645,0.44194,11.885
-2.8107,-4.908,6.2797
-8.771,-0.0098995,5.4427
2.5831,0.22415,5.5067
-2.9331,6.2211,6.4807
-2.7832,-5.8973,11.673
-8.6515,-0.15061,11.829
2.9486,-0.32103,11.981
-2.7789,5.5904,11.656
-6.1119,5.7895,-9.1619
-11.817,6.167,-9.1279
-5.81,11.876,-9.0759
-11.521,8.695,-12.511
-11.453,2.8147,-11.709
-5.9132,8.7855,-11.823
-8.5832,5.6106,-12.159
-8.5486,11.176,-11.927
-11.971,0.33625,-3.1392
-6.1713,6.5517,-3.5322
-11.37,12.064,-3.0472
-12.589,-0.26197,-8.7792
-6.1119,5.7895,2.6738
-12.109,11.328,-8.9982
-11.373,5.1552,-3.1582
-6.097,11.324,-2.9282
-11.817,6.167,2.7078
-5.81,11.876,2.7598
-11.621,8.958,-5.8382
-11.521,8.695,-0.67524
-12.274,3.1159,-6.4762
-5.9316,8.6554,-6.3762
-11.453,2.8147,0.12676
-5.9132,8.7855,0.012762
-8.7621,5.5363,-6.1492
-8.5832,5.6106,-0.32324
-8.9142,11.721,-6.5652
-8.5486,11.176,-0.091238
-11.971,0.33625,8.6964
-6.1713,6.5517,8.3034
-11.37,12.064,8.7884
-12.589,-0.26197,3.0564
-12.109,11.328,2.8374
-11.373,5.1552,8.6774
-6.097,11.324,8.9074
-11.621,8.958,5.9974
-11.521,8.695,11.16
-12.274,3.1159,5.3594
-5.9316,8.6554,5.4594
-11.453,2.8147,11.962
-5.9132,8.7855,11.848
-8.7621,5.5363,5.6864
-8.5832,5.6106,11.512
-8.9142,11.721,5.2704
-8.5486,11.176,11.744
11.548,-2.977,-11.542
11.428,-2.8625,-4.9477
11.548,-2.977,0.2933
11.428,-2.8625,6.888
11.548,-2.977,12.129
5.4432,5.7611,-8.7016
11.212,6.1323,-8.6546
5.6143,12.146,-8.7306
5.5747,3.0925,-11.466
0.050776,8.5202,-11.779
11.509,8.6602,-12.038
11.577,2.7799,-11.236
5.4389,8.7352,-11.302
8.6845,0.23433,-11.109
3.1076,6.0178,-11.86
8.6676,11.904,-11.55
8.7489,5.5652,-11.762
2.8806,11.312,-11.606
11.058,0.3015,-2.6659
5.8851,6.2511,-3.0239
11.659,12.03,-2.5739
10.44,-0.29671,-8.3059
5.4432,5.7611,3.1341
10.92,11.293,-8.5249
11.656,5.1204,-2.6849
5.61,11.347,-2.7669
11.212,6.1323,3.1811
5.6143,12.146,3.1051
5.6553,2.6866,-5.6879
-0.069432,8.6348,-5.1839
11.408,8.9233,-5.3649
5.5747,3.0925,0.37006
0.050776,8.5202,0.057058
11.509,8.6602,-0.20194
10.755,3.0811,-6.0029
5.4771,8.5414,-6.1999
11.577,2.7799,0.60006
5.4389,8.7352,0.53406
8.4463,-0.30802,-5.2659
2.8191,5.8226,-5.4879
8.4943,11.741,-6.0089
8.6845,0.23433,0.72706
3.1076,6.0178,-0.023942
8.6676,11.904,0.28606
8.7213,6.5544,-5.3189
2.7611,11.453,-6.1559
8.7489,5.5652,0.074058
2.8806,11.312,0.23006
11.058,0.3015,9.1697
5.8851,6.2511,8.8117
11.659,12.03,9.2617
10.44,-0.29671,3.5297
10.92,11.293,3.3107
11.656,5.1204,9.1507
5.61,11.347,9.0687
5.6553,2.6866,6.1477
-0.069432,8.6348,6.6517
11.408,8.9233,6.4707
5.5747,3.0925,12.206
0.050776,8.5202,11.893
11.509,8.6602,11.634
10.755,3.0811,5.8327
5.4771,8.5414,5.6357
11.577,2.7799,12.436
5.4389,8.7352,12.37
8.4463,-0.30802,6.5697
2.8191,5.8226,6.3477
8.4943,11.741,5.8267
8.6845,0.23433,12.563
3.1076,6.0178,11.812
8.6676,11.904,12.122
8.7213,6.5544,6.5167
2.7611,11.453,5.6797
8.7489,5.5652,11.91
2.8806,11.312,12.066
-2.8127,11.732,-11.345
-0.43891,11.799,-2.9022
-1.0569,11.201,-8.5422
-3.051,11.189,-5.5022
-2.8127,11.732,0.49082
-0.43891,11.799,8.9335
-1.0569,11.201,3.2935
-3.051,11.189,6.3335
-2.8127,11.732,12.326
0,0,0
0.084146,5.6915,-0.043
-0.13718,0.13294,-5.852
-0.070004,-5.8669,-0.104
-5.869,0.22203,0.008
-0.13718,0.13294,5.9837
6.0188,0.15231,0.44506
5.6031,-0.15415,-5.482
-5.6993,-5.5027,0.318
5.6724,-5.6385,0.254
-0.1096,-5.6505,5.6667
-5.7594,0.088388,-5.8
-0.070711,5.8874,5.7447
-5.8248,5.8588,0.017762
-5.7594,0.088388,6.0357
5.8328,5.9598,0.55506
-0.1096,-5.6505,-6.169
-0.070711,5.8874,-6.091
5.6031,-0.15415,6.3537
-5.5734,-5.5593,-5.88
5.8481,-5.6318,-5.5858
-5.5734,-5.5593,5.9557
-5.6491,5.8655,-5.822
5.9587,5.9032,-5.6429
-5.6491,5.8655,6.0137
5.8481,-5.6318,6.2499
5.9587,5.9032,6.1927
-0.09051,-11.424,-0.215
11.442,0.038461,0.022058
-0.055661,11.536,-0.21418
-11.588,0.073203,-0.45124
0,0,11.836
0,0,-11.836
-5.5133,-11.31,0.208
5.6282,-11.275,0.24424
11.343,0.02149,-5.6079
11.462,5.5956,0.13306
-11.448,-5.771,-0.28006
-0.1895,-11.441,-5.845
-11.567,5.6304,-0.34024
-5.4785,11.65,0.20882
6.0188,0.15231,-11.391
-0.1895,-11.441,5.9907
-0.15466,11.519,-5.8442
11.343,0.02149,6.2277
11.581,-5.8057,0.19324
-0.15466,11.519,5.9915
5.6631,11.685,0.24506
-11.687,0.056233,5.7544
0.084146,5.6915,11.793
-0.070004,-5.8669,11.732
0.084146,5.6915,-11.879
-11.687,0.056233,-6.0812
-5.869,0.22203,-11.828
-5.869,0.22203,11.844
-0.070004,-5.8669,-11.94
6.0188,0.15231,12.281
5.7378,-11.409,-5.5638
-5.6993,-5.5027,-11.518
-11.603,-5.5751,5.5076
-5.8941,11.343,-5.7182
11.427,-5.6098,-5.8548
5.8328,5.9598,-11.281
5.7727,11.551,-5.5629
11.427,-5.6098,5.9809
5.6724,-5.6385,-11.582
-11.607,5.8467,5.4304
11.422,5.812,5.9037
11.422,5.812,-5.9319
-5.8941,11.343,6.1174
5.7378,-11.409,6.2719
-5.929,-11.617,-5.7191
-11.603,-5.5751,-6.3281
5.7727,11.551,6.2727
-5.929,-11.617,6.1166
-5.8248,5.8588,-11.818
-5.8248,5.8588,11.853
-11.607,5.8467,-6.4052
5.6724,-5.6385,12.09
-5.6993,-5.5027,12.154
5.8328,5.9598,12.391
-11.588,0.073203,11.384
11.497,-11.497,0.23624
-11.497,11.497,-0.23624
-11.532,-11.462,-0.23706
11.532,11.462,0.23706
-0.09051,-11.424,11.621
-0.055661,11.536,11.621
11.442,0.038461,-11.814
11.442,0.038461,11.858
-0.09051,-11.424,-12.051
-0.055661,11.536,-12.05
-11.588,0.073203,-12.287
11.36,-11.364,-5.6158
5.6282,-11.275,-11.591
-5.5133,-11.31,-11.628
11.395,11.595,-5.6149
11.36,-11.364,6.2199
-11.669,-11.33,5.7466
-11.567,5.6304,11.495
-11.448,-5.771,11.556
11.462,5.5956,-11.703
-5.4785,11.65,-11.627
-11.669,-11.33,-6.0891
5.6631,11.685,-11.591
11.395,11.595,6.2207
-5.5133,-11.31,12.044
11.581,-5.8057,-11.642
-11.634,11.63,5.7474
5.6282,-11.275,12.08
11.462,5.5956,11.969
-11.634,11.63,-6.0882
-5.4785,11.65,12.044
-11.448,-5.771,-12.116
11.581,-5.8057,12.029
-11.567,5.6304,-12.176
5.6631,11.685,12.081
-11.532,-11.462,11.599
11.532,11.462,-11.599
11.497,-11.497,-11.599
-11.497,11.497,11.599
11.497,-11.497,12.072
-11.497,11.497,-12.072
-11.532,-11.462,-12.073
11.532,11.462,12.073
