-9.4602,-3.6421,-2.6543
-8.6456,-8.4816,-2.8213
-9.2721,-9.1491,-8.4003
-9.7699,-2.8403,-9.2133
-9.4602,-3.6421,9.393
-8.6456,-8.4816,9.226
-9.2721,-9.1491,3.647
-9.7699,-2.8403,2.834
8.5399,-8.9769,-3.3673
3.6665,-9.2215,-2.8073
2.6631,-9.6012,-8.8843
8.6551,-8.607,-9.0383
8.5399,-8.9769,8.68
3.6665,-9.2215,9.24
2.6631,-9.6012,3.163
8.6551,-8.607,3.009
2.6757,-2.5413,-3.4653
-3.4988,3.0618,-3.3673
-3.0802,-8.1826,-3.1653
2.5979,8.416,-2.6543
-2.3815,-2.4296,-2.7983
-8.3721,2.8171,-2.8073
3.4125,3.5765,-2.8213
9.3939,-2.0909,-3.1063
-9.3755,2.4374,-8.8843
-3.45,-2.8857,-8.4973
8.8721,-3.1728,-9.1243
2.786,2.909,-8.4003
-3.1565,-8.4414,-8.9053
2.2882,9.2178,-9.2133
2.704,-2.786,-9.0983
-3.3835,3.4316,-9.0383
2.6757,-2.5413,8.582
-3.4988,3.0618,8.68
-3.0802,-8.1826,8.882
2.5979,8.416,9.393
-2.3815,-2.4296,9.249
-8.3721,2.8171,9.24
3.4125,3.5765,9.226
9.3939,-2.0909,8.941
-9.3755,2.4374,3.163
-3.45,-2.8857,3.55
8.8721,-3.1728,2.923
2.786,2.909,3.647
-3.1565,-8.4414,3.142
2.2882,9.2178,2.834
2.704,-2.786,2.949
-3.3835,3.4316,3.009
-9.3629,9.4973,-3.4653
-2.6447,9.9477,-3.1063
-3.1666,8.8658,-9.1243
-9.3347,9.2526,-9.0983
-9.3629,9.4973,8.582
-2.6447,9.9477,8.941
-3.1666,8.8658,2.923
-9.3347,9.2526,2.949
8.978,3.8755,-3.1653
9.6766,9.6285,-2.7983
8.6081,9.1724,-8.4973
8.9016,3.6167,-8.9053
8.978,3.8755,8.882
9.6766,9.6285,9.249
8.6081,9.1724,3.55
8.9016,3.6167,3.142
-9.5281,-9.6752,-2.9693
-8.4625,-9.3096,-9.6373
-8.7609,-3.8437,-8.7323
-9.5281,-9.6752,9.078
-8.4625,-9.3096,2.41
-8.7609,-3.8437,3.315
9.3269,-8.9988,-2.0833
3.8312,-8.6749,-9.0653
10.211,-2.83,-8.5623
8.9457,-10.009,-8.5883
9.3269,-8.9988,9.964
3.8312,-8.6749,2.982
10.211,-2.83,3.485
8.9457,-10.009,3.459
-2.8136,-8.4223,-1.7133
-8.8183,-2.6439,-3.5673
3.3552,-3.1176,-2.2573
-2.7118,3.0399,-2.0833
2.3066,-9.051,-3.4143
-3.2633,-3.6253,-2.9613
8.3983,-3.1912,-3.2503
2.53,2.3829,-2.9693
-8.2074,3.3637,-9.0653
-2.366,-2.6559,-9.4963
-1.8279,9.2087,-8.5623
3.5956,2.7485,-9.6373
-1.9318,-9.2617,-9.1733
3.2972,8.2145,-8.7323
4.0814,-3.363,-9.1013
-3.0929,2.0294,-8.5883
-2.8136,-8.4223,10.334
-8.8183,-2.6439,8.48
3.3552,-3.1176,9.79
-2.7118,3.0399,9.964
2.3066,-9.051,8.633
-3.2633,-3.6253,9.086
8.3983,-3.1912,8.797
2.53,2.3829,9.078
-8.2074,3.3637,2.982
-2.366,-2.6559,2.551
-1.8279,9.2087,3.485
3.5956,2.7485,2.41
-1.9318,-9.2617,2.874
3.2972,8.2145,3.315
4.0814,-3.363,2.946
-3.0929,2.0294,3.459
-8.6834,8.921,-2.2573
-9.732,2.9877,-3.4143
-3.6403,8.8475,-3.2503
-7.9572,8.6756,-9.1013
-8.6834,8.921,9.79
-9.732,2.9877,8.633
-3.6403,8.8475,8.797
-7.9572,8.6756,2.946
9.2445,3.6358,-1.7133
3.2398,9.4142,-3.5673
8.7948,8.4328,-2.9613
9.6921,9.4022,-9.4963
10.126,2.7964,-9.1733
9.2445,3.6358,10.334
3.2398,9.4142,8.48
8.7948,8.4328,9.086
9.6921,9.4022,2.551
10.126,2.7964,2.874
-9.2134,-11.724,-12.308
-6.3023,-6.5865,-8.8663
-12.266,-12.035,-8.9273
-6.3079,-12.637,-2.9203
-11.887,-7.1084,-2.6413
-12.667,-11.421,-2.8643
-6.6834,-12.036,-8.9333
-12.101,-5.6256,-8.6063
-9.2134,-11.724,-0.26033
-3.0107,-11.499,-11.957
-9.176,-6.001,-11.767
-11.862,-9.1639,-11.352
-6.0357,-9.0692,-5.4753
-11.891,-2.7957,-5.6883
-5.9374,-8.9582,-12.147
-12.617,-3.2674,-12.047
-12.414,-8.973,-6.1863
-2.976,-12.153,-6.8603
-8.9087,-6.0505,-5.6713
-8.9355,-11.695,-5.6683
-6.3023,-6.5865,3.181
-12.266,-12.035,3.12
-6.3079,-12.637,9.127
-11.887,-7.1084,9.406
-12.667,-11.421,9.183
-6.6834,-12.036,3.114
-12.101,-5.6256,3.441
-9.2134,-11.724,11.787
-3.0107,-11.499,0.09
-9.176,-6.001,0.28
-11.862,-9.1639,0.695
-6.0357,-9.0692,6.572
-11.891,-2.7957,6.359
-5.9374,-8.9582,-0.1
-12.617,-3.2674,0
-12.414,-8.973,5.861
-2.976,-12.153,5.187
-8.9087,-6.0505,6.376
-8.9355,-11.695,6.379
-3.0107,-11.499,12.137
-9.176,-6.001,12.327
-11.862,-9.1639,12.742
-5.9374,-8.9582,11.947
-12.617,-3.2674,12.047
2.7904,-12.531,-12.679
9.0631,-5.8246,-12.92
11.831,-12.016,-8.9273
6.2927,-6.0155,-8.8683
6.4009,-13.164,-2.7493
12.21,-7.0889,-2.6413
11.43,-11.402,-2.8643
6.0311,-11.678,-8.8463
11.995,-5.6061,-8.6063
2.7904,-12.531,-0.63133
9.0631,-5.8246,-0.87233
8.8878,-11.896,-11.715
12.235,-9.1444,-11.352
5.8833,-9.1147,-6.0033
12.206,-2.7762,-5.6883
5.8083,-9.0695,-12.039
11.48,-3.2479,-12.047
11.683,-8.9535,-6.1863
8.9981,-12.293,-5.8363
2.8491,-11.821,-5.6953
9.1345,-5.5509,-5.6073
11.831,-12.016,3.12
6.2927,-6.0155,3.179
6.4009,-13.164,9.298
12.21,-7.0889,9.406
11.43,-11.402,9.183
6.0311,-11.678,3.201
11.995,-5.6061,3.441
2.7904,-12.531,11.416
9.0631,-5.8246,11.175
8.8878,-11.896,0.332
12.235,-9.1444,0.695
5.8833,-9.1147,6.044
12.206,-2.7762,6.359
5.8083,-9.0695,0.008
11.48,-3.2479,0
11.683,-8.9535,5.861
8.9981,-12.293,6.211
2.8491,-11.821,6.352
9.1345,-5.5509,6.44
8.8878,-11.896,12.379
12.235,-9.1444,12.742
5.8083,-9.0695,12.055
11.48,-3.2479,12.047
-9.2482,-0.49285,-12.679
2.8447,0.33446,-12.308
-2.9755,6.2141,-12.92
0.54589,-3.0505,-12.266
5.7558,5.4716,-8.8663
0.0042426,-11.988,-9.0653
-0.20789,0.022627,-8.9273
-5.7459,6.0231,-8.8683
0.60953,-5.8746,-3.2713
-5.6378,-1.125,-2.7493
5.7502,-0.57841,-2.9203
0.17112,4.9497,-2.6413
-0.57983,-11.079,-3.0123
-6.1752,-5.4285,-2.8663
5.5699,-5.362,-2.7153
-0.60882,0.6371,-2.8643
-0.66114,-5.5048,-9.3023
-6.0076,0.36062,-8.8463
5.3747,0.02192,-8.9333
-0.043134,6.4326,-8.6063
-2.9592,-5.5925,-12.112
-9.2482,-0.49285,-0.63133
2.8447,0.33446,-0.26033
-2.9755,6.2141,-0.87233
3.2195,-5.6392,-11.311
-3.1509,0.14284,-11.715
9.0474,0.55932,-11.957
2.8822,6.0571,-11.767
0.21496,-9.0142,-11.868
-6.055,-3.1445,-11.143
6.1787,-2.8892,-11.687
0.19587,2.8942,-11.352
0.18031,-2.9055,-6.1593
-6.1554,2.9239,-6.0033
6.0224,2.9889,-5.4753
0.16758,9.2624,-5.6883
0.54589,-3.0505,-0.21833
-6.2303,2.9691,-12.039
6.1207,3.1,-12.147
-0.55861,8.7908,-12.047
0.047376,-8.9244,-6.3533
-6.3576,-3.1487,-6.1083
6.0337,-2.955,-6.2943
-0.35567,3.0851,-6.1863
3.223,-6.0443,-6.7303
-3.0406,-0.25456,-5.8363
9.0821,-0.094752,-6.8603
3.1495,6.0076,-5.6713
-2.7478,-5.408,-5.7623
-9.1896,0.21779,-5.6953
3.1226,0.36345,-5.6683
-2.9041,6.4877,-5.6073
5.7558,5.4716,3.181
0.0042426,-11.988,2.982
-0.20789,0.022627,3.12
-5.7459,6.0231,3.179
0.60953,-5.8746,8.776
-5.6378,-1.125,9.298
5.7502,-0.57841,9.127
0.17112,4.9497,9.406
-0.57983,-11.079,9.035
-6.1752,-5.4285,9.181
5.5699,-5.362,9.332
-0.60882,0.6371,9.183
-0.66114,-5.5048,2.745
-6.0076,0.36062,3.201
5.3747,0.02192,3.114
-0.043134,6.4326,3.441
-2.9592,-5.5925,-0.065
-9.2482,-0.49285,11.416
2.8447,0.33446,11.787
-2.9755,6.2141,11.175
3.2195,-5.6392,0.736
-3.1509,0.14284,0.332
9.0474,0.55932,0.09
2.8822,6.0571,0.28
0.21496,-9.0142,0.179
-6.055,-3.1445,0.904
6.1787,-2.8892,0.36
0.19587,2.8942,0.695
0.18031,-2.9055,5.888
-6.1554,2.9239,6.044
6.0224,2.9889,6.572
0.16758,9.2624,6.359
0.54589,-3.0505,11.829
-6.2303,2.9691,0.008
6.1207,3.1,-0.1
-0.55861,8.7908,0
0.047376,-8.9244,5.694
-6.3576,-3.1487,5.939
6.0337,-2.955,5.753
-0.35567,3.0851,5.861
3.223,-6.0443,5.317
-3.0406,-0.25456,6.211
9.0821,-0.094752,5.187
3.1495,6.0076,6.376
-2.7478,-5.408,6.285
-9.1896,0.21779,6.352
3.1226,0.36345,6.379
-2.9041,6.4877,6.44
-2.9592,-5.5925,11.982
3.2195,-5.6392,12.783
-3.1509,0.14284,12.379
9.0474,0.55932,12.137
2.8822,6.0571,12.327
0.21496,-9.0142,12.226
-6.055,-3.1445,12.951
6.1787,-2.8892,12.407
0.19587,2.8942,12.742
-6.2303,2.9691,12.055
6.1207,3.1,11.947
-0.55861,8.7908,12.047
-9.1939,12.373,-12.308
-11.493,8.9882,-12.266
-12.034,0.050344,-9.0653
-12.247,12.061,-8.9273
-11.429,6.164,-3.2713
-6.2884,11.46,-2.9203
-12.618,0.95968,-3.0123
-6.4688,6.6766,-2.7153
-12.647,12.676,-2.8643
-12.7,6.5338,-9.3023
-6.6639,12.061,-8.9333
-9.1939,12.373,-0.26033
-8.8192,6.3995,-11.311
-2.9912,12.598,-11.957
-11.824,3.0244,-11.868
-5.8599,9.1494,-11.687
-11.858,9.1331,-6.1593
-11.493,8.9882,-0.21833
-11.991,3.1142,-6.3533
-6.0049,9.0836,-6.2943
-8.8156,5.9943,-6.7303
-2.9566,11.944,-6.8603
-8.916,12.402,-5.6683
-12.034,0.050344,2.982
-12.247,12.061,3.12
-11.429,6.164,8.776
-6.2884,11.46,9.127
-12.618,0.95968,9.035
-6.4688,6.6766,9.332
-12.647,12.676,9.183
-12.7,6.5338,2.745
-6.6639,12.061,3.114
-9.1939,12.373,11.787
-8.8192,6.3995,0.736
-2.9912,12.598,0.09
-11.824,3.0244,0.179
-5.8599,9.1494,0.36
-11.858,9.1331,5.888
-11.493,8.9882,11.829
-11.991,3.1142,5.694
-6.0049,9.0836,5.753
-8.8156,5.9943,5.317
-2.9566,11.944,5.187
-8.916,12.402,6.379
-8.8192,6.3995,12.783
-2.9912,12.598,12.137
-11.824,3.0244,12.226
-5.8599,9.1494,12.407
2.8099,11.565,-12.679
12.604,9.0077,-12.266
12.062,0.069832,-9.0653
11.85,12.081,-8.9273
12.668,6.1835,-3.2713
6.4204,10.933,-2.7493
11.478,0.97917,-3.0123
5.883,6.6297,-2.8663
11.449,12.695,-2.8643
11.397,6.5533,-9.3023
6.0505,12.419,-8.8463
9.0989,6.4656,-12.112
2.8099,11.565,-0.63133
8.9073,12.201,-11.715
12.273,3.0439,-11.868
6.0032,8.9136,-11.143
12.238,9.1526,-6.1593
12.604,9.0077,-0.21833
12.105,3.1337,-6.3533
5.7005,8.9094,-6.1083
9.0176,11.804,-5.8363
9.3103,6.6502,-5.7623
2.8686,12.276,-5.6953
12.062,0.069832,2.982
11.85,12.081,3.12
12.668,6.1835,8.776
6.4204,10.933,9.298
11.478,0.97917,9.035
5.883,6.6297,9.181
11.449,12.695,9.183
11.397,6.5533,2.745
6.0505,12.419,3.201
9.0989,6.4656,-0.065
2.8099,11.565,11.416
8.9073,12.201,0.332
12.273,3.0439,0.179
6.0032,8.9136,0.904
12.238,9.1526,5.888
12.604,9.0077,11.829
12.105,3.1337,5.694
5.7005,8.9094,5.939
9.0176,11.804,6.211
9.3103,6.6502,6.285
2.8686,12.276,6.352
9.0989,6.4656,11.982
8.9073,12.201,12.379
12.273,3.0439,12.226
6.0032,8.9136,12.951
0.023731,12.108,-9.0653
-0.56034,13.018,-3.0123
0.023731,12.108,2.982
-0.56034,13.018,9.035
0,0,0
0.020506,5.8739,0.114
0.27224,-0.016263,-5.8733
0.44194,-5.8951,0.008
6.1235,0.032527,-0.115
0.27224,-0.016263,6.174
-6.2628,-0.25951,0.027
0.076368,5.8619,-5.6953
-5.7544,5.9807,-0.045
-5.939,-5.8287,-0.032
0.10182,-5.968,5.805
-6.0359,-0.11738,-5.7443
6.2544,0.10253,-5.8583
0.10182,-5.968,-6.2423
0.076368,5.8619,6.352
-6.0359,-0.11738,6.303
6.2842,-6.0579,-0.045
6.1191,6.2294,-0.032
6.2544,0.10253,6.189
-5.8421,5.8449,-5.9743
-5.8421,5.8449,6.073
-5.8803,-6.1702,5.914
6.1778,5.8879,5.914
-5.8803,-6.1702,-6.1333
6.1778,5.8879,-6.1333
6.1965,-6.1937,-5.9743
6.1965,-6.1937,6.073
11.844,-0.065054,-0.145
-0.19459,11.974,-0.145
0,0,-12.047
0,0,12.047
-0.21408,-12.123,-0.145
-12.253,-0.084542,-0.145
-11.597,6.1435,0.008
5.7953,11.799,0.027
0.020506,5.8739,-11.933
11.959,0.0049497,-5.8613
-0.079335,12.044,-5.8613
-0.098824,-12.053,-5.8613
-5.9346,-12.026,-0.115
6.1235,0.032527,11.932
0.44194,-5.8951,-12.039
0.44194,-5.8951,12.055
-5.9151,12.071,-0.115
11.959,0.0049497,6.186
-12.137,-0.014539,-5.8613
0.020506,5.8739,12.161
-12.038,-6.1842,0.114
-0.079335,12.044,6.186
12.059,-6.1647,0.114
-0.098824,-12.053,6.186
-6.2628,-0.25951,-12.02
5.7758,-12.298,0.027
-6.2628,-0.25951,12.074
6.1235,0.032527,-12.162
-12.137,-0.014539,6.186
12.5,6.163,0.008
-5.8038,-11.956,-5.8583
6.0223,11.941,-5.7443
-5.7544,5.9807,12.002
-11.937,6.0707,5.805
-5.939,-5.8287,12.015
-11.982,-6.1962,-5.6953
-5.8038,-11.956,6.189
-5.7544,5.9807,-12.092
-5.939,-5.8287,-12.079
-5.7843,12.141,-5.8583
6.0028,-12.156,-5.7443
12.115,-6.1767,-5.6953
-11.937,6.0707,-6.2423
6.0223,11.941,6.303
12.16,6.0901,5.805
-5.7843,12.141,6.189
6.2842,-6.0579,12.002
6.1191,6.2294,12.015
6.1191,6.2294,-12.079
-11.982,-6.1962,6.352
6.2842,-6.0579,-12.092
6.0028,-12.156,6.303
12.16,6.0901,-6.2423
12.115,-6.1767,6.352
11.844,-0.065054,11.902
-0.19459,11.974,11.902
-0.21408,-12.123,11.902
11.844,-0.065054,-12.192
12.039,-12.039,0
-12.039,12.039,0
-12.058,-12.058,0
12.058,12.058,0
-12.253,-0.084542,11.902
-0.19459,11.974,-12.192
-0.21408,-12.123,-12.192
-12.253,-0.084542,-12.192
-11.597,6.1435,-12.039
5.7953,11.799,-12.02
-11.766,12.022,-5.8733
-11.597,6.1435,12.055
5.7953,11.799,12.074
-11.786,-12.074,-5.8733
-11.766,12.022,6.174
-5.9346,-12.026,11.932
-11.786,-12.074,6.174
-5.9151,12.071,11.932
-12.038,-6.1842,-11.933
12.059,-6.1647,-11.933
-5.9346,-12.026,-12.162
-5.9151,12.071,-12.162
5.7758,-12.298,-12.02
5.7758,-12.298,12.074
-12.038,-6.1842,12.161
12.059,-6.1647,12.161
12.311,-12.055,-5.8733
12.33,12.042,-5.8733
12.311,-12.055,6.174
12.33,12.042,6.174
12.5,6.163,-12.039
12.5,6.163,12.055
12.039,-12.039,-12.047
12.039,-12.039,12.047
-12.039,12.039,-12.047
-12.039,12.039,12.047
-12.058,-12.058,-12.047
-12.058,-12.058,12.047
12.058,12.058,-12.047
12.058,12.058,12.047
