-8.9441,-8.6157,-9.7787
-8.9441,-8.6157,2.0569
-9.4673,-8.8278,-2.8481
-9.4673,-8.8278,8.9876
7.4738,-8.3379,-8.5428
7.7757,-8.695,-2.9648
7.4738,-8.3379,3.2929
7.7757,-8.695,8.8709
2.6495,-8.5114,-9.6177
-3.3729,-2.8496,-8.9077
8.2116,-2.3228,-9.4197
2.588,2.8468,-9.5417
-3.2534,-8.1353,-8.9497
-9.2263,-3.148,-9.3587
2.267,-3.1636,-9.0937
2.6495,-8.5114,2.218
-3.3729,-2.8496,2.928
8.2116,-2.3228,2.416
2.588,2.8468,2.294
2.4409,-8.9732,-2.96
-3.2902,-2.7358,-2.822
8.0836,-2.1892,-2.709
2.0648,2.6347,-2.611
-3.2534,-8.1353,2.886
-9.2263,-3.148,2.477
2.267,-3.1636,2.742
-4.0234,3.1594,-8.779
-3.5242,-8.4499,-3.214
-9.1959,-2.8956,-3.314
2.1185,-2.7761,-3.308
-3.7215,2.8023,-3.201
2.4409,-8.9732,8.8757
-3.2902,-2.7358,9.0137
8.0836,-2.1892,9.1267
2.0648,2.6347,9.2247
-4.0234,3.1594,3.0567
-3.5242,-8.4499,8.6217
-9.1959,-2.8956,8.5217
2.1185,-2.7761,8.5277
-3.7215,2.8023,8.6347
-8.8477,2.9858,-9.8539
-3.2856,9.1744,-9.6559
-9.2302,8.3336,-9.3299
-8.8477,2.9858,1.9818
-3.2856,9.1744,2.1798
-9.0563,2.524,-3.1962
-3.4136,9.308,-2.9452
-9.2302,8.3336,2.5058
-9.3787,8.7211,-3.5442
-9.0563,2.524,8.6394
-3.4136,9.308,8.8904
-9.3787,8.7211,8.2914
8.1592,8.6128,-8.6706
8.2787,3.3272,-8.7126
2.3057,8.3144,-9.1216
8.1592,8.6128,3.1651
8.2419,8.7267,-2.5849
8.2787,3.3272,3.1231
2.3057,8.3144,2.7141
8.0078,3.0126,-2.9769
2.3361,8.5669,-3.0769
8.2419,8.7267,9.2507
8.0078,3.0126,8.8587
2.3361,8.5669,8.7587
8.9092,-9.349,-8.6404
3.2778,-8.4595,-8.2748
3.6377,-8.2099,-2.4378
8.9092,-9.349,3.1952
9.1404,-8.6879,-2.3568
3.2778,-8.4595,3.5609
3.6377,-8.2099,9.3979
9.1404,-8.6879,9.4789
-2.4904,-9.4271,-8.9467
-2.588,2.1482,-8.8767
-8.2336,-8.5221,-8.447
-2.67,-3.0222,-7.848
-8.2194,3.0377,-8.511
-8.2604,-7.9352,-2.617
-1.9191,-3.3149,-2.897
-7.8595,3.2873,-2.674
-2.4904,-9.4271,2.889
-8.3771,-2.7217,-8.535
3.2421,-2.7528,-8.522
-2.588,2.1482,2.959
-2.1524,-8.4966,-2.617
-8.0292,-2.6566,-2.407
3.1134,-2.7231,-2.191
-2.3568,2.8093,-2.593
-8.2336,-8.5221,3.3887
-2.67,-3.0222,3.9877
-8.2194,3.0377,3.3247
-8.2604,-7.9352,9.2187
-1.9191,-3.3149,8.9387
-7.8595,3.2873,9.1617
-8.3771,-2.7217,3.3007
3.2421,-2.7528,3.3137
-2.1524,-8.4966,9.2187
-8.0292,-2.6566,9.4287
3.1134,-2.7231,9.6447
-2.3568,2.8093,9.2427
-8.2551,8.7445,-8.7582
-8.3838,8.7742,-2.4272
-8.2551,8.7445,3.0774
-8.3838,8.7742,9.4084
8.6856,-2.7663,-7.7527
9.2612,-3.0293,-2.7327
8.6856,-2.7663,4.083
9.2612,-3.0293,9.103
9.0416,2.0353,-8.7096
3.2985,2.9404,-8.2099
-2.8116,8.7309,-7.9889
8.862,8.4403,-7.6109
3.2716,3.5273,-2.3799
-2.236,8.4679,-2.9689
9.613,8.1476,-2.6599
9.0416,2.0353,3.1261
3.155,8.7408,-8.2979
9.3796,2.9659,-2.3799
3.5029,8.8059,-2.1699
3.2985,2.9404,3.6257
-2.8116,8.7309,3.8467
8.862,8.4403,4.2247
3.2716,3.5273,9.4557
-2.236,8.4679,8.8667
9.613,8.1476,9.1757
3.155,8.7408,3.5377
9.3796,2.9659,9.4557
3.5029,8.8059,9.6657
-12.528,-5.4542,-9.3457
-12.062,-8.5294,-11.629
-8.6301,-11.665,-11.854
-12.08,-11.158,-2.9461
-12.183,-11.851,-8.8261
-6.4897,-11.879,-3.2081
-11.761,-6.0079,-3.4981
-12.528,-5.4542,2.4899
-10.947,-8.5937,-6.4151
-12.062,-8.5294,0.20694
-8.8967,-11.65,-6.8651
-8.6301,-11.665,-0.018058
-12.08,-11.158,8.8896
-12.183,-11.851,3.0096
-6.4897,-11.879,8.6276
-11.761,-6.0079,8.3376
-10.947,-8.5937,5.4206
-12.062,-8.5294,12.043
-8.8967,-11.65,4.9706
-8.6301,-11.665,11.818
-0.33763,-12.065,-8.9034
5.402,-11.045,-8.7204
10.501,-5.4889,-8.8724
5.9542,-8.5846,-11.681
10.967,-8.5641,-11.155
8.7013,-11.694,-10.988
2.8062,-11.844,-11.815
8.5804,-5.7067,-12.168
10.949,-11.192,-2.4728
-0.33763,-12.065,2.9322
10.846,-11.885,-8.3528
5.4769,-11.786,-2.7668
11.268,-6.0426,-3.0248
5.402,-11.045,3.1152
10.501,-5.4889,2.9632
4.8426,-8.357,-5.3388
5.9542,-8.5846,0.15424
12.082,-8.6285,-5.9418
10.967,-8.5641,0.68024
8.3916,-10.98,-5.6508
8.7013,-11.694,0.84724
2.7234,-11.608,-5.7828
8.3973,-5.6212,-5.1288
2.8062,-11.844,0.020238
8.5804,-5.7067,-0.33276
10.949,-11.192,9.3629
10.846,-11.885,3.4829
5.4769,-11.786,9.0689
11.268,-6.0426,8.8109
4.8426,-8.357,6.4969
5.9542,-8.5846,11.99
12.082,-8.6285,5.8939
10.967,-8.5641,12.516
8.3916,-10.98,6.1849
8.7013,-11.694,12.683
2.7234,-11.608,6.0529
8.3973,-5.6212,6.7069
2.8062,-11.844,11.856
8.5804,-5.7067,11.503
-11.835,-0.56781,-9.1397
-6.1235,-5.8732,-9.0627
5.2559,-5.7594,-8.9417
-0.82731,-5.4914,-9.0137
-6.0953,0.45255,-8.9567
-5.8775,-10.87,-9.0007
-0.99631,6.0083,-9.1087
-6.1207,-8.5249,-12.134
-11.844,-2.8496,-12.423
0.049497,-2.745,-12.268
-5.543,2.9126,-11.918
-0.24112,-8.5737,-11.67
-5.9531,-2.8899,-11.096
5.5048,-2.8518,-11.349
-0.53033,2.9331,-11.392
-2.9451,-11.067,-12.08
-8.5857,-5.7064,-11.951
2.8617,-5.7311,-12.078
-2.7959,-0.19658,-11.225
-2.704,-5.5027,-12.541
-8.691,-0.34719,-12.052
2.902,-0.20223,-11.617
-2.9168,5.7905,-12.405
-0.54447,-11.414,-3.206
-6.4205,-5.3811,-3.174
5.0784,-5.1873,-3.077
-0.54801,0.30476,-2.709
-11.835,-0.56781,2.696
-6.1235,-5.8732,2.773
5.2559,-5.7594,2.894
-0.65125,-0.3882,-8.589
0.098288,-6.2105,-3.251
-6.0203,-0.2885,-3.003
5.0424,-0.41649,-2.971
-0.2291,5.4546,-3.261
-0.82731,-5.4914,2.822
-6.0953,0.45255,2.879
-5.8775,-10.87,2.835
-0.99631,6.0083,2.727
-6.5216,-8.5553,-5.387
-11.905,-2.7846,-6.018
-0.44336,-2.7386,-5.576
-6.6546,3.1403,-5.575
-6.1207,-8.5249,-0.298
-11.844,-2.8496,-0.587
0.049497,-2.745,-0.432
-5.543,2.9126,-0.082
0.23476,-8.5715,-6.54
-5.9644,-2.7952,-6.127
5.6929,-2.6368,-6.457
0.58478,2.8687,-6.178
-0.24112,-8.5737,0.166
-5.9531,-2.8899,0.74
5.5048,-2.8518,0.487
-0.53033,2.9331,0.444
-3.0498,-11.288,-6.251
-8.9767,-5.2771,-6.231
2.6064,-5.2976,-6.311
-3.1056,0.5176,-5.887
-2.9451,-11.067,-0.244
-8.5857,-5.7064,-0.115
2.8617,-5.7311,-0.242
-2.7959,-0.19658,0.611
-3.2018,-5.6427,-5.457
-8.7738,-0.11031,-6.019
2.6354,-0.18738,-6.628
-3.1,5.8761,-5.365
-2.704,-5.5027,-0.705
-8.691,-0.34719,-0.216
2.902,-0.20223,0.219
-2.9168,5.7905,-0.569
-0.54447,-11.414,8.6297
-6.4205,-5.3811,8.6617
5.0784,-5.1873,8.7587
-0.54801,0.30476,9.1267
-0.65125,-0.3882,3.2467
0.098288,-6.2105,8.5847
-6.0203,-0.2885,8.8327
5.0424,-0.41649,8.8647
-0.2291,5.4546,8.5747
-6.5216,-8.5553,6.4487
-11.905,-2.7846,5.8177
-0.44336,-2.7386,6.2597
-6.6546,3.1403,6.2607
-6.1207,-8.5249,11.538
-11.844,-2.8496,11.249
0.049497,-2.745,11.404
-5.543,2.9126,11.754
0.23476,-8.5715,5.2957
-5.9644,-2.7952,5.7087
5.6929,-2.6368,5.3787
0.58478,2.8687,5.6577
-0.24112,-8.5737,12.002
-5.9531,-2.8899,12.576
5.5048,-2.8518,12.323
-0.53033,2.9331,12.28
-3.0498,-11.288,5.5847
-8.9767,-5.2771,5.6047
2.6064,-5.2976,5.5247
-3.1056,0.5176,5.9487
-2.9451,-11.067,11.592
-8.5857,-5.7064,11.721
2.8617,-5.7311,11.594
-2.7959,-0.19658,12.447
-3.2018,-5.6427,6.3787
-8.7738,-0.11031,5.8167
2.6354,-0.18738,5.2077
-3.1,5.8761,6.4707
-2.704,-5.5027,11.131
-8.691,-0.34719,11.62
2.902,-0.20223,12.055
-2.9168,5.7905,11.267
-6.2413,5.7378,-9.1779
-12.325,6.0058,-9.2499
-11.448,8.7522,-12.504
-11.738,2.9236,-11.906
-5.9924,8.6455,-11.585
-8.6356,5.7661,-12.314
-8.5953,11.295,-11.853
-12.042,0.083103,-3.4422
-6.4188,6.3099,-3.3132
-12.045,11.802,-2.9452
-6.2413,5.7378,2.6578
-12.148,11.109,-8.8252
-11.399,5.2867,-3.4872
-6.4548,11.081,-3.2072
-12.325,6.0058,2.5858
-11.941,8.7586,-5.8122
-11.448,8.7522,-0.66824
-11.262,2.9257,-6.7762
-5.8043,8.8604,-6.6932
-11.738,2.9236,-0.070238
-5.9924,8.6455,0.25076
-8.8908,6.1996,-6.5472
-8.6356,5.7661,-0.47824
-8.8618,11.31,-6.8642
-8.5953,11.295,-0.017238
-12.042,0.083103,8.3934
-6.4188,6.3099,8.5224
-12.045,11.802,8.8904
-12.148,11.109,3.0104
-11.399,5.2867,8.3484
-6.4548,11.081,8.6284
-11.941,8.7586,6.0234
-11.448,8.7522,11.167
-11.262,2.9257,5.0594
-5.8043,8.8604,5.1424
-11.738,2.9236,11.765
-5.9924,8.6455,12.086
-8.8908,6.1996,5.2884
-8.6356,5.7661,11.357
-8.8618,11.31,4.9714
-8.5953,11.295,11.818
11.194,-0.60255,-8.6664
11.185,-2.8844,-11.949
11.194,-0.60255,3.1693
11.124,-2.8193,-5.5447
11.185,-2.8844,-0.1137
11.124,-2.8193,6.291
11.185,-2.8844,11.722
-0.30278,10.895,-8.9026
5.4085,5.5892,-8.8256
10.705,5.9711,-8.7766
5.4368,11.915,-8.7196
5.6546,0.59283,-8.7636
5.4114,2.9376,-11.897
-0.31197,8.6128,-12.186
11.582,8.7175,-12.031
11.291,2.8888,-11.433
5.5789,8.5725,-10.859
8.587,0.39555,-11.843
2.9464,5.7561,-11.714
8.7362,11.266,-10.988
8.8281,5.9598,-12.304
2.841,11.115,-11.815
10.988,0.04836,-2.9689
5.1115,6.0814,-2.9369
10.984,11.767,-2.4719
-0.30278,10.895,2.9331
5.4085,5.5892,3.0101
10.881,11.074,-8.3519
11.63,5.252,-3.0139
5.5118,11.174,-2.7659
10.705,5.9711,3.0591
5.4368,11.915,3.1161
5.6546,0.59283,3.0721
5.0104,2.9072,-5.1499
-0.37278,8.6779,-5.7809
11.089,8.7239,-5.3389
5.4114,2.9376,-0.060942
-0.31197,8.6128,-0.34994
11.582,8.7175,-0.19494
11.767,2.8909,-6.3029
5.5676,8.6673,-5.8899
11.291,2.8888,0.40306
5.5789,8.5725,0.97706
8.4823,0.17493,-6.0139
2.5553,6.1853,-5.9939
8.4265,11.98,-5.6499
8.587,0.39555,-0.006942
2.9464,5.7561,0.12206
8.7362,11.266,0.84806
8.3303,5.8198,-5.2199
2.7583,11.352,-5.7819
8.8281,5.9598,-0.46794
2.841,11.115,0.021058
10.988,0.04836,8.8667
5.1115,6.0814,8.8987
10.984,11.767,9.3637
10.881,11.074,3.4837
11.63,5.252,8.8217
5.5118,11.174,9.0697
5.0104,2.9072,6.6857
-0.37278,8.6779,6.0547
11.089,8.7239,6.4967
5.4114,2.9376,11.775
-0.31197,8.6128,11.486
11.582,8.7175,11.641
11.767,2.8909,5.5327
5.5676,8.6673,5.9457
11.291,2.8888,12.239
5.5789,8.5725,12.813
8.4823,0.17493,5.8217
2.5553,6.1853,5.8417
8.4265,11.98,6.1857
8.587,0.39555,11.829
2.9464,5.7561,11.958
8.7362,11.266,12.684
8.3303,5.8198,6.6157
2.7583,11.352,6.0537
8.8281,5.9598,11.368
2.841,11.115,11.857
-5.8426,12.09,-8.9998
-2.9103,11.893,-12.079
-0.50962,11.546,-3.2052
-5.8426,12.09,2.8358
-3.0149,11.672,-6.2502
-2.9103,11.893,-0.24318
-0.50962,11.546,8.6305
-3.0149,11.672,5.5855
-2.9103,11.893,11.592
0,0,0
-5.6625,0.062225,0.189
5.6774,0.12516,0.087
-0.039598,-5.794,0.099
-0.26304,5.8534,0.056
-0.12092,0.1888,5.8867
-0.12092,0.1888,-5.949
5.3266,0.082731,-5.73
5.6095,-5.6957,0.274
5.6065,5.8325,0.30406
5.3266,0.082731,6.1057
-0.12587,5.7007,5.7657
-0.16688,-5.7332,5.8187
-5.9256,-5.63,0.067
-5.8877,5.8015,0.037762
-5.939,0.14496,-5.809
-0.16688,-5.7332,-6.017
-0.12587,5.7007,-6.07
-5.939,0.14496,6.0267
5.6533,-5.461,-5.66
5.5125,5.7936,-5.5989
5.6533,-5.461,6.1757
-6.0196,-5.6689,-5.836
5.5125,5.7936,6.2367
-6.0196,-5.6689,5.9997
-5.8439,6.0362,-5.8962
-5.8439,6.0362,5.9394
-0.022427,11.419,-0.06218
11.475,-0.078212,0.17406
-0.057276,-11.541,-0.063
-11.554,-0.043469,-0.29924
0,0,-11.836
0,0,11.836
11.234,-5.6438,0.29224
11.457,-0.014943,-5.4537
-5.8547,-11.337,-0.15006
-0.075289,-11.477,-5.6908
-0.040441,11.482,-5.6899
11.492,5.6684,0.33606
5.8347,-11.435,0.42524
-11.537,5.7032,-0.13724
5.8696,11.525,0.42606
-5.6625,0.062225,-11.647
-11.573,0.019799,5.9087
-5.8199,11.622,-0.14924
-11.573,0.019799,-5.927
-0.075289,-11.477,6.1449
-0.040441,11.482,6.1457
5.6774,0.12516,-11.749
-11.795,-5.609,-0.18106
-0.039598,-5.794,-11.737
11.457,-0.014943,6.382
-0.26304,5.8534,-11.78
5.6774,0.12516,11.923
-0.26304,5.8534,11.892
-0.039598,-5.794,11.935
-5.6625,0.062225,12.025
5.5582,-11.352,-5.5728
11.365,5.7293,-5.7799
11.371,-5.7965,-5.8338
5.5931,11.607,-5.5719
5.6095,-5.6957,-11.562
5.6065,5.8325,-11.532
11.365,5.7293,6.0557
11.371,-5.7965,6.0019
5.5582,-11.352,6.2629
-11.658,-5.7618,5.5286
-11.664,5.764,5.5824
-6.2054,-11.38,5.8686
-6.2054,-11.38,-5.9671
5.5931,11.607,6.2637
-5.9256,-5.63,-11.769
-6.1706,11.58,5.8694
-5.8877,5.8015,-11.798
-6.1706,11.58,-5.9662
-11.664,5.764,-6.2532
-5.9256,-5.63,11.903
-11.658,-5.7618,-6.3071
-5.8877,5.8015,11.873
5.6095,-5.6957,12.11
5.6065,5.8325,12.14
11.497,-11.497,0.23624
-11.497,11.497,-0.23624
-11.532,-11.462,-0.23706
11.532,11.462,0.23706
-11.554,-0.043469,11.536
11.475,-0.078212,-11.662
-0.022427,11.419,11.773
-0.057276,-11.541,11.773
-0.022427,11.419,-11.898
-0.057276,-11.541,-11.899
11.475,-0.078212,12.01
-11.554,-0.043469,-12.135
11.376,-11.308,-5.7128
11.234,-5.6438,-11.543
11.376,-11.308,6.1229
-11.653,-11.274,5.6496
5.8347,-11.435,-11.41
11.492,5.6684,-11.5
5.8696,11.525,-11.41
11.411,11.651,-5.7119
-5.8547,-11.337,11.686
-11.653,-11.274,-6.1861
-11.537,5.7032,11.698
11.411,11.651,6.1237
-11.618,11.686,5.6504
11.234,-5.6438,12.128
-5.8199,11.622,11.686
-11.795,-5.609,11.655
-5.8547,-11.337,-11.986
-11.537,5.7032,-11.973
-11.618,11.686,-6.1852
11.492,5.6684,12.172
-5.8199,11.622,-11.985
-11.795,-5.609,-12.017
5.8347,-11.435,12.261
5.8696,11.525,12.262
-11.532,-11.462,11.599
11.532,11.462,-11.599
11.497,-11.497,-11.599
-11.497,11.497,11.599
11.497,-11.497,12.072
-11.497,11.497,-12.072
-11.532,-11.462,-12.073
11.532,11.462,12.073
