-3.1882,-8.6015,-3.4477
-8.9547,-2.869,-3.4467
-3.3558,-8.6008,-9.3647
-9.1222,-2.8711,-9.3647
-8.8217,-8.6588,-3.4267
-8.9886,-8.6475,-9.3437
-3.1882,-8.6015,8.3879
-8.9547,-2.869,8.3889
-3.3558,-8.6008,2.4709
-9.1222,-2.8711,2.4709
-8.8217,-8.6588,8.4089
-8.9886,-8.6475,2.4919
8.3266,-8.6532,-2.9744
8.159,-8.6539,-8.8924
2.693,-8.7119,-2.9534
8.4432,-2.9363,-2.9514
2.5254,-8.6745,-8.8684
8.2763,-2.9377,-8.8694
8.3266,-8.6532,8.8612
8.159,-8.6539,2.9432
2.693,-8.7119,8.8822
8.4432,-2.9363,8.8842
2.5254,-8.6745,2.9672
8.2763,-2.9377,2.9662
2.5951,-2.8864,-3.2097
-3.1707,2.844,-3.2107
8.3439,2.861,-3.2107
2.5774,8.5935,-3.2097
2.4275,-2.8871,-9.1277
-3.3383,2.8433,-9.1287
8.1763,2.8617,-9.1277
2.4098,8.5913,-9.1277
-3.037,-2.9196,-3.1877
-8.8042,2.7853,-3.1897
2.7103,2.8037,-3.1897
-3.054,8.5609,-3.1877
-3.2039,-2.9196,-9.1057
-8.9718,2.8228,-9.1047
2.5435,2.815,-9.1067
-3.2209,8.5595,-9.1057
2.5951,-2.8864,8.626
-3.1707,2.844,8.625
8.3439,2.861,8.625
2.5774,8.5935,8.626
2.4275,-2.8871,2.708
-3.3383,2.8433,2.707
8.1763,2.8617,2.708
2.4098,8.5913,2.708
-3.037,-2.9196,8.648
-8.8042,2.7853,8.646
2.7103,2.8037,8.646
-3.054,8.5609,8.648
-3.2039,-2.9196,2.73
-8.9718,2.8228,2.731
2.5435,2.815,2.729
-3.2209,8.5595,2.73
-8.9021,8.6108,-3.4459
-9.0697,8.6101,-9.3639
-8.9021,8.6108,8.3898
-9.0697,8.6101,2.4718
8.495,8.5428,-2.9506
8.3282,8.5428,-8.8686
8.495,8.5428,8.8851
8.3282,8.5428,2.9671
-7.5701,-8.6065,-8.8737
-7.7391,-8.6086,-2.9561
-7.5701,-8.6065,2.9619
-7.7391,-8.6086,8.8796
-1.9576,-8.6575,-8.3694
9.5569,-8.6405,-8.3694
3.7912,-2.9087,-8.3694
3.9439,-8.6561,-8.3994
9.6941,-2.9087,-8.3994
-2.1245,-8.6575,-2.4518
9.39,-8.6405,-2.4518
3.6236,-2.9094,-2.4518
-1.9576,-8.6575,3.4662
9.5569,-8.6405,3.4662
3.7912,-2.9087,3.4662
3.7749,-8.661,-2.4828
9.5265,-2.9094,-2.4818
3.9439,-8.6561,3.4362
9.6941,-2.9087,3.4362
-2.1245,-8.6575,9.3839
9.39,-8.6405,9.3839
3.6236,-2.9094,9.3839
3.7749,-8.661,9.3529
9.5265,-2.9094,9.3539
-7.6891,-2.8921,-8.6057
-1.9403,2.8567,-8.6057
-7.706,8.5885,-8.6057
-1.7862,-2.8921,-8.6357
-7.5533,2.8412,-8.6357
3.9619,2.856,-8.6367
-1.8031,8.5885,-8.6357
-7.856,-2.8921,-2.688
-2.1072,2.8567,-2.688
-7.8736,8.5878,-2.688
-7.6891,-2.8921,3.23
-1.9403,2.8567,3.23
-7.706,8.5885,3.23
-1.953,-2.8921,-2.718
-7.7223,2.8362,-2.719
3.7929,2.8539,-2.719
-1.9707,8.5878,-2.718
-1.7862,-2.8921,3.2
-7.5533,2.8412,3.2
3.9619,2.856,3.199
-1.8031,8.5885,3.2
-7.856,-2.8921,9.1477
-2.1072,2.8567,9.1477
-7.8736,8.5878,9.1477
-1.953,-2.8921,9.1177
-7.7223,2.8362,9.1167
3.7929,2.8539,9.1167
-1.9707,8.5878,9.1177
9.5745,2.805,-8.1324
9.4076,2.805,-2.2147
9.5745,2.805,3.7033
9.4076,2.805,9.621
3.843,8.5704,-8.3686
9.7459,8.5704,-8.3986
3.6761,8.5704,-2.4509
3.843,8.5704,3.4671
9.579,8.5704,-2.4809
9.7459,8.5704,3.4371
3.6761,8.5704,9.3847
9.579,8.5704,9.3547
-0.45699,-11.463,-9.0975
-0.29082,-11.464,-3.1795
-2.8682,-11.505,-12.093
-2.7013,-11.505,-6.1755
-0.45699,-11.463,2.7382
-0.29082,-11.464,8.6562
-2.8682,-11.505,-0.25782
-2.7013,-11.505,5.6602
-2.8682,-11.505,11.578
-6.1559,-11.496,-9.3147
-11.923,-5.7639,-9.3157
-5.9848,-11.496,-3.3967
-11.755,-5.7639,-3.3987
-11.938,-11.446,-9.3347
-6.1899,-5.6974,-9.3337
-11.954,0.034371,-9.3337
-11.77,-11.446,-3.4167
-6.0223,-5.6967,-3.4167
-11.788,0.033664,-3.4157
-11.787,-8.6044,-12.071
-11.618,-8.6044,-6.1537
-5.9205,-8.5959,-12.14
-11.686,-2.8641,-12.141
-5.7529,-8.5966,-6.2227
-11.52,-2.8648,-6.2227
-8.5905,-11.46,-12.306
-8.4222,-11.46,-6.3877
-8.599,-5.7406,-12.332
-8.4314,-5.7399,-6.4127
-6.1559,-11.496,2.5209
-11.923,-5.7639,2.5199
-5.9848,-11.496,8.4389
-11.755,-5.7639,8.4369
-11.938,-11.446,2.5009
-6.1899,-5.6974,2.5019
-11.954,0.034371,2.5019
-11.77,-11.446,8.4189
-6.0223,-5.6967,8.4189
-11.788,0.033664,8.4199
-11.787,-8.6044,-0.23506
-11.618,-8.6044,5.6819
-5.9205,-8.5959,-0.30406
-11.686,-2.8641,-0.30506
-5.7529,-8.5966,5.6129
-11.52,-2.8648,5.6129
-8.5905,-11.46,-0.47006
-8.4222,-11.46,5.4479
-8.599,-5.7406,-0.49606
-8.4314,-5.7399,5.4229
-11.787,-8.6044,11.601
-5.9205,-8.5959,11.532
-11.686,-2.8641,11.531
-8.5905,-11.46,11.366
-8.599,-5.7406,11.34
5.3553,-11.547,-8.8434
11.106,-5.7986,-8.8424
5.5292,-11.548,-2.9244
11.274,-5.7986,-2.9254
11.091,-11.48,-8.8614
5.3263,-5.7491,-8.8604
11.075,-0.00037123,-8.8604
11.259,-11.481,-2.9434
5.4925,-5.7499,-2.9424
11.241,-0.0010783,-2.9424
-0.27116,-8.6568,-11.597
11.243,-8.6391,-11.597
5.4776,-2.908,-11.597
-0.10428,-8.6568,-5.6794
11.411,-8.6391,-5.6804
5.6445,-2.908,-5.6794
5.5936,-8.6483,-11.667
11.343,-2.8988,-11.667
5.7605,-8.6483,-5.7494
11.509,-2.8995,-5.7494
2.9243,-11.511,-11.833
8.673,-5.7626,-11.833
3.0918,-11.511,-5.9154
8.8406,-5.7619,-5.9144
8.6815,-11.523,-11.857
2.9151,-5.7916,-11.857
8.6638,-0.042798,-11.856
8.8484,-11.523,-5.9394
3.0826,-5.7909,-5.9394
8.8307,-0.042798,-5.9384
5.3553,-11.547,2.9922
11.106,-5.7986,2.9932
5.5292,-11.548,8.9112
11.274,-5.7986,8.9102
11.091,-11.48,2.9742
5.3263,-5.7491,2.9752
11.075,-0.00037123,2.9752
11.259,-11.481,8.8922
5.4925,-5.7499,8.8932
11.241,-0.0010783,8.8932
-0.27116,-8.6568,0.23824
11.243,-8.6391,0.23824
5.4776,-2.908,0.23824
-0.10428,-8.6568,6.1562
11.411,-8.6391,6.1552
5.6445,-2.908,6.1562
5.5936,-8.6483,0.16824
11.343,-2.8988,0.16824
5.7605,-8.6483,6.0862
11.509,-2.8995,6.0862
2.9243,-11.511,0.002238
8.673,-5.7626,0.002238
3.0918,-11.511,5.9202
8.8406,-5.7619,5.9212
8.6815,-11.523,-0.021762
2.9151,-5.7916,-0.021762
8.6638,-0.042798,-0.020762
8.8484,-11.523,5.8962
3.0826,-5.7909,5.8962
8.8307,-0.042798,5.8972
-0.27116,-8.6568,12.074
11.243,-8.6391,12.074
5.4776,-2.908,12.074
5.5936,-8.6483,12.004
11.343,-2.8988,12.004
2.9243,-11.511,11.838
8.673,-5.7626,11.838
8.6815,-11.523,11.814
2.9151,-5.7916,11.814
8.6638,-0.042798,11.815
-0.37265,-5.7806,-9.0787
-6.1419,-0.049497,-9.0797
5.3761,-0.033234,-9.0777
-0.39103,5.6986,-9.0787
-0.20506,-5.7813,-3.1607
-5.968,-0.050912,-3.1607
5.5473,-0.033234,-3.1597
-0.22274,5.6986,-3.1617
-0.40588,0.016971,-9.0977
-6.1709,5.7481,-9.0967
5.3422,5.765,-9.0967
-0.42214,11.497,-9.0967
-0.23829,0.016263,-3.1797
-6.0048,5.7474,-3.1787
5.5098,5.7657,-3.1797
-0.25597,11.496,-3.1787
-6.0026,-2.8914,-11.834
-11.768,2.8404,-11.834
-0.25456,2.8581,-11.834
-6.0196,8.5892,-11.834
-5.8358,-2.8914,-5.9167
-11.602,2.8404,-5.9157
-0.086267,2.8581,-5.9167
-5.8527,8.5892,-5.9157
-0.13718,-2.8822,-11.904
-5.9036,2.8489,-11.904
5.6116,2.8666,-11.903
-0.15415,8.5984,-11.904
0.030406,-2.8815,-5.9857
-5.7368,2.8489,-5.9857
5.7792,2.8659,-5.9857
0.012021,8.5977,-5.9857
-2.8065,-5.7452,-12.07
-8.573,-0.014142,-12.07
2.9416,0.0028284,-12.069
-2.8242,5.7346,-12.07
-2.6389,-5.7445,-6.1517
-8.4054,-0.013435,-6.1517
3.1099,0.0028284,-6.1507
-2.6566,5.7353,-6.1507
-2.8157,-0.025456,-12.094
-8.5822,5.7056,-12.094
2.9331,5.7219,-12.095
-2.8334,11.454,-12.093
-2.6488,-0.025456,-6.1757
-8.4146,5.7064,-6.1757
3.1007,5.7226,-6.1757
-2.6665,11.454,-6.1747
-0.37265,-5.7806,2.757
-6.1419,-0.049497,2.756
5.3761,-0.033234,2.758
-0.39103,5.6986,2.757
-0.20506,-5.7813,8.675
-5.968,-0.050912,8.675
5.5473,-0.033234,8.676
-0.22274,5.6986,8.674
-0.40588,0.016971,2.738
-6.1709,5.7481,2.739
5.3422,5.765,2.739
-0.42214,11.497,2.739
-0.23829,0.016263,8.656
-6.0048,5.7474,8.657
5.5098,5.7657,8.656
-0.25597,11.496,8.657
-6.0026,-2.8914,0.002
-11.768,2.8404,0.002
-0.25456,2.8581,0.002
-6.0196,8.5892,0.002
-5.8358,-2.8914,5.919
-11.602,2.8404,5.92
-0.086267,2.8581,5.919
-5.8527,8.5892,5.92
-0.13718,-2.8822,-0.068
-5.9036,2.8489,-0.068
5.6116,2.8666,-0.067
-0.15415,8.5984,-0.068
0.030406,-2.8815,5.85
-5.7368,2.8489,5.85
5.7792,2.8659,5.85
0.012021,8.5977,5.85
-2.8065,-5.7452,-0.234
-8.573,-0.014142,-0.234
2.9416,0.0028284,-0.233
-2.8242,5.7346,-0.234
-2.6389,-5.7445,5.684
-8.4054,-0.013435,5.684
3.1099,0.0028284,5.685
-2.6566,5.7353,5.685
-2.8157,-0.025456,-0.258
-8.5822,5.7056,-0.258
2.9331,5.7219,-0.259
-2.8334,11.454,-0.257
-2.6488,-0.025456,5.66
-8.4146,5.7064,5.66
3.1007,5.7226,5.66
-2.6665,11.454,5.661
-6.0026,-2.8914,11.838
-11.768,2.8404,11.838
-0.25456,2.8581,11.838
-6.0196,8.5892,11.838
-0.13718,-2.8822,11.768
-5.9036,2.8489,11.768
5.6116,2.8666,11.769
-0.15415,8.5984,11.768
-2.8065,-5.7452,11.602
-8.573,-0.014142,11.602
2.9416,0.0028284,11.603
-2.8242,5.7346,11.602
-2.8157,-0.025456,11.578
-8.5822,5.7056,11.578
2.9331,5.7219,11.577
-2.8334,11.454,11.579
-11.87,5.7166,-9.3149
-6.1211,11.464,-9.3139
-11.702,5.7159,-3.3969
-5.95,11.464,-3.3959
-11.903,11.514,-9.3339
-11.736,11.513,-3.4159
-11.634,8.6151,-12.14
-11.467,8.6158,-6.2219
-8.5557,11.5,-12.305
-8.3874,11.5,-6.3869
-11.87,5.7166,2.5208
-6.1211,11.464,2.5218
-11.702,5.7159,8.4388
-5.95,11.464,8.4398
-11.903,11.514,2.5018
-11.736,11.513,8.4198
-11.634,8.6151,-0.30424
-11.467,8.6158,5.6138
-8.5557,11.5,-0.46924
-8.3874,11.5,5.4488
-11.634,8.6151,11.531
-8.5557,11.5,11.366
11.261,2.8057,-11.36
11.428,2.8057,-5.4424
11.261,2.8057,0.4753
11.428,2.8057,6.3933
11.261,2.8057,12.311
11.159,5.6819,-8.8416
5.3901,11.413,-8.8426
11.327,5.6812,-2.9236
5.5641,11.412,-2.9236
11.126,11.479,-8.8606
11.294,11.479,-2.9426
5.5294,8.5711,-11.597
5.6963,8.5711,-5.6796
11.395,8.5803,-11.667
11.562,8.581,-5.7486
8.7256,5.7172,-11.833
2.9591,11.448,-11.833
8.8931,5.7179,-5.9146
3.1267,11.449,-5.9146
8.7164,11.437,-11.857
8.8832,11.437,-5.9386
11.159,5.6819,2.9941
5.3901,11.413,2.9931
11.327,5.6812,8.9121
5.5641,11.412,8.9121
11.126,11.479,2.9751
11.294,11.479,8.8931
5.5294,8.5711,0.23906
5.6963,8.5711,6.1561
11.395,8.5803,0.16906
11.562,8.581,6.0871
8.7256,5.7172,0.003058
2.9591,11.448,0.003058
8.8931,5.7179,5.9211
3.1267,11.449,5.9211
8.7164,11.437,-0.020942
8.8832,11.437,5.8971
5.5294,8.5711,12.075
11.395,8.5803,12.005
8.7256,5.7172,11.839
2.9591,11.448,11.839
8.7164,11.437,11.815
0,0,0
0.00070711,5.7099,-0.003
-5.7481,-0.038891,-0.003
5.7672,-0.021213,-0.003
0.018385,-5.77,-0.003
0.16829,-6.5226e-16,-5.9177
0.16829,-6.5226e-16,5.918
5.7488,5.7474,0
-5.7657,5.7304,0
-5.5805,-0.038184,5.914
5.7315,-5.7668,0.23624
-5.7833,-5.7151,-0.23706
-5.5805,-0.038184,-5.9217
0.169,5.7099,5.915
0.169,5.7099,-5.9207
0.18597,-5.7693,5.915
0.18597,-5.7693,-5.9207
5.9355,-0.021213,5.915
5.9355,-0.021213,-5.9207
-5.6157,-5.7144,5.6809
-5.5982,5.7311,-5.9177
-5.5982,5.7311,5.918
5.8991,-5.7661,-5.6814
-5.6157,-5.7144,-6.1547
5.9164,5.7481,-5.9177
5.9164,5.7481,5.918
5.8991,-5.7661,6.1542
-0.016263,11.48,0.001
-0.051112,-11.48,0.00018
11.481,-0.017342,0.23724
-11.548,0.0174,-0.23606
0,0,-11.836
0,0,11.836
-11.381,0.0174,5.6809
5.784,11.424,0.23406
-5.7301,11.476,-0.23924
-11.479,5.7272,-0.23924
-5.7649,-11.484,-0.24006
11.498,-5.7873,0.23324
11.55,5.6925,0.23406
-11.531,-5.7526,-0.24006
5.7491,-11.536,0.23324
0.11577,-11.48,5.9172
0.11577,-11.48,-5.9185
0.15061,11.48,-5.9177
0.15061,11.48,5.918
-11.381,0.0174,-6.1547
11.648,-0.017342,-5.6814
0.00070711,5.7099,11.833
0.00070711,5.7099,-11.839
-5.7481,-0.038891,11.833
-5.7481,-0.038891,-11.839
5.7672,-0.021213,11.833
0.018385,-5.77,11.833
5.7672,-0.021213,-11.839
0.018385,-5.77,-11.839
11.648,-0.017342,6.1542
-11.311,5.7279,5.6788
-11.363,-5.7526,5.6779
-5.5618,11.476,5.6788
-5.5966,-11.484,5.6779
5.9516,11.424,-5.6846
-11.311,5.7279,-6.1569
-11.363,-5.7526,-6.1577
5.9167,-11.535,-5.6854
-5.5618,11.476,-6.1569
-5.7833,-5.7151,11.599
5.7315,-5.7668,-11.599
-5.5966,-11.484,-6.1577
11.666,-5.7873,-5.6844
11.718,5.6932,-5.6836
5.9516,11.424,6.1511
5.9167,-11.535,6.1502
5.7488,5.7474,-11.836
5.7488,5.7474,11.836
-5.7657,5.7304,-11.836
-5.7657,5.7304,11.836
11.666,-5.7873,6.1512
11.718,5.6932,6.1521
5.7315,-5.7668,12.072
-5.7833,-5.7151,-12.073
11.497,-11.497,0.23624
-11.497,11.497,-0.23624
-11.532,-11.462,-0.23706
11.532,11.462,0.23706
11.481,-0.017342,-11.598
-11.548,0.0174,11.6
-0.016263,11.48,-11.835
-0.051112,-11.48,-11.835
-0.051112,-11.48,11.836
-0.016263,11.48,11.837
11.481,-0.017342,12.073
-11.548,0.0174,-12.072
-11.364,-11.462,5.6809
-11.329,11.497,5.6818
-11.329,11.497,-6.1539
-11.364,-11.462,-6.1547
5.784,11.424,-11.602
-5.7301,11.476,11.596
-11.479,5.7272,11.596
-5.7649,-11.484,11.596
11.498,-5.7873,-11.602
11.55,5.6925,-11.602
-11.531,-5.7526,11.596
11.666,-11.497,-5.6814
11.7,11.462,-5.6806
5.7491,-11.536,-11.602
11.666,-11.497,6.1542
11.7,11.462,6.1551
5.784,11.424,12.07
-5.7301,11.476,-12.075
-11.479,5.7272,-12.075
-5.7649,-11.484,-12.076
11.498,-5.7873,12.069
11.55,5.6925,12.07
5.7491,-11.536,12.069
-11.531,-5.7526,-12.076
-11.532,-11.462,11.599
11.532,11.462,-11.599
11.497,-11.497,-11.599
-11.497,11.497,11.599
11.497,-11.497,12.072
-11.497,11.497,-12.072
-11.532,-11.462,-12.073
11.532,11.462,12.073
