-8.763,-8.9497,-9.0553
-8.763,-8.9497,2.992
-9.1342,-8.2306,-2.561
-3.1217,-9.753,-3.494
-9.1646,-3.2787,-3.54
-9.1342,-8.2306,9.4863
-3.1217,-9.753,8.5533
-9.1646,-3.2787,8.5073
8.6664,-8.8842,-9.1533
3.4289,-9.2441,-9.0343
9.5567,-3.1164,-8.8543
8.6664,-8.8842,2.894
3.4289,-9.2441,3.013
9.5567,-3.1164,3.193
9.1317,-8.8856,-3.425
9.1317,-8.8856,8.6223
3.3022,-3.5794,-8.6613
-3.3722,3.1544,-9.1533
-2.7662,-8.8106,-9.5233
-9.2277,-2.7676,-8.9473
-2.5725,-3.1226,-8.8443
-8.6097,2.7945,-9.0343
3.2951,3.1084,-9.0553
-2.4819,8.9223,-8.8543
3.3022,-3.5794,3.386
-3.3722,3.1544,2.894
-2.7662,-8.8106,2.524
-9.2277,-2.7676,3.1
-2.5725,-3.1226,3.203
-8.6097,2.7945,3.013
3.2951,3.1084,2.992
-2.4819,8.9223,3.193
2.5166,-9.0305,-2.719
-2.7605,-2.6615,-2.891
8.6995,-2.9508,-3.017
2.9239,3.8276,-2.561
8.9364,2.3052,-3.494
2.8935,8.7794,-3.54
3.3234,-3.3404,-3.692
-2.9069,3.153,-3.425
2.5166,-9.0305,9.3283
-2.7605,-2.6615,9.1563
8.6995,-2.9508,9.0303
2.9239,3.8276,9.4863
8.9364,2.3052,8.5533
2.8935,8.7794,8.5073
3.3234,-3.3404,8.3553
-2.9069,3.153,8.6223
-8.7364,8.4593,-8.6613
-8.7364,8.4593,3.386
-9.522,3.0082,-2.719
-3.3391,9.0879,-3.017
-8.7152,8.6983,-3.692
-9.522,3.0082,9.3283
-3.3391,9.0879,9.0303
-8.7152,8.6983,8.3553
9.2919,3.2476,-9.5233
2.8304,9.2905,-8.9473
9.4857,8.9355,-8.8443
9.2919,3.2476,2.524
2.8304,9.2905,3.1
9.4857,8.9355,3.203
9.2976,9.3966,-2.891
9.2976,9.3966,9.1563
-9.8668,-8.8415,-10.036
-9.8668,-8.8415,2.011
-9.0755,-9.1873,-3.71
-9.0755,-9.1873,8.3373
9.3764,-9.0949,-7.8413
9.3764,-9.0949,4.206
3.5498,-9.0002,-3.81
9.6953,-2.9792,-4.127
9.5701,-10.173,-2.805
3.5498,-9.0002,8.2373
9.6953,-2.9792,7.9203
9.5701,-10.173,9.2423
-1.521,-8.9993,-8.7293
-8.737,-2.8723,-10.362
2.9274,-2.1821,-9.0893
-2.6623,2.9437,-7.8413
2.8037,-9.2355,-10.399
-3.4266,-2.9359,-10.06
8.4429,-3.1933,-9.8673
2.1913,3.2166,-10.036
-1.521,-8.9993,3.318
-8.737,-2.8723,1.685
2.9274,-2.1821,2.958
-2.6623,2.9437,4.206
2.8037,-9.2355,1.648
-3.4266,-2.9359,1.987
8.4429,-3.1933,2.18
2.1913,3.2166,2.011
-8.4888,3.0384,-3.81
-2.7492,-3.3658,-4.194
-2.3434,9.0595,-4.127
2.9826,2.8709,-3.71
-2.6764,-8.3361,-3.275
-8.1664,-2.18,-3.418
2.6905,-3.1261,-2.361
-2.4685,1.8661,-2.805
-8.4888,3.0384,8.2373
-2.7492,-3.3658,7.8533
-2.3434,9.0595,7.9203
2.9826,2.8709,8.3373
-2.6764,-8.3361,8.7723
-8.1664,-2.18,8.6293
2.6905,-3.1261,9.6863
-2.4685,1.8661,9.2423
-9.1112,9.8565,-9.0893
-9.235,2.8031,-10.399
-3.5958,8.8453,-9.8673
-9.1112,9.8565,2.958
-9.235,2.8031,1.648
-3.5958,8.8453,2.18
-9.3481,8.9125,-2.361
-9.3481,8.9125,9.6863
10.537,3.0588,-8.7293
3.3211,9.1859,-10.362
8.6315,9.1222,-10.06
10.537,3.0588,3.318
3.3211,9.1859,1.685
8.6315,9.1222,1.987
9.3089,8.6923,-4.194
9.3817,3.722,-3.275
3.8917,9.8781,-3.418
9.3089,8.6923,7.8533
9.3817,3.722,8.7723
3.8917,9.8781,8.6293
0.57943,-12.703,-3.04
0.57943,-12.703,9.0073
-6.0498,-12.617,-9.3233
-12.011,-6.798,-8.8203
-12.209,-11.159,-8.7843
-8.8175,-11.851,-6.5363
-5.4403,-8.8853,-11.486
-11.92,-3.1309,-12.054
-5.7026,-9.0402,-6.8343
-12.375,-8.8507,-12.644
-3.0079,-12.774,-12.265
-9.1378,-6.0477,-11.522
-8.9999,-11.654,-11.743
-11.459,-0.66451,-3.04
-11.586,-12.507,-2.82
-6.0498,-12.617,2.724
-12.011,-6.798,3.227
-12.209,-11.159,3.263
-6.769,-11.492,-3.35
-12.408,-5.3639,-3.141
-8.8175,-11.851,5.511
-2.5949,-12.142,-5.948
-8.7934,-6.4303,-5.97
-11.936,-9.1816,-5.344
-5.4403,-8.8853,0.561
-11.92,-3.1309,-0.007
-5.7026,-9.0402,5.213
-11.809,-3.0885,-6.23
-12.375,-8.8507,-0.597
-3.0079,-12.774,-0.218
-9.1378,-6.0477,0.525
-8.9999,-11.654,0.304
-11.459,-0.66451,9.0073
-11.586,-12.507,9.2273
-6.769,-11.492,8.6973
-12.408,-5.3639,8.9063
-2.5949,-12.142,6.0993
-8.7934,-6.4303,6.0773
-11.936,-9.1816,6.7033
-5.4403,-8.8853,12.608
-11.92,-3.1309,12.04
-11.809,-3.0885,5.8173
-12.375,-8.8507,11.45
-3.0079,-12.774,11.829
-9.1378,-6.0477,12.572
-8.9999,-11.654,12.351
6.0254,-12.258,-9.3603
12.086,-6.7785,-8.8203
0.63441,-11.708,-9.2013
11.887,-11.139,-8.7843
5.6308,-8.8411,-11.899
12.177,-3.1114,-12.054
6.3019,-9.2703,-6.6293
11.722,-8.8312,-12.644
9.0278,-12.498,-12.192
2.9247,-12.185,-12.306
8.7435,-5.628,-12.162
12.638,-0.64502,-3.04
12.51,-12.488,-2.82
5.7574,-6.7601,-3.453
6.0254,-12.258,2.687
12.086,-6.7785,3.227
0.63441,-11.708,2.846
11.887,-11.139,3.263
6.3422,-10.906,-3.105
11.689,-5.3445,-3.141
3.3575,-11.7,-6.139
9.0377,-6.1527,-5.987
9.2632,-12.353,-5.955
12.16,-9.1621,-5.344
5.6308,-8.8411,0.148
12.177,-3.1114,-0.007
6.3019,-9.2703,5.418
12.288,-3.069,-6.23
11.722,-8.8312,-0.597
9.0278,-12.498,-0.145
2.9247,-12.185,-0.259
8.7435,-5.628,-0.115
12.638,-0.64502,9.0073
12.51,-12.488,9.2273
5.7574,-6.7601,8.5943
6.3422,-10.906,8.9423
11.689,-5.3445,8.9063
3.3575,-11.7,5.9083
9.0377,-6.1527,6.0603
9.2632,-12.353,6.0923
12.16,-9.1621,6.7033
5.6308,-8.8411,12.195
12.177,-3.1114,12.04
12.288,-3.069,5.8173
11.722,-8.8312,11.45
9.0278,-12.498,11.902
2.9247,-12.185,11.788
8.7435,-5.628,11.932
0.69791,-6.7338,-9.1153
-6.0132,-0.2192,-9.3603
6.0083,-0.55932,-9.3233
0.047376,5.2602,-8.8203
-11.404,0.33093,-9.2013
-6.0825,-4.8635,-9.3533
6.2643,-5.8966,-9.3363
-0.15132,0.89944,-8.7843
-2.5456,-6.4078,-6.5263
3.2407,0.20718,-6.5363
0.19445,-2.8617,-11.481
-6.4078,3.1975,-11.899
6.6178,3.1728,-11.486
0.13789,8.9272,-12.054
0.036062,-3.2393,-6.4253
-5.7368,2.7683,-6.6293
6.3555,3.0179,-6.8343
-0.43275,-8.9407,-12.534
-6.3534,-2.8362,-12.627
5.6639,-2.6969,-12.433
-0.31678,3.2074,-12.644
2.7867,-5.7467,-12.481
-3.0109,-0.45962,-12.192
9.0503,-0.7163,-12.265
2.9204,6.0104,-11.522
-2.9776,-5.5826,-11.883
-9.1139,-0.14637,-12.306
3.0582,0.40376,-11.743
-3.2951,6.4106,-12.162
-5.6717,-6.2289,-3.272
0.59892,11.394,-3.04
0.47164,-0.44901,-2.82
-6.2812,5.2786,-3.453
0.69791,-6.7338,2.932
-6.0132,-0.2192,2.687
6.0083,-0.55932,2.724
0.047376,5.2602,3.227
-11.404,0.33093,2.846
-6.0825,-4.8635,2.694
6.2643,-5.8966,2.711
-0.15132,0.89944,3.263
-0.48083,-5.5352,-2.93
-5.6965,1.1328,-3.105
5.2892,0.56569,-3.35
-0.35002,6.6942,-3.141
-2.5456,-6.4078,5.521
-8.6811,0.3387,-6.139
3.2407,0.20718,5.511
-3.001,5.886,-5.987
3.2838,-6.2621,-6.054
-2.7754,-0.31466,-5.955
9.4632,-0.084146,-5.948
3.2647,5.6279,-5.97
-0.23405,-9.0616,-5.439
-5.8782,-2.9805,-5.658
6.4,-3.0568,-5.998
0.12162,2.8765,-5.344
0.19445,-2.8617,0.566
-6.4078,3.1975,0.148
6.6178,3.1728,0.561
0.13789,8.9272,-0.007
0.036062,-3.2393,5.622
-5.7368,2.7683,5.418
6.3555,3.0179,5.213
0.24961,8.9696,-6.23
-0.43275,-8.9407,-0.487
-6.3534,-2.8362,-0.58
5.6639,-2.6969,-0.386
-0.31678,3.2074,-0.597
2.7867,-5.7467,-0.434
-3.0109,-0.45962,-0.145
9.0503,-0.7163,-0.218
2.9204,6.0104,0.525
-2.9776,-5.5826,0.164
-9.1139,-0.14637,-0.259
3.0582,0.40376,0.304
-3.2951,6.4106,-0.115
-5.6717,-6.2289,8.7753
0.59892,11.394,9.0073
0.47164,-0.44901,9.2273
-6.2812,5.2786,8.5943
-0.48083,-5.5352,9.1173
-5.6965,1.1328,8.9423
5.2892,0.56569,8.6973
-0.35002,6.6942,8.9063
-8.6811,0.3387,5.9083
-3.001,5.886,6.0603
3.2838,-6.2621,5.9933
-2.7754,-0.31466,6.0923
9.4632,-0.084146,6.0993
3.2647,5.6279,6.0773
-0.23405,-9.0616,6.6083
-5.8782,-2.9805,6.3893
6.4,-3.0568,6.0493
0.12162,2.8765,6.7033
0.19445,-2.8617,12.613
-6.4078,3.1975,12.195
6.6178,3.1728,12.608
0.13789,8.9272,12.04
0.24961,8.9696,5.8173
-0.43275,-8.9407,11.56
-6.3534,-2.8362,11.467
5.6639,-2.6969,11.661
-0.31678,3.2074,11.45
2.7867,-5.7467,11.613
-3.0109,-0.45962,11.902
9.0503,-0.7163,11.829
2.9204,6.0104,12.572
-2.9776,-5.5826,12.211
-9.1139,-0.14637,11.788
3.0582,0.40376,12.351
-3.2951,6.4106,11.932
-11.341,5.3049,-9.1153
-6.0303,11.479,-9.3233
-5.7744,6.1421,-9.3363
-12.19,12.938,-8.7843
-8.798,12.246,-6.5363
-11.844,9.177,-11.481
-12.003,8.7994,-6.4253
-12.471,3.098,-12.534
-6.3747,9.3417,-12.433
-9.2519,6.292,-12.481
-2.9884,11.322,-12.265
-8.9804,12.442,-11.743
-11.567,11.59,-2.82
-11.341,5.3049,2.932
-6.0303,11.479,2.724
-5.7744,6.1421,2.711
-12.19,12.938,3.263
-12.519,6.5034,-2.93
-6.7495,12.604,-3.35
-8.798,12.246,5.511
-8.7548,5.7765,-6.054
-2.5754,11.954,-5.948
-12.273,2.9771,-5.439
-5.6386,8.9818,-5.998
-11.844,9.177,0.566
-12.003,8.7994,5.622
-12.471,3.098,-0.487
-6.3747,9.3417,-0.386
-9.2519,6.292,-0.434
-2.9884,11.322,-0.218
-8.9804,12.442,0.304
-11.567,11.59,9.2273
-12.519,6.5034,9.1173
-6.7495,12.604,8.6973
-8.7548,5.7765,5.9933
-2.5754,11.954,6.0993
-12.273,2.9771,6.6083
-5.6386,8.9818,6.0493
-11.844,9.177,12.613
-12.471,3.098,11.56
-6.3747,9.3417,11.661
-9.2519,6.292,11.613
-2.9884,11.322,11.829
-8.9804,12.442,12.351
12.693,0.35041,-9.2013
12.693,0.35041,2.846
12.756,5.3243,-9.1153
6.0449,11.839,-9.3603
0.6539,12.389,-9.2013
5.9756,7.1946,-9.3533
11.907,12.958,-8.7843
9.5125,5.6503,-6.5263
12.253,9.1965,-11.481
12.094,8.8189,-6.4253
11.625,3.1175,-12.534
5.7048,9.2219,-12.627
9.0473,11.599,-12.192
9.0805,6.4755,-11.883
2.9442,11.912,-12.306
6.3864,5.8292,-3.272
12.53,11.609,-2.82
12.756,5.3243,2.932
6.0449,11.839,2.687
0.6539,12.389,2.846
5.9756,7.1946,2.694
11.907,12.958,3.263
11.577,6.5229,-2.93
6.3617,13.191,-3.105
9.5125,5.6503,5.521
3.377,12.397,-6.139
9.2827,11.743,-5.955
11.824,2.9965,-5.439
6.1799,9.0777,-5.658
12.253,9.1965,0.566
12.094,8.8189,5.622
11.625,3.1175,-0.487
5.7048,9.2219,-0.58
9.0473,11.599,-0.145
9.0805,6.4755,0.164
2.9442,11.912,-0.259
6.3864,5.8292,8.7753
12.53,11.609,9.2273
11.577,6.5229,9.1173
6.3617,13.191,8.9423
3.377,12.397,5.9083
9.2827,11.743,6.0923
11.824,2.9965,6.6083
6.1799,9.0777,6.3893
12.253,9.1965,12.613
11.625,3.1175,11.56
5.7048,9.2219,11.467
9.0473,11.599,11.902
9.0805,6.4755,12.211
2.9442,11.912,11.788
0,0,0
-0.072125,-5.9666,-0.003
5.9652,0.59538,-0.094
0.19516,-0.18668,5.9963
0.19516,-0.18668,-6.051
-0.3882,6.1073,-0.216
-6.1872,0.17678,-0.342
-5.7714,-0.23052,5.519
5.7707,-5.8032,-0.525
0.18031,5.8499,-6.007
0.34295,-6.0564,-5.821
0.18031,5.8499,6.0403
5.8237,6.0825,-0.043
6.2049,0.11526,5.9513
-6.2344,-5.9756,-0.043
0.34295,-6.0564,6.2263
6.2049,0.11526,-6.096
-5.7714,-0.23052,-6.5283
-6.2679,6.2354,-0.525
-5.6922,-6.1264,5.6
-5.8522,6.077,5.562
6.1865,-5.9616,5.562
6.3659,5.9317,5.6
-5.6922,-6.1264,-6.4473
-5.8522,6.077,-6.4853
6.1865,-5.9616,-6.4853
6.3659,5.9317,-6.4473
11.895,-0.14001,-0.259
-0.14368,11.899,-0.259
0,0,-12.047
0,0,12.047
-0.16317,-12.198,-0.259
-12.202,-0.1595,-0.259
-6.093,-11.463,-0.094
11.65,-5.9314,-0.216
-11.698,0.0035355,6.0103
-11.698,0.0035355,-6.037
5.8514,-11.862,-0.342
-6.1872,0.17678,11.705
-0.3882,6.1073,11.831
5.9652,0.59538,11.953
-0.072125,-5.9666,12.044
11.986,6.0916,-0.003
-0.072125,-5.9666,-12.05
0.34096,-12.035,6.0103
0.34096,-12.035,-6.037
0.36045,12.062,6.0103
0.36045,12.062,-6.037
5.9652,0.59538,-12.141
-12.111,6.0721,-0.003
5.8709,12.235,-0.342
-0.3882,6.1073,-12.263
12.399,0.023024,6.0103
12.399,0.023024,-6.037
-12.446,-5.9508,-0.216
-6.1872,0.17678,-12.389
-6.0735,12.634,-0.094
5.7707,-5.8032,11.522
-11.696,5.9823,-5.821
6.2867,11.828,5.519
-6.2679,6.2354,11.522
-11.696,5.9823,6.2263
-5.8533,-11.943,5.9513
-5.8533,-11.943,-6.096
5.8237,6.0825,12.004
-11.878,-6.2082,-6.007
-11.878,-6.2082,6.0403
5.8237,6.0825,-12.09
-5.8338,12.154,5.9513
-6.2344,-5.9756,12.004
-5.8338,12.154,-6.096
6.2672,-12.269,5.519
-6.2344,-5.9756,-12.09
6.2867,11.828,-6.5283
12.219,-6.1887,-6.007
12.401,6.0018,-5.821
12.219,-6.1887,6.0403
5.7707,-5.8032,-12.572
12.401,6.0018,6.2263
6.2672,-12.269,-6.5283
-6.2679,6.2354,-12.572
11.895,-0.14001,11.788
-0.14368,11.899,11.788
-0.16317,-12.198,11.788
-12.202,-0.1595,11.788
12.039,-12.039,0
-12.039,12.039,0
12.058,12.058,0
-12.058,-12.058,0
11.895,-0.14001,-12.306
-0.14368,11.899,-12.306
-0.16317,-12.198,-12.306
-12.202,-0.1595,-12.306
11.65,-5.9314,11.831
-6.093,-11.463,11.953
5.8514,-11.862,11.705
-6.093,-11.463,-12.141
-11.843,11.852,5.9963
-11.843,11.852,-6.051
5.8709,12.235,11.705
11.65,-5.9314,-12.263
11.986,6.0916,12.044
11.986,6.0916,-12.05
-11.863,-12.245,5.9963
12.253,11.871,5.9963
-11.863,-12.245,-6.051
12.253,11.871,-6.051
5.8514,-11.862,-12.389
-12.111,6.0721,12.044
-12.111,6.0721,-12.05
-12.446,-5.9508,11.831
12.234,-12.225,5.9963
12.234,-12.225,-6.051
5.8709,12.235,-12.389
-6.0735,12.634,11.953
-12.446,-5.9508,-12.263
-6.0735,12.634,-12.141
12.039,-12.039,-12.047
12.039,-12.039,12.047
-12.039,12.039,-12.047
-12.039,12.039,12.047
12.058,12.058,-12.047
12.058,12.058,12.047
-12.058,-12.058,-12.047
-12.058,-12.058,12.047
