-8.9822,-8.4955,-9.6557
-8.9822,-8.4955,2.1799
-9.3146,-8.9777,-2.9991
-9.3146,-8.9777,8.8366
7.8125,-8.3174,-8.4428
8.2155,-8.2693,-3.3098
7.8125,-8.3174,3.3929
8.2155,-8.2693,8.5259
2.3186,-8.7363,-9.3507
-3.4966,-3.0582,-9.4517
2.5498,2.967,-9.4187
-9.1507,-3.2774,-9.2027
2.4565,-2.9218,-9.5897
2.3186,-8.7363,2.485
-3.4966,-3.0582,2.384
2.5498,2.967,2.417
2.3928,-9.051,-2.569
-3.2591,-2.3865,-2.937
8.1869,-2.5258,-3.271
2.2175,2.4848,-2.762
-3.5773,-8.2187,-8.832
-9.1507,-3.2774,2.633
2.4565,-2.9218,2.246
-3.6847,3.1799,-8.679
-3.2661,-8.6811,-3.5
-9.3048,-2.6538,-3.399
2.4367,-2.6601,-3.46
-3.2817,3.2279,-3.546
2.3928,-9.051,9.2667
-3.2591,-2.3865,8.8987
8.1869,-2.5258,8.5647
2.2175,2.4848,9.0737
-3.5773,-8.2187,3.0037
-3.6847,3.1799,3.1567
-3.2661,-8.6811,8.3357
-9.3048,-2.6538,8.4367
2.4367,-2.6601,8.3757
-3.2817,3.2279,8.2897
-9.1786,2.7609,-9.5869
-9.0407,8.5755,-9.8259
-9.1786,2.7609,2.2488
-9.1044,2.4463,-2.8052
-3.3103,8.9714,-3.5072
-9.0407,8.5755,2.0098
-9.0605,8.8371,-3.6962
-9.1044,2.4463,9.0304
-3.3103,8.9714,8.3284
-9.0605,8.8371,8.1394
8.0354,8.4042,-9.2146
8.4958,-2.3996,-8.9816
2.3814,8.185,-8.9656
8.0354,8.4042,2.6211
8.4958,-2.3996,2.8541
8.273,9.076,-2.6999
7.9548,3.2438,-8.5949
2.3814,8.185,2.8701
8.2659,2.7813,-3.2629
2.2273,8.8087,-3.1619
8.273,9.076,9.1357
7.9548,3.2438,3.2407
8.2659,2.7813,8.5727
2.2273,8.8087,8.6737
-3.0015,9.0976,-9.2178
-3.0015,9.0976,2.6178
8.4701,-3.1201,-7.7288
2.9016,-8.6405,-7.9618
3.5387,-8.1986,-2.5258
8.7593,-9.4664,-8.5758
9.4707,-8.311,-2.4968
8.4701,-3.1201,4.1069
2.9016,-8.6405,3.8739
3.5387,-8.1986,9.3099
8.7593,-9.4664,3.2599
9.4707,-8.311,9.3389
-2.3278,-9.3692,-9.1247
-8.2321,-8.5418,-8.358
-3.0271,8.3771,-7.965
-2.728,-3.141,-8.439
-8.5956,2.8567,-8.198
-8.0257,-8.2053,-2.664
-2.0393,-3.2414,-2.868
-7.9585,3.2987,-2.762
-2.3278,-9.3692,2.711
-8.131,-2.8899,-8.686
3.194,-2.955,-8.56
-2.7379,2.0308,-8.812
-2.0626,-8.708,-2.611
-8.0207,-2.5972,-2.639
3.1721,-2.7252,-2.16
-2.0266,3.1862,-2.733
-8.2321,-8.5418,3.4777
-3.0271,8.3771,3.8707
-2.728,-3.141,3.3967
-8.5956,2.8567,3.6377
-8.0257,-8.2053,9.1717
-2.0393,-3.2414,8.9677
-7.9585,3.2987,9.0737
-8.131,-2.8899,3.1497
3.194,-2.955,3.2757
-2.7379,2.0308,3.0237
-2.0626,-8.708,9.2247
-8.0207,-2.5972,9.1967
3.1721,-2.7252,9.6757
-2.0266,3.1862,9.1027
-8.3032,8.5422,-8.7962
-8.3251,8.772,-2.3962
-8.3032,8.5422,3.0394
-8.3251,8.772,9.4394
9.433,-3.4006,-2.6587
9.433,-3.4006,9.177
9.2043,2.0933,-8.8876
3.2999,2.9206,-8.1209
8.8041,8.3215,-8.2019
3.5064,3.2572,-2.4269
-2.0642,8.0966,-2.8949
9.4928,8.2211,-2.6309
9.2043,2.0933,2.9481
3.401,8.5725,-8.4489
9.4694,2.7545,-2.3739
3.5114,8.8653,-2.4019
3.2999,2.9206,3.7147
8.8041,8.3215,3.6337
3.5064,3.2572,9.4087
-2.0642,8.0966,8.9407
9.4928,8.2211,9.2047
3.401,8.5725,3.3867
9.4694,2.7545,9.4617
3.5114,8.8653,9.4337
-12.498,-5.5878,-9.4117
-11.744,-8.6934,-11.681
-8.7312,-11.436,-12.395
-12.361,-11.079,-2.8431
-12.185,-12.061,-8.7981
-6.6332,-11.537,-3.2701
-11.214,-5.981,-3.5251
-12.498,-5.5878,2.4239
-11.099,-8.4884,-6.6201
-11.744,-8.6934,0.15494
-8.8832,-11.891,-6.8661
-8.7312,-11.436,-0.55906
-12.361,-11.079,8.9926
-12.185,-12.061,3.0376
-6.6332,-11.537,8.5656
-11.214,-5.981,8.3106
-11.099,-8.4884,5.2156
-11.744,-8.6934,11.991
-8.8832,-11.891,4.9696
-8.7312,-11.436,11.277
0.023706,-11.841,-8.9494
5.2033,-11.164,-8.8314
10.531,-5.6226,-8.9384
5.4479,-8.5366,-11.968
11.285,-8.7282,-11.207
8.6037,-11.503,-11.036
2.7843,-11.714,-11.706
8.6108,-5.8616,-12.354
10.668,-11.114,-2.3698
0.023706,-11.841,2.8862
10.844,-12.095,-8.3248
5.3546,-11.631,-2.8138
11.815,-6.0157,-3.0518
5.2033,-11.164,3.0042
10.531,-5.6226,2.8972
5.2125,-8.7409,-5.1438
5.4479,-8.5366,-0.13276
11.93,-8.5231,-6.1468
11.285,-8.7282,0.62824
8.5253,-10.994,-5.6758
8.6037,-11.503,0.79924
2.6563,-11.901,-6.0788
8.5387,-5.4698,-5.2298
2.7843,-11.714,0.12924
8.6108,-5.8616,-0.51876
10.668,-11.114,9.4659
10.844,-12.095,3.5109
5.3546,-11.631,9.0219
11.815,-6.0157,8.7839
5.2125,-8.7409,6.6919
5.4479,-8.5366,11.703
11.93,-8.5231,5.6889
11.285,-8.7282,12.464
8.5253,-10.994,6.1599
8.6037,-11.503,12.635
2.6563,-11.901,5.7569
8.5387,-5.4698,6.6059
2.7843,-11.714,11.965
8.6108,-5.8616,11.317
-11.474,-0.34365,-9.1857
-6.0917,-6.0111,-9.0457
5.4879,-6.0719,-8.9407
-0.34295,-5.4907,-9.2187
-6.294,0.33305,-9.0677
-5.7141,-10.807,-9.0397
-0.96591,5.8746,-9.1747
-5.8032,-8.602,-12.285
-11.86,-3.0519,-12.357
0.23193,-2.943,-12.458
-6.0493,2.9607,-12.205
-0.28496,-8.7236,-11.547
-6.1801,-2.9062,-11.749
5.3853,-2.8383,-11.417
-0.21213,2.769,-11.444
-2.9889,-11.102,-11.592
-8.5737,-5.7212,-12.181
3.0201,-6.0267,-12.071
-2.8935,-0.0056569,-11.273
-2.815,-5.9715,-12.436
-8.713,-0.21637,-11.943
2.8008,0.026163,-12.158
-2.8864,5.6356,-12.591
-0.577,-11.492,-3.459
-6.1745,-5.3104,-3.114
5.379,-5.0579,-3.092
-0.82873,0.38325,-2.606
-11.474,-0.34365,2.65
-6.0917,-6.0111,2.79
5.4879,-6.0719,2.895
-0.65337,-0.59821,-8.561
-0.02192,-6.2643,-3.403
-6.1426,-0.13364,-3.05
4.8988,-0.074953,-3.033
0.3182,5.4815,-3.288
-0.34295,-5.4907,2.617
-6.294,0.33305,2.768
-5.7141,-10.807,2.796
-0.96591,5.8746,2.661
-6.4262,-8.5772,-5.606
-11.836,-2.7613,-5.88
-0.56356,-2.7683,-5.635
-6.2848,2.7563,-5.38
-5.8032,-8.602,-0.449
-11.86,-3.0519,-0.521
0.23193,-2.943,-0.622
-6.0493,2.9607,-0.369
0.19445,-8.5921,-6.223
-5.6243,-2.8595,-6.116
5.9418,-2.8362,-6.147
0.43275,2.9741,-6.383
-0.28496,-8.7236,0.289
-6.1801,-2.9062,0.087
5.3853,-2.8383,0.419
-0.21213,2.769,0.392
-3.1289,-11.111,-6.365
-8.7618,-5.3521,-6.4
2.8496,-5.0374,-6.233
-2.972,0.50275,-5.912
-2.9889,-11.102,0.244
-8.5737,-5.7212,-0.345
3.0201,-6.0267,-0.235
-2.8935,-0.0056569,0.563
-2.909,-5.6653,-6.07
-8.841,-0.40376,-6.315
2.6488,-0.42851,-6.629
-2.9585,6.0274,-5.466
-2.815,-5.9715,-0.6
-8.713,-0.21637,-0.107
2.8008,0.026163,-0.322
-2.8864,5.6356,-0.755
-0.577,-11.492,8.3767
-6.1745,-5.3104,8.7217
5.379,-5.0579,8.7437
-0.82873,0.38325,9.2297
-0.65337,-0.59821,3.2747
-0.02192,-6.2643,8.4327
-6.1426,-0.13364,8.7857
4.8988,-0.074953,8.8027
0.3182,5.4815,8.5477
-6.4262,-8.5772,6.2297
-11.836,-2.7613,5.9557
-0.56356,-2.7683,6.2007
-6.2848,2.7563,6.4557
-5.8032,-8.602,11.387
-11.86,-3.0519,11.315
0.23193,-2.943,11.214
-6.0493,2.9607,11.467
0.19445,-8.5921,5.6127
-5.6243,-2.8595,5.7197
5.9418,-2.8362,5.6887
0.43275,2.9741,5.4527
-0.28496,-8.7236,12.125
-6.1801,-2.9062,11.923
5.3853,-2.8383,12.255
-0.21213,2.769,12.228
-3.1289,-11.111,5.4707
-8.7618,-5.3521,5.4357
2.8496,-5.0374,5.6027
-2.972,0.50275,5.9237
-2.9889,-11.102,12.08
-8.5737,-5.7212,11.491
3.0201,-6.0267,11.601
-2.8935,-0.0056569,12.399
-2.909,-5.6653,5.7657
-8.841,-0.40376,5.5207
2.6488,-0.42851,5.2067
-2.9585,6.0274,6.3697
-2.815,-5.9715,11.236
-8.713,-0.21637,11.729
2.8008,0.026163,11.514
-2.8864,5.6356,11.081
-6.0094,5.4253,-9.1769
-11.84,6.0065,-9.4549
-11.265,8.5542,-12.694
-11.782,2.7736,-11.783
-6.1119,8.6589,-11.653
-8.4772,5.4705,-12.307
-8.6964,11.523,-12.394
-12.074,0.005321,-3.6952
-6.1183,6.4393,-3.3282
-12.326,11.88,-2.8422
-6.0094,5.4253,2.6588
-12.151,10.899,-8.7972
-11.519,5.233,-3.6392
-6.5984,11.422,-3.2692
-11.84,6.0065,2.3808
-12.061,8.7289,-5.8712
-11.265,8.5542,-0.85824
-11.303,2.9052,-6.4592
-5.5554,8.661,-6.3832
-11.782,2.7736,0.052762
-6.1119,8.6589,0.18276
-8.6476,6.4598,-6.4692
-8.4772,5.4705,-0.47124
-8.8484,11.069,-6.8652
-8.6964,11.523,-0.55824
-12.074,0.005321,8.1404
-6.1183,6.4393,8.5074
-12.326,11.88,8.9934
-12.151,10.899,3.0384
-11.519,5.233,8.1964
-6.5984,11.422,8.5664
-12.061,8.7289,5.9644
-11.265,8.5542,10.977
-11.303,2.9052,5.3764
-5.5554,8.661,5.4524
-11.782,2.7736,11.888
-6.1119,8.6589,12.018
-8.6476,6.4598,5.3664
-8.4772,5.4705,11.364
-8.8484,11.069,4.9704
-8.6964,11.523,11.277
11.556,-0.3784,-8.7124
11.17,-3.0866,-11.883
11.556,-0.3784,3.1233
11.193,-2.796,-5.4067
11.17,-3.0866,-0.047704
11.193,-2.796,6.429
11.17,-3.0866,11.788
0.058554,11.119,-8.9486
5.4403,5.4514,-8.8086
11.189,5.9718,-8.9816
5.2381,11.796,-8.8306
5.8179,0.65577,-8.8026
5.7288,2.8605,-12.048
-0.32753,8.4106,-12.12
11.764,8.5195,-12.221
11.247,2.7389,-11.31
5.352,8.5563,-11.512
8.5431,0.36019,-11.355
2.9584,5.7413,-11.944
8.6386,11.457,-11.036
8.7171,5.491,-12.199
2.8191,11.246,-11.706
10.955,-0.029421,-3.2219
5.3576,6.1521,-2.8769
10.703,11.846,-2.3689
0.058554,11.119,2.8871
5.4403,5.4514,3.0271
10.879,10.864,-8.3239
11.51,5.1982,-3.1659
5.3894,11.329,-2.8129
11.189,5.9718,2.8541
5.2381,11.796,3.0051
5.8179,0.65577,3.0331
5.1059,2.8853,-5.3689
-0.30419,8.7012,-5.6429
10.969,8.6942,-5.3979
5.7288,2.8605,-0.21194
-0.32753,8.4106,-0.28394
11.764,8.5195,-0.38494
11.727,2.8704,-5.9859
5.9077,8.6029,-5.8789
11.247,2.7389,0.52606
5.352,8.5563,0.32406
8.4031,0.35171,-6.1279
2.7703,6.1104,-6.1629
8.5601,11.965,-5.6749
8.5431,0.36019,0.48106
2.9584,5.7413,-0.10794
8.6386,11.457,0.80006
8.623,5.7971,-5.8329
2.6911,11.059,-6.0779
8.7171,5.491,-0.36294
2.8191,11.246,0.13006
10.955,-0.029421,8.6137
5.3576,6.1521,8.9587
10.703,11.846,9.4667
10.879,10.864,3.5117
11.51,5.1982,8.6697
5.3894,11.329,9.0227
5.1059,2.8853,6.4667
-0.30419,8.7012,6.1927
10.969,8.6942,6.4377
5.7288,2.8605,11.624
-0.32753,8.4106,11.552
11.764,8.5195,11.451
11.727,2.8704,5.8497
5.9077,8.6029,5.9567
11.247,2.7389,12.362
5.352,8.5563,12.16
8.4031,0.35171,5.7077
2.7703,6.1104,5.6727
8.5601,11.965,6.1607
8.5431,0.36019,12.317
2.9584,5.7413,11.728
8.6386,11.457,12.636
8.623,5.7971,6.0027
2.6911,11.059,5.7577
8.7171,5.491,11.473
2.8191,11.246,11.966
-5.6793,12.153,-9.0388
-2.9541,11.857,-11.591
-0.54215,11.468,-3.4582
-5.6793,12.153,2.7968
-3.0941,11.849,-6.3642
-2.9541,11.857,0.24482
-0.54215,11.468,8.3775
-3.0941,11.849,5.4715
-2.9541,11.857,12.08
0,0,0
-0.25951,5.6774,0.151
-5.7544,0.055154,0.165
5.8131,0.082731,0.089
0.067175,-5.8315,-0.04
-0.087681,-0.015556,-5.908
-0.087681,-0.015556,5.9277
5.4468,0.070004,-5.759
-0.02687,-5.6597,5.7287
-0.067882,5.6724,5.8027
5.8082,-5.6696,0.151
5.714,5.7773,0.13906
-5.8181,-5.6851,-0.098
-5.689,5.8276,-0.085238
5.4468,0.070004,6.0767
-0.067882,5.6724,-6.033
-0.02687,-5.6597,-6.107
-6.0415,0.028284,-5.857
-6.0415,0.028284,5.9787
5.5883,-5.6208,-5.76
5.6546,5.8113,-5.5319
5.5883,-5.6208,6.0757
-5.8775,-5.6512,-5.769
-5.8775,-5.6512,6.0667
-5.909,5.8764,5.8394
-5.909,5.8764,-5.9962
5.6546,5.8113,6.3037
-11.355,-0.074953,0.028
0.17735,11.388,0.26506
0.1425,-11.572,0.26424
11.675,-0.1097,0.5013
0,0,11.836
0,0,-11.836
11.238,-5.8199,0.38724
-5.7189,-11.38,-0.14806
11.319,-0.04922,5.8727
-11.43,5.6657,-0.27624
-0.1787,11.448,5.6365
11.319,-0.04922,-5.9629
5.7428,-11.442,0.40124
-0.21355,-11.512,5.6357
5.7776,11.518,0.40206
11.599,5.631,0.19706
-11.711,-0.014478,5.3994
-5.6841,11.58,-0.14724
-0.25951,5.6774,-11.685
-5.7544,0.055154,-11.671
-0.1787,11.448,-6.1992
-0.21355,-11.512,-6.2
5.8131,0.082731,-11.747
-11.792,-5.7851,-0.086058
0.067175,-5.8315,11.796
0.067175,-5.8315,-11.876
-0.25951,5.6774,11.987
5.8131,0.082731,11.925
-5.7544,0.055154,12.001
-11.711,-0.014478,-6.4362
5.4557,-11.469,-5.6208
5.4905,11.491,-5.6199
-11.524,5.8375,5.4924
11.429,-5.8248,-5.7968
-11.6,-5.7901,5.5656
5.4557,-11.469,6.2149
11.505,5.8028,-5.8699
5.4905,11.491,6.2157
-6.0852,-11.392,5.8396
11.429,-5.8248,6.0389
11.505,5.8028,5.9657
5.8082,-5.6696,-11.685
-6.0852,-11.392,-5.9961
5.714,5.7773,-11.697
-5.8181,-5.6851,11.738
-5.689,5.8276,11.75
-6.0504,11.567,5.8404
-6.0504,11.567,-5.9952
-11.524,5.8375,-6.3432
-11.6,-5.7901,-6.2701
-5.689,5.8276,-11.921
-5.8181,-5.6851,-11.934
5.714,5.7773,11.975
5.8082,-5.6696,11.987
0.17735,11.388,-11.571
11.497,-11.497,0.23624
-11.497,11.497,-0.23624
-11.532,-11.462,-0.23706
11.532,11.462,0.23706
11.675,-0.1097,-11.334
0.1425,-11.572,-11.571
-11.355,-0.074953,-11.808
-11.355,-0.074953,11.864
0.17735,11.388,12.101
0.1425,-11.572,12.1
11.675,-0.1097,12.337
11.238,-5.8199,-11.448
11.444,11.447,-5.6709
5.7428,-11.442,-11.434
11.41,-11.513,-5.6718
-11.43,5.6657,11.559
5.7776,11.518,-11.434
-11.585,11.482,5.6914
-5.7189,-11.38,11.688
-11.62,-11.478,5.6906
11.444,11.447,6.1647
11.41,-11.513,6.1639
11.599,5.631,-11.639
-5.6841,11.58,11.688
-11.585,11.482,-6.1442
-11.62,-11.478,-6.1451
-5.7189,-11.38,-11.984
-11.43,5.6657,-12.112
11.238,-5.8199,12.223
-5.6841,11.58,-11.983
-11.792,-5.7851,11.75
11.599,5.631,12.033
5.7428,-11.442,12.237
-11.792,-5.7851,-11.922
5.7776,11.518,12.238
-11.532,-11.462,11.599
11.532,11.462,-11.599
11.497,-11.497,-11.599
-11.497,11.497,11.599
11.497,-11.497,12.072
-11.497,11.497,-12.072
-11.532,-11.462,-12.073
11.532,11.462,12.073
