-3.2872,-8.9791,-9.5977
-3.2872,-8.9791,2.2379
-9.7459,-3.0055,-8.4811
-3.6464,-9.006,-3.5591
-9.1343,-3.463,-3.0231
-9.2714,-8.9855,-8.9201
-8.6379,-9.1623,-3.9541
-9.7459,-3.0055,3.3546
-3.6464,-9.006,8.2766
-9.1343,-3.463,8.8126
-9.2714,-8.9855,2.9156
-8.6379,-9.1623,7.8816
8.5571,-8.7579,-9.2924
2.3911,-8.806,-8.6424
8.5571,-8.7579,2.5432
8.0515,-8.4022,-2.5808
2.3911,-8.806,3.1932
8.2071,-2.6138,-8.2618
2.0135,-8.7706,-3.0398
8.2693,-3.0381,-3.1678
8.0515,-8.4022,9.2549
8.2071,-2.6138,3.5739
2.0135,-8.7706,8.7959
8.2693,-3.0381,8.6679
2.4438,-2.9769,-8.9817
-2.9401,2.7393,-9.5287
8.2449,2.4834,-9.3607
-3.3432,-3.3616,-9.2577
-9.1061,2.6912,-8.8787
2.4438,-2.9769,2.854
-2.9401,2.7393,2.307
8.2449,2.4834,2.475
1.7862,8.457,-8.244
2.2875,-3.3439,-3.518
-3.4457,3.095,-2.817
7.8857,2.4565,-3.322
2.3978,7.9995,-2.786
-3.3432,-3.3616,2.578
-9.1061,2.6912,2.957
2.2606,2.477,-8.683
-3.2902,8.8834,-8.498
-3.3298,-2.7103,-2.64
-9.4837,2.7266,-3.276
2.8942,2.3002,-3.717
-3.2279,8.4591,-3.404
1.7862,8.457,3.5917
2.2875,-3.3439,8.3177
-3.4457,3.095,9.0187
7.8857,2.4565,8.5137
2.3978,7.9995,9.0497
2.2606,2.477,3.1527
-3.2902,8.8834,3.3377
-3.3298,-2.7103,9.1957
-9.4837,2.7266,8.5597
2.8942,2.3002,8.1187
-3.2279,8.4591,8.4317
-9.0535,8.5203,-9.2179
-9.0535,8.5203,2.6178
-9.2097,8.1533,-3.7542
-9.2097,8.1533,8.0814
8.1889,8.1009,-9.0206
8.1889,8.1009,2.8151
8.2023,8.7521,-2.4029
8.2023,8.7521,9.4327
-2.3683,-9.5445,-2.8088
-2.3683,-9.5445,9.0268
-8.2872,-3.1943,-9.4627
-7.5744,-8.7253,-9.4577
-8.2872,-3.1943,2.3729
-7.5744,-8.7253,2.3779
-8.5523,-8.2579,-2.7991
-8.5523,-8.2579,9.0366
3.8626,-8.7331,-8.9604
-2.7934,-8.8442,-7.8898
8.9014,-8.9863,-7.9878
3.3464,-2.9702,-7.9668
9.1638,1.918,-2.5718
9.349,-9.1666,-2.7138
3.8626,-8.7331,2.8752
8.4552,-4.0655,-8.0518
2.7114,-8.9184,-1.7368
9.0351,-2.9384,-1.8908
-2.7934,-8.8442,3.9459
8.9014,-8.9863,3.8479
3.3464,-2.9702,3.8689
9.1638,1.918,9.2639
9.349,-9.1666,9.1219
8.4552,-4.0655,3.7839
2.7114,-8.9184,10.099
9.0351,-2.9384,9.9449
3.2449,8.2682,-9.2257
-1.9184,-2.9352,-9.0197
-7.6346,2.7641,-9.1967
3.9577,2.7372,-9.2207
3.2449,8.2682,2.61
-2.5958,2.5109,-8.224
-8.1508,8.527,-8.203
-8.0306,-2.4544,-2.779
-2.1482,2.3306,-2.95
2.4346,-2.0188,-2.827
-1.9184,-2.9352,2.816
-7.6346,2.7641,2.639
3.9577,2.7372,2.615
-3.042,7.4317,-8.288
-2.885,-3.1834,-4.009
-8.7858,2.5788,-1.973
2.9797,3.2046,-2.562
-2.4621,8.5588,-2.127
-2.5958,2.5109,3.6117
-8.1508,8.527,3.6327
-8.0306,-2.4544,9.0567
-2.1482,2.3306,8.8857
2.4346,-2.0188,9.0087
-3.042,7.4317,3.5477
-2.885,-3.1834,7.8267
-8.7858,2.5788,9.8627
2.9797,3.2046,9.2737
-2.4621,8.5588,9.7087
-9.0627,9.4784,-3.0632
-9.0627,9.4784,8.7724
8.7387,2.6183,-7.6527
8.7387,2.6183,4.183
9.6137,8.5273,-8.7826
3.5015,9.0081,-2.5419
9.6137,8.5273,3.0531
8.6471,8.2791,-3.7719
3.5015,9.0081,9.2937
8.6471,8.2791,8.0637
-3.1504,-11.862,-12.166
-0.3679,-12.091,-2.9458
-3.0613,-11.503,-6.1618
-3.1504,-11.862,-0.33082
-0.3679,-12.091,8.8898
-3.0613,-11.503,5.6738
-3.1504,-11.862,11.505
-6.0704,-11.598,-9.1587
-11.938,-8.7118,-12.424
-5.7727,-8.8921,-12.287
-11.437,-3.0027,-11.526
-8.7588,-11.059,-12.452
-8.3458,-6.1493,-12.066
-6.1255,-11.853,-3.4031
-11.386,-6.2872,-2.9431
-6.0704,-11.598,2.6769
-12.436,-6.1712,-8.9301
-11.752,-11.858,-2.9681
-6.0294,-6.179,-3.3001
-11.865,-0.59354,-3.1821
-12.098,-11.036,-8.8311
-6.5738,-5.6996,-9.0101
-11.971,-8.5287,-6.0231
-11.938,-8.7118,-0.58806
-6.1595,-8.5945,-6.4891
-11.956,-2.8761,-6.0721
-5.7727,-8.8921,-0.45106
-11.437,-3.0027,0.30994
-8.8712,-11.81,-6.3901
-8.7588,-11.059,-0.61606
-8.8811,-6.2108,-5.7641
-8.3458,-6.1493,-0.23006
-6.1255,-11.853,8.4326
-11.386,-6.2872,8.8926
-12.436,-6.1712,2.9056
-11.752,-11.858,8.8676
-6.0294,-6.179,8.5356
-11.865,-0.59354,8.6536
-12.098,-11.036,3.0046
-6.5738,-5.6996,2.8256
-11.971,-8.5287,5.8126
-11.938,-8.7118,11.248
-6.1595,-8.5945,5.3466
-11.956,-2.8761,5.7636
-5.7727,-8.8921,11.385
-11.437,-3.0027,12.146
-8.8712,-11.81,5.4456
-8.7588,-11.059,11.22
-8.8811,-6.2108,6.0716
-8.3458,-6.1493,11.606
4.9402,-11.932,-8.6714
5.8453,-5.5215,-8.8184
-0.56036,-8.9545,-11.795
11.091,-8.7466,-11.95
5.1919,-3.0819,-11.677
5.8644,-8.97,-11.623
11.592,-3.0374,-11.052
2.6308,-11.632,-11.848
8.7006,-5.3617,-11.805
8.6638,-11.939,-11.065
2.8543,-6.4053,-11.575
8.3817,-0.39989,-11.929
5.5377,-11.477,-2.8738
11.644,-6.3219,-2.4698
4.9402,-11.932,3.1642
10.593,-6.2059,-8.4568
11.277,-11.892,-2.4948
4.972,-6.8869,-2.8148
11.164,-0.62828,-2.7088
10.931,-11.071,-8.3578
5.8453,-5.5215,3.0172
-0.3553,-11.142,-8.4648
-0.18984,-8.748,-5.2788
11.058,-8.5634,-5.5498
5.5448,-3.0643,-5.8698
-0.56036,-8.9545,0.040238
11.091,-8.7466,-0.11476
5.1919,-3.0819,0.15824
5.7732,-8.7077,-6.5858
11.074,-2.9108,-5.5988
5.8644,-8.97,0.21224
11.592,-3.0374,0.78324
2.6428,-11.934,-5.1228
8.2177,-5.9012,-5.3688
2.6308,-11.632,-0.012762
8.7006,-5.3617,0.030238
8.3647,-11.096,-5.2648
2.5127,-5.9973,-6.3418
8.4708,-0.040676,-5.9248
8.6638,-11.939,0.77024
2.8543,-6.4053,0.26024
8.3817,-0.39989,-0.093762
5.5377,-11.477,8.9619
11.644,-6.3219,9.3659
10.593,-6.2059,3.3789
11.277,-11.892,9.3409
4.972,-6.8869,9.0209
11.164,-0.62828,9.1269
10.931,-11.071,3.4779
-0.3553,-11.142,3.3709
-0.18984,-8.748,6.5569
11.058,-8.5634,6.2859
5.5448,-3.0643,5.9659
-0.56036,-8.9545,11.876
11.091,-8.7466,11.721
5.1919,-3.0819,11.994
5.7732,-8.7077,5.2499
11.074,-2.9108,6.2369
5.8644,-8.97,12.048
11.592,-3.0374,12.619
2.6428,-11.934,6.7129
8.2177,-5.9012,6.4669
2.6308,-11.632,11.823
8.7006,-5.3617,11.866
8.3647,-11.096,6.5709
2.5127,-5.9973,5.4939
8.4708,-0.040676,5.9109
8.6638,-11.939,12.606
2.8543,-6.4053,12.096
8.3817,-0.39989,11.742
-0.41931,-5.898,-8.9447
-6.557,-0.43487,-8.9077
5.4617,-0.13576,-8.9217
-5.6519,5.9758,-9.0547
-5.91,-3.0915,-12.075
-12.058,2.5428,-12.032
-0.40588,2.7506,-12.187
-6.3053,8.4153,-11.914
0.016263,-2.9904,-11.596
-5.6328,2.5272,-11.86
5.7594,2.5703,-12.05
0.094752,8.4598,-11.289
-2.6997,-5.8266,-11.813
-8.8664,-0.13506,-12.085
2.7733,0.40305,-12.215
-2.7966,6.1356,-12.042
-2.8334,-0.44194,-11.302
-8.643,5.0919,-11.812
3.1862,5.3132,-11.829
-3.1155,11.097,-12.166
-1.1406,-5.8838,-2.986
-5.9595,0.019799,-3.11
5.4065,-0.39032,-3.166
0.14637,5.1753,-2.706
-0.41931,-5.898,2.891
-6.557,-0.43487,2.928
5.4617,-0.13576,2.914
-0.90439,5.2913,-8.693
-0.21991,-0.39527,-2.731
-6.5252,4.6103,-3.051
5.5027,5.2835,-3.063
-0.33305,10.869,-2.945
-0.56639,0.42639,-8.594
-5.6519,5.9758,2.781
4.9582,5.7629,-8.773
-11.853,0.35497,-8.701
-5.934,-2.9373,-5.81
-11.687,2.7492,-5.515
-0.43911,2.9338,-5.786
-5.9524,8.433,-6.106
-5.91,-3.0915,-0.239
-12.058,2.5428,-0.196
-0.40588,2.7506,-0.351
-6.3053,8.4153,-0.078
-0.54447,-2.7167,-6.211
-5.724,2.7895,-6.822
5.3726,2.868,-6.252
-0.42356,8.5864,-5.835
0.016263,-2.9904,0.24
-5.6328,2.5272,-0.024
5.7594,2.5703,-0.214
0.094752,8.4598,0.547
-2.9394,-5.9743,-6.444
-8.8544,-0.43699,-5.359
2.6608,-0.34719,-6.153
-3.2796,5.596,-5.605
-2.6997,-5.8266,0.023
-8.8664,-0.13506,-0.249
2.7733,0.40305,-0.379
-2.7966,6.1356,-0.206
-3.1325,0.40164,-5.501
-8.9845,5.4999,-6.578
2.6509,5.2517,-5.527
-3.0264,11.457,-6.161
-2.8334,-0.44194,0.534
-8.643,5.0919,0.024
3.1862,5.3132,0.007
-3.1155,11.097,-0.33
-1.1406,-5.8838,8.8497
-5.9595,0.019799,8.7257
5.4065,-0.39032,8.6697
0.14637,5.1753,9.1297
-0.90439,5.2913,3.1427
-0.21991,-0.39527,9.1047
-6.5252,4.6103,8.7847
5.5027,5.2835,8.7727
-0.33305,10.869,8.8907
-0.56639,0.42639,3.2417
4.9582,5.7629,3.0627
-11.853,0.35497,3.1347
-5.934,-2.9373,6.0257
-11.687,2.7492,6.3207
-0.43911,2.9338,6.0497
-5.9524,8.433,5.7297
-5.91,-3.0915,11.597
-12.058,2.5428,11.64
-0.40588,2.7506,11.485
-6.3053,8.4153,11.758
-0.54447,-2.7167,5.6247
-5.724,2.7895,5.0137
5.3726,2.868,5.5837
-0.42356,8.5864,6.0007
0.016263,-2.9904,12.076
-5.6328,2.5272,11.812
5.7594,2.5703,11.622
0.094752,8.4598,12.383
-2.9394,-5.9743,5.3917
-8.8544,-0.43699,6.4767
2.6608,-0.34719,5.6827
-3.2796,5.596,6.2307
-2.6997,-5.8266,11.859
-8.8664,-0.13506,11.587
2.7733,0.40305,11.457
-2.7966,6.1356,11.63
-3.1325,0.40164,6.3347
-8.9845,5.4999,5.2577
2.6509,5.2517,6.3087
-3.0264,11.457,5.6747
-2.8334,-0.44194,12.37
-8.643,5.0919,11.86
3.1862,5.3132,11.843
-3.1155,11.097,11.506
-11.917,5.5992,-9.1809
-6.0355,11.361,-9.1579
-11.481,8.5069,-11.832
-8.7239,11.9,-12.451
-12.638,5.6134,-3.2222
-6.0907,11.107,-3.4022
-11.917,5.5992,2.6548
-6.0355,11.361,2.6778
-11.717,11.102,-2.9672
-12.064,11.924,-8.8302
-12.042,8.7805,-6.4472
-11.481,8.5069,0.003762
-8.8364,11.15,-6.3892
-8.7239,11.9,-0.61524
-12.638,5.6134,8.6134
-6.0907,11.107,8.4334
-11.717,11.102,8.8684
-12.064,11.924,3.0054
-12.042,8.7805,5.3884
-11.481,8.5069,11.839
-8.8364,11.15,5.4464
-8.7239,11.9,11.22
10.972,2.508,-11.558
11.177,0.32023,-8.2277
11.342,2.7145,-5.0417
10.972,2.508,0.2773
11.177,0.32023,3.608
11.342,2.7145,6.794
10.972,2.508,12.113
11.113,5.5645,-8.7076
4.9751,11.028,-8.6706
5.6221,8.371,-11.838
11.548,8.4721,-11.359
8.8323,5.6359,-11.576
2.6657,11.327,-11.848
8.6987,11.021,-11.065
10.392,5.5786,-2.7489
5.5726,11.482,-2.8729
11.113,5.5645,3.1281
4.9751,11.028,3.1651
11.312,11.067,-2.4939
10.966,11.889,-8.3569
-0.32046,11.817,-8.4639
5.598,8.5252,-5.5729
5.6221,8.371,-0.001942
10.988,8.7458,-5.9739
11.548,8.4721,0.47706
8.5926,5.4881,-6.2069
2.6777,11.025,-5.1219
8.8323,5.6359,0.26006
2.6657,11.327,-0.011942
8.3996,11.864,-5.2639
8.6987,11.021,0.77106
10.392,5.5786,9.0867
5.5726,11.482,8.9627
11.312,11.067,9.3417
10.966,11.889,3.4787
-0.32046,11.817,3.3717
5.598,8.5252,6.2627
5.6221,8.371,11.834
10.988,8.7458,5.8617
11.548,8.4721,12.313
8.5926,5.4881,5.6287
2.6777,11.025,6.7137
8.8323,5.6359,12.096
2.6657,11.327,11.824
8.3996,11.864,6.5717
8.6987,11.021,12.607
0,0,0
5.5048,-0.1294,-0.056
-5.6222,-0.20153,0.04
-0.045962,5.7933,0.043
-0.12657,-0.013435,5.8037
-0.0091924,-5.8174,0.246
-0.12657,-0.013435,-6.032
5.6494,-0.28392,-5.6218
5.6197,-5.7753,0.12724
-5.5628,-5.8457,0.08
-0.13576,5.7346,-5.694
-0.29981,-5.9779,-5.547
5.9693,5.6168,0.31706
-5.8775,5.7219,-0.109
-5.91,-0.0014142,5.8247
5.6494,-0.28392,6.2139
-0.13576,5.7346,6.1417
-5.91,-0.0014142,-6.011
-0.29981,-5.9779,6.2887
5.4504,5.5112,-5.823
5.4504,5.5112,6.0127
5.2952,-6.1154,-5.6858
-6.202,5.3818,5.9137
-6.202,5.3818,-5.922
5.2952,-6.1154,6.1499
-6.0817,-5.9513,5.7756
-6.0817,-5.9513,-6.0601
11.359,-0.036434,0.54824
-0.13859,11.461,0.312
-0.17344,-11.499,0.31118
-11.671,-0.0016914,0.074942
0,0,-11.836
0,0,11.836
11.39,-0.17078,-5.4878
-0.10748,11.326,-5.724
5.9099,11.261,0.27706
11.451,-5.7039,0.27924
-11.506,5.6799,0.009762
11.523,5.6451,0.48306
-5.9924,11.368,-0.29224
-0.10748,11.326,6.1117
-11.578,-5.6692,-0.19406
-0.14233,-11.633,-5.7248
-0.0091924,-5.8174,-11.59
5.5048,-0.1294,11.78
-11.64,-0.13604,5.8746
11.39,-0.17078,6.3479
-6.0272,-11.592,-0.29306
-5.6222,-0.20153,-11.796
-11.64,-0.13604,-5.9611
5.875,-11.699,0.27624
5.5048,-0.1294,-11.892
-0.045962,5.7933,-11.793
-5.6222,-0.20153,11.876
-0.14233,-11.633,6.1108
-0.045962,5.7933,11.879
-0.0091924,-5.8174,12.082
11.232,5.4846,-5.3099
11.361,-5.7626,-5.4578
-5.8478,11.213,-5.858
-5.8478,11.213,5.9777
5.6221,11.461,-5.7739
5.5872,-11.499,-5.7748
11.232,5.4846,6.5257
5.6221,11.461,6.0617
5.9693,5.6168,-11.519
5.5872,-11.499,6.0609
5.6197,-5.7753,-11.708
11.361,-5.7626,6.3779
-11.797,5.5193,-5.7832
-5.5628,-5.8457,-11.756
-11.668,-5.7278,5.9046
-11.668,-5.7278,-5.9311
-5.8775,5.7219,11.727
-11.797,5.5193,6.0524
-5.8826,-11.746,-5.8588
-5.5628,-5.8457,11.916
5.6197,-5.7753,11.963
-5.8826,-11.746,5.9768
-5.8775,5.7219,-11.945
5.9693,5.6168,12.153
11.359,-0.036434,-11.287
-0.13859,11.461,-11.524
11.497,-11.497,0.23624
-11.497,11.497,-0.23624
-11.532,-11.462,-0.23706
11.532,11.462,0.23706
-0.17344,-11.499,-11.524
-11.671,-0.0016914,-11.761
-11.671,-0.0016914,11.911
-0.13859,11.461,12.148
-0.17344,-11.499,12.147
11.359,-0.036434,12.384
11.523,5.6451,-11.353
11.405,11.449,-5.7949
5.9099,11.261,-11.559
11.371,-11.511,-5.7958
11.451,-5.7039,-11.556
11.405,11.449,6.0407
-11.624,11.484,5.5674
11.371,-11.511,6.0399
-5.9924,11.368,11.543
-11.659,-11.476,5.5666
-11.578,-5.6692,11.642
-6.0272,-11.592,11.543
-11.506,5.6799,-11.826
-11.506,5.6799,11.845
5.875,-11.699,-11.559
-11.624,11.484,-6.2682
-11.659,-11.476,-6.2691
5.9099,11.261,12.113
11.451,-5.7039,12.115
-11.578,-5.6692,-12.03
-5.9924,11.368,-12.128
11.523,5.6451,12.319
-6.0272,-11.592,-12.129
5.875,-11.699,12.112
-11.532,-11.462,11.599
11.532,11.462,-11.599
11.497,-11.497,-11.599
-11.497,11.497,11.599
-11.497,11.497,-12.072
11.497,-11.497,12.072
-11.532,-11.462,-12.073
11.532,11.462,12.073
