-3.3904,-9.1364,-9.6983
-9.4298,-3.1054,-9.6213
-8.2539,-8.5155,-9.0803
-3.3904,-9.1364,2.349
-9.4298,-3.1054,2.426
-8.2539,-8.5155,2.967
-9.3124,-9.055,-2.926
-9.3124,-9.055,9.1213
8.6382,-8.9832,-9.6443
3.7146,-8.711,-9.1323
9.807,-2.6171,-9.0723
8.6382,-8.9832,2.403
3.7146,-8.711,2.915
9.807,-2.6171,2.975
8.88,-8.6877,-2.886
8.88,-8.6877,9.1613
2.6191,-3.0886,-9.6453
-3.4005,3.0554,-9.6443
8.6677,2.9218,-9.6983
2.6283,8.9527,-9.6213
-2.2684,-2.5145,-9.1863
-8.3241,3.3276,-9.1323
3.8042,3.5426,-9.0803
-2.2316,9.4215,-9.0723
2.6191,-3.0886,2.402
-3.4005,3.0554,2.403
8.6677,2.9218,2.349
2.6283,8.9527,2.426
-2.2684,-2.5145,2.861
-8.3241,3.3276,2.915
3.8042,3.5426,2.967
-2.2316,9.4215,2.975
2.769,-9.0227,-2.957
-3.3524,-3.0243,-2.835
8.9117,-2.8899,-2.829
2.7457,3.0031,-2.926
-3.1742,-8.8254,-2.831
-9.1966,-2.7719,-2.868
2.861,-2.7733,-2.905
-3.1586,3.351,-2.886
2.769,-9.0227,9.0903
-3.3524,-3.0243,9.2123
8.9117,-2.8899,9.2183
2.7457,3.0031,9.1213
-3.1742,-8.8254,9.2163
-9.1966,-2.7719,9.1793
2.861,-2.7733,9.1423
-3.1586,3.351,9.1613
-9.4195,8.95,-9.6453
-9.4195,8.95,2.402
-9.2696,3.0159,-2.957
-3.127,9.1487,-2.829
-9.1777,9.2654,-2.905
-9.2696,3.0159,9.0903
-3.127,9.1487,9.2183
-9.1777,9.2654,9.1423
9.7897,9.5436,-9.1863
9.7897,9.5436,2.861
8.7057,9.0338,-2.835
8.8839,3.2327,-2.831
2.8615,9.2863,-2.868
8.7057,9.0338,9.2123
8.8839,3.2327,9.2163
2.8615,9.2863,9.1793
-9.2735,-9.596,-9.2203
-9.2735,-9.596,2.827
-8.0064,-9.0133,-3.657
-8.0064,-9.0133,8.3903
9.4895,-9.0808,-8.4183
9.4895,-9.0808,3.629
4.0236,-9.0257,-3.772
10.105,-2.929,-3.737
9.9201,-9.7589,-2.913
4.0236,-9.0257,8.2753
10.105,-2.929,8.3103
9.9201,-9.7589,9.1343
-2.5081,-8.9541,-8.5043
-8.5164,-2.9967,-8.4433
3.4479,-3.0533,-8.4033
-2.5491,2.9578,-8.4183
2.646,-9.7496,-9.2103
-3.3255,-3.573,-9.2023
8.7009,-3.6112,-9.2333
2.7846,2.4621,-9.2203
-2.5081,-8.9541,3.543
-8.5164,-2.9967,3.604
3.4479,-3.0533,3.644
-2.5491,2.9578,3.629
2.646,-9.7496,2.837
-3.3255,-3.573,2.845
8.7009,-3.6112,2.814
2.7846,2.4621,2.827
-8.0151,3.013,-3.772
-2.0874,-3.0349,-3.642
-1.9339,9.1097,-3.737
4.0517,3.0448,-3.657
-2.0032,-9.7432,-2.905
-8.0073,-3.6713,-2.92
4.0171,-3.7144,-2.923
-2.1185,2.2797,-2.913
-8.0151,3.013,8.2753
-2.0874,-3.0349,8.4053
-1.9339,9.1097,8.3103
4.0517,3.0448,8.3903
-2.0032,-9.7432,9.1423
-8.0073,-3.6713,9.1273
4.0171,-3.7144,9.1243
-2.1185,2.2797,9.1343
-8.5908,8.9853,-8.4033
-9.3926,2.289,-9.2103
-3.3377,8.4274,-9.2333
-8.5908,8.9853,3.644
-9.3926,2.289,2.837
-3.3377,8.4274,2.814
-8.0216,8.3242,-2.923
-8.0216,8.3242,9.1243
9.55,3.104,-8.5043
3.5417,9.0614,-8.4433
8.7326,8.4851,-9.2023
9.55,3.104,3.543
3.5417,9.0614,3.604
8.7326,8.4851,2.845
9.9707,9.0232,-3.642
10.055,2.3149,-2.905
4.0508,8.3868,-2.92
9.9707,9.0232,8.4053
10.055,2.3149,9.1423
4.0508,8.3868,9.1273
0.11415,-12.367,-3.105
0.11415,-12.367,8.9423
-5.7182,-13.04,-8.9733
-11.832,-7.0292,-8.9573
-12.233,-11.36,-9.0443
-8.8443,-11.602,-6.5453
-6.0357,-9.1356,-12.299
-12.016,-3.1267,-12.229
-5.5011,-9.2431,-6.5153
-11.504,-3.1967,-6.5193
-11.972,-9.1349,-12.535
-2.8792,-12.036,-12.303
-8.8889,-5.9926,-12.316
-8.8875,-11.959,-11.663
-5.8865,-6.3489,-3.128
-11.924,-0.32793,-3.105
-11.891,-12.39,-3.11
-5.7182,-13.04,3.074
-11.832,-7.0292,3.09
-12.233,-11.36,3.003
-6.4592,-11.959,-2.97
-12.449,-5.907,-3.002
-8.8443,-11.602,5.502
-2.7964,-12.212,-5.86
-8.8175,-6.1573,-5.837
-12.164,-9.1943,-5.687
-6.0357,-9.1356,-0.252
-12.016,-3.1267,-0.182
-5.5011,-9.2431,5.532
-11.504,-3.1967,5.528
-11.972,-9.1349,-0.488
-2.8792,-12.036,-0.256
-8.8889,-5.9926,-0.269
-8.8875,-11.959,0.384
-5.8865,-6.3489,8.9193
-11.924,-0.32793,8.9423
-11.891,-12.39,8.9373
-6.4592,-11.959,9.0773
-12.449,-5.907,9.0453
-2.7964,-12.212,6.1873
-8.8175,-6.1573,6.2103
-12.164,-9.1943,6.3603
-6.0357,-9.1356,11.795
-12.016,-3.1267,11.865
-11.972,-9.1349,11.559
-2.8792,-12.036,11.791
-8.8889,-5.9926,11.778
-8.8875,-11.959,12.431
6.2665,-13.063,-8.9513
12.265,-7.0097,-8.9573
11.864,-11.341,-9.0443
3.2097,-11.623,-6.5053
9.2321,-5.6245,-6.4773
6.0763,-9.114,-12.233
12.08,-3.1072,-12.229
6.5076,-9.2498,-6.5463
12.593,-3.1772,-6.5193
12.125,-9.1155,-12.535
9.1621,-12.039,-12.308
3.1708,-11.897,-11.782
9.1847,-5.9618,-11.798
12.172,-0.30844,-3.105
12.206,-12.371,-3.11
6.0982,-6.3853,-3.093
6.2665,-13.063,3.096
12.265,-7.0097,3.09
11.864,-11.341,3.003
5.575,-11.919,-3
11.648,-5.8875,-3.002
3.2097,-11.623,5.542
9.2321,-5.6245,5.57
9.2385,-12.211,-5.841
11.933,-9.1748,-5.687
6.0763,-9.114,-0.186
12.08,-3.1072,-0.182
6.5076,-9.2498,5.501
12.593,-3.1772,5.528
12.125,-9.1155,-0.488
9.1621,-12.039,-0.261
3.1708,-11.897,0.265
9.1847,-5.9618,0.249
12.172,-0.30844,8.9423
12.206,-12.371,8.9373
6.0982,-6.3853,8.9543
5.575,-11.919,9.0473
11.648,-5.8875,9.0453
9.2385,-12.211,6.2063
11.933,-9.1748,6.3603
6.0763,-9.114,11.861
12.08,-3.1072,11.865
12.125,-9.1155,11.559
9.1621,-12.039,11.786
3.1708,-11.897,12.312
9.1847,-5.9618,12.296
0.30547,-7.0343,-8.9643
-5.7721,-1.0246,-8.9513
6.3399,-0.98146,-8.9733
0.22627,5.0289,-8.9573
-0.27436,-11.394,-9.0223
-6.277,-5.3351,-9.0183
5.7502,-5.3217,-8.9843
-0.17466,0.69791,-9.0443
-2.8008,-5.6378,-6.4563
-8.8289,0.41578,-6.5053
3.2138,0.45608,-6.5453
-2.8065,6.4142,-6.4773
0.034648,-3.1289,-12.261
-5.9623,2.9246,-12.233
6.0224,2.9225,-12.299
0.041719,8.9315,-12.229
0.5169,-3.211,-6.4843
-5.531,2.7888,-6.5463
6.557,2.815,-6.5153
0.55437,8.8615,-6.5193
0.12233,-9.1323,-12.505
-5.8541,-3.0978,-12.479
6.0854,-3.0971,-12.469
0.086267,2.9232,-12.535
3.1212,-5.9835,-12.346
-2.8765,1.3323e-15,-12.308
9.179,0.02192,-12.303
3.1693,6.0656,-12.316
-2.8171,-5.9326,-11.726
-8.8678,0.14213,-11.782
3.1707,0.098995,-11.663
-2.8539,6.0769,-11.798
6.1716,5.7092,-3.128
0.13364,11.73,-3.105
0.16688,-0.33234,-3.11
-5.9404,5.6533,-3.093
0.30547,-7.0343,3.083
-5.7721,-1.0246,3.096
6.3399,-0.98146,3.074
0.22627,5.0289,3.09
-0.27436,-11.394,3.025
-6.277,-5.3351,3.029
5.7502,-5.3217,3.063
-0.17466,0.69791,3.003
-0.45821,-5.9708,-3.015
-6.4637,0.1195,-3
5.5989,0.098995,-2.97
-0.39103,6.1511,-3.002
-2.8008,-5.6378,5.591
-8.8289,0.41578,5.542
3.2138,0.45608,5.502
-2.8065,6.4142,5.57
3.1806,-6.1801,-5.862
-2.8001,-0.17253,-5.841
9.2617,-0.15415,-5.86
3.2407,5.9008,-5.837
-0.2086,-9.1959,-5.712
-6.1342,-3.1784,-5.738
5.8725,-3.1784,-5.749
-0.10607,2.8638,-5.687
0.034648,-3.1289,-0.214
-5.9623,2.9246,-0.186
6.0224,2.9225,-0.252
0.041719,8.9315,-0.182
0.5169,-3.211,5.563
-5.531,2.7888,5.501
6.557,2.815,5.532
0.55437,8.8615,5.528
0.12233,-9.1323,-0.458
-5.8541,-3.0978,-0.432
6.0854,-3.0971,-0.422
0.086267,2.9232,-0.488
3.1212,-5.9835,-0.299
-2.8765,1.3323e-15,-0.261
9.179,0.02192,-0.256
3.1693,6.0656,-0.269
-2.8171,-5.9326,0.321
-8.8678,0.14213,0.265
3.1707,0.098995,0.384
-2.8539,6.0769,0.249
6.1716,5.7092,8.9193
0.13364,11.73,8.9423
0.16688,-0.33234,8.9373
-5.9404,5.6533,8.9543
-0.45821,-5.9708,9.0323
-6.4637,0.1195,9.0473
5.5989,0.098995,9.0773
-0.39103,6.1511,9.0453
3.1806,-6.1801,6.1853
-2.8001,-0.17253,6.2063
9.2617,-0.15415,6.1873
3.2407,5.9008,6.2103
-0.2086,-9.1959,6.3353
-6.1342,-3.1784,6.3093
5.8725,-3.1784,6.2983
-0.10607,2.8638,6.3603
0.034648,-3.1289,11.833
-5.9623,2.9246,11.861
6.0224,2.9225,11.795
0.041719,8.9315,11.865
0.12233,-9.1323,11.589
-5.8541,-3.0978,11.615
6.0854,-3.0971,11.625
0.086267,2.9232,11.559
3.1212,-5.9835,11.748
-2.8765,1.3323e-15,11.786
9.179,0.02192,11.791
3.1693,6.0656,11.778
-2.8171,-5.9326,12.368
-8.8678,0.14213,12.312
3.1707,0.098995,12.431
-2.8539,6.0769,12.296
-11.733,5.0043,-8.9643
-5.6987,11.057,-8.9733
-12.313,0.64431,-9.0223
-6.2884,6.7169,-8.9843
-12.213,12.737,-9.0443
-8.8248,12.495,-6.5453
-12.004,8.9097,-12.261
-11.522,8.8277,-6.4843
-11.916,2.9063,-12.505
-5.9533,8.9415,-12.469
-8.9175,6.0551,-12.346
-2.8597,12.061,-12.303
-8.868,12.138,-11.663
-11.872,11.706,-3.11
-11.733,5.0043,3.083
-5.6987,11.057,3.074
-12.313,0.64431,3.025
-6.2884,6.7169,3.063
-12.213,12.737,3.003
-12.497,6.0678,-3.015
-6.4398,12.138,-2.97
-8.8248,12.495,5.502
-8.8581,5.8585,-5.862
-2.7769,11.884,-5.86
-12.247,2.8427,-5.712
-6.1661,8.8602,-5.749
-12.004,8.9097,-0.214
-11.522,8.8277,5.563
-11.916,2.9063,-0.458
-5.9533,8.9415,-0.422
-8.9175,6.0551,-0.299
-2.8597,12.061,-0.256
-8.868,12.138,0.384
-11.872,11.706,8.9373
-12.497,6.0678,9.0323
-6.4398,12.138,9.0773
-8.8581,5.8585,6.1853
-2.7769,11.884,6.1873
-12.247,2.8427,6.3353
-6.1661,8.8602,6.2983
-12.004,8.9097,11.833
-11.916,2.9063,11.589
-5.9533,8.9415,11.625
-8.9175,6.0551,11.748
-2.8597,12.061,11.791
-8.868,12.138,12.431
12.364,5.0238,-8.9643
6.286,11.034,-8.9513
11.784,0.6638,-9.0223
5.7811,6.723,-9.0183
11.883,12.756,-9.0443
9.2573,6.4204,-6.4563
3.2292,12.474,-6.5053
12.093,8.9292,-12.261
12.575,8.8471,-6.4843
12.18,2.9258,-12.505
6.204,8.9603,-12.479
9.1816,12.058,-12.308
9.241,6.1255,-11.726
3.1903,12.2,-11.782
12.225,11.726,-3.11
12.364,5.0238,3.083
6.286,11.034,3.096
11.784,0.6638,3.025
5.7811,6.723,3.029
11.883,12.756,3.003
11.6,6.0873,-3.015
5.5945,12.178,-3
9.2573,6.4204,5.591
3.2292,12.474,5.542
9.258,11.886,-5.841
11.85,2.8622,-5.712
5.924,8.8797,-5.738
12.093,8.9292,-0.214
12.575,8.8471,5.563
12.18,2.9258,-0.458
6.204,8.9603,-0.432
9.1816,12.058,-0.261
9.241,6.1255,0.321
3.1903,12.2,0.265
12.225,11.726,8.9373
11.6,6.0873,9.0323
5.5945,12.178,9.0473
9.258,11.886,6.2063
11.85,2.8622,6.3353
5.924,8.8797,6.3093
12.093,8.9292,11.833
12.18,2.9258,11.589
6.204,8.9603,11.615
9.1816,12.058,11.786
9.241,6.1255,12.368
3.1903,12.2,12.312
-0.25487,12.702,-9.0223
-0.25487,12.702,3.025
0,0,0
0.32315,-0.064347,5.9303
-5.9729,0.0049497,-0.03
0.070004,-6.0097,-0.043
0.045962,6.055,-0.064
6.062,0.00070711,-0.024
0.32315,-0.064347,-6.117
-5.7608,-0.10253,5.9653
-5.7608,-0.10253,-6.082
0.27224,5.9673,5.9593
-6.0296,5.9844,-0.006
0.23193,-6.0938,5.9353
6.0293,6.0208,0.03
0.27224,5.9673,-6.088
6.009,-6.0542,-0.006
-6.0288,-6.0373,0.03
6.2996,-0.065761,5.9003
0.23193,-6.0938,-6.112
6.2996,-0.065761,-6.147
-5.7049,5.9029,5.9553
-5.7049,5.9029,-6.092
-5.7304,-6.1363,5.9563
-5.7304,-6.1363,-6.091
6.3277,5.9218,5.9563
6.3277,5.9218,-6.091
6.3337,-6.1357,5.9553
6.3337,-6.1357,-6.092
0.0081749,12.029,0.015
12.047,-0.0093635,0.015
0,0,-12.047
0,0,12.047
-12.05,-0.028852,0.015
-0.011314,-12.067,0.015
-11.754,-0.067743,5.9463
-11.754,-0.067743,-6.101
0.30445,11.99,5.9463
-11.969,6.0289,-0.043
-5.9729,0.0049497,12.017
0.070004,-6.0097,12.004
0.045962,6.055,11.983
-12.012,-6.0032,-0.064
-5.9766,12.039,-0.024
0.30445,11.99,-6.101
6.062,0.00070711,12.023
-5.9961,-12.057,-0.024
-5.9729,0.0049497,-12.077
6.0657,-12.034,-0.03
12.085,-5.9837,-0.064
0.28496,-12.106,5.9463
0.070004,-6.0097,-12.09
6.062,0.00070711,-12.071
6.0852,12.063,-0.03
0.045962,6.055,-12.111
12.128,6.0484,-0.043
0.28496,-12.106,-6.101
12.343,-0.048254,5.9463
12.343,-0.048254,-6.101
-11.807,5.9448,5.9353
-5.739,11.973,5.9003
-11.786,-6.0908,5.9593
-11.807,5.9448,-6.112
-11.786,-6.0908,-6.088
-5.739,11.973,-6.147
-5.7585,-12.124,5.9003
6.0293,6.0208,-12.017
-6.0296,5.9844,12.041
-6.0288,-6.0373,-12.017
-6.0296,5.9844,-12.053
6.009,-6.0542,12.041
-5.7585,-12.124,-6.147
6.009,-6.0542,-12.053
6.2973,11.956,5.9653
6.0293,6.0208,12.077
-6.0288,-6.0373,12.077
6.2973,11.956,-6.082
12.29,5.9643,5.9353
6.2778,-12.141,5.9653
6.2778,-12.141,-6.082
12.311,-6.0714,5.9593
12.29,5.9643,-6.112
12.311,-6.0714,-6.088
0.0081749,12.029,-12.032
12.039,-12.039,0
-12.039,12.039,0
12.047,-0.0093635,-12.032
-12.05,-0.028852,-12.032
0.0081749,12.029,12.062
-0.011314,-12.067,-12.032
12.047,-0.0093635,12.062
-12.05,-0.028852,12.062
-12.058,-12.058,0
12.058,12.058,0
-0.011314,-12.067,12.062
-11.715,11.974,5.9303
-11.715,11.974,-6.117
-11.735,-12.122,5.9303
-11.735,-12.122,-6.117
-11.969,6.0289,12.004
-12.012,-6.0032,11.983
-5.9766,12.039,12.023
12.085,-5.9837,11.983
-11.969,6.0289,-12.09
-5.9961,-12.057,12.023
6.0657,-12.034,12.017
-5.9766,12.039,-12.071
6.0852,12.063,12.017
-12.012,-6.0032,-12.111
-5.9961,-12.057,-12.071
6.0657,-12.034,-12.077
12.128,6.0484,12.004
6.0852,12.063,-12.077
12.085,-5.9837,-12.111
12.128,6.0484,-12.09
12.381,11.994,5.9303
12.362,-12.103,5.9303
12.381,11.994,-6.117
12.362,-12.103,-6.117
12.039,-12.039,-12.047
12.039,-12.039,12.047
-12.039,12.039,-12.047
-12.039,12.039,12.047
-12.058,-12.058,-12.047
-12.058,-12.058,12.047
12.058,12.058,-12.047
12.058,12.058,12.047
