-9.4996,-10.037,-9.8448
-9.5,-10.036,3.3325
-3.8983,-9.9056,-2.9795
-10.02,-3.2213,-2.7905
-10.327,-8.8004,-2.9815
-3.8987,-9.9043,10.198
-10.02,-3.22,10.387
-10.327,-8.7991,10.196
8.875,-9.7895,-10.171
3.0385,-9.4628,-9.8093
8.8745,-9.7881,3.0059
3.0381,-9.4615,3.3679
9.303,-10.013,-3.5031
9.3026,-10.012,9.6741
-2.9305,-9.7799,-9.3032
-9.3185,-3.1798,-9.7332
3.1725,-3.4082,-10.533
-3.7274,2.8144,-10.173
-9.5639,3.1411,-9.8112
-3.8872,-2.8269,-10.101
8.8294,-2.7364,-10.175
3.1746,2.6355,-9.8452
-2.931,-9.7786,3.874
-9.319,-3.1784,3.444
3.1721,-3.4068,2.644
-3.7279,2.8157,3.004
-9.5643,3.1424,3.366
-3.8877,-2.8256,3.076
8.8289,-2.7351,3.002
3.1742,2.6368,3.332
2.3815,-3.6402,-3.403
-3.2994,2.5908,-3.505
8.7759,2.7669,-2.98
2.6545,9.4512,-2.791
2.8284,-9.0298,-3.401
-3.8516,-3.3496,-2.746
9.2864,-2.6354,-3.364
2.3476,3.8721,-2.982
2.3811,-3.6389,9.7742
-3.2998,2.5922,9.6722
8.7755,2.7682,10.197
2.654,9.4525,10.386
2.828,-9.0284,9.7762
-3.852,-3.3482,10.431
9.286,-2.6341,9.8132
2.3472,3.8734,10.195
-9.4299,9.1957,-10.535
-3.773,9.8674,-10.177
-9.4303,9.197,2.6421
-3.7735,9.8688,3.0001
-10.221,8.9637,-3.4049
-9.774,3.5741,-3.4029
-3.316,9.9685,-3.3659
-10.221,8.965,9.7723
-9.7744,3.5754,9.7743
-3.3164,9.9698,9.8113
9.7437,2.8926,-9.3037
3.3557,9.4928,-9.7337
8.787,9.8456,-10.102
9.7433,2.894,3.8735
3.3553,9.4941,3.4435
8.7865,9.8469,3.0755
8.8226,9.323,-2.7465
8.8222,9.3243,10.431
-4.2882,-9.453,-8.7598
-10.584,-3.4857,-9.0088
-10.883,-9.4643,-10.154
-4.2886,-9.4517,4.4175
-10.584,-3.4844,4.1685
-10.883,-9.463,3.0235
-9.3289,-9.8179,-2.4945
-9.3293,-9.8166,10.683
7.9084,-9.496,-9.0933
2.2911,-10.738,-9.5353
9.8154,-3.4679,-9.3353
7.9079,-9.4947,4.0839
2.2907,-10.736,3.6419
9.815,-3.4666,3.8419
9.4572,-9.0796,-2.3211
9.1418,-3.3874,-2.0771
9.4568,-9.0783,10.856
9.1414,-3.3861,11.1
2.0885,-2.8389,-9.6922
-4.694,3.1078,-9.0952
8.386,3.2196,-8.7602
2.0906,9.1868,-9.0092
-3.6892,-4.111,-9.4002
-10.311,1.8662,-9.5372
1.7915,3.2082,-10.154
-2.787,9.1359,-9.3372
2.0881,-2.8376,3.485
-4.6945,3.1091,4.082
8.3856,3.2209,4.417
2.0902,9.1881,4.168
-3.6897,-4.1097,3.777
-10.312,1.8675,3.64
1.7911,3.2096,3.023
-2.7874,9.1372,3.84
-3.1438,-9.6209,-1.737
-8.6423,-3.3319,-3.408
2.3886,-2.4494,-2.484
-3.1452,3.5242,-2.323
-2.4098,-3.5624,-2.444
2.6707,-9.7432,-2.08
3.3453,2.8546,-2.495
-3.4606,9.2164,-2.079
-3.1442,-9.6196,11.44
-8.6427,-3.3306,9.7692
2.3882,-2.4481,10.693
-3.1456,3.5255,10.854
-2.4103,-3.5611,10.733
2.6703,-9.7419,11.097
3.3449,2.8559,10.682
-3.461,9.2177,11.098
-10.514,9.7649,-9.6941
-10.514,9.7662,3.4831
-10.214,10.154,-2.4859
-9.9317,2.8606,-2.0819
-10.214,10.156,10.691
-9.9321,2.8619,11.095
8.985,8.5615,-9.4007
8.9845,8.5628,3.7765
9.5304,3.0516,-1.7375
4.032,9.3406,-3.4085
10.264,9.1101,-2.4445
9.53,3.053,11.44
4.0315,9.342,9.7688
10.264,9.1114,10.733
-0.35422,-13.526,-9.4829
-0.35465,-13.524,3.6944
-6.2872,-12.284,-9.4998
-12.794,-6.003,-9.7238
-6.7496,-6.7483,-9.5538
-12.957,-0.92173,-9.4848
-12.998,-13.037,-10.072
-9.8927,-13.697,-6.8578
-12.027,-9.6488,-6.8378
-6.0227,-9.5131,-12.857
-12.609,-3.0395,-13.196
-13.322,-9.6085,-12.922
-9.5561,-12.516,-13.129
-3.1611,-12.867,-13.006
-9.8298,-6.8529,-12.862
-12.177,-11.992,-3.5625
-6.8872,-6.4656,-2.8445
-6.2876,-12.282,3.6775
-12.794,-6.0017,3.4535
-6.7501,-6.747,3.6235
-12.957,-0.92042,3.6925
-12.998,-13.036,3.1055
-7.4027,-13.202,-3.2915
-13.861,-6.0575,-3.0725
-9.8932,-13.696,6.3195
-3.421,-12.043,-5.9515
-9.7341,-5.7839,-6.2385
-12.028,-9.6475,6.3395
-6.0232,-9.5118,0.32046
-12.61,-3.0382,-0.018539
-7.0817,-9.6779,-6.0155
-13.593,-3.4915,-6.2075
-13.323,-9.6072,0.25546
-9.5566,-12.515,0.048461
-3.1615,-12.866,0.17146
-9.8302,-6.8516,0.31546
-12.178,-11.99,9.6147
-6.8877,-6.4642,10.333
-7.4032,-13.201,9.8857
-13.862,-6.0562,10.105
-3.4214,-12.042,7.2257
-9.7345,-5.7826,6.9387
-6.0236,-9.5105,13.498
-12.61,-3.0369,13.159
-7.0821,-9.6766,7.1617
-13.594,-3.4901,6.9697
-13.323,-9.6059,13.433
-9.557,-12.514,13.226
-3.1619,-12.864,13.349
-9.8307,-6.8503,13.493
5.8146,-12.403,-9.4963
12.483,-5.9343,-9.7223
12.32,-0.85305,-9.4833
12.279,-12.969,-10.07
5.9235,-6.6245,-9.7243
9.2957,-7.2955,-6.8593
9.2936,-12.229,-6.6983
13.249,-9.5802,-6.8363
6.0366,-9.3935,-13.237
12.667,-2.9708,-13.194
11.954,-9.5399,-12.92
3.1432,-12.097,-12.521
9.2639,-6.0475,-12.434
9.3926,-13.135,-13.366
13.099,-11.923,-3.5611
7.0396,-6.2279,-2.9591
5.8142,-12.402,3.6809
12.482,-5.933,3.4549
12.32,-0.85173,3.6939
12.279,-12.967,3.1069
5.9231,-6.6231,3.4529
5.1212,-12.344,-2.9041
11.415,-5.9889,-3.0711
2.879,-13.78,-6.4961
9.2953,-7.2942,6.3179
9.2931,-12.228,6.4789
13.249,-9.5788,6.3409
6.0362,-9.3922,-0.060097
12.667,-2.9695,-0.017097
5.4507,-9.4219,-6.3701
11.683,-3.4228,-6.2061
11.954,-9.5385,0.2569
3.1427,-12.096,0.6559
9.2634,-6.0461,0.7429
9.3921,-13.134,-0.1891
13.099,-11.922,9.6161
7.0392,-6.2265,10.218
5.1208,-12.342,10.273
11.415,-5.9875,10.106
2.8785,-13.778,6.6811
6.0358,-9.3909,13.117
12.666,-2.9682,13.16
5.4503,-9.4206,6.8071
11.683,-3.4215,6.9711
11.954,-9.5372,13.434
3.1423,-12.095,13.833
9.263,-6.0448,13.92
9.3917,-13.133,12.988
-0.75405,-5.5443,-9.4332
-6.7878,0.20092,-9.4982
6.387,0.38901,-9.5002
-0.11977,6.6695,-9.7242
5.9246,5.9242,-9.5542
-0.28241,11.751,-9.4852
-0.32342,-0.36477,-10.072
-6.6789,5.9794,-9.7262
2.7815,-1.0245,-6.8582
-3.3067,5.3083,-6.8612
2.6259,-5.5443,-6.9222
-3.3088,0.37486,-6.7002
0.57673,-10.002,-6.8162
0.64673,3.0237,-6.8382
0.095893,-3.2335,-13.068
-6.5658,3.2104,-13.239
6.6515,3.1595,-12.857
0.06478,9.633,-13.196
-0.53202,-9.4872,-12.358
-7.1428,-3.0871,-12.978
5.7931,-3.131,-13.249
-0.64798,3.064,-12.922
-3.2247,-6.0138,-12.217
-9.4592,0.50639,-12.523
3.1181,0.15637,-13.129
-3.3385,6.5564,-12.436
2.8034,-6.3002,-13.782
-3.2098,-0.53165,-13.368
9.5131,-0.19436,-13.006
2.8444,5.8196,-12.862
0.4971,0.68094,-3.563
-5.5628,6.376,-2.961
5.787,6.207,-2.845
-0.25456,-11.694,-2.99
-0.75448,-5.543,3.744
-6.7882,0.20223,3.679
6.3866,0.39032,3.677
-0.12021,6.6708,3.453
5.9241,5.9256,3.623
-0.28284,11.752,3.692
-0.32385,-0.36345,3.105
-6.6793,5.9807,3.451
-1.0423,-6.7826,-2.565
-7.4812,0.26022,-2.906
5.2715,-0.52962,-3.292
-1.1872,6.615,-3.073
-3.4281,-7.1291,-6.01
-9.7234,-1.1759,-6.498
2.7811,-1.0232,6.319
-3.3071,5.3097,6.316
2.6255,-5.543,6.255
-3.3093,0.37618,6.477
9.2532,0.62933,-5.952
2.9401,6.8886,-6.239
0.57629,-10.001,6.361
-5.8181,-3.5285,-6.607
7.0011,-3.2067,-6.671
0.6463,3.025,6.339
0.095459,-3.2322,0.109
-6.5662,3.2117,-0.062
6.651,3.1608,0.32
0.064347,9.6343,-0.019
-0.87186,-3.4132,-5.785
-7.1517,3.182,-6.372
5.5925,2.9946,-6.016
-0.91924,9.1811,-6.208
-0.53245,-9.4858,0.819
-7.1432,-3.0858,0.199
5.7926,-3.1297,-0.072
-0.64842,3.0653,0.255
-3.2251,-6.0125,0.96
-9.4597,0.5077,0.654
3.1176,0.15768,0.048
-3.339,6.5577,0.741
2.803,-6.2989,-0.605
-3.2103,-0.53033,-0.191
9.5127,-0.19304,0.171
2.844,5.8209,0.315
0.49666,0.68226,9.6142
-5.5632,6.3773,10.216
5.7865,6.2083,10.332
-0.25499,-11.693,10.187
-1.0427,-6.7813,10.612
-7.4816,0.26153,10.271
5.271,-0.52831,9.8852
-1.1877,6.6163,10.104
-3.4285,-7.1277,7.1672
-9.7239,-1.1746,6.6792
9.2528,0.63064,7.2252
2.9397,6.89,6.9382
-5.8185,-3.5271,6.5702
7.0006,-3.2054,6.5062
0.095026,-3.2309,13.286
-6.5666,3.213,13.115
6.6506,3.1621,13.497
0.063913,9.6356,13.158
-0.8723,-3.4119,7.3922
-7.1521,3.1833,6.8052
5.5921,2.9959,7.1612
-0.91967,9.1824,6.9692
-0.53288,-9.4845,13.996
-7.1436,-3.0845,13.376
5.7922,-3.1283,13.105
-0.64885,3.0666,13.432
-3.2255,-6.0112,14.137
-9.4601,0.50902,13.831
3.1172,0.159,13.225
-3.3394,6.559,13.918
2.8025,-6.2976,12.572
-3.2107,-0.52901,12.986
9.5123,-0.19172,13.348
2.8436,5.8222,13.492
-13.356,7.0595,-9.4351
-6.2154,12.993,-9.5021
-12.926,12.239,-10.074
-9.8209,11.579,-6.8601
-9.9765,7.0595,-6.9241
-12.026,2.6019,-6.8181
-12.507,9.3703,-13.07
-13.134,3.1167,-12.36
-6.8094,9.4729,-13.251
-9.4843,12.76,-13.131
-9.799,6.3036,-13.784
-3.0893,12.409,-13.008
-12.105,13.285,-3.5649
-12.857,0.90971,-2.9919
-13.357,7.0608,3.7421
-6.2158,12.994,3.6751
-12.926,12.24,3.1031
-13.645,5.8213,-2.5669
-7.3309,12.074,-3.2939
-9.8214,11.581,6.3171
-9.9769,7.0608,6.2531
-3.3492,13.233,-5.9539
-12.026,2.6032,6.3591
-5.6013,9.3971,-6.6729
-12.507,9.3717,0.1071
-13.474,9.1906,-5.7869
-13.135,3.118,0.8171
-6.8098,9.4742,-0.073903
-9.4848,12.762,0.046097
-9.7994,6.3049,-0.6069
-3.0897,12.411,0.1691
-12.106,13.286,9.6123
-12.857,0.91103,10.185
-13.645,5.8226,10.61
-7.3314,12.076,9.8833
-3.3496,13.234,7.2233
-5.6018,9.3984,6.5043
-12.507,9.373,13.284
-13.475,9.192,7.3903
-13.135,3.1193,13.994
-6.8102,9.4755,13.103
-9.4852,12.763,13.223
-9.7999,6.3063,12.57
-3.0901,12.412,13.346
11.92,7.1282,-9.4337
5.8864,12.873,-9.4987
12.351,12.308,-10.073
9.3654,13.047,-6.7007
13.251,2.6706,-6.8167
12.77,9.439,-13.069
12.142,3.1854,-12.359
5.5315,9.5854,-12.979
9.4495,6.6587,-12.218
3.215,13.179,-12.524
9.4644,12.141,-13.369
13.171,13.353,-3.5635
12.42,0.9784,-2.9905
11.92,7.1295,3.7435
5.886,12.875,3.6785
12.35,12.309,3.1045
11.632,5.89,-2.5655
5.193,12.933,-2.9065
9.2462,5.5435,-6.0105
2.9508,11.497,-6.4985
9.365,13.049,6.4765
13.251,2.6719,6.3605
6.8561,9.1441,-6.6075
12.77,9.4403,0.10854
11.802,9.2593,-5.7855
12.142,3.1867,0.81854
5.531,9.5867,0.19854
9.4491,6.66,0.95954
3.2145,13.18,0.65354
9.4639,12.142,-0.19146
13.171,13.355,9.6138
12.419,0.97972,10.187
11.632,5.8913,10.612
5.1926,12.934,10.271
9.2457,5.5448,7.1668
2.9504,11.498,6.6788
6.8557,9.1454,6.5698
12.769,9.4417,13.286
11.802,9.2606,7.3918
12.141,3.188,13.996
5.5306,9.588,13.376
9.4487,6.6613,14.137
3.2141,13.182,13.831
9.4635,12.144,12.986
-0.18275,13.582,-2.9924
-0.18318,13.584,10.185
0,0,0
-6.2735,-0.08061,0.044
-0.081317,-6.3519,0.28
6.3526,-0.069296,0.421
-0.2786,-0.16405,6.45
-0.24537,6.5528,-0.258
-0.27817,-0.16536,-6.7272
6.0776,-0.29204,-6.268
5.9602,-6.4382,-0.102
-0.21142,6.0875,6.38
6.2339,6.4373,0.29654
-6.4403,-6.2353,0.297
-6.6422,6.1656,-0.1039
-0.21099,6.0862,-6.7972
-6.6411,-0.32951,-6.355
6.0771,-0.29072,6.9092
-0.35355,-6.6256,-6.499
-0.35399,-6.6243,6.6782
-6.6416,-0.3282,6.8222
5.6335,-6.2374,6.412
5.9927,6.2162,-6.208
5.634,-6.2387,-6.7652
5.9923,6.2175,6.9692
-6.6815,-6.4564,-6.2075
-6.9689,6.3665,6.4101
-6.9684,6.3651,-6.7671
-6.6819,-6.455,6.9697
-12.429,0.16334,0.017
0.17359,-12.441,0.018903
0.2454,12.836,0.016539
12.848,0.23203,0.018442
-0.00043346,0.0013159,13.177
0.00043346,-0.0013159,-13.177
12.206,-0.36949,-6.2721
-0.39598,12.234,-6.274
12.357,-6.0511,-0.2561
-6.2498,12.535,0.4191
12.206,-0.36817,6.9051
-0.39641,12.236,6.9032
12.593,6.3206,0.27954
6.4008,12.592,0.043539
-12.684,6.2519,0.2781
6.329,-12.684,0.045903
-6.3216,-12.742,0.42146
6.3531,-0.070612,-12.756
-12.92,-6.1198,-0.25754
-0.080884,-6.3533,-12.897
-0.46779,-13.042,-6.2716
-0.2458,6.5541,12.919
-13.07,-0.43817,-6.2735
-6.273,-0.081926,-13.133
-6.2739,-0.079294,13.221
-0.46822,-13.041,6.9056
-13.071,-0.43686,6.9037
-0.081751,-6.3506,13.457
-0.24493,6.5514,-13.435
6.3522,-0.067981,13.598
6.0331,12.343,-6.3555
12.321,6.0469,-6.4995
12.32,6.0483,6.6778
-6.5248,12.312,-6.2699
6.0326,12.344,6.8218
12.391,-6.5164,6.3819
-6.5253,12.313,6.9073
12.391,-6.5177,-6.7953
5.9613,-12.933,-6.3531
-12.956,5.9783,-6.5009
6.2343,6.436,-12.881
-6.4399,-6.2366,-12.88
5.9598,-6.4369,13.075
-12.956,5.9796,6.6763
5.9608,-12.932,6.8241
-12.886,-6.5851,6.3805
-6.5966,-12.965,-6.2675
-6.6426,6.167,13.073
5.9606,-6.4395,-13.279
-12.885,-6.5864,-6.7968
-6.6418,6.1643,-13.281
-6.5971,-12.963,6.9097
6.2334,6.4386,13.474
-6.4408,-6.234,13.474
12.602,-12.604,0.001903
-12.602,12.604,-0.001903
-12.674,-12.673,0.000461
12.674,12.673,-0.000461
-12.428,0.16203,-13.16
0.17402,-12.442,-13.158
-12.429,0.16466,13.194
0.17315,-12.439,13.196
0.24583,12.835,-13.161
12.848,0.23071,-13.159
0.24496,12.837,13.194
12.847,0.23334,13.196
12.396,12.508,6.4495
12.396,12.507,-6.7277
12.357,-6.0498,12.921
12.324,-12.768,6.4519
-6.2493,12.533,-12.758
12.324,-12.769,-6.7253
-12.881,12.44,6.4481
12.593,6.3193,-12.898
-6.3211,-12.743,-12.756
-12.881,12.438,-6.7291
-12.683,6.2506,-12.899
12.357,-6.0524,-13.433
-12.92,-6.1185,12.92
6.4012,12.591,-13.134
6.3294,-12.686,-13.131
-12.953,-12.837,6.4505
6.4003,12.593,13.221
6.3285,-12.683,13.223
-12.952,-12.838,-6.7268
12.592,6.3219,13.457
-12.684,6.2532,13.455
-6.2502,12.536,13.596
-12.919,-6.1211,-13.435
-6.322,-12.741,13.599
12.603,-12.605,-13.175
-12.603,12.605,13.175
-12.602,12.603,-13.179
12.602,-12.603,13.179
-12.675,-12.671,13.178
12.675,12.671,-13.178
12.674,12.674,13.177
-12.674,-12.674,-13.177
