-8.8811,-8.5004,-3.6057
-8.7538,-8.6659,-9.6447
-8.8811,-8.5004,8.2299
-8.7538,-8.6659,2.1909
8.5295,-7.9765,-2.9134
8.4234,-8.6808,-9.0814
8.5295,-7.9765,8.9222
8.4234,-8.6808,2.7542
2.5767,-8.2265,-3.3307
-3.0498,-2.791,-3.6727
8.3785,-2.6297,-3.4427
2.6509,2.9621,-3.3687
2.5647,-8.6529,-9.2507
-3.3602,-2.3632,-9.2287
2.7782,2.7966,-9.4077
-3.2308,-8.2852,-3.4167
-2.9677,3.5207,-3.1497
-2.9013,-8.8169,-9.9177
-8.8176,-2.745,-8.7747
2.5576,-2.6043,-9.2807
-3.0738,2.8164,-9.3177
2.5767,-8.2265,8.505
-3.0498,-2.791,8.163
8.3785,-2.6297,8.393
2.6509,2.9621,8.467
2.5647,-8.6529,2.585
-3.3602,-2.3632,2.607
2.7782,2.7966,2.428
-3.2308,-8.2852,8.419
-9.2956,-3.0589,-3.015
2.5618,-3.31,-2.828
-2.9677,3.5207,8.686
-2.9013,-8.8169,1.918
-8.8176,-2.745,3.061
2.5576,-2.6043,2.555
-3.0738,2.8164,2.518
-9.2956,-3.0589,8.8207
2.5618,-3.31,9.0077
-8.9205,3.2707,-3.5669
-3.1187,8.8675,-3.6789
-8.9325,2.8444,-9.4869
-8.9396,8.8929,-9.5169
-8.9205,3.2707,8.2688
-3.1187,8.8675,8.1568
-8.9325,2.8444,2.3488
-8.9354,8.1873,-3.0642
-8.9396,8.8929,2.3188
-8.9354,8.1873,8.7714
8.4823,8.6715,-3.4356
8.1719,9.0993,-8.9916
8.7298,-2.3212,-8.6136
8.3013,3.1773,-3.1796
8.6308,2.6456,-9.6806
2.7144,8.7175,-8.5376
8.4823,8.6715,8.4001
8.1719,9.0993,2.8441
8.7298,-2.3212,3.2221
8.3013,3.1773,8.6561
2.2364,8.4035,-2.7779
8.6308,2.6456,2.1551
2.7144,8.7175,3.2981
2.2364,8.4035,9.0577
-2.7674,9.1761,-8.8498
-2.7674,9.1761,2.9858
9.1327,-8.7607,-7.7634
9.1546,-9.1192,-2.7888
9.1327,-8.7607,4.0722
9.1546,-9.1192,9.0469
-8.556,-7.2252,-9.6287
-2.1072,-3.1452,-8.9777
3.3255,-7.356,-9.1737
-7.7421,-2.1956,-3.1527
-1.8802,-8.8155,-8.8167
-7.3546,-2.4897,-8.6407
4.0079,-2.6559,-8.8647
-2.3646,2.7365,-7.9997
-7.8043,-8.4308,-2.841
-2.1708,-2.7209,-2.803
3.4097,-8.102,-2.403
-8.556,-7.2252,2.207
-2.1072,-3.1452,2.858
3.3255,-7.356,2.662
-2.7026,-9.3098,-2.737
-7.7421,-2.1956,8.683
3.3736,-2.057,-2.889
-2.3426,2.378,-3.025
-1.8802,-8.8155,3.019
-7.3546,-2.4897,3.195
4.0079,-2.6559,2.971
-2.3646,2.7365,3.836
-7.8043,-8.4308,8.9947
-2.1708,-2.7209,9.0327
3.4097,-8.102,9.4327
-2.7026,-9.3098,9.0987
3.3736,-2.057,8.9467
-2.3426,2.378,8.8107
-8.1717,4.1412,-9.4099
-7.4893,8.8413,-9.1009
-8.0876,3.3952,-2.6392
-8.1717,4.1412,2.4258
-8.1236,9.4402,-3.1252
-7.4893,8.8413,2.7348
-8.0876,3.3952,9.1964
-8.1236,9.4402,8.7104
9.9139,-3.2068,-8.4874
9.2145,-2.8808,-2.0607
9.9139,-3.2068,3.3483
9.2145,-2.8808,9.775
2.9761,4.2373,-9.3916
-1.5833,8.2904,-8.7236
9.4249,8.3173,-8.7406
3.79,9.2669,-2.9156
9.6519,2.647,-8.5796
4.1775,8.9728,-8.4036
3.7277,3.0316,-2.6039
-2.2827,8.6164,-2.2969
9.3613,8.7415,-2.5659
2.9761,4.2373,2.4441
-1.5833,8.2904,3.1121
9.4249,8.3173,3.0951
8.8295,2.1527,-2.4999
3.79,9.2669,8.9201
9.6519,2.647,3.2561
4.1775,8.9728,3.4321
3.7277,3.0316,9.2317
-2.2827,8.6164,9.5387
9.3613,8.7415,9.2697
8.8295,2.1527,9.3357
-11.558,-10.75,-9.4027
-11.124,-11.93,-3.4587
-5.7918,-11.334,-9.3977
-11.61,-6.0036,-9.3897
-12.278,-8.6517,-12.379
-11.644,-8.5563,-5.6887
-8.7312,-11.404,-12.451
-8.2942,-11.774,-6.0187
-11.558,-10.75,2.4329
-11.124,-11.93,8.3769
-5.7918,-11.334,2.4379
-11.61,-6.0036,2.4459
-12.278,-8.6517,-0.54306
-11.644,-8.5563,6.1469
-8.7312,-11.404,-0.61506
-8.2942,-11.774,5.8169
-12.278,-8.6517,11.293
-8.7312,-11.404,11.221
11.471,-10.785,-8.9294
11.905,-11.965,-2.9854
5.747,-11.207,-8.7864
11.419,-6.0384,-8.9164
5.7039,-8.4927,-11.456
5.7286,-8.4595,-6.1204
10.751,-8.6865,-11.905
11.385,-8.591,-5.2154
8.7027,-11.776,-12.239
8.6179,-11.176,-5.5814
2.9462,-11.225,-11.609
8.7374,-5.1948,-11.836
2.9907,-11.339,-5.4934
8.8371,-5.9068,-6.4974
11.471,-10.785,2.9062
11.905,-11.965,8.8502
5.747,-11.207,3.0492
11.419,-6.0384,2.9192
5.1849,-10.683,-2.6958
5.7039,-8.4927,0.37924
5.7286,-8.4595,5.7152
10.751,-8.6865,-0.069762
11.385,-8.591,6.6202
8.7027,-11.776,-0.40376
8.6179,-11.176,6.2542
2.9462,-11.225,0.22624
8.7374,-5.1948,-0.000762
2.9907,-11.339,6.3422
8.8371,-5.9068,5.3382
5.1849,-10.683,9.1399
5.7039,-8.4927,12.215
10.751,-8.6865,11.766
8.7027,-11.776,11.432
2.9462,-11.225,12.062
8.7374,-5.1948,11.835
-0.042426,-11.188,-9.2667
-5.8308,-5.4391,-9.2677
6.0847,-4.9872,-9.3217
-0.026163,0.71206,-9.1657
-5.7933,-5.7947,-3.4197
5.5246,-5.7537,-3.4377
0.408,-0.4674,-3.2217
-0.2984,-6.0443,-9.3097
-5.7502,0.28991,-9.0227
5.7403,0.12869,-9.1607
-0.077782,5.4589,-9.1527
0.016263,-5.4087,-3.2867
-5.5055,-10.974,-3.2417
-11.339,-5.217,-3.1167
-5.8471,-8.6458,-12.023
-11.333,-2.9338,-11.719
-0.14849,-2.9642,-11.517
-5.7933,3.0045,-11.693
-5.9899,-8.5171,-6.0927
-11.693,-2.8412,-6.1177
-0.49356,-2.5187,-6.3707
-5.7686,3.0377,-6.3567
-0.4879,-8.655,-12.444
-6.0769,-2.8072,-12.585
5.5084,-2.7323,-12.547
-0.746,2.8107,-12.142
0.2093,-8.4697,-6.0457
-5.8414,-2.791,-5.8807
5.9121,-2.6693,-6.0047
-0.11172,2.9062,-5.4517
-2.8093,-11.883,-12.283
-8.6097,-5.7629,-12.537
3.0137,-5.6668,-11.813
-2.7945,-0.2786,-12.476
-2.6368,-11.039,-6.0587
-8.585,-5.8513,-6.4427
3.0321,-5.2892,-6.7117
-2.8793,0.32103,-5.8177
-2.8694,-5.6328,-12.242
-8.551,0.27224,-11.846
2.8008,0.05869,-12.214
-2.7598,6.3024,-12.073
-2.8694,-5.7049,-6.6297
-8.5065,0.15839,-5.7297
3.2378,-0.31183,-5.7817
-2.6601,5.5904,-6.7337
-0.042426,-11.188,2.569
-5.8308,-5.4391,2.568
6.0847,-4.9872,2.514
-0.026163,0.71206,2.67
-0.42144,-11.577,-3.07
-5.7933,-5.7947,8.416
5.5246,-5.7537,8.398
0.408,-0.4674,8.614
-0.2984,-6.0443,2.526
-5.7502,0.28991,2.813
5.7403,0.12869,2.675
-0.077782,5.4589,2.683
0.016263,-5.4087,8.549
-6.3123,0.81388,-2.932
-5.5055,-10.974,8.594
-11.339,-5.217,8.719
-5.8471,-8.6458,-0.187
-11.333,-2.9338,0.117
-0.14849,-2.9642,0.319
-5.7933,3.0045,0.143
-5.9899,-8.5171,5.743
-11.693,-2.8412,5.718
-0.49356,-2.5187,5.465
-5.7686,3.0377,5.479
-0.4879,-8.655,-0.608
-6.0769,-2.8072,-0.749
5.5084,-2.7323,-0.711
-0.746,2.8107,-0.306
0.2093,-8.4697,5.79
-5.8414,-2.791,5.955
5.9121,-2.6693,5.831
-0.11172,2.9062,6.384
-2.8093,-11.883,-0.447
-8.6097,-5.7629,-0.701
3.0137,-5.6668,0.023
-2.7945,-0.2786,-0.64
-2.6368,-11.039,5.777
-8.585,-5.8513,5.393
3.0321,-5.2892,5.124
-2.8793,0.32103,6.018
-2.8694,-5.6328,-0.406
-8.551,0.27224,-0.01
2.8008,0.05869,-0.378
-2.7598,6.3024,-0.237
-2.8694,-5.7049,5.206
-8.5065,0.15839,6.106
3.2378,-0.31183,6.054
-2.6601,5.5904,5.102
-0.42144,-11.577,8.7657
-6.3123,0.81388,8.9037
-5.8471,-8.6458,11.649
-11.333,-2.9338,11.953
-0.14849,-2.9642,12.155
-5.7933,3.0045,11.979
-0.4879,-8.655,11.228
-6.0769,-2.8072,11.087
5.5084,-2.7323,11.125
-0.746,2.8107,11.53
-2.8093,-11.883,11.389
-8.6097,-5.7629,11.135
3.0137,-5.6668,11.859
-2.7945,-0.2786,11.196
-2.8694,-5.6328,11.43
-8.551,0.27224,11.826
2.8008,0.05869,11.458
-2.7598,6.3024,11.599
-11.54,0.30938,-9.5029
-5.4126,6.51,-9.5579
-11.523,12.209,-9.4019
-5.9726,5.7435,-3.6739
-11.089,11.03,-3.4579
-11.796,5.4529,-9.5459
-5.7569,11.626,-9.3969
-11.481,6.0886,-3.5229
-11.646,8.533,-11.753
-11.991,8.9785,-6.6069
-11.985,2.8422,-12.68
-5.9889,8.765,-12.783
-11.288,3.0275,-6.2819
-5.5851,8.8279,-6.2409
-8.4835,5.8305,-12.049
-8.4651,6.2081,-6.9479
-8.6964,11.556,-12.45
-8.2594,11.185,-6.0179
-11.54,0.30938,2.3328
-5.4126,6.51,2.2778
-11.523,12.209,2.4338
-11.919,-0.079532,-3.3062
-5.9726,5.7435,8.1618
-11.089,11.03,8.3778
-11.796,5.4529,2.2898
-5.7569,11.626,2.4388
-11.481,6.0886,8.3128
-11.646,8.533,0.082762
-11.991,8.9785,5.2288
-11.985,2.8422,-0.84424
-5.9889,8.765,-0.94724
-11.288,3.0275,5.5538
-5.5851,8.8279,5.5948
-8.4835,5.8305,-0.21324
-8.4651,6.2081,4.8878
-8.6964,11.556,-0.61424
-8.2594,11.185,5.8178
-11.919,-0.079532,8.5294
-11.646,8.533,11.918
-11.985,2.8422,10.991
-5.9889,8.765,10.888
-8.4835,5.8305,11.622
-8.6964,11.556,11.221
11.69,-5.2518,-2.6434
11.696,-2.9685,-11.245
11.337,-2.8759,-5.6444
11.69,-5.2518,9.1923
11.696,-2.9685,0.5903
11.337,-2.8759,6.1913
11.696,-2.9685,12.426
11.49,0.27463,-9.0296
5.7013,6.0234,-9.0306
11.506,12.175,-8.9286
5.7387,5.6677,-3.1826
11.94,10.995,-2.9846
11.234,5.4181,-9.0726
5.7819,11.752,-8.7856
11.548,6.0538,-3.0496
6.0265,0.48818,-3.0046
0.1929,6.2454,-2.8796
5.685,2.8167,-11.786
0.19927,8.5287,-11.482
11.384,8.4983,-11.28
5.5422,2.9454,-5.8556
-0.16065,8.6213,-5.8806
11.039,8.9438,-6.1336
11.044,2.8075,-12.207
5.4552,8.6553,-12.348
11.741,2.9928,-5.8086
5.6907,8.6715,-5.6436
8.7227,-0.42045,-12.046
2.9223,5.6996,-12.3
8.7376,11.184,-12.239
8.8953,0.42383,-5.8216
2.9471,5.6112,-6.2056
8.6527,11.784,-5.5806
8.6626,5.8297,-12.005
2.981,11.735,-11.609
8.6626,5.7575,-6.3926
3.0256,11.621,-5.4926
11.49,0.27463,2.8061
5.7013,6.0234,2.8051
11.506,12.175,2.9071
11.111,-0.11427,-2.8329
5.7387,5.6677,8.6531
11.94,10.995,8.8511
11.234,5.4181,2.7631
5.7819,11.752,3.0501
11.548,6.0538,8.7861
5.2197,12.276,-2.6949
6.0265,0.48818,8.8311
0.1929,6.2454,8.9561
5.685,2.8167,0.050058
0.19927,8.5287,0.35406
11.384,8.4983,0.55606
5.5422,2.9454,5.9801
-0.16065,8.6213,5.9551
11.039,8.9438,5.7021
11.044,2.8075,-0.37094
5.4552,8.6553,-0.51194
11.741,2.9928,6.0271
5.6907,8.6715,6.1921
8.7227,-0.42045,-0.20994
2.9223,5.6996,-0.46394
8.7376,11.184,-0.40294
8.8953,0.42383,6.0141
2.9471,5.6112,5.6301
8.6527,11.784,6.2551
8.6626,5.8297,-0.16894
2.981,11.735,0.22706
8.6626,5.7575,5.4431
3.0256,11.621,6.3431
11.111,-0.11427,9.0027
5.2197,12.276,9.1407
5.685,2.8167,11.886
0.19927,8.5287,12.19
11.384,8.4983,12.392
11.044,2.8075,11.465
5.4552,8.6553,11.324
8.7227,-0.42045,11.626
2.9223,5.6996,11.372
8.7376,11.184,11.433
8.6626,5.8297,11.667
2.981,11.735,12.063
-0.0075781,11.772,-9.2658
-5.4707,11.985,-3.2408
-2.7745,11.077,-12.282
-2.602,11.921,-6.0578
-0.0075781,11.772,2.5698
-0.38659,11.383,-3.0692
-5.4707,11.985,8.5948
-2.7745,11.077,-0.44618
-2.602,11.921,5.7778
-0.38659,11.383,8.7665
-2.7745,11.077,11.389
0,0,0
-0.17466,5.6321,-0.194
5.683,0.14637,-0.141
-5.7141,0.23547,-0.036
0.55366,-0.047376,5.788
-1.3323e-15,-5.8167,-0.251
0.55366,-0.047376,-6.0477
5.7594,-5.4412,-0.262
0.096167,-5.5635,5.775
-5.8386,-5.4992,-0.323
-5.6484,0.35214,-5.8197
0.14213,5.6165,-5.8877
0.14213,5.6165,5.948
0.096167,-5.5635,-6.0607
5.6935,5.9633,-0.085942
-5.6484,0.35214,6.016
-5.7378,6.056,-0.49824
6.175,0.15443,5.9151
6.175,0.15443,-5.9206
-5.6275,5.9387,5.3278
5.8697,-5.5586,5.564
-5.7431,-5.7007,5.659
5.7889,5.7618,5.8961
5.7889,5.7618,-5.9396
-5.7431,-5.7007,-6.1767
5.8697,-5.5586,-6.2717
-5.6275,5.9387,-6.5079
-11.399,-0.013435,-0.029
0.1328,11.449,0.20806
0.097952,-11.511,0.20724
11.63,-0.048177,0.4443
0,0,-11.836
0,0,11.836
0.27577,-11.247,-5.7427
-11.221,0.24998,5.8568
5.7831,-11.262,0.20024
-11.221,0.24998,-5.9789
-5.8491,-11.316,-0.37806
11.323,-5.8651,0.042238
0.27577,-11.247,6.093
-11.497,5.6806,-0.48724
11.532,5.6458,-0.013942
-0.17466,5.6321,11.642
-1.3323e-15,-5.8167,11.585
5.683,0.14637,11.695
-5.8142,11.644,-0.37724
11.808,0.21524,-5.5056
0.31062,11.712,-5.7418
5.8179,11.698,0.20106
-11.707,-5.8304,-0.43106
-5.7141,0.23547,11.8
-5.7141,0.23547,-11.872
0.31062,11.712,6.0938
5.683,0.14637,-11.977
-0.17466,5.6321,-12.03
11.808,0.21524,6.3301
-1.3323e-15,-5.8167,-12.087
-5.357,-11.308,5.678
5.8489,-11.145,-5.5834
-5.357,-11.308,-6.1577
-11.401,5.9337,5.5388
-5.3222,11.652,5.6788
-11.39,-5.8459,5.7109
5.7594,-5.4412,11.574
-5.8386,-5.4992,11.513
5.8489,-11.145,6.2522
-5.7378,6.056,11.337
-11.39,-5.8459,-6.1247
-5.3222,11.652,-6.1568
11.639,-5.8807,-5.6514
11.628,5.899,-5.8236
-11.401,5.9337,-6.2969
5.8837,11.815,-5.5826
5.6935,5.9633,11.75
11.628,5.899,6.0121
11.639,-5.8807,6.1842
5.7594,-5.4412,-12.098
5.6935,5.9633,-11.922
-5.8386,-5.4992,-12.159
5.8837,11.815,6.2531
-5.7378,6.056,-12.334
11.497,-11.497,0.23624
-11.497,11.497,-0.23624
-11.532,-11.462,-0.23706
11.532,11.462,0.23706
11.63,-0.048177,-11.391
0.1328,11.449,-11.628
0.097952,-11.511,-11.628
-11.399,-0.013435,11.807
-11.399,-0.013435,-11.865
0.1328,11.449,12.044
0.097952,-11.511,12.043
-10.944,11.45,5.5518
-10.978,-11.51,5.5509
11.63,-0.048177,12.28
-10.944,11.45,-6.2839
-10.978,-11.51,-6.2847
-11.497,5.6806,11.348
-5.8491,-11.316,11.458
5.7831,-11.262,-11.635
-5.8142,11.644,11.458
-11.707,-5.8304,11.405
11.323,-5.8651,-11.793
11.323,-5.8651,11.878
11.532,5.6458,11.822
5.7831,-11.262,12.036
11.532,5.6458,-11.85
5.8179,11.698,-11.635
12.086,11.415,-5.8106
-5.8491,-11.316,-12.214
12.051,-11.545,-5.8114
12.086,11.415,6.0251
12.051,-11.545,6.0242
5.8179,11.698,12.037
-11.497,5.6806,-12.323
-5.8142,11.644,-12.213
-11.707,-5.8304,-12.267
-11.532,-11.462,11.599
11.532,11.462,-11.599
11.497,-11.497,-11.599
-11.497,11.497,11.599
11.497,-11.497,12.072
-11.497,11.497,-12.072
-11.532,-11.462,-12.073
11.532,11.462,12.073
