-3.7906,-9.3598,-9.3553
-9.002,-3.3607,-8.2393
-8.4349,-9.2269,-8.9843
-3.7906,-9.3598,2.692
-9.002,-3.3607,3.808
-8.4349,-9.2269,3.063
-9.1837,-9.3803,-4.288
-3.1486,-10.046,-2.887
-9.1837,-9.3803,7.7593
-3.1486,-10.046,9.1603
8.5059,-8.6813,-9.8273
3.6,-9.4803,-9.2833
9.8565,-3.1871,-9.2943
8.5059,-8.6813,2.22
3.6,-9.4803,2.764
9.8565,-3.1871,2.753
8.5964,-8.7435,-3.246
8.5964,-8.7435,8.8013
2.3023,-3.5369,-9.1043
-3.5327,3.3573,-9.8273
8.2675,2.6983,-9.3553
3.0561,8.6974,-8.2393
-2.4614,-3.0795,-9.6713
-8.4386,2.5583,-9.2833
3.6232,2.8313,-8.9843
-2.1821,8.8516,-9.2943
2.3023,-3.5369,2.943
-3.5327,3.3573,2.22
8.2675,2.6983,2.692
3.0561,8.6974,3.808
-2.4614,-3.0795,2.376
-8.4386,2.5583,2.764
3.6232,2.8313,3.063
-2.1821,8.8516,2.753
2.2825,-9.1401,-2.791
-3.0738,-2.5039,-2.863
8.2222,-2.8624,-3.343
2.8744,2.6778,-4.288
8.9095,2.0124,-2.887
-9.3706,-2.8355,-3.137
2.2557,-3.9174,-3.35
-3.4422,3.2951,-3.246
2.2825,-9.1401,9.2563
-3.0738,-2.5039,9.1843
8.2222,-2.8624,8.7043
2.8744,2.6778,7.7593
8.9095,2.0124,9.1603
-9.3706,-2.8355,8.9103
2.2557,-3.9174,8.6973
-3.4422,3.2951,8.8013
-9.7363,8.5017,-9.1043
-9.7363,8.5017,2.943
-9.7561,2.8986,-2.791
-3.8164,9.1763,-3.343
-9.783,8.1213,-3.35
-9.7561,2.8986,9.2563
-3.8164,9.1763,8.7043
-9.783,8.1213,8.6973
9.5967,8.9787,-9.6713
9.5967,8.9787,2.376
8.9843,9.5543,-2.863
2.6875,9.2226,-3.137
8.9843,9.5543,9.1843
2.6875,9.2226,8.9103
-8.9532,-3.6867,-9.6993
-9.0239,-8.8853,-10.327
-8.9532,-3.6867,2.348
-9.0239,-8.8853,1.72
-8.0792,-8.8613,-3.414
-8.0792,-8.8613,8.6333
9.3636,-8.6594,-8.5923
9.3636,-8.6594,3.455
3.274,-9.2505,-3.906
9.3396,-3.151,-4.273
9.416,-9.9901,-3.083
3.274,-9.2505,8.1413
9.3396,-3.151,7.7743
9.416,-9.9901,8.9643
-2.4508,-8.8176,-9.7383
3.1049,8.3714,-9.6993
3.5058,-2.6757,-8.9583
-2.675,3.3793,-8.5923
2.7245,-9.401,-10.49
-3.7067,-3.6925,-9.0993
8.8226,-3.3227,-10.353
3.0342,3.1728,-10.327
-2.4508,-8.8176,2.309
3.1049,8.3714,2.348
3.5058,-2.6757,3.089
-2.675,3.3793,3.455
2.7245,-9.401,1.557
-3.7067,-3.6925,2.948
8.8226,-3.3227,1.694
3.0342,3.1728,1.72
-8.7646,2.7881,-3.906
-2.9211,-3.2364,-4.162
-2.699,8.8876,-4.273
3.9789,3.1968,-3.414
-2.1977,-8.8954,-2.842
-7.8956,-2.8313,-3.42
3.1417,-2.7273,-3.164
-2.6227,2.0485,-3.083
-8.7646,2.7881,8.1413
-2.9211,-3.2364,7.8853
-2.699,8.8876,7.7743
3.9789,3.1968,8.6333
-2.1977,-8.8954,9.2053
-7.8956,-2.8313,8.6273
3.1417,-2.7273,8.8833
-2.6227,2.0485,8.9643
-8.5328,9.3629,-8.9583
-9.3141,2.6376,-10.49
-3.2161,8.7159,-10.353
-8.5328,9.3629,3.089
-9.3141,2.6376,1.557
-3.2161,8.7159,1.694
-8.897,9.3113,-3.164
-8.897,9.3113,8.8833
9.6073,3.2405,-9.7383
8.3515,8.3656,-9.0993
9.6073,3.2405,2.309
8.3515,8.3656,2.948
9.1371,8.8217,-4.162
9.8604,3.1627,-2.842
4.1626,9.2269,-3.42
9.1371,8.8217,7.8853
9.8604,3.1627,9.2053
4.1626,9.2269,8.6273
-5.3639,-12.893,-9.1493
-11.589,-6.6841,-9.6713
-6.7562,-5.9855,-9.4443
-12.381,-10.955,-9.4723
-9.1102,-12.47,-6.6643
-6.0781,-9.1512,-12.368
-11.656,-3.1274,-11.93
-11.859,-9.2658,-13.193
-3.1486,-12.675,-12.353
-8.9461,-6.5406,-12.854
-9.0692,-12.08,-11.543
-11.879,-12.766,-3.395
-5.3639,-12.893,2.898
-11.589,-6.6841,2.376
-6.7562,-5.9855,2.603
-12.381,-10.955,2.575
-6.5491,-11.985,-3.134
-12.531,-5.3654,-3.501
-9.1102,-12.47,5.383
-3.0262,-12.395,-5.764
-8.7482,-5.8844,-5.31
-12.513,-9.1837,-5.821
-6.0781,-9.1512,-0.321
-11.656,-3.1274,0.117
-5.7147,-9.3096,-6.01
-12.023,-3.1005,-6.377
-11.859,-9.2658,-1.146
-3.1486,-12.675,-0.306
-8.9461,-6.5406,-0.807
-9.0692,-12.08,0.504
-11.879,-12.766,8.6523
-6.5491,-11.985,8.9133
-12.531,-5.3654,8.5463
-3.0262,-12.395,6.2833
-8.7482,-5.8844,6.7373
-12.513,-9.1837,6.2263
-6.0781,-9.1512,11.726
-11.656,-3.1274,12.164
-5.7147,-9.3096,6.0373
-12.023,-3.1005,5.6703
-11.859,-9.2658,10.901
-3.1486,-12.675,11.741
-8.9461,-6.5406,11.24
-9.0692,-12.08,12.551
6.1654,-13.013,-9.4363
12.508,-6.6646,-9.6713
11.716,-10.936,-9.4723
9.2456,-5.8698,-6.5893
6.1704,-9.0638,-12.451
12.44,-3.1079,-11.93
6.5395,-9.0766,-6.6513
12.237,-9.2463,-13.193
9.0794,-12.177,-12.526
3.1192,-12.207,-12.014
9.3969,-5.826,-12.203
12.218,-12.746,-3.395
6.1654,-13.013,2.611
12.508,-6.6646,2.376
11.716,-10.936,2.575
5.7079,-11.786,-3.341
11.566,-5.3459,-3.501
3.0817,-11.993,-6.152
9.2456,-5.8698,5.458
8.9203,-12.04,-5.88
11.584,-9.1642,-5.821
6.1704,-9.0638,-0.404
12.44,-3.1079,0.117
6.5395,-9.0766,5.396
12.074,-3.081,-6.377
12.237,-9.2463,-1.146
9.0794,-12.177,-0.479
3.1192,-12.207,0.033
9.3969,-5.826,-0.156
12.218,-12.746,8.6523
5.7079,-11.786,8.7063
11.566,-5.3459,8.5463
3.0817,-11.993,5.8953
8.9203,-12.04,6.1673
11.584,-9.1642,6.2263
6.1704,-9.0638,11.643
12.44,-3.1079,12.164
12.074,-3.081,5.6703
12.237,-9.2463,10.901
9.0794,-12.177,11.568
3.1192,-12.207,12.08
9.3969,-5.826,11.891
0.23335,-6.4446,-9.0633
-5.8732,-0.97439,-9.4363
6.6942,-0.83509,-9.1493
0.46952,5.374,-9.6713
-0.033941,-11.066,-9.0973
5.3019,6.0726,-9.4443
5.7601,-5.0714,-9.3103
-0.32244,1.1031,-9.4723
-2.8023,-6.4,-6.9793
2.9479,-0.41224,-6.6643
-2.7931,6.1688,-6.5893
3.2081,-6.6928,-6.5043
0.099702,-2.9479,-11.9
-5.8683,2.9748,-12.451
5.98,2.9069,-12.368
0.40164,8.9308,-11.93
-0.55084,-3.1841,-6.5723
-5.4992,2.9621,-6.6513
-0.08556,-9.0927,-12.276
-6.173,-3.0137,-12.409
5.2715,-3.0215,-12.591
0.1987,2.7924,-13.193
2.8482,-6.3413,-12.335
-2.9592,-0.13789,-12.526
8.9095,-0.6166,-12.353
3.112,5.5176,-12.854
-3.1275,-6.1172,-11.721
-8.9194,-0.16829,-12.014
2.9889,-0.02192,-11.543
-2.6418,6.2126,-12.203
-4.8649,-5.9256,-3.454
0.10889,-11.954,-3.14
0.1789,-0.70781,-3.395
5.6378,-6.2572,-3.286
0.23335,-6.4446,2.984
-5.8732,-0.97439,2.611
6.6942,-0.83509,2.898
0.46952,5.374,2.376
-0.033941,-11.066,2.95
5.3019,6.0726,2.603
5.7601,-5.0714,2.737
-0.32244,1.1031,2.575
-1.0868,-5.8046,-3.154
-6.3307,0.25244,-3.341
5.5091,0.072832,-3.134
-0.47305,6.6928,-3.501
-2.8023,-6.4,5.068
-8.9569,0.045962,-6.152
2.9479,-0.41224,5.383
-2.7931,6.1688,5.458
3.2081,-6.6928,5.543
-3.1183,-0.0014142,-5.88
9.0319,-0.33729,-5.764
3.31,6.1737,-5.31
-0.10819,-9.1181,-6.036
-5.5932,-3.0646,-5.911
5.6802,-3.1219,-5.938
-0.45467,2.8744,-5.821
0.099702,-2.9479,0.147
-5.8683,2.9748,-0.404
5.98,2.9069,-0.321
0.40164,8.9308,0.117
-0.55084,-3.1841,5.475
-5.4992,2.9621,5.396
6.3435,2.7485,-6.01
0.035355,8.9576,-6.377
-0.08556,-9.0927,-0.229
-6.173,-3.0137,-0.362
5.2715,-3.0215,-0.544
0.1987,2.7924,-1.146
2.8482,-6.3413,-0.288
-2.9592,-0.13789,-0.479
8.9095,-0.6166,-0.306
3.112,5.5176,-0.807
-3.1275,-6.1172,0.326
-8.9194,-0.16829,0.033
2.9889,-0.02192,0.504
-2.6418,6.2126,-0.156
-4.8649,-5.9256,8.5933
0.10889,-11.954,8.9073
0.1789,-0.70781,8.6523
5.6378,-6.2572,8.7613
-1.0868,-5.8046,8.8933
-6.3307,0.25244,8.7063
5.5091,0.072832,8.9133
-0.47305,6.6928,8.5463
-8.9569,0.045962,5.8953
-3.1183,-0.0014142,6.1673
9.0319,-0.33729,6.2833
3.31,6.1737,6.7373
-0.10819,-9.1181,6.0113
-5.5932,-3.0646,6.1363
5.6802,-3.1219,6.1093
-0.45467,2.8744,6.2263
0.099702,-2.9479,12.194
-5.8683,2.9748,11.643
5.98,2.9069,11.726
0.40164,8.9308,12.164
6.3435,2.7485,6.0373
0.035355,8.9576,5.6703
-0.08556,-9.0927,11.818
-6.173,-3.0137,11.685
5.2715,-3.0215,11.503
0.1987,2.7924,10.901
2.8482,-6.3413,11.759
-2.9592,-0.13789,11.568
8.9095,-0.6166,11.741
3.112,5.5176,11.24
-3.1275,-6.1172,12.373
-8.9194,-0.16829,12.08
2.9889,-0.02192,12.551
-2.6418,6.2126,11.891
-11.805,5.5941,-9.0633
-5.3445,11.204,-9.1493
-12.073,0.97241,-9.0973
-6.2785,6.9673,-9.3103
-12.361,13.142,-9.4723
-9.0907,11.626,-6.6643
-8.8305,5.3459,-6.5043
-11.939,9.0907,-11.9
-12.589,8.8545,-6.5723
-12.124,2.9459,-12.276
-6.7672,9.0172,-12.591
-9.1904,5.6973,-12.335
-3.1291,11.422,-12.353
-9.0497,12.017,-11.543
-11.93,0.084285,-3.14
-11.86,11.331,-3.395
-6.4009,5.7814,-3.286
-11.805,5.5941,2.984
-5.3445,11.204,2.898
-12.073,0.97241,2.95
-6.2785,6.9673,2.737
-12.361,13.142,2.575
-13.125,6.234,-3.154
-6.5296,12.111,-3.134
-9.0907,11.626,5.383
-8.8305,5.3459,5.543
-3.0068,11.701,-5.764
-12.147,2.9205,-6.036
-6.3584,8.9168,-5.938
-11.939,9.0907,0.147
-12.589,8.8545,5.475
-12.124,2.9459,-0.229
-6.7672,9.0172,-0.544
-9.1904,5.6973,-0.288
-3.1291,11.422,-0.306
-9.0497,12.017,0.504
-11.93,0.084285,8.9073
-11.86,11.331,8.6523
-6.4009,5.7814,8.7613
-13.125,6.234,8.8933
-6.5296,12.111,8.9133
-3.0068,11.701,6.2833
-12.147,2.9205,6.0113
-6.3584,8.9168,6.1093
-11.939,9.0907,12.194
-12.124,2.9459,11.818
-6.7672,9.0172,11.503
-9.1904,5.6973,11.759
-3.1291,11.422,11.741
-9.0497,12.017,12.551
12.291,5.6135,-9.0633
6.1849,11.084,-9.4363
12.024,0.9919,-9.0973
11.736,13.161,-9.4723
9.2559,5.6581,-6.9793
12.158,9.1102,-11.9
11.507,8.874,-6.5723
11.973,2.9654,-12.276
5.8851,9.0444,-12.409
9.0989,11.92,-12.526
8.9306,5.9409,-11.721
3.1387,11.89,-12.014
7.1932,6.1326,-3.454
12.167,0.10377,-3.14
12.237,11.35,-3.395
12.291,5.6135,2.984
6.1849,11.084,2.611
12.024,0.9919,2.95
11.736,13.161,2.575
10.971,6.2535,-3.154
5.7274,12.311,-3.341
9.2559,5.6581,5.068
3.1012,12.104,-6.152
8.9398,12.057,-5.88
11.95,2.94,-6.036
6.4649,8.9935,-5.911
12.158,9.1102,0.147
11.507,8.874,5.475
11.973,2.9654,-0.229
5.8851,9.0444,-0.362
9.0989,11.92,-0.479
8.9306,5.9409,0.326
3.1387,11.89,0.033
7.1932,6.1326,8.5933
12.167,0.10377,8.9073
12.237,11.35,8.6523
10.971,6.2535,8.8933
5.7274,12.311,8.7063
3.1012,12.104,5.8953
8.9398,12.057,6.1673
11.95,2.94,6.0113
6.4649,8.9935,6.1363
12.158,9.1102,12.194
11.973,2.9654,11.818
5.8851,9.0444,11.685
9.0989,11.92,11.568
8.9306,5.9409,12.373
3.1387,11.89,12.08
-0.014453,13.031,-9.0973
0.12838,12.142,-3.14
-0.014453,13.031,2.95
0.12838,12.142,8.9073
0,0,0
0.049497,-0.11455,5.7263
0.18597,5.8004,-0.432
-0.028284,-5.8365,0.163
5.8852,0.023335,-0.286
-5.9482,0.05374,-0.404
0.049497,-0.11455,-6.321
-5.9517,0.099702,5.334
5.6611,-5.8817,-0.498
0.070004,5.9277,5.9203
5.8186,6.1241,-0.264
6.1964,-0.16334,5.7743
0.070004,5.9277,-6.127
-0.04879,-6.062,-6.011
-0.04879,-6.062,6.0363
-6.2395,-5.934,-0.264
6.1964,-0.16334,-6.273
-6.3775,6.1569,-0.498
-5.9517,0.099702,-6.7133
-6.0431,5.9823,5.5663
5.9956,-6.0564,5.5663
-5.7764,-6.12,-6.015
-5.7764,-6.12,6.0323
6.2818,5.9381,-6.015
6.2818,5.9381,6.0323
-6.0431,5.9823,-6.481
5.9956,-6.0564,-6.481
-0.12954,11.769,-0.248
11.909,-0.27011,-0.248
0,0,-12.047
0,0,12.047
-12.188,-0.2896,-0.248
-0.14903,-12.328,-0.248
0.18597,5.8004,11.615
-5.9482,0.05374,11.643
5.8852,0.023335,11.761
-0.028284,-5.8365,-11.884
-0.0024317,11.999,5.7253
12.036,-0.039769,5.7253
-12.061,-0.059258,5.7253
-0.02192,-12.098,5.7253
-11.872,-6.2577,-0.432
6.0905,-11.985,-0.404
-6.1729,-12.035,-0.286
-0.028284,-5.8365,12.21
-6.1534,12.062,-0.286
12.03,6.2217,0.163
-0.0024317,11.999,-6.322
-12.067,6.2022,0.163
6.1099,12.112,-0.404
12.036,-0.039769,-6.322
-12.061,-0.059258,-6.322
-0.02192,-12.098,-6.322
5.8852,0.023335,-12.333
12.225,-6.2382,-0.432
0.18597,5.8004,-12.479
-5.9482,0.05374,-12.451
5.6611,-5.8817,11.549
6.0869,-11.939,5.334
-5.8423,11.875,5.7743
5.8186,6.1241,11.783
-6.3775,6.1569,11.549
-6.2395,-5.934,11.783
6.1064,12.158,5.334
-5.8423,11.875,-6.273
12.009,5.9961,-6.011
-11.988,-6.1304,5.9203
12.009,5.9961,6.0363
-5.8617,-12.221,5.7743
-12.087,5.9766,-6.011
-12.087,5.9766,6.0363
-11.988,-6.1304,-6.127
12.109,-6.111,5.9203
12.109,-6.111,-6.127
5.8186,6.1241,-12.311
-5.8617,-12.221,-6.273
5.6611,-5.8817,-12.545
6.0869,-11.939,-6.7133
-6.2395,-5.934,-12.311
6.1064,12.158,-6.7133
-6.3775,6.1569,-12.545
-0.12954,11.769,11.799
11.909,-0.27011,11.799
-12.188,-0.2896,11.799
-0.12954,11.769,-12.295
12.039,-12.039,0
-12.039,12.039,0
12.058,12.058,0
-12.058,-12.058,0
-0.14903,-12.328,11.799
11.909,-0.27011,-12.295
-12.188,-0.2896,-12.295
-0.14903,-12.328,-12.295
-11.872,-6.2577,11.615
6.0905,-11.985,11.643
-11.989,11.924,5.7263
6.1099,12.112,11.643
-6.1729,-12.035,11.761
-6.1534,12.062,11.761
12.108,11.944,5.7263
12.225,-6.2382,11.615
12.03,6.2217,-11.884
-12.009,-12.173,5.7263
-12.067,6.2022,-11.884
-11.989,11.924,-6.321
12.088,-12.153,5.7263
12.108,11.944,-6.321
-12.009,-12.173,-6.321
12.03,6.2217,12.21
-12.067,6.2022,12.21
12.088,-12.153,-6.321
-6.1729,-12.035,-12.333
-6.1534,12.062,-12.333
6.0905,-11.985,-12.451
-11.872,-6.2577,-12.479
6.1099,12.112,-12.451
12.225,-6.2382,-12.479
12.039,-12.039,-12.047
12.039,-12.039,12.047
-12.039,12.039,-12.047
-12.039,12.039,12.047
12.058,12.058,-12.047
12.058,12.058,12.047
-12.058,-12.058,-12.047
-12.058,-12.058,12.047
