-3.6966,-9.1215,-9.3313
-9.5033,-3.6598,-9.4683
-8.1577,-8.6244,-9.2163
-3.6966,-9.1215,2.716
-9.5033,-3.6598,2.579
-8.1577,-8.6244,2.831
-9.5196,-9.4376,-2.916
-3.5127,-9.27,-2.871
-9.5196,-9.4376,9.1313
-3.5127,-9.27,9.1763
8.8262,-9.638,-9.6463
8.8262,-9.638,2.401
8.776,-8.909,-3.122
8.776,-8.909,8.9253
2.3363,-3.3969,-9.6443
-3.2124,2.4006,-9.6463
8.3615,2.9366,-9.3313
2.5548,8.3983,-9.4683
-2.1051,-2.7415,-9.1783
3.4528,-8.6769,-9.4483
3.9004,3.4337,-9.2163
9.348,-3.025,-8.4943
2.3363,-3.3969,2.403
-3.2124,2.4006,2.401
8.3615,2.9366,2.716
2.5548,8.3983,2.579
-2.1051,-2.7415,2.869
3.4528,-8.6769,2.599
3.9004,3.4337,2.831
9.348,-3.025,3.553
2.5689,-9.5099,-2.923
-3.3248,-3.2781,-2.984
8.5503,-3.4648,-3.09
2.5385,2.6205,-2.916
8.5454,2.7881,-2.871
-9.2864,-2.8772,-2.68
2.791,-2.9041,-2.815
-3.2626,3.1297,-3.122
2.5689,-9.5099,9.1243
-3.3248,-3.2781,9.0633
8.5503,-3.4648,8.9573
2.5385,2.6205,9.1313
8.5454,2.7881,9.1763
-9.2864,-2.8772,9.3673
2.791,-2.9041,9.2323
-3.2626,3.1297,8.9253
-9.7024,8.6417,-9.6443
-8.5858,3.3617,-9.4483
-2.6907,9.0136,-8.4943
-9.7024,8.6417,2.403
-8.5858,3.3617,2.599
-2.6907,9.0136,3.553
-9.4697,2.5288,-2.923
-3.4883,8.5738,-3.09
-9.2477,9.1345,-2.815
-9.4697,2.5288,9.1243
-3.4883,8.5738,8.9573
-9.2477,9.1345,9.2323
9.9531,9.3167,-9.1783
9.9531,9.3167,2.869
8.7333,8.78,-2.984
2.7717,9.1809,-2.68
8.7333,8.78,9.0633
2.7717,9.1809,9.3673
-9.1929,-9.7049,-9.2783
-9.1929,-9.7049,2.769
-8.2044,-8.7842,-3.237
-8.2044,-8.7842,8.8103
9.7617,-9.0957,-8.6043
9.7617,-9.0957,3.443
3.9783,-9.2533,-3.372
9.9208,-2.9219,-2.848
9.4952,-10.216,-3.254
3.9783,-9.2533,8.6753
9.9208,-2.9219,9.1993
9.4952,-10.216,8.7933
-2.7514,-8.8438,-8.2133
-8.8961,-2.6948,-8.5043
3.4691,-2.9486,-8.7673
-2.2769,2.943,-8.6043
2.2295,-9.4745,-9.1253
-3.1876,-3.7646,-9.0813
8.3375,-3.6423,-9.4023
2.8652,2.3533,-9.2783
-2.7514,-8.8438,3.834
-8.8961,-2.6948,3.543
3.4691,-2.9486,3.28
-2.2769,2.943,3.443
2.2295,-9.4745,2.922
-3.1876,-3.7646,2.966
8.3375,-3.6423,2.645
2.8652,2.3533,2.769
-8.0603,2.7853,-3.372
-1.9608,-3.0667,-3.569
-2.1178,9.1167,-2.848
3.8537,3.2739,-3.237
-2.0909,-9.7149,-2.758
-8.2788,-3.9796,-2.768
4.0383,-3.6932,-3.044
-2.5435,1.8222,-3.254
-8.0603,2.7853,8.6753
-1.9608,-3.0667,8.4783
-2.1178,9.1167,9.1993
3.8537,3.2739,8.8103
-2.0909,-9.7149,9.2893
-8.2788,-3.9796,9.2793
4.0383,-3.6932,9.0033
-2.5435,1.8222,8.7933
-8.5696,9.09,-8.7673
-9.8091,2.5641,-9.1253
-3.7011,8.3963,-9.4023
-8.5696,9.09,3.28
-9.8091,2.5641,2.922
-3.7011,8.3963,2.645
-8.0003,8.3454,-3.044
-8.0003,8.3454,9.0033
9.3068,3.2143,-8.2133
3.162,9.3633,-8.5043
8.8705,8.2935,-9.0813
9.3068,3.2143,3.834
3.162,9.3633,3.543
8.8705,8.2935,2.966
10.097,8.9914,-3.569
9.9672,2.3432,-2.758
3.7793,8.0785,-2.768
10.097,8.9914,8.4783
9.9672,2.3432,9.2893
3.7793,8.0785,9.2793
-5.8766,-12.762,-9.2663
-11.559,-6.9853,-8.9953
-0.92331,-11.698,-8.6933
-12.374,-11.671,-9.1273
-9.002,-11.953,-6.6383
-6.0491,-9.5026,-12.183
-12.555,-3.1571,-11.705
-5.7422,-8.838,-6.4223
-11.452,-3.2172,-6.5663
-12.396,-9.0331,-12.165
-2.9739,-12.294,-12.374
-9.1986,-6.1099,-12.478
-9.026,-12.126,-11.6
-12.014,-12.456,-3.136
-5.8766,-12.762,2.781
-11.559,-6.9853,3.052
-0.92331,-11.698,3.354
-12.374,-11.671,2.92
-7.0737,-12.103,-3.198
-12.663,-5.8455,-3.031
-9.002,-11.953,5.409
-3.0736,-12.241,-5.194
-8.949,-6.4189,-5.809
-12.195,-9.4234,-5.631
-6.0491,-9.5026,-0.136
-12.555,-3.1571,0.342
-5.7422,-8.838,5.625
-11.452,-3.2172,5.481
-12.396,-9.0331,-0.118
-2.9739,-12.294,-0.327
-9.1986,-6.1099,-0.431
-9.026,-12.126,0.447
-12.014,-12.456,8.9113
-7.0737,-12.103,8.8493
-12.663,-5.8455,9.0163
-3.0736,-12.241,6.8533
-8.949,-6.4189,6.2383
-12.195,-9.4234,6.4163
-6.0491,-9.5026,11.911
-12.555,-3.1571,12.389
-12.396,-9.0331,11.929
-2.9739,-12.294,11.72
-9.1986,-6.1099,11.616
-9.026,-12.126,12.494
-12.962,0.34043,-8.6933
-12.962,0.34043,3.354
6.403,-13.275,-9.0293
12.538,-6.9658,-8.9953
11.723,-11.652,-9.1273
2.9085,-11.589,-6.5203
9.0525,-5.8479,-6.6693
6.2298,-9.1869,-12.078
11.542,-3.1376,-11.705
12.645,-3.1977,-6.5663
11.701,-9.0136,-12.165
9.0143,-12.202,-12.499
2.9353,-12.261,-11.155
8.8807,-6.0551,-11.599
0.24268,-12.327,-2.698
12.082,-12.436,-3.136
6.403,-13.275,3.018
12.538,-6.9658,3.052
11.723,-11.652,2.92
5.9137,-12.084,-2.989
11.433,-5.826,-3.031
2.9085,-11.589,5.527
9.0525,-5.8479,5.378
9.1798,-12.715,-6.01
11.901,-9.404,-5.631
6.2298,-9.1869,-0.031
11.542,-3.1376,0.342
6.9192,-9.2258,-6.228
12.645,-3.1977,5.481
11.701,-9.0136,-0.118
9.0143,-12.202,-0.452
2.9353,-12.261,0.892
8.8807,-6.0551,0.448
0.24268,-12.327,9.3493
12.082,-12.436,8.9113
5.9137,-12.084,9.0583
11.433,-5.826,9.0163
9.1798,-12.715,6.0373
11.901,-9.404,6.4163
6.2298,-9.1869,12.016
11.542,-3.1376,12.389
6.9192,-9.2258,5.8193
11.701,-9.0136,11.929
9.0143,-12.202,11.595
2.9353,-12.261,12.939
8.8807,-6.0551,12.495
-0.13364,-6.8172,-8.8293
-5.6356,-1.236,-9.0293
6.1815,-0.70428,-9.2663
0.49922,5.0728,-8.9953
11.135,0.35992,-8.6933
-6.4057,-5.2969,-8.8603
5.5678,-5.6682,-9.1263
-0.31608,0.38679,-9.1273
-2.9034,-5.5777,-6.3453
-9.1302,0.44972,-6.5203
3.0561,0.10465,-6.6383
-2.9861,6.1907,-6.6693
-0.19728,-3.1049,-12.296
-5.8089,2.8518,-12.078
6.009,2.5555,-12.183
-0.49639,8.9011,-11.705
6.3159,3.2202,-6.4223
0.60599,8.841,-6.5663
-0.061518,-9.2709,-11.975
-6.1235,-3.1707,-12.399
5.9503,-3.3694,-12.34
-0.338,3.025,-12.165
2.9048,-6.5323,-13.073
-3.0243,-0.16334,-12.499
9.0842,-0.23547,-12.374
2.8595,5.9482,-12.478
-3.1169,-6.3116,-11.591
-9.1033,-0.22203,-11.155
3.0321,-0.067882,-11.6
-3.1579,5.9835,-11.599
-5.6844,-6.54,-2.801
-11.796,-0.2885,-2.698
0.043841,-0.39739,-3.136
6.0465,-6.2558,-3.312
-0.13364,-6.8172,3.218
-5.6356,-1.236,3.018
6.1815,-0.70428,2.781
0.49922,5.0728,3.052
11.135,0.35992,3.354
-6.4057,-5.2969,3.187
5.5678,-5.6682,2.921
-0.31608,0.38679,2.92
-0.69438,-6.3031,-2.928
-6.125,-0.045255,-2.989
4.9844,-0.044548,-3.198
-0.60528,6.2126,-3.031
-2.9034,-5.5777,5.702
-9.1302,0.44972,5.527
3.0561,0.10465,5.409
-2.9861,6.1907,5.378
2.996,-7.3461,-6.014
-2.8588,-0.6767,-6.01
8.9845,-0.18243,-5.194
3.1091,5.6392,-5.809
-0.32739,-9.2327,-5.634
-6.5556,-3.0964,-5.557
5.6031,-2.9995,-5.971
-0.13718,2.6347,-5.631
-0.19728,-3.1049,-0.249
-5.8089,2.8518,-0.031
6.009,2.5555,-0.136
-0.49639,8.9011,0.342
0.6965,-3.2294,-6.287
-5.1195,2.8129,-6.228
6.3159,3.2202,5.625
0.60599,8.841,5.481
-0.061518,-9.2709,0.072
-6.1235,-3.1707,-0.352
5.9503,-3.3694,-0.293
-0.338,3.025,-0.118
2.9048,-6.5323,-1.026
-3.0243,-0.16334,-0.452
9.0842,-0.23547,-0.327
2.8595,5.9482,-0.431
-3.1169,-6.3116,0.456
-9.1033,-0.22203,0.892
3.0321,-0.067882,0.447
-3.1579,5.9835,0.448
-5.6844,-6.54,9.2463
-11.796,-0.2885,9.3493
0.043841,-0.39739,8.9113
6.0465,-6.2558,8.7353
-0.69438,-6.3031,9.1193
-6.125,-0.045255,9.0583
4.9844,-0.044548,8.8493
-0.60528,6.2126,9.0163
2.996,-7.3461,6.0333
-2.8588,-0.6767,6.0373
8.9845,-0.18243,6.8533
3.1091,5.6392,6.2383
-0.32739,-9.2327,6.4133
-6.5556,-3.0964,6.4903
5.6031,-2.9995,6.0763
-0.13718,2.6347,6.4163
-0.19728,-3.1049,11.798
-5.8089,2.8518,12.016
6.009,2.5555,11.911
-0.49639,8.9011,12.389
0.6965,-3.2294,5.7603
-5.1195,2.8129,5.8193
-0.061518,-9.2709,12.119
-6.1235,-3.1707,11.695
5.9503,-3.3694,11.754
-0.338,3.025,11.929
2.9048,-6.5323,11.021
-3.0243,-0.16334,11.595
9.0842,-0.23547,11.72
2.8595,5.9482,11.616
-3.1169,-6.3116,12.503
-9.1033,-0.22203,12.939
3.0321,-0.067882,12.494
-3.1579,5.9835,12.495
-12.172,5.2214,-8.8293
-5.8571,11.334,-9.2663
-0.90382,12.399,-8.6933
-6.4709,6.3705,-9.1263
-12.355,12.425,-9.1273
-8.9825,12.143,-6.6383
-12.236,8.9337,-12.296
-12.1,2.7678,-11.975
-6.0883,8.6693,-12.34
-9.1338,5.5064,-13.073
-2.9544,11.803,-12.374
-9.0066,11.971,-11.6
-11.995,11.641,-3.136
-5.9922,5.7829,-3.312
-12.172,5.2214,3.218
-5.8571,11.334,2.781
-0.90382,12.399,3.354
-6.4709,6.3705,2.921
-12.355,12.425,2.92
-12.733,5.7355,-2.928
-7.0542,11.994,-3.198
-8.9825,12.143,5.409
-9.0426,4.6925,-6.014
-3.0541,11.856,-5.194
-12.366,2.8059,-5.634
-6.4355,9.0391,-5.971
-12.236,8.9337,-0.249
-11.342,8.8093,-6.287
-12.1,2.7678,0.072
-6.0883,8.6693,-0.293
-9.1338,5.5064,-1.026
-2.9544,11.803,-0.327
-9.0066,11.971,0.447
-11.995,11.641,8.9113
-5.9922,5.7829,8.7353
-12.733,5.7355,9.1193
-7.0542,11.994,8.8493
-9.0426,4.6925,6.0333
-3.0541,11.856,6.8533
-12.366,2.8059,6.4133
-6.4355,9.0391,6.0763
-12.236,8.9337,11.798
-11.342,8.8093,5.7603
-12.1,2.7678,12.119
-6.0883,8.6693,11.754
-9.1338,5.5064,11.021
-2.9544,11.803,11.72
-9.0066,11.971,12.494
12.301,-0.26901,-2.698
12.301,-0.26901,9.3493
11.924,5.2409,-8.8293
6.4225,10.822,-9.0293
5.6524,6.7612,-8.8603
11.742,12.445,-9.1273
9.1547,6.4805,-6.3453
2.928,12.508,-6.5203
11.861,8.9532,-12.296
11.997,2.7872,-11.975
5.9346,8.8875,-12.399
9.0338,11.895,-12.499
8.9412,5.7465,-11.591
2.9548,11.836,-11.155
6.3737,5.5181,-2.801
0.26217,11.77,-2.698
12.102,11.661,-3.136
11.924,5.2409,3.218
6.4225,10.822,3.018
5.6524,6.7612,3.187
11.742,12.445,2.92
11.364,5.755,-2.928
5.9332,12.013,-2.989
9.1547,6.4805,5.702
2.928,12.508,5.527
9.1993,11.381,-6.01
11.731,2.8254,-5.634
5.5025,8.9617,-5.557
11.861,8.9532,-0.249
12.755,8.8288,-6.287
11.997,2.7872,0.072
5.9346,8.8875,-0.352
9.0338,11.895,-0.452
8.9412,5.7465,0.456
2.9548,11.836,0.892
6.3737,5.5181,9.2463
0.26217,11.77,9.3493
12.102,11.661,8.9113
11.364,5.755,9.1193
5.9332,12.013,9.0583
9.1993,11.381,6.0373
11.731,2.8254,6.4133
5.5025,8.9617,6.4903
11.861,8.9532,11.798
12.755,8.8288,5.7603
11.997,2.7872,12.119
5.9346,8.8875,11.695
9.0338,11.895,11.595
8.9412,5.7465,12.503
2.9548,11.836,12.939
0,0,0
-0.083439,5.9411,-0.105
0.30759,-0.28921,5.9503
-6.0847,-0.096874,-0.052
6.0797,-0.19375,-0.211
0.30759,-0.28921,-6.097
0.089803,-6.137,-0.197
-5.7558,-0.22769,5.692
0.20223,5.8676,5.8033
-6.0254,5.7454,-0.059
6.0442,5.9523,0.076
-6.0139,-6.1059,0.076
0.20223,5.8676,-6.244
6.1511,0.028991,-5.972
-5.7558,-0.22769,-6.3553
0.38537,-6.1667,-5.998
6.1511,0.028991,6.0753
0.38537,-6.1667,6.0493
6.0132,-6.2933,-0.059
-5.992,5.5876,5.7743
-5.8563,-5.9171,5.8863
-5.992,5.5876,-6.273
-5.8563,-5.9171,-6.161
6.2019,6.1411,5.8863
6.0466,-6.4511,5.7743
6.2019,6.1411,-6.161
6.0466,-6.4511,-6.273
0.056258,11.813,0.205
-12.002,-0.24523,0.205
0,0,-12.047
0,0,12.047
12.095,-0.22574,0.205
0.03677,-12.284,0.205
-5.9589,11.845,-0.211
6.0797,-0.19375,11.836
-11.949,5.9017,-0.197
-0.083439,5.9411,11.942
-0.01516,11.934,-5.972
0.089803,-6.137,11.85
5.9735,11.961,-0.052
-0.01516,11.934,6.0753
11.955,-6.0975,-0.105
12.023,-0.10482,-5.972
-6.0847,-0.096874,11.995
-12.073,-0.12431,-5.972
12.023,-0.10482,6.0753
12.148,5.9211,-0.197
-12.073,-0.12431,6.0753
5.954,-12.136,-0.052
-0.083439,5.9411,-12.152
-6.0847,-0.096874,-12.099
-0.034648,-12.163,-5.972
-12.142,-6.117,-0.105
-0.034648,-12.163,6.0753
-5.9784,-12.252,-0.211
6.0797,-0.19375,-12.258
0.089803,-6.137,-12.244
-11.653,5.872,-5.998
-11.653,5.872,6.0493
6.3023,11.83,5.692
-11.856,-6.1905,5.8033
-6.0254,5.7454,11.988
-5.907,-12.029,-5.972
6.0442,5.9523,-11.971
-6.0254,5.7454,-12.106
-5.8875,12.068,-5.972
-5.907,-12.029,6.0753
-6.0139,-6.1059,-11.971
-5.8875,12.068,6.0753
-11.856,-6.1905,-6.244
6.0442,5.9523,12.123
6.0132,-6.2933,11.988
6.3023,11.83,-6.3553
-6.0139,-6.1059,12.123
12.241,-6.1711,5.8033
6.0132,-6.2933,-12.106
6.2828,-12.266,5.692
12.443,5.8914,-5.998
12.443,5.8914,6.0493
12.241,-6.1711,-6.244
6.2828,-12.266,-6.3553
0.056258,11.813,-11.842
-12.002,-0.24523,-11.842
12.095,-0.22574,-11.842
0.056258,11.813,12.252
12.039,-12.039,0
-12.039,12.039,0
-12.058,-12.058,0
12.058,12.058,0
0.03677,-12.284,-11.842
-12.002,-0.24523,12.252
12.095,-0.22574,12.252
0.03677,-12.284,12.252
-11.731,11.749,5.9503
-11.731,11.749,-6.097
-5.9589,11.845,11.836
-11.949,5.9017,11.85
5.9735,11.961,11.995
11.955,-6.0975,11.942
12.148,5.9211,11.85
5.9735,11.961,-12.099
-11.751,-12.347,5.9503
-5.9784,-12.252,11.836
-5.9589,11.845,-12.258
5.954,-12.136,11.995
12.366,11.769,5.9503
-12.142,-6.117,11.942
-11.949,5.9017,-12.244
-11.751,-12.347,-6.097
11.955,-6.0975,-12.152
12.366,11.769,-6.097
5.954,-12.136,-12.099
-12.142,-6.117,-12.152
12.148,5.9211,-12.244
-5.9784,-12.252,-12.258
12.346,-12.328,5.9503
12.346,-12.328,-6.097
12.039,-12.039,-12.047
12.039,-12.039,12.047
-12.039,12.039,-12.047
-12.039,12.039,12.047
-12.058,-12.058,-12.047
-12.058,-12.058,12.047
12.058,12.058,-12.047
12.058,12.058,12.047
