-9.0784,-8.2112,-9.3777
-9.0784,-8.2112,2.4579
-8.6138,-8.9077,-4.0491
-8.6138,-8.9077,7.7866
7.7807,-8.5245,-8.5358
7.9723,-8.9905,-2.7768
7.7807,-8.5245,3.2999
7.9723,-8.9905,9.0589
2.6623,-8.5086,-9.5797
-2.9338,-2.4699,-9.2947
8.5602,-2.6686,-9.5677
2.4537,3.2513,-9.1407
-8.9831,-2.6997,-9.1207
2.7514,-3.1374,-9.1027
2.6623,-8.5086,2.256
-2.9338,-2.4699,2.541
8.5602,-2.6686,2.268
2.4537,3.2513,2.695
2.6121,-8.7582,-3.079
-3.1827,-2.5788,-3.169
8.0589,-2.2267,-2.682
2.9182,2.5548,-3.812
-2.7174,-7.8977,-8.754
-8.9831,-2.6997,2.715
2.7514,-3.1374,2.733
-3.7166,2.9727,-8.772
-3.0759,-8.5206,-2.692
-9.1351,-2.7118,-3.395
2.5944,-2.8419,-3.302
-3.5249,2.5067,-3.013
2.6121,-8.7582,8.7567
-3.1827,-2.5788,8.6667
8.0589,-2.2267,9.1537
2.9182,2.5548,8.0237
-2.7174,-7.8977,3.0817
-3.7166,2.9727,3.0637
-3.0759,-8.5206,9.1437
-9.1351,-2.7118,8.4407
2.5944,-2.8419,8.5337
-3.5249,2.5067,8.8227
-8.835,2.9886,-9.8159
-2.937,8.8286,-9.8039
-8.7459,8.3598,-9.3389
-8.835,2.9886,2.0198
-2.937,8.8286,2.0318
-8.8852,2.739,-3.3152
-3.4383,9.2705,-2.9182
-8.7459,8.3598,2.4968
-8.9028,8.6554,-3.5382
-8.8852,2.739,8.5204
-3.4383,9.2705,8.9174
-8.9028,8.6554,8.2974
8.5983,8.9926,-9.0576
2.549,8.7627,-8.8836
8.5983,8.9926,2.7781
8.3494,8.8837,-2.9319
8.8147,3.5648,-8.5169
2.549,8.7627,2.9521
8.4562,2.9418,-2.4549
2.397,8.7507,-3.1579
8.3494,8.8837,8.9037
8.8147,3.5648,3.3187
8.4562,2.9418,9.3807
2.397,8.7507,8.6777
3.4581,-8.5267,-8.4158
9.1298,-3.2198,-2.7808
9.1998,-9.0089,-8.4718
9.4162,-8.7742,-2.4788
3.4581,-8.5267,3.4199
9.1298,-3.2198,9.0549
9.1998,-9.0089,3.3639
9.4162,-8.7742,9.3569
3.5575,-1.8717,-9.0767
-7.9401,-8.2526,-8.776
-2.0365,-2.5894,-8.446
-8.0391,2.9706,-8.652
-8.5044,-7.7506,-2.943
-2.3674,8.2774,-3.017
-1.8441,-3.1636,-2.906
3.1601,-7.3702,-2.9
-2.9833,-9.3147,-8.333
-7.8821,-2.4445,-8.804
3.5575,-1.8717,2.759
-2.2974,2.4883,-8.708
-1.5952,-8.5913,-2.911
-7.9055,-2.9585,-2.584
3.276,-2.7344,-1.999
-2.081,2.7231,-2.715
-7.9401,-8.2526,3.0597
-2.0365,-2.5894,3.3897
-8.0391,2.9706,3.1837
-8.5044,-7.7506,8.8927
-2.3674,8.2774,8.8187
-1.8441,-3.1636,8.9297
3.1601,-7.3702,8.9357
-2.9833,-9.3147,3.5027
-7.8821,-2.4445,3.0317
-2.2974,2.4883,3.1277
-1.5952,-8.5913,8.9247
-7.9055,-2.9585,9.2517
3.276,-2.7344,9.8367
-2.081,2.7231,9.1207
-7.9398,9.6255,-9.3129
-8.3372,4.127,-3.1362
-7.9398,9.6255,2.5228
-8.2212,8.7628,-2.2352
-8.3372,4.127,8.6994
-8.2212,8.7628,9.6004
9.0767,-2.6496,-7.8697
9.0767,-2.6496,3.966
3.592,3.2098,-8.5389
-2.4206,8.8476,-8.1059
9.4956,8.8731,-8.2089
3.0277,3.7119,-2.7059
9.6879,8.2989,-2.6689
8.5488,2.1478,-8.0959
3.6499,9.018,-8.5669
9.9368,2.8711,-2.6739
3.6266,8.5039,-2.3469
3.592,3.2098,3.2967
-2.4206,8.8476,3.7297
9.4956,8.8731,3.6267
3.0277,3.7119,9.1297
9.6879,8.2989,9.1667
8.5488,2.1478,3.7397
3.6499,9.018,3.2687
9.9368,2.8711,9.1617
3.6266,8.5039,9.4887
-11.174,-11.68,-9.3197
-11.629,-8.6263,-11.738
-8.4943,-11.583,-12.113
-12.11,-11.569,-3.4871
-11.174,-11.68,2.5159
-6.1948,-11.806,-3.5481
-11.195,-6.1337,-3.0111
-12.61,-5.829,-8.7911
-11.84,-8.4969,-6.1021
-11.629,-8.6263,0.097942
-8.6167,-11.397,-6.8131
-8.4943,-11.583,-0.27706
-12.11,-11.569,8.3486
-6.1948,-11.806,8.2876
-11.195,-6.1337,8.8246
-12.61,-5.829,3.0446
-11.84,-8.4969,5.7336
-11.629,-8.6263,11.934
-8.6167,-11.397,5.0226
-8.4943,-11.583,11.559
11.856,-11.714,-8.8464
5.5172,-11.147,-8.7594
5.3998,-8.4362,-12.043
11.4,-8.661,-11.264
8.9106,-11.128,-11.465
3.0148,-11.516,-11.387
8.5401,-6.0327,-11.587
10.919,-11.603,-3.0138
11.856,-11.714,2.9892
5.2506,-11.774,-2.8428
11.834,-6.1685,-2.5378
5.5172,-11.147,3.0762
10.419,-5.8637,-8.3178
5.5681,-8.4263,-5.2838
5.3998,-8.4362,-0.20776
11.189,-8.5316,-5.6288
11.4,-8.661,0.57124
8.5245,-11.516,-6.2018
8.9106,-11.128,0.37024
2.8224,-11.08,-6.2448
8.4708,-5.9337,-4.8178
3.0148,-11.516,0.44824
8.5401,-6.0327,0.24824
10.919,-11.603,8.8219
5.2506,-11.774,8.9929
11.834,-6.1685,9.2979
10.419,-5.8637,3.5179
5.5681,-8.4263,6.5519
5.3998,-8.4362,11.628
11.189,-8.5316,6.2069
11.4,-8.661,12.407
8.5245,-11.516,5.6339
8.9106,-11.128,12.206
2.8224,-11.08,5.5909
8.4708,-5.9337,7.0179
3.0148,-11.516,12.284
8.5401,-6.0327,12.084
-5.3273,-5.7827,-9.0797
5.345,-5.8683,-9.0697
0.3585,-0.21708,-9.0827
-5.98,0.35002,-8.9957
-5.1004,-11.027,-9.3897
-6.0436,-8.4492,-11.872
-11.522,-2.7832,-12.357
-0.19658,-2.8539,-11.808
-6.0974,3.0611,-12.28
0.2185,-8.5383,-12.001
-5.8103,-2.7556,-11.599
5.5925,-2.658,-11.627
-0.096874,2.8362,-11.501
-2.5774,-11.099,-12.142
-8.7186,-5.1661,-12.042
2.9819,-5.4384,-12.119
-2.5866,0.36911,-11.702
-2.9055,-5.666,-12.243
-8.4825,-0.018385,-11.624
3.0377,-0.12021,-11.876
-2.9571,5.4645,-11.824
0.053033,-11.454,-2.737
-5.9397,-5.7855,-3.007
5.5388,-4.9278,-3.237
-0.57841,-0.10607,-3.25
-0.47305,-11.477,-8.761
-5.3273,-5.7827,2.756
5.345,-5.8683,2.766
0.3585,-0.21708,2.753
-0.020506,-5.7141,-2.69
-6.2466,-0.27719,-3.079
5.3372,-0.34365,-3.311
0.33658,5.3288,-2.774
-0.2687,-5.3443,-8.547
-5.98,0.35002,2.84
-5.1004,-11.027,2.446
-1.0783,5.6335,-8.554
-5.7368,-8.4916,-6.285
-11.858,-2.7874,-5.892
-0.10819,-3.0215,-5.656
-5.9291,3.071,-5.52
-6.0436,-8.4492,-0.036
-11.522,-2.7832,-0.521
-0.19658,-2.8539,0.028
-6.0974,3.0611,-0.444
-0.39032,-8.6408,-5.872
-5.5133,-2.5774,-6.597
6.3449,-2.774,-6.598
-0.3083,2.9656,-5.865
0.2185,-8.5383,-0.165
-5.8103,-2.7556,0.237
5.5925,-2.658,0.209
-0.096874,2.8362,0.335
-2.9027,-11.067,-5.799
-8.7681,-6.0585,-6.012
2.8659,-5.4921,-5.831
-2.9727,-0.018385,-6.438
-2.5774,-11.099,-0.306
-8.7186,-5.1661,-0.206
2.9819,-5.4384,-0.283
-2.5866,0.36911,0.134
-2.9599,-5.7488,-5.895
-8.6748,0.41719,-6.481
2.9154,0.065761,-6.576
-3.0264,5.5635,-5.054
-2.9055,-5.666,-0.407
-8.4825,-0.018385,0.212
3.0377,-0.12021,-0.04
-2.9571,5.4645,0.012
0.053033,-11.454,9.0987
-5.9397,-5.7855,8.8287
5.5388,-4.9278,8.5987
-0.57841,-0.10607,8.5857
-0.47305,-11.477,3.0747
-0.020506,-5.7141,9.1457
-6.2466,-0.27719,8.7567
5.3372,-0.34365,8.5247
0.33658,5.3288,9.0617
-0.2687,-5.3443,3.2887
-1.0783,5.6335,3.2817
-5.7368,-8.4916,5.5507
-11.858,-2.7874,5.9437
-0.10819,-3.0215,6.1797
-5.9291,3.071,6.3157
-6.0436,-8.4492,11.8
-11.522,-2.7832,11.315
-0.19658,-2.8539,11.864
-6.0974,3.0611,11.392
-0.39032,-8.6408,5.9637
-5.5133,-2.5774,5.2387
6.3449,-2.774,5.2377
-0.3083,2.9656,5.9707
0.2185,-8.5383,11.671
-5.8103,-2.7556,12.073
5.5925,-2.658,12.045
-0.096874,2.8362,12.171
-2.9027,-11.067,6.0367
-8.7681,-6.0585,5.8237
2.8659,-5.4921,6.0047
-2.9727,-0.018385,5.3977
-2.5774,-11.099,11.53
-8.7186,-5.1661,11.63
2.9819,-5.4384,11.553
-2.5866,0.36911,11.97
-2.9599,-5.7488,5.9407
-8.6748,0.41719,5.3547
2.9154,0.065761,5.2597
-3.0264,5.5635,6.7817
-2.9055,-5.666,11.429
-8.4825,-0.018385,12.048
3.0377,-0.12021,11.796
-2.9571,5.4645,11.848
-6.1522,5.6289,-9.3059
-11.139,11.28,-9.3189
-11.694,8.6433,-12.044
-11.279,2.9589,-12.237
-5.9047,8.8392,-11.863
-8.5154,6.0589,-12.355
-8.4595,11.377,-12.112
-11.444,0.042798,-2.9732
-5.9585,6.5694,-3.4732
-12.076,11.391,-3.4862
-11.97,0.02017,-8.9972
-6.1522,5.6289,2.5298
-11.139,11.28,2.5168
-11.518,5.7831,-2.9262
-6.16,11.154,-3.5472
-11.766,6.1529,-8.7832
-11.605,8.4758,-5.8922
-11.694,8.6433,-0.20824
-11.888,2.8564,-6.1082
-5.1524,8.7232,-6.8342
-11.279,2.9589,-0.40124
-5.9047,8.8392,-0.027238
-8.6313,6.0051,-6.0672
-8.5154,6.0589,-0.51924
-8.5818,11.563,-6.8122
-8.4595,11.377,-0.27624
-11.444,0.042798,8.8624
-5.9585,6.5694,8.3624
-12.076,11.391,8.3494
-11.97,0.02017,2.8384
-11.518,5.7831,8.9094
-6.16,11.154,8.2884
-11.766,6.1529,3.0524
-11.605,8.4758,5.9434
-11.694,8.6433,11.627
-11.888,2.8564,5.7274
-5.1524,8.7232,5.0014
-11.279,2.9589,11.434
-5.9047,8.8392,11.808
-8.6313,6.0051,5.7684
-8.5154,6.0589,11.316
-8.5818,11.563,5.0234
-8.4595,11.377,11.559
11.508,-2.8179,-11.883
11.171,-2.8222,-5.4187
11.508,-2.8179,-0.047704
11.171,-2.8222,6.417
11.508,-2.8179,11.788
6.2047,5.6798,-8.8426
11.891,11.245,-8.8456
5.5521,11.812,-8.7586
6.4317,0.43515,-9.1526
5.4884,3.0133,-11.635
0.010471,8.6793,-12.12
11.335,8.6086,-11.571
11.751,2.9242,-11.764
5.7218,8.7069,-11.362
8.9547,0.36302,-11.905
2.8134,6.2964,-11.805
8.9455,11.832,-11.465
8.6266,5.7964,-12.006
3.0496,11.444,-11.387
11.585,0.0080554,-2.4999
5.5924,5.6769,-2.7699
10.954,11.356,-3.0129
11.059,-0.014572,-8.5239
6.2047,5.6798,2.9931
11.891,11.245,2.9901
11.512,5.7483,-2.4529
5.2855,11.185,-2.8419
11.263,6.1182,-8.3099
5.5521,11.812,3.0771
6.4317,0.43515,2.6831
5.7953,2.9708,-6.0479
-0.32611,8.6751,-5.6549
11.424,8.441,-5.4189
5.4884,3.0133,0.20106
0.010471,8.6793,-0.28394
11.335,8.6086,0.26506
11.142,2.8216,-5.6349
6.0188,8.8851,-6.3599
11.751,2.9242,0.072058
5.7218,8.7069,0.47406
8.6294,0.39555,-5.5619
2.7639,5.404,-5.7749
8.5594,11.444,-6.2009
8.9547,0.36302,-0.068942
2.8134,6.2964,0.031058
8.9455,11.832,0.37106
8.5721,5.7137,-5.6579
2.8573,11.88,-6.2439
8.6266,5.7964,-0.16994
3.0496,11.444,0.44906
11.585,0.0080554,9.3357
5.5924,5.6769,9.0657
10.954,11.356,8.8227
11.059,-0.014572,3.3117
11.512,5.7483,9.3827
5.2855,11.185,8.9937
11.263,6.1182,3.5257
5.7953,2.9708,5.7877
-0.32611,8.6751,6.1807
11.424,8.441,6.4167
5.4884,3.0133,12.037
0.010471,8.6793,11.552
11.335,8.6086,12.101
11.142,2.8216,6.2007
6.0188,8.8851,5.4757
11.751,2.9242,11.908
5.7218,8.7069,12.31
8.6294,0.39555,6.2737
2.7639,5.404,6.0607
8.5594,11.444,5.6347
8.9547,0.36302,11.767
2.8134,6.2964,11.867
8.9455,11.832,12.207
8.5721,5.7137,6.1777
2.8573,11.88,5.5917
8.6266,5.7964,11.666
3.0496,11.444,12.285
-5.0655,11.932,-9.3888
-2.5426,11.86,-12.141
0.087881,11.505,-2.7362
-0.43821,11.483,-8.7602
-5.0655,11.932,2.4468
-2.8678,11.893,-5.7982
-2.5426,11.86,-0.30518
0.087881,11.505,9.0995
-0.43821,11.483,3.0755
-2.8678,11.893,6.0375
-2.5426,11.86,11.53
0,0,0
-0.072125,-0.11172,5.7647
-5.782,0.40517,0.046
-0.26729,-5.8195,0.096
0.05869,5.8372,-0.004
5.9968,0.1417,0.033058
-0.072125,-0.11172,-6.071
5.6887,-5.584,0.166
-5.6519,-5.724,-0.077
-5.729,0.10324,-5.805
5.8802,5.7384,0.16006
-0.1591,5.7863,5.8517
-0.0028284,-5.8393,-5.847
5.7799,-0.12728,-5.911
5.7799,-0.12728,5.9247
-5.8085,5.9132,-0.070238
-5.729,0.10324,6.0307
-0.1591,5.7863,-5.984
-0.0028284,-5.8393,5.9887
5.7771,-5.5084,-5.744
5.808,5.6508,-5.7119
5.7771,-5.5084,6.0917
-5.724,-5.8117,5.8867
-5.724,-5.8117,-5.949
-5.7202,5.9889,5.8554
5.808,5.6508,6.1237
-5.7202,5.9889,-5.9802
-11.407,0.014513,-0.24124
0.12465,11.477,-0.00418
0.089803,-11.483,-0.005
11.622,-0.020229,0.23206
0,0,-11.836
0,0,11.836
5.7152,-11.092,0.28224
-5.5352,-11.321,-0.204
11.265,5.643,0.33306
-11.473,-5.6253,-0.24106
0.10785,-11.468,-5.6868
0.1427,11.491,-5.6859
-11.389,0.028991,5.9127
-11.389,0.028991,-5.923
11.64,-0.0057509,-5.4497
11.556,-5.6601,0.23224
-5.5004,11.639,-0.20318
0.10785,-11.468,6.1489
0.1427,11.491,6.1497
-11.765,5.6777,-0.14024
-0.26729,-5.8195,-11.74
-5.782,0.40517,-11.79
5.7501,11.868,0.28306
0.05869,5.8372,11.832
0.05869,5.8372,-11.84
-5.782,0.40517,11.882
5.9968,0.1417,-11.803
11.64,-0.0057509,6.386
-0.26729,-5.8195,11.932
5.9968,0.1417,11.869
5.7682,-11.394,-5.5688
11.338,-5.711,-5.7478
-5.7173,11.37,5.6884
11.529,5.6232,-5.6099
-11.5,5.6579,5.7524
11.338,-5.711,6.0879
5.8031,11.566,-5.5679
5.6887,-5.584,-11.67
-5.7173,11.37,-6.1472
-5.7522,-11.59,5.6876
-11.691,-5.6762,5.6146
-11.5,5.6579,-6.0832
5.7682,-11.394,6.2669
-5.6519,-5.724,11.759
11.529,5.6232,6.2257
5.8802,5.7384,-11.676
-5.7522,-11.59,-6.1481
-5.6519,-5.724,-11.913
5.8031,11.566,6.2677
-5.8085,5.9132,11.765
5.6887,-5.584,12.002
-11.691,-5.6762,-6.2211
-5.8085,5.9132,-11.906
5.8802,5.7384,11.996
-11.497,11.497,-0.23624
11.497,-11.497,0.23624
-11.532,-11.462,-0.23706
11.532,11.462,0.23706
-11.407,0.014513,11.594
11.622,-0.020229,-11.604
0.12465,11.477,11.831
0.089803,-11.483,11.831
0.12465,11.477,-11.84
0.089803,-11.483,-11.841
-11.407,0.014513,-12.077
11.622,-0.020229,12.068
5.7152,-11.092,-11.553
11.265,5.643,-11.503
-11.569,11.385,5.5284
-5.5352,-11.321,11.632
11.46,11.351,-5.8339
11.46,11.351,6.0017
-11.473,-5.6253,11.595
-11.604,-11.574,5.5276
11.425,-11.609,-5.8348
11.556,-5.6601,-11.603
-5.5004,11.639,11.632
11.425,-11.609,6.0009
5.7152,-11.092,12.118
-11.569,11.385,-6.3072
-5.5352,-11.321,-12.04
11.265,5.643,12.169
5.7501,11.868,-11.553
-11.765,5.6777,11.695
-11.604,-11.574,-6.3081
-11.473,-5.6253,-12.077
-5.5004,11.639,-12.039
11.556,-5.6601,12.068
-11.765,5.6777,-11.976
5.7501,11.868,12.119
-11.532,-11.462,11.599
11.532,11.462,-11.599
-11.497,11.497,11.599
11.497,-11.497,-11.599
-11.497,11.497,-12.072
11.497,-11.497,12.072
-11.532,-11.462,-12.073
11.532,11.462,12.073
