-9.8496,-3.4716,-10.591
-9.9733,-9.6439,-10.152
-9.85,-3.4702,2.5865
-9.9738,-9.6426,3.0255
-3.5462,-9.644,-3.3745
-9.4314,-3.4377,-4.1035
-8.7102,-8.8598,-4.6805
-3.5466,-9.6427,9.8027
-9.4319,-3.4364,9.0737
-8.7106,-8.8585,8.4967
9.1981,-9.9217,-9.9203
9.1977,-9.9204,3.2569
9.5908,-9.0973,-4.0881
9.8631,-3.625,-3.8531
9.5904,-9.096,9.0891
9.8626,-3.6237,9.3241
-3.0797,-9.4313,-10.732
2.8246,9.201,-10.591
3.3359,-2.9973,-9.5312
-3.4043,2.6822,-9.9222
3.7021,-8.5679,-10.854
-2.8287,-2.4118,-11.092
9.1023,-3.2031,-10.412
2.7009,3.0286,-10.152
-3.0802,-9.43,2.445
2.8242,9.2023,2.586
3.3354,-2.996,3.646
-3.4047,2.6835,3.255
3.7017,-8.5666,2.323
-2.8291,-2.4105,2.085
9.1019,-3.2018,2.765
2.7004,3.03,3.025
3.0618,-2.9939,-3.42
-3.0116,3.5065,-4.09
9.128,3.0285,-3.375
3.2428,9.2348,-4.104
2.8581,-9.3847,-3.771
-3.2428,-2.8468,-4.733
-2.7393,8.9788,-3.855
3.964,3.8127,-4.681
3.0613,-2.9926,9.7572
-3.012,3.5079,9.0872
9.1276,3.0299,9.8022
3.2424,9.2361,9.0732
2.8577,-9.3834,9.4062
-3.2432,-2.8455,8.4442
-2.7398,8.9802,9.3222
3.9636,3.814,8.4962
-9.2665,9.6065,-9.5331
-8.9003,4.0359,-10.856
-3.5001,9.4008,-10.414
-9.267,9.6078,3.6441
-8.9007,4.0372,2.3211
-3.5005,9.4021,2.7631
-9.5406,9.61,-3.4219
-9.7443,3.2191,-3.7729
-9.5411,9.6113,9.7553
-9.7447,3.2204,9.4043
9.5945,3.2412,-10.733
9.8455,10.261,-11.093
9.5941,3.2426,2.4445
9.8451,10.262,2.0845
9.4314,9.8257,-4.7335
9.431,9.827,8.4438
-3.451,-10.334,-9.6098
-11.063,-8.6674,-10.317
-3.4514,-10.333,3.5675
-11.063,-8.6661,2.8605
-9.3593,-9.4623,-3.4635
-9.3597,-9.461,9.7137
9.8578,-8.5775,-10.073
9.797,-3.2374,-9.0873
9.8574,-8.5762,3.1039
9.7966,-3.2361,4.0899
9.5272,-9.3236,-2.6251
3.9029,-10.362,-3.2621
9.5268,-9.3223,10.552
3.9024,-10.36,9.9151
3.5515,-1.8299,-10.497
-2.7446,4.0264,-10.075
9.2232,2.3385,-9.6102
-10.216,-2.3659,-9.6712
-3.8526,-3.4683,-10.869
3.0488,-9.053,-9.6202
1.6112,4.0052,-10.317
-2.8054,9.3664,-9.0892
3.5511,-1.8286,2.68
-2.745,4.0277,3.102
9.2228,2.3398,3.567
-10.216,-2.3646,3.506
-3.853,-3.4669,2.308
3.0483,-9.0517,3.557
1.6108,4.0065,2.86
-2.8058,9.3678,4.088
-3.1975,-8.9944,-2.093
-9.0807,-2.6969,-2.837
2.9628,-1.9219,-4.421
-3.0752,3.2803,-2.627
-3.1777,-3.3616,-3.311
-8.6995,2.2422,-3.264
3.3149,3.2103,-3.464
8.4117,-3.3927,-3.791
-3.198,-8.9931,11.084
-9.0811,-2.6956,10.34
2.9623,-1.9206,8.7562
-3.0756,3.2816,10.55
-3.1782,-3.3603,9.8662
-8.7,2.2436,9.9132
3.3145,3.2116,9.7132
8.4113,-3.3914,9.3862
-9.0509,10.774,-10.499
-9.5536,3.5509,-9.6221
-9.0513,10.775,2.6781
-9.5541,3.5522,3.5551
-9.6396,10.682,-4.4229
-4.1907,9.2111,-3.7929
-9.6401,10.683,8.7543
-4.1911,9.2125,9.3843
2.4584,10.307,-9.6717
8.8216,9.2043,-10.87
2.4579,10.308,3.5055
8.8212,9.2056,2.3075
9.4767,3.6781,-2.0935
3.5935,9.9756,-2.8375
9.4965,9.3109,-3.3115
9.4762,3.6795,11.084
3.5931,9.9769,10.34
9.496,9.3123,9.8658
-0.72898,-13.151,-10.399
-0.72942,-13.149,2.7784
-6.4788,-12.113,-10.331
-13.088,-5.6721,-10.06
-7.0579,-7.6223,-10.23
-13.331,-0.54697,-10.401
-12.587,-12.742,-10.33
-13.017,-9.2727,-7.7158
-6.5594,-9.272,-14.111
-12.11,-3.2453,-14.229
-13.276,-9.4516,-13.117
-9.5314,-12.025,-13.576
-3.1059,-12.626,-13.824
-9.7697,-6.4563,-14.036
-11.952,-11.796,-3.6605
-6.4792,-12.112,2.8465
-13.089,-5.6708,3.1175
-7.0584,-7.621,2.9475
-13.332,-0.54565,2.7765
-12.587,-12.741,2.8475
-6.7571,-12.664,-3.5645
-12.389,-7.1288,-3.8625
-9.7079,-12.284,-7.2275
-3.2372,-12.298,-6.2665
-9.7037,-6.124,-7.2485
-13.018,-9.2714,5.4615
-6.5599,-9.2706,-0.93354
-12.11,-3.244,-1.0515
-5.4334,-9.154,-7.0985
-12.48,-2.8289,-6.5825
-13.276,-9.4502,0.060461
-9.5318,-12.023,-0.39854
-3.1063,-12.625,-0.64654
-9.7701,-6.4549,-0.85854
-11.953,-11.795,9.5167
-6.7576,-12.663,9.6127
-12.389,-7.1275,9.3147
-9.7083,-12.283,5.9497
-3.2376,-12.296,6.9107
-9.7041,-6.1227,5.9287
-6.5603,-9.2693,12.244
-12.11,-3.2427,12.126
-5.4339,-9.1527,6.0787
-12.48,-2.8276,6.5947
-13.276,-9.4489,13.238
-9.5323,-12.022,12.779
-3.1068,-12.624,12.531
-9.7706,-6.4536,12.319
5.8309,-11.862,-10.297
12.188,-5.6034,-10.058
11.945,-0.47828,-10.399
12.69,-12.674,-10.328
6.6122,-6.186,-10.306
9.4428,-12.661,-7.3043
12.259,-9.204,-7.7143
7.0803,-9.1842,-13.599
13.167,-3.1766,-14.227
12.001,-9.3829,-13.115
3.2931,-12.506,-13.593
9.36,-5.7788,-13.719
13.324,-11.728,-3.6591
6.5128,-6.2356,-3.4621
0.83332,-12.397,-3.5851
5.8304,-11.861,2.8799
12.188,-5.6021,3.1189
11.945,-0.47697,2.7779
12.689,-12.672,2.8489
6.6118,-6.1847,2.8709
6.1755,-12.999,-3.8041
12.888,-7.0601,-3.8611
2.92,-12.753,-7.0191
9.3837,-5.7081,-6.5981
9.4423,-12.66,5.8729
12.259,-9.2027,5.4629
7.0799,-9.1829,-0.4221
13.167,-3.1753,-1.0501
5.9146,-9.5053,-6.6561
12.797,-2.7602,-6.5811
12.001,-9.3816,0.061903
3.2926,-12.505,-0.4161
9.3596,-5.7774,-0.5421
9.5845,-12.762,-1.4961
13.324,-11.726,9.5181
6.5124,-6.2343,9.7151
0.83288,-12.396,9.5921
6.1751,-12.998,9.3731
12.888,-7.0588,9.3161
2.9196,-12.752,6.1581
9.3832,-5.7068,6.5791
7.0795,-9.1815,12.755
13.166,-3.174,12.127
5.9142,-9.504,6.5211
12.796,-2.7589,6.5961
12,-9.3802,13.239
3.2922,-12.504,12.761
9.3592,-5.7761,12.635
9.584,-12.761,11.681
0.55056,-5.6497,-10.716
-6.7715,0.74185,-10.299
6.1954,0.55942,-10.331
-0.41393,7.0005,-10.06
5.6163,5.0503,-10.23
-0.65718,12.126,-10.401
0.087408,-0.069905,-10.33
-5.9902,6.4178,-10.308
-3.5181,-6.0683,-8.3952
-3.1596,-0.057177,-7.3062
-0.24352,-9.4603,-8.0972
-6.8698,-3.1776,-8.5282
-0.34322,3.3999,-7.7162
0.2161,-3.0157,-13.576
-5.5221,3.4197,-13.601
6.1148,3.4006,-14.111
0.5647,9.4272,-14.229
0.20903,-3.2293,-7.4172
0.45652,-9.6993,-13.222
-6.1507,-2.9068,-13.322
5.5378,-2.8502,-13.391
-0.60131,3.221,-13.117
-3.4573,-6.3087,-12.921
-9.3093,0.097679,-13.595
3.1428,0.64781,-13.576
-3.2424,6.8251,-13.721
3.0445,-6.7648,-14.276
9.5683,0.04606,-13.824
2.9045,6.2163,-14.036
0.72196,0.87611,-3.661
-6.0896,6.3682,-3.464
-5.9241,-5.4829,-3.782
-11.769,0.20648,-3.587
0.55013,-5.6484,2.461
-6.772,0.74317,2.878
6.195,0.56074,2.846
-0.41436,7.0018,3.117
5.6158,5.0516,2.947
-0.65761,12.127,2.776
0.086974,-0.068589,2.847
-5.9906,6.4191,2.869
-1.2961,-6.458,-3.513
-6.4269,-0.39527,-3.806
5.9171,0.0084853,-3.565
0.28567,5.5437,-3.863
-3.5186,-6.067,4.782
-9.6824,-0.1492,-7.021
2.9663,0.3882,-7.228
-3.2188,6.8957,-6.6
2.8185,-6.4686,-6.998
-3.1601,-0.055861,5.871
9.437,0.37477,-6.267
2.9706,6.5485,-7.249
-0.24395,-9.459,5.08
-6.8702,-3.1763,4.649
6.3781,-2.9387,-6.744
-0.34365,3.4012,5.461
0.21567,-3.0144,-0.399
-5.5225,3.421,-0.424
6.1144,3.4019,-0.934
0.56427,9.4286,-1.052
0.2086,-3.2279,5.76
-6.6878,3.0985,-6.658
7.2408,3.5186,-7.099
0.19445,9.8436,-6.583
0.45608,-9.698,-0.045
-6.1511,-2.9055,-0.145
5.5374,-2.8489,-0.214
-0.60175,3.2223,0.06
-3.4578,-6.3074,0.256
-9.3098,0.098995,-0.418
3.1424,0.64912,-0.399
-3.2428,6.8264,-0.544
3.0441,-6.7635,-1.099
-3.0179,-0.15839,-1.498
9.5679,0.047376,-0.647
2.9041,6.2176,-0.859
0.72152,0.87742,9.5162
-6.09,6.3695,9.7132
-5.9246,-5.4816,9.3952
-11.77,0.20779,9.5902
-1.2966,-6.4567,9.6642
-6.4273,-0.39396,9.3712
5.9166,0.0098012,9.6122
0.28524,5.545,9.3142
-9.6828,-0.14788,6.1562
2.9659,0.38952,5.9492
-3.2192,6.897,6.5772
2.8181,-6.4673,6.1792
9.4366,0.37608,6.9102
2.9701,6.5498,5.9282
6.3777,-2.9374,6.4332
0.21523,-3.0131,12.778
-5.5229,3.4223,12.753
6.1139,3.4032,12.243
0.56384,9.4299,12.125
-6.6882,3.0999,6.5192
7.2403,3.5199,6.0782
0.19402,9.8449,6.5942
0.45565,-9.6967,13.132
-6.1516,-2.9042,13.032
5.5369,-2.8476,12.963
-0.60218,3.2236,13.237
-3.4582,-6.3061,13.433
-9.3102,0.10031,12.759
3.1419,0.65044,12.778
-3.2432,6.8277,12.633
3.0437,-6.7622,12.078
-3.0184,-0.15708,11.679
9.5674,0.048692,12.53
2.9037,6.2189,12.318
-12.052,6.9542,-10.718
-6.407,13.163,-10.333
-12.515,12.534,-10.332
-12.846,3.1436,-8.0991
-12.386,9.5881,-13.578
-12.393,9.3746,-7.4191
-12.146,2.9046,-13.224
-7.0646,9.7536,-13.393
-9.4596,13.252,-13.578
-9.5579,5.8391,-14.278
-3.0341,12.65,-13.826
-11.88,13.48,-3.6629
-12.052,6.9555,2.4591
-6.4074,13.165,2.8441
-12.515,12.535,2.8451
-13.899,6.1458,-3.5149
-6.6853,12.612,-3.5669
-9.6361,12.992,-7.2299
-9.7839,6.1352,-6.9999
-3.1654,12.979,-6.2689
-12.846,3.1449,5.0781
-6.2243,9.6651,-6.7459
-12.387,9.5895,-0.4009
-12.394,9.3759,5.7581
-12.146,2.9059,-0.046903
-7.065,9.7549,-0.2159
-9.46,13.253,-0.4009
-9.5583,5.8404,-1.1009
-3.0345,12.651,-0.6489
-11.881,13.481,9.5143
-13.899,6.1472,9.6623
-6.6858,12.614,9.6103
-9.6365,12.993,5.9473
-9.7843,6.1365,6.1773
-3.1658,12.98,6.9083
-6.2247,9.6664,6.4313
-12.387,9.5908,12.776
-12.147,2.9072,13.13
-7.0655,9.7562,12.961
-9.4605,13.254,12.776
-9.5587,5.8417,12.076
-3.035,12.653,12.528
13.508,0.27516,-3.5856
13.507,0.27648,9.5917
13.225,7.0228,-10.717
5.9027,13.414,-10.3
12.762,12.603,-10.331
9.1561,6.6042,-8.3957
9.5146,12.615,-7.3067
12.431,3.2123,-8.0977
5.8044,9.4949,-8.5287
12.89,9.6568,-13.577
12.883,9.4433,-7.4177
13.131,2.9732,-13.223
6.5235,9.7657,-13.323
9.2169,6.3638,-12.922
3.3649,12.77,-13.596
13.396,13.549,-3.6615
6.7501,7.1896,-3.7825
0.90513,12.879,-3.5875
13.224,7.0242,2.4605
5.9022,13.416,2.8775
12.761,12.604,2.8465
11.378,6.2145,-3.5135
6.2473,12.277,-3.8065
9.1556,6.6056,4.7815
2.9918,12.523,-7.0215
9.5142,12.617,5.8705
12.43,3.2136,5.0795
5.804,9.4962,4.6485
12.89,9.6581,-0.39946
12.883,9.4446,5.7595
13.13,2.9746,-0.045461
6.5231,9.767,-0.14546
9.2165,6.3651,0.25554
3.3644,12.772,-0.41846
9.6563,12.514,-1.4985
13.396,13.55,9.5158
6.7496,7.1909,9.3948
0.90469,12.88,9.5898
11.378,6.2158,9.6638
6.2469,12.279,9.3708
2.9914,12.525,6.1558
12.889,9.6595,12.778
13.13,2.9759,13.132
6.5227,9.7683,13.032
9.216,6.3665,13.433
3.364,12.773,12.759
9.6558,12.515,11.679
9.8149,12.267,11.863
-0.21598,13.306,-3.2904
-0.21642,13.307,9.8869
0,0,0
-6.0528,0.10889,-0.894
-0.11569,0.34851,6.2822
6.3901,0.169,-0.246
-0.29981,6.4262,0
-0.37689,-6.7013,-0.303
-0.11526,0.34719,-6.895
5.6477,6.1441,0.175
6.1066,-6.0542,-0.541
-0.43106,-6.2926,5.9612
-6.4606,0.09324,5.8762
6.4014,0.59468,-6.444
-6.4958,6.5496,-0.5429
6.401,0.59599,6.7332
-0.012021,6.7423,-6.522
-0.012454,6.7436,6.6552
-0.43063,-6.294,-7.216
-7.0265,-6.5285,0.17546
-6.4601,0.091924,-7.301
6.2261,-6.0832,5.869
-6.5893,-5.8776,6.0112
-6.3763,6.5206,5.8671
6.085,6.795,6.0108
6.2265,-6.0846,-7.3082
-6.5888,-5.8789,-7.166
6.0854,6.7936,-7.1665
-6.3759,6.5193,-7.3101
0.099702,12.453,-0.249
-12.575,-0.21968,-0.24854
12.702,-0.15099,-0.2471
0.027894,-12.824,-0.24664
-0.00043346,0.0013159,13.177
0.00043346,-0.0013159,-13.177
12.297,5.9713,-0.30346
-6.0533,0.11021,12.283
12.303,-6.1777,0.001903
0.02192,-12.246,-6.414
0.021487,-12.245,6.7632
-6.2841,-12.504,-0.24554
-12.58,0.35746,-6.4159
6.5496,-12.495,-0.8921
-6.2123,12.773,-0.2479
12.696,0.42615,-6.4145
-12.979,5.9026,-0.3049
-12.581,0.35878,6.7613
12.696,0.42747,6.7628
-12.974,-6.2463,0.000461
6.6214,12.781,-0.89446
6.3897,0.17031,12.931
-0.37732,-6.6999,12.874
0.093728,13.03,-6.4164
-0.29938,6.4249,-13.177
-0.30025,6.4275,13.177
0.093295,13.031,6.7609
6.3906,0.16768,-13.423
12.243,6.3799,5.9608
-6.2728,-12.078,-6.4435
-0.37645,-6.7026,-13.48
6.1418,-12.511,5.8781
-6.2732,-12.077,6.7337
6.1061,-6.0529,12.636
-6.0524,0.10758,-14.071
12.59,-5.8616,-6.5201
6.2136,12.766,5.8758
12.59,-5.8603,6.6571
-12.686,-5.9303,-6.5215
5.6481,6.1427,-13.002
-12.687,-5.929,6.6557
12.244,6.3786,-7.2165
-6.4963,6.5509,12.634
-13.033,6.3112,5.9593
6.1423,-12.512,-7.2991
5.6472,6.1454,13.352
-6.201,13.199,-6.4459
6.2141,12.764,-7.3015
-6.2014,13.2,6.7313
-7.0261,-6.5298,-13.002
-13.033,6.3099,-7.2179
6.107,-6.0556,-13.718
-7.027,-6.5272,13.353
-6.4954,6.5483,-13.72
12.602,-12.604,0.001903
-12.602,12.604,-0.001903
-12.674,-12.673,0.000461
12.674,12.673,-0.000461
0.099269,12.454,12.928
-12.575,-0.21836,12.929
12.702,-0.14967,12.93
0.02746,-12.822,12.931
0.10014,12.452,-13.426
-12.574,-0.22099,-13.426
12.703,-0.15231,-13.424
0.028327,-12.825,-13.424
12.487,-12.255,6.2841
6.5491,-12.494,12.285
12.297,5.9726,12.874
12.487,-12.257,-6.8931
-12.79,-12.324,6.2827
6.6209,12.783,12.283
-12.789,-12.325,-6.8945
-6.2845,-12.502,12.932
12.303,-6.179,-13.175
12.302,-6.1763,13.179
12.559,13.021,6.2818
12.298,5.97,-13.481
-6.2127,12.774,12.929
-12.718,12.952,6.2803
-12.98,5.9039,12.872
12.559,13.02,-6.8955
-6.2837,-12.505,-13.423
-12.718,12.951,-6.8969
-12.974,-6.2477,-13.177
-12.974,-6.245,13.178
-6.2118,12.772,-13.425
-12.979,5.9013,-13.482
6.55,-12.496,-14.069
6.6218,12.78,-14.072
12.603,-12.605,-13.175
-12.603,12.605,13.175
12.602,-12.603,13.179
-12.602,12.603,-13.179
-12.675,-12.671,13.178
12.675,12.671,-13.178
-12.674,-12.674,-13.177
12.674,12.674,13.177
