-3.4314,-9.1929,-9.5303
-9.4454,-2.7024,-8.1753
-8.879,-9.0388,-8.1233
-3.4314,-9.1929,2.517
-9.4454,-2.7024,3.872
-8.879,-9.0388,3.924
-9.0409,-8.9631,-2.314
-3.7581,-8.8408,-2.039
-9.0409,-8.9631,9.7333
-3.7581,-8.8408,10.008
8.7265,-9.1041,-8.9953
3.2981,-9.0624,-8.5893
9.4676,-2.702,-8.4543
8.7265,-9.1041,3.052
3.2981,-9.0624,3.458
9.4676,-2.702,3.593
8.8439,-3.3327,-2.738
8.6841,-8.2853,-2.677
8.8439,-3.3327,9.3093
8.6841,-8.2853,9.3703
2.3752,-2.6891,-8.9943
-3.3121,2.9345,-8.9953
8.6267,2.8652,-9.5303
2.6128,9.3557,-8.1753
-2.3101,-2.6,-9.3583
-8.7405,2.9762,-8.5893
3.1792,3.0193,-8.1233
-2.571,9.3366,-8.4543
2.3752,-2.6891,3.053
-3.3121,2.9345,3.052
8.6267,2.8652,2.517
2.6128,9.3557,3.872
-2.3101,-2.6,2.689
-8.7405,2.9762,3.458
3.1792,3.0193,3.924
-2.571,9.3366,3.593
2.4798,-9.2313,-2.748
-2.9614,-2.8468,-2.496
-3.1947,8.7059,-2.738
3.0172,3.095,-2.314
8.3,3.2173,-2.039
-9.0347,-2.4996,-2.761
2.6941,-2.6446,-3.001
-3.3545,3.7533,-2.677
2.4798,-9.2313,9.2993
-2.9614,-2.8468,9.5513
-3.1947,8.7059,9.3093
3.0172,3.095,9.7333
8.3,3.2173,10.008
-9.0347,-2.4996,9.2863
2.6941,-2.6446,9.0463
-3.3545,3.7533,9.3703
-9.6635,9.3495,-8.9943
-9.6635,9.3495,3.053
-9.5588,2.8074,-2.748
-9.3446,9.3941,-3.001
-9.5588,2.8074,9.2993
-9.3446,9.3941,9.0463
9.748,9.4581,-9.3583
9.748,9.4581,2.689
9.0968,9.2113,-2.496
3.0234,9.5585,-2.761
9.0968,9.2113,9.5513
3.0234,9.5585,9.2863
-9.2255,-8.5834,-9.5183
-9.2255,-8.5834,2.529
-8.0078,-8.763,-3.377
-8.4427,-3.8592,-2.591
-8.0078,-8.763,8.6703
-8.4427,-3.8592,9.4563
9.6422,-8.9875,-7.8183
9.6422,-8.9875,4.229
3.7846,-9.5164,-3.425
10.198,-2.7946,-3.044
9.6734,-9.4202,-2.667
3.7846,-9.5164,8.6223
10.198,-2.7946,9.0033
9.6734,-9.4202,9.3803
-2.7089,-8.5624,-8.3653
-8.8445,-2.9995,-9.5163
3.4111,-2.868,-7.9203
-2.3964,3.0512,-7.8183
2.3964,-9.4632,-9.7163
-3.6607,-3.2435,-9.2273
8.4952,-2.7846,-9.5833
2.8327,3.4747,-9.5183
-2.7089,-8.5624,3.682
-8.8445,-2.9995,2.531
3.4111,-2.868,4.127
-2.3964,3.0512,4.229
2.3964,-9.4632,2.331
-3.6607,-3.2435,2.82
8.4952,-2.7846,2.464
2.8327,3.4747,2.529
-8.2541,2.5222,-3.425
-2.8914,-3.3298,-3.915
-1.8406,9.244,-3.044
4.0503,3.2951,-3.377
-2.5972,-8.9414,-2.967
3.6154,8.1989,-2.591
3.9923,-3.3531,-2.835
-2.3653,2.6184,-2.667
-8.2541,2.5222,8.6223
-2.8914,-3.3298,8.1323
-1.8406,9.244,9.0033
4.0503,3.2951,8.6703
-2.5972,-8.9414,9.0803
3.6154,8.1989,9.4563
3.9923,-3.3531,9.2123
-2.3653,2.6184,9.3803
-8.6275,9.1706,-7.9203
-9.6422,2.5754,-9.7163
-3.5435,9.254,-9.5833
-8.6275,9.1706,4.127
-9.6422,2.5754,2.331
-3.5435,9.254,2.464
-8.0463,8.6855,-2.835
-8.0463,8.6855,9.2123
9.3492,3.4958,-8.3653
3.2136,9.0586,-9.5163
8.3974,8.8146,-9.2273
9.3492,3.4958,3.682
3.2136,9.0586,2.531
8.3974,8.8146,2.82
9.1668,8.7284,-3.915
9.4609,3.1168,-2.967
9.1668,8.7284,8.1323
9.4609,3.1168,9.0803
-6.0336,-12.96,-8.5623
-11.812,-6.7987,-8.7923
-12.195,-11.178,-8.6913
-6.339,-8.8125,-11.413
-12.127,-3.0475,-10.982
-5.6065,-8.7842,-6.3393
-12.283,-8.8479,-12.097
-3.1542,-12.101,-12.018
-9.171,-5.6609,-11.855
-9.0593,-11.669,-10.811
-11.651,-11.46,-2.702
-6.0336,-12.96,3.485
-11.812,-6.7987,3.255
-12.195,-11.178,3.356
-6.6671,-11.699,-2.505
-12.03,-5.3166,-2.67
-8.7941,-11.944,-5.779
-2.9004,-11.601,-5.374
-9.031,-5.7062,-5.298
-11.621,-8.8394,-5.343
-6.339,-8.8125,0.634
-12.127,-3.0475,1.065
-5.6065,-8.7842,5.708
-12.351,-2.9421,-5.931
-12.283,-8.8479,-0.05
-3.1542,-12.101,0.029
-9.171,-5.6609,0.192
-9.0593,-11.669,1.236
-11.651,-11.46,9.3453
-6.6671,-11.699,9.5423
-12.03,-5.3166,9.3773
-8.7941,-11.944,6.2683
-2.9004,-11.601,6.6733
-9.031,-5.7062,6.7493
-11.621,-8.8394,6.7043
-6.339,-8.8125,12.681
-12.127,-3.0475,13.112
-12.351,-2.9421,6.1163
-12.283,-8.8479,11.997
-3.1542,-12.101,12.076
-9.171,-5.6609,12.239
-9.0593,-11.669,13.283
5.7921,-12.973,-8.8483
12.285,-6.7792,-8.7923
11.902,-11.158,-8.6913
6.0961,-8.892,-11.455
11.97,-3.028,-10.982
6.1159,-8.909,-6.2493
11.814,-8.8284,-12.097
9.0193,-11.974,-11.763
2.8781,-12.035,-11.744
8.7046,-5.8394,-11.302
0.20732,-12.251,-2.814
12.446,-11.44,-2.702
5.7921,-12.973,3.199
12.285,-6.7792,3.255
11.902,-11.158,3.356
6.4581,-11.718,-2.757
12.067,-5.2971,-2.67
3.3207,-12.093,-5.654
9.1473,-6.1279,-6.003
9.3665,-11.503,-5.658
12.476,-8.8199,-5.343
6.0961,-8.892,0.592
11.97,-3.028,1.065
6.1159,-8.909,5.798
11.746,-2.9226,-5.931
11.814,-8.8284,-0.05
9.0193,-11.974,0.284
2.8781,-12.035,0.303
8.7046,-5.8394,0.745
0.20732,-12.251,9.2333
12.446,-11.44,9.3453
6.4581,-11.718,9.2903
12.067,-5.2971,9.3773
3.3207,-12.093,6.3933
9.1473,-6.1279,6.0443
9.3665,-11.503,6.3893
12.476,-8.8199,6.7043
6.0961,-8.892,12.639
11.97,-3.028,13.112
11.746,-2.9226,6.1163
11.814,-8.8284,11.997
9.0193,-11.974,12.331
2.8781,-12.035,12.35
8.7046,-5.8394,12.792
0.12162,-6.5945,-9.0813
-6.2466,-0.9348,-8.8483
6.0245,-0.90227,-8.5623
0.24607,5.2595,-8.7923
-0.51195,-11.242,-8.8803
-6.6645,-5.4454,-8.6583
5.5812,-5.3153,-8.7163
-0.13647,0.88035,-8.6913
-2.8263,-5.4666,-6.4363
0.33588,-3.0059,-12.197
-5.9425,3.1466,-11.455
5.7191,3.2456,-11.413
-0.068589,9.0107,-10.982
-5.9227,3.1297,-6.2493
6.4516,3.2739,-6.3393
-0.32244,-9.1485,-12.4
-6.2841,-2.8631,-12.014
5.4928,-2.8666,-12.078
-0.22486,3.2103,-12.097
2.7775,-6.4064,-11.501
-3.0193,0.065054,-11.763
8.9039,-0.042426,-12.018
2.8871,6.3972,-11.855
-3.1466,-5.9369,-11.198
-9.1606,0.0035355,-11.744
2.9988,0.38962,-10.811
-3.334,6.1992,-11.302
-5.8202,-6.0649,-2.628
-11.831,-0.21213,-2.814
0.40729,0.59821,-2.702
5.4787,-6.5591,-2.962
0.12162,-6.5945,2.966
-6.2466,-0.9348,3.199
6.0245,-0.90227,3.485
0.24607,5.2595,3.255
-0.51195,-11.242,3.167
-6.6645,-5.4454,3.389
5.5812,-5.3153,3.331
-0.13647,0.88035,3.356
-1.0225,-5.9793,-2.905
-5.5805,0.32103,-2.757
5.391,0.35921,-2.505
0.028284,6.7416,-2.67
-2.8263,-5.4666,5.611
-8.7179,-0.054447,-5.654
3.264,0.11455,-5.779
-2.8914,5.9107,-6.003
3.141,-5.3146,-5.76
-2.6722,0.53528,-5.658
9.1577,0.4575,-5.374
3.0271,6.3519,-5.298
0.12233,-9.0276,-5.988
-6.0196,-2.9861,-5.283
6.4566,-2.9295,-5.241
0.43699,3.2188,-5.343
0.33588,-3.0059,-0.15
-5.9425,3.1466,0.592
5.7191,3.2456,0.634
-0.068589,9.0107,1.065
-0.25951,-2.7966,-6.009
-5.9227,3.1297,5.798
6.4516,3.2739,5.708
-0.29274,9.116,-5.931
-0.32244,-9.1485,-0.353
-6.2841,-2.8631,0.033
5.4928,-2.8666,-0.031
-0.22486,3.2103,-0.05
2.7775,-6.4064,0.546
-3.0193,0.065054,0.284
8.9039,-0.042426,0.029
2.8871,6.3972,0.192
-3.1466,-5.9369,0.849
-9.1606,0.0035355,0.303
2.9988,0.38962,1.236
-3.334,6.1992,0.745
-5.8202,-6.0649,9.4193
-11.831,-0.21213,9.2333
0.40729,0.59821,9.3453
5.4787,-6.5591,9.0853
-1.0225,-5.9793,9.1423
-5.5805,0.32103,9.2903
5.391,0.35921,9.5423
0.028284,6.7416,9.3773
-8.7179,-0.054447,6.3933
3.264,0.11455,6.2683
-2.8914,5.9107,6.0443
3.141,-5.3146,6.2873
-2.6722,0.53528,6.3893
9.1577,0.4575,6.6733
3.0271,6.3519,6.7493
0.12233,-9.0276,6.0593
-6.0196,-2.9861,6.7643
6.4566,-2.9295,6.8063
0.43699,3.2188,6.7043
0.33588,-3.0059,11.897
-5.9425,3.1466,12.639
5.7191,3.2456,12.681
-0.068589,9.0107,13.112
-0.25951,-2.7966,6.0383
-0.29274,9.116,6.1163
-0.32244,-9.1485,11.694
-6.2841,-2.8631,12.08
5.4928,-2.8666,12.016
-0.22486,3.2103,11.997
2.7775,-6.4064,12.593
-3.0193,0.065054,12.331
8.9039,-0.042426,12.076
2.8871,6.3972,12.239
-3.1466,-5.9369,12.896
-9.1606,0.0035355,12.35
2.9988,0.38962,13.283
-3.334,6.1992,12.792
-11.917,5.4442,-9.0813
-6.0141,11.136,-8.5623
-12.551,0.79705,-8.8803
-6.4574,6.7233,-8.7163
-12.175,12.919,-8.6913
-11.703,9.0327,-12.197
-12.361,2.8901,-12.4
-6.5458,9.172,-12.078
-9.2611,5.6322,-11.501
-3.1347,11.996,-12.018
-9.0398,12.428,-10.811
-11.631,12.637,-2.702
-6.56,5.4795,-2.962
-11.917,5.4442,2.966
-6.0141,11.136,3.485
-12.551,0.79705,3.167
-6.4574,6.7233,3.331
-12.175,12.919,3.356
-13.061,6.0593,-2.905
-6.6477,12.398,-2.505
-8.7746,12.153,-5.779
-8.8977,6.724,-5.76
-2.8809,12.496,-5.374
-11.916,3.011,-5.988
-5.582,9.1091,-5.241
-11.703,9.0327,-0.15
-12.298,9.242,-6.009
-12.361,2.8901,-0.353
-6.5458,9.172,-0.031
-9.2611,5.6322,0.546
-3.1347,11.996,0.029
-9.0398,12.428,1.236
-11.631,12.637,9.3453
-6.56,5.4795,9.0853
-13.061,6.0593,9.1423
-6.6477,12.398,9.5423
-8.7746,12.153,6.2683
-8.8977,6.724,6.2873
-2.8809,12.496,6.6733
-11.916,3.011,6.0593
-5.582,9.1091,6.8063
-11.703,9.0327,11.897
-12.298,9.242,6.0383
-12.361,2.8901,11.694
-6.5458,9.172,12.016
-9.2611,5.6322,12.593
-3.1347,11.996,12.076
-9.0398,12.428,13.283
12.265,-0.19264,-2.814
12.265,-0.19264,9.2333
12.18,5.4636,-9.0813
5.8115,11.123,-8.8483
11.546,0.81654,-8.8803
5.3936,6.6127,-8.6583
11.922,12.938,-8.6913
9.2318,6.5915,-6.4363
12.394,9.0522,-12.197
11.736,2.9096,-12.4
5.7741,9.195,-12.014
9.0388,12.123,-11.763
8.9115,6.1213,-11.198
2.8976,12.062,-11.744
6.2379,5.9933,-2.628
0.22681,11.846,-2.814
12.465,12.656,-2.702
12.18,5.4636,2.966
5.8115,11.123,3.199
11.546,0.81654,3.167
5.3936,6.6127,3.389
11.922,12.938,3.356
11.036,6.0788,-2.905
6.4776,12.379,-2.757
9.2318,6.5915,5.611
3.3402,12.004,-5.654
9.386,12.593,-5.658
12.18,3.0305,-5.988
6.0385,9.072,-5.283
12.394,9.0522,-0.15
11.799,9.2615,-6.009
11.736,2.9096,-0.353
5.7741,9.195,0.033
9.0388,12.123,0.284
8.9115,6.1213,0.849
2.8976,12.062,0.303
6.2379,5.9933,9.4193
0.22681,11.846,9.2333
12.465,12.656,9.3453
11.036,6.0788,9.1423
6.4776,12.379,9.2903
3.3402,12.004,6.3933
9.386,12.593,6.3893
12.18,3.0305,6.0593
6.0385,9.072,6.7643
12.394,9.0522,11.897
11.799,9.2615,6.0383
11.736,2.9096,11.694
5.7741,9.195,12.08
9.0388,12.123,12.331
8.9115,6.1213,12.896
2.8976,12.062,12.35
-0.49246,12.855,-8.8803
-0.49246,12.855,3.167
0,0,0
5.671,0.12162,0.294
-5.9008,0.10112,0.174
0.17819,0.065054,-5.984
-0.27506,5.9871,0.478
0.17819,0.065054,6.0633
-0.086974,-6.079,-0.187
5.6639,-5.8888,0.411
0.025456,5.9793,-5.648
0.19658,-5.9694,5.738
-5.9383,0.098995,6.004
5.8018,6.1483,0.312
-5.9383,0.098995,-6.0433
-6.2563,-5.9098,0.312
6.1964,0.074246,-5.994
6.1964,0.074246,6.0533
0.19658,-5.9694,-6.3093
0.025456,5.9793,6.3993
-6.3747,6.1498,0.411
-5.6957,5.9545,-5.723
-6.0055,-5.956,-5.939
-5.6957,5.9545,6.3243
-6.0055,-5.956,6.1083
6.0527,6.1022,-5.939
6.3429,-6.0841,-5.723
6.0527,6.1022,6.1083
6.3429,-6.0841,6.3243
11.795,-0.034648,0.359
-0.24338,12.004,0.359
0,0,-12.047
0,0,12.047
-0.26287,-12.093,0.359
-12.302,-0.054137,0.359
-0.27506,5.9871,-11.569
5.671,0.12162,-11.753
11.764,-6.0516,0.478
-5.9008,0.10112,-11.873
11.951,-0.0091924,-5.785
-0.086974,-6.079,11.86
-0.087821,12.029,-5.785
11.971,5.9791,-0.187
-0.10731,-12.067,-5.785
6.1378,-11.938,0.174
-12.146,-0.028681,-5.785
11.951,-0.0091924,6.2623
-12.126,5.9596,-0.187
-6.3871,-11.936,0.294
-0.087821,12.029,6.2623
-5.9008,0.10112,12.221
5.671,0.12162,12.341
-0.10731,-12.067,6.2623
6.1573,12.159,0.174
-0.086974,-6.079,-12.234
-12.146,-0.028681,6.2623
-6.3676,12.16,0.294
-12.333,-6.071,0.478
-0.27506,5.9871,12.525
5.6639,-5.8888,-11.636
5.8018,6.1483,-11.735
-11.842,6.0692,5.738
-6.2563,-5.9098,-11.735
-12.033,-6.0788,-5.648
-6.3747,6.1498,-11.636
-5.8617,-11.984,-5.994
12.064,-6.0593,-5.648
-5.8617,-11.984,6.0533
6.1003,-11.94,6.004
6.1003,-11.94,-6.0433
-5.8423,12.113,-5.994
-11.842,6.0692,-6.3093
-5.8423,12.113,6.0533
12.255,6.0887,5.738
6.1198,12.157,6.004
6.1198,12.157,-6.0433
5.6639,-5.8888,12.458
-12.033,-6.0788,6.3993
12.064,-6.0593,6.3993
5.8018,6.1483,12.359
-6.2563,-5.9098,12.359
12.255,6.0887,-6.3093
-6.3747,6.1498,12.458
11.795,-0.034648,-11.688
-0.24338,12.004,-11.688
-0.26287,-12.093,-11.688
-12.302,-0.054137,-11.688
12.039,-12.039,0
-12.039,12.039,0
-12.058,-12.058,0
12.058,12.058,0
11.795,-0.034648,12.406
-0.24338,12.004,12.406
-0.26287,-12.093,12.406
-12.302,-0.054137,12.406
11.764,-6.0516,-11.569
11.971,5.9791,11.86
-11.88,-11.993,-5.984
6.1378,-11.938,-11.873
-6.3871,-11.936,-11.753
-11.88,-11.993,6.0633
-12.333,-6.071,-11.569
-11.86,12.104,-5.984
-12.126,5.9596,11.86
-11.86,12.104,6.0633
-6.3676,12.16,-11.753
6.1573,12.159,-11.873
12.217,-11.974,-5.984
11.971,5.9791,-12.234
12.217,-11.974,6.0633
6.1378,-11.938,12.221
11.764,-6.0516,12.525
-12.126,5.9596,-12.234
12.236,12.123,-5.984
12.236,12.123,6.0633
6.1573,12.159,12.221
-6.3871,-11.936,12.341
-6.3676,12.16,12.341
-12.333,-6.071,12.525
12.039,-12.039,-12.047
12.039,-12.039,12.047
-12.039,12.039,-12.047
-12.039,12.039,12.047
-12.058,-12.058,-12.047
-12.058,-12.058,12.047
12.058,12.058,-12.047
12.058,12.058,12.047
