-3.7553,-9.3669,-3.6013
-9.7742,-3.3466,-3.6003
-8.8125,-8.6569,-3.3353
-9.9128,-9.0671,-9.0383
-3.7553,-9.3669,8.446
-9.7742,-3.3466,8.447
-8.8125,-8.6569,8.712
-9.9128,-9.0671,3.009
8.2924,-9.3573,-3.6003
8.5215,-8.694,-8.9663
8.2924,-9.3573,8.447
8.5215,-8.694,3.081
2.2741,-3.3375,-3.6003
-3.7463,2.6813,-3.6003
8.3028,2.6912,-3.6013
2.284,8.7116,-3.6003
-2.7846,-2.6276,-3.3353
3.235,-8.6472,-3.3353
3.2456,3.4012,-3.3353
9.2645,-2.6177,-3.3353
2.134,-9.0566,-9.0383
-3.8841,-3.037,-9.0383
8.1621,-3.0257,-9.0383
2.1454,2.9911,-9.0383
-3.527,-8.7045,-8.9673
-9.5466,-2.6849,-8.9663
2.5025,-2.675,-8.9663
-3.5171,3.3446,-8.9663
2.2741,-3.3375,8.447
-3.7463,2.6813,8.447
8.3028,2.6912,8.446
2.284,8.7116,8.447
-2.7846,-2.6276,8.712
3.235,-8.6472,8.712
3.2456,3.4012,8.712
9.2645,-2.6177,8.712
2.134,-9.0566,3.009
-3.8841,-3.037,3.009
8.1621,-3.0257,3.009
2.1454,2.9911,3.009
-3.527,-8.7045,3.08
-9.5466,-2.6849,3.081
2.5025,-2.675,3.081
-3.5171,3.3446,3.081
-9.7646,8.7011,-3.6003
-8.8036,3.3914,-3.3353
-2.7741,9.4209,-3.3353
-9.9046,2.982,-9.0383
-3.8765,9.0129,-9.0383
-9.5362,9.3636,-8.9663
-9.7646,8.7011,8.447
-8.8036,3.3914,8.712
-2.7741,9.4209,8.712
-9.9046,2.982,3.009
-3.8765,9.0129,3.009
-9.5362,9.3636,3.081
9.2735,9.4305,-3.3353
8.174,9.0211,-9.0383
8.5311,3.3536,-8.9673
2.5115,9.3732,-8.9663
9.2735,9.4305,8.712
8.174,9.0211,3.009
8.5311,3.3536,3.08
2.5115,9.3732,3.081
-10.049,-9.2085,-2.6983
-8.6025,-8.3522,-9.0103
-10.049,-9.2085,9.349
-8.6025,-8.3522,3.037
9.0462,-8.5286,-2.6103
9.8303,-9.416,-8.9353
9.0462,-8.5286,9.437
9.8303,-9.416,3.112
-3.0017,-8.5383,-2.6093
-9.0206,-2.518,-2.6093
3.0271,-2.5081,-2.6093
-2.9925,3.5101,-2.6103
1.9997,-9.1995,-2.6983
-4.0199,-3.1799,-2.6983
8.0285,-3.1707,-2.6983
2.0096,2.8496,-2.6983
3.4457,-8.3417,-9.0103
-2.5717,-2.3243,-9.0113
9.4745,-2.3115,-9.0113
3.4556,3.7059,-9.0103
-2.2175,-9.4257,-8.9353
-8.2371,-3.4061,-8.9353
3.8113,-3.3969,-8.9353
-2.2083,2.6227,-8.9353
-3.0017,-8.5383,9.438
-9.0206,-2.518,9.438
3.0271,-2.5081,9.438
-2.9925,3.5101,9.437
1.9997,-9.1995,9.349
-4.0199,-3.1799,9.349
8.0285,-3.1707,9.349
2.0096,2.8496,9.349
3.4457,-8.3417,3.037
-2.5717,-2.3243,3.036
9.4745,-2.3115,3.036
3.4556,3.7059,3.037
-2.2175,-9.4257,3.112
-8.2371,-3.4061,3.112
3.8113,-3.3969,3.112
-2.2083,2.6227,3.112
-9.0115,9.5305,-2.6093
-10.039,2.8392,-2.6983
-4.0101,8.868,-2.6983
-8.5929,3.6969,-9.0103
-2.5641,9.7271,-9.0113
-8.2273,8.6417,-8.9353
-9.0115,9.5305,9.438
-10.039,2.8392,9.349
-4.0101,8.868,9.349
-8.5929,3.6969,3.037
-2.5641,9.7271,3.036
-8.2273,8.6417,3.112
9.0565,3.5198,-2.6093
3.0376,9.5401,-2.6093
8.0382,8.8783,-2.6983
9.4864,9.7339,-9.0113
9.8406,2.6324,-8.9353
3.821,8.652,-8.9353
9.0565,3.5198,9.438
3.0376,9.5401,9.438
8.0382,8.8783,9.349
9.4864,9.7339,3.036
9.8406,2.6324,3.112
3.821,8.652,3.112
-9.1074,-11.451,-12.466
-5.5358,-8.9172,-12.396
-11.555,-2.8983,-12.396
-11.985,-12.044,-9.1253
-5.982,-12.466,-2.8153
-12.002,-6.4465,-2.8163
-12.871,-11.277,-3.0623
-7.1755,-11.68,-8.9233
-13.196,-5.6595,-8.9233
-9.1074,-11.451,-0.41833
-3.075,-12.477,-11.766
-9.0939,-6.4578,-11.766
-12.67,-8.9157,-11.845
-6.4267,-8.8592,-6.1793
-12.446,-2.8403,-6.1783
-5.5358,-8.9172,-0.34833
-11.555,-2.8983,-0.34833
-12.394,-8.891,-6.2073
-3.3805,-11.938,-6.7223
-9.4001,-5.9183,-6.7223
-9.3676,-11.92,-5.0153
-11.985,-12.044,2.922
-5.982,-12.466,9.232
-12.002,-6.4465,9.231
-12.871,-11.277,8.985
-7.1755,-11.68,3.124
-13.196,-5.6595,3.124
-9.1074,-11.451,11.629
-3.075,-12.477,0.281
-9.0939,-6.4578,0.281
-12.67,-8.9157,0.202
-6.4267,-8.8592,5.868
-12.446,-2.8403,5.869
-5.5358,-8.9172,11.699
-11.555,-2.8983,11.699
-12.394,-8.891,5.84
-3.3805,-11.938,5.325
-9.4001,-5.9183,5.325
-9.3676,-11.92,7.032
-3.075,-12.477,12.328
-9.0939,-6.4578,12.328
-12.67,-8.9157,12.249
2.941,-11.442,-12.466
8.9698,-5.4116,-12.466
6.5133,-8.9076,-12.396
12.542,-2.8788,-12.396
0.063779,-12.034,-9.1253
12.112,-12.024,-9.1253
6.0926,-6.0049,-9.1253
6.0657,-12.457,-2.8153
12.095,-6.427,-2.8163
11.225,-11.258,-3.0623
4.8728,-11.67,-8.9233
10.901,-5.64,-8.9233
2.941,-11.442,-0.41833
8.9698,-5.4116,-0.41833
8.974,-12.467,-11.766
11.426,-8.8962,-11.845
5.6216,-8.8489,-6.1793
11.651,-2.8208,-6.1783
6.5133,-8.9076,-0.34833
12.542,-2.8788,-0.34833
11.703,-8.8715,-6.2073
8.6679,-11.928,-6.7223
2.6808,-11.91,-5.0143
8.7103,-5.8819,-5.0143
0.063779,-12.034,2.922
12.112,-12.024,2.922
6.0926,-6.0049,2.922
6.0657,-12.457,9.232
12.095,-6.427,9.231
11.225,-11.258,8.985
4.8728,-11.67,3.124
10.901,-5.64,3.124
2.941,-11.442,11.629
8.9698,-5.4116,11.629
8.974,-12.467,0.281
11.426,-8.8962,0.202
5.6216,-8.8489,5.868
11.651,-2.8208,5.869
6.5133,-8.9076,11.699
12.542,-2.8788,11.699
11.703,-8.8715,5.84
8.6679,-11.928,5.325
2.6808,-11.91,7.033
8.7103,-5.8819,7.033
8.974,-12.467,12.328
11.426,-8.8962,12.249
-3.0787,-5.4221,-12.466
-9.0976,0.5968,-12.466
2.9508,0.6074,-12.466
-3.0688,6.627,-12.466
0.49356,-2.8878,-12.396
-5.5253,3.1311,-12.396
6.5224,3.141,-12.396
0.50346,9.1599,-12.396
-5.9553,-6.0147,-9.1253
-11.975,0.0049497,-9.1253
0.073539,0.014142,-9.1253
-5.9461,6.0337,-9.1253
0.047376,-6.4368,-2.8163
-5.9729,-0.4179,-2.8153
6.0762,-0.408,-2.8153
0.056569,5.6116,-2.8163
-0.82307,-11.268,-3.0623
-6.8427,-5.2489,-3.0623
5.2057,-5.2397,-3.0623
-0.81317,0.78065,-3.0623
-1.1462,-5.6505,-8.9233
-7.1658,0.36911,-8.9233
4.8826,0.3783,-8.9233
-1.1377,6.3986,-8.9233
-3.0787,-5.4221,-0.41833
-9.0976,0.5968,-0.41833
2.9508,0.6074,-0.41833
-3.0688,6.627,-0.41833
2.955,-6.4481,-11.766
-3.0646,-0.42851,-11.766
8.9831,-0.41861,-11.766
2.9642,5.6003,-11.766
-0.62155,-8.906,-11.845
-6.6404,-2.8871,-11.845
5.4072,-2.8772,-11.845
-0.61235,3.1424,-11.845
-0.39739,-2.8298,-6.1783
-6.417,3.1898,-6.1793
5.6314,3.199,-6.1793
-0.38749,9.2178,-6.1783
0.49356,-2.8878,-0.34833
-5.5253,3.1311,-0.34833
6.5224,3.141,-0.34833
0.50346,9.1599,-0.34833
-0.34507,-8.8813,-6.2063
-6.3647,-2.8617,-6.2063
5.6837,-2.8525,-6.2063
-0.33588,3.1671,-6.2073
2.6488,-5.9086,-6.7223
-3.3708,0.11102,-6.7223
8.6776,0.12021,-6.7223
2.658,6.1398,-6.7223
-3.339,-5.8916,-5.0153
-9.3579,0.12869,-5.0143
2.6905,0.13789,-5.0153
-3.3284,6.1568,-5.0143
-5.9553,-6.0147,2.922
-11.975,0.0049497,2.922
0.073539,0.014142,2.922
-5.9461,6.0337,2.922
0.047376,-6.4368,9.231
-5.9729,-0.4179,9.232
6.0762,-0.408,9.232
0.056569,5.6116,9.231
-0.82307,-11.268,8.985
-6.8427,-5.2489,8.985
5.2057,-5.2397,8.985
-0.81317,0.78065,8.985
-1.1462,-5.6505,3.124
-7.1658,0.36911,3.124
4.8826,0.3783,3.124
-1.1377,6.3986,3.124
-3.0787,-5.4221,11.629
-9.0976,0.5968,11.629
2.9508,0.6074,11.629
-3.0688,6.627,11.629
2.955,-6.4481,0.281
-3.0646,-0.42851,0.281
8.9831,-0.41861,0.281
2.9642,5.6003,0.281
-0.62155,-8.906,0.202
-6.6404,-2.8871,0.202
5.4072,-2.8772,0.202
-0.61235,3.1424,0.202
-0.39739,-2.8298,5.869
-6.417,3.1898,5.868
5.6314,3.199,5.868
-0.38749,9.2178,5.869
0.49356,-2.8878,11.699
-5.5253,3.1311,11.699
6.5224,3.141,11.699
0.50346,9.1599,11.699
-0.34507,-8.8813,5.841
-6.3647,-2.8617,5.841
5.6837,-2.8525,5.841
-0.33588,3.1671,5.84
2.6488,-5.9086,5.325
-3.3708,0.11102,5.325
8.6776,0.12021,5.325
2.658,6.1398,5.325
-3.339,-5.8916,7.032
-9.3579,0.12869,7.033
2.6905,0.13789,7.032
-3.3284,6.1568,7.033
2.955,-6.4481,12.328
-3.0646,-0.42851,12.328
8.9831,-0.41861,12.328
2.9642,5.6003,12.328
-0.62155,-8.906,12.249
-6.6404,-2.8871,12.249
5.4072,-2.8772,12.249
-0.61235,3.1424,12.249
-9.0879,12.646,-12.466
-11.545,9.1508,-12.396
-11.965,12.053,-9.1253
-11.991,5.6018,-2.8163
-5.9625,11.631,-2.8153
-12.862,0.77018,-3.0623
-6.8329,6.799,-3.0623
-12.852,12.819,-3.0623
-13.185,6.3881,-8.9233
-7.1561,12.417,-8.9233
-9.0879,12.646,-0.41833
-9.0836,5.5905,-11.766
-3.0555,11.62,-11.766
-12.66,3.1326,-11.845
-6.6314,9.1614,-11.845
-12.436,9.2088,-6.1783
-11.545,9.1508,-0.34833
-12.384,3.1574,-6.2063
-6.3549,9.1862,-6.2063
-9.3898,6.13,-6.7223
-3.361,12.159,-6.7223
-9.3481,12.177,-5.0153
-11.965,12.053,2.922
-11.991,5.6018,9.231
-5.9625,11.631,9.232
-12.862,0.77018,8.985
-6.8329,6.799,8.985
-12.852,12.819,8.985
-13.185,6.3881,3.124
-7.1561,12.417,3.124
-9.0879,12.646,11.629
-9.0836,5.5905,0.281
-3.0555,11.62,0.281
-12.66,3.1326,0.202
-6.6314,9.1614,0.202
-12.436,9.2088,5.869
-11.545,9.1508,11.699
-12.384,3.1574,5.841
-6.3549,9.1862,5.841
-9.3898,6.13,5.325
-3.361,12.159,5.325
-9.3481,12.177,7.032
-9.0836,5.5905,12.328
-3.0555,11.62,12.328
-12.66,3.1326,12.249
-6.6314,9.1614,12.249
12.122,0.024438,-9.1253
12.122,0.024438,2.922
8.9794,6.636,-12.466
2.9605,12.655,-12.466
12.552,9.1703,-12.396
6.1029,6.0435,-9.1253
0.083267,12.063,-9.1253
12.132,12.072,-9.1253
12.105,5.6213,-2.8163
6.0852,11.64,-2.8153
11.235,0.78967,-3.0623
5.2154,6.8093,-3.0623
11.245,12.839,-3.0623
10.912,6.4076,-8.9233
4.8923,12.427,-8.9233
8.9794,6.636,-0.41833
2.9605,12.655,-0.41833
8.9935,11.63,-11.766
11.437,3.1521,-11.845
5.4177,9.171,-11.845
11.661,9.2283,-6.1783
12.552,9.1703,-0.34833
11.713,3.1769,-6.2063
5.6935,9.1965,-6.2063
8.6873,12.169,-6.7223
8.7192,6.1665,-5.0153
2.7003,12.187,-5.0143
6.1029,6.0435,2.922
0.083267,12.063,2.922
12.132,12.072,2.922
12.105,5.6213,9.231
6.0852,11.64,9.232
11.235,0.78967,8.985
5.2154,6.8093,8.985
11.245,12.839,8.985
10.912,6.4076,3.124
4.8923,12.427,3.124
8.9794,6.636,11.629
2.9605,12.655,11.629
8.9935,11.63,0.281
11.437,3.1521,0.202
5.4177,9.171,0.202
11.661,9.2283,5.869
12.552,9.1703,11.699
11.713,3.1769,5.841
5.6935,9.1965,5.841
8.6873,12.169,5.325
8.7192,6.1665,7.032
2.7003,12.187,7.033
8.9935,11.63,12.328
11.437,3.1521,12.249
5.4177,9.171,12.249
-0.80358,12.828,-3.0623
-0.80358,12.828,8.985
0,0,0
-0.098995,0.14425,-5.8543
-0.072832,-5.9475,0.019
5.9567,0.082024,0.019
-6.0924,0.072125,0.02
-0.062933,6.1016,0.02
-0.098995,0.14425,6.193
5.7792,0.22981,5.834
-0.24961,-5.799,5.834
5.7792,0.22981,-6.2133
-0.24961,-5.799,-6.2133
6.019,-6.019,0
-6.0196,6.0196,0
-6.0288,-6.0288,0
6.0293,6.0293,0
-0.23971,6.2487,5.834
-6.2685,0.21991,5.834
-0.23971,6.2487,-6.2133
-6.2685,0.21991,-6.2133
5.9199,-5.8746,-5.8543
-6.1278,-5.8845,-5.8553
5.9303,6.1736,-5.8553
5.9199,-5.8746,6.193
-6.1187,6.164,-5.8543
-6.1278,-5.8845,6.192
5.9303,6.1736,6.192
-6.1187,6.164,6.193
0,0,-12.047
0,0,12.047
-0.0097602,-12.048,0
12.048,0.010296,0
-12.048,-0.0091924,0
0.0097284,12.049,0
-0.10889,-11.903,-5.8553
11.949,0.15469,-5.8553
5.9462,-11.967,0.02
11.976,-5.937,0.02
-0.10889,-11.903,6.192
-0.072832,-5.9475,-12.028
5.9567,0.082024,-12.028
-6.1015,-11.976,0.019
-0.072832,-5.9475,12.066
11.985,6.1106,0.019
5.9567,0.082024,12.066
11.949,0.15469,6.192
-6.0924,0.072125,-12.027
-12.148,0.1352,-5.8553
-0.062933,6.1016,-12.027
-12.121,-5.9565,0.02
5.9657,12.13,0.02
-6.0924,0.072125,12.067
-0.062933,6.1016,12.067
-0.089406,12.193,-5.8553
-12.111,6.0912,0.019
-6.082,12.121,0.019
-12.148,0.1352,6.192
-0.089406,12.193,6.192
11.799,-5.7899,5.834
5.7701,-11.819,5.834
11.799,-5.7899,-6.2133
5.7701,-11.819,-6.2133
11.809,6.2591,5.834
-6.2789,-11.828,5.834
11.809,6.2591,-6.2133
6.019,-6.019,-12.047
6.019,-6.019,12.047
-6.0196,6.0196,-12.047
-6.0196,6.0196,12.047
-6.0288,-6.0288,-12.047
-6.0288,-6.0288,12.047
6.0293,6.0293,-12.047
6.0293,6.0293,12.047
-6.2789,-11.828,-6.2133
5.7896,12.278,5.834
-12.298,-5.8094,5.834
5.7896,12.278,-6.2133
-12.298,-5.8094,-6.2133
-6.2594,12.268,5.834
-12.288,6.2396,5.834
-6.2594,12.268,-6.2133
-12.288,6.2396,-6.2133
12.039,-12.039,0
-12.039,12.039,0
-0.0097602,-12.048,-12.047
-0.0097602,-12.048,12.047
12.048,0.010296,-12.047
12.048,0.010296,12.047
-12.048,-0.0091924,-12.047
-12.048,-0.0091924,12.047
0.0097284,12.049,-12.047
0.0097284,12.049,12.047
-12.058,-12.058,0
12.058,12.058,0
11.94,-11.894,-5.8543
11.94,-11.894,6.193
5.9462,-11.967,-12.027
11.976,-5.937,-12.027
-12.157,-11.914,-5.8543
5.9462,-11.967,12.067
11.976,-5.937,12.067
-6.1015,-11.976,-12.028
11.985,6.1106,-12.028
11.959,12.202,-5.8543
-6.1015,-11.976,12.066
11.985,6.1106,12.066
-12.121,-5.9565,-12.027
5.9657,12.13,-12.027
-12.121,-5.9565,12.067
-12.157,-11.914,6.193
5.9657,12.13,12.067
-12.111,6.0912,-12.028
-6.082,12.121,-12.028
-12.111,6.0912,12.066
-6.082,12.121,12.066
-12.138,12.183,-5.8543
11.959,12.202,6.193
-12.138,12.183,6.193
12.039,-12.039,-12.047
12.039,-12.039,12.047
-12.039,12.039,-12.047
-12.039,12.039,12.047
-12.058,-12.058,-12.047
-12.058,-12.058,12.047
12.058,12.058,-12.047
12.058,12.058,12.047
