-3.9794,-8.3083,-9.1293
-9.6716,-3.5495,-8.9183
-8.7757,-8.483,-8.7763
-3.9794,-8.3083,2.918
-9.6716,-3.5495,3.129
-8.7757,-8.483,3.271
-9.7197,-8.4201,-2.834
-9.7197,-8.4201,9.2133
8.4748,-8.9641,-9.5393
3.4056,-8.5957,-9.0923
8.4748,-8.9641,2.508
3.4056,-8.5957,2.955
8.2782,-9.0462,-3.115
8.2782,-9.0462,8.9323
2.5512,-2.3122,-9.5583
-3.5638,3.0745,-9.5393
8.0787,3.7498,-9.1293
2.3865,8.5086,-8.9183
-2.6262,-2.6036,-9.0153
-8.6331,3.4429,-9.0923
3.2824,3.5751,-8.7763
9.5332,-2.2783,-8.9193
2.5512,-2.3122,2.489
-3.5638,3.0745,2.508
8.0787,3.7498,2.918
2.3865,8.5086,3.129
-2.6262,-2.6036,3.032
-8.6331,3.4429,2.955
3.2824,3.5751,3.271
9.5332,-2.2783,3.128
2.2507,-8.7816,-2.836
-3.5221,-2.9126,-2.728
8.1119,-3.3319,-2.891
2.3384,3.6381,-2.834
-3.2753,-8.4683,-2.606
-9.4073,-2.5569,-2.189
2.5293,-2.6722,-3.187
-3.7604,2.9925,-3.115
2.2507,-8.7816,9.2113
-3.5221,-2.9126,9.3193
8.1119,-3.3319,9.1563
2.3384,3.6381,9.2133
-3.2753,-8.4683,9.4413
-9.4073,-2.5569,9.8583
2.5293,-2.6722,8.8603
-3.7604,2.9925,8.9323
-9.4874,9.7264,-9.5583
-2.5054,9.7603,-8.9193
-9.4874,9.7264,2.489
-2.5054,9.7603,3.128
-9.7879,3.2571,-2.836
-3.9267,8.7067,-2.891
-9.5093,9.3665,-3.187
-9.7879,3.2571,9.2113
-3.9267,8.7067,9.1563
-9.5093,9.3665,8.8603
9.4319,9.4546,-9.0153
9.4319,9.4546,3.032
8.536,9.1455,-2.728
8.7828,3.5898,-2.606
2.6508,9.5012,-2.189
8.536,9.1455,9.3193
8.7828,3.5898,9.4413
2.6508,9.5012,9.8583
-9.8852,-9.4241,-9.1173
-9.8852,-9.4241,2.93
-8.3295,-8.7764,-3.283
-8.3295,-8.7764,8.7643
9.0115,-8.9889,-8.1463
8.6396,-3.4777,-9.0913
9.0115,-8.9889,3.901
8.6396,-3.4777,2.956
3.6304,-8.8729,-3.418
9.4379,-2.6468,-2.779
9.2265,-10.129,-2.732
3.6304,-8.8729,8.6293
9.4379,-2.6468,9.2683
9.2265,-10.129,9.3153
-2.972,-8.6288,-8.0713
-8.9449,-2.2528,-8.7463
3.4563,-2.3221,-8.3733
-3.0271,3.0498,-8.1463
2.0916,-9.2772,-8.8613
-3.7943,-3.5327,-8.9563
-3.3991,8.5609,-9.0913
2.1729,2.634,-9.1173
-2.972,-8.6288,3.976
-8.9449,-2.2528,3.301
3.4563,-2.3221,3.674
-3.0271,3.0498,3.901
2.0916,-9.2772,3.186
-3.7943,-3.5327,3.091
-3.3991,8.5609,2.956
2.1729,2.634,2.93
-8.4082,3.1657,-3.418
-2.2705,-2.979,-3.546
-2.6007,9.3918,-2.779
3.7286,3.2817,-3.283
-2.1531,-9.4194,-2.853
-8.2668,-3.4768,-2.445
3.7646,-3.5072,-3.25
-2.8122,1.9099,-2.732
-8.4082,3.1657,8.6293
-2.2705,-2.979,8.5013
-2.6007,9.3918,9.2683
3.7286,3.2817,8.7643
-2.1531,-9.4194,9.1943
-8.2668,-3.4768,9.6023
3.7646,-3.5072,8.7973
-2.8122,1.9099,9.3153
-8.5823,9.7165,-8.3733
-9.947,2.7614,-8.8613
-8.5823,9.7165,3.674
-9.947,2.7614,3.186
-8.274,8.5314,-3.25
-8.274,8.5314,8.7973
9.0862,3.4293,-8.0713
3.1132,9.8053,-8.7463
8.2638,8.5254,-8.9563
9.0862,3.4293,3.976
3.1132,9.8053,3.301
8.2638,8.5254,3.091
9.7876,9.0791,-3.546
9.905,2.6388,-2.853
3.7913,8.5813,-2.445
9.7876,9.0791,8.5013
9.905,2.6388,9.1943
3.7913,8.5813,9.6023
-6.1248,-12.169,-9.0483
-12.219,-6.5985,-8.9883
-12.737,-11.261,-8.8013
-9.1272,-11.315,-6.4923
-6.4465,-8.9511,-11.898
-12.449,-2.9159,-11.77
-12.499,-8.8146,-12.662
-3.2879,-11.922,-12.645
-9.0741,-5.8328,-12.164
-9.2424,-11.335,-11.736
-6.2669,-6.1015,-2.95
-12.213,-12.516,-2.866
-6.1248,-12.169,2.999
-12.219,-6.5985,3.059
-12.737,-11.261,3.246
-6.9776,-11.732,-3.061
-12.932,-5.5174,-2.974
-9.1272,-11.315,5.555
-3.051,-12.221,-5.237
-9.1392,-6.1495,-5.6
-12.666,-8.8266,-5.379
-6.4465,-8.9511,0.149
-12.449,-2.9159,0.277
-5.6355,-9.0437,-5.925
-11.898,-2.7887,-6.204
-12.499,-8.8146,-0.615
-3.2879,-11.922,-0.598
-9.0741,-5.8328,-0.117
-9.2424,-11.335,0.311
-6.2669,-6.1015,9.0973
-12.213,-12.516,9.1813
-6.9776,-11.732,8.9863
-12.932,-5.5174,9.0733
-3.051,-12.221,6.8103
-9.1392,-6.1495,6.4473
-12.666,-8.8266,6.6683
-6.4465,-8.9511,12.196
-12.449,-2.9159,12.324
-5.6355,-9.0437,6.1223
-11.898,-2.7887,5.8433
-12.499,-8.8146,11.432
-3.2879,-11.922,11.449
-9.0741,-5.8328,11.93
-9.2424,-11.335,12.358
6.0289,-12.861,-8.8793
11.878,-6.5791,-8.9883
11.36,-11.241,-8.8013
2.9212,-11.436,-6.2543
8.9118,-5.6535,-6.4753
5.5714,-8.7364,-12.263
11.648,-2.8964,-11.77
6.2015,-9.02,-6.7133
11.598,-8.7951,-12.662
8.8411,-11.961,-11.998
2.772,-11.919,-11.17
8.9486,-5.7553,-11.898
0.032666,-12.249,-2.845
11.884,-12.496,-2.866
5.9964,-6.3698,-3.359
6.0289,-12.861,3.168
11.878,-6.5791,3.059
11.36,-11.241,3.246
5.1337,-11.831,-2.878
11.165,-5.4979,-2.974
2.9212,-11.436,5.793
8.9118,-5.6535,5.572
8.8849,-12.088,-5.355
11.431,-8.8072,-5.379
5.5714,-8.7364,-0.216
11.648,-2.8964,0.277
6.2015,-9.02,5.334
12.199,-2.7692,-6.204
11.598,-8.7951,-0.615
8.8411,-11.961,0.049
2.772,-11.919,0.877
8.9486,-5.7553,0.149
0.032666,-12.249,9.2023
11.884,-12.496,9.1813
5.9964,-6.3698,8.6883
5.1337,-11.831,9.1693
11.165,-5.4979,9.0733
8.8849,-12.088,6.6923
11.431,-8.8072,6.6683
5.5714,-8.7364,11.831
11.648,-2.8964,12.324
12.199,-2.7692,5.8433
11.598,-8.7951,11.432
8.8411,-11.961,12.096
2.772,-11.919,12.924
8.9486,-5.7553,12.196
-0.34507,-6.8363,-8.8753
-6.0097,-0.82237,-8.8793
5.9333,-0.11102,-9.0483
-0.16051,5.4596,-8.9883
-0.82449,-11.184,-8.5653
-6.4835,-5.2474,-8.9213
5.0876,-5.222,-9.3283
-0.67882,0.79762,-8.8013
-3.1212,-5.3372,-6.2443
-9.1174,0.60245,-6.2543
2.931,0.74317,-6.4923
-3.1268,6.3852,-6.4753
-0.038891,-2.8744,-11.997
-6.4672,3.3022,-12.263
5.6116,3.107,-11.898
-0.39103,9.1422,-11.77
0.5176,-2.8779,-6.3843
-5.8372,3.0186,-6.7133
-0.23264,-8.9244,-12.274
-6.248,-2.8652,-12.129
5.5678,-2.7011,-12.474
-0.44053,3.2435,-12.662
2.9741,-5.6399,-12.665
-3.1975,0.077782,-11.998
8.7702,0.13647,-12.645
2.984,6.2254,-12.164
-3.0038,-5.5649,-11.697
-9.2666,0.1195,-11.17
2.8157,0.72266,-11.736
-3.0901,6.2834,-11.898
5.7912,5.9567,-2.95
-12.006,-0.21001,-2.845
-0.15486,-0.4575,-2.866
-6.0422,5.6689,-3.359
-0.34507,-6.8363,3.172
-6.0097,-0.82237,3.168
5.9333,-0.11102,2.999
-0.16051,5.4596,3.059
-0.82449,-11.184,3.482
-6.4835,-5.2474,3.126
5.0876,-5.222,2.719
-0.67882,0.79762,3.246
-0.48861,-5.7792,-3.072
-6.9049,0.20718,-2.878
5.0806,0.32598,-3.061
-0.87398,6.5407,-2.974
-3.1212,-5.3372,5.803
-9.1174,0.60245,5.793
2.931,0.74317,5.555
-3.1268,6.3852,5.572
2.8652,-6.4248,-5.788
-3.1537,-0.049497,-5.355
9.0071,-0.16263,-5.237
2.9189,5.9086,-5.6
-0.43699,-8.9081,-5.618
-6.6518,-3.0441,-5.457
5.7459,-2.9868,-5.82
-0.60811,3.2315,-5.379
-0.038891,-2.8744,0.05
-6.4672,3.3022,-0.216
5.6116,3.107,0.149
-0.39103,9.1422,0.277
0.5176,-2.8779,5.663
-5.8372,3.0186,5.334
6.4227,3.0144,-5.925
0.16051,9.2695,-6.204
-0.23264,-8.9244,-0.227
-6.248,-2.8652,-0.082
5.5678,-2.7011,-0.427
-0.44053,3.2435,-0.615
2.9741,-5.6399,-0.618
-3.1975,0.077782,0.049
8.7702,0.13647,-0.598
2.984,6.2254,-0.117
-3.0038,-5.5649,0.35
-9.2666,0.1195,0.877
2.8157,0.72266,0.311
-3.0901,6.2834,0.149
5.7912,5.9567,9.0973
-12.006,-0.21001,9.2023
-0.15486,-0.4575,9.1813
-6.0422,5.6689,8.6883
-0.48861,-5.7792,8.9753
-6.9049,0.20718,9.1693
5.0806,0.32598,8.9863
-0.87398,6.5407,9.0733
2.8652,-6.4248,6.2593
-3.1537,-0.049497,6.6923
9.0071,-0.16263,6.8103
2.9189,5.9086,6.4473
-0.43699,-8.9081,6.4293
-6.6518,-3.0441,6.5903
5.7459,-2.9868,6.2273
-0.60811,3.2315,6.6683
-0.038891,-2.8744,12.097
-6.4672,3.3022,11.831
5.6116,3.107,12.196
-0.39103,9.1422,12.324
6.4227,3.0144,6.1223
0.16051,9.2695,5.8433
-0.23264,-8.9244,11.82
-6.248,-2.8652,11.965
5.5678,-2.7011,11.62
-0.44053,3.2435,11.432
2.9741,-5.6399,11.429
-3.1975,0.077782,12.096
8.7702,0.13647,11.449
2.984,6.2254,11.93
-3.0038,-5.5649,12.397
-9.2666,0.1195,12.924
2.8157,0.72266,12.358
-3.0901,6.2834,12.196
-12.384,5.2023,-8.8753
-6.1053,11.928,-9.0483
-12.863,0.85503,-8.5653
-6.951,6.8166,-9.3283
-12.717,12.836,-8.8013
-9.1077,12.782,-6.4923
-12.078,9.1642,-11.997
-11.521,9.1607,-6.3843
-12.271,3.1142,-12.274
-6.4709,9.3375,-12.474
-9.0645,6.3987,-12.665
-3.2684,12.175,-12.645
-9.2229,12.761,-11.736
-12.193,11.581,-2.866
-12.384,5.2023,3.172
-6.1053,11.928,2.999
-12.863,0.85503,3.482
-6.951,6.8166,2.719
-12.717,12.836,3.246
-12.527,6.2594,-3.072
-6.9581,12.365,-3.061
-9.1077,12.782,5.555
-9.1734,5.6139,-5.788
-3.0315,11.876,-5.237
-12.476,3.1305,-5.618
-6.2927,9.0518,-5.82
-12.078,9.1642,0.05
-11.521,9.1607,5.663
-12.271,3.1142,-0.227
-6.4709,9.3375,-0.427
-9.0645,6.3987,-0.618
-3.2684,12.175,-0.598
-9.2229,12.761,0.311
-12.193,11.581,9.1813
-12.527,6.2594,8.9753
-6.9581,12.365,8.9863
-9.1734,5.6139,6.2593
-3.0315,11.876,6.8103
-12.476,3.1305,6.4293
-6.2927,9.0518,6.2273
-12.078,9.1642,12.097
-12.271,3.1142,11.82
-6.4709,9.3375,11.62
-9.0645,6.3987,11.429
-3.2684,12.175,11.449
-9.2229,12.761,12.358
12.091,-0.19052,-2.845
12.091,-0.19052,9.2023
11.713,5.2218,-8.8753
6.0484,11.236,-8.8793
11.234,0.87452,-8.5653
5.5747,6.8107,-8.9213
11.379,12.856,-8.8013
8.937,6.7209,-6.2443
2.9407,12.661,-6.2543
12.019,9.1837,-11.997
12.576,9.1802,-6.3843
11.825,3.1337,-12.274
5.8101,9.1929,-12.129
8.8606,12.136,-11.998
9.0543,6.4932,-11.697
2.7915,12.178,-11.17
0.052155,11.848,-2.845
11.903,11.601,-2.866
11.713,5.2218,3.172
6.0484,11.236,3.168
11.234,0.87452,3.482
5.5747,6.8107,3.126
11.379,12.856,3.246
11.57,6.2789,-3.072
5.1532,12.265,-2.878
8.937,6.7209,5.803
2.9407,12.661,5.793
8.9044,12.009,-5.355
11.621,3.15,-5.618
5.4064,9.014,-5.457
12.019,9.1837,0.05
12.576,9.1802,5.663
11.825,3.1337,-0.227
5.8101,9.1929,-0.082
8.8606,12.136,0.049
9.0543,6.4932,0.35
2.7915,12.178,0.877
0.052155,11.848,9.2023
11.903,11.601,9.1813
11.57,6.2789,8.9753
5.1532,12.265,9.1693
8.9044,12.009,6.6923
11.621,3.15,6.4293
5.4064,9.014,6.5903
12.019,9.1837,12.097
11.825,3.1337,11.82
5.8101,9.1929,11.965
8.8606,12.136,12.096
9.0543,6.4932,12.397
2.7915,12.178,12.924
-0.805,12.913,-8.5653
-0.805,12.913,3.482
0,0,0
0.068589,-5.8259,-0.199
5.8754,0.12092,0.075
0.055154,0.31678,5.9803
-0.086974,5.997,-0.179
0.055154,0.31678,-6.067
-6.1136,0.060811,-0.156
5.8464,-5.8647,0.003
0.049497,-5.8548,5.9053
6.1384,0.10536,-5.784
-5.9814,-5.9956,0.052
0.049497,-5.8548,-6.142
-6.1525,0.044548,5.9593
6.0767,6.0626,0.052
0.051619,6.236,5.9943
-6.1525,0.044548,-6.088
0.051619,6.236,-6.053
-6.1923,6.1739,0.003
6.1384,0.10536,6.2633
5.8959,-6.0104,5.8383
-6.1428,6.0282,5.8383
-6.1009,-5.9439,-5.985
5.9572,6.1142,-5.985
-6.1009,-5.9439,6.0623
5.8959,-6.0104,-6.209
5.9572,6.1142,6.0623
-6.1428,6.0282,-6.209
11.872,-0.093477,0.008
-0.16617,11.945,0.008
0,0,-12.047
0,0,12.047
-0.18566,-12.152,0.008
-12.224,-0.11297,0.008
0.068589,-5.8259,11.848
11.848,0.13135,-5.893
-0.086974,5.997,11.868
-0.21001,-11.927,-5.893
5.8754,0.12092,-11.972
11.848,0.13135,6.1543
5.925,-11.978,-0.156
-6.1136,0.060811,11.891
11.952,-6.0417,-0.179
-0.21001,-11.927,6.1543
-6.1828,-11.937,0.075
5.8754,0.12092,12.122
-11.97,6.2128,-0.199
5.9445,12.119,-0.156
-0.19052,12.17,-5.893
0.068589,-5.8259,-12.246
-12.145,-6.0611,-0.179
-12.249,0.11186,-5.893
-0.086974,5.997,-12.226
-6.1633,12.16,0.075
12.127,6.2323,-0.199
-0.19052,12.17,6.1543
-6.1136,0.060811,-12.203
-12.249,0.11186,6.1543
-5.9197,-11.953,-5.784
5.8464,-5.8647,-12.044
5.8464,-5.8647,12.05
-12.007,-5.8221,5.9943
5.8861,-11.994,5.9593
-12.007,-5.8221,-6.053
5.8861,-11.994,-6.088
-5.9814,-5.9956,-11.995
-5.9002,12.144,-5.784
12.09,-5.8027,5.9943
12.09,-5.8027,-6.053
-11.989,6.1838,5.9053
5.9056,12.103,5.9593
-5.9197,-11.953,6.2633
6.0767,6.0626,-11.995
-5.9814,-5.9956,12.099
5.9056,12.103,-6.088
-11.989,6.1838,-6.142
12.108,6.2033,5.9053
6.0767,6.0626,12.099
-5.9002,12.144,6.2633
-6.1923,6.1739,-12.044
-6.1923,6.1739,12.05
12.108,6.2033,-6.142
11.872,-0.093477,-12.039
11.872,-0.093477,12.055
-0.16617,11.945,-12.039
-0.16617,11.945,12.055
12.039,-12.039,0
-12.039,12.039,0
-12.058,-12.058,0
12.058,12.058,0
-0.18566,-12.152,-12.039
-0.18566,-12.152,12.055
-12.224,-0.11297,-12.039
-12.224,-0.11297,12.055
-12.003,-11.741,5.9803
-12.003,-11.741,-6.067
12.094,-11.722,5.9803
5.925,-11.978,11.891
11.952,-6.0417,11.868
12.094,-11.722,-6.067
-11.97,6.2128,11.848
5.9445,12.119,11.891
-6.1828,-11.937,-11.972
-12.145,-6.0611,11.868
12.127,6.2323,11.848
5.925,-11.978,-12.203
-6.1828,-11.937,12.122
11.952,-6.0417,-12.226
-6.1633,12.16,-11.972
5.9445,12.119,-12.203
-11.97,6.2128,-12.246
-11.983,12.355,5.9803
-6.1633,12.16,12.122
-11.983,12.355,-6.067
-12.145,-6.0611,-12.226
12.113,12.375,5.9803
12.127,6.2323,-12.246
12.113,12.375,-6.067
12.039,-12.039,-12.047
12.039,-12.039,12.047
-12.039,12.039,-12.047
-12.039,12.039,12.047
-12.058,-12.058,-12.047
-12.058,-12.058,12.047
12.058,12.058,-12.047
12.058,12.058,12.047
