-2.9598,-9.1908,-9.4703
-9.2382,-3.0962,-8.8723
-8.5162,-8.7368,-8.5193
-2.9598,-9.1908,2.577
-9.2382,-3.0962,3.175
-8.5162,-8.7368,3.528
-8.9433,-8.9179,-2.639
-3.3324,-9.2269,-2.633
-8.9433,-8.9179,9.4083
-3.3324,-9.2269,9.4143
9.4308,-8.7591,-9.6093
9.4308,-8.7591,2.438
9.2922,-8.3221,-3.248
9.2922,-8.3221,8.7993
2.2981,-2.9939,-9.0663
-2.6078,3.2796,-9.6093
9.0983,2.8673,-9.4703
2.8199,8.9619,-8.8723
-2.3207,-2.4735,-8.7353
3.5773,-8.6416,-8.2963
3.5419,3.3213,-8.5193
9.6973,-2.5215,-8.6383
2.2981,-2.9939,2.981
-2.6078,3.2796,2.438
9.0983,2.8673,2.577
2.8199,8.9619,3.175
-2.3207,-2.4735,3.312
3.5773,-8.6416,3.751
3.5419,3.3213,3.528
9.6973,-2.5215,3.409
3.0589,-8.6451,-2.858
-3.2605,-2.593,-2.338
8.8049,-2.2543,-3.601
3.1148,3.1403,-2.639
8.7257,2.8313,-2.633
-8.8643,-2.5286,-3.295
2.5314,-2.9628,-2.49
-2.7464,3.7166,-3.248
3.0589,-8.6451,9.1893
-3.2605,-2.593,9.7093
8.8049,-2.2543,8.4463
3.1148,3.1403,9.4083
8.7257,2.8313,9.4143
-8.8643,-2.5286,8.7523
2.5314,-2.9628,9.5573
-2.7464,3.7166,8.7993
-9.7405,9.0447,-9.0663
-8.4614,3.3971,-8.2963
-2.3414,9.5171,-8.6383
-9.7405,9.0447,2.981
-8.4614,3.3971,3.751
-2.3414,9.5171,3.409
-8.9797,3.3935,-2.858
-3.2337,9.7844,-3.601
-9.5072,9.0759,-2.49
-8.9797,3.3935,9.1893
-3.2337,9.7844,8.4463
-9.5072,9.0759,9.5573
9.7374,9.5847,-8.7353
9.7374,9.5847,3.312
8.7977,9.4652,-2.338
3.1938,9.5295,-3.295
8.7977,9.4652,9.7093
3.1938,9.5295,8.7523
-8.879,-3.3833,-10.292
-9.0904,-9.188,-9.8053
-8.879,-3.3833,1.755
-9.0904,-9.188,2.242
-7.7723,-8.8669,-3.56
-8.1245,-3.8097,-3.052
-7.7723,-8.8669,8.4873
-8.1245,-3.8097,8.9953
10.063,-8.8298,-8.2533
10.063,-8.8298,3.794
4.3368,-9.0108,-3.537
9.7632,-2.5903,-2.499
9.4683,-9.7978,-3.094
4.3368,-9.0108,8.5103
9.7632,-2.5903,9.5483
9.4683,-9.7978,8.9533
-2.0527,-8.8862,-8.3203
3.1792,8.6748,-10.292
3.515,-2.856,-8.2063
-1.9757,3.2089,-8.2533
3.0377,-8.8063,-9.6823
-3.4592,-3.4139,-8.9863
8.8707,-2.7103,-9.8713
2.9677,2.8701,-9.8053
-2.0527,-8.8862,3.727
3.1792,8.6748,1.755
3.515,-2.856,3.841
-1.9757,3.2089,3.794
3.0377,-8.8063,2.365
-3.4592,-3.4139,3.061
8.8707,-2.7103,2.176
2.9677,2.8701,2.242
-7.7018,3.0278,-3.537
-2.7407,-2.7987,-3.719
-2.2755,9.4484,-2.499
4.2858,3.1912,-3.56
-2.1114,-9.1825,-3.509
3.9336,8.2484,-3.052
3.5009,-2.8758,-3.634
-2.5703,2.2408,-3.094
-7.7018,3.0278,8.5103
-2.7407,-2.7987,8.3283
-2.2755,9.4484,9.5483
4.2858,3.1912,8.4873
-2.1114,-9.1825,8.5383
3.9336,8.2484,8.9953
3.5009,-2.8758,8.4133
-2.5703,2.2408,8.9533
-8.5236,9.1826,-8.2063
-9.0009,3.2323,-9.6823
-3.168,9.3283,-9.8713
-8.5236,9.1826,3.841
-9.0009,3.2323,2.365
-3.168,9.3283,2.176
-8.5377,9.1628,-3.634
-8.5377,9.1628,8.4133
10.005,3.1719,-8.3203
8.599,8.6442,-8.9863
10.005,3.1719,3.727
8.599,8.6442,3.061
9.3174,9.2594,-3.719
9.9467,2.8756,-3.509
9.3174,9.2594,8.3283
9.9467,2.8756,8.5383
-5.9728,-12.949,-9.2763
-11.588,-6.8192,-9.2153
-11.712,-11.265,-9.1093
-8.717,-12.057,-6.7273
-6.1361,-9.0522,-11.579
-11.697,-2.9202,-11.583
-5.3958,-9.0614,-6.3963
-12.227,-8.9193,-12.554
-2.8,-12.202,-11.866
-8.8747,-6.0916,-12.346
-8.8351,-11.883,-11.888
-5.6432,-6.4069,-2.783
-12.357,-12.57,-2.849
-5.9728,-12.949,2.771
-11.588,-6.8192,2.832
-11.712,-11.265,2.938
-6.5335,-11.879,-3.413
-12.165,-5.132,-3.09
-8.717,-12.057,5.32
-2.5603,-11.63,-6.297
-8.8429,-5.9805,-5.575
-11.714,-8.862,-5.434
-6.1361,-9.0522,0.468
-11.697,-2.9202,0.464
-5.3958,-9.0614,5.651
-11.789,-2.7759,-6.033
-12.227,-8.9193,-0.507
-2.8,-12.202,0.181
-8.8747,-6.0916,-0.299
-8.8351,-11.883,0.159
-5.6432,-6.4069,9.2643
-12.357,-12.57,9.1983
-6.5335,-11.879,8.6343
-12.165,-5.132,8.9573
-2.5603,-11.63,5.7503
-8.8429,-5.9805,6.4723
-11.714,-8.862,6.6133
-6.1361,-9.0522,12.515
-11.697,-2.9202,12.511
-11.789,-2.7759,6.0143
-12.227,-8.9193,11.54
-2.8,-12.202,12.228
-8.8747,-6.0916,11.748
-8.8351,-11.883,12.206
5.7136,-13.086,-9.0563
12.509,-6.7997,-9.2153
12.385,-11.245,-9.1093
9.2137,-5.681,-6.7453
6.0749,-9.1423,-11.288
12.4,-2.9007,-11.583
6.7601,-9.1473,-6.4033
11.87,-8.8998,-12.554
9.2017,-11.909,-11.988
3.2253,-11.866,-12.317
9.1338,-5.0213,-12.115
11.74,-12.551,-2.849
6.2446,-6.205,-3.237
5.7136,-13.086,2.991
12.509,-6.7997,2.832
12.385,-11.245,2.938
6.3464,-11.607,-3.158
11.932,-5.1125,-3.09
3.3935,-11.604,-5.813
9.2137,-5.681,5.302
9.3813,-11.807,-6.081
12.382,-8.8425,-5.434
6.0749,-9.1423,0.759
12.4,-2.9007,0.464
6.7601,-9.1473,5.644
12.308,-2.7564,-6.033
11.87,-8.8998,-0.507
9.2017,-11.909,0.059
3.2253,-11.866,-0.27
9.1338,-5.0213,-0.068
11.74,-12.551,9.1983
6.2446,-6.205,8.8103
6.3464,-11.607,8.8893
11.932,-5.1125,8.9573
3.3935,-11.604,6.2343
9.3813,-11.807,5.9663
12.382,-8.8425,6.6133
6.0749,-9.1423,12.806
12.4,-2.9007,12.511
12.308,-2.7564,6.0143
11.87,-8.8998,11.54
9.2017,-11.909,12.106
3.2253,-11.866,11.777
9.1338,-5.0213,11.979
0.52892,-6.6086,-9.1293
-6.3251,-1.0472,-9.0563
6.0854,-0.89095,-9.2763
0.47023,5.239,-9.2153
0.38749,-11.113,-9.1483
-6.3321,-5.1781,-8.9123
6.0245,-4.7334,-9.4303
0.34648,0.79337,-9.1093
-2.7966,-5.8471,-6.7143
3.3411,0.00070711,-6.7273
-2.8249,6.3576,-6.7453
-0.26234,-2.9097,-11.691
-5.9637,2.8963,-11.288
5.922,3.0059,-11.579
0.36133,9.1379,-11.583
-5.2786,2.8914,-6.4033
6.6624,2.9967,-6.3963
-0.16405,-8.8388,-12.48
-6.2826,-3.0413,-12.367
5.9758,-3.0752,-13.077
-0.169,3.1388,-12.554
3.1926,-6.0861,-12.295
-2.8369,0.13011,-11.988
9.2581,-0.14354,-11.866
3.1834,5.9666,-12.346
-2.9479,-5.7905,-11.524
-8.8134,0.17253,-12.317
3.223,0.17536,-11.888
-2.9048,7.0173,-12.115
6.4149,5.6512,-2.783
0.098288,-12.019,-3.057
-0.2984,-0.51195,-2.849
-5.794,5.8336,-3.237
0.52892,-6.6086,2.918
-6.3251,-1.0472,2.991
6.0854,-0.89095,2.771
0.47023,5.239,2.832
0.38749,-11.113,2.899
-6.3321,-5.1781,3.135
6.0245,-4.7334,2.617
0.34648,0.79337,2.938
-0.95318,-5.9086,-3.161
-5.6922,0.43134,-3.158
5.5246,0.1789,-3.413
-0.10677,6.9261,-3.09
-2.7966,-5.8471,5.333
-8.6451,0.43416,-5.813
3.3411,0.00070711,5.32
-2.8249,6.3576,5.302
3.2838,-5.8223,-5.664
-2.6573,0.23193,-6.081
9.4979,0.42851,-6.297
3.2152,6.0776,-5.575
0.22557,-8.9018,-5.757
-5.5932,-3.1749,-5.621
6.1433,-3.1183,-6.078
0.34365,3.1961,-5.434
-0.26234,-2.9097,0.356
-5.9637,2.8963,0.759
5.922,3.0059,0.468
0.36133,9.1379,0.464
0.6074,-2.9932,-5.74
-5.2786,2.8914,5.644
6.6624,2.9967,5.651
0.26941,9.2822,-6.033
-0.16405,-8.8388,-0.433
-6.2826,-3.0413,-0.32
5.9758,-3.0752,-1.03
-0.169,3.1388,-0.507
3.1926,-6.0861,-0.248
-2.8369,0.13011,0.059
9.2581,-0.14354,0.181
3.1834,5.9666,-0.299
-2.9479,-5.7905,0.523
-8.8134,0.17253,-0.27
3.223,0.17536,0.159
-2.9048,7.0173,-0.068
6.4149,5.6512,9.2643
0.098288,-12.019,8.9903
-0.2984,-0.51195,9.1983
-5.794,5.8336,8.8103
-0.95318,-5.9086,8.8863
-5.6922,0.43134,8.8893
5.5246,0.1789,8.6343
-0.10677,6.9261,8.9573
-8.6451,0.43416,6.2343
3.2838,-5.8223,6.3833
-2.6573,0.23193,5.9663
9.4979,0.42851,5.7503
3.2152,6.0776,6.4723
0.22557,-8.9018,6.2903
-5.5932,-3.1749,6.4263
6.1433,-3.1183,5.9693
0.34365,3.1961,6.6133
-0.26234,-2.9097,12.403
-5.9637,2.8963,12.806
5.922,3.0059,12.515
0.36133,9.1379,12.511
0.6074,-2.9932,6.3073
0.26941,9.2822,6.0143
-0.16405,-8.8388,11.614
-6.2826,-3.0413,11.727
5.9758,-3.0752,11.017
-0.169,3.1388,11.54
3.1926,-6.0861,11.799
-2.8369,0.13011,12.106
9.2581,-0.14354,12.228
3.1834,5.9666,11.748
-2.9479,-5.7905,12.57
-8.8134,0.17253,11.777
3.223,0.17536,12.206
-2.9048,7.0173,11.979
-11.51,5.43,-9.1293
-5.9533,11.148,-9.2763
-11.651,0.92574,-9.1483
-6.0141,7.3053,-9.4303
-11.692,12.832,-9.1093
-8.6976,12.039,-6.7273
-12.301,9.1289,-11.691
-12.203,3.1998,-12.48
-6.0629,8.9634,-13.077
-8.846,5.9526,-12.295
-2.7805,11.895,-11.866
-8.8156,12.214,-11.888
-11.94,0.019938,-3.057
-12.337,11.527,-2.849
-11.51,5.43,2.918
-5.9533,11.148,2.771
-11.651,0.92574,2.899
-6.0141,7.3053,2.617
-11.692,12.832,2.938
-12.992,6.13,-3.161
-6.514,12.218,-3.413
-8.6976,12.039,5.32
-8.7548,6.2163,-5.664
-2.5408,12.467,-6.297
-11.813,3.1369,-5.757
-5.8953,8.9203,-6.078
-12.301,9.1289,0.356
-11.431,9.0454,-5.74
-12.203,3.1998,-0.433
-6.0629,8.9634,-1.03
-8.846,5.9526,-0.248
-2.7805,11.895,0.181
-8.8156,12.214,0.159
-11.94,0.019938,8.9903
-12.337,11.527,9.1983
-12.992,6.13,8.8863
-6.514,12.218,8.6343
-8.7548,6.2163,6.3833
-2.5408,12.467,5.7503
-11.813,3.1369,6.2903
-5.8953,8.9203,5.9693
-12.301,9.1289,12.403
-11.431,9.0454,6.3073
-12.203,3.1998,11.614
-6.0629,8.9634,11.017
-8.846,5.9526,11.799
-2.7805,11.895,12.228
-8.8156,12.214,12.206
12.587,5.4495,-9.1293
5.7331,11.011,-9.0563
12.446,0.94523,-9.1483
5.726,6.88,-8.9123
12.405,12.851,-9.1093
9.2615,6.2111,-6.7143
11.796,9.1484,-11.691
11.894,3.2193,-12.48
5.7755,9.0169,-12.367
9.2212,12.188,-11.988
9.1102,6.2676,-11.524
3.2447,12.231,-12.317
12.156,0.039427,-3.057
11.76,11.546,-2.849
12.587,5.4495,2.918
5.7331,11.011,2.991
12.446,0.94523,2.899
5.726,6.88,3.135
12.405,12.851,2.938
11.105,6.1495,-3.161
6.3659,12.489,-3.158
9.2615,6.2111,5.333
3.413,12.492,-5.813
9.4008,12.29,-6.081
12.284,3.1564,-5.757
6.4649,8.8832,-5.621
11.796,9.1484,0.356
12.666,9.0649,-5.74
11.894,3.2193,-0.433
5.7755,9.0169,-0.32
9.2212,12.188,0.059
9.1102,6.2676,0.523
3.2447,12.231,-0.27
12.156,0.039427,8.9903
11.76,11.546,9.1983
11.105,6.1495,8.8863
6.3659,12.489,8.8893
3.413,12.492,6.2343
9.4008,12.29,5.9663
12.284,3.1564,6.2903
6.4649,8.8832,6.4263
11.796,9.1484,12.403
12.666,9.0649,6.3073
11.894,3.2193,11.614
5.7755,9.0169,11.727
9.2212,12.188,12.106
9.1102,6.2676,12.57
3.2447,12.231,11.777
0.40698,12.984,-9.1483
0.11778,12.078,-3.057
0.40698,12.984,2.899
0.11778,12.078,8.9903
0,0,0
0.42497,0.21142,-5.908
-0.040305,-5.9404,-0.274
-5.9432,-0.0021213,0.319
0.077782,5.9765,-0.047
6.0684,-0.072125,-0.102
0.42497,0.21142,6.1393
0.33022,-5.9446,5.8103
-5.7912,0.048083,6.0063
-5.7912,0.048083,-6.041
-5.8236,-6.1248,0.039
-5.8111,6.1477,-0.017
6.342,-0.0021213,5.668
6.2275,-5.8909,-0.017
6.2346,5.9333,0.039
0.33022,-5.9446,-6.237
0.15415,6.3696,-5.962
0.15415,6.3696,6.0853
6.342,-0.0021213,-6.3793
-5.7885,6.0982,5.685
-5.8732,-6.0359,5.7593
6.2501,-5.9404,5.685
6.1849,6.0223,5.7593
-5.8732,-6.0359,-6.288
-5.7885,6.0982,-6.3623
6.1849,6.0223,-6.288
6.2501,-5.9404,-6.3623
-11.725,0.072971,-0.007
0.31396,-11.966,-0.007
0,0,12.047
0,0,-12.047
0.33344,12.131,-0.007
12.372,0.09246,-0.007
-11.619,0.20166,5.9083
-11.619,0.20166,-6.139
-5.9432,-0.0021213,-11.728
-0.040305,-5.9404,11.773
0.42002,-11.837,5.9083
0.42002,-11.837,-6.139
-5.9702,11.967,-0.102
6.0684,-0.072125,11.945
0.077782,5.9765,12
-11.98,-6.0817,-0.047
12.018,6.1177,-0.274
0.077782,5.9765,-12.094
6.0954,-12.041,0.319
6.1149,12.056,0.319
-5.9897,-12.13,-0.102
-12.079,6.0982,-0.274
12.116,-6.0622,-0.047
6.0684,-0.072125,-12.149
0.43951,12.26,5.9083
-0.040305,-5.9404,-12.321
0.43951,12.26,-6.139
-5.9432,-0.0021213,12.366
12.478,0.22115,5.9083
12.478,0.22115,-6.139
-11.708,6.094,5.8103
-5.6966,12.037,5.668
-11.904,-5.6885,-5.962
-5.7161,-12.06,5.668
-11.904,-5.6885,6.0853
-11.708,6.094,-6.237
-5.8236,-6.1248,-12.008
-5.8111,6.1477,12.03
12.193,-5.669,-5.962
-5.8111,6.1477,-12.064
-5.8236,-6.1248,12.086
12.193,-5.669,6.0853
-5.6966,12.037,-6.3793
6.2275,-5.8909,12.03
6.2346,5.9333,-12.008
-5.7161,-12.06,-6.3793
6.2474,-11.991,6.0063
6.2275,-5.8909,-12.064
6.2474,-11.991,-6.041
6.2346,5.9333,12.086
6.2669,12.106,6.0063
6.2669,12.106,-6.041
12.388,6.1135,5.8103
12.388,6.1135,-6.237
-11.725,0.072971,12.04
-11.725,0.072971,-12.054
0.31396,-11.966,12.04
0.31396,-11.966,-12.054
12.039,-12.039,0
-12.039,12.039,0
12.058,12.058,0
-12.058,-12.058,0
0.33344,12.131,12.04
0.33344,12.131,-12.054
12.372,0.09246,12.04
12.372,0.09246,-12.054
-11.633,-11.847,-5.908
-11.633,-11.847,6.1393
6.0954,-12.041,-11.728
-11.614,12.25,-5.908
6.1149,12.056,-11.728
12.018,6.1177,11.773
-5.9702,11.967,11.945
-12.079,6.0982,11.773
-11.614,12.25,6.1393
-11.98,-6.0817,12
-5.9897,-12.13,11.945
-5.9702,11.967,-12.149
-11.98,-6.0817,-12.094
12.116,-6.0622,12
12.116,-6.0622,-12.094
12.464,-11.827,-5.908
-5.9897,-12.13,-12.149
12.464,-11.827,6.1393
12.018,6.1177,-12.321
-12.079,6.0982,-12.321
6.0954,-12.041,12.366
6.1149,12.056,12.366
12.483,12.27,-5.908
12.483,12.27,6.1393
12.039,-12.039,12.047
-12.039,12.039,12.047
12.039,-12.039,-12.047
-12.039,12.039,-12.047
12.058,12.058,12.047
-12.058,-12.058,12.047
12.058,12.058,-12.047
-12.058,-12.058,-12.047
