-9.5017,-3.7657,-10.148
-9.4034,-9.0853,-9.7648
-9.5021,-3.7644,3.0295
-9.4038,-9.084,3.4125
-4.0065,-9.7267,-3.8005
-10.501,-3.0347,-2.6065
-9.8302,-8.8796,-3.2665
-4.0069,-9.7254,9.3767
-10.501,-3.0334,10.571
-9.8307,-8.8783,9.9107
9.8232,-9.2457,-9.9453
9.8228,-9.2444,3.2319
9.5187,-10.388,-3.9091
9.5183,-10.387,9.2681
-3.2346,-9.3938,-9.8222
3.1725,8.9068,-10.148
3.6307,-3.9173,-9.4702
-2.7792,3.3581,-9.9472
2.6287,-9.0558,-10.162
-2.8216,-3.3184,-10.014
8.9934,-3.5128,-9.9652
3.2708,3.5873,-9.7652
-3.235,-9.3925,3.355
3.1721,8.9081,3.029
3.6303,-3.916,3.707
-2.7796,3.3595,3.23
2.6283,-9.0545,3.015
-2.8221,-3.317,3.163
8.993,-3.5115,3.212
3.2704,3.5886,3.412
2.8744,-3.3015,-3.602
-3.0837,2.2154,-3.911
8.6677,2.9458,-3.801
2.1736,9.6379,-2.607
3.0483,-9.4802,-3.266
-3.6593,-3.3001,-3.357
9.2002,-3.3086,-3.61
2.844,3.7929,-3.267
2.874,-3.3002,9.5752
-3.0841,2.2167,9.2662
8.6673,2.9471,9.3762
2.1732,9.6392,10.57
3.0479,-9.4789,9.9112
-3.6597,-3.2988,9.8202
9.1997,-3.3072,9.5672
2.8436,3.7942,9.9102
-8.9717,8.6866,-9.4721
-9.9737,3.548,-10.164
-3.609,9.091,-9.9671
-8.9721,8.6879,3.7051
-9.9741,3.5493,3.0131
-3.6094,9.0924,3.2101
-9.728,9.3024,-3.6039
-9.5541,3.1237,-3.2679
-3.4022,9.2953,-3.6119
-9.7284,9.3037,9.5733
-9.5545,3.125,9.9093
-3.4027,9.2966,9.5653
9.4396,3.2787,-9.8227
9.8526,9.3542,-10.015
9.4392,3.28,3.3545
9.8521,9.3555,3.1625
9.0149,9.3725,-3.3575
9.0145,9.3738,9.8198
-3.9113,-9.4608,-8.4778
-10.528,-3.2785,-9.1618
-10.05,-10.425,-9.5548
-3.9117,-9.4594,4.6995
-10.528,-3.2772,4.0155
-10.05,-10.423,3.6225
-3.2626,-9.8342,-2.4815
-9.2066,-9.318,-1.9715
-3.2631,-9.8329,10.696
-9.207,-9.3167,11.206
9.4548,-9.5109,-8.4923
3.7704,-10.015,-10.143
9.4544,-9.5095,4.6849
3.7699,-10.014,3.0339
9.2161,-9.448,-2.7851
9.8256,-3.9326,-2.3851
9.2156,-9.4467,10.392
9.8252,-3.9313,10.792
2.7638,-2.9047,-10.174
-3.1476,3.093,-8.4942
8.7629,3.2118,-8.4782
2.1465,9.394,-9.1622
-3.5825,-4.6237,-10.091
-8.832,2.5888,-10.145
2.6245,2.248,-9.5552
9.0146,-2.9514,-8.5682
2.7634,-2.9034,3.003
-3.148,3.0943,4.683
8.7625,3.2131,4.699
2.1461,9.3953,4.015
-3.5829,-4.6224,3.086
-8.8325,2.5901,3.032
2.6241,2.2493,3.622
9.0142,-2.95,4.609
9.4116,2.8383,-2.482
-9.1231,-3.5355,-2.899
2.9493,-2.7075,-2.226
-3.3863,3.1558,-2.787
-2.786,-4.4845,-3.054
2.0379,-9.7595,-2.217
3.4677,3.3545,-1.972
-2.7768,8.6713,-2.387
9.4112,2.8396,10.695
-9.1235,-3.5342,10.278
2.9489,-2.7062,10.951
-3.3868,3.1571,10.39
-2.7864,-4.4832,10.123
2.0374,-9.7582,10.96
3.4672,3.3558,11.205
-2.7772,8.6726,10.79
-9.8386,9.6992,-10.176
-3.5878,9.6525,-8.5701
-9.839,9.7005,3.0011
-3.5882,9.6538,4.6071
-9.6531,9.8963,-2.2279
-10.565,2.8444,-2.2189
-9.6535,9.8977,10.949
-10.565,2.8457,10.958
9.0917,8.0489,-10.092
9.0913,8.0502,3.0855
3.5511,9.137,-2.8995
9.8882,8.1881,-3.0545
3.5507,9.1383,10.278
9.8878,8.1894,10.123
-0.86828,-13.573,-9.7189
-0.86872,-13.572,3.4584
-5.6861,-12.436,-9.5748
-12.235,-6.5454,-9.4998
-6.5283,-7.0587,-9.7048
-13.471,-0.96911,-9.7208
-13.359,-12.274,-10.199
-9.7251,-13.201,-7.6428
-6.1924,-9.8779,-13.507
-12.787,-3.3613,-12.826
-12.866,-9.5286,-13.36
-9.6516,-12.401,-12.336
-3.4128,-13.609,-13.432
-9.8482,-6.4358,-13.356
-11.815,-12.231,-3.3655
-6.4792,-6.6289,-3.2495
-5.6866,-12.435,3.6025
-12.235,-6.544,3.6775
-6.5287,-7.0574,3.4725
-13.471,-0.9678,3.4565
-13.359,-12.273,2.9785
-7.7605,-12.557,-3.2805
-13.641,-6.7321,-3.0405
-9.7256,-13.2,5.5345
-3.4161,-12.638,-6.1685
-9.6188,-5.3349,-6.3315
-12.397,-9.6065,-6.6755
-6.1929,-9.8766,-0.32954
-12.787,-3.3599,0.35146
-7.3313,-9.5556,-6.4275
-13.205,-3.0806,-5.9105
-12.867,-9.5273,-0.18254
-9.652,-12.4,0.84146
-3.4132,-13.608,-0.25454
-9.8486,-6.4344,-0.17854
-11.816,-12.229,9.8117
-6.4797,-6.6276,9.9277
-7.761,-12.556,9.8967
-13.641,-6.7308,10.137
-3.4165,-12.637,7.0087
-9.6192,-5.3336,6.8457
-12.397,-9.6052,6.5017
-6.1933,-9.8753,12.848
-12.788,-3.3586,13.529
-7.3317,-9.5543,6.7497
-13.206,-3.0793,7.2667
-12.867,-9.526,12.995
-9.6525,-12.398,14.019
-3.4137,-13.607,12.923
-9.849,-6.4331,12.999
6.7042,-11.8,-10.21
13.042,-6.4767,-9.4983
11.806,-0.90042,-9.7193
11.918,-12.206,-10.197
6.2127,-7.4129,-9.6473
3.1863,-12.927,-7.4243
6.7331,-9.6629,-13.545
12.49,-3.2926,-12.824
12.411,-9.46,-13.358
2.8702,-12.665,-13.095
9.213,-6.1337,-12.606
9.411,-12.812,-13.946
13.462,-12.162,-3.3641
6.5885,-6.4131,-3.0311
6.7037,-11.799,2.9669
13.042,-6.4754,3.6789
11.805,-0.89911,3.4579
11.917,-12.204,2.9799
6.2123,-7.4116,3.5299
5.6268,-13.453,-3.2801
11.636,-6.6634,-3.0391
3.1859,-12.926,5.7529
9.1913,-6.4577,-6.7661
9.5088,-12.776,-6.6061
12.88,-9.5378,-6.6741
6.7327,-9.6616,-0.3681
12.489,-3.2913,0.3529
6.4188,-9.7196,-5.9451
12.071,-3.0119,-5.9091
12.41,-9.4586,-0.1811
2.8698,-12.663,0.081903
9.2125,-6.1324,0.5709
9.4105,-12.81,-0.7691
13.461,-12.161,9.8131
6.588,-6.4118,10.146
5.6264,-13.452,9.8971
11.635,-6.6621,10.138
9.1909,-6.4564,6.4111
9.5084,-12.774,6.5711
12.879,-9.5365,6.5031
6.7323,-9.6603,12.809
12.489,-3.2899,13.53
6.4183,-9.7182,7.2321
12.071,-3.0106,7.2681
12.41,-9.4573,12.996
2.8694,-12.662,13.259
9.2121,-6.1311,13.748
9.4101,-12.809,12.408
0.090236,-5.5457,-9.7512
-5.8983,0.80337,-10.212
6.9881,0.23627,-9.5752
0.43955,6.1272,-9.5002
6.1459,5.6138,-9.7052
-0.79648,11.703,-9.7212
-0.68475,0.3982,-10.199
-6.3897,5.191,-9.6492
-9.4161,-0.32305,-7.4262
2.9491,-0.52882,-7.6432
-0.11129,-9.5869,-7.5732
-6.0991,-3.2851,-8.0662
-0.16927,-3.2625,-13.872
-5.8693,2.941,-13.547
6.4818,2.7946,-13.507
-0.1127,9.3113,-12.826
-0.7986,-9.6774,-12.409
-6.3395,-3.3445,-12.623
5.2931,-3.5064,-12.881
-0.1919,3.1439,-13.36
-3.47,-6.4261,-13.273
-9.7322,-0.060713,-13.097
3.0226,0.27163,-12.336
-3.3894,6.4701,-12.608
2.831,-6.7535,-13.826
-3.1914,-0.20779,-13.948
9.2614,-0.93682,-13.432
2.826,6.2368,-13.356
0.85913,0.44194,-3.366
-6.0139,6.1907,-3.033
6.195,6.0436,-3.25
-0.51902,-12.118,-3.136
0.089803,-5.5444,3.426
-5.8987,0.80469,2.965
6.9876,0.23759,3.602
0.43911,6.1285,3.677
6.1455,5.6151,3.472
-0.79691,11.705,3.456
-0.68519,0.39952,2.978
-6.3901,5.1923,3.528
-0.80398,-7.4282,-3.065
-6.9756,-0.84924,-3.282
4.9137,0.11526,-3.281
-0.96661,5.9404,-3.041
-3.5398,-6.3272,-6.493
-9.4165,-0.32173,5.751
2.9486,-0.5275,5.534
-3.4111,6.1462,-6.768
2.6297,-6.8667,-6.382
-3.0936,-0.17183,-6.608
9.2581,0.034648,-6.169
3.0554,7.3376,-6.332
-0.11172,-9.5855,5.604
-6.0995,-3.2838,5.111
6.1964,-3.3185,-6.685
0.27719,3.066,-6.676
-0.16971,-3.2612,-0.695
-5.8697,2.9423,-0.37
6.4813,2.7959,-0.33
-0.11314,9.3126,0.351
-0.39103,-3.5985,-6.043
-6.1836,2.8843,-5.947
5.3429,3.1169,-6.428
-0.53104,9.5919,-5.911
-0.79903,-9.676,0.768
-6.3399,-3.3432,0.554
5.2927,-3.5051,0.296
-0.19233,3.1452,-0.183
-3.4705,-6.4248,-0.096
-9.7326,-0.059397,0.08
3.0222,0.27294,0.841
-3.3899,6.4714,0.569
2.8305,-6.7522,-0.649
-3.1919,-0.20648,-0.771
9.261,-0.9355,-0.255
2.8256,6.2381,-0.179
0.8587,0.44326,9.8112
-6.0144,6.192,10.144
6.1945,6.045,9.9272
-0.51945,-12.117,10.041
-0.80441,-7.4268,10.112
-6.976,-0.84792,9.8952
4.9133,0.11657,9.8962
-0.96705,5.9417,10.136
-3.5402,-6.3259,6.6842
-3.4115,6.1475,6.4092
2.6293,-6.8654,6.7952
-3.094,-0.17051,6.5692
9.2577,0.035964,7.0082
3.055,7.339,6.8452
6.1959,-3.3171,6.4922
0.27675,3.0673,6.5012
-0.17014,-3.2599,12.482
-5.8701,2.9436,12.807
6.4809,2.7972,12.847
-0.11357,9.3139,13.528
-0.39146,-3.5972,7.1342
-6.1841,2.8856,7.2302
5.3425,3.1182,6.7492
-0.53147,9.5932,7.2662
-0.79946,-9.6747,13.945
-6.3404,-3.3419,13.731
5.2923,-3.5038,13.473
-0.19277,3.1465,12.994
-3.4709,-6.4235,13.081
-9.7331,-0.058081,13.257
3.0217,0.27426,14.018
-3.3903,6.4728,13.746
2.8301,-6.7508,12.528
-3.1923,-0.20516,12.406
9.2605,-0.93419,12.922
2.8252,6.2394,12.998
-12.512,7.0581,-9.7531
-5.6143,12.84,-9.5771
-13.287,13.002,-10.201
-9.6533,12.075,-7.6451
-12.714,3.017,-7.5751
-12.772,9.3414,-13.874
-13.401,2.9265,-12.411
-7.3093,9.0974,-12.883
-9.5798,12.875,-12.338
-9.7714,5.8504,-13.828
-3.341,11.667,-13.434
-11.743,13.046,-3.3679
-13.121,0.48545,-3.1379
-12.513,7.0594,3.4241
-5.6148,12.841,3.6001
-13.288,13.003,2.9761
-13.406,5.1757,-3.0669
-7.6887,12.719,-3.2829
-9.6538,12.076,5.5321
-9.9727,5.7371,-6.3839
-3.3443,12.638,-6.1709
-12.714,3.0183,5.6021
-6.406,9.2854,-6.6869
-12.772,9.3427,-0.6969
-12.993,9.0054,-6.0449
-13.401,2.9278,0.7661
-7.3097,9.0987,0.2941
-9.5802,12.877,0.8391
-9.7719,5.8517,-0.6509
-3.3414,11.668,-0.2569
-11.744,13.047,9.8093
-13.122,0.48677,10.039
-13.407,5.177,10.11
-7.6892,12.72,9.8943
-9.9731,5.7384,6.7933
-3.3447,12.64,7.0063
-6.4065,9.2867,6.4903
-12.773,9.344,12.48
-12.994,9.0067,7.1323
-13.402,2.9291,13.943
-7.3101,9.1,13.471
-9.5807,12.878,14.016
-9.7723,5.853,12.526
-3.3419,11.67,12.92
12.764,7.1268,-9.7517
6.776,13.476,-10.213
11.989,13.071,-10.2
3.2581,12.349,-7.4267
12.563,3.0857,-7.5737
6.5751,9.3874,-8.0667
12.505,9.41,-13.873
11.876,2.9952,-12.41
6.3347,9.328,-12.624
9.2042,6.2464,-13.274
2.942,12.612,-13.098
9.4828,12.465,-13.949
13.533,13.114,-3.3665
12.155,0.55414,-3.1365
12.764,7.1281,3.4255
6.7755,13.477,2.9645
11.989,13.072,2.9775
11.87,5.2444,-3.0655
5.6986,11.823,-3.2825
9.1344,6.3453,-6.4935
3.2577,12.351,5.7505
9.5806,12.501,-6.6085
12.562,3.087,5.6035
6.5747,9.3887,5.1105
12.505,9.4114,-0.69546
12.283,9.0741,-6.0435
11.875,2.9965,0.76754
6.3343,9.3293,0.55354
9.2037,6.2478,-0.096461
2.9416,12.613,0.079539
9.4823,12.466,-0.77146
13.533,13.116,9.8108
12.155,0.55545,10.041
11.87,5.2457,10.112
5.6982,11.825,9.8948
9.134,6.3467,6.6838
9.5802,12.502,6.5688
12.504,9.4127,12.482
12.283,9.0754,7.1338
11.875,2.9978,13.945
6.3339,9.3306,13.731
9.2033,6.2491,13.081
2.9412,12.614,13.257
9.4819,12.467,12.406
-0.44721,13.158,-3.1384
-0.44764,13.159,10.039
0,0,0
-0.2489,6.1829,0.745
-6.2487,-0.29486,-0.415
6.2657,-0.2086,0.703
-0.0014142,-0.10748,-6.482
-0.0018477,-0.10616,6.6952
-0.11667,-6.7578,0.092
-6.2614,-0.10677,5.841
5.9666,-0.13011,-6.271
-6.3074,5.9482,-0.005
6.0684,6.2973,-0.16146
-0.38537,-6.499,6.197
-0.29981,6.5648,-6.255
5.9661,-0.12879,6.9062
6.295,-6.6557,-0.003097
-6.6058,-6.3753,-0.161
-0.30025,6.5661,6.9222
-0.38494,-6.5003,-6.9802
-6.261,-0.10809,-7.3362
5.7264,6.1383,6.3352
5.7269,6.137,-6.842
-6.6355,5.9157,-6.477
5.9669,-6.6882,-6.4751
-6.6359,5.917,6.7002
5.9665,-6.6869,6.7021
-6.9478,-6.5342,6.3357
-6.9474,-6.5356,-6.8415
12.448,-0.044075,-0.13146
-0.15447,12.56,-0.13336
-0.22627,-12.717,-0.131
-12.829,-0.11276,-0.1329
0.00043346,-0.0013159,-13.177
-0.00043346,0.0013159,13.177
12.351,0.028757,6.3115
12.558,5.9147,0.091539
-0.24847,6.1816,-12.432
-6.3367,12.395,0.7011
12.354,-6.4209,0.7469
6.4255,12.378,-0.41546
6.2661,-0.20991,-12.474
-12.719,5.846,0.090097
-0.25134,12.633,6.3096
12.351,0.027441,-6.8657
-0.32315,-12.644,6.312
-6.2491,-0.29355,12.762
-0.25091,12.631,-6.8676
-12.926,-0.03993,6.3101
6.3537,-12.899,-0.4131
-0.32271,-12.645,-6.8652
-6.4085,-12.881,0.70346
-12.923,-6.4896,0.74546
-12.925,-0.041246,-6.8671
-0.11624,-6.7591,-13.085
-0.11711,-6.7565,13.269
-6.2483,-0.29618,-13.592
12.303,-6.0391,-6.2531
12.289,6.1735,6.1965
6.2652,-0.20728,13.88
-0.24934,6.1843,13.922
6.4128,12.566,5.8405
12.302,-6.0378,6.9241
6.341,-12.711,5.8429
12.289,6.1722,-6.9807
-6.6358,12.474,-6.2729
-12.988,6.1048,6.1951
-12.974,-6.1078,-6.2545
6.068,6.2986,13.016
-6.6363,12.475,6.9043
-6.7076,-12.803,-6.2705
-6.3078,5.9495,13.172
-6.307,5.9469,-13.182
6.4132,12.564,-7.3367
-12.974,-6.1064,6.9227
-6.6062,-6.374,13.016
6.0689,6.2959,-13.339
-12.987,6.1035,-6.9821
6.3414,-12.712,-7.3343
-6.7081,-12.801,6.9067
6.2946,-6.6543,13.174
6.2954,-6.657,-13.18
-6.6054,-6.3766,-13.338
12.602,-12.604,0.001903
-12.602,12.604,-0.001903
-12.674,-12.673,0.000461
12.674,12.673,-0.000461
12.448,-0.042759,13.046
-0.1549,12.561,13.044
-0.22671,-12.715,13.046
12.448,-0.045391,-13.309
-12.829,-0.11145,13.044
-0.15403,12.558,-13.311
-0.22584,-12.718,-13.308
-12.828,-0.11408,-13.31
12.354,-6.4222,-12.43
-6.3363,12.394,-12.476
-12.604,12.496,-6.4839
6.4251,12.379,12.762
-12.604,12.498,6.6933
12.673,12.565,-6.4825
12.601,-12.711,-6.4801
-6.4081,-12.882,-12.474
12.672,12.566,6.6948
-12.923,-6.4909,-12.432
12.558,5.9134,-13.086
12.601,-12.71,6.6971
-12.676,-12.78,-6.4815
-12.719,5.8447,-13.087
12.557,5.916,13.269
-12.676,-12.779,6.6957
6.3533,-12.897,12.764
-12.72,5.8473,13.267
6.4259,12.376,-13.593
-6.3372,12.397,13.878
12.353,-6.4196,13.924
6.3541,-12.9,-13.59
-6.409,-12.88,13.881
-12.924,-6.4883,13.923
12.603,-12.605,-13.175
-12.603,12.605,13.175
-12.602,12.603,-13.179
12.602,-12.603,13.179
-12.675,-12.671,13.178
12.675,12.671,-13.178
12.674,12.674,13.177
-12.674,-12.674,-13.177
