-8.9476,-8.54,-9.1307
-8.9476,-8.54,2.7049
-8.6711,-8.593,-3.1811
-8.6711,-8.593,8.6546
7.8712,-8.4821,-7.8428
8.4779,-8.1201,-2.6928
7.8712,-8.4821,3.9929
8.4779,-8.1201,9.1429
2.5484,-8.8586,-9.1797
-2.8624,-2.6997,-9.2577
7.9465,-2.9557,-8.7797
2.5845,2.9225,-8.8937
-3.1275,-8.0377,-8.8637
-8.7674,-3.0384,-8.5827
2.5484,-8.8586,2.656
-2.8624,-2.6997,2.578
7.9465,-2.9557,3.056
2.5845,2.9225,2.942
2.3327,-8.6811,-2.629
-3.3517,-2.4819,-2.651
2.861,2.8694,-2.944
-3.1275,-8.0377,2.972
-8.7674,-3.0384,3.253
2.2203,-3.2909,-8.462
-3.626,3.0151,-8.079
-3.4853,-8.6797,-3.115
-9.0559,-3.1813,-2.856
2.3158,-2.774,-3.089
-3.0193,3.3771,-2.929
2.3327,-8.6811,9.2067
-3.3517,-2.4819,9.1847
2.861,2.8694,8.8917
2.2203,-3.2909,3.3737
-3.626,3.0151,3.7567
-3.4853,-8.6797,8.7207
-9.0559,-3.1813,8.9797
2.3158,-2.774,8.7467
-3.0193,3.3771,8.9067
-8.9488,2.6386,-9.4159
-3.5508,8.5415,-9.0159
-8.9488,2.6386,2.4198
-3.5508,8.5415,2.8198
-9.1645,2.8161,-2.8652
-9.2769,8.2063,-8.6982
-9.1814,8.7232,-3.3252
-9.1645,2.8161,8.9704
-9.2769,8.2063,3.1374
-9.1814,8.7232,8.5104
8.6697,8.7627,-9.0206
8.4045,3.4248,-8.6266
2.7647,8.424,-8.3456
8.6697,8.7627,2.8151
8.1804,8.9805,-2.4139
8.3883,-2.2299,-2.3229
8.4045,3.4248,3.2091
2.7647,8.424,3.4901
8.0467,2.7827,-2.8779
2.4762,8.2812,-2.6189
8.1804,8.9805,9.4217
8.3883,-2.2299,9.5127
8.0467,2.7827,8.9577
2.4762,8.2812,9.2167
-3.1089,9.2673,-2.5592
-3.1089,9.2673,9.2765
3.4525,-8.9311,-8.1758
9.2168,-3.4058,-2.5948
9.0817,-9.3038,-8.1828
9.6121,-8.5161,-1.8048
3.4525,-8.9311,3.6599
9.2168,-3.4058,9.2409
9.0817,-9.3038,3.6529
9.6121,-8.5161,10.031
-7.3369,-2.622,-8.6577
-8.1155,-8.1763,-7.999
-2.081,-2.9875,-8.288
-8.0448,2.5661,-8.412
-8.6783,-7.6756,-1.781
-2.2804,8.0914,-2.831
-1.9962,-3.0978,-2.772
3.2159,-7.5024,-2.889
-2.366,-8.959,-8.484
-7.3369,-2.622,3.178
3.1198,-2.0945,-8.485
-2.4155,2.1934,-8.419
-2.5979,-8.5362,-1.927
-8.0398,-2.704,-1.871
3.4005,-2.8178,-2.084
-1.8851,2.9812,-2.041
-8.1155,-8.1763,3.8367
-2.081,-2.9875,3.5477
-8.0448,2.5661,3.4237
-8.6783,-7.6756,10.055
-2.2804,8.0914,9.0047
-1.9962,-3.0978,9.0637
3.2159,-7.5024,8.9467
-2.366,-8.959,3.3517
3.1198,-2.0945,3.3507
-2.4155,2.1934,3.4167
-2.5979,-8.5362,9.9087
-8.0398,-2.704,9.9647
3.4005,-2.8178,9.7517
-1.8851,2.9812,9.7947
-8.2813,3.9948,-3.1252
-8.3775,9.4028,-8.7212
-8.0967,8.6794,-2.3202
-8.2813,3.9948,8.7104
-8.3775,9.4028,3.1144
-8.0967,8.6794,9.5154
8.709,-2.8377,-7.3187
8.709,-2.8377,4.517
4.1951,8.8405,-8.4206
3.4166,3.2862,-7.7619
-2.7883,8.6595,-7.5549
9.4511,8.475,-8.0509
2.8537,3.7868,-1.5439
9.5359,8.3646,-2.5349
9.1661,2.5034,-8.2469
4.1951,8.8405,3.4151
8.9342,2.9263,-1.6899
3.4923,8.7585,-1.6339
3.4166,3.2862,4.0737
-2.7883,8.6595,4.2807
9.4511,8.475,3.7847
2.8537,3.7868,10.292
9.5359,8.3646,9.3007
9.1661,2.5034,3.5887
8.9342,2.9263,10.146
3.4923,8.7585,10.202
-11.541,-11.781,-8.8127
-11.501,-8.5025,-11.379
-8.7348,-11.574,-11.452
-12.084,-11.317,-3.1461
-11.541,-11.781,3.0229
-6.3461,-11.632,-2.9351
-11.409,-6.0121,-2.8211
-11.768,-8.738,-6.2661
-11.501,-8.5025,0.45694
-8.7531,-11.598,-6.1061
-8.7348,-11.574,0.38394
-12.084,-11.317,8.6896
-6.3461,-11.632,8.9006
-11.409,-6.0121,9.0146
-11.768,-8.738,5.5696
-11.501,-8.5025,12.293
-8.7531,-11.598,5.7296
-8.7348,-11.574,12.22
11.489,-11.815,-8.3394
5.8432,-11.145,-8.6764
5.5476,-8.8116,-11.819
11.528,-8.5373,-10.905
8.6398,-11.372,-11.533
2.7998,-11.728,-11.611
8.871,-5.6791,-11.325
10.946,-11.352,-2.6728
11.489,-11.815,3.4962
5.3447,-11.914,-2.7018
11.62,-6.0468,-2.3478
5.8432,-11.145,3.1592
5.3157,-8.3987,-4.8198
5.5476,-8.8116,0.016238
11.262,-8.7727,-5.7928
11.528,-8.5373,0.93024
8.287,-11.589,-5.5448
8.6398,-11.372,0.30224
2.4689,-11.685,-6.2678
8.5373,-5.344,-5.5748
2.7998,-11.728,0.22424
8.871,-5.6791,0.51024
10.946,-11.352,9.1629
5.3447,-11.914,9.1339
11.62,-6.0468,9.4879
5.3157,-8.3987,7.0159
5.5476,-8.8116,11.852
11.262,-8.7727,6.0429
11.528,-8.5373,12.766
8.287,-11.589,6.2909
8.6398,-11.372,12.138
2.4689,-11.685,5.5679
8.5373,-5.344,6.2609
2.7998,-11.728,12.06
8.871,-5.6791,12.346
-0.36628,-12.035,-8.5627
5.3733,-6.2869,-8.7517
-0.0084853,-0.3182,-8.5757
-0.15768,-5.5487,-8.9797
-5.654,0.35214,-8.9127
-5.5572,-8.5737,-11.791
-11.913,-2.9211,-12.055
-0.10112,-2.7344,-11.968
-5.9496,2.6856,-12.056
-0.16688,-8.5645,-11.268
-5.6448,-2.9578,-11.325
5.2375,-2.7613,-11.038
0.031113,2.9599,-11.142
-2.9861,-11.442,-11.324
-8.2661,-5.7742,-11.012
3.0179,-5.6894,-11.949
-2.8574,0.12516,-11.77
-2.5555,-5.7587,-12.367
-8.6974,-0.23052,-11.848
2.7973,-0.11172,-11.215
-2.6262,5.8181,-11.562
-0.68731,-10.902,-2.584
-6.2607,-5.4589,-2.273
5.8457,-5.1541,-2.685
-0.55154,0.14566,-2.909
-0.36628,-12.035,3.273
-6.0224,-5.5317,-8.354
5.3733,-6.2869,3.084
-0.0084853,-0.3182,3.26
0.0084853,-6.1419,-3.066
-6.1525,-0.41649,-2.938
5.1859,-0.16971,-2.698
0.12304,5.4504,-2.584
-0.15768,-5.5487,2.856
-5.654,0.35214,2.923
-6.2918,-10.854,-8.46
-11.713,-5.1329,-8.386
-6.0394,-8.5977,-5.177
-11.667,-2.9635,-5.365
-0.1994,-2.9218,-5.449
-6.1815,3.0985,-5.056
-5.5572,-8.5737,0.045
-11.913,-2.9211,-0.219
-0.10112,-2.7344,-0.132
-5.9496,2.6856,-0.22
-0.28709,-8.754,-6.209
-6.0302,-2.8369,-5.791
5.5168,-2.8412,-6.076
-0.23547,2.7245,-6.029
-0.16688,-8.5645,0.568
-5.6448,-2.9578,0.511
5.2375,-2.7613,0.798
0.031113,2.9599,0.694
-3.1311,-11.448,-5.661
-8.6592,-5.7021,-5.87
2.7994,-5.4299,-5.336
-3.2103,-0.091924,-5.781
-2.9861,-11.442,0.512
-8.2661,-5.7742,0.824
3.0179,-5.6894,-0.113
-2.8574,0.12516,0.066
-2.9359,-5.5833,-5.85
-9.0283,-0.18809,-6.504
2.7789,-0.13576,-5.869
-2.9599,6.1532,-5.811
-2.5555,-5.7587,-0.531
-8.6974,-0.23052,-0.012
2.7973,-0.11172,0.621
-2.6262,5.8181,0.274
-0.68731,-10.902,9.2517
-6.2607,-5.4589,9.5627
5.8457,-5.1541,9.1507
-0.55154,0.14566,8.9267
-6.0224,-5.5317,3.4817
0.0084853,-6.1419,8.7697
-6.1525,-0.41649,8.8977
5.1859,-0.16971,9.1377
0.12304,5.4504,9.2517
-6.2918,-10.854,3.3757
-11.713,-5.1329,3.4497
-6.0394,-8.5977,6.6587
-11.667,-2.9635,6.4707
-0.1994,-2.9218,6.3867
-6.1815,3.0985,6.7797
-5.5572,-8.5737,11.881
-11.913,-2.9211,11.617
-0.10112,-2.7344,11.704
-5.9496,2.6856,11.616
-0.28709,-8.754,5.6267
-6.0302,-2.8369,6.0447
5.5168,-2.8412,5.7597
-0.23547,2.7245,5.8067
-0.16688,-8.5645,12.404
-5.6448,-2.9578,12.347
5.2375,-2.7613,12.634
0.031113,2.9599,12.53
-3.1311,-11.448,6.1747
-8.6592,-5.7021,5.9657
2.7994,-5.4299,6.4997
-3.2103,-0.091924,6.0547
-2.9861,-11.442,12.348
-8.2661,-5.7742,12.66
3.0179,-5.6894,11.723
-2.8574,0.12516,11.902
-2.9359,-5.5833,5.9857
-9.0283,-0.18809,5.3317
2.7789,-0.13576,5.9667
-2.9599,6.1532,6.0247
-2.5555,-5.7587,11.305
-8.6974,-0.23052,11.824
2.7973,-0.11172,12.457
-2.6262,5.8181,12.11
-11.864,-0.53774,-8.7989
-6.1239,5.2103,-8.9879
-11.506,11.179,-8.8119
-11.655,5.9486,-9.2159
-11.598,8.7628,-12.204
-11.664,2.9327,-11.504
-6.2597,8.736,-11.274
-8.4793,5.8078,-12.185
-8.6999,11.385,-11.451
-12.185,0.59505,-2.8202
-5.6516,6.3431,-2.9212
-12.049,11.643,-3.1452
-11.864,-0.53774,3.0368
-6.1239,5.2103,2.8478
-11.506,11.179,3.0238
-11.489,5.3553,-3.3022
-6.3113,11.328,-2.9342
-11.655,5.9486,2.6198
-11.697,8.5755,-5.6852
-11.598,8.7628,-0.36824
-11.784,2.7432,-6.4452
-5.9804,8.6561,-6.3122
-11.664,2.9327,0.33176
-6.2597,8.736,0.56176
-8.6978,6.0673,-5.5722
-8.4793,5.8078,-0.34924
-8.7183,11.361,-6.1052
-8.6999,11.385,0.38476
-12.185,0.59505,9.0154
-5.6516,6.3431,8.9144
-12.049,11.643,8.6904
-11.489,5.3553,8.5334
-6.3113,11.328,8.9014
-11.697,8.5755,6.1504
-11.598,8.7628,11.467
-11.784,2.7432,5.3904
-5.9804,8.6561,5.5234
-11.664,2.9327,12.167
-6.2597,8.736,12.397
-8.6978,6.0673,6.2634
-8.4793,5.8078,11.486
-8.7183,11.361,5.7304
-8.6999,11.385,12.22
11.117,-2.9558,-11.581
11.316,-5.1676,-7.9127
11.363,-2.9982,-4.8917
11.117,-2.9558,0.2543
11.316,-5.1676,3.923
11.363,-2.9982,6.944
11.117,-2.9558,12.09
11.166,-0.57248,-8.3256
11.524,11.144,-8.3386
11.374,5.9138,-8.7426
5.878,11.815,-8.6756
5.9749,2.8888,-11.554
-0.38056,8.5414,-11.818
11.431,8.7281,-11.731
11.365,2.898,-11.031
5.8872,8.5047,-11.088
8.546,0.020783,-11.087
3.266,5.6882,-10.775
8.6747,11.588,-11.533
8.9766,5.7038,-12.13
2.8347,11.232,-11.611
10.845,0.56031,-2.3469
5.2713,6.0036,-2.0359
10.981,11.608,-2.6719
11.166,-0.57248,3.5101
5.5096,5.9308,-8.1169
11.524,11.144,3.4971
11.541,5.3205,-2.8289
5.3795,11.046,-2.7009
11.374,5.9138,3.0931
5.878,11.815,3.1601
5.2402,0.60839,-8.2229
-0.18116,6.3296,-8.1489
5.4927,2.8648,-4.9399
-0.13449,8.499,-5.1279
11.333,8.5407,-5.2119
5.9749,2.8888,0.28206
-0.38056,8.5414,0.018058
11.431,8.7281,0.10506
11.245,2.7085,-5.9719
5.5019,8.6256,-5.5539
11.365,2.898,0.80506
5.8872,8.5047,0.74806
8.401,0.014419,-5.4239
2.8728,5.7604,-5.6329
8.3218,11.371,-5.5439
8.546,0.020783,0.74906
3.266,5.6882,1.0611
8.6747,11.588,0.30306
8.5962,5.8792,-5.6129
2.5037,11.274,-6.2669
8.9766,5.7038,-0.29394
2.8347,11.232,0.22506
10.845,0.56031,9.4887
5.2713,6.0036,9.7997
10.981,11.608,9.1637
5.5096,5.9308,3.7187
11.541,5.3205,9.0067
5.3795,11.046,9.1347
5.2402,0.60839,3.6127
-0.18116,6.3296,3.6867
5.4927,2.8648,6.8957
-0.13449,8.499,6.7077
11.333,8.5407,6.6237
5.9749,2.8888,12.118
-0.38056,8.5414,11.854
11.431,8.7281,11.941
11.245,2.7085,5.8637
5.5019,8.6256,6.2817
11.365,2.898,12.641
5.8872,8.5047,12.584
8.401,0.014419,6.4117
2.8728,5.7604,6.2027
8.3218,11.371,6.2917
8.546,0.020783,12.585
3.266,5.6882,12.897
8.6747,11.588,12.139
8.5962,5.8792,6.2227
2.5037,11.274,5.5687
8.9766,5.7038,11.542
2.8347,11.232,12.061
-0.33143,10.925,-8.5618
-2.9513,11.518,-11.323
-0.65246,12.058,-2.5832
-0.33143,10.925,3.2738
-6.257,12.106,-8.4592
-3.0962,11.512,-5.6602
-2.9513,11.518,0.51282
-0.65246,12.058,9.2525
-6.257,12.106,3.3765
-3.0962,11.512,6.1755
-2.9513,11.518,12.348
0,0,0
-5.7021,0.029698,0.095
5.7064,0.15556,0.649
-0.06364,-0.046669,-5.757
0.17324,-5.8046,0.174
0.034648,5.8824,0.655
-0.06364,-0.046669,6.0787
5.5946,0.033941,-5.295
-5.4299,-5.6788,0.38
-0.09051,5.7827,-5.502
5.7,-5.7806,0.455
-5.7972,5.7166,0.21876
-0.05869,-5.8216,-5.74
-6.0238,0.028991,-5.577
-0.05869,-5.8216,6.0957
6.1022,5.7837,0.61706
-0.09051,5.7827,6.3337
5.5946,0.033941,6.5407
-6.0238,0.028991,6.2587
5.6668,-5.5098,-5.392
5.6999,5.684,-5.2059
-5.8322,-5.7785,-5.443
-5.8305,5.9874,-5.6282
5.6668,-5.5098,6.4437
-5.8322,-5.7785,6.3927
-5.8305,5.9874,6.2074
5.6999,5.684,6.6297
11.387,-0.00042992,0.32906
-0.14496,-11.463,0.092
-0.11011,11.497,0.09282
-11.642,0.034312,-0.14424
0,0,-11.836
0,0,11.836
5.7064,0.15556,-11.187
11.337,0.046946,-5.5069
0.034648,5.8824,-11.181
-11.324,5.6926,-0.062238
-5.8257,-11.307,0.41194
-0.19516,-11.416,-5.744
-11.497,-5.5801,0.41794
5.7951,-11.468,0.33124
11.532,-5.6148,0.89124
5.83,11.492,0.33206
-0.16031,11.544,-5.7432
-0.19516,-11.416,6.0917
11.337,0.046946,6.3287
11.705,5.6578,0.41106
-5.7909,11.653,0.41276
0.17324,-5.8046,-11.662
-5.7021,0.029698,-11.741
-0.16031,11.544,6.0925
-11.692,0.081689,5.8554
-11.692,0.081689,-5.9802
-5.7021,0.029698,11.931
0.17324,-5.8046,12.01
5.7064,0.15556,12.485
5.4734,-11.468,-5.3408
11.407,-5.7145,-5.2658
0.034648,5.8824,12.491
5.5082,11.491,-5.3399
-5.4299,-5.6788,-11.456
11.473,5.6409,-5.5029
5.7,-5.7806,-11.381
-5.9374,-11.429,-5.5321
6.1022,5.7837,-11.219
-5.9026,11.531,-5.5312
-11.556,5.6756,5.8594
-11.623,-5.6798,-5.7391
-5.7972,5.7166,-11.617
-11.556,5.6756,-5.9762
11.473,5.6409,6.3327
5.4734,-11.468,6.4949
-11.623,-5.6798,6.0966
5.5082,11.491,6.4957
-5.9374,-11.429,6.3036
11.407,-5.7145,6.5699
-5.9026,11.531,6.3044
-5.4299,-5.6788,12.216
-5.7972,5.7166,12.054
5.7,-5.7806,12.291
6.1022,5.7837,12.453
11.387,-0.00042992,-11.507
11.497,-11.497,0.23624
-11.497,11.497,-0.23624
-11.532,-11.462,-0.23706
11.532,11.462,0.23706
-0.14496,-11.463,-11.744
-0.11011,11.497,-11.743
-11.642,0.034312,11.691
-0.14496,-11.463,11.928
-0.11011,11.497,11.928
11.387,-0.00042992,12.165
-11.642,0.034312,-11.98
11.532,-5.6148,-10.944
-5.8257,-11.307,-11.424
11.468,11.416,-5.5199
-11.497,-5.5801,-11.418
11.434,-11.544,-5.5208
5.7951,-11.468,-11.504
5.83,11.492,-11.504
-11.561,11.451,5.8424
-11.324,5.6926,11.773
11.705,5.6578,-11.425
-5.7909,11.653,-11.423
-11.561,11.451,-5.9932
-11.596,-11.509,5.8416
11.468,11.416,6.3157
-11.324,5.6926,-11.898
-11.596,-11.509,-5.9941
11.434,-11.544,6.3149
-5.8257,-11.307,12.248
5.7951,-11.468,12.167
-11.497,-5.5801,12.254
5.83,11.492,12.168
11.705,5.6578,12.247
-5.7909,11.653,12.248
11.532,-5.6148,12.727
-11.532,-11.462,11.599
11.532,11.462,-11.599
11.497,-11.497,-11.599
-11.497,11.497,11.599
11.497,-11.497,12.072
-11.497,11.497,-12.072
-11.532,-11.462,-12.073
11.532,11.462,12.073
