-3.0013,-10.027,-3.6628
-9.3171,-8.9835,-3.7418
-9.9981,-9.5414,-10.424
-3.0017,-10.026,9.5145
-9.3176,-8.9821,9.4355
-9.9985,-9.5401,2.7535
10.144,-9.3772,-3.1083
9.2575,-9.6035,-10.029
10.144,-9.3759,10.069
9.2571,-9.6022,3.1479
9.6729,2.6454,-3.6632
-9.0053,-3.1776,-3.1152
3.5551,-3.5036,-3.7362
-2.4582,3.2266,-3.1102
3.2263,-9.1216,-3.5052
-2.8747,-2.7718,-4.0262
9.4764,-2.624,-3.3772
3.3571,3.6891,-3.7422
3.6767,-3.283,-10.284
-3.3449,3.0004,-10.031
-2.9609,-9.584,-10.334
-9.0392,-3.4251,-9.6832
2.5432,-9.1866,-10.053
-3.2883,-2.3991,-10.485
9.0783,-3.0122,-9.8242
2.6761,3.1312,-10.424
9.6725,2.6467,9.514
-9.0057,-3.1763,10.062
3.5546,-3.5023,9.441
-2.4586,3.2279,10.067
3.2258,-9.1203,9.672
-2.8751,-2.7704,9.151
9.4759,-2.6227,9.8
3.3566,3.6904,9.435
3.6762,-3.2817,2.893
-3.3453,3.0017,3.146
-2.9614,-9.5827,2.843
-9.0397,-3.4238,3.494
2.5428,-9.1853,3.124
-3.2888,-2.3978,2.692
9.0778,-3.0109,3.353
2.6757,3.1325,2.753
-9.0473,9.1002,-3.7381
-9.3761,3.4823,-3.5071
-3.126,9.9799,-3.3791
-8.9257,9.3208,-10.286
-10.059,3.4172,-10.055
-3.5241,9.5917,-9.8261
-9.0478,9.1015,9.4391
-9.3766,3.4836,9.6701
-3.1265,9.9812,9.7981
-8.9262,9.3222,2.8911
-10.06,3.4185,3.1221
-3.5246,9.593,3.3511
3.6689,9.4949,-3.1157
9.7995,9.9008,-4.0267
9.7133,3.0885,-10.335
3.635,9.2474,-9.6837
9.3859,10.273,-10.486
3.6685,9.4962,10.062
9.7991,9.9021,9.1505
9.7128,3.0898,2.8425
3.6346,9.2487,3.4935
9.3855,10.275,2.6915
-4.325,-9.774,-3.0088
-10.213,-3.4136,-2.2678
-9.3794,-10.013,-2.6588
-8.6921,-9.156,-9.7968
-4.3254,-9.7727,10.168
-10.213,-3.4123,10.909
-9.3798,-10.012,10.518
-8.6925,-9.1547,3.3805
8.7088,-9.4267,-2.6923
3.1043,-10.432,-2.7833
9.529,-3.9297,-2.6483
9.4958,-8.8533,-8.7493
3.6261,-9.4027,-9.0443
10.445,-2.9022,-9.2283
8.7084,-9.4254,10.485
3.1038,-10.431,10.394
9.5286,-3.9284,10.529
9.4954,-8.8519,4.4279
3.6257,-9.4014,4.1329
10.444,-2.9009,3.9489
2.2455,-3.4937,-3.0142
-3.8936,3.1771,-2.6942
8.3492,2.8985,-3.0092
2.4612,9.259,-2.2682
-3.2409,-3.9031,-3.1272
-9.4981,2.1716,-2.7852
3.2948,2.6595,-2.6592
-3.0734,8.6742,-2.6502
-2.8761,-8.3438,-9.5062
-9.3857,-2.0293,-9.2862
3.4794,-1.984,-9.5792
-3.1066,3.7506,-8.7512
-2.3387,-3.1281,-9.5842
-8.9763,3.2012,-9.0462
3.9822,3.5165,-9.7972
-2.1577,9.7016,-9.2302
2.2451,-3.4924,10.163
-3.894,3.1784,10.483
8.3488,2.8998,10.168
2.4607,9.2603,10.909
-3.2414,-3.9018,10.05
-9.4986,2.1729,10.392
3.2944,2.6608,10.518
-3.0738,8.6755,10.527
-2.8765,-8.3424,3.671
-9.3861,-2.028,3.891
3.479,-1.9827,3.598
-3.107,3.7519,4.426
-2.3391,-3.1268,3.593
-8.9767,3.2025,4.131
3.9817,3.5179,3.38
-2.1581,9.7029,3.947
-10.357,9.1101,-3.0161
-9.123,10.62,-9.5811
-10.357,9.1114,10.161
-9.1234,10.621,3.5961
9.4333,8.7694,-3.1277
9.7981,4.3288,-9.5067
3.2885,10.643,-9.2867
10.336,9.5444,-9.5847
9.4328,8.7707,10.05
9.7977,4.3301,3.6705
3.2881,10.645,3.8905
10.335,9.5457,3.5925
0.099038,-12.955,-10.021
0.098605,-12.954,3.1564
-12.119,-9.5328,-13.658
-12.5,-13.19,-10.119
-6.0008,-6.6401,-10.233
-12.503,-0.3511,-10.023
-6.7694,-12.385,-3.6318
-12.798,-5.8913,-3.2558
-11.759,-12.75,-3.5048
-6.5658,-12.254,-10.209
-13.63,-6.1727,-9.9308
-9.5816,-13.196,-13.389
-3.3916,-12.146,-13.536
-9.5158,-5.8446,-12.736
-12.119,-9.5315,-0.48076
-5.8707,-9.3299,-6.7658
-12.001,-2.9893,-6.6348
-6.8974,-9.4516,-13.41
-13.348,-3.2234,-13.155
-12.792,-9.494,-6.5748
-9.4586,-11.809,-7.0928
-3.1335,-13.015,-6.8638
-9.4437,-6.8232,-6.8968
-12.5,-13.189,3.0585
-6.0012,-6.6388,2.9445
-12.504,-0.34978,3.1545
-6.7699,-12.384,9.5455
-12.799,-5.89,9.9215
-11.76,-12.748,9.6725
-6.5662,-12.253,2.9685
-13.63,-6.1714,3.2465
-9.582,-13.195,-0.21154
-3.392,-12.144,-0.35854
-9.5163,-5.8433,0.44146
-12.12,-9.5302,12.696
-5.8711,-9.3286,6.4115
-12.001,-2.988,6.5425
-6.8979,-9.4502,-0.23254
-13.348,-3.2221,0.022461
-12.792,-9.4927,6.6025
-9.459,-11.808,6.0845
-3.1339,-13.013,6.3135
-9.4441,-6.8219,6.2805
-9.5825,-13.194,12.966
-3.3925,-12.143,12.819
-9.5167,-5.842,13.619
-6.8983,-9.4489,12.945
-13.349,-3.2207,13.2
13.158,-9.4641,-13.657
12.777,-13.121,-10.117
6.7975,-6.5141,-9.8643
12.773,-0.28241,-10.021
6.1399,-12.024,-3.2673
12.478,-5.8226,-3.2543
0.6195,-13.104,-3.3443
13.517,-12.681,-3.5033
6.8689,-6.0736,-3.1963
6.0069,-12.376,-9.8003
11.647,-6.104,-9.9293
3.1311,-13.132,-13.02
9.435,-6.954,-13.212
9.3254,-11.913,-13.274
13.157,-9.4628,-0.47932
6.772,-9.2379,-6.3843
13.276,-2.9206,-6.6333
5.7283,-9.4571,-13.147
11.929,-3.1547,-13.153
12.485,-9.4253,-6.5733
3.1092,-11.919,-6.5393
9.5821,-5.4224,-6.4793
9.5835,-12.929,-6.9223
12.776,-13.12,3.0599
6.7971,-6.5128,3.3129
12.773,-0.2811,3.1559
6.1394,-12.023,9.9099
12.478,-5.8213,9.9229
0.61906,-13.102,9.8329
13.517,-12.68,9.6739
6.8685,-6.0723,9.9809
6.0065,-12.375,3.3769
11.646,-6.1027,3.2479
3.1307,-13.131,0.1569
9.4346,-6.9526,-0.035097
9.325,-11.912,-0.097097
13.157,-9.4615,12.698
6.7716,-9.2366,6.7929
13.276,-2.9193,6.5439
5.7279,-9.4558,0.029903
11.929,-3.1534,0.023903
12.484,-9.424,6.6039
3.1088,-11.918,6.6379
9.5816,-5.4211,6.6979
9.5831,-12.928,6.2549
3.1303,-13.129,13.334
9.4341,-6.9513,13.142
9.3245,-11.91,13.08
5.7275,-9.4545,13.207
11.928,-3.152,13.201
-5.4325,-3.1379,-13.687
0.55524,3.1398,-13.658
-0.70058,-3.1153,-13.771
0.17438,-0.5175,-10.119
-5.8049,6.0897,-9.8662
6.6734,6.0324,-10.233
0.17085,12.321,-10.023
-0.34463,-6.0739,-3.6432
-6.4625,0.57993,-3.2692
5.9048,0.28718,-3.6322
-0.12402,6.7813,-3.2562
-5.7519,-6.3702,-3.6712
-11.983,-0.49983,-3.3462
0.91472,-0.076976,-3.5052
-5.7335,6.5302,-3.1982
-0.16786,-5.8067,-10.253
-6.5955,0.22779,-9.8022
6.1084,0.41871,-10.209
-0.95557,6.4998,-9.9312
-3.2346,-7.083,-13.401
-9.4713,-0.52811,-13.022
3.0926,-0.52387,-13.389
-3.1674,5.6499,-13.214
2.9561,-5.7642,-13.393
-3.277,0.69094,-13.276
9.2826,0.52689,-13.536
3.1584,6.8279,-12.736
0.52935,-9.5091,-13.353
-5.433,-3.1366,-0.51022
6.9965,-3.1451,-13.063
0.55481,3.1411,-0.48122
0.7832,-3.0723,-6.6752
-5.8304,3.3659,-6.3862
6.8035,3.3426,-6.7662
0.6736,9.6832,-6.6352
-0.70102,-3.114,-0.59422
-6.8741,3.1467,-13.149
5.7768,3.221,-13.41
-0.67344,9.4492,-13.155
-0.3213,-9.3882,-6.7512
-6.78,-3.02,-6.2042
5.8058,-2.9344,-6.8862
-0.11765,3.1785,-6.5752
-3.1285,-5.4213,-7.0132
-9.4932,0.68458,-6.5412
3.2156,0.86348,-7.0932
-3.0203,7.1815,-6.4812
3.3083,-6.733,-6.8642
-3.0189,-0.32517,-6.9242
9.5407,-0.34214,-6.8642
3.2305,5.8493,-6.8972
0.17395,-0.51619,3.058
-5.8053,6.091,3.311
6.673,6.0337,2.944
0.17041,12.323,3.154
-0.34507,-6.0726,9.534
-6.463,0.58124,9.908
5.9043,0.2885,9.545
-0.12445,6.7826,9.921
-5.7523,-6.3689,9.506
-11.983,-0.49851,9.831
0.91429,-0.07566,9.672
-5.7339,6.5315,9.979
-0.16829,-5.8053,2.924
-6.5959,0.2291,3.375
6.108,0.42002,2.968
-0.95601,6.5011,3.246
-3.235,-7.0817,-0.224
-9.4717,-0.52679,0.155
3.0922,-0.52255,-0.212
-3.1678,5.6512,-0.037
2.9557,-5.7629,-0.216
-3.2774,0.69226,-0.099
9.2822,0.52821,-0.359
3.1579,6.8292,0.441
0.52892,-9.5078,-0.176
-5.4334,-3.1353,12.667
6.9961,-3.1438,0.114
0.55437,3.1424,12.696
0.78277,-3.071,6.502
-5.8308,3.3672,6.791
6.8031,3.3439,6.411
0.67317,9.6845,6.542
-0.70145,-3.1127,12.583
-6.8745,3.148,0.028
5.7764,3.2223,-0.233
-0.67387,9.4505,0.022
-0.32173,-9.3868,6.426
-6.7804,-3.0186,6.973
5.8053,-2.9331,6.291
-0.11809,3.1799,6.602
-3.1289,-5.42,6.164
-9.4936,0.68589,6.636
3.2152,0.86479,6.084
-3.0208,7.1828,6.696
3.3078,-6.7317,6.313
-3.0193,-0.32385,6.253
9.5403,-0.34083,6.313
3.2301,5.8506,6.28
-3.2354,-7.0804,12.953
-9.4721,-0.52548,13.332
3.0917,-0.52124,12.965
-3.1683,5.6525,13.14
2.9553,-5.7616,12.961
-3.2779,0.69357,13.078
9.2818,0.52952,12.818
3.1575,6.8306,13.618
0.52848,-9.5064,13.001
6.9957,-3.1425,13.291
-6.8749,3.1494,13.205
5.7759,3.2236,12.944
-0.67431,9.4518,13.199
-13.303,9.4885,-13.773
-12.428,12.086,-10.121
-12.947,6.5299,-3.6451
-6.6976,12.891,-3.6341
-11.688,12.527,-3.5071
-12.77,6.7972,-10.255
-6.494,13.023,-10.211
-9.5098,12.08,-13.391
-9.6463,6.8396,-13.395
-3.3198,13.131,-13.538
-12.073,3.0948,-13.355
-5.6059,9.4587,-13.065
-11.819,9.5316,-6.6771
-13.303,9.4898,-0.59613
-12.924,3.2157,-6.7531
-6.7966,9.6695,-6.8881
-9.3868,13.467,-7.0951
-9.2941,5.8709,-6.8661
-3.0617,12.262,-6.8661
-12.428,12.088,3.0561
-12.947,6.5312,9.5321
-6.6981,12.892,9.5431
-11.688,12.528,9.6701
-12.771,6.7985,2.9221
-6.4944,13.024,2.9661
-9.5102,12.081,-0.2139
-9.6467,6.8409,-0.2179
-3.3202,13.132,-0.3609
-12.073,3.0961,-0.1779
-5.6063,9.46,0.1121
-11.82,9.5329,6.5001
-13.304,9.4912,12.581
-12.924,3.217,6.4241
-6.7971,9.6708,6.2891
-9.3872,13.469,6.0821
-9.2946,5.8722,6.3111
-3.0621,12.263,6.3111
-9.5107,12.083,12.963
-9.6471,6.8422,12.959
-3.3206,13.133,12.816
-12.074,3.0974,12.999
-5.6067,9.4614,13.289
13.294,-0.43114,-3.3448
13.293,-0.42982,9.8324
7.2417,9.5346,-13.688
11.974,9.5572,-13.772
12.849,12.155,-10.12
12.33,6.5986,-3.6437
6.2117,13.252,-3.2697
6.9223,6.3023,-3.6717
0.69131,12.173,-3.3467
13.589,12.596,-3.5057
12.506,6.8659,-10.254
6.0788,12.9,-9.8027
9.4396,5.5895,-13.402
3.2029,12.144,-13.023
9.3972,13.363,-13.277
13.204,3.1635,-13.354
7.2412,9.5359,-0.51068
13.457,9.6003,-6.6757
11.973,9.5585,-0.59468
12.353,3.2844,-6.7517
5.8942,9.6526,-6.2047
9.5457,7.2512,-7.0137
3.181,13.357,-6.5417
9.6553,12.347,-6.9247
12.848,12.156,3.0575
12.329,6.5999,9.5335
6.2113,13.254,9.9075
6.9219,6.3036,9.5055
0.69087,12.174,9.8305
13.589,12.597,9.6715
12.506,6.8672,2.9235
6.0783,12.902,3.3745
9.4392,5.5909,-0.22446
3.2025,12.146,0.15454
9.3968,13.365,-0.099461
13.203,3.1648,-0.17646
7.2408,9.5372,12.667
13.457,9.6016,6.5015
11.973,9.5598,12.583
12.352,3.2857,6.4255
5.8938,9.6539,6.9725
9.5453,7.2526,6.1635
3.1806,13.358,6.6355
9.6549,12.349,6.2525
9.4388,5.5922,12.953
3.2021,12.147,13.332
9.3963,13.366,13.078
13.203,3.1661,13.001
0,0,0
6.2812,-0.14213,-0.023
-6.3399,-0.09051,-0.354
-0.03677,6.3724,0.208
-0.10889,-6.3795,-0.076
0.28328,-0.047985,-6.5322
0.28284,-0.046669,6.645
-6.0847,-0.006364,6.334
6.173,-6.2777,-0.155
-6.2452,-6.3255,-0.13954
0.022627,-6.2975,6.428
-6.4294,6.3262,-0.1569
6.429,6.347,-0.14
6.2944,0.25678,-6.5852
0.018818,6.4022,-6.4892
6.294,0.25809,6.592
-6.0842,-0.0076799,-6.8432
0.023061,-6.2988,-6.7492
0.018385,6.4036,6.688
6.3951,-6.0712,6.334
-6.3145,-6.1532,6.408
-6.2073,6.5326,6.3321
-6.314,-6.1546,-6.7692
6.3597,6.5193,6.4075
6.3955,-6.0725,-6.8432
-6.2069,6.5313,-6.8451
6.3602,6.518,-6.7697
12.497,0.09051,-0.327
-0.17681,-12.582,-0.32654
-0.105,12.694,-0.3289
-12.779,0.021823,-0.32844
0.00043346,-0.0013159,-13.177
-0.00043346,0.0013159,13.177
-6.3212,12.462,-0.024903
12.566,-6.2314,0.2099
-0.11034,-12.535,6.3455
12.565,6.293,-0.076461
12.564,0.13718,6.345
6.3343,12.582,-0.35446
-12.711,6.2243,-0.077903
6.2625,-12.694,-0.3521
-12.711,-6.3001,0.20846
-12.713,0.068492,6.3436
-0.03853,12.741,6.3431
-0.1099,-12.537,-6.8318
12.564,0.13586,-6.8322
-6.3404,-0.089194,12.823
-6.393,-12.815,-0.022539
-12.712,0.067176,-6.8337
-0.036336,6.3711,-12.969
-0.038096,12.74,-6.8341
-0.10933,-6.3782,13.101
6.2808,-0.14081,13.154
6.2817,-0.14344,-13.2
-0.10846,-6.3808,-13.253
-0.037203,6.3738,13.385
-6.3395,-0.091826,-13.531
-6.3798,-12.416,-6.5848
-6.3803,-12.414,6.5925
-12.58,6.3064,6.4261
12.621,-6.2016,-6.4873
-12.655,-6.2703,-6.4888
6.5177,-12.61,6.3359
12.621,-6.2003,6.6899
12.697,6.375,6.4275
-12.579,6.305,-6.7511
6.5896,12.666,6.3335
-12.656,-6.269,6.6885
6.1726,-6.2764,13.022
12.697,6.3737,-6.7497
6.5182,-12.612,-6.8413
-6.308,12.861,-6.5871
-6.3084,12.862,6.5901
-6.2456,-6.3242,13.038
6.59,12.665,-6.8437
-6.4298,6.3275,13.02
6.4286,6.3483,13.037
6.1735,-6.279,-13.332
-6.2448,-6.3269,-13.317
6.4294,6.3457,-13.317
-6.4289,6.3248,-13.334
12.602,-12.604,0.001903
-12.602,12.604,-0.001903
-12.674,-12.673,0.000461
12.674,12.673,-0.000461
12.497,0.091826,12.85
-0.17724,-12.581,12.851
-0.10543,12.696,12.848
-12.78,0.023139,12.849
12.498,0.089194,-13.504
-0.17637,-12.583,-13.504
-0.10456,12.693,-13.506
-12.779,0.020507,-13.506
-12.319,12.556,-6.5341
-12.32,12.557,6.6431
-12.391,-12.721,-6.5318
-12.391,-12.719,6.6455
6.3339,12.583,12.823
6.262,-12.693,12.825
12.566,-6.2327,-12.967
-6.3216,12.463,13.152
12.886,-12.652,-6.5303
12.565,6.2943,13.101
-12.711,-6.3014,-12.969
-6.3207,12.46,-13.202
12.957,12.625,-6.5327
12.885,-12.651,6.6469
12.957,12.626,6.6445
-12.712,6.2256,13.099
12.566,6.2917,-13.254
12.565,-6.2301,13.387
-12.711,6.223,-13.255
-6.3934,-12.813,13.155
-6.3925,-12.816,-13.2
-12.711,-6.2988,13.386
6.3347,12.581,-13.532
6.2629,-12.696,-13.529
12.603,-12.605,-13.175
-12.603,12.605,13.175
-12.602,12.603,-13.179
12.602,-12.603,13.179
-12.675,-12.671,13.178
12.675,12.671,-13.178
-12.674,-12.674,-13.177
12.674,12.674,13.177
