-10.163,-9.709,-10.145
-10.163,-9.7076,3.0325
-9.7235,-9.3824,-3.8365
-9.7239,-9.381,9.3407
10.092,-9.7124,-10.536
10.091,-9.7111,2.6409
9.6828,-9.4565,-4.0581
9.6823,-9.4552,9.1191
-3.2784,-9.2015,-11.445
-9.6318,-3.2611,-10.485
3.3422,-3.5878,-10.374
-2.5105,2.8915,-10.538
2.2356,-9.8124,-10.621
-3.1964,-3.6931,-10.356
8.951,-3.9724,-9.9652
2.5114,2.9636,-10.145
-3.2789,-9.2002,1.732
-9.6322,-3.2598,2.692
3.3418,-3.5864,2.803
-2.5109,2.8928,2.639
2.2352,-9.8111,2.556
-3.1968,-3.6918,2.821
8.9506,-3.9711,3.212
2.5109,2.9649,3.032
3.3354,-5.0141,-4.127
-2.9196,3.1473,-4.06
-2.8652,-9.2956,-4.333
-9.7616,-2.8051,-3.923
2.733,-9.7503,-4.223
-3.0738,-3.2817,-3.401
9.9122,-3.0335,-3.931
2.9508,3.2902,-3.837
3.335,-5.0128,9.0502
-2.9201,3.1486,9.1172
-2.8656,-9.2943,8.8442
-9.762,-2.8038,9.2542
2.7325,-9.749,8.9542
-3.0742,-3.2804,9.7762
9.9118,-3.0322,9.2462
2.9503,3.2915,9.3402
-9.2602,9.0161,-10.376
-10.367,2.7914,-10.623
-3.6514,8.6314,-9.9671
-9.2606,9.0174,2.8011
-10.367,2.7927,2.5541
-3.6518,8.6327,3.2101
-9.267,7.5898,-4.1289
-9.8694,2.8536,-4.2249
-2.6902,9.5704,-3.9329
-9.2674,7.5911,9.0483
-9.8699,2.8549,8.9523
-2.6906,9.5717,9.2443
9.3958,3.4711,-11.446
3.0424,9.4115,-10.486
9.4778,8.9794,-10.357
9.3954,3.4724,1.7315
3.042,9.4128,2.6915
9.4774,8.9807,2.8205
9.809,3.3769,-4.3335
2.9126,9.8674,-3.9235
9.6004,9.3909,-3.4015
9.8086,3.3782,8.8438
2.9122,9.8688,9.2538
9.6,9.3922,9.7758
-9.4204,-4.7125,-10.241
-9.3843,-9.9713,-8.9258
-9.4208,-4.7112,2.9365
-9.3848,-9.97,4.2515
-3.2379,-10.747,-4.2005
-9.5028,-10.105,-2.5285
-3.2383,-10.746,8.9767
-9.5033,-10.104,10.649
9.3268,-9.9259,-9.2453
3.5625,-10.388,-10.969
9.3264,-9.9246,3.9319
3.562,-10.387,2.2079
9.5795,-8.8965,-2.6571
3.736,-10.298,-3.2191
10.055,-3.9984,-2.8071
9.5791,-8.8952,10.52
3.7356,-10.297,9.9581
10.055,-3.997,10.37
1.9209,-3.0928,-10.613
-3.2756,2.6779,-9.2472
-2.3514,-10.358,-11.252
3.2538,7.96,-10.241
-3.7274,-5.0585,-10.657
-9.0399,2.2155,-10.971
3.2899,2.7012,-8.9262
9.4042,-3.3947,-8.6672
1.9205,-3.0915,2.564
-3.276,2.6792,3.93
-2.3518,-10.356,1.925
3.2534,7.9613,2.936
-3.7279,-5.0572,2.52
-9.0404,2.2168,2.206
3.2895,2.7026,4.251
9.4038,-3.3934,4.51
9.4363,1.9255,-4.201
-8.9258,-3.2831,-2.759
2.5449,-3.7554,-4.376
-3.0229,3.7074,-2.659
-2.8511,-3.8099,-4.798
-8.8664,2.3059,-3.221
3.1714,2.5675,-2.529
-2.547,8.6055,-2.809
9.4359,1.9268,8.9762
-8.9262,-3.2818,10.418
2.5444,-3.7541,8.8012
-3.0233,3.7087,10.518
-2.8515,-3.8086,8.3792
-8.8668,2.3072,9.9562
3.1709,2.5688,10.648
-2.5474,8.6068,10.368
-10.681,9.5111,-10.615
-3.1982,9.2091,-8.6691
-10.682,9.5124,2.5621
-3.1986,9.2104,4.5081
-10.058,8.8484,-4.3779
-10.058,8.8497,8.7993
10.323,2.3149,-11.253
8.9468,7.614,-10.658
10.322,2.3162,1.9245
8.9463,7.6153,2.5195
3.7484,9.3894,-2.7595
9.8232,8.8626,-4.7985
3.748,9.3908,10.418
9.8227,8.864,8.3788
-5.3114,-12.585,-10.31
-12.558,-5.9266,-10.005
-6.7765,-7.5855,-10.014
-0.98318,-13.754,-10.537
-13.365,-13.172,-10.333
-9.4508,-13.238,-7.7418
-12.51,-3.4313,-14.111
-13.009,-9.6262,-13.75
-9.3758,-12.648,-12.724
-3.3485,-13.556,-14.089
-9.3277,-6.3834,-13.497
-11.808,-13.327,-3.6665
-5.3118,-12.583,2.8675
-12.558,-5.9253,3.1725
-6.7769,-7.5842,3.1635
-0.98361,-13.752,2.6405
-13.365,-13.171,2.8445
-7.5477,-13.94,-3.6015
-12.768,-6.8835,-3.5905
-9.4512,-13.237,5.4355
-3.1375,-13.362,-6.3555
-9.9158,-7.2031,-6.8665
-12.864,-9.9233,-7.2235
-5.9878,-10.318,-1.8345
-12.511,-3.4299,-0.93354
-6.3817,-10.115,-6.3655
-12.23,-3.3783,-6.8265
-13.009,-9.6249,-0.57254
-9.3763,-12.647,0.45346
-3.3489,-13.555,-0.91154
-9.3282,-6.3821,-0.31954
-11.808,-13.325,9.5107
-7.5481,-13.938,9.5757
-12.769,-6.8821,9.5867
-3.1379,-13.361,6.8217
-9.9162,-7.2017,6.3107
-12.864,-9.922,5.9537
-5.9882,-10.317,11.343
-12.511,-3.4286,12.244
-6.3821,-10.114,6.8117
-12.231,-3.377,6.3507
-13.01,-9.6236,12.605
-9.3767,-12.646,13.631
-3.3493,-13.554,12.266
-9.3286,-6.3808,12.858
-13.586,-1.1498,-10.539
-13.586,-1.1484,2.6386
7.2677,-12.19,-10.466
12.719,-5.8579,-10.003
11.912,-13.104,-10.331
6.1201,-7.9071,-10.17
2.8016,-12.528,-7.6913
6.6433,-10.01,-13.834
12.766,-3.3626,-14.109
12.268,-9.5575,-13.748
3.1227,-12.764,-13.67
9.2724,-6.3218,-12.904
9.4647,-13.046,-14.162
13.469,-13.258,-3.6651
7.2001,-6.5751,-3.6231
7.2673,-12.189,2.7109
12.718,-5.8566,3.1739
11.912,-13.102,2.8459
6.1196,-7.9058,3.0069
6.0567,-13.358,-3.6011
12.508,-6.8148,-3.5891
2.8012,-12.527,5.4859
9.2861,-6.4251,-7.1121
9.2811,-13.317,-6.4891
12.413,-9.8546,-7.2221
6.6429,-10.009,-0.6571
12.766,-3.3613,-0.9321
6.6281,-10.328,-6.0891
13.046,-3.3096,-6.8251
12.267,-9.5562,-0.5711
3.1222,-12.763,-0.4931
9.2719,-6.3205,0.2729
9.4643,-13.045,-0.9851
13.468,-13.257,9.5121
7.1997,-6.5737,9.5541
6.0563,-13.357,9.5761
12.508,-6.8134,9.5881
9.2856,-6.4238,6.0651
9.2807,-13.316,6.6881
12.412,-9.8533,5.9551
6.6425,-10.007,12.52
12.765,-3.3599,12.245
6.6276,-10.326,7.0881
13.046,-3.3083,6.3521
12.267,-9.5549,12.606
3.1218,-12.762,12.684
9.2715,-6.3192,13.45
9.4638,-13.044,12.192
-0.093612,-6.5145,-10.833
-5.3347,0.41376,-10.468
7.3628,0.08778,-10.31
0.1164,6.7459,-10.005
5.8977,5.087,-10.014
11.691,-1.0811,-10.537
-0.69041,-0.49983,-10.333
-6.4823,4.6967,-10.172
-3.4354,-5.7805,-7.3862
-9.8008,0.075759,-7.6932
3.2234,-0.56559,-7.7422
-0.6897,-9.8782,-7.8322
-6.9999,-3.667,-7.6522
0.35328,-3.1656,-14.066
-5.9591,2.5938,-13.836
0.16378,9.2413,-14.111
-0.45353,-9.7792,-13.949
-6.1585,-3.7433,-13.146
5.46,-3.7412,-13.576
-0.33474,3.0463,-13.75
-2.9136,-6.3999,-13.947
-9.4797,-0.16041,-13.672
3.2984,0.02414,-12.724
-3.33,6.282,-12.906
3.1421,-8.022,-13.836
-3.1377,-0.44255,-14.164
9.3258,-0.88379,-14.089
3.3465,6.2891,-13.497
0.86621,-0.65407,-3.667
-5.4023,6.0288,-3.625
-6.4799,-5.6965,-3.646
0.3486,-12.391,-3.928
-0.094045,-6.5132,2.344
-5.3351,0.41507,2.709
7.3624,0.089095,2.867
0.11597,6.7472,3.172
5.8973,5.0883,3.163
11.691,-1.0798,2.64
-0.69084,-0.49851,2.844
-6.4828,4.698,3.005
-0.57134,-6.61,-4.319
-6.5457,-0.75448,-3.603
5.1265,-1.2671,-3.602
-0.094045,5.7891,-3.591
-3.4358,-5.7792,5.791
-9.8012,0.077075,5.484
3.223,-0.56427,5.435
-3.3163,6.1787,-7.114
2.8723,-7.5109,-7.066
-3.3213,-0.71347,-6.491
9.5367,-0.68943,-6.356
2.7584,5.4695,-6.867
-0.69014,-9.8769,5.345
-7.0004,-3.6656,5.525
6.1504,-3.9782,-6.674
-0.1895,2.7492,-7.224
0.35285,-3.1643,-0.889
-5.9595,2.5951,-0.659
6.6864,2.3547,-1.835
0.16334,9.2426,-0.934
0.074953,-3.5582,-7.262
-5.9743,2.2762,-6.091
6.2925,2.5576,-6.366
0.44406,9.2942,-6.827
-0.45396,-9.7779,-0.772
-6.1589,-3.742,0.031
5.4596,-3.7399,-0.399
-0.33517,3.0476,-0.573
-2.914,-6.3986,-0.77
-9.4802,-0.1591,-0.495
3.2979,0.025456,0.453
-3.3305,6.2834,0.271
3.1417,-8.0207,-0.659
-3.1381,-0.44123,-0.987
9.3253,-0.88247,-0.912
3.346,6.2904,-0.32
0.86577,-0.65276,9.5102
-5.4027,6.0301,9.5522
-6.4804,-5.6951,9.5312
0.34817,-12.389,9.2492
-0.57178,-6.6087,8.8582
-6.5461,-0.75317,9.5742
5.1261,-1.2658,9.5752
-0.094479,5.7904,9.5862
-3.3168,6.18,6.0632
2.8718,-7.5096,6.1112
-3.3217,-0.71215,6.6862
9.5363,-0.68811,6.8212
2.758,5.4708,6.3102
6.15,-3.9769,6.5032
-0.18994,2.7505,5.9532
0.35241,-3.163,12.288
-5.9599,2.5964,12.518
6.686,2.356,11.342
0.16291,9.2439,12.243
0.07452,-3.5568,5.9152
-5.9748,2.2775,7.0862
6.2921,2.5589,6.8112
0.44363,9.2955,6.3502
-0.4544,-9.7766,12.405
-6.1593,-3.7407,13.208
5.4591,-3.7386,12.778
-0.3356,3.0489,12.604
-2.9144,-6.3973,12.407
-9.4806,-0.15778,12.682
3.2975,0.026772,13.63
-3.3309,6.2847,13.448
3.1412,-8.0194,12.518
-3.1386,-0.43992,12.19
9.3249,-0.88115,12.265
3.3456,6.2917,12.857
-12.696,6.0894,-10.835
-5.2396,12.692,-10.312
-0.91137,11.523,-10.539
-13.293,12.104,-10.335
-9.379,12.038,-7.7441
-13.292,2.7257,-7.8341
-12.249,9.4382,-14.068
-13.056,2.8247,-13.951
-7.1424,8.8626,-13.578
-9.304,12.628,-12.726
-9.4603,4.5818,-13.838
-3.2766,11.72,-14.091
-11.736,11.95,-3.6689
-12.254,0.21321,-3.9299
-12.696,6.0907,2.3421
-5.24,12.693,2.8651
-0.91181,11.524,2.6381
-13.293,12.105,2.8421
-13.174,5.9938,-4.3209
-7.4759,11.337,-3.6039
-9.3794,12.04,5.4331
-9.7301,5.093,-7.0679
-3.0657,11.914,-6.3579
-13.293,2.727,5.3431
-6.452,8.6257,-6.6759
-12.25,9.4395,-0.8909
-12.527,9.0457,-7.2639
-13.056,2.826,-0.7739
-7.1428,8.864,-0.4009
-9.3045,12.629,0.4511
-9.4607,4.5831,-0.6609
-3.2771,11.721,-0.9139
-11.737,11.951,9.5083
-12.254,0.21453,9.2473
-13.174,5.9951,8.8563
-7.4763,11.338,9.5733
-9.7306,5.0943,6.1093
-3.0661,11.916,6.8193
-6.4524,8.627,6.5013
-12.25,9.4409,12.286
-12.528,9.047,5.9133
-13.057,2.8273,12.403
-7.1433,8.8653,12.776
-9.3049,12.631,13.628
-9.4612,4.5845,12.516
-3.2775,11.723,12.263
12.581,6.1581,-10.834
7.3395,13.086,-10.469
11.984,12.173,-10.334
9.2388,6.892,-7.3867
2.8734,12.748,-7.6937
11.985,2.7944,-7.8327
5.6743,9.0056,-7.6527
13.027,9.5069,-14.067
12.221,2.8933,-13.95
6.5157,8.9292,-13.147
9.7607,6.2726,-13.948
3.1945,12.512,-13.673
9.5365,12.23,-14.165
13.54,12.018,-3.6675
6.1943,6.9761,-3.6465
13.023,0.2819,-3.9285
12.58,6.1594,2.3435
7.3391,13.088,2.7085
11.983,12.174,2.8435
12.103,6.0625,-4.3195
6.1285,11.918,-3.6035
9.2384,6.8933,5.7905
2.873,12.75,5.4835
9.3529,11.959,-6.4915
11.984,2.7957,5.3445
5.6739,9.0069,5.5245
13.027,9.5082,-0.88946
12.749,9.1144,-7.2625
12.22,2.8947,-0.77246
6.5153,8.9305,0.030539
9.7602,6.2739,-0.77046
3.194,12.513,-0.49546
9.5361,12.231,-0.98746
13.54,12.02,9.5098
6.1939,6.9774,9.5308
13.022,0.28322,9.2488
12.102,6.0638,8.8578
6.1281,11.919,9.5738
9.3525,11.96,6.6858
13.027,9.5095,12.288
12.749,9.1157,5.9148
12.22,2.896,12.405
6.5149,8.9318,13.208
9.7598,6.2752,12.407
3.1936,12.515,12.682
9.5356,12.233,12.19
0.42041,12.886,-3.9304
0.41998,12.887,9.2469
3.1703,13.305,13.767
9.3405,11.608,12.645
0,0,0
-0.15768,5.9998,0.135
-6.1518,-0.57276,-0.86
0.27011,-6.3597,-0.663
6.4347,-0.58973,-0.07
-0.17041,-0.25102,-6.506
-0.17085,-0.24971,6.6712
-6.4333,-0.4681,5.592
-6.3848,5.8687,-0.9569
-0.14071,-6.7748,5.688
6.6624,5.8461,-0.86946
6.3166,-0.79267,-6.325
-0.14044,6.2776,6.4402
-6.0118,-6.8264,-0.869
-0.14001,6.2763,-6.737
6.2176,-6.7352,-0.955
6.3162,-0.79135,6.8522
-6.4328,-0.46942,-7.5852
-0.14028,-6.7761,-7.4892
6.2568,5.41,6.0982
-6.7752,5.4029,5.9562
6.2572,5.4087,-7.079
5.8272,-7.2009,5.9581
-6.7748,5.4016,-7.221
-6.4175,-7.2626,6.0987
5.8276,-7.2023,-7.2191
-6.417,-7.2639,-7.0785
0.1464,12.321,-0.99546
-12.528,-0.35143,-0.995
12.749,-0.28275,-0.99356
0.074592,-12.955,-0.9931
-0.00043346,0.0013159,13.177
0.00043346,-0.0013159,-13.177
-0.10995,12.211,5.3571
-6.1677,12.014,-0.071903
12.492,-0.39244,5.359
6.5224,12.1,-0.86046
-6.1523,-0.57144,12.317
-12.332,6.2441,-0.6649
-12.784,-0.46113,5.3576
0.26968,-6.3584,12.514
12.445,-6.604,0.1369
-0.18176,-13.065,5.3595
-0.15725,5.9985,-13.042
12.944,6.3128,-0.66346
-12.832,-6.6727,0.13546
-0.10951,12.21,-7.8201
-0.15812,6.0011,13.312
6.4342,-0.58841,13.107
-6.2395,-13.262,-0.069539
6.4506,-13.177,-0.8581
6.4351,-0.59104,-13.247
12.493,-0.39376,-7.8182
-6.2858,11.811,-6.3269
6.241,12.204,5.5915
12.533,5.8977,5.6875
-6.3852,5.87,12.22
-12.784,-0.46245,-7.8197
-6.2863,11.812,6.8503
-12.743,5.8291,5.6861
6.662,5.8474,12.308
-0.18132,-13.066,-7.8178
0.27055,-6.361,-13.84
6.2172,-6.7339,12.222
-6.0123,-6.8251,12.308
-6.1514,-0.57407,-14.037
12.462,-6.3263,6.4421
6.1691,-13.072,5.5939
12.462,-6.3276,-6.7351
6.2414,12.203,-7.5857
-12.815,-6.3949,6.4407
12.534,5.8964,-7.4897
-12.814,-6.3963,-6.7365
-12.743,5.8277,-7.4911
-6.3576,-13.465,-6.3245
6.1696,-13.073,-7.5833
-6.3581,-13.464,6.8527
-6.3844,5.8673,-14.134
6.6628,5.8448,-14.047
-6.0114,-6.8277,-14.046
6.218,-6.7365,-14.132
0.14597,12.322,12.182
-12.528,-0.35012,12.182
12.748,-0.28143,12.184
0.074159,-12.954,12.184
12.602,-12.604,0.001903
-12.602,12.604,-0.001903
-12.674,-12.673,0.000461
12.674,12.673,-0.000461
6.5219,12.101,12.317
-12.333,6.2454,12.512
0.14683,12.32,-14.173
12.504,12.422,-6.5065
-6.1682,12.015,13.105
12.503,12.423,6.6708
-6.1673,12.013,-13.249
-12.527,-0.35275,-14.172
-12.773,12.353,-6.5079
-12.773,12.354,6.6693
12.432,-12.855,-6.5041
12.749,-0.28406,-14.171
12.944,6.3141,12.514
12.432,-12.854,6.6731
6.4501,-13.175,12.319
12.445,-6.6054,-13.04
0.075025,-12.957,-14.17
-12.845,-12.924,-6.5055
12.444,-6.6027,13.314
-12.845,-12.922,6.6717
-12.831,-6.674,-13.042
-12.332,6.2428,-13.842
6.5228,12.098,-14.038
-12.832,-6.6714,13.313
-6.24,-13.261,13.108
-6.2391,-13.264,-13.247
12.945,6.3115,-13.841
6.451,-13.178,-14.035
12.603,-12.605,-13.175
-12.603,12.605,13.175
12.602,-12.603,13.179
-12.602,12.603,-13.179
-12.675,-12.671,13.178
12.675,12.671,-13.178
-12.674,-12.674,-13.177
12.674,12.674,13.177
