-9.4607,-2.9441,-10.313
-9.6452,-9.7627,-10.788
-9.4611,-2.9427,2.8645
-9.6457,-9.7614,2.3895
-9.6238,-3.1704,-3.9875
-10.033,-9.323,-4.3555
-9.6242,-3.1691,9.1897
-10.034,-9.3217,8.8217
10.313,-9.2386,-10.782
10.076,-3.359,-10.897
10.312,-9.2373,2.3949
10.075,-3.3577,2.2799
8.9304,-9.9543,-3.7221
8.93,-9.953,9.4551
-2.4942,-8.2702,-10.1
3.2135,9.7285,-10.313
3.7813,-3.0313,-9.5302
-2.2899,3.3652,-10.784
3.4723,-9.1103,-10.335
-2.9037,-3.0313,-9.8242
-2.5268,9.2448,-10.899
3.029,2.9098,-10.788
-2.4947,-8.2689,3.077
3.2131,9.7298,2.864
3.7809,-3.03,3.647
-2.2903,3.3665,2.393
3.4719,-9.1089,2.842
-2.9041,-3.03,3.353
-2.5272,9.2461,2.278
3.0285,2.9112,2.389
3.9725,-3.8311,-2.767
-3.672,2.6495,-3.724
-1.3711,-9.606,-3.898
3.0505,9.5021,-3.988
3.4613,-8.7589,-3.815
-2.7075,-2.7627,-3.348
9.599,-2.3766,-3.693
2.641,3.3496,-4.356
3.9721,-3.8298,10.41
-3.6724,2.6508,9.4532
-1.3715,-9.6047,9.2792
3.05,9.5034,9.1892
3.4609,-8.7576,9.3622
-2.7079,-2.7614,9.8292
9.5985,-2.3753,9.4842
2.6406,3.3509,8.8212
-8.8211,9.5726,-9.5321
-9.1301,3.4936,-10.337
-8.8215,9.5739,3.6451
-9.1305,3.4949,2.8401
-8.6299,8.7727,-2.7689
-9.1411,3.8449,-3.8169
-3.0034,10.227,-3.6949
-8.6303,8.7741,10.408
-9.1415,3.8462,9.3603
-3.0039,10.229,9.4823
10.18,4.4023,-10.101
9.7706,9.6413,-9.8247
10.18,4.4036,3.0765
9.7701,9.6426,3.3525
11.303,3.0665,-3.8985
9.9667,9.9099,-3.3485
11.303,3.0678,9.2788
9.9663,9.9112,9.8288
-9.4529,-3.4793,-8.9038
-8.3251,-9.9416,-11.422
-9.4533,-3.478,4.2735
-8.3255,-9.9403,1.7555
-9.6011,-9.6093,-2.9305
-9.6016,-9.608,10.247
9.2575,-9.1849,-9.6723
4.365,-9.7781,-9.3533
9.2571,-9.1836,3.5049
4.3646,-9.7768,3.8239
9.1786,-8.7006,-2.9471
4.0556,-10.101,-3.4551
10.227,-3.4843,-2.9261
9.1782,-8.6993,10.23
4.0552,-10.1,9.7221
10.227,-3.483,10.251
2.5531,-2.6813,-10.28
-3.3449,3.419,-9.6742
-2.1541,-9.7035,-9.7652
3.2213,9.1932,-8.9042
-3.6878,-4.3203,-10.014
-8.2374,2.8257,-9.3552
4.3491,2.7309,-11.422
9.5047,-2.6989,-9.6942
2.5527,-2.6799,2.897
-3.3453,3.4203,3.503
-2.1546,-9.7022,3.412
3.2209,9.1945,4.273
-3.6883,-4.319,3.163
-8.2378,2.827,3.822
4.3487,2.7323,1.755
9.5042,-2.6976,3.483
-2.3299,-9.3982,-2.745
-8.7738,-2.8567,-2.779
2.8631,-2.8928,-3.033
-3.4238,3.9032,-2.949
-2.3462,-4.0418,-4.035
-8.5468,2.5025,-3.457
3.0731,3.0632,-2.931
-2.3752,9.1196,-2.928
-2.3304,-9.3968,10.432
-8.7742,-2.8554,10.398
2.8626,-2.8915,10.144
-3.4242,3.9045,10.228
-2.3466,-4.0405,9.1422
-8.5472,2.5038,9.7202
3.0727,3.0645,10.246
-2.3756,9.1209,10.249
-10.049,9.9226,-10.282
-3.0977,9.9049,-9.6961
-10.05,9.9239,2.8951
-3.0982,9.9062,3.4811
-9.7393,9.7111,-3.0349
-9.7398,9.7124,10.142
10.52,2.969,-9.7657
8.9864,8.3522,-10.015
10.52,2.9703,3.4115
8.9859,8.3535,3.1625
10.344,3.2744,-2.7455
3.9004,9.8158,-2.7795
10.328,8.6307,-4.0355
10.344,3.2757,10.432
3.9,9.8171,10.398
10.328,8.632,9.1418
-0.23542,-13.179,-10.072
-0.23586,-13.178,3.1054
-5.2633,-11.852,-10.153
-11.946,-6.2031,-10.271
-6.7949,-6.8925,-10.321
-12.838,-0.57525,-10.074
-13.344,-12.719,-10.367
-9.1651,-12.332,-7.7388
-12.811,-9.762,-7.4298
-5.8452,-9.5039,-14.102
-12.123,-3.3422,-13.81
-12.975,-9.5626,-14.282
-9.1729,-12.807,-13.451
-2.8118,-12.594,-14.261
-9.1184,-6.5347,-14.329
-11.78,-12.371,-3.6925
-5.2637,-11.851,3.0245
-11.947,-6.2018,2.9065
-6.7953,-6.8912,2.8565
-12.838,-0.57394,3.1035
-13.345,-12.718,2.8105
-7.1149,-12.954,-3.8115
-13.412,-6.6218,-4.1635
-9.1655,-12.33,5.4385
-2.7627,-12.4,-6.4825
-9.1132,-6.3552,-6.7895
-12.811,-9.7607,5.7475
-5.8457,-9.5026,-0.92454
-12.123,-3.3408,-0.63254
-5.6583,-9.1936,-5.5585
-12.262,-3.4908,-6.4485
-12.975,-9.5613,-1.1045
-9.1733,-12.806,-0.27354
-2.8122,-12.593,-1.0835
-9.1189,-6.5334,-1.1515
-11.781,-12.37,9.4847
-7.1154,-12.953,9.3657
-13.412,-6.6205,9.0137
-2.7631,-12.399,6.6947
-9.1137,-6.3539,6.3877
-5.8461,-9.5013,12.253
-12.124,-3.3395,12.545
-5.6587,-9.1923,7.6187
-12.262,-3.4894,6.7287
-12.976,-9.5599,12.073
-9.1738,-12.805,12.904
-2.8126,-12.591,12.094
-9.1193,-6.5321,12.026
7.098,-11.967,-10.074
13.33,-6.1344,-10.269
12.439,-0.50657,-10.072
11.932,-12.65,-10.365
6.929,-6.8592,-10.404
9.5863,-5.906,-7.6903
12.466,-9.6933,-7.4283
6.5125,-9.6332,-13.801
13.154,-3.2735,-13.808
12.302,-9.4939,-14.28
3.2973,-12.403,-12.605
9.8685,-6.2306,-13.452
9.5998,-12.764,-13.645
13.496,-12.303,-3.6911
1.3721,-12.577,-3.2691
7.0976,-11.965,3.1029
13.33,-6.1331,2.9079
12.438,-0.50525,3.1049
11.932,-12.649,2.8119
6.9286,-6.8579,2.7729
6.1366,-12.909,-3.4391
11.865,-6.5531,-4.1621
3.7466,-12.464,-7.1201
9.5859,-5.9047,5.4869
10.118,-13.298,-6.6431
12.465,-9.692,5.7489
6.5121,-9.6319,-0.6241
13.153,-3.2722,-0.6311
6.8784,-9.2515,-6.8151
13.015,-3.4221,-6.4471
12.301,-9.4926,-1.1031
3.2969,-12.402,0.5719
9.868,-6.2293,-0.2751
9.5993,-12.763,-0.4681
13.496,-12.301,9.4861
1.3717,-12.576,9.9081
6.1362,-12.908,9.7381
11.864,-6.5518,9.0151
3.7462,-12.463,6.0571
10.117,-13.297,6.5341
6.5117,-9.6306,12.553
13.153,-3.2708,12.546
6.8779,-9.2501,6.3621
13.014,-3.4207,6.7301
12.301,-9.4913,12.074
3.2964,-12.4,13.749
9.8676,-6.228,12.902
9.5989,-12.762,12.709
0.30732,-5.2311,-10.243
-5.5044,0.6372,-10.076
7.4109,0.82034,-10.153
0.72805,6.4694,-10.271
5.8793,5.78,-10.321
-0.16362,12.097,-10.074
-0.6699,-0.046571,-10.367
-5.6734,5.7446,-10.406
3.5091,0.34092,-7.7392
-3.0161,6.6978,-7.6922
0.80229,-9.6095,-7.3962
-6.2136,-3.1734,-7.4092
6.8445,-2.583,-7.4602
-0.13675,2.9105,-7.4302
0.023061,-3.0376,-13.773
-6.0899,2.9707,-13.803
6.829,3.1686,-14.102
0.55127,9.3304,-13.81
0.12206,-9.3479,-12.943
-6.2737,-3.2278,-12.891
6.7512,-3.1741,-12.691
-0.30079,3.11,-14.282
-2.7488,-6.1178,-13.325
-9.3051,0.20092,-12.607
3.5013,-0.13496,-13.451
-2.7339,6.3733,-13.454
3.3571,-6.7874,-13.401
-3.0026,-0.16041,-13.647
9.8625,0.078587,-14.261
3.5558,6.1378,-14.329
0.89378,0.30123,-3.693
7.4183,-5.4299,-3.335
-5.5586,-5.2418,-3.491
-11.23,0.02687,-3.271
0.30688,-5.2298,2.934
-5.5048,0.63852,3.101
7.4105,0.82166,3.024
0.72761,6.4707,2.906
5.8789,5.7813,2.856
-0.16405,12.099,3.103
-0.67034,-0.045255,2.81
-5.6738,5.7459,2.771
0.35567,-6.1596,-3.283
-6.4658,-0.30547,-3.441
5.5593,-0.28143,-3.812
-0.73751,6.0507,-4.164
-2.501,-6.3053,-6.852
-8.8558,0.14001,-7.122
3.5087,0.34224,5.438
-3.0165,6.6991,5.485
4.0234,-6.3583,-7.034
-2.4848,-0.69438,-6.645
9.9115,0.27224,-6.483
3.561,6.3173,-6.79
0.80186,-9.6082,5.781
-6.2141,-3.1721,5.768
6.8441,-2.5816,5.717
-0.13718,2.9119,5.747
0.022627,-3.0363,-0.596
-6.0903,2.972,-0.626
6.8285,3.17,-0.925
0.55084,9.3317,-0.633
1.282,-3.211,-6.754
-5.724,3.3524,-6.817
7.0159,3.479,-5.559
0.41224,9.1818,-6.449
0.12162,-9.3465,0.234
-6.2742,-3.2265,0.286
6.7507,-3.1728,0.486
-0.30123,3.1113,-1.105
-2.7492,-6.1165,-0.148
-9.3055,0.20223,0.57
3.5009,-0.13364,-0.274
-2.7344,6.3746,-0.277
3.3566,-6.7861,-0.224
-3.0031,-0.1591,-0.47
9.862,0.079903,-1.084
3.5553,6.1391,-1.152
0.89335,0.30254,9.4842
7.4178,-5.4286,9.8422
-5.559,-5.2405,9.6862
-11.231,0.028186,9.9062
0.35524,-6.1583,9.8942
-6.4662,-0.30415,9.7362
5.5588,-0.28011,9.3652
-0.73795,6.052,9.0132
-2.5015,-6.304,6.3252
-8.8562,0.14132,6.0552
4.023,-6.357,6.1432
-2.4852,-0.69306,6.5322
9.9111,0.27355,6.6942
3.5606,6.3186,6.3872
0.022194,-3.035,12.581
-6.0907,2.9733,12.551
6.8281,3.1713,12.252
0.5504,9.333,12.544
1.2816,-3.2097,6.4232
-5.7245,3.3537,6.3602
7.0155,3.4803,7.6182
0.41181,9.1831,6.7282
0.12119,-9.3452,13.411
-6.2746,-3.2252,13.463
6.7503,-3.1715,13.663
-0.30166,3.1126,12.072
-2.7497,-6.1152,13.029
-9.306,0.20355,13.747
3.5005,-0.13233,12.903
-2.7348,6.3759,12.9
3.3562,-6.7848,12.953
-3.0035,-0.15778,12.707
9.8616,0.081219,12.093
3.5549,6.1404,12.025
-12.295,7.3728,-10.245
-5.1915,13.424,-10.155
-13.272,12.557,-10.369
-9.0933,12.945,-7.7411
-11.8,2.9944,-7.3981
-5.7579,10.021,-7.4621
-12.579,9.5662,-13.775
-12.48,3.256,-12.945
-5.8512,9.4297,-12.693
-9.1011,12.469,-13.453
-9.2453,5.8164,-13.403
-2.74,12.682,-14.263
-11.709,12.905,-3.6949
-5.1841,7.174,-3.3369
-12.296,7.3741,2.9321
-5.1919,13.426,3.0221
-13.273,12.559,2.8081
-12.247,6.4442,-3.2849
-7.0431,12.322,-3.8139
-9.0937,12.946,5.4361
-8.579,6.2455,-7.0359
-2.6909,12.876,-6.4849
-11.801,2.9957,5.7791
-5.7583,10.022,5.7151
-12.58,9.5675,-0.5979
-11.32,9.3929,-6.7559
-12.481,3.2573,0.2321
-5.8517,9.4311,0.4841
-9.1015,12.47,-0.2759
-9.2458,5.8177,-0.2259
-2.7404,12.684,-1.0859
-11.709,12.906,9.4823
-5.1846,7.1753,9.8403
-12.247,6.4456,9.8923
-7.0436,12.324,9.3633
-8.5794,6.2469,6.1413
-2.6913,12.877,6.6923
-12.58,9.5688,12.579
-11.321,9.3942,6.4213
-12.481,3.2586,13.409
-5.8521,9.4324,13.661
-9.102,12.472,12.901
-9.2462,5.8191,12.951
-2.7408,12.685,12.091
14.046,0.095557,-3.2696
14.046,0.096873,9.9077
12.982,7.4415,-10.244
7.1698,13.31,-10.077
12.004,12.626,-10.368
13.477,3.0631,-7.3967
6.4606,9.4991,-7.4097
12.697,9.6349,-13.774
12.796,3.3247,-12.944
6.4005,9.4447,-12.892
9.9254,6.5547,-13.326
3.3691,12.873,-12.608
9.6716,12.512,-13.648
13.568,12.974,-3.6935
7.1156,7.4308,-3.4915
1.4439,12.699,-3.2715
12.981,7.4428,2.9335
7.1694,13.311,3.1005
12.004,12.627,2.8095
13.03,6.5129,-3.2835
6.2084,12.367,-3.4415
10.173,6.3673,-6.8525
3.8184,12.813,-7.1225
10.189,11.978,-6.6455
13.476,3.0644,5.7805
6.4602,9.5005,5.7675
12.697,9.6362,-0.59646
13.956,9.4616,-6.7545
12.796,3.326,0.23354
6.4001,9.446,0.28554
9.925,6.5561,-0.14846
3.3687,12.875,0.56954
9.6711,12.513,-0.47046
13.568,12.975,9.4838
7.1152,7.4321,9.6858
1.4435,12.701,9.9058
13.029,6.5142,9.8938
6.208,12.368,9.7358
10.173,6.3686,6.3248
3.818,12.814,6.0548
10.189,11.979,6.5318
12.696,9.6375,12.581
13.956,9.4629,6.4228
12.795,3.3273,13.411
6.3996,9.4473,13.463
9.9245,6.5574,13.029
3.3683,12.876,13.747
9.6707,12.515,12.707
0,0,0
-6.1617,-0.3281,-0.335
0.43487,-6.1978,-0.02
0.32598,6.3067,-0.052
0.44504,-0.052424,6.5092
0.44548,-0.05374,-6.668
6.9183,0.056569,-0.011
-5.535,0.1491,6.0132
-5.8485,6.2077,-0.23
0.39837,5.9566,6.2892
-5.9093,-6.4507,-0.67954
-5.5345,0.14779,-7.164
6.2551,0.57558,-6.533
0.39881,5.9553,-6.888
6.2546,0.5769,6.6442
0.66468,-6.5379,-6.414
6.7649,6.2218,-0.68
6.7539,-6.3962,-0.2281
0.66425,-6.5366,6.7632
-5.9376,-6.5044,5.9215
6.7366,6.1681,5.921
6.7977,-5.6555,6.4292
-5.8047,6.9483,6.4273
6.7981,-5.6569,-6.748
-5.8043,6.947,-6.7499
-5.9372,-6.5058,-7.2558
6.737,6.1668,-7.2562
-12.278,0.0055593,-0.37244
0.32453,-12.598,-0.37054
0.39634,12.678,-0.3729
12.999,0.074246,-0.371
-0.00043346,0.0013159,13.177
0.00043346,-0.0013159,-13.177
-12.255,-0.282,6.2047
-12.168,6.4061,-0.021903
0.41888,12.391,6.2042
-5.7559,-12.616,-0.010539
-5.6841,12.66,-0.012903
-12.348,-6.3658,-0.051539
6.5125,12.344,-0.33546
-12.255,-0.28332,-6.9725
0.41931,12.389,-6.973
-6.1622,-0.32678,12.842
0.34707,-12.886,6.2066
12.928,-6.2972,-0.050097
13.021,-0.21331,6.2061
6.4407,-12.932,-0.3331
0.43444,-6.1965,13.157
0.32554,6.308,13.125
0.4353,-6.1991,-13.197
13.109,6.4747,-0.020461
0.34751,-12.887,-6.9706
0.32641,6.3054,-13.229
13.022,-0.21463,-6.9711
-11.938,6.0659,-6.4159
-6.1613,-0.32941,-13.512
6.9179,0.057884,13.166
6.9188,0.055253,-13.188
-11.938,6.0673,6.7613
-6.4191,-12.097,-6.5325
-6.4196,-12.096,6.6447
-5.9098,-6.4494,12.498
-12.276,-6.716,6.2897
-5.8489,6.209,12.947
6.7645,6.2231,12.497
7.0674,-12.455,6.0151
-12.275,-6.7173,-6.8875
7.1393,12.822,6.0128
-5.848,6.2064,-13.407
13.001,-6.6473,6.2911
6.7535,-6.3948,12.949
7.0679,-12.456,-7.1621
-6.3473,13.179,-6.5349
13.339,6.1346,-6.4145
-6.3478,13.181,6.6423
13.001,-6.6486,-6.8861
13.338,6.1359,6.7628
6.7544,-6.3975,-13.405
7.1397,12.82,-7.1645
-5.9089,-6.452,-13.857
6.7653,6.2205,-13.857
-12.278,0.0068752,12.805
12.602,-12.604,0.001903
-12.602,12.604,-0.001903
-12.674,-12.673,0.000461
12.674,12.673,-0.000461
0.3241,-12.597,12.807
0.39591,12.679,12.804
12.998,0.075562,12.806
-12.277,0.0042433,-13.55
0.32497,-12.6,-13.548
0.39677,12.677,-13.55
-12.157,12.551,6.5073
-12.157,12.55,-6.6699
12.999,0.07293,-13.548
-12.229,-12.725,6.5097
-12.229,-12.726,-6.6675
6.512,12.346,12.842
-12.168,6.4074,13.155
-12.167,6.4047,-13.199
-12.349,-6.3645,13.126
-5.7563,-12.615,13.167
-5.6845,12.662,13.164
-5.7554,-12.617,-13.188
-5.6836,12.659,-13.19
-12.348,-6.3672,-13.229
13.047,-12.656,6.5111
6.4402,-12.931,12.844
13.119,12.62,6.5088
13.048,-12.658,-6.6661
13.12,12.619,-6.6685
6.5129,12.343,-13.513
12.928,-6.2958,13.127
12.929,-6.2985,-13.227
13.109,6.4761,13.157
13.11,6.4734,-13.198
6.4411,-12.933,-13.51
12.603,-12.605,-13.175
-12.603,12.605,13.175
-12.602,12.603,-13.179
12.602,-12.603,13.179
-12.675,-12.671,13.178
12.675,12.671,-13.178
-12.674,-12.674,-13.177
12.674,12.674,13.177
