-8.7588,-9.0798,-8.1573
-8.7588,-9.0798,3.89
-8.5148,-7.7992,-2.402
-2.858,-9.6221,-2.303
-9.6009,-3.1295,-2.263
-8.5148,-7.7992,9.6453
-2.858,-9.6221,9.7443
-9.6009,-3.1295,9.7843
9.0999,-9.8424,-9.3343
3.5929,-9.2116,-8.8033
9.0999,-9.8424,2.713
3.5929,-9.2116,3.244
9.1876,-8.7449,-2.38
9.1876,-8.7449,9.6673
3.3467,-3.7215,-8.5963
-2.9387,2.1963,-9.3343
-3.4464,-8.4556,-8.6213
-9.08,-2.8404,-8.3753
-2.3738,-2.4317,-8.3473
-8.4457,2.827,-8.8033
3.2994,2.9783,-8.1573
9.2016,-2.7372,-8.3043
3.3467,-3.7215,3.451
-2.9387,2.1963,2.713
-3.4464,-8.4556,3.426
-9.08,-2.8404,3.672
-2.3738,-2.4317,3.7
-8.4457,2.827,3.244
3.2994,2.9783,3.89
9.2016,-2.7372,3.743
2.9218,-9.3437,-2.389
-2.8023,-2.8998,-2.133
9.5099,-2.7301,-2.52
3.5433,4.2589,-2.402
9.2002,2.436,-2.303
2.4572,8.9286,-2.263
3.2124,-3.4726,-3.444
-2.8511,3.2937,-2.38
2.9218,-9.3437,9.6583
-2.8023,-2.8998,9.9143
9.5099,-2.7301,9.5273
3.5433,4.2589,9.6453
9.2002,2.436,9.7443
2.4572,8.9286,9.7843
3.2124,-3.4726,8.6033
-2.8511,3.2937,9.6673
-8.6919,8.3171,-8.5963
-2.8371,9.3014,-8.3043
-8.6919,8.3171,3.451
-2.8371,9.3014,3.743
-9.1169,2.6949,-2.389
-2.5288,9.3085,-2.52
-8.8262,8.566,-3.444
-9.1169,2.6949,9.6583
-2.5288,9.3085,9.5273
-8.8262,8.566,8.6033
8.6117,3.6025,-8.6213
2.9782,9.2177,-8.3753
9.6844,9.6264,-8.3473
8.6117,3.6025,3.426
2.9782,9.2177,3.672
9.6844,9.6264,3.7
9.2559,9.1583,-2.133
9.2559,9.1583,9.9143
-9.4546,-9.1873,-9.4733
-9.4546,-9.1873,2.574
-9.2679,-8.985,-2.922
-9.2679,-8.985,9.1253
8.4027,-8.5229,-9.1343
8.4027,-8.5229,2.913
3.5901,-9.0688,-3.69
8.9889,-3.8312,-3.343
9.271,-9.4874,-3.694
3.5901,-9.0688,8.3573
8.9889,-3.8312,8.7043
9.271,-9.4874,8.3533
-2.5003,-9.1316,-7.6573
-8.3976,-2.9783,-9.7083
2.9295,-2.3808,-9.1173
-3.6359,3.5157,-9.1343
2.7429,-8.9598,-9.9883
-3.6027,-2.774,-9.1133
8.2625,-3.0865,-9.4283
2.6036,2.8709,-9.4733
-2.5003,-9.1316,4.39
-8.3976,-2.9783,2.339
2.9295,-2.3808,2.93
-3.6359,3.5157,2.913
2.7429,-8.9598,2.059
-3.6027,-2.774,2.934
8.2625,-3.0865,2.619
2.6036,2.8709,2.574
-8.4485,2.9698,-3.69
-2.8065,-3.3453,-3.547
-3.0498,8.2074,-3.343
2.7902,3.0731,-2.922
-2.3094,-8.4598,-3.048
-8.9159,-1.8547,-2.705
2.5951,-3.1891,-2.126
-2.7676,2.5512,-3.694
-8.4485,2.9698,8.3573
-2.8065,-3.3453,8.5003
-3.0498,8.2074,8.7043
2.7902,3.0731,9.1253
-2.3094,-8.4598,8.9993
-8.9159,-1.8547,9.3423
2.5951,-3.1891,9.9213
-2.7676,2.5512,8.3533
-9.1091,9.6578,-9.1173
-9.2958,3.0789,-9.9883
-3.7761,8.9521,-9.4283
-9.1091,9.6578,2.93
-9.2958,3.0789,2.059
-3.7761,8.9521,2.619
-9.4436,8.8496,-2.126
-9.4436,8.8496,9.9213
9.5578,2.9265,-7.6573
3.6605,9.0798,-9.7083
8.4554,9.2841,-9.1133
9.5578,2.9265,4.39
3.6605,9.0798,2.339
8.4554,9.2841,2.934
9.2516,8.7128,-3.547
9.7487,3.5983,-3.048
3.1422,10.203,-2.705
9.2516,8.7128,8.5003
9.7487,3.5983,8.9993
3.1422,10.203,9.3423
0.1884,-12.346,-3.04
0.1884,-12.346,9.0073
-5.907,-12.722,-9.1543
-12.646,-6.9783,-8.7543
-11.67,-11.94,-9.1603
-8.7913,-12.316,-6.5333
-6.1114,-8.9483,-11.468
-12.299,-2.9357,-11.073
-11.696,-8.9751,-12.37
-2.9562,-12.157,-11.698
-9.1505,-5.8526,-11.486
-8.7828,-11.799,-11.382
-11.85,-0.30742,-3.04
-11.903,-13.104,-2.912
-5.907,-12.722,2.893
-12.646,-6.9783,3.293
-11.67,-11.94,2.887
-6.822,-11.355,-2.967
-12.065,-5.7833,-2.975
-8.7913,-12.316,5.514
-2.9075,-11.891,-5.75
-8.8083,-6.0732,-5.966
-11.902,-9.0904,-5.2
-6.1114,-8.9483,0.579
-12.299,-2.9357,0.974
-6.1425,-8.9553,-5.839
-11.981,-3.046,-5.857
-11.696,-8.9751,-0.323
-2.9562,-12.157,0.349
-9.1505,-5.8526,0.561
-8.7828,-11.799,0.665
-11.85,-0.30742,9.0073
-11.903,-13.104,9.1353
-6.822,-11.355,9.0803
-12.065,-5.7833,9.0723
-2.9075,-11.891,6.2973
-8.8083,-6.0732,6.0813
-11.902,-9.0904,6.8473
-6.1114,-8.9483,12.626
-12.299,-2.9357,13.021
-6.1425,-8.9553,6.2083
-11.981,-3.046,6.1903
-11.696,-8.9751,11.724
-2.9562,-12.157,12.396
-9.1505,-5.8526,12.608
-8.7828,-11.799,12.712
5.9186,-12.737,-8.9793
11.45,-6.9588,-8.7543
6.6943,-5.9618,-8.6163
12.427,-11.921,-9.1603
6.222,-9.0419,-11.467
11.798,-2.9162,-11.073
6.4921,-9.0433,-6.1993
12.401,-8.9556,-12.37
9.1727,-12.594,-11.743
3.0768,-12.224,-11.725
8.8001,-5.6874,-12.195
12.247,-0.28793,-3.04
12.193,-13.084,-2.912
6.0212,-6.5388,-2.808
5.9186,-12.737,3.068
11.45,-6.9588,3.293
6.6943,-5.9618,3.431
12.427,-11.921,2.887
6.0113,-11.033,-2.921
12.032,-5.7638,-2.975
3.2302,-11.742,-5.709
9.1805,-6.2488,-5.497
9.3141,-12.567,-5.085
12.195,-9.0709,-5.2
6.222,-9.0419,0.58
11.798,-2.9162,0.974
6.4921,-9.0433,5.848
12.116,-3.0266,-5.857
12.401,-8.9556,-0.323
9.1727,-12.594,0.304
3.0768,-12.224,0.322
8.8001,-5.6874,-0.148
12.247,-0.28793,9.0073
12.193,-13.084,9.1353
6.0212,-6.5388,9.2393
6.0113,-11.033,9.1263
12.032,-5.7638,9.0723
3.2302,-11.742,6.3383
9.1805,-6.2488,6.5503
9.3141,-12.567,6.9623
12.195,-9.0709,6.8473
6.222,-9.0419,12.627
11.798,-2.9162,13.021
12.116,-3.0266,6.1903
12.401,-8.9556,11.724
9.1727,-12.594,12.351
3.0768,-12.224,12.369
8.8001,-5.6874,11.899
0.51265,-6.8681,-8.9513
-6.12,-0.69791,-8.9793
6.1511,-0.66397,-9.1543
-0.58831,5.0799,-8.7543
0.27294,-11.302,-8.9223
-5.8541,-5.1583,-8.6513
-5.3443,6.0769,-8.6163
0.3882,0.11809,-9.1603
-2.8652,-6.1943,-6.0623
3.2668,-0.25739,-6.5333
0.50912,-2.8963,-11.196
-5.8167,2.9967,-11.467
5.9468,3.1099,-11.468
-0.24112,9.1224,-11.073
0.46386,-3.0292,-6.1623
-5.5465,2.9953,-6.1993
-0.10819,-9.1196,-12.119
-6.1985,-3.0137,-12.339
5.577,-2.8178,-12.69
0.36204,3.083,-12.37
2.9889,-6.1356,-11.693
-2.8659,-0.55508,-11.743
9.1019,-0.098995,-11.698
2.9076,6.2056,-11.486
-3.107,-5.6668,-11.23
-8.9619,-0.18526,-11.725
3.2753,0.2588,-11.382
-3.2385,6.3512,-12.195
-4.9335,-6.5754,-2.602
0.20789,11.751,-3.04
0.15486,-1.0458,-2.912
-6.0175,5.4999,-2.808
0.51265,-6.8681,3.096
-6.12,-0.69791,3.068
6.1511,-0.66397,2.893
-0.58831,5.0799,3.293
0.27294,-11.302,3.125
-5.8541,-5.1583,3.396
-5.3443,6.0769,3.431
0.3882,0.11809,2.887
-0.076368,-5.8266,-2.695
-6.0274,1.0055,-2.921
5.2361,0.70357,-2.967
-0.0070711,6.2749,-2.975
-2.8652,-6.1943,5.985
-8.8084,0.29628,-5.709
3.2668,-0.25739,5.514
-2.8581,5.7898,-5.497
2.9401,-6.7048,-5.809
-2.7245,-0.52821,-5.085
9.1507,0.16758,-5.75
3.2499,5.985,-5.966
-0.16476,-9.186,-5.423
-6.2006,-2.8942,-4.998
6.3753,-2.8907,-5.338
0.15627,2.9677,-5.2
0.50912,-2.8963,0.851
-5.8167,2.9967,0.58
5.9468,3.1099,0.579
-0.24112,9.1224,0.974
0.46386,-3.0292,5.885
-5.5465,2.9953,5.848
5.9157,3.1028,-5.839
0.077075,9.0121,-5.857
-0.10819,-9.1196,-0.072
-6.1985,-3.0137,-0.292
5.577,-2.8178,-0.643
0.36204,3.083,-0.323
2.9889,-6.1356,0.354
-2.8659,-0.55508,0.304
9.1019,-0.098995,0.349
2.9076,6.2056,0.561
-3.107,-5.6668,0.817
-8.9619,-0.18526,0.322
3.2753,0.2588,0.665
-3.2385,6.3512,-0.148
-4.9335,-6.5754,9.4453
0.20789,11.751,9.0073
0.15486,-1.0458,9.1353
-6.0175,5.4999,9.2393
-0.076368,-5.8266,9.3523
-6.0274,1.0055,9.1263
5.2361,0.70357,9.0803
-0.0070711,6.2749,9.0723
-8.8084,0.29628,6.3383
-2.8581,5.7898,6.5503
2.9401,-6.7048,6.2383
-2.7245,-0.52821,6.9623
9.1507,0.16758,6.2973
3.2499,5.985,6.0813
-0.16476,-9.186,6.6243
-6.2006,-2.8942,7.0493
6.3753,-2.8907,6.7093
0.15627,2.9677,6.8473
0.50912,-2.8963,12.898
-5.8167,2.9967,12.627
5.9468,3.1099,12.626
-0.24112,9.1224,13.021
5.9157,3.1028,6.2083
0.077075,9.0121,6.1903
-0.10819,-9.1196,11.975
-6.1985,-3.0137,11.755
5.577,-2.8178,11.404
0.36204,3.083,11.724
2.9889,-6.1356,12.401
-2.8659,-0.55508,12.351
9.1019,-0.098995,12.396
2.9076,6.2056,12.608
-3.107,-5.6668,12.864
-8.9619,-0.18526,12.369
3.2753,0.2588,12.712
-3.2385,6.3512,11.899
-11.526,5.1705,-8.9513
-5.8875,11.375,-9.1543
-11.766,0.73624,-8.9223
-11.65,12.157,-9.1603
-8.7718,11.781,-6.5333
-11.53,9.1423,-11.196
-11.575,9.0094,-6.1623
-12.147,2.9191,-12.119
-6.4617,9.2208,-12.69
-9.0497,5.9031,-11.693
-2.9368,11.94,-11.698
-8.7633,12.297,-11.382
-11.884,10.993,-2.912
-11.526,5.1705,3.096
-5.8875,11.375,2.893
-11.766,0.73624,3.125
-11.65,12.157,2.887
-12.115,6.2121,-2.695
-6.8025,12.742,-2.967
-8.7718,11.781,5.514
-9.0985,5.3338,-5.809
-2.888,12.206,-5.75
-12.203,2.8526,-5.423
-5.6634,9.148,-5.338
-11.53,9.1423,0.851
-11.575,9.0094,5.885
-12.147,2.9191,-0.072
-6.4617,9.2208,-0.643
-9.0497,5.9031,0.354
-2.9368,11.94,0.349
-8.7633,12.297,0.665
-11.884,10.993,9.1353
-12.115,6.2121,9.3523
-6.8025,12.742,9.0803
-9.0985,5.3338,6.2383
-2.888,12.206,6.2973
-12.203,2.8526,6.6243
-5.6634,9.148,6.7093
-11.53,9.1423,12.898
-12.147,2.9191,11.975
-6.4617,9.2208,11.404
-9.0497,5.9031,12.401
-2.9368,11.94,12.396
-8.7633,12.297,12.712
12.571,5.19,-8.9513
5.9381,11.36,-8.9793
12.331,0.75573,-8.9223
6.204,6.8998,-8.6513
12.446,12.176,-9.1603
9.1929,5.8639,-6.0623
12.567,9.1618,-11.196
12.522,9.0289,-6.1623
11.95,2.9386,-12.119
5.8596,9.0444,-12.339
9.1922,11.503,-11.743
8.9511,6.3914,-11.23
3.0962,11.873,-11.725
7.1246,5.4827,-2.602
12.213,11.012,-2.912
12.571,5.19,3.096
5.9381,11.36,3.068
12.331,0.75573,3.125
6.204,6.8998,3.396
12.446,12.176,2.887
11.982,6.2316,-2.695
6.0307,13.064,-2.921
9.1929,5.8639,5.985
3.2497,12.354,-5.709
9.3336,11.53,-5.085
11.893,2.8721,-5.423
5.8575,9.1639,-4.998
12.567,9.1618,0.851
12.522,9.0289,5.885
11.95,2.9386,-0.072
5.8596,9.0444,-0.292
9.1922,11.503,0.304
8.9511,6.3914,0.817
3.0962,11.873,0.322
7.1246,5.4827,9.4453
12.213,11.012,9.1353
11.982,6.2316,9.3523
6.0307,13.064,9.1263
3.2497,12.354,6.3383
9.3336,11.53,6.9623
11.893,2.8721,6.6243
5.8575,9.1639,7.0493
12.567,9.1618,12.898
11.95,2.9386,11.975
5.8596,9.0444,11.755
9.1922,11.503,12.351
8.9511,6.3914,12.864
3.0962,11.873,12.369
0.29243,12.794,-8.9223
0.29243,12.794,3.125
0,0,0
-5.7325,0.21284,0.026
0.00070711,-5.8598,0.187
0.25809,0.041719,-6.006
0.25809,0.041719,6.0413
0.065054,6.091,0.679
6.1752,0.19304,0.037
5.8329,-5.717,0.198
-5.9128,-0.22486,-5.766
6.0535,0.19587,-5.676
0.36911,6.0062,-5.892
0.39457,-6.1151,5.846
-5.9701,-6.0691,0.16
6.088,5.989,0.16
0.36911,6.0062,6.1553
-5.9128,-0.22486,6.2813
0.39457,-6.1151,-6.2013
6.0535,0.19587,6.3713
-6.2057,6.3217,0.198
-5.6979,-5.9821,-5.783
-5.809,6.2234,-5.726
6.2296,-5.8152,-5.726
-5.6979,-5.9821,6.2643
6.3603,6.076,-5.783
-5.809,6.2234,6.3213
6.2296,-5.8152,6.3213
6.3603,6.076,6.2643
12.016,0.018214,0.245
-0.041719,-12.04,0.245
0,0,-12.047
0,0,12.047
-0.022231,12.057,0.245
-12.08,-0.0012749,0.245
0.065054,6.091,-11.368
0.00070711,-5.8598,-11.86
-5.883,-11.865,0.037
0.029559,11.929,-5.869
-5.7325,0.21284,-12.021
-5.7325,0.21284,12.073
-12.029,-0.12909,-5.869
6.3061,-11.826,0.026
-11.993,-5.9671,0.679
12.068,-0.1096,-5.869
0.029559,11.929,6.1783
12.104,-5.9476,0.679
6.1752,0.19304,-12.01
0.010071,-12.168,-5.869
-12.029,-0.12909,6.1783
-12.038,6.1788,0.187
12.068,-0.1096,6.1783
12.059,6.1983,0.187
-5.8635,12.232,0.037
0.00070711,-5.8598,12.234
6.1752,0.19304,12.084
0.010071,-12.168,6.1783
6.3256,12.271,0.026
0.065054,6.091,12.726
-11.644,5.9236,5.846
5.8329,-5.717,-11.849
-11.689,-6.052,-5.892
-6.0046,-11.862,-5.676
-11.644,5.9236,-6.2013
6.1453,11.833,-5.766
-11.689,-6.052,6.1553
-5.9701,-6.0691,-11.887
6.088,5.989,-11.887
5.8329,-5.717,12.245
6.1453,11.833,6.2813
-6.0046,-11.862,6.3713
-5.9851,12.235,-5.676
-6.2057,6.3217,-11.849
6.1258,-12.263,-5.766
-5.9701,-6.0691,12.207
6.088,5.989,12.207
12.453,5.9431,5.846
12.408,-6.0325,-5.892
-5.9851,12.235,6.3713
6.1258,-12.263,6.2813
12.408,-6.0325,6.1553
-6.2057,6.3217,12.245
12.453,5.9431,-6.2013
12.016,0.018214,-11.802
-0.041719,-12.04,-11.802
-0.022231,12.057,-11.802
-12.08,-0.0012749,-11.802
12.039,-12.039,0
-12.039,12.039,0
-12.058,-12.058,0
12.058,12.058,0
12.016,0.018214,12.292
-0.041719,-12.04,12.292
-0.022231,12.057,12.292
-12.08,-0.0012749,12.292
-11.993,-5.9671,-11.368
12.104,-5.9476,-11.368
-5.883,-11.865,-12.01
-11.8,-12.016,-6.006
-11.8,-12.016,6.0413
-11.781,12.08,-6.006
-11.781,12.08,6.0413
-5.883,-11.865,12.084
-12.038,6.1788,-11.86
6.3061,-11.826,-12.021
12.059,6.1983,-11.86
6.3061,-11.826,12.073
-5.8635,12.232,-12.01
-5.8635,12.232,12.084
12.297,-11.997,-6.006
12.297,-11.997,6.0413
-12.038,6.1788,12.234
12.059,6.1983,12.234
12.316,12.1,-6.006
12.316,12.1,6.0413
6.3256,12.271,-12.021
6.3256,12.271,12.073
-11.993,-5.9671,12.726
12.104,-5.9476,12.726
12.039,-12.039,-12.047
12.039,-12.039,12.047
-12.039,12.039,-12.047
-12.039,12.039,12.047
-12.058,-12.058,-12.047
-12.058,-12.058,12.047
12.058,12.058,-12.047
12.058,12.058,12.047
