-8.9957,-8.4481,-9.2897
-8.9957,-8.4481,2.5459
-9.1597,-8.9699,-3.1701
-9.1597,-8.9699,8.6656
8.0161,-8.0388,-8.4748
8.3258,-8.7133,-3.0748
8.0161,-8.0388,3.3609
8.3258,-8.7133,8.7609
2.641,-8.37,-9.1457
-3.1268,-2.9331,-9.2337
8.3601,-2.8772,-9.2417
2.5364,3.0144,-9.0527
-2.8709,-8.0964,-9.1167
2.641,-8.37,2.69
-3.1268,-2.9331,2.602
8.3601,-2.8772,2.594
2.5364,3.0144,2.783
2.7202,-8.6486,-2.841
-3.6982,-2.5852,-2.942
2.3723,2.4926,-2.933
-2.8709,-8.0964,2.719
-9.2645,-2.8242,-8.657
2.5428,-2.9741,-8.745
-3.4811,3.4585,-8.711
-3.3192,-8.655,-3.092
-8.9308,-2.8822,-3.267
2.3575,-3.3856,-3.139
-3.1714,2.7839,-3.311
2.7202,-8.6486,8.9947
-3.6982,-2.5852,8.8937
2.3723,2.4926,8.9027
-9.2645,-2.8242,3.1787
2.5428,-2.9741,3.0907
-3.4811,3.4585,3.1247
-3.3192,-8.655,8.7437
-8.9308,-2.8822,8.5687
2.3575,-3.3856,8.6967
-3.1714,2.7839,8.5247
-8.8562,3.1272,-9.3819
-3.1371,8.62,-9.4779
-8.8562,3.1272,2.4538
-3.1371,8.62,2.3578
-8.777,2.8486,-3.0772
-8.9545,8.5231,-8.9812
-9.1397,8.1116,-3.3752
-8.777,2.8486,8.7584
-8.9545,8.5231,2.8544
-9.1397,8.1116,8.4604
8.4052,8.5294,-8.9966
8.6612,3.3661,-8.8796
8.4052,8.5294,2.8391
7.8339,8.8773,-2.7049
8.488,-2.283,-2.6059
8.6612,3.3661,2.9561
2.2676,8.6383,-8.4199
8.2129,2.8075,-2.8549
2.6013,8.5803,-3.0299
7.8339,8.8773,9.1307
8.488,-2.283,9.2297
2.2676,8.6383,3.4157
8.2129,2.8075,8.9807
2.6013,8.5803,8.8057
-3.0092,9.2142,-2.8422
-3.0092,9.2142,8.9935
3.5896,-8.4036,-8.2108
4.0217,-8.0296,-2.7848
9.1058,-9.0648,-8.4858
9.4402,-8.6554,-2.0758
3.5896,-8.4036,3.6249
4.0217,-8.0296,9.0509
9.1058,-9.0648,3.3499
9.4402,-8.6554,9.7599
3.6126,-1.678,-8.8617
-8.1685,-8.2774,-8.096
-2.3639,-2.9663,-8.212
-7.9076,3.0936,-8.447
-8.4542,-7.6693,-2.948
-2.7273,-3.7272,-3.083
-7.4755,3.4677,-3.021
-2.9416,-9.4187,-8.455
-8.5376,-1.5175,-8.599
3.6126,-1.678,2.974
-2.3914,2.4324,-8.722
-2.0315,-8.6161,-2.342
-7.7103,-2.5937,-2.464
3.0391,-2.9896,-1.841
-2.057,2.8419,-2.312
-8.1685,-8.2774,3.7397
-2.3639,-2.9663,3.6237
-7.9076,3.0936,3.3887
-8.4542,-7.6693,8.8877
-2.7273,-3.7272,8.7527
-7.4755,3.4677,8.8147
-2.9416,-9.4187,3.3807
-8.5376,-1.5175,3.2367
-2.3914,2.4324,3.1137
-2.0315,-8.6161,9.4937
-7.7103,-2.5937,9.3717
3.0391,-2.9896,9.9947
-2.057,2.8419,9.5237
-7.8846,9.8193,-9.0979
-7.8846,9.8193,2.7378
-8.4581,8.5076,-2.0772
-8.4581,8.5076,9.7584
9.6042,-3.269,-2.4427
9.6042,-3.269,9.393
3.3636,3.1851,-7.8589
8.8415,-2.5262,-7.7939
9.1682,8.4962,-7.9749
3.0779,3.7932,-2.7109
-1.8931,8.2282,-2.6789
8.8048,7.7353,-2.8459
8.5905,2.0438,-8.2179
2.9945,9.945,-8.3619
9.5006,2.8464,-2.1049
3.8218,8.8688,-2.2269
3.3636,3.1851,3.9767
8.8415,-2.5262,4.0417
9.1682,8.4962,3.8607
3.0779,3.7932,9.1247
-1.8931,8.2282,9.1567
8.8048,7.7353,8.9897
8.5905,2.0438,3.6177
2.9945,9.945,3.4737
9.5006,2.8464,9.7307
3.8218,8.8688,9.6087
-2.6557,8.971,-8.0302
-2.6557,8.971,3.8055
-11.835,-8.6998,-11.595
-8.7751,-11.692,-11.714
-11.821,-11.121,-3.0621
-11.837,-12.108,-8.7801
-6.3073,-11.834,-3.1931
-11.618,-6.1493,-2.9781
-12.223,-5.4471,-8.8461
-11.983,-8.5181,-6.5261
-11.835,-8.6998,0.24094
-8.7659,-11.178,-6.5671
-8.7751,-11.692,0.12194
-11.821,-11.121,8.7736
-11.837,-12.108,3.0556
-6.3073,-11.834,8.6426
-11.618,-6.1493,8.8576
-12.223,-5.4471,2.9896
-11.983,-8.5181,5.3096
-11.835,-8.6998,12.077
-8.7659,-11.178,5.2686
-8.7751,-11.692,11.958
5.9252,-10.711,-8.7894
5.8326,-8.3654,-12.002
11.194,-8.7346,-11.121
8.7112,-11.534,-11.412
2.9356,-11.692,-11.343
8.6122,-5.5787,-12.047
11.208,-11.156,-2.5888
11.192,-12.143,-8.3068
5.3475,-11.41,-2.7188
11.411,-6.184,-2.5048
5.9252,-10.711,3.0462
10.806,-5.4819,-8.3728
5.7605,-8.306,-5.6088
5.8326,-8.3654,-0.16676
11.046,-8.5528,-6.0528
11.194,-8.7346,0.71424
8.5019,-11.65,-5.8368
8.7112,-11.534,0.42324
2.7475,-10.9,-5.7128
8.5401,-5.2238,-5.2548
2.9356,-11.692,0.49224
8.6122,-5.5787,-0.21176
11.208,-11.156,9.2469
11.192,-12.143,3.5289
5.3475,-11.41,9.1169
11.411,-6.184,9.3309
10.806,-5.4819,3.4629
5.7605,-8.306,6.2269
5.8326,-8.3654,11.669
11.046,-8.5528,5.7829
11.194,-8.7346,12.55
8.5019,-11.65,5.9989
8.7112,-11.534,12.259
2.7475,-10.9,6.1229
8.5401,-5.2238,6.5809
2.9356,-11.692,12.328
8.6122,-5.5787,11.624
-0.31891,-11.725,-8.8367
-6.0415,-5.9694,-8.8967
5.6293,-5.7071,-9.1247
0.053033,-5.2786,-9.1437
-5.572,0.7863,-9.0257
-5.4476,-10.605,-8.9697
-6.2423,-8.2689,-12.334
-11.643,-2.8716,-11.778
-0.44406,-2.9557,-12.667
-5.6646,3.1318,-12.239
-0.29416,-8.5885,-11.424
-5.5338,-2.7125,-11.589
5.7813,-2.5626,-11.657
-0.30335,2.7627,-11.358
-2.8892,-10.936,-11.979
-8.7618,-5.239,-12.012
2.9055,-5.7749,-12.044
-2.786,-0.03677,-11.649
-2.8192,-5.7891,-12.238
-8.5616,-0.19516,-11.58
2.757,-0.22981,-11.477
-2.885,5.9185,-12.284
-0.0084853,-11.192,-2.947
-5.9058,-5.2778,-2.99
5.5119,-5.1796,-3.13
-0.28921,0.34153,-2.825
-0.31891,-11.725,2.999
-6.0415,-5.9694,2.939
5.6293,-5.7071,2.711
-0.30476,-0.64559,-8.543
-0.057276,-6.2388,-3.317
-6.1497,0.086974,-2.955
5.2248,-0.37123,-2.956
-0.086267,5.3132,-2.741
0.053033,-5.2786,2.692
-5.572,0.7863,2.81
-5.4476,-10.605,2.866
-0.69084,6.0154,-8.609
-5.9022,-8.452,-5.509
-11.907,-2.8489,-5.55
0.21708,-2.8871,-5.609
-5.7368,3.1912,-5.845
-6.2423,-8.2689,-0.498
-11.643,-2.8716,0.058
-0.44406,-2.9557,-0.831
-5.6646,3.1318,-0.403
-0.072832,-8.4676,-6.463
-6.1412,-2.5958,-6.057
5.7212,-2.4798,-6.685
-0.45113,2.9444,-6.289
-0.29416,-8.5885,0.412
-5.5338,-2.7125,0.247
5.7813,-2.5626,0.179
-0.30335,2.7627,0.478
-2.9267,-11.309,-5.939
-8.7589,-6.0408,-5.689
2.8447,-5.8301,-5.972
-2.9953,-0.15274,-6.073
-2.8892,-10.936,-0.143
-8.7618,-5.239,-0.176
2.9055,-5.7749,-0.208
-2.786,-0.03677,0.187
-3.0575,-5.2283,-5.774
-8.7497,0.5968,-5.949
2.7662,0.28426,-6.33
-2.9571,6.2735,-5.491
-2.8192,-5.7891,-0.402
-8.5616,-0.19516,0.256
2.757,-0.22981,0.359
-2.885,5.9185,-0.448
-0.0084853,-11.192,8.8887
-5.9058,-5.2778,8.8457
5.5119,-5.1796,8.7057
-0.28921,0.34153,9.0107
-0.30476,-0.64559,3.2927
-0.057276,-6.2388,8.5187
-6.1497,0.086974,8.8807
5.2248,-0.37123,8.8797
-0.086267,5.3132,9.0947
-0.69084,6.0154,3.2267
-5.9022,-8.452,6.3267
-11.907,-2.8489,6.2857
0.21708,-2.8871,6.2267
-5.7368,3.1912,5.9907
-6.2423,-8.2689,11.338
-11.643,-2.8716,11.894
-0.44406,-2.9557,11.005
-5.6646,3.1318,11.433
-0.072832,-8.4676,5.3727
-6.1412,-2.5958,5.7787
5.7212,-2.4798,5.1507
-0.45113,2.9444,5.5467
-0.29416,-8.5885,12.248
-5.5338,-2.7125,12.083
5.7813,-2.5626,12.015
-0.30335,2.7627,12.314
-2.9267,-11.309,5.8967
-8.7589,-6.0408,6.1467
2.8447,-5.8301,5.8637
-2.9953,-0.15274,5.7627
-2.8892,-10.936,11.693
-8.7618,-5.239,11.66
2.9055,-5.7749,11.628
-2.786,-0.03677,12.023
-3.0575,-5.2283,6.0617
-8.7497,0.5968,5.8867
2.7662,0.28426,5.5057
-2.9571,6.2735,6.3447
-2.8192,-5.7891,11.434
-8.5616,-0.19516,12.092
2.757,-0.22981,12.195
-2.885,5.9185,11.388
-11.816,-0.22732,-9.0729
-5.8679,5.7902,-9.3609
-11.444,6.2187,-9.3799
-11.941,8.5415,-12.903
-11.791,2.9087,-11.66
-5.7159,8.9347,-11.893
-8.5917,5.7223,-12.28
-8.7402,11.267,-11.713
-11.506,0.30513,-3.1832
-5.9853,6.3177,-3.3662
-11.786,11.839,-3.0612
-11.816,-0.22732,2.7628
-5.8679,5.7902,2.4748
-11.802,10.852,-8.7792
-11.554,5.2584,-3.5532
-6.2724,11.126,-3.1922
-11.444,6.2187,2.4558
-11.28,8.6101,-5.8452
-11.941,8.5415,-1.0672
-11.57,3.0296,-6.6992
-5.776,9.0174,-6.9212
-11.791,2.9087,0.17576
-5.7159,8.9347,-0.057238
-8.6525,5.6671,-6.2082
-8.5917,5.7223,-0.44424
-8.731,11.781,-6.5662
-8.7402,11.267,0.12276
-11.506,0.30513,8.6524
-5.9853,6.3177,8.4694
-11.786,11.839,8.7744
-11.802,10.852,3.0564
-11.554,5.2584,8.2824
-6.2724,11.126,8.6434
-11.28,8.6101,5.9904
-11.941,8.5415,10.768
-11.57,3.0296,5.1364
-5.776,9.0174,4.9144
-11.791,2.9087,12.011
-5.7159,8.9347,11.778
-8.6525,5.6671,5.6274
-8.5917,5.7223,11.391
-8.731,11.781,5.2694
-8.7402,11.267,11.958
11.387,-2.9063,-11.304
11.122,-2.8837,-5.0767
11.387,-2.9063,0.5313
11.122,-2.8837,6.759
11.387,-2.9063,12.367
11.213,-0.26206,-8.5996
5.4905,5.4931,-8.6596
11.585,6.1839,-8.9066
5.9601,12.249,-8.7886
6.0845,0.85729,-8.7326
5.2897,3.1936,-12.097
-0.11044,8.5909,-11.541
11.088,8.5068,-12.43
11.238,2.874,-11.187
5.9983,8.75,-11.352
8.6428,0.52636,-11.742
2.7703,6.2235,-11.775
8.7461,11.426,-11.412
8.7128,5.6734,-12.001
2.9704,11.267,-11.343
11.524,0.27039,-2.7099
5.6263,6.1846,-2.7529
11.243,11.804,-2.5879
11.213,-0.26206,3.2361
5.4905,5.4931,3.1761
11.227,10.817,-8.3059
11.475,5.2237,-3.0799
5.3824,11.549,-2.7179
11.585,6.1839,2.9291
5.9601,12.249,3.0471
6.0845,0.85729,3.1031
5.6298,3.0104,-5.2719
-0.3749,8.6135,-5.3129
11.749,8.5754,-5.3719
5.2897,3.1936,-0.26094
-0.11044,8.5909,0.29506
11.088,8.5068,-0.59394
11.459,2.9949,-6.2259
5.3908,8.8667,-5.8199
11.238,2.874,0.64906
5.9983,8.75,0.48406
8.6054,0.15372,-5.7019
2.7731,5.4217,-5.4519
8.5368,11.31,-5.8359
8.6428,0.52636,0.094058
2.7703,6.2235,0.061058
8.7461,11.426,0.42406
8.4745,6.2341,-5.5369
2.7823,12.059,-5.7119
8.7128,5.6734,-0.16494
2.9704,11.267,0.49306
11.524,0.27039,9.1257
5.6263,6.1846,9.0827
11.243,11.804,9.2477
11.227,10.817,3.5297
11.475,5.2237,8.7557
5.3824,11.549,9.1177
5.6298,3.0104,6.5637
-0.3749,8.6135,6.5227
11.749,8.5754,6.4637
5.2897,3.1936,11.575
-0.11044,8.5909,12.131
11.088,8.5068,11.242
11.459,2.9949,5.6097
5.3908,8.8667,6.0157
11.238,2.874,12.485
5.9983,8.75,12.32
8.6054,0.15372,6.1337
2.7731,5.4217,6.3837
8.5368,11.31,5.9997
8.6428,0.52636,11.93
2.7703,6.2235,11.897
8.7461,11.426,12.26
8.4745,6.2341,6.2987
2.7823,12.059,6.1237
8.7128,5.6734,11.671
2.9704,11.267,12.329
-0.28406,11.235,-8.8358
-5.4127,12.355,-8.9688
-2.8544,12.024,-11.978
0.026363,11.768,-2.9462
-0.28406,11.235,2.9998
-5.4127,12.355,2.8668
-2.8919,11.651,-5.9382
-2.8544,12.024,-0.14218
0.026363,11.768,8.8895
-2.8919,11.651,5.8975
-2.8544,12.024,11.693
0,0,0
0.15556,-5.5805,-0.011
-5.6144,0.11172,0.125
0.0035355,5.8174,0.179
5.8336,0.3281,0.023
-0.013435,0.023335,-5.866
-0.013435,0.023335,5.9697
5.7014,0.22698,-5.501
-5.7629,-5.5847,-0.055
5.8973,-5.5055,0.028
-5.7919,0.24395,-5.685
0.068589,-5.7665,5.7577
-0.26729,5.6583,-5.894
-5.5999,5.9917,-0.20824
-0.26729,5.6583,5.9417
5.7691,5.8777,0.18206
0.068589,-5.7665,-6.078
-5.7919,0.24395,6.1507
5.7014,0.22698,6.3347
5.6024,-5.263,-5.832
5.6024,-5.263,6.0037
-5.8789,-5.4235,5.7037
-5.8789,-5.4235,-6.132
5.6532,6.039,-5.8949
5.6532,6.039,5.9407
-5.8948,6.2342,5.7674
-5.8948,6.2342,-6.0682
0.079903,-11.269,0.225
-11.417,0.22806,-0.011238
11.612,0.19332,0.46206
0.11475,11.691,0.22582
0,0,11.836
0,0,-11.836
-5.6984,-11.134,-0.21406
11.432,0.11341,-5.4199
-0.10041,-11.349,-5.657
-11.342,5.9167,-0.24724
5.8828,-11.385,0.36124
11.501,-5.6799,0.41524
-11.529,-5.6451,-0.058058
-0.065561,11.611,-5.6562
-0.10041,-11.349,6.1787
-5.6144,0.11172,-11.711
5.9176,11.574,0.36206
-11.598,0.14816,-5.8932
0.0035355,5.8174,-11.657
-11.598,0.14816,5.9424
0.15556,-5.5805,11.825
11.688,5.882,0.22606
0.15556,-5.5805,-11.847
11.432,0.11341,6.4157
-5.6636,11.825,-0.21324
-0.065561,11.611,6.1795
5.8336,0.3281,-11.813
-5.6144,0.11172,11.961
5.8336,0.3281,11.859
0.0035355,5.8174,12.015
5.7053,-11.253,-5.4488
11.23,-5.839,-5.6578
-5.8307,-11.235,-5.7381
-11.429,5.7308,5.5214
-5.8307,-11.235,6.0976
11.23,-5.839,6.1779
5.7402,11.706,-5.4479
5.7053,-11.253,6.3869
11.601,5.696,-5.8409
-5.5999,5.9917,11.627
11.601,5.696,5.9947
-5.7629,-5.5847,11.781
-11.429,5.7308,-6.3142
5.7691,5.8777,-11.654
-5.7958,11.724,-5.7372
5.8973,-5.5055,-11.808
-11.799,-5.8042,5.7046
-5.7629,-5.5847,-11.891
5.8973,-5.5055,11.864
-5.7958,11.724,6.0984
-11.799,-5.8042,-6.1311
5.7402,11.706,6.3877
5.7691,5.8777,12.018
-5.5999,5.9917,-12.044
0.079903,-11.269,-11.611
11.612,0.19332,-11.374
11.497,-11.497,0.23624
-11.497,11.497,-0.23624
-11.532,-11.462,-0.23706
11.532,11.462,0.23706
-11.417,0.22806,11.824
-11.417,0.22806,-11.847
0.11475,11.691,-11.61
0.079903,-11.269,12.061
0.11475,11.691,12.061
11.612,0.19332,12.298
-5.6984,-11.134,11.622
11.501,-5.6799,-11.42
11.484,-11.474,-5.6298
5.8828,-11.385,-11.474
11.519,11.486,-5.6289
-11.546,-11.439,5.7326
-11.342,5.9167,11.588
-11.511,11.521,5.7334
5.9176,11.574,-11.474
-11.546,-11.439,-6.1031
-5.6984,-11.134,-12.05
11.484,-11.474,6.2059
-11.511,11.521,-6.1022
11.519,11.486,6.2067
-11.529,-5.6451,11.778
11.688,5.882,-11.61
-11.529,-5.6451,-11.894
-5.6636,11.825,11.622
-11.342,5.9167,-12.083
5.8828,-11.385,12.197
11.501,-5.6799,12.251
11.688,5.882,12.062
-5.6636,11.825,-12.049
5.9176,11.574,12.198
-11.532,-11.462,11.599
11.532,11.462,-11.599
11.497,-11.497,-11.599
-11.497,11.497,11.599
11.497,-11.497,12.072
-11.497,11.497,-12.072
-11.532,-11.462,-12.073
11.532,11.462,12.073
