-2.6027,-8.0613,-3.6947
-8.5127,-2.7311,-3.1817
-8.9292,-3.0613,-9.0327
-8.4208,-8.3738,-3.7837
-9.06,-7.8025,-9.6777
-2.6027,-8.0613,8.1409
-8.5127,-2.7311,8.6539
-8.9292,-3.0613,2.8029
-8.4208,-8.3738,8.0519
-9.06,-7.8025,2.1579
8.5019,-8.5656,-3.1794
8.4376,-7.6626,-8.6104
2.8387,-8.8406,-3.0384
8.5125,-2.3876,-3.0764
2.5452,-8.5076,-9.0254
8.2283,-2.5177,-8.9194
8.5019,-8.5656,8.6562
8.4376,-7.6626,3.2252
2.8387,-8.8406,8.7972
8.5125,-2.3876,8.7592
2.5452,-8.5076,2.8102
8.2283,-2.5177,2.9162
3.0667,-1.9863,-3.1937
-2.9953,2.9317,-3.4157
8.9293,3.4012,-3.4577
3.0193,8.7314,-2.9447
2.7839,-2.7471,-8.6297
-3.0597,3.8346,-8.8467
-2.7492,-8.037,-8.8457
2.6029,8.4011,-8.7957
-2.5321,-2.2748,-3.4887
-8.6585,2.6566,-3.2747
3.1113,3.0886,-3.5467
-2.9847,9.1097,-3.3127
-2.6524,-2.2436,-9.2037
-8.952,2.9896,-9.2617
2.472,3.66,-9.4407
-3.269,8.9795,-9.1557
3.0667,-1.9863,8.642
-2.9953,2.9317,8.42
8.9293,3.4012,8.378
3.0193,8.7314,8.891
2.7839,-2.7471,3.206
-3.0597,3.8346,2.989
-2.7492,-8.037,2.99
2.6029,8.4011,3.04
-2.5321,-2.2748,8.347
-8.6585,2.6566,8.561
3.1113,3.0886,8.289
-2.9847,9.1097,8.523
-2.6524,-2.2436,2.632
-8.952,2.9896,2.574
2.472,3.66,2.395
-3.269,8.9795,2.68
-8.4305,9.511,-3.4299
-8.7133,8.7501,-8.8659
-8.4305,9.511,8.4058
-8.7133,8.7501,2.9698
8.7828,3.4255,-8.6086
8.9999,9.1877,-3.2516
8.8797,9.2188,-8.9666
8.7828,3.4255,3.2271
8.9999,9.1877,8.5841
8.8797,9.2188,2.8691
-2.6094,-8.6358,-2.1168
-2.6094,-8.6358,9.7188
-7.6585,-7.1039,-3.5537
-8.1549,-8.289,-8.5657
-7.6585,-7.1039,8.2819
-8.1549,-8.289,3.2699
-1.5015,-8.8265,-8.7744
9.0556,-9.0061,-8.3354
4.1886,-8.2898,-2.7284
9.7118,-3.2403,-2.8304
3.4553,-8.3202,-7.8654
9.127,-2.7192,-7.7354
8.9226,2.8266,-1.8798
9.0103,-8.4687,-1.9328
4.0811,-2.3614,-2.4838
-1.5015,-8.8265,3.0612
9.0556,-9.0061,3.5002
4.1886,-8.2898,9.1072
9.7118,-3.2403,9.0052
3.4553,-8.3202,3.9702
9.127,-2.7192,4.1002
8.9226,2.8266,9.9559
9.0103,-8.4687,9.9029
4.0811,-2.3614,9.3519
-8.0554,-1.8738,-9.0357
-2.4416,2.4911,-8.5717
3.3347,-1.4185,-9.0577
-7.3087,3.2074,-2.9647
3.8735,4.3586,-3.3167
-1.7854,8.2569,-3.0667
-1.4715,-2.5548,-8.3227
-8.0419,3.177,-8.1017
3.3771,3.1735,-8.3287
-2.3702,8.778,-7.9717
-7.6247,-2.5562,-2.074
-2.4869,3.0285,-2.169
-7.4161,9.1358,-2.72
-8.0554,-1.8738,2.8
-2.4416,2.4911,3.264
3.3347,-1.4185,2.778
-2.6686,-3.4266,-2.534
-7.3087,3.2074,8.871
3.8735,4.3586,8.519
-1.7854,8.2569,8.769
-1.4715,-2.5548,3.513
-8.0419,3.177,3.734
3.3771,3.1735,3.507
-2.3702,8.778,3.864
-7.6247,-2.5562,9.7617
-2.4869,3.0285,9.6667
-7.4161,9.1358,9.1157
-2.6686,-3.4266,9.3017
-8.1625,10.079,-9.2939
-8.1625,10.079,2.5418
10.031,2.636,-8.5374
10.031,2.636,3.2983
3.4767,9.5886,-8.7986
10.061,8.9077,-8.0856
3.9073,8.9063,-1.8369
3.4767,9.5886,3.0371
8.8634,8.0358,-2.2969
10.061,8.9077,3.7501
3.9073,8.9063,9.9987
8.8634,8.0358,9.5387
-0.046869,-11.76,-9.0075
-0.48103,-11.024,-3.0205
-2.9128,-11.103,-11.646
-2.6349,-11.241,-6.6415
-0.046869,-11.76,2.8282
-0.48103,-11.024,8.8152
-2.9128,-11.103,0.18918
-2.6349,-11.241,5.1942
-2.9128,-11.103,12.025
-5.8116,-10.317,-9.3547
-11.493,-4.8828,-9.0337
-5.253,-11.017,-3.5977
-11.14,-11.35,-9.0617
-5.9049,-5.9315,-9.2937
-11.544,-0.26261,-9.2437
-11.978,0.47278,-3.2567
-11.954,-8.4226,-11.594
-11.706,-8.306,-6.5787
-5.6786,-8.1263,-12.852
-11.801,-2.7955,-12.51
-5.6617,-8.1645,-6.1017
-11.293,-2.5444,-5.6647
-8.6577,-10.797,-12.181
-8.3946,-10.777,-6.4177
-8.4569,-5.5673,-12.608
-8.4236,-5.4804,-6.2607
-5.8116,-10.317,2.4809
-11.493,-4.8828,2.8019
-5.253,-11.017,8.2379
-11.601,-6.1061,-3.1231
-11.14,-11.35,2.7739
-5.9049,-5.9315,2.5419
-11.544,-0.26261,2.5919
-11.603,-10.69,-2.9491
-11.978,0.47278,8.5789
-11.954,-8.4226,0.24194
-11.706,-8.306,5.2569
-5.6786,-8.1263,-1.0161
-11.801,-2.7955,-0.67406
-5.6617,-8.1645,5.7339
-11.293,-2.5444,6.1709
-8.6577,-10.797,-0.34506
-8.3946,-10.777,5.4179
-8.4569,-5.5673,-0.77206
-8.4236,-5.4804,5.5749
-11.601,-6.1061,8.7126
-11.603,-10.69,8.8866
-11.954,-8.4226,12.078
-5.6786,-8.1263,10.82
-11.801,-2.7955,11.162
-8.6577,-10.797,11.491
-8.4569,-5.5673,11.064
5.7633,-10.457,-8.6214
11.536,-4.9176,-8.5604
11.89,-11.385,-8.5884
5.112,-5.6608,-8.7664
11.485,-0.29736,-8.7704
5.8998,-5.3001,-2.9274
11.051,0.43803,-2.7834
-0.14388,-8.3456,-11.607
11.075,-8.4574,-11.12
5.4338,-2.3154,-11.142
0.36241,-8.306,-5.9374
11.323,-8.3407,-6.1054
5.7202,-2.5424,-5.5754
5.8856,-8.2898,-11.845
11.228,-2.8302,-12.036
5.9988,-8.3294,-5.3114
11.736,-2.5792,-5.1914
2.9292,-11.542,-11.572
8.6207,-5.5929,-12.052
3.1067,-11.223,-6.1254
8.847,-5.4797,-5.5924
8.6745,-11.188,-11.691
3.0904,-5.6615,-12.261
8.6193,0.35955,-11.409
8.9679,-11.228,-6.0824
2.9525,-5.7583,-5.3264
8.8972,0.22166,-6.4044
5.7633,-10.457,3.2142
11.536,-4.9176,3.2752
5.4373,-11.449,-2.5938
11.429,-6.1409,-2.6498
11.89,-11.385,3.2472
5.112,-5.6608,3.0692
11.485,-0.29736,3.0652
11.427,-10.725,-2.4758
5.8998,-5.3001,8.9082
11.051,0.43803,9.0522
-0.14388,-8.3456,0.22824
11.075,-8.4574,0.71524
5.4338,-2.3154,0.69324
0.36241,-8.306,5.8982
11.323,-8.3407,5.7302
5.7202,-2.5424,6.2602
5.8856,-8.2898,-0.009762
11.228,-2.8302,-0.20076
5.9988,-8.3294,6.5242
11.736,-2.5792,6.6442
2.9292,-11.542,0.26324
8.6207,-5.5929,-0.21676
3.1067,-11.223,5.7102
8.847,-5.4797,6.2432
8.6745,-11.188,0.14424
3.0904,-5.6615,-0.42576
8.6193,0.35955,0.42624
8.9679,-11.228,5.7532
2.9525,-5.7583,6.5092
8.8972,0.22166,5.4312
5.4373,-11.449,9.2419
11.429,-6.1409,9.1859
11.427,-10.725,9.3599
-0.14388,-8.3456,12.064
11.075,-8.4574,12.551
5.4338,-2.3154,12.529
5.8856,-8.2898,11.826
11.228,-2.8302,11.635
2.9292,-11.542,12.099
8.6207,-5.5929,11.619
8.6745,-11.188,11.98
3.0904,-5.6615,11.41
8.6193,0.35955,12.262
0.017678,-5.3945,-9.1087
-5.7339,1.0402,-8.8577
5.7205,1.1455,-9.1177
0.038891,6.5796,-8.7967
-0.050912,-5.5366,-3.0297
6.2791,0.44548,-3.3607
0.39244,0.11243,-8.8247
-6.3852,5.8365,-9.0027
5.6272,5.531,-9.0567
-0.012021,11.2,-9.0067
-5.5975,6.1971,-3.1637
-5.1873,-4.7687,-3.0507
-0.44618,11.935,-3.0197
-5.4447,-2.7026,-11.386
-11.641,3.1516,-11.844
-0.42214,3.0399,-11.357
-6.0634,9.1818,-11.379
-5.6484,-2.5088,-6.7537
-11.135,3.1912,-6.1737
-0.17395,3.1565,-6.3417
-5.7771,8.9548,-5.8117
-0.15344,-2.7118,-11.975
-5.6116,3.2074,-12.082
5.8534,3.3361,-12.615
-0.26941,8.667,-12.273
0.60811,-2.4579,-5.6477
-5.4985,3.1678,-5.5477
5.8704,3.2979,-5.8647
0.239,8.918,-5.4277
-2.6474,-5.8167,-11.729
-8.568,-0.044548,-11.809
2.8744,0.66539,-11.944
-2.8765,5.9043,-12.289
-2.5343,-4.5905,-6.0007
-8.3905,0.27436,-6.3617
3.1374,0.68519,-6.1807
-2.6502,6.0175,-5.8287
-2.8228,0.30971,-11.928
-8.4068,5.8358,-12.498
3.0752,5.8951,-12.371
-2.8779,11.857,-11.646
-2.5293,0.26941,-6.3187
-8.5447,5.7389,-5.5627
3.1084,5.9821,-6.0237
-2.6,11.719,-6.6407
0.017678,-5.3945,2.727
-5.7339,1.0402,2.978
5.7205,1.1455,2.718
0.038891,6.5796,3.039
-0.050912,-5.5366,8.806
-6.0599,0.048083,-2.83
6.2791,0.44548,8.475
-0.068589,5.3563,-2.886
0.39244,0.11243,3.011
-6.3852,5.8365,2.833
5.6272,5.531,2.779
-0.012021,11.2,2.829
-0.070711,0.77216,-2.712
-5.5975,6.1971,8.672
-5.1873,-4.7687,8.785
-0.44618,11.935,8.816
-5.4447,-2.7026,0.45
-11.641,3.1516,-0.008
-0.42214,3.0399,0.479
-6.0634,9.1818,0.457
-5.6484,-2.5088,5.082
-11.135,3.1912,5.662
-0.17395,3.1565,5.494
-5.7771,8.9548,6.024
-0.15344,-2.7118,-0.139
-5.6116,3.2074,-0.246
5.8534,3.3361,-0.779
-0.26941,8.667,-0.437
0.60811,-2.4579,6.188
-5.4985,3.1678,6.288
5.8704,3.2979,5.971
0.239,8.918,6.408
-2.6474,-5.8167,0.107
-8.568,-0.044548,0.027
2.8744,0.66539,-0.108
-2.8765,5.9043,-0.453
-2.5343,-4.5905,5.835
-8.3905,0.27436,5.474
3.1374,0.68519,5.655
-2.6502,6.0175,6.007
-2.8228,0.30971,-0.092
-8.4068,5.8358,-0.662
3.0752,5.8951,-0.535
-2.8779,11.857,0.19
-2.5293,0.26941,5.517
-8.5447,5.7389,6.273
3.1084,5.9821,5.812
-2.6,11.719,5.195
-6.0599,0.048083,9.0057
-0.068589,5.3563,8.9497
-0.070711,0.77216,9.1237
-5.4447,-2.7026,12.286
-11.641,3.1516,11.828
-0.42214,3.0399,12.315
-6.0634,9.1818,12.293
-0.15344,-2.7118,11.697
-5.6116,3.2074,11.59
5.8534,3.3361,11.057
-0.26941,8.667,11.399
-2.6474,-5.8167,11.943
-8.568,-0.044548,11.863
2.8744,0.66539,11.728
-2.8765,5.9043,11.383
-2.8228,0.30971,11.744
-8.4068,5.8358,11.174
3.0752,5.8951,11.301
-2.8779,11.857,12.026
-11.48,6.1027,-9.3449
-5.7767,12.643,-9.3539
-11.548,5.9606,-3.2659
-5.2181,11.943,-3.5969
-11.105,11.61,-9.0609
-11.651,8.7855,-12.211
-10.889,9.0393,-5.8839
-8.6228,12.163,-12.18
-8.3598,12.182,-6.4169
-11.48,6.1027,2.4908
-5.7767,12.643,2.4818
-11.548,5.9606,8.5698
-5.2181,11.943,8.2388
-11.105,11.61,2.7748
-11.568,12.269,-2.9482
-11.651,8.7855,-0.37524
-10.889,9.0393,5.9518
-8.6228,12.163,-0.34424
-8.3598,12.182,5.4188
-11.568,12.269,8.8874
-11.651,8.7855,11.46
-8.6228,12.163,11.491
11.388,3.1168,-11.37
11.894,3.1564,-5.7004
11.388,3.1168,0.4653
11.894,3.1564,6.1353
11.388,3.1168,12.301
11.55,6.068,-8.8716
5.7981,12.503,-8.6206
11.481,5.9258,-2.7926
11.925,11.575,-8.5876
6.3447,6.6937,-2.8136
6.0873,8.7599,-11.149
5.8837,8.9537,-6.5166
11.379,8.7507,-11.738
12.14,9.0046,-5.4106
8.8847,5.6458,-11.492
2.9641,11.418,-11.572
8.9978,6.8719,-5.7636
3.1415,11.737,-6.1246
8.7093,11.772,-11.691
9.0027,11.732,-6.0816
11.55,6.068,2.9641
5.7981,12.503,3.2151
11.481,5.9258,9.0431
5.4722,11.511,-2.5929
11.925,11.575,3.2481
11.461,12.235,-2.4749
6.3447,6.6937,9.0221
6.0873,8.7599,0.68706
5.8837,8.9537,5.3191
11.379,8.7507,0.098058
12.14,9.0046,6.4251
8.8847,5.6458,0.34406
2.9641,11.418,0.26406
8.9978,6.8719,6.0721
3.1415,11.737,5.7111
8.7093,11.772,0.14506
9.0027,11.732,5.7541
5.4722,11.511,9.2427
11.461,12.235,9.3607
6.0873,8.7599,12.523
11.379,8.7507,11.934
8.8847,5.6458,12.18
2.9641,11.418,12.1
8.7093,11.772,11.981
0,0,0
0.27365,0.30193,-5.4807
0.22557,-5.5176,0.039
-5.6095,0.31042,0.045
0.13576,5.7417,-0.205
5.8004,0.51831,0.147
0.27365,0.30193,6.355
-5.4129,0.1393,5.621
-5.5485,-5.6416,-0.29506
0.40376,-5.4044,-5.8007
5.7449,-5.5809,0.28624
0.40376,-5.4044,6.035
0.23547,5.9758,5.6
-5.4129,0.1393,-6.2147
-5.7523,5.9164,0.05
5.9835,5.8209,-0.058
6.1214,0.42214,5.809
6.1214,0.42214,-6.0267
0.23547,5.9758,-6.2357
-5.1654,-5.2842,5.508
-5.1654,-5.2842,-6.3277
5.9669,-5.3546,-5.6524
5.9669,-5.3546,6.1832
-5.5303,6.1426,-5.8887
-5.5303,6.1426,5.947
6.3667,6.1783,5.7451
6.3667,6.1783,-6.0906
0.015556,11.406,0.139
-11.517,-0.056846,-0.098058
11.513,-0.091588,0.37524
-0.019292,-11.554,0.13818
0,0,-11.836
0,0,11.836
-5.7317,-10.944,-0.090058
5.8877,-11.187,0.28124
0.2091,-11.306,-5.6855
-11.288,0.19135,5.9139
-11.288,0.19135,-5.9217
-11.396,-5.7208,-0.44206
-11.272,5.9797,-0.19724
0.2091,-11.306,6.1502
11.741,0.15661,-5.4484
0.24395,11.654,-5.6847
0.13576,5.7417,11.631
11.633,-5.7555,0.031238
0.22557,-5.5176,-11.797
5.8004,0.51831,-11.689
-5.6095,0.31042,-11.791
0.22557,-5.5176,11.875
-5.6095,0.31042,11.881
11.758,5.9449,0.27606
0.24395,11.654,6.151
5.9226,11.773,0.28206
-5.6968,12.016,-0.089238
5.8004,0.51831,11.983
0.13576,5.7417,-12.041
11.741,0.15661,6.3872
-5.4106,-11.04,5.5719
-11.297,-5.4867,5.3629
-5.4106,-11.04,-6.2637
-11.093,6.0928,5.7988
-5.5485,-5.6416,11.541
-11.093,6.0928,-6.0369
5.7449,-5.5809,-11.549
-11.297,-5.4867,-6.4727
6.0843,-11.358,5.8572
6.0843,-11.358,-5.9784
-5.3758,11.919,5.5728
11.733,-5.5215,5.8362
11.733,-5.5215,-5.9994
6.1192,11.602,5.8581
-5.7523,5.9164,-11.786
6.1192,11.602,-5.9776
5.9835,5.8209,11.778
-5.7523,5.9164,11.886
-5.5485,-5.6416,-12.131
11.936,6.0581,-5.5636
-5.3758,11.919,-6.2629
5.7449,-5.5809,12.122
5.9835,5.8209,-11.894
11.936,6.0581,6.2721
11.513,-0.091588,-11.46
-11.497,11.497,-0.23624
11.497,-11.497,0.23624
-11.532,-11.462,-0.23706
11.532,11.462,0.23706
0.015556,11.406,-11.697
-0.019292,-11.554,-11.697
-11.517,-0.056846,11.738
0.015556,11.406,11.975
-11.517,-0.056846,-11.934
-0.019292,-11.554,11.974
11.513,-0.091588,12.211
-11.258,-11.161,-5.7177
-11.258,-11.161,6.1179
-5.7317,-10.944,11.746
11.771,-11.195,-5.2444
-11.396,-5.7208,11.394
5.8877,-11.187,-11.554
-5.7317,-10.944,-11.926
-11.224,11.799,-5.7169
-11.272,5.9797,11.638
-11.224,11.799,6.1188
11.806,11.764,-5.2436
5.8877,-11.187,12.117
5.9226,11.773,-11.554
11.758,5.9449,-11.56
11.771,-11.195,6.5912
-11.272,5.9797,-12.033
11.633,-5.7555,-11.804
11.633,-5.7555,11.867
-11.396,-5.7208,-12.278
-5.6968,12.016,11.746
-5.6968,12.016,-11.925
11.758,5.9449,12.112
5.9226,11.773,12.118
11.806,11.764,6.5921
-11.532,-11.462,11.599
11.532,11.462,-11.599
-11.497,11.497,11.599
11.497,-11.497,-11.599
-11.497,11.497,-12.072
11.497,-11.497,12.072
-11.532,-11.462,-12.073
11.532,11.462,12.073
