-3.5962,-9.1625,-9.2093
-8.937,-2.9364,-9.5703
-8.8076,-8.536,-8.9173
-3.5962,-9.1625,2.838
-8.937,-2.9364,2.477
-8.8076,-8.536,3.13
-9.5224,-8.6145,-3.221
-3.314,-9.2141,-2.729
-8.8903,-3.1457,-2.27
-9.5224,-8.6145,8.8263
-3.314,-9.2141,9.3183
-8.8903,-3.1457,9.7773
9.2215,-9.1466,-9.0073
3.3511,-9.0122,-8.7713
9.2215,-9.1466,3.04
3.3511,-9.0122,3.276
9.7971,-2.446,-2.944
9.2229,-9.4407,-2.682
9.7971,-2.446,9.1033
9.2229,-9.4407,9.3653
3.585,-3.2371,-9.2603
-2.8171,2.8921,-9.0073
8.4619,2.8956,-9.2093
3.1212,9.1217,-9.5703
-2.3773,-2.9147,-9.2313
-8.6875,3.0264,-8.7713
3.2506,3.5221,-8.9173
9.5042,-2.4699,-8.8573
3.585,-3.2371,2.787
-2.8171,2.8921,3.04
8.4619,2.8956,2.838
3.1212,9.1217,2.477
-2.3773,-2.9147,2.816
-8.6875,3.0264,3.276
3.2506,3.5221,3.13
9.5042,-2.4699,3.19
3.339,-8.2307,-3.244
-2.518,-2.2535,-3.339
-2.2415,9.5926,-2.944
2.5357,3.4436,-3.221
8.7441,2.844,-2.729
3.1678,8.9124,-2.27
2.8341,-3.1381,-2.828
-2.8157,2.5979,-2.682
3.339,-8.2307,8.8033
-2.518,-2.2535,8.7083
-2.2415,9.5926,9.1033
2.5357,3.4436,8.8263
8.7441,2.844,9.3183
3.1678,8.9124,9.7773
2.8341,-3.1381,9.2193
-2.8157,2.5979,9.3653
-8.4536,8.8015,-9.2603
-2.5344,9.5687,-8.8573
-8.4536,8.8015,2.787
-2.5344,9.5687,3.19
-8.6997,3.8079,-3.244
-9.2045,8.9005,-2.828
-8.6997,3.8079,8.8033
-9.2045,8.9005,9.2193
9.6808,9.1434,-9.2313
9.6808,9.1434,2.816
9.5401,9.8046,-3.339
9.5401,9.8046,8.7083
-10.072,-9.188,-9.3733
-10.072,-9.188,2.674
-9.0798,-9.5818,-2.16
-9.0798,-9.5818,9.8873
9.2385,-7.6588,-9.0393
9.3622,-2.8102,-10.287
9.2385,-7.6588,3.008
9.3622,-2.8102,1.76
9.2703,-8.5915,-3.938
9.2703,-8.5915,8.1093
-2.4416,-9.2638,-8.2553
-8.2951,-2.733,-8.2433
2.88,-1.9269,-8.9893
-2.8001,4.3798,-9.0393
2.3052,-8.5334,-9.6823
-3.3771,-2.7902,-10.329
-2.6764,9.2285,-10.287
1.9863,2.8701,-9.3733
-2.4416,-9.2638,3.792
-8.2951,-2.733,3.804
2.88,-1.9269,3.058
-2.8001,4.3798,3.008
2.3052,-8.5334,2.365
-3.3771,-2.7902,1.718
-2.6764,9.2285,1.76
1.9863,2.8701,2.674
2.6149,-9.3211,-2.513
-3.3305,-3.3333,-2.732
8.515,-3.0886,-3.428
2.9783,2.4763,-2.16
-2.9974,-8.2314,-3.794
-8.8353,-2.402,-3.582
3.2343,-2.6163,-4.178
-2.7683,3.4471,-3.938
2.6149,-9.3211,9.5343
-3.3305,-3.3333,9.3153
8.515,-3.0886,8.6193
2.9783,2.4763,9.8873
-2.9974,-8.2314,8.2533
-8.8353,-2.402,8.4653
3.2343,-2.6163,7.8693
-2.7683,3.4471,8.1093
-9.1586,10.112,-8.9893
-9.7335,3.5053,-9.6823
-9.1586,10.112,3.058
-9.7335,3.5053,2.365
-9.4238,2.7176,-2.513
-3.5237,8.95,-3.428
-8.8043,9.4223,-4.178
-9.4238,2.7176,9.5343
-3.5237,8.95,8.6193
-8.8043,9.4223,7.8693
9.6165,2.7943,-8.2553
3.7631,9.3252,-8.2433
8.681,9.2679,-10.329
9.6165,2.7943,3.792
3.7631,9.3252,3.804
8.681,9.2679,1.718
8.7276,8.7248,-2.732
9.0607,3.8267,-3.794
3.2228,9.6561,-3.582
8.7276,8.7248,9.3153
9.0607,3.8267,8.2533
3.2228,9.6561,8.4653
-5.7769,-13.134,-9.4363
-12.511,-5.4177,-9.0413
-12.188,-11.799,-9.2193
-8.8691,-11.829,-6.4113
-11.697,-8.746,-6.3223
-6.1828,-8.9942,-12.205
-11.945,-2.795,-12.032
-11.5,-8.7163,-12.063
-2.8198,-12.055,-11.864
-8.8245,-6.262,-11.744
-8.8995,-12.534,-12.006
-11.329,-11.903,-3.193
-5.7769,-13.134,2.611
-12.511,-5.4177,3.006
-12.188,-11.799,2.828
-6.3504,-11.897,-3.468
-13.016,-5.8016,-3.023
-8.8691,-11.829,5.636
-2.8148,-11.743,-5.746
-8.8471,-5.545,-5.779
-11.697,-8.746,5.725
-6.1828,-8.9942,-0.158
-11.945,-2.795,0.015
-5.4665,-8.3486,-6.135
-11.481,-2.6932,-6.122
-11.5,-8.7163,-0.016
-2.8198,-12.055,0.183
-8.8245,-6.262,0.303
-8.8995,-12.534,0.041
-11.329,-11.903,8.8543
-6.3504,-11.897,8.5793
-13.016,-5.8016,9.0243
-2.8148,-11.743,6.3013
-8.8471,-5.545,6.2683
-6.1828,-8.9942,11.889
-11.945,-2.795,12.062
-5.4665,-8.3486,5.9123
-11.481,-2.6932,5.9253
-11.5,-8.7163,12.031
-2.8198,-12.055,12.23
-8.8245,-6.262,12.35
-8.8995,-12.534,12.088
6.6844,-12.114,-8.7983
11.585,-5.3982,-9.0413
11.909,-11.78,-9.2193
3.2528,-12.001,-6.4363
12.399,-8.7265,-6.3223
5.879,-8.6283,-11.271
12.152,-2.7755,-12.032
6.2962,-8.484,-6.3383
12.597,-8.6968,-12.063
9.0469,-11.752,-11.822
3.1135,-11.89,-11.302
9.2024,-6.0063,-11.794
1.0891,-12.184,-2.954
12.768,-11.884,-3.193
6.6632,-6.3775,-3.053
6.6844,-12.114,3.249
11.585,-5.3982,3.006
11.909,-11.78,2.828
5.2235,-11.599,-2.81
11.081,-5.7822,-3.023
3.2528,-12.001,5.611
9.2738,-5.884,-6.052
9.2576,-11.317,-5.764
12.399,-8.7265,5.725
5.879,-8.6283,0.776
12.152,-2.7755,0.015
6.2962,-8.484,5.709
12.616,-2.6737,-6.122
12.597,-8.6968,-0.016
9.0469,-11.752,0.225
3.1135,-11.89,0.745
9.2024,-6.0063,0.253
1.0891,-12.184,9.0933
12.768,-11.884,8.8543
6.6632,-6.3775,8.9943
5.2235,-11.599,9.2373
11.081,-5.7822,9.0243
9.2738,-5.884,5.9953
9.2576,-11.317,6.2833
5.879,-8.6283,12.823
12.152,-2.7755,12.062
12.616,-2.6737,5.9253
12.597,-8.6968,12.031
9.0469,-11.752,12.272
3.1135,-11.89,12.792
9.2024,-6.0063,12.3
-0.17253,-6.2183,-8.8933
-5.3542,-0.074953,-8.7983
6.2812,-1.0755,-9.4363
-0.45326,6.6404,-9.0413
0.19092,-11.13,-9.0063
-5.4772,-4.6966,-8.6693
6.8144,-5.0636,-9.2003
-0.13011,0.2588,-9.2193
-8.7858,0.037477,-6.4363
3.1891,0.2291,-6.4113
0.36062,3.3121,-6.3223
0.19445,-2.7188,-11.901
-6.1596,3.4104,-11.271
5.8754,3.0639,-12.205
0.11314,9.2631,-12.032
0.23759,-2.762,-6.6903
-5.7424,3.5546,-6.3383
0.1294,-8.7702,-12.44
-6.0507,-2.692,-12.04
6.4318,-2.8949,-13.068
0.55861,3.3418,-12.063
3.1063,-6.2006,-11.982
-2.9918,0.28638,-11.822
9.2384,0.0035355,-11.864
3.2336,5.7962,-11.744
-2.8539,-5.5593,-12.191
-8.9251,0.14849,-11.302
3.1586,-0.47588,-12.006
-2.8362,6.0323,-11.794
-5.3832,-5.6858,-2.906
-10.95,-0.14496,-2.954
0.72903,0.15486,-3.193
-5.3754,5.6611,-3.053
-0.17253,-6.2183,3.154
-5.3542,-0.074953,3.249
6.2812,-1.0755,2.611
-0.45326,6.6404,3.006
0.19092,-11.13,3.041
-5.4772,-4.6966,3.378
6.8144,-5.0636,2.847
-0.13011,0.2588,2.828
-0.094045,-5.4186,-3.047
-6.8151,0.43982,-2.81
5.7078,0.16122,-3.468
-0.95742,6.2565,-3.023
-2.6425,-4.9533,-5.856
-8.7858,0.037477,5.611
3.1891,0.2291,5.636
-2.7648,6.1547,-6.052
3.3064,-5.3132,-6.225
-2.7811,0.72196,-5.764
9.2433,0.31537,-5.746
3.211,6.5132,-5.779
0.030406,-8.5977,-5.699
-5.6406,-2.5095,-5.347
6.4934,-2.5406,-5.827
0.36062,3.3121,5.725
0.19445,-2.7188,0.146
-6.1596,3.4104,0.776
5.8754,3.0639,-0.158
0.11314,9.2631,0.015
0.23759,-2.762,5.357
-5.7424,3.5546,5.709
6.5916,3.7095,-6.135
0.577,9.3649,-6.122
0.1294,-8.7702,-0.393
-6.0507,-2.692,0.007
6.4318,-2.8949,-1.021
0.55861,3.3418,-0.016
3.1063,-6.2006,0.065
-2.9918,0.28638,0.225
9.2384,0.0035355,0.183
3.2336,5.7962,0.303
-2.8539,-5.5593,-0.144
-8.9251,0.14849,0.745
3.1586,-0.47588,0.041
-2.8362,6.0323,0.253
-5.3832,-5.6858,9.1413
-10.95,-0.14496,9.0933
0.72903,0.15486,8.8543
-5.3754,5.6611,8.9943
-0.094045,-5.4186,9.0003
-6.8151,0.43982,9.2373
5.7078,0.16122,8.5793
-0.95742,6.2565,9.0243
-2.6425,-4.9533,6.1913
-2.7648,6.1547,5.9953
3.3064,-5.3132,5.8223
-2.7811,0.72196,6.2833
9.2433,0.31537,6.3013
3.211,6.5132,6.2683
0.030406,-8.5977,6.3483
-5.6406,-2.5095,6.7003
6.4934,-2.5406,6.2203
0.19445,-2.7188,12.193
-6.1596,3.4104,12.823
5.8754,3.0639,11.889
0.11314,9.2631,12.062
6.5916,3.7095,5.9123
0.577,9.3649,5.9253
0.1294,-8.7702,11.654
-6.0507,-2.692,12.054
6.4318,-2.8949,11.026
0.55861,3.3418,12.031
3.1063,-6.2006,12.112
-2.9918,0.28638,12.272
9.2384,0.0035355,12.23
3.2336,5.7962,12.35
-2.8539,-5.5593,11.903
-8.9251,0.14849,12.792
3.1586,-0.47588,12.088
-2.8362,6.0323,12.3
-12.211,5.8203,-8.8933
-5.7574,10.963,-9.4363
-11.848,0.90877,-9.0063
-5.2242,6.975,-9.2003
-12.169,12.297,-9.2193
-8.8496,12.268,-6.4113
-11.844,9.3198,-11.901
-11.801,9.2767,-6.6903
-11.909,3.2684,-12.44
-5.6068,9.1437,-13.068
-8.9323,5.838,-11.982
-2.8003,12.042,-11.864
-8.88,11.563,-12.006
-11.31,12.193,-3.193
-12.211,5.8203,3.154
-5.7574,10.963,2.611
-11.848,0.90877,3.041
-5.2242,6.975,2.847
-12.169,12.297,2.828
-12.133,6.6201,-3.047
-6.3309,12.2,-3.468
-8.8496,12.268,5.636
-8.7322,6.7254,-6.225
-2.7953,12.354,-5.746
-12.008,3.4409,-5.699
-5.5453,9.498,-5.827
-11.844,9.3198,0.146
-11.801,9.2767,5.357
-11.909,3.2684,-0.393
-5.6068,9.1437,-1.021
-8.9323,5.838,0.065
-2.8003,12.042,0.183
-8.88,11.563,0.041
-11.31,12.193,8.8543
-12.133,6.6201,9.0003
-6.3309,12.2,8.5793
-8.7322,6.7254,5.8223
-2.7953,12.354,6.3013
-12.008,3.4409,6.3483
-5.5453,9.498,6.2203
-11.844,9.3198,12.193
-11.909,3.2684,11.654
-5.6068,9.1437,11.026
-8.9323,5.838,12.112
-2.8003,12.042,12.23
-8.88,11.563,12.088
13.147,-0.12547,-2.954
13.147,-0.12547,9.0933
11.886,5.8398,-8.8933
6.7039,11.983,-8.7983
12.249,0.92826,-9.0063
6.5809,7.3615,-8.6693
11.928,12.317,-9.2193
3.2723,12.096,-6.4363
12.253,9.3393,-11.901
12.296,9.2962,-6.6903
12.188,3.2879,-12.44
6.0074,9.3662,-12.04
9.0664,12.344,-11.822
9.2042,6.4988,-12.191
3.133,12.207,-11.302
6.6749,6.3723,-2.906
1.1086,11.913,-2.954
12.787,12.213,-3.193
11.886,5.8398,3.154
6.7039,11.983,3.249
12.249,0.92826,3.041
6.5809,7.3615,3.378
11.928,12.317,2.828
11.964,6.6396,-3.047
5.243,12.498,-2.81
9.4157,7.1048,-5.856
3.2723,12.096,5.611
9.2771,12.78,-5.764
12.089,3.4604,-5.699
6.4175,9.5486,-5.347
12.253,9.3393,0.146
12.296,9.2962,5.357
12.188,3.2879,-0.393
6.0074,9.3662,0.007
9.0664,12.344,0.225
9.2042,6.4988,-0.144
3.133,12.207,0.745
6.6749,6.3723,9.1413
1.1086,11.913,9.0933
12.787,12.213,8.8543
11.964,6.6396,9.0003
5.243,12.498,9.2373
9.4157,7.1048,6.1913
9.2771,12.78,6.2833
12.089,3.4604,6.3483
6.4175,9.5486,6.7003
12.253,9.3393,12.193
12.188,3.2879,11.654
6.0074,9.3662,12.054
9.0664,12.344,12.272
9.2042,6.4988,11.903
3.133,12.207,12.792
0.21041,12.967,-9.0063
0.21041,12.967,3.041
0,0,0
0.25597,-5.8011,-0.138
0.079903,0.16051,-6.013
0.079903,0.16051,6.0343
6.0422,-0.064347,0.047
-6.0585,0.32385,-0.071
0.18314,6.3109,-0.227
-5.5649,0.40588,-6.009
-5.5649,0.40588,6.0383
0.45679,-5.7855,5.9623
0.45679,-5.7855,-6.085
5.9531,5.997,-0.13
-5.7284,6.2092,-0.279
6.2742,0.40941,5.8503
6.3102,-5.8294,-0.279
-6.105,-6.0611,-0.13
0.31891,6.359,5.9043
6.2742,0.40941,-6.197
0.31891,6.359,-6.143
-5.6957,-5.4454,-6.01
-5.6957,-5.4454,6.0373
6.207,-5.4263,5.552
-5.8316,6.6123,5.552
6.207,-5.4263,-6.4953
-5.8316,6.6123,-6.4953
6.3624,6.6127,-6.01
6.3624,6.6127,6.0373
0.10129,-11.89,-0.051
-11.937,0.1488,-0.051
0,0,-12.047
0,0,12.047
12.159,0.16829,-0.051
0.12078,12.207,-0.051
-11.641,0.29359,-5.731
0.39739,-11.745,-5.731
5.9801,-11.715,-0.071
-11.875,-5.7472,-0.227
-11.641,0.29359,6.3163
0.25597,-5.8011,11.909
-11.783,6.2375,-0.138
0.39739,-11.745,6.3163
-5.9964,11.974,0.047
0.18314,6.3109,11.82
-6.0585,0.32385,11.976
6.0422,-0.064347,-12
0.25597,-5.8011,-12.185
12.222,-5.7277,-0.227
6.0422,-0.064347,12.094
-6.0159,-12.122,0.047
-6.0585,0.32385,-12.118
0.41688,12.352,-5.731
12.456,0.31308,-5.731
5.9996,12.382,-0.071
0.18314,6.3109,-12.274
12.314,6.257,-0.138
0.41688,12.352,6.3163
12.456,0.31308,6.3163
-5.784,-11.649,5.8503
-11.739,-5.6991,5.9043
-5.784,-11.649,-6.197
-11.739,-5.6991,-6.143
-11.582,6.2531,5.9623
-5.7284,6.2092,11.768
-11.582,6.2531,-6.085
6.3102,-5.8294,11.768
6.4737,-11.633,-6.009
5.9531,5.997,11.917
6.4737,-11.633,6.0383
-6.105,-6.0611,11.917
5.9531,5.997,-12.177
12.358,-5.6796,5.9043
-6.105,-6.0611,-12.177
-5.7645,12.448,5.8503
12.358,-5.6796,-6.143
-5.7284,6.2092,-12.326
6.3102,-5.8294,-12.326
-5.7645,12.448,-6.197
12.515,6.2726,5.9623
12.515,6.2726,-6.085
6.4932,12.464,-6.009
6.4932,12.464,6.0383
0.10129,-11.89,11.996
-11.937,0.1488,11.996
0.10129,-11.89,-12.098
-11.937,0.1488,-12.098
12.039,-12.039,0
-12.039,12.039,0
-12.058,-12.058,0
12.058,12.058,0
12.159,0.16829,11.996
0.12078,12.207,11.996
12.159,0.16829,-12.098
0.12078,12.207,-12.098
-11.875,-5.7472,11.82
5.9801,-11.715,11.976
-11.783,6.2375,11.909
5.9801,-11.715,-12.118
-11.978,-11.898,-6.013
-11.978,-11.898,6.0343
12.222,-5.7277,11.82
-5.9964,11.974,-12
12.119,-11.878,-6.013
12.119,-11.878,6.0343
-11.875,-5.7472,-12.274
-5.9964,11.974,12.094
-11.783,6.2375,-12.185
-6.0159,-12.122,-12
-11.959,12.199,-6.013
-11.959,12.199,6.0343
-6.0159,-12.122,12.094
12.314,6.257,11.909
5.9996,12.382,11.976
12.138,12.219,-6.013
12.222,-5.7277,-12.274
12.138,12.219,6.0343
5.9996,12.382,-12.118
12.314,6.257,-12.185
12.039,-12.039,-12.047
12.039,-12.039,12.047
-12.039,12.039,-12.047
-12.039,12.039,12.047
-12.058,-12.058,-12.047
-12.058,-12.058,12.047
12.058,12.058,-12.047
12.058,12.058,12.047
