-2.7375,-9.8143,-3.6228
-9.0442,-3.6674,-3.4448
-9.4331,-9.0683,-3.5448
-2.8004,-9.6411,-10.303
-9.2966,-3.4546,-9.9658
-9.6155,-8.8251,-10.162
-2.7379,-9.813,9.5545
-9.0446,-3.6661,9.7325
-9.4335,-9.067,9.6325
-2.8009,-9.6398,2.8745
-9.2971,-3.4533,3.2115
-9.616,-8.8238,3.0155
10.084,-9.839,-3.2133
9.8713,-9.6304,-10.173
10.084,-9.8376,9.9639
9.8708,-9.629,3.0039
9.9367,2.8582,-3.6232
3.63,9.0051,-3.4452
3.7142,-3.4492,-3.6702
-2.5183,2.7649,-3.2152
3.2001,-9.4391,-3.3562
-3.1009,-2.9203,-3.4642
9.2642,-2.9181,-3.4512
3.2411,3.6042,-3.5452
3.8351,-3.1119,-10.245
-2.7311,2.9735,-10.175
9.8738,3.0315,-10.303
3.3776,9.2179,-9.9662
3.0375,-9.1789,-9.9152
-2.8337,-2.5724,-10.285
9.5633,-2.1537,-10.075
3.0587,3.8475,-10.162
9.9363,2.8595,9.554
3.6296,9.0064,9.732
3.7137,-3.4479,9.507
-2.5187,2.7662,9.962
3.1997,-9.4378,9.821
-3.1014,-2.9189,9.713
9.2638,-2.9168,9.726
3.2407,3.6055,9.632
3.8346,-3.1106,2.932
-2.7316,2.9748,3.002
9.8733,3.0328,2.874
3.3771,9.2193,3.211
3.037,-9.1775,3.262
-2.8341,-2.571,2.892
9.5629,-2.1524,3.102
3.0582,3.8488,3.015
-8.8882,9.1547,-3.6721
-9.4023,3.1648,-3.3581
-3.3382,9.6857,-3.4531
-8.7673,9.492,-10.247
-9.5649,3.425,-9.9171
-3.0391,10.45,-10.077
-8.8887,9.156,9.5051
-9.4027,3.1661,9.8191
-3.3386,9.687,9.7241
-8.7678,9.4933,2.9301
-9.5654,3.4263,3.2601
-3.0395,10.451,3.1001
9.5733,9.7523,-3.4647
9.8406,10.1,-10.286
9.5728,9.7536,9.7125
9.8401,10.101,2.8915
-4.0471,-9.6884,-2.9238
-10.288,-3.5833,-2.6298
-9.2577,-10.236,-2.6218
-8.3435,-8.8993,-9.3768
-4.0475,-9.6871,10.253
-10.288,-3.582,10.547
-9.2582,-10.235,10.555
-8.3439,-8.898,3.8005
8.689,-9.6459,-2.7093
3.2563,-10.796,-2.7163
9.7292,-4.2599,-2.9773
9.6613,-8.7783,-8.9673
4.5022,-9.3355,-9.6543
10.877,-2.6222,-9.5233
8.6886,-9.6446,10.468
3.2559,-10.795,10.461
9.7287,-4.2586,10.2
9.6608,-8.777,4.2099
4.5018,-9.3342,3.5229
10.877,-2.6209,3.6539
2.5255,-3.4824,-2.7712
-3.9134,2.9579,-2.7112
8.6271,2.9841,-2.9242
2.3862,9.0892,-2.6302
-2.9235,-4.2645,-2.8342
-9.3461,1.8075,-2.7182
3.4165,2.4361,-2.6222
-2.8732,8.344,-2.9792
-2.4518,-8.3678,-9.6122
-9.0484,-2.0696,-9.4732
3.5876,-1.8504,-9.4932
-2.9411,3.8255,-8.9692
-1.505,-2.7965,-9.6292
-8.1002,3.2683,-9.6562
4.3308,3.7732,-9.3772
-1.7249,9.9816,-9.5252
2.5251,-3.4811,10.406
-3.9138,2.9592,10.466
8.6267,2.9854,10.253
2.3858,9.0906,10.547
-2.9239,-4.2631,10.343
-9.3465,1.8088,10.459
3.416,2.4374,10.555
-2.8737,8.3453,10.198
-2.4522,-8.3665,3.565
-9.0488,-2.0683,3.704
3.5872,-1.8491,3.684
-2.9416,3.8269,4.208
-1.5054,-2.7952,3.548
-8.1006,3.2697,3.521
4.3303,3.7745,3.8
-1.7253,9.9829,3.652
-10.077,9.1214,-2.7731
-9.0148,10.753,-9.4951
-10.077,9.1228,10.404
-9.0153,10.755,3.6821
9.7508,8.4081,-2.8347
10.222,4.3047,-9.6127
3.6258,10.603,-9.4737
11.169,9.876,-9.6297
9.7503,8.4094,10.343
10.222,4.306,3.5645
3.6254,10.604,3.7035
11.169,9.8773,3.5475
0.56078,-13.155,-3.1829
0.56035,-13.154,9.9944
-2.9457,-11.837,-13.502
-12.07,-12.592,-10.144
-6.3621,-12.426,-3.4698
-12.45,-6.3064,-3.2958
-12.042,-0.55121,-3.1848
-11.825,-13.036,-3.1908
-6.4131,-12.166,-9.9038
-12.972,-6.1176,-9.8038
-9.0689,-13.375,-13.313
-2.9461,-11.836,-0.32476
-9.2726,-5.8602,-13.013
-12.067,-9.5725,-13.435
-5.3326,-9.3094,-6.7768
-11.523,-2.9752,-6.8088
-6.7404,-9.4629,-13.302
-13.578,-3.3492,-13.318
-13.151,-9.4077,-6.6348
-9.2337,-11.743,-6.6938
-2.7814,-12.808,-6.5948
-9.2068,-6.4845,-6.8928
-12.07,-12.591,3.0335
-6.3626,-12.425,9.7075
-12.45,-6.305,9.8815
-12.042,-0.5499,9.9925
-11.826,-13.035,9.9865
-6.4135,-12.165,3.2735
-12.973,-6.1162,3.3735
-9.0694,-13.374,-0.13554
-2.9465,-11.835,12.852
-9.273,-5.8589,0.16446
-12.068,-9.5712,-0.25754
-5.333,-9.3081,6.4005
-11.523,-2.9739,6.3685
-6.7409,-9.4616,-0.12454
-13.579,-3.3479,-0.14054
-13.152,-9.4064,6.5425
-9.2341,-11.741,6.4835
-2.7818,-12.807,6.5825
-9.2073,-6.4832,6.2845
-9.0698,-13.373,13.042
-9.2735,-5.8575,13.342
-12.068,-9.5698,12.92
-6.7413,-9.4602,13.053
-13.579,-3.3466,13.037
13.207,-12.523,-10.142
7.2203,-6.4166,-9.8693
0.54737,-12.515,-9.8283
6.3478,-12.448,-3.3963
12.827,-6.2377,-3.2943
13.235,-0.48252,-3.1833
13.451,-12.967,-3.1893
6.6341,-6.6068,-3.2693
6.4828,-12.398,-9.8583
12.304,-6.0489,-9.8023
3.5278,-13.505,-13.102
9.6938,-7.1293,-13.428
9.5899,-11.854,-13.195
13.21,-9.5038,-13.433
7.0266,-9.3808,-6.7263
13.754,-2.9065,-6.8073
5.6315,-9.5879,-13.29
11.698,-3.2805,-13.316
12.126,-9.339,-6.6333
3.4578,-11.726,-6.5683
9.7787,-5.2597,-6.4223
9.8098,-12.874,-6.8793
13.206,-12.522,3.0349
7.2199,-6.4152,3.3079
0.54694,-12.514,3.3489
6.3473,-12.447,9.7809
12.827,-6.2364,9.8829
13.235,-0.48121,9.9939
13.451,-12.966,9.9879
6.6337,-6.6055,9.9079
6.4824,-12.397,3.3189
12.304,-6.0476,3.3749
3.5274,-13.503,0.074903
9.6934,-7.128,-0.2511
9.5894,-11.852,-0.018097
13.209,-9.5025,-0.2561
7.0262,-9.3794,6.4509
13.754,-2.9052,6.3699
5.631,-9.5866,-0.1131
11.698,-3.2792,-0.1391
12.125,-9.3377,6.5439
3.4574,-11.725,6.6089
9.7782,-5.2584,6.7549
9.8093,-12.873,6.2979
3.527,-13.502,13.252
9.6929,-7.1267,12.926
9.589,-11.851,13.159
13.209,-9.5012,12.921
5.6306,-9.5853,13.064
11.698,-3.2779,13.038
9.7285,0.83529,-13.502
0.6043,0.080708,-10.144
-5.3821,6.1873,-9.8712
-5.6706,-6.5548,-9.9292
-12.055,0.088487,-9.8302
0.2854,-6.284,-3.3822
-6.2546,0.15566,-3.3982
6.3121,0.24617,-3.4702
0.22459,6.3662,-3.2962
-5.6939,-6.4409,-3.3412
0.63259,12.121,-3.1852
0.84896,-0.36335,-3.1912
-5.9683,5.9971,-3.2712
0.27055,-5.9424,-9.9862
-6.1196,0.20587,-9.8602
6.2612,0.50639,-9.9042
-0.29797,6.555,-9.8042
-2.8216,-7.1834,-13.287
-9.0746,-0.90076,-13.104
3.6053,-0.70277,-13.313
-2.9086,5.4745,-13.43
3.4087,-5.4984,-13.299
-3.0125,0.75034,-13.197
9.7281,0.83661,-0.32522
3.4016,6.8124,-13.013
0.96351,-9.6675,-13.14
-5.5228,-3.3169,-13.364
7.1005,-3.2887,-12.973
0.60713,3.1001,-13.435
1.3072,-2.8708,-6.9112
-5.5758,3.2231,-6.7282
7.3416,3.3631,-6.7772
1.1516,9.6974,-6.8092
-0.57869,-3.2038,-13.294
-6.9709,3.0159,-13.292
5.9338,3.2097,-13.302
-0.90396,9.3233,-13.318
-0.56737,-9.3047,-6.6942
-7.0565,-3.0631,-6.5112
5.8482,-3.0079,-6.7482
-0.47686,3.2648,-6.6352
-2.8542,-5.2275,-6.7492
-9.1446,0.87762,-6.5702
3.4405,0.92994,-6.6942
-2.8238,7.3441,-6.4242
3.4483,-6.8702,-6.8572
-2.7926,-0.27002,-6.8812
9.8929,-0.13567,-6.5952
3.4674,6.188,-6.8932
0.60387,0.082024,3.033
-5.3825,6.1886,3.306
-5.671,-6.5535,3.248
-12.055,0.089803,3.347
0.28496,-6.2826,9.795
-6.2551,0.15698,9.779
6.3116,0.24749,9.707
0.22415,6.3675,9.881
-5.6943,-6.4396,9.836
0.63215,12.123,9.992
0.84853,-0.36204,9.986
-5.9687,5.9984,9.906
0.27011,-5.9411,3.191
-6.12,0.20718,3.317
6.2607,0.5077,3.273
-0.2984,6.5563,3.373
-2.8221,-7.1821,-0.11
-9.075,-0.89944,0.073
3.6048,-0.70145,-0.136
-2.909,5.4758,-0.253
3.4083,-5.497,-0.122
-3.013,0.75165,-0.02
9.7277,0.83792,12.852
3.4012,6.8137,0.164
0.96308,-9.6661,0.037
-5.5232,-3.3156,-0.187
7.1001,-3.2873,0.204
0.6067,3.1014,-0.258
1.3067,-2.8694,6.266
-5.5762,3.2244,6.449
7.3412,3.3644,6.4
1.1512,9.6987,6.368
-0.57912,-3.2025,-0.117
-6.9714,3.0172,-0.115
5.9333,3.211,-0.125
-0.90439,9.3246,-0.141
-0.56781,-9.3034,6.483
-7.0569,-3.0618,6.666
5.8478,-3.0066,6.429
-0.4773,3.2661,6.542
-2.8546,-5.2262,6.428
-9.145,0.87893,6.607
3.4401,0.93126,6.483
-2.8242,7.3454,6.753
3.4479,-6.8688,6.32
-2.7931,-0.2687,6.296
9.8924,-0.13435,6.582
3.4669,6.1893,6.284
-2.8225,-7.1808,13.067
-9.0754,-0.89812,13.25
3.6044,-0.70013,13.041
-2.9095,5.4772,12.924
3.4078,-5.4957,13.055
-3.0134,0.75297,13.157
3.4008,6.815,13.341
0.96265,-9.6648,13.214
-5.5236,-3.3143,12.99
7.0996,-3.286,13.381
0.60626,3.1027,12.919
-0.57955,-3.2012,13.06
-6.9718,3.0185,13.062
5.9329,3.2123,13.052
-0.90482,9.3259,13.036
-2.8739,13.439,-13.504
-11.998,12.685,-10.146
-12.317,6.3199,-3.3841
-6.2903,12.85,-3.4721
-11.753,12.24,-3.1931
-12.332,6.6614,-9.9881
-6.3412,13.11,-9.9061
-8.9971,11.901,-13.315
-9.1937,7.1055,-13.301
-2.8743,13.44,-0.32713
-11.639,2.9364,-13.142
-5.5019,9.3152,-12.975
-11.295,9.7331,-6.9131
-13.181,9.4,-13.296
-13.17,3.2991,-6.6961
-6.7542,9.5959,-6.7501
-9.1619,13.534,-6.6961
-9.1541,5.7337,-6.8591
-2.7095,12.468,-6.5971
-11.999,12.686,3.0311
-12.317,6.3212,9.7931
-6.2908,12.851,9.7051
-11.754,12.242,9.9841
-12.332,6.6627,3.1891
-6.3417,13.112,3.2711
-8.9976,11.902,-0.1379
-9.1941,7.1068,-0.1239
-2.8747,13.442,12.85
-11.639,2.9377,0.035097
-5.5023,9.3165,0.2021
-11.296,9.7344,6.2641
-13.182,9.4014,-0.1189
-13.17,3.3004,6.4811
-6.7546,9.5972,6.4271
-9.1623,13.535,6.4811
-9.1546,5.735,6.3181
-2.71,12.469,6.5801
-8.998,11.904,13.039
-9.1946,7.1081,13.053
-11.64,2.939,13.212
-5.5028,9.3178,13.379
-13.182,9.4027,13.058
13.222,0.15717,-9.8288
13.221,0.15849,3.3484
13.279,12.753,-10.145
7.0036,6.1178,-9.9297
0.61918,12.761,-9.8307
12.96,6.3886,-3.3827
6.4196,12.828,-3.3987
6.9803,6.2316,-3.3417
13.523,12.309,-3.1917
12.945,6.7301,-9.9867
6.5546,12.878,-9.8607
9.8526,5.4891,-13.288
3.5996,11.772,-13.105
9.6617,13.423,-13.198
13.638,3.0051,-13.141
7.1514,9.3556,-13.365
13.981,9.8018,-6.9117
12.096,9.4687,-13.295
12.107,3.3678,-6.6947
5.6177,9.6094,-6.5117
9.8201,7.445,-6.7497
3.5296,13.55,-6.5707
9.8816,12.403,-6.8817
13.278,12.755,3.0325
7.0032,6.1191,3.2475
0.61875,12.762,3.3465
12.959,6.3899,9.7945
6.4191,12.83,9.7785
6.9799,6.2329,9.8355
13.523,12.31,9.9855
12.944,6.7314,3.1905
6.5542,12.88,3.3165
9.8521,5.4905,-0.11046
3.5992,11.773,0.072539
9.6612,13.424,-0.020461
13.637,3.0064,0.036539
7.151,9.3569,-0.18746
13.981,9.8031,6.2655
12.095,9.47,-0.11746
12.106,3.3691,6.4825
5.6173,9.6108,6.6655
9.8196,7.4463,6.4275
3.5292,13.551,6.6065
9.8811,12.404,6.2955
9.8517,5.4918,13.067
3.5988,11.774,13.25
9.6608,13.426,13.157
13.637,3.0077,13.214
7.1506,9.3582,12.99
12.095,9.4714,13.06
0,0,0
-6.0571,-0.26729,0.24
0.034648,6.1115,0.373
0.39712,0.041818,-6.2772
0.26375,-6.482,0.151
6.5973,-0.23052,0.168
0.39669,0.043134,6.9
-6.2218,6.0125,-0.152
-5.8516,-0.032429,-6.3932
-6.2417,-6.4054,0.024461
-5.852,-0.031113,6.784
6.4326,6.2671,0.024
0.23449,-6.3561,-6.5032
0.30873,6.4079,-6.5132
6.3806,-6.5913,-0.1501
0.23405,-6.3548,6.674
0.3083,6.4092,6.664
6.7342,0.34587,-6.5632
6.7338,0.34719,6.614
-5.993,-5.9933,-6.4832
-5.9934,-5.992,6.694
-6.01,6.4824,6.3201
6.5924,-6.1214,6.322
-6.0096,6.4811,-6.8571
6.5928,-6.1227,-6.8552
6.6812,6.6792,-6.4837
6.6808,6.6805,6.6935
0.052687,12.583,-0.1329
-12.622,-0.089193,-0.13244
12.655,-0.020506,-0.131
-0.019121,-12.693,-0.13054
0.00043346,-0.0013159,-13.177
-0.00043346,0.0013159,13.177
-6.0051,12.373,0.1661
-12.339,6.1218,0.1491
-12.187,0.063031,-6.5352
-12.187,0.064347,6.642
6.6171,12.405,0.23954
0.41585,-12.541,-6.5333
0.035082,6.1102,-12.804
0.41542,-12.54,6.6439
12.637,-6.4923,0.3749
-12.64,-6.561,0.37346
-6.0769,-12.903,0.16846
-6.0566,-0.2686,-12.937
0.48766,12.736,-6.5357
12.938,6.1905,0.15054
0.48723,12.737,6.6415
6.5453,-12.871,0.2419
0.26418,-6.4834,-13.026
6.5977,-0.23183,-13.009
13.09,0.13172,-6.5338
13.09,0.13303,6.6434
-6.0575,-0.26597,13.417
0.26332,-6.4807,13.328
0.034215,6.1128,13.55
6.5969,-0.2292,13.345
-5.94,-12.327,-6.5628
-5.9404,-12.325,6.6145
-12.368,6.2478,-6.5051
-12.365,-6.2646,-6.5128
-12.368,6.2491,6.6721
-12.366,-6.2633,6.6645
-6.2223,6.0138,13.025
-5.8682,12.95,-6.5651
-5.8686,12.951,6.6121
6.7508,-12.636,-6.3913
6.8226,12.64,-6.3937
12.911,-6.1959,-6.5113
12.909,6.3164,-6.5037
12.911,-6.1946,6.6659
12.908,6.3178,6.6735
6.7504,-12.635,6.7859
6.8222,12.641,6.7835
-6.2214,6.0112,-13.329
-6.2412,-6.4068,-13.153
6.433,6.2658,-13.153
6.3801,-6.59,13.027
-6.2421,-6.4041,13.202
6.4321,6.2684,13.201
6.381,-6.5926,-13.327
12.602,-12.604,0.001903
-12.602,12.604,-0.001903
-12.674,-12.673,0.000461
12.674,12.673,-0.000461
0.052254,12.585,13.044
-12.622,-0.087877,13.045
12.655,-0.01919,13.046
-0.019554,-12.692,13.047
0.053121,12.582,-13.31
-12.621,-0.090509,-13.31
12.656,-0.021822,-13.308
-0.018687,-12.694,-13.308
-12.205,12.646,-6.2791
-12.277,-12.631,-6.2768
-12.206,12.647,6.8981
-12.278,-12.629,6.9005
-6.0047,12.372,-13.011
-12.338,6.1205,-13.028
6.6176,12.404,-12.938
12.637,-6.4936,-12.802
13,-12.562,-6.2753
-12.639,-6.5623,-12.804
-6.0055,12.375,13.343
-12.339,6.1231,13.326
13.071,12.714,-6.2777
-6.0765,-12.904,-13.009
12.999,-12.561,6.9019
12.938,6.1892,-13.027
6.5458,-12.872,-12.935
6.6167,12.407,13.417
13.071,12.716,6.8995
-6.0773,-12.902,13.346
12.938,6.1918,13.328
12.637,-6.491,13.552
-12.64,-6.5597,13.551
6.5449,-12.87,13.419
-12.603,12.605,13.175
12.603,-12.605,-13.175
12.602,-12.603,13.179
-12.602,12.603,-13.179
-12.675,-12.671,13.178
12.675,12.671,-13.178
-12.674,-12.674,-13.177
12.674,12.674,13.177
