-3.1048,-8.6185,-3.4767
-8.8698,-2.8846,-3.4767
-3.2716,-8.6171,-9.3947
-9.0388,-2.8895,-9.3947
-8.7793,-8.8115,-3.4487
-8.9434,-8.7748,-9.3697
-3.1048,-8.6185,8.3589
-8.8698,-2.8846,8.3589
-3.2716,-8.6171,2.4409
-9.0388,-2.8895,2.4409
-8.7793,-8.8115,8.3869
-8.9434,-8.7748,2.4659
8.4093,-8.6709,-3.0034
8.2424,-8.6709,-8.9204
2.734,-8.8675,-2.9744
8.4934,-3.0317,-2.9804
2.5778,-8.7423,-8.8974
8.3258,-3.0339,-8.8994
8.4093,-8.6709,8.8322
8.2424,-8.6709,2.9152
2.734,-8.8675,8.8612
8.4934,-3.0317,8.8552
2.5778,-8.7423,2.9382
8.3258,-3.0339,2.9362
2.6806,-2.9013,-3.2397
-3.0879,2.8263,-3.2397
8.4273,2.844,-3.2397
2.6623,8.5779,-3.2397
2.5116,-2.9034,-9.1577
-3.2548,2.8263,-9.1567
8.2604,2.8454,-9.1577
2.4933,8.573,-9.1577
-2.9861,-3.0158,-3.2167
-8.7632,2.6297,-3.2107
2.7528,2.6509,-3.2117
-3.0038,8.4655,-3.2167
-3.1544,-3.0172,-9.1347
-8.9194,2.7549,-9.1337
2.5887,2.6877,-9.1327
-3.1714,8.4634,-9.1357
2.6806,-2.9013,8.596
-3.0879,2.8263,8.596
8.4273,2.844,8.596
2.6623,8.5779,8.596
2.5116,-2.9034,2.678
-3.2548,2.8263,2.679
8.2604,2.8454,2.678
2.4933,8.573,2.678
-2.9861,-3.0158,8.619
-8.7632,2.6297,8.625
2.7528,2.6509,8.624
-3.0038,8.4655,8.619
-3.1544,-3.0172,2.701
-8.9194,2.7549,2.702
2.5887,2.6877,2.703
-3.1714,8.4634,2.7
-8.8166,8.596,-3.4759
-8.9856,8.5938,-9.3939
-8.8166,8.596,8.3598
-8.9856,8.5938,2.4418
8.546,8.4467,-2.9796
8.3777,8.4453,-8.8976
8.546,8.4467,8.8561
8.3777,8.4453,2.9381
-7.5263,-8.6432,-8.9027
-7.6981,-8.6496,-2.9851
-7.5263,-8.6432,2.9329
-7.6981,-8.6496,8.8506
-1.8685,-8.6631,-8.4034
9.6446,-8.6476,-8.4034
3.8803,-2.9158,-8.4044
3.9984,-8.6836,-8.4314
9.745,-2.9412,-8.4314
-2.0368,-8.6646,-2.4858
9.4777,-8.6476,-2.4858
3.7141,-2.9151,-2.4868
-1.8685,-8.6631,3.4322
9.6446,-8.6476,3.4322
3.8803,-2.9158,3.4312
3.8152,-8.7027,-2.5118
9.5781,-2.9426,-2.5128
3.9984,-8.6836,3.4042
9.745,-2.9412,3.4042
-2.0368,-8.6646,9.3499
9.4777,-8.6476,9.3499
3.7141,-2.9151,9.3489
3.8152,-8.7027,9.3239
9.5781,-2.9426,9.3229
-7.6014,-2.8991,-8.6407
-1.8526,2.8496,-8.6397
-7.617,8.5814,-8.6407
-1.7352,-2.9246,-8.6667
-7.4989,2.8136,-8.6677
4.0058,2.8192,-8.6657
-1.7522,8.556,-8.6677
-7.7662,-2.8984,-2.723
-2.0195,2.8496,-2.722
-7.7831,8.5822,-2.723
-7.6014,-2.8991,3.195
-1.8526,2.8496,3.196
-7.617,8.5814,3.195
-1.9028,-2.9267,-2.749
-7.682,2.7945,-2.748
3.8339,2.8129,-2.748
-1.9191,8.5546,-2.749
-1.7352,-2.9246,3.169
-7.4989,2.8136,3.168
4.0058,2.8192,3.17
-1.7522,8.556,3.168
-7.7662,-2.8984,9.1127
-2.0195,2.8496,9.1137
-7.7831,8.5822,9.1127
-1.9028,-2.9267,9.0867
-7.682,2.7945,9.0877
3.8339,2.8129,9.0877
-1.9191,8.5546,9.0867
9.6636,2.7993,-8.1664
9.4953,2.7979,-2.2487
9.6636,2.7993,3.6693
9.4953,2.7979,9.587
3.9307,8.5633,-8.4036
9.7968,8.5379,-8.4296
3.7659,8.564,-2.4859
3.9307,8.5633,3.4321
9.6292,8.5358,-2.5119
9.7968,8.5379,3.4061
3.7659,8.564,9.3497
9.6292,8.5358,9.3237
-0.41174,-11.494,-9.1495
-0.24769,-11.497,-3.2335
-2.7105,-11.572,-12.089
-2.5437,-11.572,-6.1735
-0.41174,-11.494,2.6862
-0.24769,-11.497,8.6022
-2.7105,-11.572,-0.25382
-2.5437,-11.572,5.6622
-2.7105,-11.572,11.582
-6.0477,-11.502,-9.3367
-11.818,-5.7703,-9.3397
-5.8674,-11.503,-3.4177
-11.648,-5.7717,-3.4217
-11.895,-11.479,-9.3877
-6.1503,-5.7314,-9.3887
-11.909,0.0032583,-9.3857
-11.728,-11.48,-3.4707
-5.9862,-5.7328,-3.4707
-11.745,0.00042992,-3.4697
-11.707,-8.6128,-12.153
-11.536,-8.6143,-6.2357
-5.6885,-8.6114,-12.349
-11.452,-2.8775,-12.35
-5.5195,-8.6107,-6.4327
-11.287,-2.8782,-6.4307
-8.4194,-11.406,-12.253
-8.2525,-11.406,-6.3347
-8.4427,-5.812,-12.331
-8.2751,-5.8127,-6.4107
-6.0477,-11.502,2.4989
-11.818,-5.7703,2.4959
-5.8674,-11.503,8.4179
-11.648,-5.7717,8.4139
-11.895,-11.479,2.4479
-6.1503,-5.7314,2.4469
-11.909,0.0032583,2.4499
-11.728,-11.48,8.3649
-5.9862,-5.7328,8.3649
-11.745,0.00042992,8.3659
-11.707,-8.6128,-0.31706
-11.536,-8.6143,5.5999
-5.6885,-8.6114,-0.51306
-11.452,-2.8775,-0.51406
-5.5195,-8.6107,5.4029
-11.287,-2.8782,5.4049
-8.4194,-11.406,-0.41706
-8.2525,-11.406,5.5009
-8.4427,-5.812,-0.49506
-8.2751,-5.8127,5.4249
-11.707,-8.6128,11.519
-5.6885,-8.6114,11.323
-11.452,-2.8775,11.322
-8.4194,-11.406,11.419
-8.4427,-5.812,11.341
5.45,-11.551,-8.8684
11.212,-5.805,-8.8664
5.6452,-11.555,-2.9484
11.381,-5.8064,-2.9484
11.134,-11.513,-8.9144
5.3737,-5.7796,-8.9144
11.12,-0.031484,-8.9124
11.301,-11.515,-2.9974
5.5271,-5.7873,-2.9954
11.284,-0.034312,-2.9964
-0.19125,-8.6646,-11.679
11.322,-8.6476,-11.679
5.5575,-2.9172,-11.679
-0.022963,-8.666,-5.7614
11.493,-8.649,-5.7624
5.7251,-2.9179,-5.7614
5.8255,-8.6624,-11.877
11.577,-2.9122,-11.876
5.9917,-8.6631,-5.9584
11.742,-2.9129,-5.9574
3.0947,-11.453,-11.783
8.8427,-5.7046,-11.783
3.2608,-11.455,-5.8644
9.0103,-5.7053,-5.8634
8.8385,-11.592,-11.853
3.072,-5.8595,-11.856
8.8215,-0.10997,-11.852
9.0061,-11.59,-5.9374
3.2396,-5.8602,-5.9354
8.9884,-0.10997,-5.9364
5.45,-11.551,2.9672
11.212,-5.805,2.9692
5.6452,-11.555,8.8872
11.381,-5.8064,8.8872
11.134,-11.513,2.9212
5.3737,-5.7796,2.9212
11.12,-0.031484,2.9232
11.301,-11.515,8.8382
5.5271,-5.7873,8.8402
11.284,-0.034312,8.8392
-0.19125,-8.6646,0.15624
11.322,-8.6476,0.15624
5.5575,-2.9172,0.15624
-0.022963,-8.666,6.0742
11.493,-8.649,6.0732
5.7251,-2.9179,6.0742
5.8255,-8.6624,-0.041762
11.577,-2.9122,-0.040762
5.9917,-8.6631,5.8772
11.742,-2.9129,5.8782
3.0947,-11.453,0.052238
8.8427,-5.7046,0.052238
3.2608,-11.455,5.9712
9.0103,-5.7053,5.9722
8.8385,-11.592,-0.017762
3.072,-5.8595,-0.020762
8.8215,-0.10997,-0.016762
9.0061,-11.59,5.8982
3.2396,-5.8602,5.9002
8.9884,-0.10997,5.8992
-0.19125,-8.6646,11.992
11.322,-8.6476,11.992
5.5575,-2.9172,11.992
5.8255,-8.6624,11.794
11.577,-2.9122,11.795
3.0947,-11.453,11.888
8.8427,-5.7046,11.888
8.8385,-11.592,11.818
3.072,-5.8595,11.815
8.8215,-0.10997,11.819
-0.26587,-5.7855,-9.1017
-6.0472,-0.05374,-9.1047
5.4843,-0.039598,-9.0997
-0.28567,5.6922,-9.1027
-0.095459,-5.7891,-3.1827
-5.852,-0.057983,-3.1847
5.6646,-0.040305,-3.1807
-0.11597,5.6908,-3.1847
-0.36275,-0.016263,-9.1507
-6.1235,5.7177,-9.1507
5.3818,5.7311,-9.1517
-0.37689,11.466,-9.1487
-0.19587,-0.017678,-3.2337
-5.9701,5.7099,-3.2317
5.5458,5.7297,-3.2337
-0.21284,11.463,-3.2327
-5.9234,-2.8998,-11.917
-11.688,2.8327,-11.916
-0.17536,2.8496,-11.916
-5.9397,8.58,-11.916
-5.7558,-2.9006,-5.9977
-11.52,2.8313,-5.9977
-0.0042426,2.8482,-5.9987
-5.7721,8.5793,-5.9977
0.097581,-2.8949,-12.113
-5.6717,2.8348,-12.114
5.8435,2.8511,-12.112
0.079903,8.585,-12.113
0.26375,-2.8956,-6.1937
-5.5055,2.8341,-6.1947
6.0125,2.8518,-6.1957
0.24466,8.5843,-6.1937
-2.6368,-5.6873,-12.019
-8.4025,0.044548,-12.02
3.1127,0.056569,-12.016
-2.6545,5.7926,-12.02
-2.4692,-5.6851,-6.0997
-8.2364,0.042426,-6.1007
3.2796,0.056569,-6.0977
-2.4869,5.7919,-6.0997
-2.6587,-0.094752,-12.09
-8.4252,5.6378,-12.093
3.0893,5.6505,-12.094
-2.6757,11.387,-12.089
-2.4911,-0.092631,-6.1737
-8.2576,5.6371,-6.1717
3.2569,5.6498,-6.1737
-2.5088,11.387,-6.1727
-0.26587,-5.7855,2.734
-6.0472,-0.05374,2.731
5.4843,-0.039598,2.736
-0.28567,5.6922,2.733
-0.095459,-5.7891,8.653
-5.852,-0.057983,8.651
5.6646,-0.040305,8.655
-0.11597,5.6908,8.651
-0.36275,-0.016263,2.685
-6.1235,5.7177,2.685
5.3818,5.7311,2.684
-0.37689,11.466,2.687
-0.19587,-0.017678,8.602
-5.9701,5.7099,8.604
5.5458,5.7297,8.602
-0.21284,11.463,8.603
-5.9234,-2.8998,-0.081
-11.688,2.8327,-0.08
-0.17536,2.8496,-0.08
-5.9397,8.58,-0.08
-5.7558,-2.9006,5.838
-11.52,2.8313,5.838
-0.0042426,2.8482,5.837
-5.7721,8.5793,5.838
0.097581,-2.8949,-0.277
-5.6717,2.8348,-0.278
5.8435,2.8511,-0.276
0.079903,8.585,-0.277
0.26375,-2.8956,5.642
-5.5055,2.8341,5.641
6.0125,2.8518,5.64
0.24466,8.5843,5.642
-2.6368,-5.6873,-0.183
-8.4025,0.044548,-0.184
3.1127,0.056569,-0.18
-2.6545,5.7926,-0.184
-2.4692,-5.6851,5.736
-8.2364,0.042426,5.735
3.2796,0.056569,5.738
-2.4869,5.7919,5.736
-2.6587,-0.094752,-0.254
-8.4252,5.6378,-0.257
3.0893,5.6505,-0.258
-2.6757,11.387,-0.253
-2.4911,-0.092631,5.662
-8.2576,5.6371,5.664
3.2569,5.6498,5.662
-2.5088,11.387,5.663
-5.9234,-2.8998,11.755
-11.688,2.8327,11.756
-0.17536,2.8496,11.756
-5.9397,8.58,11.756
0.097581,-2.8949,11.559
-5.6717,2.8348,11.558
5.8435,2.8511,11.56
0.079903,8.585,11.559
-2.6368,-5.6873,11.653
-8.4025,0.044548,11.652
3.1127,0.056569,11.656
-2.6545,5.7926,11.652
-2.6587,-0.094752,11.582
-8.4252,5.6378,11.579
3.0893,5.6505,11.578
-2.6757,11.387,11.583
-11.763,5.7117,-9.3379
-6.0129,11.458,-9.3359
-11.593,5.7081,-3.4189
-5.8326,11.457,-3.4169
-11.86,11.481,-9.3869
-11.693,11.48,-3.4699
-11.4,8.6023,-12.349
-11.233,8.6016,-6.4299
-8.3845,11.554,-12.252
-8.2177,11.554,-6.3339
-11.763,5.7117,2.4978
-6.0129,11.458,2.4998
-11.593,5.7081,8.4168
-5.8326,11.457,8.4188
-11.86,11.481,2.4488
-11.693,11.48,8.3658
-11.4,8.6023,-0.51324
-11.233,8.6016,5.4058
-8.3845,11.554,-0.41624
-8.2177,11.554,5.5018
-11.4,8.6023,11.322
-8.3845,11.554,11.419
11.341,2.7979,-11.442
11.509,2.7965,-5.5244
11.341,2.7979,0.3933
11.509,2.7965,6.3113
11.341,2.7979,12.229
11.266,5.6769,-8.8646
5.4849,11.409,-8.8676
11.437,5.6734,-2.9456
5.6801,11.404,-2.9476
11.169,11.446,-8.9136
11.336,11.445,-2.9966
5.6086,8.5626,-11.68
5.7762,8.5619,-5.7606
11.63,8.5676,-11.876
11.796,8.5669,-5.9566
8.8953,5.7752,-11.782
3.1295,11.507,-11.783
9.0629,5.7773,-5.8626
3.2957,11.505,-5.8636
8.8733,11.368,-11.853
9.0409,11.37,-5.9366
11.266,5.6769,2.9711
5.4849,11.409,2.9681
11.437,5.6734,8.8901
5.6801,11.404,8.8881
11.169,11.446,2.9221
11.336,11.445,8.8391
5.6086,8.5626,0.15606
5.7762,8.5619,6.0751
11.63,8.5676,-0.039942
11.796,8.5669,5.8791
8.8953,5.7752,0.054058
3.1295,11.507,0.053058
9.0629,5.7773,5.9731
3.2957,11.505,5.9721
8.8733,11.368,-0.016942
9.0409,11.37,5.8991
5.6086,8.5626,11.992
11.63,8.5676,11.796
8.8953,5.7752,11.89
3.1295,11.507,11.889
8.8733,11.368,11.819
0,0,0
0.019799,5.6781,-0.003
-5.7276,-0.072125,-0.003
5.7884,-0.055154,-0.001
0.038184,-5.8011,-0.003
0.17041,-0.00070711,5.917
0.17041,-0.00070711,-5.9187
-5.5593,-0.070711,5.914
-5.5593,-0.070711,-5.9217
-5.7643,5.729,-0.001
5.7488,5.7459,-0.002
-5.7833,-5.7165,-0.23906
5.7329,-5.7682,0.23524
0.1888,5.6774,5.915
0.1888,5.6774,-5.9207
0.20577,-5.8018,5.916
0.20577,-5.8018,-5.9197
5.9567,-0.05374,5.916
5.9567,-0.05374,-5.9197
-5.6143,-5.7144,5.6799
-5.5968,5.7311,-5.9167
-5.5968,5.7311,5.919
5.9005,-5.7661,-5.6804
-5.6143,-5.7144,-6.1557
5.9178,5.7481,5.917
5.9178,5.7481,-5.9187
5.9005,-5.7661,6.1552
-0.016263,11.48,0.001
-0.051112,-11.48,0.00018
11.481,-0.017342,0.23724
-11.548,0.0174,-0.23606
0,0,-11.836
0,0,11.836
-11.379,0.016693,5.6799
5.8045,11.39,0.23406
-5.7088,11.442,-0.23724
-11.459,5.6961,-0.23924
-5.7437,-11.518,-0.23806
11.57,5.6614,0.23406
-11.512,-5.7844,-0.24006
11.517,-5.8192,0.23324
0.15274,11.479,5.917
0.11789,-11.481,5.9162
0.15274,11.479,-5.9187
0.11789,-11.481,-5.9195
5.7697,-11.569,0.23324
-11.379,0.016693,-6.1557
11.65,-0.018049,-5.6824
0.019799,5.6781,11.833
0.019799,5.6781,-11.839
-5.7276,-0.072125,11.833
-5.7276,-0.072125,-11.839
5.7884,-0.055154,11.835
11.65,-0.018049,6.1532
5.7884,-0.055154,-11.837
0.038184,-5.8011,11.833
0.038184,-5.8011,-11.839
-11.291,5.6954,5.6798
-5.5406,11.443,5.6798
-11.343,-5.7851,5.6779
-5.5754,-11.516,5.6789
5.9728,11.392,-5.6846
-11.291,5.6954,-6.1559
-5.5406,11.443,-6.1559
-11.343,-5.7851,-6.1577
-5.7833,-5.7165,11.597
5.7329,-5.7682,-11.6
5.9379,-11.568,-5.6854
-5.5754,-11.516,-6.1567
11.738,5.6607,-5.6826
11.686,-5.8199,-5.6844
5.9728,11.392,6.1511
5.7488,5.7459,11.834
-5.7643,5.729,11.835
-5.7643,5.729,-11.837
5.7488,5.7459,-11.838
5.9379,-11.568,6.1502
11.738,5.6607,6.1531
11.686,-5.8199,6.1512
5.7329,-5.7682,12.071
-5.7833,-5.7165,-12.075
11.497,-11.497,0.23624
-11.497,11.497,-0.23624
-11.532,-11.462,-0.23706
11.532,11.462,0.23706
11.481,-0.017342,-11.598
-11.548,0.0174,11.6
-0.016263,11.48,-11.835
-0.051112,-11.48,-11.835
-0.051112,-11.48,11.836
-0.016263,11.48,11.837
11.481,-0.017342,12.073
-11.548,0.0174,-12.072
-11.327,11.497,5.6808
-11.362,-11.463,5.6799
5.8045,11.39,-11.602
-5.7088,11.442,11.598
-11.459,5.6961,11.596
-11.327,11.497,-6.1549
-11.362,-11.463,-6.1557
-5.7437,-11.518,11.598
-11.512,-5.7844,11.596
11.57,5.6614,-11.602
11.702,11.462,-5.6816
11.668,-11.498,-5.6824
11.517,-5.8192,-11.602
5.7697,-11.569,-11.602
11.702,11.462,6.1541
11.668,-11.498,6.1532
5.8045,11.39,12.07
-5.7088,11.442,-12.073
-11.459,5.6961,-12.075
-5.7437,-11.518,-12.074
11.57,5.6614,12.07
-11.512,-5.7844,-12.076
11.517,-5.8192,12.069
5.7697,-11.569,12.069
-11.532,-11.462,11.599
11.532,11.462,-11.599
11.497,-11.497,-11.599
-11.497,11.497,11.599
11.497,-11.497,12.072
-11.497,11.497,-12.072
-11.532,-11.462,-12.073
11.532,11.462,12.073
