-9.8772,-3.4058,-10.548
-9.9083,-9.6948,-10.232
-9.8776,-3.4045,2.6295
-9.9087,-9.6935,2.9455
-3.4903,-9.5372,-3.4155
-9.4873,-3.1952,-4.0265
-8.6536,-8.8952,-4.5835
-3.4907,-9.5359,9.7617
-9.4877,-3.1939,9.1507
-8.654,-8.8939,8.5937
9.2653,-10.034,-10.032
9.2116,-3.2459,-10.342
9.2649,-10.033,3.1449
9.2111,-3.2446,2.8349
9.6658,-8.9714,-4.0511
2.9433,-9.4671,-3.9891
9.9635,-3.4822,-3.6591
9.6654,-8.9701,9.1261
2.9429,-9.4658,9.1881
9.963,-3.4809,9.5181
-3.0486,-9.2729,-10.683
2.797,9.2667,-10.548
3.5013,-2.8828,-9.4822
-3.3371,2.5697,-10.034
3.6031,-8.4378,-10.849
-2.8513,-2.3892,-10.994
-3.3909,9.3579,-10.344
2.7659,2.9777,-10.232
-3.049,-9.2716,2.494
2.7966,9.268,2.629
3.5009,-2.8815,3.695
-3.3375,2.571,3.143
3.6027,-8.4365,2.328
-2.8518,-2.3879,2.183
-3.3913,9.3593,2.833
2.7655,2.979,2.945
3.1381,-3.1664,-3.519
-2.9366,3.6324,-4.053
9.1839,3.1353,-3.416
3.1869,9.4774,-4.027
-9.6591,3.1367,-3.991
-3.1947,-2.7422,-4.681
-2.6389,9.1217,-3.661
4.0206,3.7774,-4.584
3.1377,-3.1651,9.6582
-2.937,3.6337,9.1242
9.1835,3.1366,9.7612
3.1865,9.4787,9.1502
-9.6595,3.138,9.1862
-3.1951,-2.7408,8.4962
-2.6394,9.123,9.5162
4.0202,3.7787,8.5932
-9.1011,9.7211,-9.4841
-8.9993,4.166,-10.851
-9.1015,9.7224,3.6931
-8.9997,4.1674,2.3261
-9.4643,9.4374,-3.5209
-9.4647,9.4387,9.6563
9.6256,3.3996,-10.684
9.8229,10.283,-10.995
9.6252,3.4009,2.4935
9.8224,10.285,2.1825
9.4795,9.9304,-4.6815
9.4791,9.9317,8.4958
-3.5316,-10.259,-9.6768
-11.001,-8.6525,-10.358
-3.532,-10.258,3.5005
-11.002,-8.6512,2.8195
-9.2801,-9.5174,-3.3615
-9.2805,-9.5161,9.8157
10.054,-8.7458,-10.229
9.959,-3.1702,-9.0303
10.054,-8.7445,2.9479
9.9585,-3.1689,4.1469
9.6573,-9.2515,-2.5711
3.8555,-10.385,-3.2701
9.6569,-9.2501,10.606
3.8551,-10.384,9.9071
3.495,-1.6941,-10.402
-2.548,3.8581,-10.231
9.1426,2.4135,-9.6772
-10.288,-2.2103,-9.7492
-3.8208,-3.4874,-10.796
3.1202,-9.0381,-9.5512
1.6727,4.02,-10.358
-2.6434,9.4336,-9.0322
3.4945,-1.6928,2.775
-2.5484,3.8594,2.946
9.1422,2.4148,3.5
-10.288,-2.209,3.428
-3.8212,-3.486,2.381
3.1198,-9.0368,3.626
1.6723,4.0213,2.819
-2.6439,9.4349,4.145
-3.2492,-8.8296,-2.099
-9.0262,-2.6849,-2.704
3.0222,-1.9148,-4.405
-2.9451,3.3524,-2.573
-3.2994,-3.3248,-3.312
-8.7469,2.2189,-3.272
3.3941,3.1551,-3.362
8.445,-3.4358,-3.79
-3.2496,-8.8283,11.078
-9.0267,-2.6836,10.473
3.0217,-1.9135,8.7722
-2.9455,3.3537,10.604
-3.2998,-3.3235,9.8652
-8.7473,2.2202,9.9052
3.3937,3.1564,9.8152
8.4445,-3.4345,9.3872
-9.1074,10.91,-10.404
-9.4822,3.5657,-9.5531
-9.1079,10.911,2.7731
-9.4826,3.567,3.6241
-9.5802,10.689,-4.4069
-4.1574,9.168,-3.7919
-9.5807,10.69,8.7703
-4.1579,9.1693,9.3853
2.3862,10.462,-9.7497
8.8534,9.1852,-10.797
2.3858,10.464,3.4275
8.853,9.1865,2.3805
9.4251,3.8429,-2.0995
3.648,9.9876,-2.7045
9.3749,9.3477,-3.3125
9.4246,3.8442,11.078
3.6476,9.989,10.473
9.3744,9.349,9.8648
-0.67807,-13.121,-10.365
-0.67851,-13.12,2.8124
-6.4307,-12.085,-10.334
-13.018,-5.5936,-10.085
-7.0586,-7.5593,-10.269
-13.28,-0.51727,-10.367
-12.538,-12.698,-10.292
-12.961,-9.2104,-7.7218
-6.4852,-9.1991,-14.129
-12.03,-3.2269,-14.198
-13.239,-9.3999,-13.087
-9.4812,-12.065,-13.566
-3.0769,-12.585,-13.775
-9.7435,-6.4117,-14.015
-11.927,-11.731,-3.7095
-6.4312,-12.084,2.8435
-13.019,-5.5923,3.0925
-7.0591,-7.558,2.9085
-13.281,-0.51595,2.8105
-12.538,-12.697,2.8855
-6.6886,-12.62,-3.4895
-12.32,-7.0814,-3.8865
-9.6266,-12.271,-7.1875
-3.1721,-12.247,-6.2245
-9.6803,-6.1233,-7.2565
-12.961,-9.2091,5.4555
-6.4856,-9.1978,-0.95154
-12.031,-3.2256,-1.0205
-5.4419,-9.0833,-7.0565
-12.448,-2.7391,-6.5695
-13.24,-9.3986,0.090461
-9.4816,-12.064,-0.38854
-3.0774,-12.583,-0.59754
-9.744,-6.4104,-0.83754
-11.927,-11.73,9.4677
-6.689,-12.618,9.6877
-12.32,-7.0801,9.2907
-9.627,-12.27,5.9897
-3.1725,-12.246,6.9527
-9.6808,-6.122,5.9207
-6.486,-9.1965,12.226
-12.031,-3.2243,12.157
-5.4424,-9.0819,6.1207
-12.448,-2.7378,6.6077
-13.24,-9.3973,13.268
-9.4821,-12.062,12.789
-3.0778,-12.582,12.58
-9.7444,-6.4091,12.34
5.92,-11.869,-10.275
12.258,-5.5249,-10.083
11.996,-0.44858,-10.365
12.739,-12.629,-10.29
6.6561,-6.1705,-10.292
12.316,-9.1418,-7.7203
7.1001,-9.2153,-13.577
13.246,-3.1582,-14.196
12.037,-9.3313,-13.085
3.3284,-12.529,-13.567
9.3919,-5.7384,-13.707
13.35,-11.663,-3.7081
6.5446,-6.2406,-3.4691
0.93656,-12.361,-3.5891
5.9195,-11.868,2.9019
12.258,-5.5236,3.0939
11.996,-0.44727,2.8119
12.738,-12.628,2.8869
6.6556,-6.1692,2.8849
6.2017,-12.949,-3.8271
12.957,-7.0128,-3.8851
2.9278,-12.707,-7.0141
9.4713,-5.67,-6.5761
9.4537,-12.65,-7.2631
12.315,-9.1404,5.4569
7.0997,-9.214,-0.4001
13.246,-3.1569,-1.0191
5.9174,-9.477,-6.6151
12.829,-2.6704,-6.5681
12.037,-9.3299,0.091903
3.328,-12.527,-0.3901
9.3914,-5.7371,-0.5301
9.6014,-12.707,-1.4341
13.349,-11.661,9.4691
6.5442,-6.2393,9.7081
0.93612,-12.359,9.5881
6.2012,-12.948,9.3501
12.956,-7.0114,9.2921
2.9273,-12.706,6.1631
9.4709,-5.6686,6.6011
9.4532,-12.648,5.9141
7.0993,-9.2127,12.777
13.245,-3.1556,12.158
5.917,-9.4757,6.5621
12.828,-2.6691,6.6091
12.036,-9.3286,13.269
3.3276,-12.526,12.787
9.391,-5.7358,12.647
9.601,-12.706,11.743
0.63542,-5.6426,-10.659
-6.6824,0.73478,-10.277
6.2435,0.5877,-10.334
-0.34393,7.0789,-10.085
5.6156,5.1132,-10.269
-0.60626,12.155,-10.367
0.1362,-0.025358,-10.292
-5.9463,6.4334,-10.294
-3.3887,-6.0153,-8.3822
-0.25554,-9.3974,-8.0972
-6.8062,-3.1748,-8.5312
-0.28665,3.4621,-7.7222
0.21752,-2.9591,-13.586
-5.5023,3.3886,-13.579
6.189,3.4734,-14.129
0.6439,9.4456,-14.198
0.3059,-3.2328,-7.4072
0.50884,-9.6554,-13.228
-6.0906,-2.8354,-13.294
5.6212,-2.7993,-13.376
-0.56525,3.2726,-13.087
-3.4064,-6.3511,-12.866
-9.274,0.075052,-13.569
3.193,0.6075,-13.566
-3.2105,6.8654,-13.709
3.024,-6.7598,-14.222
9.5973,0.08778,-13.775
2.9307,6.2608,-14.015
0.74741,0.94116,-3.71
-6.0578,6.3633,-3.471
-5.8506,-5.4009,-3.808
-11.666,0.24324,-3.591
0.63498,-5.6413,2.518
-6.6829,0.7361,2.9
6.243,0.58902,2.843
-0.34436,7.0803,3.092
5.6151,5.1145,2.908
-0.6067,12.157,2.81
0.13576,-0.024042,2.885
-5.9468,6.4347,2.883
-1.3018,-6.3788,-3.479
-6.4007,-0.34507,-3.829
5.9857,0.053033,-3.49
0.35426,5.5911,-3.887
-3.3892,-6.0139,4.795
-9.6746,-0.10324,-7.016
3.0476,0.40164,-7.188
-3.1311,6.9339,-6.578
2.8298,-6.4021,-6.95
-3.1487,-0.045962,-7.265
9.5021,0.42568,-6.225
2.9939,6.5492,-7.257
-0.25597,-9.396,5.08
-6.8066,-3.1735,4.646
6.4241,-2.856,-6.733
-0.28709,3.4634,5.455
0.21708,-2.9578,-0.409
-5.5027,3.3899,-0.402
6.1886,3.4747,-0.952
0.64347,9.4469,-1.021
0.30547,-3.2315,5.77
-6.685,3.1268,-6.617
7.2323,3.5893,-7.057
0.22627,9.9334,-6.57
0.50841,-9.6541,-0.051
-6.091,-2.8341,-0.117
5.6208,-2.798,-0.199
-0.56569,3.2739,0.09
-3.4068,-6.3498,0.311
-9.2744,0.076368,-0.392
3.1926,0.60882,-0.389
-3.211,6.8667,-0.532
3.0236,-6.7585,-1.045
-3.001,-0.10324,-1.436
9.5969,0.089095,-0.598
2.9303,6.2621,-0.838
0.74698,0.94248,9.4672
-6.0582,6.3646,9.7062
-5.851,-5.3996,9.3692
-11.666,0.24456,9.5862
-1.3022,-6.3775,9.6982
-6.4012,-0.34375,9.3482
5.9852,0.054349,9.6872
0.35383,5.5924,9.2902
-9.6751,-0.10192,6.1612
3.0472,0.40295,5.9892
-3.1315,6.9352,6.5992
2.8294,-6.4008,6.2272
-3.1492,-0.044646,5.9122
9.5017,0.42699,6.9522
2.9935,6.5505,5.9202
6.4236,-2.8547,6.4442
0.21665,-2.9565,12.768
-5.5031,3.3912,12.775
6.1882,3.476,12.225
0.64303,9.4483,12.156
-6.6854,3.1281,6.5602
7.2319,3.5906,6.1202
0.22584,9.9348,6.6072
0.50798,-9.6528,13.126
-6.0915,-2.8328,13.06
5.6204,-2.7967,12.978
-0.56612,3.2752,13.267
-3.4073,-6.3485,13.488
-9.2748,0.077683,12.785
3.1922,0.61013,12.788
-3.2114,6.868,12.645
3.0232,-6.7572,12.132
-3.0014,-0.10192,11.741
9.5964,0.090411,12.579
2.9298,6.2635,12.339
-11.967,6.9612,-10.661
-6.3589,13.192,-10.336
-12.466,12.578,-10.294
-12.858,3.2065,-8.0991
-12.385,9.6447,-13.588
-12.296,9.3711,-7.4091
-12.094,2.9484,-13.23
-6.9812,9.8045,-13.378
-9.4094,13.211,-13.568
-9.5784,5.844,-14.224
-3.0051,12.692,-13.777
-11.855,13.545,-3.7119
-11.967,6.9625,2.5161
-6.3594,13.193,2.8411
-12.467,12.58,2.8831
-13.904,6.225,-3.4809
-6.6167,12.657,-3.4919
-9.5548,13.005,-7.1899
-9.7726,6.2017,-6.9519
-3.1003,13.03,-6.2269
-12.858,3.2078,5.0781
-6.1783,9.7478,-6.7349
-12.385,9.646,-0.4109
-12.297,9.3724,5.7681
-12.094,2.9497,-0.052903
-6.9816,9.8058,-0.2009
-9.4098,13.213,-0.3909
-9.5788,5.8453,-1.0469
-3.0055,12.693,-0.5999
-11.855,13.546,9.4653
-13.905,6.2264,9.6963
-6.6172,12.658,9.6853
-9.5552,13.007,5.9873
-9.773,6.203,6.2253
-3.1007,13.031,6.9503
-6.1788,9.7492,6.4423
-12.386,9.6473,12.766
-12.094,2.951,13.124
-6.982,9.8071,12.976
-9.4102,13.214,12.786
-9.5792,5.8466,12.13
-3.006,12.694,12.577
13.611,0.31193,-3.5896
13.61,0.31325,9.5877
13.31,7.0299,-10.66
5.9918,13.407,-10.278
12.81,12.647,-10.293
9.2855,6.6573,-8.3827
12.419,3.2752,-8.0977
5.868,9.4977,-8.5317
12.892,9.7134,-13.587
12.98,9.4397,-7.4077
13.183,3.0171,-13.229
6.5836,9.8371,-13.295
9.2678,6.3214,-12.867
3.4002,12.748,-13.57
13.422,13.614,-3.7105
6.8236,7.2717,-3.8085
1.0084,12.916,-3.5915
13.309,7.0312,2.5175
5.9913,13.409,2.8995
12.81,12.648,2.8845
11.372,6.2937,-3.4795
6.2735,12.327,-3.8295
9.285,6.6586,4.7945
2.9996,12.569,-7.0165
9.5255,12.627,-7.2655
12.418,3.2765,5.0795
5.8676,9.499,4.6455
12.891,9.7147,-0.40946
12.98,9.4411,5.7695
13.183,3.0184,-0.051461
6.5832,9.8384,-0.11746
9.2674,6.3227,0.31054
3.3998,12.749,-0.39246
9.6732,12.569,-1.4365
13.421,13.615,9.4668
6.8232,7.273,9.3688
1.0079,12.917,9.5858
11.372,6.295,9.6978
6.273,12.329,9.3478
2.9991,12.571,6.1608
9.525,12.628,5.9118
12.891,9.716,12.768
13.182,3.0197,13.126
6.5828,9.8398,13.06
9.2669,6.324,13.488
3.3994,12.75,12.785
9.6728,12.571,11.741
9.8149,12.267,11.863
-0.21598,13.306,-3.2904
-0.21642,13.307,9.8869
0,0,0
-6.0344,0.10748,-0.894
-0.049931,0.40154,6.2632
6.4361,0.19799,-0.275
-0.27153,6.4644,0.029
-0.30547,-6.6426,-0.285
-0.049497,0.40022,-6.914
5.6957,6.1822,0.232
6.108,-6.0458,-0.503
-0.40843,-6.2757,5.9992
-6.4026,0.13991,5.9302
6.4516,0.60387,-6.44
-6.4944,6.5581,-0.5049
6.4512,0.60519,6.7372
0.02192,6.813,-6.522
0.021487,6.8143,6.6552
-6.9785,-6.4903,0.23246
-0.408,-6.277,-7.178
-6.4021,0.13859,-7.247
6.2812,-6.0776,5.847
-6.5193,-5.8175,6.0362
-6.3212,6.5263,5.8451
6.155,6.8551,6.0358
-6.5188,-5.8188,-7.141
6.2817,-6.0789,-7.3302
6.1554,6.8538,-7.1415
-6.3207,6.5249,-7.3321
0.15132,12.497,-0.202
-12.523,-0.17513,-0.20154
12.754,-0.10644,-0.2001
0.079513,-12.779,-0.19964
0.00043346,-0.0013159,-13.177
-0.00043346,0.0013159,13.177
-6.0349,0.1088,12.283
12.369,6.03,-0.28546
0.098288,-12.197,-6.392
12.331,-6.1395,0.030903
-6.2381,-12.475,-0.27454
0.097854,-12.196,6.7852
-12.504,0.40696,-6.3939
6.568,-12.496,-0.8921
-6.1663,12.802,-0.2769
-12.908,5.9613,-0.2869
-12.505,0.40828,6.7833
12.772,0.47565,-6.3925
-12.946,-6.2082,0.029461
6.4357,0.19931,12.902
6.6398,12.78,-0.89446
12.772,0.47696,6.7848
-0.3059,-6.6412,12.892
0.1701,13.079,-6.3944
-0.2711,6.4631,-13.148
-0.27196,6.4657,13.206
0.16966,13.081,6.7829
6.4365,0.19667,-13.452
-0.30504,-6.6439,-13.462
-6.2226,-12.069,-6.4395
12.266,6.3969,5.9988
6.1998,-12.464,5.9321
-6.223,-12.067,6.7377
-6.034,0.10616,-14.071
6.1076,-6.0444,12.674
12.624,-5.7909,-6.5201
-12.652,-5.8596,-6.5215
12.624,-5.7896,6.6571
5.6962,6.1809,-12.945
6.2716,12.812,5.9298
-12.653,-5.8582,6.6557
12.266,6.3955,-7.1785
-13.011,6.3282,5.9973
-6.4948,6.5594,12.672
6.2003,-12.465,-7.2451
5.6953,6.1836,13.409
-6.1508,13.208,-6.4419
6.2721,12.811,-7.2475
-6.1512,13.209,6.7353
-6.978,-6.4916,-12.945
-13.01,6.3269,-7.1799
6.1084,-6.0471,-13.68
-6.9789,-6.489,13.41
-6.494,6.5568,-13.682
12.602,-12.604,0.001903
-12.602,12.604,-0.001903
-12.674,-12.673,0.000461
12.674,12.673,-0.000461
0.15089,12.499,12.975
-12.523,-0.17381,12.976
12.753,-0.10513,12.977
0.079079,-12.778,12.978
0.15175,12.496,-13.379
-12.522,-0.17644,-13.379
12.754,-0.10776,-13.377
0.079946,-12.78,-13.377
12.552,-12.202,6.2651
6.5675,-12.495,12.285
-12.724,-12.271,6.2637
12.553,-12.204,-6.9121
12.368,6.0313,12.892
6.6393,12.781,12.283
-12.724,-12.272,-6.9135
-6.2386,-12.473,12.903
12.331,-6.1408,-13.146
12.33,-6.1382,13.208
-12.908,5.9626,12.89
-6.1668,12.803,12.9
-12.652,13.005,6.2613
12.624,13.074,6.2628
12.369,6.0287,-13.463
-6.2377,-12.476,-13.452
-12.652,13.004,-6.9159
12.625,13.073,-6.9145
-12.945,-6.2095,-13.148
-12.946,-6.2068,13.207
-6.1659,12.801,-13.454
-12.907,5.96,-13.464
6.5684,-12.498,-14.069
6.6402,12.779,-14.072
12.603,-12.605,-13.175
-12.603,12.605,13.175
12.602,-12.603,13.179
-12.602,12.603,-13.179
-12.675,-12.671,13.178
12.675,12.671,-13.178
-12.674,-12.674,-13.177
12.674,12.674,13.177
