-2.9096,-9.6426,-9.2573
-9.0169,-2.9711,-8.7103
-8.5947,-9.1972,-9.0323
-2.9096,-9.6426,2.79
-9.0169,-2.9711,3.337
-8.5947,-9.1972,3.015
-9.1406,-8.3897,-3.45
-2.7646,-9.1639,-3.289
-8.3501,-3.9886,-3.193
-9.1406,-8.3897,8.5973
-2.7646,-9.1639,8.7583
-8.3501,-3.9886,8.8543
8.735,-9.2456,-9.5953
3.6707,-9.3813,-9.0403
9.4407,-3.105,-8.5703
8.735,-9.2456,2.452
3.6707,-9.3813,3.007
9.4407,-3.105,3.477
9.0858,-8.7294,-2.836
9.0858,-8.7294,9.2113
3.6508,-3.4754,-9.5443
-3.3036,2.7931,-9.5953
9.1485,2.4155,-9.2573
3.0413,9.087,-8.7103
-2.5611,-2.5682,-8.6733
-8.3679,2.6573,-9.0403
3.4634,2.861,-9.0323
-2.5979,8.9336,-8.5703
3.6508,-3.4754,2.503
-3.3036,2.7931,2.452
9.1485,2.4155,2.79
3.0413,9.087,3.337
-2.5611,-2.5682,3.374
-8.3679,2.6573,3.007
3.4634,2.861,3.015
-2.5979,8.9336,3.477
3.0957,-8.9647,-2.747
-2.6029,-2.4812,-2.872
8.5942,-3.0858,-2.993
2.9175,3.6685,-3.45
9.2935,2.8942,-3.289
3.7081,8.0695,-3.193
3.2888,-3.0893,-3.819
-2.9529,3.3093,-2.836
3.0957,-8.9647,9.3003
-2.6029,-2.4812,9.1753
8.5942,-3.0858,9.0543
2.9175,3.6685,8.5973
9.2935,2.8942,8.7583
3.7081,8.0695,8.8543
3.2888,-3.0893,8.2283
-2.9529,3.3093,9.2113
-8.3878,8.5632,-9.5443
-8.3878,8.5632,2.503
-8.9429,3.0739,-2.747
-3.4445,8.9528,-2.993
-8.7499,8.9493,-3.819
-8.9429,3.0739,9.3003
-3.4445,8.9528,9.0543
-8.7499,8.9493,8.2283
9.497,9.4899,-8.6733
9.497,9.4899,3.374
9.4553,9.5769,-2.872
9.4553,9.5769,9.1753
-9.5465,-8.8309,-10.165
-9.5465,-8.8309,1.882
-8.6364,-9.492,-4.327
-8.6364,-9.492,7.7203
9.5341,-8.8411,-8.4053
9.5341,-8.8411,3.642
3.8525,-9.0143,-4.03
9.7709,-2.9601,-3.917
9.9767,-9.8848,-3.192
3.8525,-9.0143,8.0173
9.7709,-2.9601,8.1303
9.9767,-9.8848,8.8553
-1.6801,-9.1344,-8.5483
-8.3092,-2.6877,-10.007
3.1028,-2.0775,-9.7033
-2.5046,3.1975,-8.4053
2.7924,-9.2723,-10.24
-3.2513,-2.8355,-9.9753
8.527,-3.3043,-9.7273
2.5116,3.2272,-10.165
-1.6801,-9.1344,3.499
-8.3092,-2.6877,2.04
3.1028,-2.0775,2.344
-2.5046,3.1975,3.642
2.7924,-9.2723,1.807
-3.2513,-2.8355,2.072
8.527,-3.3043,2.32
2.5116,3.2272,1.882
-8.1862,3.0243,-4.03
-2.494,-2.9805,-4.296
-2.2677,9.0785,-3.917
3.4217,2.5661,-4.327
-2.2642,-8.1812,-2.286
-8.2222,-2.5399,-3.569
2.938,-3.0809,-2.347
-2.0619,2.1538,-3.192
-8.1862,3.0243,8.0173
-2.494,-2.9805,7.7513
-2.2677,9.0785,8.1303
3.4217,2.5661,7.7203
-2.2642,-8.1812,9.7613
-8.2222,-2.5399,8.4783
2.938,-3.0809,9.7003
-2.0619,2.1538,8.8553
-8.9358,9.9612,-9.7033
-9.2463,2.7663,-10.24
-3.5116,8.7343,-9.7273
-8.9358,9.9612,2.344
-9.2463,2.7663,1.807
-3.5116,8.7343,2.32
-9.1006,8.9578,-2.347
-9.1006,8.9578,9.7003
10.378,2.9237,-8.5483
3.7489,9.3704,-10.007
8.8068,9.2226,-9.9753
10.378,2.9237,3.499
3.7489,9.3704,2.04
8.8068,9.2226,2.072
9.5642,9.0777,-4.296
9.794,3.8769,-2.286
3.8359,9.5182,-3.569
9.5642,9.0777,7.7513
9.794,3.8769,9.7613
3.8359,9.5182,8.4783
-5.4813,-12.75,-9.2613
-12.189,-6.5179,-8.9243
-11.72,-11.702,-9.2163
-8.7128,-12.278,-6.4193
-8.6011,-6.1361,-6.4353
-5.8335,-9.0154,-11.413
-11.858,-2.8834,-11.202
-5.6037,-9.1109,-6.7073
-12.255,-9.0847,-12.547
-2.8834,-12.152,-12.568
-9.0055,-5.9876,-11.726
-9.0515,-11.63,-12.073
-11.429,-12.301,-3.32
-5.4813,-12.75,2.786
-12.189,-6.5179,3.123
-11.72,-11.702,2.831
-6.1121,-11.166,-2.99
-12.142,-5.0599,-2.806
-8.7128,-12.278,5.628
-2.824,-12.336,-6.074
-8.6011,-6.1361,5.612
-11.881,-8.9645,-5.766
-5.8335,-9.0154,0.634
-11.858,-2.8834,0.845
-5.6037,-9.1109,5.34
-11.791,-3.1599,-6.319
-12.255,-9.0847,-0.5
-2.8834,-12.152,-0.521
-9.0055,-5.9876,0.321
-9.0515,-11.63,-0.026
-11.429,-12.301,8.7273
-6.1121,-11.166,9.0573
-12.142,-5.0599,9.2413
-2.824,-12.336,5.9733
-11.881,-8.9645,6.2813
-5.8335,-9.0154,12.681
-11.858,-2.8834,12.892
-11.791,-3.1599,5.7283
-12.255,-9.0847,11.547
-2.8834,-12.152,11.526
-9.0055,-5.9876,12.368
-9.0515,-11.63,12.021
6.258,-12.713,-9.1243
11.908,-6.4985,-8.9243
6.4801,-6.0035,-9.0343
12.377,-11.682,-9.2163
6.0077,-8.8574,-12.139
12.239,-2.8639,-11.202
6.8633,-8.8602,-6.5883
11.841,-9.0652,-12.547
9.1204,-11.851,-12.07
3.3893,-12.008,-11.862
9.0815,-5.6464,-12.063
0.87624,-12.609,-2.928
12.668,-12.282,-3.32
6.5069,-6.5055,-3.159
6.258,-12.713,2.923
11.908,-6.4985,3.123
6.4801,-6.0035,3.013
12.377,-11.682,2.831
6.1173,-11.511,-3.376
11.954,-5.0404,-2.806
3.2882,-12.216,-5.846
9.4831,-5.7129,-5.903
9.3141,-11.93,-5.704
12.216,-8.945,-5.766
6.0077,-8.8574,-0.092
12.239,-2.8639,0.845
6.8633,-8.8602,5.459
12.306,-3.1404,-6.319
11.841,-9.0652,-0.5
9.1204,-11.851,-0.023
3.3893,-12.008,0.185
9.0815,-5.6464,-0.016
0.87624,-12.609,9.1193
12.668,-12.282,8.7273
6.5069,-6.5055,8.8883
6.1173,-11.511,8.6713
11.954,-5.0404,9.2413
3.2882,-12.216,6.2013
9.4831,-5.7129,6.1443
9.3141,-11.93,6.3433
12.216,-8.945,6.2813
6.0077,-8.8574,11.955
12.239,-2.8639,12.892
12.306,-3.1404,5.7283
11.841,-9.0652,11.547
9.1204,-11.851,12.024
3.3893,-12.008,12.232
9.0815,-5.6464,12.031
0.4476,-6.6206,-9.3123
-5.7806,-0.67387,-9.1243
6.5768,-0.69226,-9.2613
-0.13081,5.5402,-8.9243
0.34295,-11.531,-9.0933
-5.5911,-5.1343,-9.2843
-5.5586,6.0352,-9.0343
0.338,0.35638,-9.2163
3.3453,-0.21991,-6.4193
3.457,5.922,-6.4353
0.50982,-3.1459,-11.421
-6.0309,3.1813,-12.139
6.2247,3.0427,-11.413
0.20011,9.1747,-11.202
0.57629,-3.0625,-6.5273
-5.1753,3.1784,-6.5883
6.4545,2.9472,-6.7073
0.239,-8.9873,-12.505
-5.7601,-2.8836,-12.838
5.7792,-2.8475,-12.506
-0.19728,2.9734,-12.547
3.0964,-5.9319,-12.712
-2.9182,0.18738,-12.07
9.1747,-0.094045,-12.568
3.0526,6.0705,-11.726
-2.9345,-5.7262,-11.993
-8.6493,0.031113,-11.862
3.0066,0.42851,-12.073
-2.9571,6.3922,-12.063
-5.2312,-6.0726,-3.069
-11.162,-0.56993,-2.928
0.62933,-0.24324,-3.32
-5.5317,5.5331,-3.159
0.4476,-6.6206,2.735
-5.7806,-0.67387,2.923
6.5768,-0.69226,2.786
-0.13081,5.5402,3.123
0.34295,-11.531,2.954
-5.5911,-5.1343,2.763
-5.5586,6.0352,3.013
0.338,0.35638,2.831
-0.28779,-5.5147,-3.199
-5.9213,0.5275,-3.376
5.9461,0.89166,-2.99
-0.084146,6.9982,-2.806
-2.7047,-6.1285,-5.98
-8.7504,-0.17748,-5.846
3.3453,-0.21991,5.628
-2.5555,6.3258,-5.903
3.3984,-6.3046,-6.25
-2.7245,0.10819,-5.704
9.2341,-0.27789,-6.074
3.457,5.922,5.612
0.6569,-9.0135,-5.825
-5.6844,-2.9027,-5.775
6.4538,-3.0172,-6.078
0.17748,3.0936,-5.766
0.50982,-3.1459,0.626
-6.0309,3.1813,-0.092
6.2247,3.0427,0.634
0.20011,9.1747,0.845
0.57629,-3.0625,5.52
-5.1753,3.1784,5.459
6.4545,2.9472,5.34
0.26729,8.8982,-6.319
0.239,-8.9873,-0.458
-5.7601,-2.8836,-0.791
5.7792,-2.8475,-0.459
-0.19728,2.9734,-0.5
3.0964,-5.9319,-0.665
-2.9182,0.18738,-0.023
9.1747,-0.094045,-0.521
3.0526,6.0705,0.321
-2.9345,-5.7262,0.054
-8.6493,0.031113,0.185
3.0066,0.42851,-0.026
-2.9571,6.3922,-0.016
-5.2312,-6.0726,8.9783
-11.162,-0.56993,9.1193
0.62933,-0.24324,8.7273
-5.5317,5.5331,8.8883
-0.28779,-5.5147,8.8483
-5.9213,0.5275,8.6713
5.9461,0.89166,9.0573
-0.084146,6.9982,9.2413
-2.7047,-6.1285,6.0673
-8.7504,-0.17748,6.2013
-2.5555,6.3258,6.1443
3.3984,-6.3046,5.7973
-2.7245,0.10819,6.3433
9.2341,-0.27789,5.9733
0.6569,-9.0135,6.2223
-5.6844,-2.9027,6.2723
6.4538,-3.0172,5.9693
0.17748,3.0936,6.2813
0.50982,-3.1459,12.673
-6.0309,3.1813,11.955
6.2247,3.0427,12.681
0.20011,9.1747,12.892
0.26729,8.8982,5.7283
0.239,-8.9873,11.589
-5.7601,-2.8836,11.256
5.7792,-2.8475,11.588
-0.19728,2.9734,11.547
3.0964,-5.9319,11.382
-2.9182,0.18738,12.024
9.1747,-0.094045,11.526
3.0526,6.0705,12.368
-2.9345,-5.7262,12.101
-8.6493,0.031113,12.232
3.0066,0.42851,12.021
-2.9571,6.3922,12.031
-11.591,5.418,-9.3123
-5.4618,11.346,-9.2613
-11.696,0.50784,-9.0933
-11.701,12.395,-9.2163
-8.6933,11.819,-6.4193
-11.529,8.8927,-11.421
-11.462,8.9762,-6.5273
-11.8,3.0513,-12.505
-6.2594,9.1911,-12.506
-8.9422,6.1067,-12.712
-2.8639,11.945,-12.568
-9.032,12.467,-12.073
-11.409,11.795,-3.32
-11.591,5.418,2.735
-5.4618,11.346,2.786
-11.696,0.50784,2.954
-11.701,12.395,2.831
-12.326,6.5239,-3.199
-6.0926,12.93,-2.99
-8.6933,11.819,5.628
-8.6403,5.7341,-6.25
-2.8045,11.761,-6.074
-11.382,3.0251,-5.825
-5.5849,9.0214,-6.078
-11.529,8.8927,0.626
-11.462,8.9762,5.52
-11.8,3.0513,-0.458
-6.2594,9.1911,-0.459
-8.9422,6.1067,-0.665
-2.8639,11.945,-0.521
-9.032,12.467,-0.026
-11.409,11.795,8.7273
-12.326,6.5239,8.8483
-6.0926,12.93,9.0573
-8.6403,5.7341,5.7973
-2.8045,11.761,5.9733
-11.382,3.0251,6.2223
-5.5849,9.0214,5.9693
-11.529,8.8927,12.673
-11.8,3.0513,11.589
-6.2594,9.1911,11.588
-8.9422,6.1067,11.382
-2.8639,11.945,11.526
-9.032,12.467,12.021
12.934,-0.55044,-2.928
12.934,-0.55044,9.1193
12.506,5.4375,-9.3123
6.2775,11.384,-9.1243
12.401,0.52733,-9.0933
6.467,6.9238,-9.2843
12.396,12.415,-9.2163
12.568,8.9122,-11.421
12.634,8.9956,-6.5273
12.297,3.0708,-12.505
6.298,9.1745,-12.838
9.1399,12.246,-12.07
9.1236,6.332,-11.993
3.4088,12.089,-11.862
6.8269,5.9855,-3.069
0.89573,11.488,-2.928
12.687,11.815,-3.32
12.506,5.4375,2.735
6.2775,11.384,2.923
12.401,0.52733,2.954
6.467,6.9238,2.763
12.396,12.415,2.831
11.77,6.5434,-3.199
6.1368,12.586,-3.376
9.3534,5.9296,-5.98
3.3077,11.881,-5.846
9.3336,12.166,-5.704
12.715,3.0446,-5.825
6.3737,9.1554,-5.775
12.568,8.9122,0.626
12.634,8.9956,5.52
12.297,3.0708,-0.458
6.298,9.1745,-0.791
9.1399,12.246,-0.023
9.1236,6.332,0.054
3.4088,12.089,0.185
6.8269,5.9855,8.9783
0.89573,11.488,9.1193
12.687,11.815,8.7273
11.77,6.5434,8.8483
6.1368,12.586,8.6713
9.3534,5.9296,6.0673
3.3077,11.881,6.2013
9.3336,12.166,6.3433
12.715,3.0446,6.2223
6.3737,9.1554,6.2723
12.568,8.9122,12.673
12.297,3.0708,11.589
6.298,9.1745,11.256
9.1399,12.246,12.024
9.1236,6.332,12.101
3.4088,12.089,12.232
0.36244,12.566,-9.0933
0.36244,12.566,2.954
0,0,0
-5.8237,0.29981,-0.408
0.11102,-5.9772,-0.037
0.55579,-0.13859,5.9623
0.55579,-0.13859,-6.085
0.070711,6.1702,-0.028
6.2466,0.14849,-0.122
-5.5331,0.32173,5.8363
-5.8322,-5.9256,0.145
-5.5331,0.32173,-6.211
6.0988,-5.7269,-0.297
0.42497,-6.079,5.9343
0.57064,6.0649,5.9603
6.4651,0.062933,5.663
0.57064,6.0649,-6.087
0.42497,-6.079,-6.113
-5.9398,6.3118,-0.297
6.2259,6.1326,0.145
6.4651,0.062933,-6.3843
-5.5847,-6.1745,-5.923
-5.5997,6.2078,6.0213
-5.5997,6.2078,-6.026
-5.5847,-6.1745,6.1243
6.4734,5.8837,-5.923
6.4389,-5.8308,6.0213
6.4389,-5.8308,-6.026
6.4734,5.8837,6.1243
12.009,-0.019092,-0.382
-0.029838,12.02,-0.382
0,0,12.047
0,0,-12.047
-0.049326,-12.077,-0.382
-12.088,-0.03858,-0.382
-5.8237,0.29981,11.639
-11.845,-0.20758,5.9153
0.2127,11.851,5.9153
-5.8115,-11.91,-0.122
6.2149,-11.739,-0.408
-11.845,-0.20758,-6.132
0.2127,11.851,-6.132
-11.987,-5.8879,-0.028
-11.928,6.0615,-0.037
0.11102,-5.9772,12.01
12.109,-5.8684,-0.028
6.2466,0.14849,11.925
0.11102,-5.9772,-12.084
-5.7921,12.187,-0.122
0.070711,6.1702,12.019
0.070711,6.1702,-12.075
0.19321,-12.246,5.9153
12.169,6.0809,-0.037
12.251,-0.18809,5.9153
6.2466,0.14849,-12.169
0.19321,-12.246,-6.132
12.251,-0.18809,-6.132
-5.8237,0.29981,-12.455
6.2344,12.358,-0.408
-11.487,-5.9933,5.9603
-11.487,-5.9933,-6.087
-11.614,5.9596,5.9343
-5.593,-11.995,5.663
-11.614,5.9596,-6.113
6.0988,-5.7269,11.75
-5.5736,12.102,5.663
-5.8322,-5.9256,-11.902
-5.9398,6.3118,11.75
6.5055,-11.717,5.8363
-5.593,-11.995,-6.3843
-5.8322,-5.9256,12.192
6.2259,6.1326,-11.902
6.5055,-11.717,-6.211
-5.5736,12.102,-6.3843
6.0988,-5.7269,-12.344
6.2259,6.1326,12.192
12.483,5.9791,5.9343
-5.9398,6.3118,-12.344
12.483,5.9791,-6.113
6.525,12.38,5.8363
12.609,-5.9738,5.9603
12.609,-5.9738,-6.087
6.525,12.38,-6.211
12.009,-0.019092,11.665
-0.029838,12.02,11.665
-0.049326,-12.077,11.665
-12.088,-0.03858,11.665
12.039,-12.039,0
-12.039,12.039,0
-12.058,-12.058,0
12.058,12.058,0
12.009,-0.019092,-12.429
-0.029838,12.02,-12.429
-0.049326,-12.077,-12.429
-12.088,-0.03858,-12.429
-11.483,11.9,5.9623
-11.483,11.9,-6.085
6.2149,-11.739,11.639
-11.502,-12.197,5.9623
-5.8115,-11.91,11.925
-11.502,-12.197,-6.085
-11.987,-5.8879,12.019
-11.928,6.0615,12.01
-5.8115,-11.91,-12.169
-11.987,-5.8879,-12.075
-5.7921,12.187,11.925
-11.928,6.0615,-12.084
12.109,-5.8684,12.019
12.109,-5.8684,-12.075
6.2344,12.358,11.639
12.169,6.0809,12.01
-5.7921,12.187,-12.169
12.169,6.0809,-12.084
6.2149,-11.739,-12.455
12.614,11.92,5.9623
12.614,11.92,-6.085
12.594,-12.177,5.9623
12.594,-12.177,-6.085
6.2344,12.358,-12.455
12.039,-12.039,12.047
-12.039,12.039,12.047
12.039,-12.039,-12.047
-12.039,12.039,-12.047
-12.058,-12.058,12.047
12.058,12.058,12.047
-12.058,-12.058,-12.047
12.058,12.058,-12.047
