-10.13,-9.61,-9.2238
-10.131,-9.6086,3.9535
-3.4168,-9.8017,-3.6475
-9.7029,-9.0592,-4.0735
-3.4172,-9.8004,9.5297
-9.7034,-9.0579,9.1037
9.0638,-9.7492,-10.239
9.0633,-9.7478,2.9379
9.3518,-9.5088,-3.7011
9.9854,-2.8465,-3.6011
9.3514,-9.5075,9.4761
9.985,-2.8452,9.5761
-3.2728,-9.0275,-9.6082
-9.3673,-3.114,-10.098
2.2971,-2.701,-9.6652
-3.5386,2.8547,-10.241
3.2821,-8.797,-10.845
-3.0995,-2.5907,-10.719
8.5083,-2.7152,-10.167
2.5439,3.0626,-9.2242
-3.2732,-9.0262,3.569
-9.3678,-3.1127,3.079
2.2967,-2.6997,3.512
-3.5391,2.856,2.936
3.2817,-8.7957,2.332
-3.1,-2.5894,2.458
8.5079,-2.7139,3.01
2.5435,3.0639,3.953
2.9904,-3.5546,-3.165
-3.2506,3.095,-3.703
9.2574,2.8709,-3.648
-9.5297,-2.7188,-3.943
2.6856,-9.2277,-3.511
-4.0977,-3.0964,-4.35
-2.617,9.7574,-3.603
2.9713,3.6133,-4.074
2.9899,-3.5533,10.012
-3.251,3.0963,9.4742
9.257,2.8722,9.5292
-9.5301,-2.7175,9.2342
2.6852,-9.2264,9.6662
-4.0981,-3.0951,8.8272
-2.6174,9.7587,9.5742
2.9708,3.6146,9.1032
-10.305,9.9028,-9.6671
-9.3203,3.8068,-10.847
-4.0941,9.8887,-10.169
-10.306,9.9041,3.5101
-9.3207,3.8081,2.3301
-4.0945,9.89,3.0081
-9.612,9.0492,-3.1669
-9.9168,3.3761,-3.5129
-9.6125,9.0505,10.01
-9.9172,3.3774,9.6643
9.4014,3.645,-9.6087
3.3069,9.5585,-10.099
9.5747,10.082,-10.72
9.401,3.6463,3.5685
3.3065,9.5598,3.0785
9.5743,10.083,2.4575
3.1445,9.9537,-3.9435
8.5765,9.5761,-4.3505
3.1441,9.955,9.2338
8.5761,9.5774,8.8268
-3.0303,-10.502,-9.5258
-9.7343,-3.386,-8.6758
-10.055,-8.3591,-10.044
-3.0307,-10.5,3.6515
-9.7348,-3.3847,4.5015
-10.055,-8.3578,3.1335
-9.0955,-9.4135,-2.7405
-9.096,-9.4122,10.437
9.8211,-9.3468,-8.9733
9.4322,-3.4269,-9.2013
9.8206,-9.3455,4.2039
9.4317,-3.4256,3.9759
9.6799,-9.54,-2.2441
4.0464,-8.9863,-2.9101
9.6795,-9.5386,10.933
4.046,-8.985,10.267
3.2206,-1.6658,-10.331
-2.7813,3.257,-8.9752
9.644,2.1709,-9.5262
2.9399,9.2865,-8.6762
-4.0499,-3.6839,-10.527
3.0162,-9.2071,-9.4292
2.6196,4.3134,-10.044
-3.1702,9.1769,-9.2032
3.2202,-1.6645,2.846
-2.7818,3.2583,4.202
9.6435,2.1722,3.651
2.9394,9.2878,4.501
-4.0503,-3.6826,2.65
3.0158,-9.2058,3.748
2.6191,4.3148,3.133
-3.1707,9.1782,3.974
-2.634,-9.565,-2.38
-8.8551,-2.6849,-2.612
3.03,-2.46,-4.209
-2.9225,3.0639,-2.246
-3.235,-4.3395,-4.239
-8.556,3.6176,-2.912
3.5787,3.2591,-2.741
8.6592,-2.1736,-3.441
-2.6344,-9.5637,10.797
-8.8555,-2.6836,10.565
3.0295,-2.4587,8.9682
-2.9229,3.0652,10.931
-3.2354,-4.3382,8.9382
-8.5564,3.6189,10.265
3.5782,3.2604,10.436
8.6588,-2.1723,9.7362
-9.3818,10.938,-10.333
-9.5862,3.3967,-9.4311
-9.3822,10.939,2.8441
-9.5866,3.398,3.7461
-9.5725,10.144,-4.2109
-3.9432,10.43,-3.4429
-9.5729,10.145,8.9663
-3.9436,10.432,9.7343
8.6243,8.9886,-10.528
8.6239,8.9899,2.6495
10.04,3.1075,-2.3805
3.8191,9.9876,-2.6125
9.4392,8.333,-4.2395
10.04,3.1088,10.797
3.8187,9.989,10.565
9.4388,8.3343,8.9378
-0.601,-13.608,-10.377
-0.60143,-13.607,2.8004
-6.1924,-12.115,-9.8388
-12.763,-5.8828,-9.9848
-6.7532,-6.9739,-10.063
-13.203,-1.0045,-10.379
-12.786,-12.705,-10.214
-10.085,-12.325,-7.0468
-5.4889,-9.2352,-13.981
-12.449,-3.0445,-14.205
-13.276,-9.2366,-12.572
-9.4423,-11.418,-12.479
-3.3159,-12.846,-13.7
-9.5215,-6.2604,-13.578
-11.708,-12.129,-3.2835
-6.1929,-12.114,3.3385
-12.763,-5.8815,3.1925
-6.7536,-6.9725,3.1145
-13.204,-1.0032,2.7985
-12.786,-12.704,2.9635
-7.542,-12.657,-3.3805
-12.915,-7.3466,-2.9715
-10.085,-12.324,6.1305
-3.479,-13.233,-6.8205
-9.4668,-6.3001,-6.9955
-13.322,-9.3901,-6.6135
-5.4893,-9.2339,-0.80354
-12.449,-3.0432,-1.0275
-5.6222,-9.3371,-6.5565
-12.915,-3.3218,-6.4655
-13.276,-9.2353,0.60546
-9.4427,-11.417,0.69846
-3.3164,-12.845,-0.52254
-9.5219,-6.2591,-0.40054
-11.709,-12.128,9.8937
-7.5425,-12.656,9.7967
-12.915,-7.3453,10.206
-3.4794,-13.231,6.3567
-9.4672,-6.2988,6.1817
-13.322,-9.3888,6.5637
-5.4897,-9.2326,12.374
-12.45,-3.0418,12.15
-5.6227,-9.3358,6.6207
-12.915,-3.3204,6.7117
-13.276,-9.234,13.783
-9.4432,-11.415,13.876
-3.3168,-12.844,12.655
-9.5224,-6.2578,12.777
5.519,-12.001,-10.107
12.514,-5.8141,-9.9833
12.073,-0.93578,-10.377
12.491,-12.636,-10.212
9.1345,-12.544,-7.1113
6.8244,-9.1559,-13.816
12.828,-2.9758,-14.203
12.001,-9.1679,-12.57
3.1128,-11.75,-13.652
9.3735,-5.0752,-13.164
9.6005,-13.277,-14.153
13.568,-12.061,-3.2821
6.9159,-5.6431,-3.1801
5.5186,-12,3.0699
12.513,-5.8128,3.1939
12.073,-0.93446,2.7999
12.491,-12.635,2.9649
6.0779,-12.684,-3.3701
12.362,-7.2779,-2.9701
3.0628,-12.486,-6.6651
9.4233,-6.2809,-6.9071
9.134,-12.542,6.0659
11.955,-9.3215,-6.6121
6.8239,-9.1546,-0.6391
12.827,-2.9745,-1.0261
6.3558,-9.2691,-6.4521
12.362,-3.2531,-6.4641
12.001,-9.1666,0.6069
3.1123,-11.749,-0.4751
9.373,-5.0739,0.012903
9.6,-13.276,-0.9761
13.568,-12.059,9.8951
6.9154,-5.6418,9.9971
6.0775,-12.682,9.8071
12.362,-7.2766,10.207
3.0624,-12.484,6.5121
9.4228,-6.2796,6.2701
11.954,-9.3201,6.5651
6.8235,-9.1533,12.538
12.827,-2.9732,12.151
6.3554,-9.2678,6.7251
12.362,-3.2518,6.7131
12,-9.1653,13.784
3.1119,-11.748,12.702
9.3726,-5.0726,13.19
9.5996,-13.274,12.201
-0.18412,-5.4552,-10.394
-7.0834,0.60255,-10.109
6.4818,0.5573,-9.8392
-0.088662,6.7897,-9.9852
5.921,5.6987,-10.063
-0.52919,11.668,-10.379
-0.11129,-0.032429,-10.214
6.2612,-5.7345,-9.5972
-3.2841,-5.6179,-7.4092
2.5892,0.34729,-7.0472
3.106,-6.1517,-7.0132
-3.4679,0.060202,-7.1132
-0.051892,-9.3012,-7.3972
-6.2949,-2.8432,-7.6632
0.98826,-2.9549,-13.349
-5.778,3.448,-13.818
7.1853,3.4373,-13.981
0.22529,9.6281,-14.205
-0.73142,-9.374,-12.396
-6.7694,-2.8099,-12.829
5.5724,-2.793,-13.222
-0.60131,3.4359,-12.572
-3.1299,-5.8526,-13.411
-9.4896,0.85358,-13.654
3.2319,1.2545,-12.479
-3.2289,7.5287,-13.166
3.1916,-6.2429,-14.01
-3.0019,-0.67307,-14.155
9.3583,-0.17385,-13.7
3.1527,6.4121,-13.578
0.96591,0.54306,-3.284
-5.6866,6.9608,-3.182
-6.3109,-6.2558,-3.598
-0.36982,-11.737,-3.5
-0.18455,-5.4539,2.783
-7.0838,0.60387,3.068
6.4813,0.55861,3.338
-0.089095,6.7911,3.192
5.9206,5.7,3.114
-0.52962,11.669,2.798
-0.11172,-0.031113,2.963
6.2607,-5.7332,3.58
-0.30476,-7.1184,-3.418
-6.5245,-0.079903,-3.372
5.1322,0.015556,-3.381
-0.24042,5.3259,-2.972
-3.2845,-5.6165,5.768
-9.5396,0.11809,-6.667
2.5887,0.3486,6.13
-3.1792,6.3229,-6.909
3.1056,-6.1504,6.164
-3.4684,0.061518,6.064
9.1952,-0.56003,-6.821
3.2074,6.3724,-6.996
-0.052326,-9.2999,5.78
-6.2954,-2.8419,5.514
5.717,-2.7881,-6.913
-0.64771,3.2824,-6.614
0.98783,-2.9536,-0.172
-5.7785,3.4493,-0.641
7.1849,3.4387,-0.804
0.22486,9.6294,-1.028
-0.11455,-3.1424,-5.857
-6.2466,3.3347,-6.454
7.052,3.3354,-6.557
-0.24042,9.3508,-6.466
-0.73186,-9.3727,0.781
-6.7698,-2.8086,0.348
5.572,-2.7917,-0.045
-0.60175,3.4372,0.605
-3.1304,-5.8513,-0.234
-9.4901,0.85489,-0.477
3.2315,1.2558,0.698
-3.2294,7.53,0.011
3.1912,-6.2416,-0.833
-3.0024,-0.67175,-0.978
9.3579,-0.17253,-0.523
3.1523,6.4135,-0.401
0.96547,0.54437,9.8932
-5.687,6.9621,9.9952
-6.3114,-6.2545,9.5792
-0.37025,-11.736,9.6772
-0.3052,-7.1171,9.7592
-6.5249,-0.078587,9.8052
5.1317,0.016872,9.7962
-0.24085,5.3272,10.205
-9.54,0.1194,6.5102
-3.1796,6.3243,6.2682
9.1948,-0.55871,6.3562
3.207,6.3738,6.1812
5.7165,-2.7868,6.2642
-0.64814,3.2837,6.5632
0.98739,-2.9523,13.005
-5.7789,3.4506,12.536
7.1845,3.44,12.373
0.22443,9.6307,12.149
-0.11498,-3.1411,7.3202
-6.247,3.336,6.7232
7.0515,3.3367,6.6202
-0.24085,9.3521,6.7112
-0.73229,-9.3714,13.958
-6.7703,-2.8073,13.525
5.5716,-2.7903,13.132
-0.60218,3.4386,13.782
-3.1308,-5.85,12.943
-9.4905,0.85621,12.7
3.231,1.2571,13.875
-3.2298,7.5313,13.188
3.1907,-6.2403,12.344
-3.0028,-0.67044,12.199
9.3574,-0.17122,12.654
3.1518,6.4148,12.776
-12.787,7.1486,-10.396
-6.1206,13.161,-9.8411
-12.714,12.571,-10.216
-6.3412,6.8693,-9.5991
-10.013,12.951,-7.0491
-9.4964,6.4521,-7.0151
-12.654,3.3027,-7.3991
-11.614,9.6489,-13.351
-13.334,3.2298,-12.398
-7.03,9.8109,-13.224
-9.3705,13.858,-12.481
-9.4108,6.3609,-14.012
-3.2441,12.43,-13.702
-11.636,13.147,-3.2859
-12.972,0.86658,-3.5019
-12.787,7.1499,2.7811
-6.1211,13.162,3.3361
-12.714,12.573,2.9611
-6.3417,6.8706,3.5781
-12.907,5.4854,-3.4199
-7.4702,12.619,-3.3829
-10.014,12.952,6.1281
-9.4968,6.4534,6.1621
-3.4072,12.044,-6.8229
-12.655,3.304,5.7781
-6.8854,9.8157,-6.9149
-11.615,9.6503,-0.1739
-12.717,9.4615,-5.8589
-13.334,3.2311,0.7791
-7.0304,9.8122,-0.046903
-9.3709,13.86,0.6961
-9.4112,6.3622,-0.8349
-3.2446,12.431,-0.5249
-11.637,13.148,9.8913
-12.973,0.8679,9.6753
-12.908,5.4867,9.7573
-7.4707,12.621,9.7943
-3.4076,12.045,6.3543
-6.8859,9.817,6.2623
-11.615,9.6516,13.003
-12.717,9.4628,7.3183
-13.335,3.2325,13.956
-7.0308,9.8135,13.13
-9.3714,13.861,13.873
-9.4117,6.3635,12.342
-3.245,12.433,12.652
12.49,7.2173,-10.395
5.5908,13.275,-10.11
12.563,12.64,-10.215
9.3901,7.0547,-7.4097
9.2063,12.733,-7.1137
12.622,3.3713,-7.3977
6.3793,9.8294,-7.6637
13.662,9.7176,-13.35
11.943,3.2985,-12.397
5.9048,9.8626,-12.83
9.5443,6.8199,-13.412
3.1846,13.526,-13.655
9.6723,11.999,-14.156
13.64,13.216,-3.2845
6.3633,6.4168,-3.5985
12.304,0.93527,-3.5005
12.49,7.2186,2.7825
5.5904,13.276,3.0675
12.562,12.641,2.9625
12.369,5.5541,-3.4185
6.1497,12.593,-3.3725
9.3897,7.056,5.7675
3.1346,12.791,-6.6675
9.2059,12.734,6.0635
12.622,3.3727,5.7795
6.3788,9.8307,5.5135
13.662,9.7189,-0.17246
12.56,9.5302,-5.8575
11.942,3.2998,0.78054
5.9044,9.8639,0.34754
9.5438,6.8212,-0.23446
3.1841,13.527,-0.47746
9.6718,12.001,-0.97846
13.64,13.217,9.8928
6.3628,6.4181,9.5788
12.304,0.93658,9.6768
12.369,5.5554,9.7588
6.1493,12.594,9.8048
3.1342,12.792,6.5098
13.662,9.7203,13.005
12.559,9.5315,7.3198
11.942,3.3011,13.958
5.9039,9.8652,13.525
9.5434,6.8225,12.943
3.1837,13.529,12.7
9.6714,12.002,12.199
-0.29801,13.539,-3.5024
-0.29844,13.54,9.6749
0,0,0
-6.0111,-0.057276,-0.35
0.17819,-6.1306,-0.426
-0.15274,0.050912,-6.336
6.3435,0.53104,0.395
-0.048083,6.5351,0.074
-0.15317,0.052228,6.8412
-0.17819,6.231,-5.859
6.3625,-5.9241,-0.329
6.1094,0.32668,-6.226
-6.4835,0.13647,5.874
-6.0882,-6.306,0.086
-0.21822,-6.2198,6.3102
-6.2399,6.6797,-0.3309
6.586,6.3666,0.085539
6.109,0.328,6.9512
-0.21779,-6.2211,-6.867
-0.17862,6.2323,7.3182
-6.483,0.13516,-7.3032
6.0899,-6.1272,6.5602
6.0903,-6.1285,-6.617
-6.2336,-6.2545,6.4602
-6.2331,-6.2558,-6.717
6.4406,6.4181,6.4598
-6.5125,6.4767,6.5583
6.4411,6.4168,-6.7175
-6.5121,6.4754,-6.6189
-0.015918,-12.538,0.070903
-12.618,0.065761,0.069
12.658,0.13445,0.070442
0.05589,12.738,0.068539
0.00043346,-0.0013159,-13.177
-0.00043346,0.0013159,13.177
-6.3308,-12.141,0.39546
12.554,-6.0688,0.075903
-0.013435,12.432,-6.321
-12.424,6.4732,-0.4279
12.589,-0.1722,-6.3191
-12.722,-6.1375,0.074461
0.17776,-6.1293,12.751
-6.0115,-0.05596,12.827
-12.688,-0.24089,-6.3205
-0.013868,12.433,6.8562
6.6631,12.615,-0.35046
6.5913,-12.661,-0.3481
6.3439,0.52972,-12.782
-0.085243,-12.845,-6.3186
12.589,-0.17089,6.8581
-12.688,-0.23957,6.8567
12.852,6.5419,-0.42646
-6.2589,13.135,0.3931
-0.085677,-12.843,6.8586
-0.04765,6.5338,-13.103
-0.048517,6.5364,13.251
-6.0107,-0.058592,-13.527
0.17862,-6.1319,-13.603
6.343,0.53235,13.572
6.1189,-12.467,5.8759
12.424,-6.3728,-5.8571
-6.5648,-12.346,-6.2255
12.456,6.4527,6.3098
6.1907,12.809,5.8735
6.3621,-5.9228,12.848
-12.852,-6.4415,-5.8585
-6.5652,-12.345,6.9517
12.456,6.4514,-6.8675
-12.821,6.384,6.3083
6.1194,-12.469,-7.3013
-6.493,12.931,-6.2279
-6.0878,-6.3073,-13.091
12.424,-6.3715,7.3201
-6.2403,6.681,12.846
-12.82,6.3827,-6.8689
-6.0886,-6.3047,13.263
6.5865,6.3652,-13.092
6.1912,12.808,-7.3037
-6.4934,12.932,6.9493
6.363,-5.9255,-13.506
6.5856,6.3679,13.263
-12.853,-6.4402,7.3187
-6.2394,6.6784,-13.508
12.602,-12.604,0.001903
-12.602,12.604,-0.001903
-12.674,-12.673,0.000461
12.674,12.673,-0.000461
-0.015484,-12.539,-13.106
-12.618,0.064445,-13.108
12.659,0.13313,-13.107
-0.016351,-12.537,13.248
0.056324,12.737,-13.109
-12.619,0.067077,13.246
12.658,0.13576,13.248
0.055457,12.74,13.246
-6.3303,-12.143,-12.782
12.45,-12.553,-6.3341
12.521,12.723,-6.3365
-12.425,6.4745,12.749
12.449,-12.552,6.8431
-12.755,12.655,-6.3379
-12.827,-12.622,-6.3355
12.521,12.725,6.8408
12.555,-6.0701,-13.101
6.6627,12.617,12.827
6.5909,-12.66,12.829
-12.756,12.656,6.8393
12.554,-6.0674,13.253
12.852,6.5432,12.751
-12.827,-12.62,6.8417
-12.722,-6.1388,-13.103
-6.3312,-12.14,13.573
-6.2585,13.134,-12.784
-12.723,-6.1361,13.252
-12.424,6.4719,-13.605
6.6635,12.614,-13.528
6.5917,-12.662,-13.525
12.853,6.5406,-13.604
-6.2594,13.136,13.57
12.603,-12.605,-13.175
-12.603,12.605,13.175
12.602,-12.603,13.179
-12.602,12.603,-13.179
-12.675,-12.671,13.178
12.675,12.671,-13.178
-12.674,-12.674,-13.177
12.674,12.674,13.177
