-3.891,-8.8648,-3.7263
-9.8385,-2.8254,-3.8073
-8.6626,-8.5565,-3.0903
-9.9488,-8.9476,-9.0353
-3.891,-8.8648,8.321
-9.8385,-2.8254,8.24
-8.6626,-8.5565,8.957
-9.9488,-8.9476,3.012
8.2973,-8.9988,-3.8283
8.4416,-8.6056,-9.0963
8.2973,-8.9988,8.219
8.4416,-8.6056,2.951
2.2097,-2.9083,-3.7783
-3.7413,3.0399,-3.8283
8.1671,3.1933,-3.7263
2.2196,9.2327,-3.8073
-2.7294,-2.4042,-3.1053
3.2739,-8.4188,-3.0933
3.3955,3.5016,-3.0903
9.3239,-2.3914,-3.1043
2.127,-8.9675,-9.0683
-3.9138,-2.9281,-9.0613
8.1657,-2.9585,-9.0743
2.1093,3.1106,-9.0353
-3.6062,-8.6012,-9.0353
-9.6357,-2.593,-9.0763
2.4091,-2.5958,-9.0773
-3.5971,3.433,-9.0963
2.2097,-2.9083,8.269
-3.7413,3.0399,8.219
8.1671,3.1933,8.321
2.2196,9.2327,8.24
-2.7294,-2.4042,8.942
3.2739,-8.4188,8.954
3.3955,3.5016,8.957
9.3239,-2.3914,8.943
2.127,-8.9675,2.979
-3.9138,-2.9281,2.986
8.1657,-2.9585,2.973
2.1093,3.1106,3.012
-3.6062,-8.6012,3.012
-9.6357,-2.593,2.971
2.4091,-2.5958,2.97
-3.5971,3.433,2.951
-9.8289,9.1303,-3.7783
-8.7647,3.6198,-3.0933
-2.7147,9.6472,-3.1043
-9.9117,3.0711,-9.0683
-3.873,9.0801,-9.0743
-9.6295,9.4428,-9.0773
-9.8289,9.1303,8.269
-8.7647,3.6198,8.954
-2.7147,9.6472,8.943
-9.9117,3.0711,2.979
-3.873,9.0801,2.973
-9.6295,9.4428,2.97
9.3287,9.654,-3.1053
8.1443,9.13,-9.0613
8.4519,3.4569,-9.0353
2.4224,9.4652,-9.0763
9.3287,9.654,8.942
8.1443,9.13,2.986
8.4519,3.4569,3.012
2.4224,9.4652,2.971
-9.8993,-9.3973,-3.1153
-8.5565,-8.4307,-9.1933
-9.8993,-9.3973,8.932
-8.5565,-8.4307,2.854
9.2187,-8.7718,-2.6663
3.5279,-8.4593,-9.1873
9.5482,-2.4036,-9.1993
9.6571,-9.4718,-9.1263
9.2187,-8.7718,9.381
3.5279,-8.4593,2.86
9.5482,-2.4036,2.848
9.6571,-9.4718,2.921
-2.8998,-8.6684,-2.6193
-8.8897,-2.745,-2.6503
3.1891,-2.7407,-2.6563
-2.8199,3.2668,-2.6663
2.1171,-9.3663,-3.0963
-3.8785,-3.3595,-3.0973
8.1586,-3.3291,-3.1013
2.1588,2.6608,-3.1153
-8.5107,3.5794,-9.1873
-2.5201,-2.4027,-9.1813
-2.4904,9.635,-9.1993
3.5016,3.6275,-9.1933
-2.4339,-9.5261,-9.0873
-8.416,-3.4549,-9.1053
3.6126,-3.4797,-9.1133
-2.3815,2.5668,-9.1263
-2.8998,-8.6684,9.428
-8.8897,-2.745,9.397
3.1891,-2.7407,9.391
-2.8199,3.2668,9.381
2.1171,-9.3663,8.951
-3.8785,-3.3595,8.95
8.1586,-3.3291,8.946
2.1588,2.6608,8.932
-8.5107,3.5794,2.86
-2.5201,-2.4027,2.866
-2.4904,9.635,2.848
3.5016,3.6275,2.854
-2.4339,-9.5261,2.96
-8.416,-3.4549,2.942
3.6126,-3.4797,2.934
-2.3815,2.5668,2.921
-8.8496,9.2979,-2.6563
-9.9216,2.6723,-3.0963
-3.88,8.7096,-3.1013
-8.426,8.559,-9.1133
-8.8496,9.2979,9.391
-9.9216,2.6723,8.951
-3.88,8.7096,8.946
-8.426,8.559,2.934
9.1583,3.3897,-2.6193
3.1684,9.3131,-2.6503
8.1796,8.6987,-3.0973
9.538,9.6554,-9.1813
9.6243,2.532,-9.0873
3.6421,8.6032,-9.1053
9.1583,3.3897,9.428
3.1684,9.3131,9.397
8.1796,8.6987,8.95
9.538,9.6554,2.866
9.6243,2.532,2.96
3.6421,8.6032,2.942
-5.7437,-8.9568,-12.545
-11.788,-2.9407,-12.577
-12.034,-12.139,-9.1643
-6.2641,-12.58,-3.0523
-12.154,-6.636,-3.0523
-0.90775,-11.37,-3.1933
-6.9238,-5.3866,-3.2033
-12.896,-11.42,-3.1873
-7.0872,-11.563,-9.1563
-13.08,-5.5336,-9.1503
-9.1576,-11.306,-12.405
-3.063,-12.357,-11.74
-9.084,-6.3532,-11.759
-12.688,-8.9179,-11.947
-6.5724,-8.7531,-6.2063
-12.614,-2.7356,-6.1883
-5.7437,-8.9568,-0.49733
-11.788,-2.9407,-0.52933
-12.604,-8.7743,-6.4033
-3.4095,-11.861,-6.8773
-9.4298,-5.8476,-6.8733
-9.3817,-11.671,-5.6383
-12.034,-12.139,2.883
-6.2641,-12.58,8.995
-12.154,-6.636,8.995
-0.90775,-11.37,8.854
-6.9238,-5.3866,8.844
-12.896,-11.42,8.86
-7.0872,-11.563,2.891
-13.08,-5.5336,2.897
-9.1576,-11.306,-0.358
-3.063,-12.357,0.307
-9.084,-6.3532,0.288
-12.688,-8.9179,0.1
-6.5724,-8.7531,5.841
-12.614,-2.7356,5.859
-5.7437,-8.9568,11.55
-11.788,-2.9407,11.518
-12.604,-8.7743,5.644
-3.4095,-11.861,5.17
-9.4298,-5.8476,5.174
-9.3817,-11.671,6.409
-9.1576,-11.306,11.689
-3.063,-12.357,12.354
-9.084,-6.3532,12.335
-12.688,-8.9179,12.147
-12.946,0.66853,-3.1933
-12.946,0.66853,8.854
2.8795,-11.237,-12.449
8.9274,-5.2179,-12.454
6.3026,-8.9528,-12.613
12.309,-2.9212,-12.577
0.024888,-12.099,-9.1583
12.063,-12.119,-9.1643
6.0501,-6.0926,-9.1623
5.8203,-12.624,-3.0573
11.942,-6.6165,-3.0523
11.201,-11.4,-3.1873
4.9796,-11.536,-9.1533
11.017,-5.5142,-9.1503
2.8795,-11.237,-0.40133
8.9274,-5.2179,-0.40633
8.9839,-12.362,-11.739
11.409,-8.8984,-11.947
5.4562,-8.7386,-6.1863
11.483,-2.7161,-6.1883
6.3026,-8.9528,-0.56533
12.309,-2.9212,-0.52933
11.493,-8.7548,-6.4033
8.6304,-11.849,-6.8593
2.6688,-11.638,-5.6163
8.7004,-5.616,-5.6063
0.024888,-12.099,2.889
12.063,-12.119,2.883
6.0501,-6.0926,2.885
5.8203,-12.624,8.99
11.942,-6.6165,8.995
11.201,-11.4,8.86
4.9796,-11.536,2.894
11.017,-5.5142,2.897
2.8795,-11.237,11.646
8.9274,-5.2179,11.641
8.9839,-12.362,0.308
11.409,-8.8984,0.1
5.4562,-8.7386,5.861
11.483,-2.7161,5.859
6.3026,-8.9528,11.482
12.309,-2.9212,11.518
11.493,-8.7548,5.644
8.6304,-11.849,5.188
2.6688,-11.638,6.431
8.7004,-5.616,6.441
8.9839,-12.362,12.355
11.409,-8.8984,12.147
-3.1516,-5.2418,-12.46
-9.1592,0.80115,-12.449
-3.1113,6.8208,-12.454
0.26234,-2.9394,-12.589
-5.7361,3.0858,-12.613
6.3145,3.1014,-12.545
0.27011,9.1174,-12.577
-5.9963,-6.0755,-9.1603
-12.014,-0.060811,-9.1583
0.024042,-0.08061,-9.1643
-5.9885,5.9461,-9.1623
-0.21496,-6.5846,-3.0693
-6.2183,-0.58548,-3.0573
5.794,-0.52184,-3.0523
-0.096167,5.4221,-3.0523
11.15,0.68801,-3.1933
5.1343,6.6716,-3.2033
5.1541,-5.3719,-3.1883
-0.83792,0.63852,-3.1873
-1.0522,-5.5253,-9.1653
-7.059,0.50275,-9.1533
4.971,0.49497,-9.1563
-1.0218,6.5245,-9.1503
-3.1516,-5.2418,-0.41233
-9.1592,0.80115,-0.40133
2.9006,0.75236,-12.405
-3.1113,6.8208,-0.40633
2.9805,-6.3449,-11.748
-3.0547,-0.32385,-11.739
8.9951,-0.29911,-11.74
2.9741,5.7049,-11.759
-0.63427,-8.8961,-11.943
-6.6694,-2.8751,-11.945
5.3896,-2.8779,-11.957
-0.63003,3.1403,-11.947
-0.5671,-2.7195,-6.1823
-6.5825,3.3001,-6.1863
5.4857,3.305,-6.2063
-0.55579,9.3225,-6.1883
0.26234,-2.9394,-0.54133
-5.7361,3.0858,-0.56533
6.3145,3.1014,-0.49733
0.27011,9.1174,-0.52933
-0.52609,-8.7766,-6.4043
-6.5492,-2.7464,-6.3943
5.4886,-2.7308,-6.4023
-0.54589,3.2838,-6.4033
2.6198,-5.8259,-6.8663
-3.4083,0.1895,-6.8593
8.6486,0.19728,-6.8773
2.6283,6.2105,-6.8733
-3.3538,-5.6321,-5.6183
-9.3699,0.40093,-5.6163
2.6764,0.38679,-5.6383
-3.3383,6.4227,-5.6063
-5.9963,-6.0755,2.887
-12.014,-0.060811,2.889
0.024042,-0.08061,2.883
-5.9885,5.9461,2.885
-0.21496,-6.5846,8.978
-6.2183,-0.58548,8.99
5.794,-0.52184,8.995
-0.096167,5.4221,8.995
11.15,0.68801,8.854
5.1343,6.6716,8.844
5.1541,-5.3719,8.859
-0.83792,0.63852,8.86
-1.0522,-5.5253,2.882
-7.059,0.50275,2.894
4.971,0.49497,2.891
-1.0218,6.5245,2.897
-3.1516,-5.2418,11.635
-9.1592,0.80115,11.646
2.9006,0.75236,-0.358
-3.1113,6.8208,11.641
2.9805,-6.3449,0.299
-3.0547,-0.32385,0.308
8.9951,-0.29911,0.307
2.9741,5.7049,0.288
-0.63427,-8.8961,0.104
-6.6694,-2.8751,0.102
5.3896,-2.8779,0.09
-0.63003,3.1403,0.1
-0.5671,-2.7195,5.865
-6.5825,3.3001,5.861
5.4857,3.305,5.841
-0.55579,9.3225,5.859
0.26234,-2.9394,11.506
-5.7361,3.0858,11.482
6.3145,3.1014,11.55
0.27011,9.1174,11.518
-0.52609,-8.7766,5.643
-6.5492,-2.7464,5.653
5.4886,-2.7308,5.645
-0.54589,3.2838,5.644
2.6198,-5.8259,5.181
-3.4083,0.1895,5.188
8.6486,0.19728,5.17
2.6283,6.2105,5.174
-3.3538,-5.6321,6.429
-9.3699,0.40093,6.431
2.6764,0.38679,6.409
-3.3383,6.4227,6.441
2.9006,0.75236,11.689
2.9805,-6.3449,12.346
-3.0547,-0.32385,12.355
8.9951,-0.29911,12.354
2.9741,5.7049,12.335
-0.63427,-8.8961,12.151
-6.6694,-2.8751,12.149
5.3896,-2.8779,12.137
-0.63003,3.1403,12.147
-11.776,9.0992,-12.589
-12.015,11.958,-9.1643
-12.254,5.4541,-3.0693
-6.2446,11.517,-3.0523
-0.88827,12.727,-3.1933
-6.8845,6.6667,-3.1883
-12.877,12.677,-3.1873
-13.091,6.5133,-9.1653
-7.0677,12.534,-9.1563
-9.1381,12.791,-12.405
-9.0582,5.6938,-11.748
-3.0435,11.74,-11.74
-12.673,3.1425,-11.943
-6.6491,9.1607,-11.957
-12.606,9.3191,-6.1823
-11.776,9.0992,-0.54133
-12.565,3.262,-6.4043
-6.5501,9.3078,-6.4023
-9.4188,6.2128,-6.8663
-3.39,12.236,-6.8773
-9.3622,12.425,-5.6383
-12.015,11.958,2.883
-12.254,5.4541,8.978
-6.2446,11.517,8.995
-0.88827,12.727,8.854
-6.8845,6.6667,8.859
-12.877,12.677,8.86
-13.091,6.5133,2.882
-7.0677,12.534,2.891
-9.1381,12.791,-0.358
-9.0582,5.6938,0.299
-3.0435,11.74,0.307
-12.673,3.1425,0.104
-6.6491,9.1607,0.09
-12.606,9.3191,5.865
-11.776,9.0992,11.506
-12.565,3.262,5.643
-6.5501,9.3078,5.645
-9.4188,6.2128,5.181
-3.39,12.236,5.17
-9.3622,12.425,6.409
-9.1381,12.791,11.689
-9.0582,5.6938,12.346
-3.0435,11.74,12.354
-12.673,3.1425,12.151
-6.6491,9.1607,12.137
12.083,-0.041323,-9.1583
12.083,-0.041323,2.889
8.9065,6.8163,-12.46
2.899,12.859,-12.449
12.32,9.1187,-12.589
6.0619,5.9827,-9.1603
0.044377,11.997,-9.1583
12.082,11.978,-9.1643
11.843,5.4735,-3.0693
5.8398,11.473,-3.0573
11.22,12.697,-3.1873
11.006,6.5328,-9.1653
4.9991,12.561,-9.1533
8.9065,6.8163,-0.41233
2.899,12.859,-0.40133
9.0034,11.734,-11.739
11.424,3.162,-11.943
5.3887,9.183,-11.945
11.491,9.3386,-6.1823
12.32,9.1187,-0.54133
11.532,3.2815,-6.4043
5.5089,9.3117,-6.3943
8.6499,12.248,-6.8593
8.7043,6.426,-5.6183
2.6882,12.459,-5.6163
6.0619,5.9827,2.887
0.044377,11.997,2.889
12.082,11.978,2.883
11.843,5.4735,8.978
5.8398,11.473,8.99
11.22,12.697,8.86
11.006,6.5328,2.882
4.9991,12.561,2.894
8.9065,6.8163,11.635
2.899,12.859,11.646
9.0034,11.734,0.308
11.424,3.162,0.104
5.3887,9.183,0.102
11.491,9.3386,5.865
12.32,9.1187,11.506
11.532,3.2815,5.643
5.5089,9.3117,5.653
8.6499,12.248,5.188
8.7043,6.426,6.429
2.6882,12.459,6.431
9.0034,11.734,12.355
11.424,3.162,12.151
5.3887,9.183,12.149
0,0,0
-0.062225,-5.8973,-0.18
5.9715,0.13506,-0.156
-0.23052,0.25739,6.01
-0.23052,0.25739,-6.0373
-6.0755,0.13435,-0.181
-0.042426,6.1561,-0.183
-0.26234,-5.666,5.657
5.7665,0.36275,5.65
-6.2826,0.34719,5.658
-6.0168,6.021,0
6.0219,-6.0176,0
-6.0429,-6.0062,0.003
-0.25173,6.3724,5.654
6.0152,6.052,0.003
-0.26234,-5.666,-6.3903
5.7665,0.36275,-6.3973
-6.2826,0.34719,-6.3893
-0.25173,6.3724,-6.3933
5.7891,-5.7636,6.014
5.7891,-5.7636,-6.0333
-6.2565,-5.7686,6.018
-6.2565,-5.7686,-6.0293
5.8016,6.2895,6.018
5.8016,6.2895,-6.0293
-6.2495,6.275,6.014
-6.2495,6.275,-6.0333
-0.0097602,-12.038,-0.004
0,0,-12.047
0,0,12.047
12.048,0.020196,-0.004
-12.048,0.00070711,-0.004
0.0097284,12.059,-0.004
-0.23476,-11.79,-6.0223
-0.23476,-11.79,6.025
-0.062225,-5.8973,11.867
11.823,0.26782,-6.0223
11.823,0.26782,6.025
5.9715,0.13506,11.891
5.9632,-11.904,-0.181
-6.0755,0.13435,11.866
11.996,-5.8826,-0.183
-0.042426,6.1561,11.864
-6.0866,-11.923,-0.156
-12.101,-5.902,-0.183
11.996,6.1609,-0.18
-12.101,6.1414,-0.18
-0.062225,-5.8973,-12.227
5.9827,12.192,-0.181
5.9715,0.13506,-12.203
-6.0671,12.174,-0.156
-6.0755,0.13435,-12.228
-12.273,0.24833,-6.0223
-12.273,0.24833,6.025
-0.042426,6.1561,-12.23
-0.21527,12.306,-6.0223
-0.21527,12.306,6.025
5.756,-11.691,5.658
11.787,-5.6662,5.654
-6.2917,-11.695,5.65
5.756,-11.691,-6.3893
11.787,-5.6662,-6.3933
11.796,6.3921,5.657
-12.31,-5.6857,5.654
-6.2917,-11.695,-6.3973
-6.0168,6.021,-12.047
-6.0168,6.021,12.047
6.0219,-6.0176,-12.047
6.0219,-6.0176,12.047
-6.0429,-6.0062,-12.044
-6.0429,-6.0062,12.05
6.0152,6.052,-12.044
6.0152,6.052,12.05
5.7755,12.405,5.658
11.796,6.3921,-6.3903
-12.301,6.3726,5.657
-12.31,-5.6857,-6.3933
-6.2722,12.401,5.65
5.7755,12.405,-6.3893
-12.301,6.3726,-6.3903
-6.2722,12.401,-6.3973
12.039,-12.039,0
-12.039,12.039,0
-0.0097602,-12.038,12.043
-0.0097602,-12.038,-12.051
12.048,0.020196,12.043
-12.048,0.00070711,12.043
12.048,0.020196,-12.051
-12.048,0.00070711,-12.051
0.0097284,12.059,12.043
0.0097284,12.059,-12.051
-12.058,-12.058,0
12.058,12.058,0
11.808,-11.781,6.01
11.808,-11.781,-6.0373
5.9632,-11.904,11.866
11.996,-5.8826,11.864
-6.0866,-11.923,11.891
-12.101,-5.902,11.864
11.996,6.1609,11.867
-12.101,6.1414,11.867
5.9827,12.192,11.866
-12.289,-11.801,6.01
-6.0671,12.174,11.891
-12.289,-11.801,-6.0373
5.9632,-11.904,-12.228
11.828,12.316,6.01
11.828,12.316,-6.0373
11.996,-5.8826,-12.23
-6.0866,-11.923,-12.203
-12.101,-5.902,-12.23
11.996,6.1609,-12.227
-12.101,6.1414,-12.227
-6.0671,12.174,-12.203
5.9827,12.192,-12.228
-12.269,12.296,6.01
-12.269,12.296,-6.0373
12.039,-12.039,-12.047
12.039,-12.039,12.047
-12.039,12.039,-12.047
-12.039,12.039,12.047
-12.058,-12.058,-12.047
-12.058,-12.058,12.047
12.058,12.058,-12.047
12.058,12.058,12.047
