-9.4249,-3.8359,-9.2313
-8.2694,-8.4505,-8.8183
-9.4249,-3.8359,2.816
-8.2694,-8.4505,3.229
-9.3471,-9.5974,-2.752
-3.5799,-9.0784,-2.709
-9.3471,-9.5974,9.2953
-3.5799,-9.0784,9.3383
8.5476,-9.0384,-9.5583
8.5476,-9.0384,2.489
9.2852,-8.4621,-2.826
9.2852,-8.4621,9.2213
2.4254,-2.9006,-9.7413
-3.491,3.0003,-9.5583
-3.5334,-8.6854,-9.1303
2.6333,8.2222,-9.2313
-1.7869,-2.9055,-8.6663
3.3722,-8.6811,-9.0843
3.7887,3.6077,-8.8183
9.3692,-2.4056,-9.0623
2.4254,-2.9006,2.306
-3.491,3.0003,2.489
-3.5334,-8.6854,2.917
2.6333,8.2222,2.816
-1.7869,-2.9055,3.381
3.3722,-8.6811,2.963
3.7887,3.6077,3.229
9.3692,-2.4056,2.985
2.3158,-9.1535,-2.654
-3.2796,-3.1,-2.8
8.3637,-3.1975,-2.811
2.711,2.4607,-2.752
8.4782,2.9797,-2.709
-9.4689,-2.5845,-2.922
2.8199,-2.6036,-2.925
-2.7535,3.5765,-2.826
2.3158,-9.1535,9.3933
-3.2796,-3.1,9.2473
8.3637,-3.1975,9.2363
2.711,2.4607,9.2953
8.4782,2.9797,9.3383
-9.4689,-2.5845,9.1253
2.8199,-2.6036,9.1223
-2.7535,3.5765,9.2213
-9.6133,9.1381,-9.7413
-8.6664,3.3575,-9.0843
-2.6695,9.6331,-9.0623
-9.6133,9.1381,2.306
-8.6664,3.3575,2.963
-2.6695,9.6331,2.985
-9.7229,2.8851,-2.654
-3.675,8.8411,-2.811
-9.2187,9.4351,-2.925
-9.7229,2.8851,9.3933
-3.675,8.8411,9.2363
-9.2187,9.4351,9.1223
8.5247,3.3727,-9.1303
10.271,9.1526,-8.6663
8.5247,3.3727,2.917
10.271,9.1526,3.381
8.7786,8.9582,-2.8
2.5893,9.4736,-2.922
8.7786,8.9582,9.2473
2.5893,9.4736,9.1253
-9.415,-9.3683,-9.1273
-9.415,-9.3683,2.92
-8.3805,-9.1625,-3.804
-2.3559,-9.9304,-2.732
-8.5586,-3.7687,-2.876
-8.3805,-9.1625,8.2433
-2.3559,-9.9304,9.3153
-8.5586,-3.7687,9.1713
9.3226,-9.1034,-8.2883
9.3226,-9.1034,3.759
3.6877,-8.6063,-2.892
9.7455,-2.6334,-2.882
9.3842,-9.9329,-3.073
3.6877,-8.6063,9.1553
9.7455,-2.6334,9.1653
9.3842,-9.9329,8.9743
-2.4805,-8.7427,-8.0693
-8.4018,-2.769,-8.9913
3.3679,-2.8687,-8.5843
-2.716,2.9352,-8.2883
2.1397,-9.4653,-8.7683
-3.1664,-3.4719,-8.7373
8.2074,-3.2987,-9.3743
2.6432,2.6898,-9.1273
-2.4805,-8.7427,3.978
-8.4018,-2.769,3.056
3.3679,-2.8687,3.463
-2.716,2.9352,3.759
2.1397,-9.4653,3.279
-3.1664,-3.4719,3.31
8.2074,-3.2987,2.673
2.6432,2.6898,2.92
-8.3509,3.4323,-2.892
-2.0534,-2.8341,-3.619
-2.2931,9.4052,-2.882
3.6777,2.8956,-3.804
9.7022,2.1277,-2.732
3.4995,8.2894,-2.876
4.0142,-3.4754,-3.159
-2.6545,2.1058,-3.073
-8.3509,3.4323,9.1553
-2.0534,-2.8341,8.4283
-2.2931,9.4052,9.1653
3.6777,2.8956,8.2433
9.7022,2.1277,9.3153
3.4995,8.2894,9.1713
4.0142,-3.4754,8.8883
-2.6545,2.1058,8.9743
-8.6707,9.1699,-8.5843
-9.8989,2.5733,-8.7683
-3.8312,8.74,-9.3743
-8.6707,9.1699,3.463
-9.8989,2.5733,3.279
-3.8312,8.74,2.673
-8.0244,8.5632,-3.159
-8.0244,8.5632,8.8883
9.5776,3.3155,-8.0693
3.6563,9.2891,-8.9913
8.8917,8.5862,-8.7373
9.5776,3.3155,3.978
3.6563,9.2891,3.056
8.8917,8.5862,3.31
10.005,9.224,-3.619
10.005,9.224,8.4283
-6.0619,-12.861,-9.0083
-12.013,-7.1579,-8.8913
-12.668,-11.347,-9.0743
-9.0678,-11.567,-6.5893
-6.5971,-9.0593,-12.041
-12.123,-3.051,-11.726
-11.625,-3.2313,-6.4733
-12.15,-9.1236,-12.501
-3.302,-12.292,-12.474
-9.1307,-6.076,-12.235
-9.1335,-11.744,-11.7
-6.03,-6.2818,-2.803
-11.902,-12.213,-3.048
-6.0619,-12.861,3.039
-12.013,-7.1579,3.156
-12.668,-11.347,2.973
-6.7279,-12.16,-3.333
-12.323,-5.3371,-3.072
-9.0678,-11.567,5.458
-2.9852,-12.617,-5.45
-8.949,-6.4218,-5.536
-12.441,-9.2021,-5.393
-6.5971,-9.0593,0.006
-12.123,-3.051,0.321
-5.2741,-9.3556,-6.092
-11.625,-3.2313,5.574
-12.15,-9.1236,-0.454
-3.302,-12.292,-0.427
-9.1307,-6.076,-0.188
-9.1335,-11.744,0.347
-6.03,-6.2818,9.2443
-11.902,-12.213,8.9993
-6.7279,-12.16,8.7143
-12.323,-5.3371,8.9753
-2.9852,-12.617,6.5973
-8.949,-6.4218,6.5113
-12.441,-9.2021,6.6543
-6.5971,-9.0593,12.053
-12.123,-3.051,12.368
-5.2741,-9.3556,5.9553
-12.15,-9.1236,11.593
-3.302,-12.292,11.62
-9.1307,-6.076,11.859
-9.1335,-11.744,12.394
6.8584,-12.771,-8.9303
12.084,-7.1384,-8.8913
11.428,-11.328,-9.0743
3.0315,-11.637,-6.5373
9.165,-5.7581,-6.5023
5.4979,-8.9641,-11.939
11.974,-3.0315,-11.726
12.472,-3.2118,-6.4733
11.947,-9.1041,-12.501
8.9083,-11.981,-12.479
2.8837,-11.983,-11.04
8.8842,-5.6697,-11.586
0.15146,-12.193,-2.76
12.195,-12.193,-3.048
6.3111,-6.2941,-3.129
6.8584,-12.771,3.117
12.084,-7.1384,3.156
11.428,-11.328,2.973
5.9045,-11.303,-2.968
11.773,-5.3176,-3.072
3.0315,-11.637,5.51
9.165,-5.7581,5.545
9.0497,-12.558,-5.801
11.656,-9.1826,-5.393
5.4979,-8.9641,0.108
11.974,-3.0315,0.321
6.6957,-9.3728,-6.042
12.472,-3.2118,5.574
11.947,-9.1041,-0.454
8.9083,-11.981,-0.432
2.8837,-11.983,1.007
8.8842,-5.6697,0.461
0.15146,-12.193,9.2873
12.195,-12.193,8.9993
6.3111,-6.2941,8.9183
5.9045,-11.303,9.0793
11.773,-5.3176,8.9753
9.0497,-12.558,6.2463
11.656,-9.1826,6.6543
5.4979,-8.9641,12.155
11.974,-3.0315,12.368
6.6957,-9.3728,6.0053
11.947,-9.1041,11.593
8.9083,-11.981,11.615
2.8837,-11.983,13.054
8.8842,-5.6697,12.508
-0.026163,-6.4891,-8.6133
-5.1803,-0.73256,-8.9303
5.9963,-0.80327,-9.0083
0.045255,4.9002,-8.8913
-0.59609,-11.471,-8.6813
-6.2614,-5.3846,-8.9513
5.4108,-5.5649,-8.9813
-0.61023,0.71064,-9.0743
-9.0071,0.40164,-6.5373
2.9904,0.49144,-6.5893
-2.8737,6.2805,-6.5023
-0.13435,-3.049,-12.355
-6.5407,3.0745,-11.939
5.461,2.9988,-12.041
-0.065054,9.0071,-11.726
0.43346,8.8268,-6.4733
-0.55508,-9.1634,-11.87
-6.4368,-3.071,-12.434
5.6201,-3.0618,-12.217
-0.091924,2.9345,-12.501
2.8701,-5.9786,-12.54
-3.1304,0.057276,-12.479
8.7561,-0.23405,-12.474
2.9274,5.9821,-12.235
-3.2067,-5.4737,-11.474
-9.1549,0.055861,-11.04
2.9246,0.31396,-11.7
-3.1544,6.3689,-11.586
6.0281,5.7764,-2.803
-11.887,-0.15486,-2.76
0.15627,-0.15486,-3.048
-5.7276,5.7445,-3.129
-0.026163,-6.4891,3.434
-5.1803,-0.73256,3.117
5.9963,-0.80327,3.039
0.045255,4.9002,3.156
-0.59609,-11.471,3.366
-6.2614,-5.3846,3.096
5.4108,-5.5649,3.066
-0.61023,0.71064,2.973
-0.98712,-6.0726,-2.816
-6.1342,0.7361,-2.968
5.3302,-0.10182,-3.333
-0.26517,6.721,-3.072
-3.1982,-5.478,-6.066
-9.0071,0.40164,5.51
2.9904,0.49144,5.458
-2.8737,6.2805,5.545
3.2456,-6.7953,-5.574
-2.9889,-0.51972,-5.801
9.0729,-0.55932,-5.45
3.1091,5.6363,-5.536
-0.35214,-9.1217,-5.299
-6.6114,-3.2032,-5.565
5.9687,-3.1954,-5.947
-0.38254,2.856,-5.393
-0.13435,-3.049,-0.308
-6.5407,3.0745,0.108
5.461,2.9988,0.006
-0.065054,9.0071,0.321
0.86055,-3.1685,-6.067
-5.3429,2.6658,-6.042
6.784,2.7026,-6.092
0.43346,8.8268,5.574
-0.55508,-9.1634,0.177
-6.4368,-3.071,-0.387
5.6201,-3.0618,-0.17
-0.091924,2.9345,-0.454
2.8701,-5.9786,-0.493
-3.1304,0.057276,-0.432
8.7561,-0.23405,-0.427
2.9274,5.9821,-0.188
-3.2067,-5.4737,0.573
-9.1549,0.055861,1.007
2.9246,0.31396,0.347
-3.1544,6.3689,0.461
6.0281,5.7764,9.2443
-11.887,-0.15486,9.2873
0.15627,-0.15486,8.9993
-5.7276,5.7445,8.9183
-0.98712,-6.0726,9.2313
-6.1342,0.7361,9.0793
5.3302,-0.10182,8.7143
-0.26517,6.721,8.9753
-3.1982,-5.478,5.9813
3.2456,-6.7953,6.4733
-2.9889,-0.51972,6.2463
9.0729,-0.55932,6.5973
3.1091,5.6363,6.5113
-0.35214,-9.1217,6.7483
-6.6114,-3.2032,6.4823
5.9687,-3.1954,6.1003
-0.38254,2.856,6.6543
-0.13435,-3.049,11.739
-6.5407,3.0745,12.155
5.461,2.9988,12.053
-0.065054,9.0071,12.368
0.86055,-3.1685,5.9803
-5.3429,2.6658,6.0053
6.784,2.7026,5.9553
-0.55508,-9.1634,12.224
-6.4368,-3.071,11.66
5.6201,-3.0618,11.877
-0.091924,2.9345,11.593
2.8701,-5.9786,11.554
-3.1304,0.057276,11.615
8.7561,-0.23405,11.62
2.9274,5.9821,11.859
-3.2067,-5.4737,12.62
-9.1549,0.055861,13.054
2.9246,0.31396,12.394
-3.1544,6.3689,12.508
-12.065,5.5495,-8.6133
-6.0424,11.235,-9.0083
-12.635,0.56724,-8.6813
-6.6279,6.4737,-8.9813
-12.649,12.749,-9.0743
-9.0483,12.53,-6.5893
-12.173,8.9896,-12.355
-12.594,2.8752,-11.87
-6.4185,8.9769,-12.217
-9.1685,6.06,-12.54
-3.2825,11.805,-12.474
-9.114,12.353,-11.7
-11.882,11.884,-3.048
-12.065,5.5495,3.434
-6.0424,11.235,3.039
-12.635,0.56724,3.366
-6.6279,6.4737,3.066
-12.649,12.749,2.973
-13.026,5.966,-2.816
-6.7085,11.937,-3.333
-9.0483,12.53,5.458
-8.793,5.2433,-5.574
-2.9657,11.479,-5.45
-12.391,2.917,-5.299
-6.0699,8.8432,-5.947
-12.173,8.9896,-0.308
-11.178,8.8701,-6.067
-12.594,2.8752,0.177
-6.4185,8.9769,-0.17
-9.1685,6.06,-0.493
-3.2825,11.805,-0.427
-9.114,12.353,0.347
-11.882,11.884,8.9993
-13.026,5.966,9.2313
-6.7085,11.937,8.7143
-8.793,5.2433,6.4733
-2.9657,11.479,6.5973
-12.391,2.917,6.7483
-6.0699,8.8432,6.1003
-12.173,8.9896,11.739
-11.178,8.8701,5.9803
-12.594,2.8752,12.224
-6.4185,8.9769,11.877
-9.1685,6.06,11.554
-3.2825,11.805,11.62
-9.114,12.353,12.394
12.21,-0.13537,-2.76
12.21,-0.13537,9.2873
12.032,5.569,-8.6133
6.8779,11.326,-8.9303
11.462,0.58673,-8.6813
5.7967,6.6735,-8.9513
11.448,12.769,-9.0743
3.051,12.46,-6.5373
11.924,9.0091,-12.355
11.503,2.8947,-11.87
5.6213,8.9872,-12.434
8.9278,12.115,-12.479
8.8514,6.5844,-11.474
2.9032,12.114,-11.04
0.17095,11.903,-2.76
12.214,11.903,-3.048
12.032,5.569,3.434
6.8779,11.326,3.117
11.462,0.58673,3.366
5.7967,6.6735,3.096
11.448,12.769,2.973
11.071,5.9855,-2.816
5.924,12.794,-2.968
8.8599,6.5802,-6.066
3.051,12.46,5.51
9.0692,11.538,-5.801
11.706,2.9364,-5.299
5.4467,8.8549,-5.565
11.924,9.0091,-0.308
12.919,8.8896,-6.067
11.503,2.8947,0.177
5.6213,8.9872,-0.387
8.9278,12.115,-0.432
8.8514,6.5844,0.573
2.9032,12.114,1.007
0.17095,11.903,9.2873
12.214,11.903,8.9993
11.071,5.9855,9.2313
5.924,12.794,9.0793
8.8599,6.5802,5.9813
9.0692,11.538,6.2463
11.706,2.9364,6.7483
5.4467,8.8549,6.4823
11.924,9.0091,11.739
12.919,8.8896,5.9803
11.503,2.8947,12.224
5.6213,8.9872,11.66
8.9278,12.115,11.615
8.8514,6.5844,12.62
2.9032,12.114,13.054
-0.5766,12.625,-8.6813
-0.5766,12.625,3.366
0,0,0
5.8789,0.06364,0.042
-0.065761,5.939,-0.086
-0.23971,-5.939,-0.061
0.17112,-0.057983,5.9733
-6.0408,-0.11243,-0.247
0.17112,-0.057983,-6.074
0.17536,5.8082,-5.925
5.8874,5.8888,-0.016
-5.8754,-0.23688,5.9903
0.17536,5.8082,6.1223
-5.8754,-0.23688,-6.057
0.34648,-6.2565,-5.681
5.8754,-6.0861,0.309
-6.1633,5.9526,0.309
-6.1707,-6.1693,-0.016
6.4212,-0.17748,6.0123
6.4212,-0.17748,-6.035
0.34648,-6.2565,6.3663
-5.6194,5.8075,-5.902
-5.6194,5.8075,6.1453
6.0661,5.9911,5.799
-5.992,-6.067,5.799
6.0661,5.9911,-6.2483
-5.992,-6.067,-6.2483
6.4193,-6.2312,-5.902
6.4193,-6.2312,6.1453
-11.986,-0.052187,0.157
0.072522,12.006,0.157
0,0,-12.047
0,0,12.047
0.053033,-12.091,0.157
12.111,-0.032698,0.157
-11.763,-0.21072,6.0013
-11.763,-0.21072,-6.046
-6.0408,-0.11243,11.8
0.29469,11.847,6.0013
0.29469,11.847,-6.046
11.818,6.1191,-0.061
-0.065761,5.939,11.961
5.8789,0.06364,-12.005
6.0173,11.946,-0.247
-0.23971,-5.939,11.986
11.973,-6.0996,-0.086
5.8789,0.06364,12.089
-0.23971,-5.939,-12.108
-6.1792,-11.994,0.042
-0.065761,5.939,-12.133
5.9978,-12.151,-0.247
-6.1597,12.102,0.042
-12.124,-6.1191,-0.086
0.2752,-12.249,6.0013
0.2752,-12.249,-6.046
-6.0408,-0.11243,-12.294
-12.278,6.0996,-0.061
12.333,-0.19123,6.0013
12.333,-0.19123,-6.046
-11.692,5.7822,-5.681
-5.6174,11.861,6.0123
-5.6174,11.861,-6.035
5.8754,-6.0861,-11.738
-11.692,5.7822,6.3663
-6.1633,5.9526,-11.738
6.1828,11.821,5.9903
5.8874,5.8888,12.031
6.1828,11.821,-6.057
5.8874,5.8888,-12.063
-11.883,-6.2499,-5.925
-5.6369,-12.236,6.0123
-11.883,-6.2499,6.1223
-5.6369,-12.236,-6.035
12.405,5.8016,-5.681
-6.1707,-6.1693,12.031
-6.1707,-6.1693,-12.063
12.214,-6.2305,-5.925
5.8754,-6.0861,12.356
6.1633,-12.276,5.9903
6.1633,-12.276,-6.057
12.214,-6.2305,6.1223
-6.1633,5.9526,12.356
12.405,5.8016,6.3663
-11.986,-0.052187,-11.89
0.072522,12.006,-11.89
0.053033,-12.091,-11.89
12.111,-0.032698,-11.89
12.039,-12.039,0
-12.039,12.039,0
-12.058,-12.058,0
12.058,12.058,0
-11.986,-0.052187,12.204
0.072522,12.006,12.204
0.053033,-12.091,12.204
12.111,-0.032698,12.204
6.0173,11.946,11.8
-11.868,11.981,5.9733
11.818,6.1191,11.986
-11.868,11.981,-6.074
5.9978,-12.151,11.8
11.973,-6.0996,11.961
11.818,6.1191,-12.108
-11.887,-12.116,5.9733
-11.887,-12.116,-6.074
-6.1792,-11.994,-12.005
-12.124,-6.1191,11.961
11.973,-6.0996,-12.133
-6.1792,-11.994,12.089
-6.1597,12.102,-12.005
12.229,12,5.9733
6.0173,11.946,-12.294
12.229,12,-6.074
-6.1597,12.102,12.089
12.21,-12.097,5.9733
-12.278,6.0996,11.986
-12.124,-6.1191,-12.133
12.21,-12.097,-6.074
-12.278,6.0996,-12.108
5.9978,-12.151,-12.294
12.039,-12.039,-12.047
12.039,-12.039,12.047
-12.039,12.039,-12.047
-12.039,12.039,12.047
-12.058,-12.058,-12.047
-12.058,-12.058,12.047
12.058,12.058,-12.047
12.058,12.058,12.047
