-3.2073,-9.2969,-9.5533
-9.7749,-2.9414,-8.6123
-8.7326,-8.4696,-8.8393
-3.2073,-9.2969,2.494
-9.7749,-2.9414,3.435
-8.7326,-8.4696,3.208
-8.6039,-8.5191,-2.856
-3.6082,-9.0246,-3.354
-9.2325,-3.7708,-3.186
-8.6039,-8.5191,9.1913
-3.6082,-9.0246,8.6933
-9.2325,-3.7708,8.8613
9.4874,-9.0575,-9.6323
9.6012,-3.1482,-8.7323
9.4874,-9.0575,2.415
9.6012,-3.1482,3.315
9.288,-9.7787,-2.658
9.288,-9.7787,9.3893
3.3729,-3.5681,-8.7533
-2.5512,2.9812,-9.6323
8.8509,2.7613,-9.5533
2.2832,9.1167,-8.6123
-2.7316,-3.5207,-9.1483
2.8164,-9.2779,-8.7063
3.3255,3.5886,-8.8393
-2.4374,8.8905,-8.7323
3.3729,-3.5681,3.294
-2.5512,2.9812,2.415
8.8509,2.7613,2.494
2.2832,9.1167,3.435
-2.7316,-3.5207,2.899
2.8164,-9.2779,3.341
3.3255,3.5886,3.208
-2.4374,8.8905,3.315
2.9755,-9.1457,-2.826
-3.8078,-2.5208,-3.119
9.186,-2.3851,-2.59
3.4542,3.5391,-2.856
8.4499,3.0335,-3.354
2.8256,8.2873,-3.186
3.4719,-3.083,-3.543
-2.7506,2.2599,-2.658
2.9755,-9.1457,9.2213
-3.8078,-2.5208,8.9283
9.186,-2.3851,9.4573
3.4542,3.5391,9.1913
8.4499,3.0335,8.6933
2.8256,8.2873,8.8613
3.4719,-3.083,8.5043
-2.7506,2.2599,9.3893
-8.6657,8.4706,-8.7533
-9.2222,2.7607,-8.7063
-8.6657,8.4706,3.294
-9.2222,2.7607,3.341
-9.0631,2.8929,-2.826
-2.8526,9.6536,-2.59
-8.5667,8.9556,-3.543
-9.0631,2.8929,9.2213
-2.8526,9.6536,9.4573
-8.5667,8.9556,8.5043
9.3266,8.5374,-9.1483
9.3266,8.5374,2.899
8.2504,9.5373,-3.119
8.2504,9.5373,8.9283
-8.7687,-9.6851,-9.6853
-8.7687,-9.6851,2.362
-9.3923,-9.7204,-3.257
-9.3923,-9.7204,8.7903
8.6233,-7.9615,-9.1203
8.6233,-7.9615,2.927
3.6693,-9.0051,-4.16
9.4577,-3.2083,-3.827
8.6976,-9.0214,-3.817
3.6693,-9.0051,7.8873
9.4577,-3.2083,8.2203
8.6976,-9.0214,8.2303
-2.4077,-9.3076,-8.3043
-8.6465,-3.206,-9.5903
2.4537,-2.4211,-8.9693
-3.4153,4.0772,-9.1203
2.1772,-9.0418,-10.078
-3.5822,-3.2032,-10.353
8.486,-2.7004,-9.6243
3.2895,2.3731,-9.6853
-2.4077,-9.3076,3.743
-8.6465,-3.206,2.457
2.4537,-2.4211,3.078
-3.4153,4.0772,2.927
2.1772,-9.0418,1.969
-3.5822,-3.2032,1.694
8.486,-2.7004,2.423
3.2895,2.3731,2.362
-8.3693,3.0335,-4.16
-2.5534,-2.0457,-3.797
-2.5809,8.8303,-3.827
2.6658,2.3377,-3.257
-2.692,-7.8227,-3.265
-8.1289,-2.8129,-3.513
2.9126,-3.276,-2.182
-3.3411,3.0172,-3.817
-8.3693,3.0335,7.8873
-2.5534,-2.0457,8.2503
-2.5809,8.8303,8.2203
2.6658,2.3377,8.7903
-2.692,-7.8227,8.7823
-8.1289,-2.8129,8.5343
2.9126,-3.276,9.8653
-3.3411,3.0172,8.2303
-9.585,9.6175,-8.9693
-9.8615,2.9969,-10.078
-3.5526,9.3382,-9.6243
-9.585,9.6175,3.078
-9.8615,2.9969,1.969
-3.5526,9.3382,2.423
-9.1261,8.7626,-2.182
-9.1261,8.7626,9.8653
9.6504,2.7505,-8.3043
3.4116,8.8521,-9.5903
8.4759,8.8549,-10.353
9.6504,2.7505,3.743
3.4116,8.8521,2.457
8.4759,8.8549,1.694
9.5048,10.012,-3.797
9.3662,4.2354,-3.265
3.9292,9.2453,-3.513
9.5048,10.012,8.2503
9.3662,4.2354,8.7823
3.9292,9.2453,8.5343
-6.5165,-12.603,-9.1123
-12.047,-6.1693,-9.3103
-11.553,-11.412,-8.9823
-9.0423,-5.6595,-6.7243
-6.0527,-9.2969,-11.532
-11.842,-2.9449,-12.016
-5.3901,-9.224,-6.6103
-11.533,-8.8981,-12.332
-3.0093,-12.511,-11.776
-8.9136,-6.1064,-12.24
-9.0275,-12.566,-11.88
-11.734,-12.714,-2.84
-6.5165,-12.603,2.935
-12.047,-6.1693,2.737
-11.553,-11.412,3.065
-6.4225,-11.235,-3.04
-12.842,-6.1029,-3.182
-8.8585,-12.35,-5.939
-2.7017,-12.218,-5.551
-9.0423,-5.6595,5.323
-11.876,-9.0904,-5.739
-6.0527,-9.2969,0.515
-11.842,-2.9449,0.031
-5.3901,-9.224,5.437
-12.187,-3.0637,-6.024
-11.533,-8.8981,-0.285
-3.0093,-12.511,0.271
-8.9136,-6.1064,-0.193
-9.0275,-12.566,0.167
-11.734,-12.714,9.2073
-6.4225,-11.235,9.0073
-12.842,-6.1029,8.8653
-8.8585,-12.35,6.1083
-2.7017,-12.218,6.4963
-11.876,-9.0904,6.3083
-6.0527,-9.2969,12.562
-11.842,-2.9449,12.078
-12.187,-3.0637,6.0233
-11.533,-8.8981,11.762
-3.0093,-12.511,12.318
-8.9136,-6.1064,11.854
-9.0275,-12.566,12.214
5.884,-12.838,-9.2733
12.05,-6.1498,-9.3103
12.544,-11.392,-8.9823
3.1772,-12.232,-6.3903
9.2986,-12.082,-6.3553
5.8041,-9.044,-11.245
12.255,-2.9254,-12.016
6.4928,-9.1246,-6.4553
12.564,-8.8786,-12.332
8.9606,-11.954,-11.939
2.9792,-12.174,-11.713
8.9769,-6.3252,-11.968
1.0877,-12.724,-2.949
12.363,-12.694,-2.84
5.9314,-6.7078,-3.196
5.884,-12.838,2.774
12.05,-6.1498,2.737
12.544,-11.392,3.065
5.843,-11.084,-2.963
11.255,-6.0834,-3.182
3.1772,-12.232,5.657
9.1678,-6.5373,-6.068
9.2986,-12.082,5.692
12.22,-9.0709,-5.739
5.8041,-9.044,0.802
12.255,-2.9254,0.031
6.4928,-9.1246,5.592
11.91,-3.0442,-6.024
12.564,-8.8786,-0.285
8.9606,-11.954,0.108
2.9792,-12.174,0.334
8.9769,-6.3252,0.079
1.0877,-12.724,9.0983
12.363,-12.694,9.2073
5.9314,-6.7078,8.8513
5.843,-11.084,9.0843
11.255,-6.0834,8.8653
9.1678,-6.5373,5.9793
12.22,-9.0709,6.3083
5.8041,-9.044,12.849
12.255,-2.9254,12.078
11.91,-3.0442,6.0233
12.564,-8.8786,11.762
8.9606,-11.954,12.155
2.9792,-12.174,12.381
8.9769,-6.3252,12.126
-0.36911,-6.8193,-8.9783
-6.1547,-0.79903,-9.2733
5.5416,-0.54518,-9.1123
0.011314,5.8888,-9.3103
-0.25527,-11.684,-9.0423
-5.8704,-5.6229,-9.6083
6.5407,-5.2156,-9.3243
0.50487,0.6463,-8.9823
-8.8615,-0.19375,-6.3903
-2.74,-0.043134,-6.3553
3.0158,6.3986,-6.7243
-0.0070711,-2.95,-11.347
-6.2346,2.9946,-11.245
6.0055,2.7613,-11.532
0.21637,9.1132,-12.016
0.02687,-2.9387,-6.8013
-5.5458,2.914,-6.4553
6.668,2.8341,-6.6103
-0.55508,-9.1507,-12.617
-6.2586,-3.0837,-12.651
5.7247,-3.0533,-12.676
0.52538,3.1601,-12.332
2.7655,-6.1469,-12.137
-3.078,0.084146,-11.939
9.0488,-0.45326,-11.776
3.1445,5.9517,-12.24
-3.0186,-5.5685,-12.56
-9.0595,-0.13576,-11.713
3.0307,-0.5077,-11.88
-3.0618,5.7134,-11.968
-6.2706,-5.8167,-3.375
-10.951,-0.68519,-2.949
0.32456,-0.65549,-2.84
-6.1073,5.3309,-3.196
-0.36911,-6.8193,3.069
-6.1547,-0.79903,2.774
5.5416,-0.54518,2.935
0.011314,5.8888,2.737
-0.25527,-11.684,3.005
-5.8704,-5.6229,2.439
6.5407,-5.2156,2.723
0.50487,0.6463,3.065
-0.23335,-4.7871,-3.238
-6.1957,0.95459,-2.963
5.6356,0.82307,-3.04
-0.78347,5.9553,-3.182
-2.9698,-5.7445,-5.952
-8.8615,-0.19375,5.657
3.1997,-0.29204,-5.939
-2.8709,5.5013,-6.068
3.1841,-6.3449,-6.162
-2.74,-0.043134,5.692
9.3564,-0.15981,-5.551
3.0158,6.3986,5.323
0.03182,-8.8212,-5.274
-5.9298,-3.0222,-6.204
6.3074,-3.0123,-5.79
0.18173,2.9677,-5.739
-0.0070711,-2.95,0.7
-6.2346,2.9946,0.802
6.0055,2.7613,0.515
0.21637,9.1132,0.031
0.02687,-2.9387,5.246
-5.5458,2.914,5.592
6.668,2.8341,5.437
-0.12869,8.9944,-6.024
-0.55508,-9.1507,-0.57
-6.2586,-3.0837,-0.604
5.7247,-3.0533,-0.629
0.52538,3.1601,-0.285
2.7655,-6.1469,-0.09
-3.078,0.084146,0.108
9.0488,-0.45326,0.271
3.1445,5.9517,-0.193
-3.0186,-5.5685,-0.513
-9.0595,-0.13576,0.334
3.0307,-0.5077,0.167
-3.0618,5.7134,0.079
-6.2706,-5.8167,8.6723
-10.951,-0.68519,9.0983
0.32456,-0.65549,9.2073
-6.1073,5.3309,8.8513
-0.23335,-4.7871,8.8093
-6.1957,0.95459,9.0843
5.6356,0.82307,9.0073
-0.78347,5.9553,8.8653
-2.9698,-5.7445,6.0953
3.1997,-0.29204,6.1083
-2.8709,5.5013,5.9793
3.1841,-6.3449,5.8853
9.3564,-0.15981,6.4963
0.03182,-8.8212,6.7733
-5.9298,-3.0222,5.8433
6.3074,-3.0123,6.2573
0.18173,2.9677,6.3083
-0.0070711,-2.95,12.747
-6.2346,2.9946,12.849
6.0055,2.7613,12.562
0.21637,9.1132,12.078
-0.12869,8.9944,6.0233
-0.55508,-9.1507,11.477
-6.2586,-3.0837,11.443
5.7247,-3.0533,11.418
0.52538,3.1601,11.762
2.7655,-6.1469,11.957
-3.078,0.084146,12.155
9.0488,-0.45326,12.318
3.1445,5.9517,11.854
-3.0186,-5.5685,11.534
-9.0595,-0.13576,12.381
3.0307,-0.5077,12.214
-3.0618,5.7134,12.126
-12.408,5.2193,-8.9783
-6.497,11.493,-9.1123
-12.294,0.35511,-9.0423
-5.4979,6.823,-9.3243
-11.534,12.685,-8.9823
-12.046,9.0886,-11.347
-12.012,9.0999,-6.8013
-12.594,2.888,-12.617
-6.3139,8.9853,-12.676
-9.2731,5.8918,-12.137
-2.9898,11.585,-11.776
-9.008,11.531,-11.88
-11.714,11.383,-2.84
-12.408,5.2193,3.069
-6.497,11.493,2.935
-12.294,0.35511,3.005
-5.4979,6.823,2.723
-11.534,12.685,3.065
-12.272,7.2515,-3.238
-6.403,12.862,-3.04
-8.839,11.747,-5.939
-8.8545,5.6938,-6.162
-2.6822,11.879,-5.551
-12.007,3.2175,-5.274
-5.7312,9.0264,-5.79
-12.046,9.0886,0.7
-12.012,9.0999,5.246
-12.594,2.888,-0.57
-6.3139,8.9853,-0.629
-9.2731,5.8918,-0.09
-2.9898,11.585,0.271
-9.008,11.531,0.167
-11.714,11.383,9.2073
-12.272,7.2515,8.8093
-6.403,12.862,9.0073
-8.839,11.747,6.1083
-8.8545,5.6938,5.8853
-2.6822,11.879,6.4963
-12.007,3.2175,6.7733
-5.7312,9.0264,6.2573
-12.046,9.0886,12.747
-12.594,2.888,11.477
-6.3139,8.9853,11.418
-9.2731,5.8918,11.957
-2.9898,11.585,12.318
-9.008,11.531,12.214
13.146,-0.6657,-2.949
13.146,-0.6657,9.0983
11.689,5.2388,-8.9783
5.9035,11.259,-9.2733
11.803,0.3746,-9.0423
6.1877,6.4352,-9.6083
12.563,12.704,-8.9823
3.1967,11.864,-6.3903
9.3181,12.015,-6.3553
12.051,9.1081,-11.347
12.085,9.1194,-6.8013
11.503,2.9075,-12.617
5.7995,8.9744,-12.651
8.9801,12.142,-11.939
9.0395,6.4897,-12.56
2.9987,11.922,-11.713
5.7875,6.2415,-3.375
1.1072,11.373,-2.949
12.383,11.403,-2.84
11.689,5.2388,3.069
5.9035,11.259,2.774
11.803,0.3746,3.005
6.1877,6.4352,2.439
12.563,12.704,3.065
11.825,7.271,-3.238
5.8625,13.013,-2.963
9.0883,6.3136,-5.952
3.1967,11.864,5.657
9.3181,12.015,5.692
12.09,3.237,-5.274
6.1283,9.0359,-6.204
12.051,9.1081,0.7
12.085,9.1194,5.246
11.503,2.9075,-0.57
5.7995,8.9744,-0.604
8.9801,12.142,0.108
9.0395,6.4897,-0.513
2.9987,11.922,0.334
5.7875,6.2415,8.6723
1.1072,11.373,9.0983
12.383,11.403,9.2073
11.825,7.271,8.8093
5.8625,13.013,9.0843
9.0883,6.3136,6.0953
12.09,3.237,6.7733
6.1283,9.0359,5.8433
12.051,9.1081,12.747
11.503,2.9075,11.477
5.7995,8.9744,11.443
8.9801,12.142,12.155
9.0395,6.4897,11.534
2.9987,11.922,12.381
-0.23578,12.413,-9.0423
-0.23578,12.413,3.005
0,0,0
0.2284,0.038891,5.9323
-0.18314,-5.997,0.374
0.20082,6.0458,-0.257
6.1115,-0.23547,-0.14
0.2284,0.038891,-6.115
-6.1469,0.28779,-0.2
-5.7976,-0.13789,5.493
0.32456,5.816,5.7483
0.084853,-5.8025,-5.902
-5.8647,5.852,-0.438
5.9404,5.9786,-0.26
0.084853,-5.8025,6.1453
6.2551,-0.046669,5.7693
0.32456,5.816,-6.299
-6.1177,-6.0795,-0.26
6.1739,-6.1866,-0.438
-5.7976,-0.13789,-6.5543
6.2551,-0.046669,-6.278
-5.8946,6.0685,5.528
6.1441,-5.9701,5.528
6.1106,5.9098,5.8843
-5.9475,-6.1483,5.8843
6.1106,5.9098,-6.163
-5.9475,-6.1483,-6.163
-5.8946,6.0685,-6.5193
6.1441,-5.9701,-6.5193
0.011003,12.024,0.128
0,0,-12.047
0,0,12.047
-12.047,-0.034509,0.128
12.05,-0.01502,0.128
-0.0084853,-12.073,0.128
-11.834,0.049637,-5.597
-0.18314,-5.997,-11.673
5.8918,-11.751,-0.2
-5.9271,11.803,-0.14
0.20435,-11.989,-5.597
0.20082,6.0458,11.79
-11.857,-6.0124,-0.257
11.875,6.0611,0.374
0.22384,12.108,-5.597
-6.1469,0.28779,11.847
6.1115,-0.23547,11.907
-11.834,0.049637,6.4503
12.262,0.069125,-5.597
0.20435,-11.989,6.4503
12.239,-5.9929,-0.257
6.1115,-0.23547,-12.187
-12.222,6.0417,0.374
-5.9466,-12.294,-0.14
5.9112,12.346,-0.2
-6.1469,0.28779,-12.247
0.20082,6.0458,-12.304
0.22384,12.108,6.4503
-0.18314,-5.997,12.421
12.262,0.069125,6.4503
-5.8647,5.852,11.609
-11.734,-6.2422,5.7483
5.9404,5.9786,11.787
-5.7836,11.992,5.7693
6.1739,-6.1866,11.609
6.2606,11.92,5.493
-6.1177,-6.0795,11.787
-5.8031,-12.105,5.7693
-11.734,-6.2422,-6.299
-11.954,6.2361,-5.902
-5.7836,11.992,-6.278
6.2411,-12.177,5.493
-11.954,6.2361,6.1453
-5.8031,-12.105,-6.278
12.143,6.2556,-5.902
5.9404,5.9786,-12.307
6.2606,11.92,-6.5543
12.143,6.2556,6.1453
-5.8647,5.852,-12.485
12.363,-6.2227,5.7483
-6.1177,-6.0795,-12.307
6.2411,-12.177,-6.5543
12.363,-6.2227,-6.299
6.1739,-6.1866,-12.485
0.011003,12.024,-11.919
-12.047,-0.034509,-11.919
12.05,-0.01502,-11.919
-0.0084853,-12.073,-11.919
12.039,-12.039,0
-12.039,12.039,0
-12.058,-12.058,0
12.058,12.058,0
0.011003,12.024,12.175
-12.047,-0.034509,12.175
12.05,-0.01502,12.175
-0.0084853,-12.073,12.175
5.8918,-11.751,11.847
11.875,6.0611,-11.673
-11.857,-6.0124,11.79
-5.9271,11.803,11.907
-11.83,-12.019,5.9323
-11.81,12.078,5.9323
-11.83,-12.019,-6.115
-12.222,6.0417,-11.673
-11.81,12.078,-6.115
5.8918,-11.751,-12.247
-5.9271,11.803,-12.187
12.239,-5.9929,11.79
5.9112,12.346,11.847
-11.857,-6.0124,-12.304
-5.9466,-12.294,11.907
12.267,-12,5.9323
12.267,-12,-6.115
11.875,6.0611,12.421
12.287,12.097,5.9323
12.287,12.097,-6.115
-5.9466,-12.294,-12.187
12.239,-5.9929,-12.304
5.9112,12.346,-12.247
-12.222,6.0417,12.421
12.039,-12.039,-12.047
12.039,-12.039,12.047
-12.039,12.039,-12.047
-12.039,12.039,12.047
-12.058,-12.058,-12.047
-12.058,-12.058,12.047
12.058,12.058,-12.047
12.058,12.058,12.047
