-2.9737,-9.8737,-10.419
-9.3193,-9.0195,-10.798
-2.9741,-9.8724,2.7585
-9.3197,-9.0182,2.3795
-10.232,-9.5825,-3.9215
-10.232,-9.5812,9.2557
10,-9.8581,-9.9783
3.5568,-9.7336,-9.9033
9.9995,-9.8567,3.1989
3.5564,-9.7323,3.2739
9.9543,-9.9996,-3.3221
9.9539,-9.9983,9.8551
9.7005,2.7988,-10.419
-8.8999,-3.5998,-10.263
3.9525,-3.2547,-10.131
-2.6024,2.7458,-9.9802
-9.0456,2.8702,-9.9052
-2.9652,-2.7859,-9.8672
9.4969,-2.6643,-10.272
3.3549,3.653,-10.798
9.7001,2.8001,2.758
-8.9004,-3.5985,2.914
3.952,-3.2534,3.046
-2.6029,2.7471,3.197
-9.046,2.8716,3.272
-2.9656,-2.7846,3.31
9.4964,-2.663,2.905
3.3545,3.6543,2.379
3.2598,-3.479,-3.829
-2.6481,2.6043,-3.324
-2.5081,-9.9554,-3.341
-8.9619,-3.5539,-3.744
2.8907,-9.0863,-2.84
-3.2117,-3.0632,-3.486
9.4568,-2.9628,-3.278
2.4423,3.0901,-3.922
3.2593,-3.4776,9.3482
-2.6485,2.6056,9.8532
-2.5085,-9.954,9.8362
-8.9623,-3.5526,9.4332
2.8902,-9.085,10.337
-3.2121,-3.0619,9.6912
9.4564,-2.9615,9.8992
2.4419,3.0914,9.2552
-8.6499,9.3491,-10.133
-3.1055,9.9396,-10.274
-8.6504,9.3504,3.0441
-3.106,9.9409,2.9031
-9.3426,9.1249,-3.8309
-9.7118,3.5175,-2.8419
-3.1456,9.6411,-3.2799
-9.3431,9.1262,9.3463
-9.7122,3.5188,10.335
-3.146,9.6424,9.8973
3.7743,9.0728,-10.264
9.709,9.8866,-9.8677
3.7739,9.0741,2.9135
9.7086,9.8879,3.3095
10.166,2.7172,-3.3415
3.7123,9.1186,-3.7445
9.4625,9.6093,-3.4865
10.166,2.7185,9.8358
3.7119,9.1199,9.4328
9.4621,9.6107,9.6908
-4.1072,-9.4615,-9.5188
-9.9705,-3.4652,-9.2108
-9.2938,-10.431,-10.273
-4.1076,-9.4601,3.6585
-9.9709,-3.4639,3.9665
-9.2942,-10.43,2.9045
-9.1401,-9.3576,-2.9245
-9.1405,-9.3563,10.253
8.6848,-9.5696,-9.2983
3.2358,-11.026,-9.2263
9.4102,-3.5789,-9.0733
8.6843,-9.5682,3.8789
3.2354,-11.025,3.9509
9.4098,-3.5776,4.1039
9.53,-8.8979,-2.4061
3.6335,-9.2804,-1.5581
10.668,-2.9971,-2.3931
9.5296,-8.8966,10.771
3.633,-9.2791,11.619
10.667,-2.9958,10.784
2.633,-3.3636,-9.4352
-3.9176,3.0343,-9.3002
8.567,3.2111,-9.5192
2.7037,9.2073,-9.2112
-3.0953,-4.0134,-9.0202
-9.3666,1.5777,-9.2282
3.3804,2.2416,-10.273
-3.1922,9.0249,-9.0752
2.6326,-3.3623,3.742
-3.9181,3.0356,3.877
8.5666,3.2124,3.658
2.7033,9.2087,3.966
-3.0957,-4.0121,4.157
-9.367,1.579,3.949
3.38,2.2429,2.904
-3.1926,9.0262,4.102
-2.6623,-8.9555,-2.233
-8.9265,-2.3971,-2.784
3.3814,-2.0761,-3.297
-3.0724,3.7059,-2.408
-1.818,-3.3269,-3.017
-8.9689,3.3234,-1.56
3.5341,3.3149,-2.925
-1.9346,9.6068,-2.395
-2.6627,-8.9542,10.944
-8.9269,-2.3958,10.393
3.381,-2.0747,9.8802
-3.0728,3.7073,10.769
-1.8184,-3.3256,10.16
-8.9694,3.3247,11.617
3.5337,3.3162,10.252
-1.9351,9.6081,10.782
-9.9694,9.2402,-9.4371
-9.9698,9.2416,3.7401
-9.221,10.528,-3.2989
-9.2215,10.529,9.8783
9.5789,8.6591,-9.0207
9.5785,8.6604,4.1565
10.012,3.717,-2.2335
3.7477,10.275,-2.7845
10.856,9.3456,-3.0175
10.012,3.7183,10.944
3.7473,10.277,10.393
10.856,9.3469,10.16
0.24187,-13.109,-9.8539
0.24144,-13.108,3.3234
-6.1896,-12.51,-10.028
-12.944,-5.9832,-9.9178
-12.361,-0.50525,-9.8558
-12.026,-13.203,-10.088
-11.781,-9.7273,-7.5078
-5.6473,-9.4869,-13.38
-11.622,-3.3499,-13.225
-7.2771,-9.7026,-7.0808
-13.029,-9.5166,-13.052
-9.2846,-12.031,-13.676
-2.9298,-12.827,-13.484
-9.1269,-6.5644,-14.08
-12.519,-13.048,-3.5715
-6.1222,-7.0722,-3.5645
-6.19,-12.508,3.1495
-12.944,-5.9819,3.2595
-12.361,-0.50393,3.3215
-12.027,-13.201,3.0895
-6.4623,-11.972,-3.4975
-13.239,-6.2626,-3.1075
-9.3918,-13.439,-6.5865
-3.0639,-12.057,-6.6275
-9.3381,-5.8094,-6.4305
-11.781,-9.726,5.6695
-5.6477,-9.4856,-0.20254
-11.622,-3.3486,-0.047539
-7.2776,-9.7013,6.0965
-13.219,-3.577,-6.3885
-13.03,-9.5153,0.12546
-9.285,-12.03,-0.49854
-2.9303,-12.825,-0.30654
-9.1274,-6.5631,-0.90254
-12.52,-13.047,9.6057
-6.1226,-7.0709,9.6127
-6.4627,-11.97,9.6797
-13.24,-6.2613,10.07
-9.3923,-13.438,6.5907
-3.0644,-12.055,6.5497
-9.3385,-5.808,6.7467
-5.6481,-9.4843,12.975
-11.622,-3.3473,13.13
-13.22,-3.5757,6.7887
-13.03,-9.514,13.303
-9.2855,-12.028,12.679
-2.9307,-12.824,12.871
-9.1278,-6.5618,12.275
6.5825,-12.657,-9.8863
12.333,-5.9145,-9.9163
12.916,-0.43656,-9.8543
13.251,-13.134,-10.086
6.8915,-6.372,-9.5633
13.496,-9.6586,-7.5063
6.8929,-9.4366,-12.791
13.655,-3.2813,-13.223
12.247,-9.4479,-13.05
3.3892,-12.274,-12.826
9.6966,-5.469,-13.072
9.686,-13.534,-13.344
12.757,-12.979,-3.5701
6.679,-6.7992,-3.0951
0.74846,-12.939,-3.1561
6.5821,-12.656,3.2909
12.332,-5.9132,3.2609
12.916,-0.43525,3.3229
13.25,-13.133,3.0909
6.8911,-6.3707,3.6139
5.7378,-12.076,-3.2251
12.037,-6.1939,-3.1061
3.2396,-13.445,-6.5321
9.6531,-7.3465,-6.5401
9.6559,-12.243,-6.5581
13.495,-9.6573,5.6709
6.8925,-9.4353,0.3859
13.655,-3.2799,-0.046097
5.8163,-9.7705,-6.5831
12.057,-3.5083,-6.3871
12.247,-9.4466,0.1269
3.3888,-12.273,0.3509
9.6962,-5.4677,0.1049
9.6856,-13.532,-0.1671
12.757,-12.978,9.6071
6.6785,-6.7979,10.082
0.74803,-12.938,10.021
5.7374,-12.075,9.9521
12.037,-6.1926,10.071
3.2392,-13.443,6.6451
9.6526,-7.3452,6.6371
9.6555,-12.241,6.6191
6.8921,-9.434,13.563
13.654,-3.2786,13.131
5.8159,-9.7692,6.5941
12.057,-3.507,6.7901
12.246,-9.4453,13.304
3.3884,-12.272,13.528
9.6958,-5.4664,13.282
9.6852,-13.531,13.01
-0.063913,-5.5175,-10.078
-6.0199,-0.053642,-9.8882
6.4846,0.16273,-10.028
-0.26968,6.6893,-9.9182
-5.7172,-6.238,-10.15
0.31368,12.167,-9.8562
0.64814,-0.53023,-10.088
-5.7109,6.2318,-9.5652
0.89351,2.9452,-7.5082
1.0038,-3.0426,-13.749
-5.7095,3.1672,-12.793
7.027,3.1856,-13.38
1.0526,9.3226,-13.225
5.3971,2.9699,-7.0812
-0.017951,-9.3917,-13.114
-6.6131,-3.1699,-13.375
5.7634,-3.0504,-13.68
-0.35524,3.1559,-13.052
-2.8124,-5.5535,-13.316
-9.2132,0.32961,-12.828
3.3896,0.64144,-13.676
-2.9058,7.1348,-13.074
3.3875,-6.7613,-12.426
-2.9164,-0.92975,-13.346
9.7444,-0.15405,-13.484
3.5473,6.1081,-14.08
0.15486,-0.37547,-3.572
-5.9234,5.8046,-3.097
6.5521,5.6003,-3.565
-11.854,-0.33517,-3.158
-0.064347,-5.5161,3.099
-6.0203,-0.052326,3.289
6.4842,0.16405,3.149
-0.27011,6.6906,3.259
-5.7177,-6.2367,3.027
0.31325,12.169,3.321
0.64771,-0.52892,3.089
-5.7113,6.2331,3.612
0.053033,-6.434,-3.484
-6.8646,0.5275,-3.227
6.2119,0.70074,-3.498
-0.56498,6.4099,-3.108
-3.0476,-7.4303,-6.663
-9.3628,-0.84075,-6.534
3.2824,-0.7665,-6.587
-2.9493,5.2573,-6.542
3.1212,-5.9864,-6.836
-2.9465,0.36133,-6.56
9.6103,0.61589,-6.628
3.3361,6.8632,-6.431
0.76368,-9.8146,-6.84
-5.589,-3.4903,-6.605
6.8794,-3.4387,-6.339
0.89308,2.9465,5.669
1.0034,-3.0413,-0.572
-5.7099,3.1685,0.384
7.0265,3.1869,-0.203
1.0522,9.3239,-0.048
-0.38891,-3.4252,-6.551
-6.7861,2.8334,-6.585
5.3966,2.9713,6.096
-0.54518,9.0955,-6.389
-0.018385,-9.3904,0.063
-6.6136,-3.1685,-0.198
5.7629,-3.049,-0.503
-0.35567,3.1572,0.125
-2.8129,-5.5522,-0.139
-9.2136,0.33093,0.349
3.3892,0.64276,-0.499
-2.9062,7.1361,0.103
3.387,-6.7599,0.751
-2.9168,-0.92843,-0.169
9.7439,-0.15274,-0.307
3.5468,6.1094,-0.903
0.15442,-0.37416,9.6052
-5.9239,5.806,10.08
6.5516,5.6016,9.6122
-11.854,-0.33385,10.019
0.0526,-6.4326,9.6932
-6.865,0.52882,9.9502
6.2115,0.70206,9.6792
-0.56541,6.4112,10.069
-3.0481,-7.429,6.5142
-9.3632,-0.83943,6.6432
3.282,-0.76519,6.5902
-2.9498,5.2587,6.6352
3.1207,-5.9851,6.3412
-2.9469,0.36265,6.6172
9.6099,0.61721,6.5492
3.3357,6.8645,6.7462
0.76324,-9.8133,6.3372
-5.5894,-3.489,6.5722
6.879,-3.4373,6.8382
1.003,-3.04,12.605
-5.7103,3.1699,13.561
7.0261,3.1882,12.974
1.0517,9.3252,13.129
-0.38934,-3.4239,6.6262
-6.7865,2.8347,6.5922
-0.54561,9.0968,6.7882
-0.018818,-9.3891,13.24
-6.614,-3.1672,12.979
5.7625,-3.0477,12.674
-0.35611,3.1585,13.302
-2.8133,-5.5509,13.038
-9.214,0.33224,13.526
3.3887,0.64408,12.678
-2.9066,7.1374,13.28
3.3866,-6.7586,13.928
-2.9172,-0.92712,13.008
9.7435,-0.15142,12.87
3.5464,6.1107,12.274
-12.666,7.0864,-10.08
-6.1178,12.767,-10.03
-11.954,12.074,-10.09
-11.599,9.5613,-13.751
-12.62,3.2122,-13.116
-6.839,9.5535,-13.682
-9.2128,13.245,-13.678
-9.2149,5.8426,-12.428
-2.858,12.45,-13.486
-12.448,12.228,-3.5739
-12.667,7.0877,3.0971
-6.1182,12.768,3.1471
-11.955,12.075,3.0871
-12.549,6.1699,-3.4859
-6.3905,13.305,-3.4999
-9.32,11.837,-6.5889
-9.4812,6.6175,-6.8379
-2.9921,13.22,-6.6299
-11.839,2.7892,-6.8419
-5.723,9.1652,-6.3409
-11.599,9.5626,-0.5739
-12.991,9.1786,-6.5529
-12.621,3.2135,0.061097
-6.8395,9.5548,-0.5049
-9.2132,13.247,-0.5009
-9.2154,5.8439,0.7491
-2.8585,12.451,-0.3089
-12.448,12.23,9.6033
-12.55,6.1712,9.6913
-6.3909,13.306,9.6773
-9.3204,11.839,6.5883
-9.4817,6.6188,6.3393
-2.9925,13.221,6.5473
-11.839,2.7905,6.3353
-5.7234,9.1665,6.8363
-11.599,9.5639,12.603
-12.992,9.1799,6.6243
-12.621,3.2148,13.238
-6.8399,9.5561,12.672
-9.2137,13.248,12.676
-9.2158,5.8452,13.926
-2.8589,12.452,12.868
13.423,-0.26648,-3.1566
13.422,-0.26517,10.021
12.61,7.1551,-10.079
6.6543,12.619,-9.8887
6.957,6.4345,-10.151
13.322,12.142,-10.089
13.678,9.63,-13.75
12.656,3.2808,-13.115
6.0611,9.5027,-13.376
9.8618,7.119,-13.317
3.461,13.002,-12.829
9.7578,11.743,-13.347
12.829,12.297,-3.5725
0.82027,12.337,-3.1585
12.61,7.1564,3.0985
6.6539,12.62,3.2885
6.9565,6.4359,3.0265
13.322,12.144,3.0885
12.727,6.2386,-3.4845
5.8096,13.2,-3.2275
9.6266,5.2423,-6.6635
3.3114,11.832,-6.5345
9.7277,13.034,-6.5605
13.438,2.8579,-6.8405
7.0852,9.1823,-6.6055
13.678,9.6313,-0.57246
12.285,9.2473,-6.5515
12.656,3.2822,0.062539
6.0606,9.504,-0.19846
9.8613,7.1203,-0.13946
3.4606,13.003,0.34854
9.7574,11.744,-0.16946
12.829,12.298,9.6048
0.81984,12.339,10.019
12.727,6.2399,9.6928
5.8092,13.201,9.9498
9.6261,5.2436,6.5138
3.311,11.833,6.6428
9.7273,13.035,6.6168
13.437,2.8592,6.3368
7.0848,9.1836,6.5718
13.677,9.6326,12.605
12.285,9.2486,6.6258
12.655,3.2835,13.24
6.0602,9.5053,12.979
9.8609,7.1216,13.038
3.4602,13.005,13.526
9.757,11.745,13.008
0,0,0
-5.9524,-0.029698,-0.331
0.44053,-6.2459,0.119
0.40376,6.3194,-0.124
0.12402,-0.40598,6.4092
6.5103,0.077075,-0.205
0.12445,-0.40729,-6.768
0.061518,5.9093,6.2
-5.9178,-6.2628,-0.266
-6.0144,-0.36567,6.4452
-6.0546,6.5326,-0.1449
6.5478,-6.0712,-0.143
-6.0139,-0.36699,-6.732
6.3809,-0.32244,-6.49
0.061952,5.908,-6.9772
6.3805,-0.32112,6.6872
6.7564,6.4097,-0.26646
0.033234,-6.7974,-6.454
0.032801,-6.7961,6.7232
-6.2576,5.9658,6.5182
-6.2572,5.9644,-6.659
6.4191,5.9553,-6.54
6.4187,5.9566,6.6372
6.3448,-6.6381,6.5201
-6.2551,-6.7173,-6.5395
-6.2555,-6.716,6.6377
6.3452,-6.6394,-6.6571
-12.198,-0.23759,-0.212
0.47662,12.435,-0.21246
0.40481,-12.841,-0.2101
13.079,-0.1689,-0.21056
-0.00043346,0.0013159,13.177
0.00043346,-0.0013159,-13.177
-12.162,6.358,0.1171
-0.047103,12.197,6.4882
-12.27,-6.3531,-0.12354
-0.046669,12.196,-6.689
-6.1639,-12.595,-0.20454
-6.0921,12.681,-0.2069
12.555,-0.40635,6.4901
-5.9529,-0.028383,12.846
12.556,-0.40767,-6.6871
6.65,-12.634,-0.3291
-12.721,-0.47504,6.4887
6.7218,12.643,-0.33146
-12.721,-0.47636,-6.6885
13.006,-6.2844,-0.1221
0.44096,-6.2472,-13.058
0.40332,6.3207,13.053
6.5099,0.078391,12.972
-0.11891,-13.079,6.4906
13.115,6.4267,0.11854
-0.11848,-13.08,-6.6866
0.44009,-6.2446,13.296
0.40419,6.3181,-13.301
-5.952,-0.031014,-13.508
6.5108,0.075759,-13.382
-6.2215,12.281,-6.4919
-12.569,5.8064,-6.4559
-6.2219,12.283,6.6853
-12.57,5.8077,6.7213
6.6598,12.307,6.4448
12.707,5.8751,-6.4545
-5.9182,-6.2615,12.911
6.6603,12.306,-6.7325
12.707,5.8764,6.7228
-12.613,-6.7632,6.2005
12.664,-6.6946,6.2019
-6.055,6.5339,13.032
6.5474,-6.0699,13.034
-6.2933,-12.995,-6.4895
-6.2937,-12.994,6.6877
6.588,-12.97,6.4471
6.756,6.411,12.911
-12.612,-6.7646,-6.9768
12.664,-6.6959,-6.9753
-5.9173,-6.2642,-13.443
-6.0542,6.5313,-13.322
6.5885,-12.971,-6.7301
6.5482,-6.0725,-13.32
6.7569,6.4084,-13.444
-12.198,-0.23627,12.965
12.602,-12.604,0.001903
-12.602,12.604,-0.001903
-12.674,-12.673,0.000461
12.674,12.673,-0.000461
0.47619,12.436,12.965
-12.197,-0.2389,-13.389
0.40438,-12.84,12.967
0.47705,12.434,-13.39
13.079,-0.16759,12.967
0.40524,-12.843,-13.387
-12.478,12.198,6.4073
-12.478,12.197,-6.7699
13.079,-0.17022,-13.388
12.798,12.267,6.4088
-12.161,6.3567,-13.06
12.799,12.265,-6.7685
-12.271,-6.3518,13.054
-6.1643,-12.594,12.973
-12.162,6.3593,13.294
-6.0925,12.682,12.97
-12.27,-6.3544,-13.301
6.6495,-12.632,12.848
-12.55,-13.079,6.4097
6.7214,12.644,12.846
12.726,-13.01,6.4111
-12.55,-13.08,-6.7675
-6.1634,-12.597,-13.382
-6.0916,12.68,-13.384
12.727,-13.011,-6.7661
13.006,-6.2831,13.055
13.115,6.4253,-13.059
13.007,-6.2857,-13.299
6.6504,-12.635,-13.506
6.7222,12.642,-13.509
13.114,6.428,13.296
12.603,-12.605,-13.175
-12.603,12.605,13.175
12.602,-12.603,13.179
-12.602,12.603,-13.179
-12.675,-12.671,13.178
12.675,12.671,-13.178
12.674,12.674,13.177
-12.674,-12.674,-13.177
