-8.6244,-8.7642,-3.6957
-9.2029,-8.4361,-10.18
-8.6244,-8.7642,8.1399
-9.2029,-8.4361,1.6559
2.6372,-9.6814,-9.2054
8.5974,-8.5578,-3.4604
8.4956,-8.2537,-8.9624
2.6372,-9.6814,2.6302
8.5974,-8.5578,8.3752
8.4956,-8.2537,2.8732
2.7499,-8.7349,-3.2437
-2.9607,-2.8164,-3.9737
8.3849,-2.8199,-3.4087
2.9076,2.6983,-3.4587
-8.86,1.8159,-9.4417
-3.0802,-2.5145,-9.1287
7.9097,-3.0066,-8.9717
2.3292,3.0264,-9.9427
-2.8023,-8.906,-3.1437
-8.9407,-2.9896,-3.5717
-2.8998,2.9394,-3.6967
-3.6656,-8.819,-9.3227
-8.7469,-3.2074,-9.9617
3.2612,-3.3517,-8.8777
-3.0017,3.2435,-9.1987
2.7499,-8.7349,8.592
-2.9607,-2.8164,7.862
8.3849,-2.8199,8.427
2.9076,2.6983,8.377
-8.86,1.8159,2.394
-3.0802,-2.5145,2.707
7.9097,-3.0066,2.864
2.3292,3.0264,1.893
-2.8023,-8.906,8.692
-8.9407,-2.9896,8.264
2.4077,-3.1997,-2.922
-2.8998,2.9394,8.139
-3.6656,-8.819,2.513
-8.7469,-3.2074,1.874
3.2612,-3.3517,2.958
-3.0017,3.2435,2.637
2.4077,-3.1997,8.9137
-8.7473,2.7623,-3.4799
-3.1123,8.6773,-3.6449
-3.5875,8.4906,-9.2079
-8.236,8.1455,-9.1139
-8.7473,2.7623,8.3558
-3.1123,8.6773,8.1908
-3.5875,8.4906,2.6278
-9.0895,8.2976,-3.1582
-8.236,8.1455,2.7218
-9.0895,8.2976,8.6774
8.5714,8.6461,-3.7366
8.4519,8.948,-8.8916
8.7298,2.5565,-2.9066
2.5914,8.4728,-3.3346
7.8664,2.6434,-9.0856
2.7852,8.255,-9.7246
8.5714,8.6461,8.0991
8.4519,8.948,2.9441
8.7298,2.5565,8.9291
2.5914,8.4728,8.5011
7.8664,2.6434,2.7501
2.7852,8.255,2.1111
9.3045,-3.4242,-8.4534
9.547,-8.9545,-8.1894
3.8032,-8.8802,-2.5958
9.3045,-3.4242,3.3822
8.7041,-9.5187,-2.3858
9.547,-8.9545,3.6462
3.8032,-8.8802,9.2399
8.7041,-9.5187,9.4499
-8.0037,-8.4817,-9.0197
-2.1927,8.073,-8.6897
-2.1263,-3.6211,-9.4467
3.0278,-8.7625,-8.2877
-7.5038,-2.5824,-3.4797
-2.4565,-8.7384,-8.4137
-8.218,-3.0759,-8.5607
2.5329,-2.0888,-8.5307
-1.9502,2.5428,-8.4257
-7.6078,-8.5341,-2.799
-2.7238,-3.0674,-2.61
-7.694,2.617,-2.832
-8.0037,-8.4817,2.816
-2.1927,8.073,3.146
-2.1263,-3.6211,2.389
3.0278,-8.7625,3.548
-1.7161,-8.7123,-2.776
-7.5038,-2.5824,8.356
3.8403,-2.7429,-2.934
-2.7931,1.9785,-2.622
-2.4565,-8.7384,3.422
-8.218,-3.0759,3.275
2.5329,-2.0888,3.305
-1.9502,2.5428,3.41
-7.6078,-8.5341,9.0367
-2.7238,-3.0674,9.2257
-7.694,2.617,9.0037
-1.7161,-8.7123,9.0597
3.8403,-2.7429,8.9017
-2.7931,1.9785,9.2137
-8.4694,2.7348,-8.5239
-8.9644,9.4084,-8.7669
-8.4694,2.7348,3.3118
-7.6569,8.7544,-3.1702
-8.9644,9.4084,3.0688
-7.6569,8.7544,8.6654
3.5283,2.9807,-8.7826
9.4058,7.8414,-9.2096
4.0283,8.8801,-3.2426
9.0756,2.7241,-8.1766
3.3141,8.3866,-8.3236
3.9243,2.9284,-2.5619
8.9815,-2.7624,-1.9759
8.8083,8.395,-2.3729
3.5283,2.9807,3.0531
9.4058,7.8414,2.6261
9.8159,2.7502,-2.5389
4.0283,8.8801,8.5931
9.0756,2.7241,3.6591
3.3141,8.3866,3.5121
3.9243,2.9284,9.2737
8.9815,-2.7624,9.8597
8.8083,8.395,9.4627
9.8159,2.7502,9.2967
-2.5157,8.7348,-2.2122
-2.5157,8.7348,9.6235
-11.289,-11.307,-9.3627
-6.5753,-11.307,-9.5387
-11.823,-6.075,-8.8587
-11.77,-8.6666,-12.172
-11.094,-8.803,-6.1217
-8.9582,-11.516,-12.834
-8.5276,-11.562,-5.8657
-11.289,-11.307,2.4729
-12.33,-11.781,-3.2671
-6.5753,-11.307,2.2969
-11.823,-6.075,2.9769
-11.77,-8.6666,-0.33606
-11.094,-8.803,5.7139
-8.9582,-11.516,-0.99806
-8.5276,-11.562,5.9699
-12.33,-11.781,8.5686
-11.77,-8.6666,11.5
-8.9582,-11.516,10.838
11.74,-11.342,-8.8894
5.4515,-12.235,-8.8384
11.207,-6.1098,-8.3854
5.9478,-11.472,-3.0354
5.9054,-8.7706,-12.049
5.9146,-8.8802,-6.4724
11.26,-8.7013,-11.698
11.935,-8.8378,-5.6484
8.2763,-11.738,-11.582
8.7671,-11.511,-6.3214
2.6478,-11.447,-12.498
8.6624,-6.0857,-11.765
3.0126,-11.504,-5.7674
8.9071,-5.8453,-5.7484
11.74,-11.342,2.9462
10.7,-11.815,-2.7938
5.4515,-12.235,2.9972
11.207,-6.1098,3.4502
5.9478,-11.472,8.8002
5.9054,-8.7706,-0.21376
5.9146,-8.8802,5.3632
11.26,-8.7013,0.13724
11.935,-8.8378,6.1872
8.2763,-11.738,0.25324
8.7671,-11.511,5.5142
2.6478,-11.447,-0.66276
8.6624,-6.0857,0.070238
3.0126,-11.504,6.0682
8.9071,-5.8453,6.0872
10.7,-11.815,9.0419
5.9054,-8.7706,11.622
11.26,-8.7013,11.973
8.2763,-11.738,12.089
2.6478,-11.447,11.173
8.6624,-6.0857,11.906
-0.22769,-11.257,-8.9207
-6.2374,-5.4907,-9.5267
5.2248,-6.3208,-9.3387
0.24324,0.15556,-9.1257
-5.3839,-5.8619,-3.3817
5.7983,-6.1617,-3.4617
0.78277,-6.0748,-8.7917
-6.0458,-0.73822,-9.0747
4.9568,0.15556,-9.3017
-0.29062,5.3874,-8.6217
-0.78135,-5.6788,-3.1757
-5.5494,0.025456,-3.2717
-5.4843,-11.216,-3.2147
-5.9538,-8.7059,-11.792
-11.841,-2.9161,-11.56
0.31466,-3.0483,-11.176
-5.5918,2.7266,-12.286
-5.5395,-8.6168,-6.0817
-11.037,-2.6524,-6.6387
0.38891,-2.9133,-6.0527
-5.5826,2.617,-6.7087
-0.42144,-8.7002,-11.554
-5.7332,-2.9189,-12.634
5.584,-3.0681,-12.219
-0.23759,2.7959,-11.935
0.33729,-8.4747,-5.7177
-5.8838,-2.9154,-6.1367
5.7247,-3.0886,-5.5897
0.4377,2.6594,-5.8847
-3.025,-11.861,-12.013
-8.4457,-6.2933,-12.434
3.1162,-6.5542,-12.242
-3.2209,-0.24112,-11.819
-2.9253,-11.387,-5.9787
-8.387,-6.0804,-6.2337
3.2081,-6.0267,-5.8767
-2.7301,-0.013435,-6.5577
-2.7259,-5.7438,-11.686
-8.8494,0.050205,-12.735
2.5739,-0.05374,-12.597
-2.8348,5.4115,-12.002
-2.4954,-5.8457,-6.7427
-8.4846,-0.006364,-6.0037
3.0045,-0.099702,-5.6287
-2.5901,5.6519,-5.9847
-0.22769,-11.257,2.915
-6.2374,-5.4907,2.309
5.2248,-6.3208,2.497
0.24324,0.15556,2.71
-0.49144,-11.729,-2.856
-5.3839,-5.8619,8.454
5.7983,-6.1617,8.374
-0.79762,-0.3182,-3.03
0.78277,-6.0748,3.044
-6.0458,-0.73822,2.761
4.9568,0.15556,2.534
-0.29062,5.3874,3.214
-0.78135,-5.6788,8.66
-5.5494,0.025456,8.564
-5.4843,-11.216,8.621
-12.036,-5.1647,-2.866
-5.9538,-8.7059,0.044
-11.841,-2.9161,0.276
0.31466,-3.0483,0.66
-5.5918,2.7266,-0.45
-5.5395,-8.6168,5.754
-11.037,-2.6524,5.197
0.38891,-2.9133,5.783
-5.5826,2.617,5.127
-0.42144,-8.7002,0.282
-5.7332,-2.9189,-0.798
5.584,-3.0681,-0.383
-0.23759,2.7959,-0.099
0.33729,-8.4747,6.118
-5.8838,-2.9154,5.699
5.7247,-3.0886,6.246
0.4377,2.6594,5.951
-3.025,-11.861,-0.177
-8.4457,-6.2933,-0.598
3.1162,-6.5542,-0.406
-3.2209,-0.24112,0.017
-2.9253,-11.387,5.857
-8.387,-6.0804,5.602
3.2081,-6.0267,5.959
-2.7301,-0.013435,5.278
-2.7259,-5.7438,0.15
-8.8494,0.050205,-0.899
2.5739,-0.05374,-0.761
-2.8348,5.4115,-0.166
-2.4954,-5.8457,5.093
-8.4846,-0.006364,5.832
3.0045,-0.099702,6.207
-2.5901,5.6519,5.851
-0.49144,-11.729,8.9797
-0.79762,-0.3182,8.8057
-12.036,-5.1647,8.9697
-5.9538,-8.7059,11.88
-11.841,-2.9161,12.112
0.31466,-3.0483,12.496
-5.5918,2.7266,11.386
-0.42144,-8.7002,12.118
-5.7332,-2.9189,11.038
5.584,-3.0681,11.453
-0.23759,2.7959,11.737
-3.025,-11.861,11.659
-8.4457,-6.2933,11.238
3.1162,-6.5542,11.43
-3.2209,-0.24112,11.853
-2.7259,-5.7438,11.986
-8.8494,0.050205,10.937
2.5739,-0.05374,11.075
-2.8348,5.4115,11.67
-11.725,0.24008,-9.1569
-6.2724,5.1764,-9.5749
-11.254,11.653,-9.3619
-5.6989,5.3355,-3.6979
-10.714,5.4225,-9.0279
-6.5404,11.653,-9.5379
-12.279,5.8184,-3.4119
-11.183,8.4489,-11.412
-11.108,8.5839,-6.2889
-11.919,2.797,-11.79
-5.9132,8.4291,-12.455
-11.16,3.0225,-5.9539
-5.7725,8.4086,-5.8259
-8.381,4.943,-12.478
-8.2891,5.4705,-6.1129
-8.9234,11.443,-12.833
-8.4927,11.398,-5.8649
-11.725,0.24008,2.6788
-6.2724,5.1764,2.2608
-11.254,11.653,2.4738
-11.989,-0.23156,-3.0922
-5.6989,5.3355,8.1378
-12.295,11.179,-3.2662
-10.714,5.4225,2.8078
-6.5404,11.653,2.2978
-12.279,5.8184,8.4238
-11.183,8.4489,0.42376
-11.108,8.5839,5.5468
-11.919,2.797,0.045762
-5.9132,8.4291,-0.61924
-11.16,3.0225,5.8818
-5.7725,8.4086,6.0098
-8.381,4.943,-0.64224
-8.2891,5.4705,5.7228
-8.9234,11.443,-0.99724
-8.4927,11.398,5.9708
-11.989,-0.23156,8.7434
-12.295,11.179,8.5694
-11.183,8.4489,12.259
-11.919,2.797,11.881
-5.9132,8.4291,11.216
-8.381,4.943,11.193
-8.9234,11.443,10.838
11.188,-2.9509,-11.086
11.992,-2.6871,-6.1654
10.993,-5.1995,-2.3927
11.188,-2.9509,0.7493
11.992,-2.6871,5.6703
10.993,-5.1995,9.443
11.188,-2.9509,12.585
11.304,0.20534,-8.6836
5.2947,5.9718,-9.2896
11.775,11.618,-8.8886
6.1482,5.6006,-3.1446
12.315,5.3877,-8.5546
5.4863,10.724,-8.8376
10.751,5.7837,-2.9386
5.9827,11.488,-3.0346
6.0477,0.24635,-2.9776
5.5782,2.7566,-11.555
-0.30914,8.5464,-11.323
11.847,8.4141,-10.939
5.9926,2.8457,-5.8446
0.49484,8.8101,-6.4016
11.921,8.5492,-5.8156
11.111,2.7622,-11.317
5.7988,8.5435,-12.397
11.869,2.9878,-5.4806
5.6482,8.5471,-5.8996
8.5071,-0.39853,-11.776
3.0864,5.1692,-12.197
8.3112,11.221,-11.582
8.6068,0.075938,-5.7416
3.1451,5.3821,-5.9966
8.8019,11.449,-6.3206
8.8062,5.7186,-11.449
2.6826,11.513,-12.498
9.0367,5.6168,-6.5056
3.0475,11.456,-5.7666
11.304,0.20534,3.1521
5.2947,5.9718,2.5461
11.775,11.618,2.9471
11.041,-0.2663,-2.6189
6.1482,5.6006,8.6911
10.734,11.144,-2.7929
12.315,5.3877,3.2811
5.4863,10.724,2.9981
10.751,5.7837,8.8971
5.9827,11.488,8.8011
6.0477,0.24635,8.8581
-0.5043,6.2978,-2.6289
5.5782,2.7566,0.28106
-0.30914,8.5464,0.51306
11.847,8.4141,0.89706
5.9926,2.8457,5.9911
0.49484,8.8101,5.4341
11.921,8.5492,6.0201
11.111,2.7622,0.51906
5.7988,8.5435,-0.56094
11.869,2.9878,6.3551
5.6482,8.5471,5.9361
8.5071,-0.39853,0.060058
3.0864,5.1692,-0.36094
8.3112,11.221,0.25406
8.6068,0.075938,6.0941
3.1451,5.3821,5.8391
8.8019,11.449,5.5151
8.8062,5.7186,0.38706
2.6826,11.513,-0.66194
9.0367,5.6168,5.3301
3.0475,11.456,6.0691
11.041,-0.2663,9.2167
10.734,11.144,9.0427
-0.5043,6.2978,9.2067
5.5782,2.7566,12.117
-0.30914,8.5464,12.349
11.847,8.4141,12.733
11.111,2.7622,12.355
5.7988,8.5435,11.275
8.5071,-0.39853,11.896
3.0864,5.1692,11.475
8.3112,11.221,12.09
8.8062,5.7186,12.223
2.6826,11.513,11.174
-0.19284,11.703,-8.9198
-5.4495,11.744,-3.2138
-2.9902,11.099,-12.012
-2.8905,11.573,-5.9778
-0.19284,11.703,2.9158
-0.45659,11.231,-2.8552
-5.4495,11.744,8.6218
-2.9902,11.099,-0.17618
-2.8905,11.573,5.8578
-0.45659,11.231,8.9805
-2.9902,11.099,11.659
0,0,0
-0.015556,5.6017,-0.221
5.6533,-0.18173,-0.238
0.28709,-0.03677,-5.8487
0.30476,-5.956,0.113
-5.9715,-0.16476,-0.086
0.28709,-0.03677,5.987
-5.5473,0.026163,5.488
-5.6837,5.4433,0
0.28638,5.519,5.753
5.808,5.6324,-0.21594
0.21708,-5.6986,-5.8567
-5.724,-5.8301,-0.453
0.28638,5.519,-6.0827
5.927,0.066468,5.729
0.21708,-5.6986,5.979
5.8135,-6.0539,0.23624
-5.5473,0.026163,-6.3477
5.927,0.066468,-6.1067
-5.5674,5.6212,5.6058
-5.5303,-5.8683,5.468
6.0018,5.5942,5.7051
-5.5674,5.6212,-6.2299
5.9298,-5.8761,5.842
6.0018,5.5942,-6.1306
-5.5303,-5.8683,-6.3677
5.9298,-5.8761,-5.9937
11.45,-0.035078,0.11606
-0.047176,11.462,-0.12018
-0.082024,-11.498,-0.121
-11.579,-0.00033588,-0.35724
0,0,-11.836
0,0,11.836
-11.192,5.5413,-0.12324
-11.169,-0.056904,5.7208
5.5606,11.298,0.15106
-11.169,-0.056904,-6.1149
-5.8439,11.315,-0.47424
0.36295,11.406,-5.8778
0.36295,11.406,5.9578
-0.015556,5.6017,11.615
5.6533,-0.18173,11.598
5.5257,-11.662,0.15024
11.482,-5.8955,0.015238
-11.548,-5.8608,-0.45806
0.3281,-11.554,-5.8787
0.3281,-11.554,5.957
-5.8788,-11.644,-0.47506
11.837,5.5065,0.35006
11.86,-0.091647,-5.6416
0.30476,-5.956,-11.723
-5.9715,-0.16476,11.75
-0.015556,5.6017,-12.057
5.6533,-0.18173,-12.074
-5.9715,-0.16476,-11.922
0.30476,-5.956,11.949
11.86,-0.091647,6.1941
-5.6051,-11.396,5.4919
-11.246,-5.9435,5.5159
-11.28,5.7986,5.7428
-5.5703,11.564,5.4928
-5.724,-5.8301,11.383
-11.28,5.7986,-6.0929
5.95,-11.471,5.7242
5.808,5.6324,11.62
5.9848,11.489,5.7251
-5.6051,-11.396,-6.3437
-11.246,-5.9435,-6.3197
-5.6837,5.4433,-11.836
-5.6837,5.4433,11.836
11.749,5.7639,-5.6196
5.95,-11.471,-6.1114
-5.5703,11.564,-6.3429
5.8135,-6.0539,-11.599
5.9848,11.489,-6.1106
11.784,-5.9783,-5.8464
11.749,5.7639,6.2161
11.784,-5.9783,5.9892
5.808,5.6324,-12.052
5.8135,-6.0539,12.072
-5.724,-5.8301,-12.289
11.497,-11.497,0.23624
-11.497,11.497,-0.23624
-11.532,-11.462,-0.23706
11.532,11.462,0.23706
-11.579,-0.00033588,11.478
11.45,-0.035078,-11.72
-0.047176,11.462,11.715
-0.082024,-11.498,11.715
11.45,-0.035078,11.952
-0.047176,11.462,-11.956
-0.082024,-11.498,-11.957
-11.579,-0.00033588,-12.193
-11.21,11.46,5.7508
-5.8439,11.315,11.361
-11.245,-11.499,5.7499
-11.192,5.5413,11.712
-11.21,11.46,-6.0849
5.5606,11.298,-11.685
-11.245,-11.499,-6.0857
-11.548,-5.8608,11.378
-11.192,5.5413,-11.959
-5.8788,-11.644,11.361
11.819,11.426,-5.6116
5.5606,11.298,11.987
11.837,5.5065,-11.486
5.5257,-11.662,-11.685
11.784,-11.534,-5.6124
11.482,-5.8955,-11.82
11.482,-5.8955,11.851
11.819,11.426,6.2241
5.5257,-11.662,11.986
11.784,-11.534,6.2232
-5.8439,11.315,-12.31
-11.548,-5.8608,-12.294
11.837,5.5065,12.186
-5.8788,-11.644,-12.311
-11.532,-11.462,11.599
11.532,11.462,-11.599
11.497,-11.497,-11.599
-11.497,11.497,11.599
11.497,-11.497,12.072
-11.497,11.497,-12.072
-11.532,-11.462,-12.073
11.532,11.462,12.073
