-9.4805,-9.762,-9.7518
-9.4809,-9.7607,3.4255
-4.2137,-9.3569,-3.8885
-10.079,-2.4464,-3.0095
-9.768,-9.0649,-3.0065
-4.2141,-9.3556,9.2887
-10.08,-2.445,10.168
-9.7684,-9.0636,10.171
9.925,-9.059,-10.053
3.6226,-8.8462,-9.7943
9.8161,-2.5621,-9.9903
9.9246,-9.0577,3.1239
3.6221,-8.8449,3.3829
9.8157,-2.5608,3.1869
9.8001,-10.065,-3.7301
9.1779,-3.5267,-3.1081
9.7997,-10.063,9.4471
9.1775,-3.5254,10.069
-3.05,-8.9307,-9.8312
-9.3334,-2.6982,-10.21
3.5699,-2.6586,-10.483
-2.6774,3.5448,-10.055
-8.9798,3.7577,-9.7962
-2.7608,-2.3666,-10.802
-2.7863,10.042,-9.9922
3.1937,2.9105,-9.7522
-3.0505,-8.9293,3.346
-9.3338,-2.6969,2.967
3.5695,-2.6573,2.694
-2.6778,3.5461,3.122
-8.9803,3.759,3.381
-2.7613,-2.3653,2.375
-2.7867,10.043,3.185
3.1933,2.9119,3.425
3.9358,-3.0985,-3.182
-2.8023,2.5392,-3.732
8.4605,3.3156,-3.889
2.5951,10.226,-3.01
3.054,-8.7702,-4.228
-3.5065,-3.3071,-3.572
-3.4245,9.0771,-3.11
2.9062,3.6077,-3.007
3.9353,-3.0972,9.9952
-2.8027,2.5405,9.4452
8.4601,3.3169,9.2882
2.5946,10.227,10.167
3.0536,-8.7689,8.9492
-3.507,-3.3058,9.6052
-3.425,9.0784,10.067
2.9058,3.609,10.17
-9.0325,9.9452,-10.485
-9.0329,9.9465,2.6921
-8.6666,9.5053,-3.1839
-9.5484,3.8336,-4.2299
-8.6671,9.5066,9.9933
-9.5488,3.8349,8.9473
9.6242,3.7419,-9.8317
3.3408,9.9743,-10.211
9.9134,10.306,-10.803
9.6238,3.7432,3.3455
3.3404,9.9756,2.9665
9.913,10.307,2.3745
9.1677,9.3654,-3.5725
9.1672,9.3667,9.6048
-4.3837,-8.789,-9.1418
-10.452,-2.838,-9.2238
-10.823,-9.3886,-10.352
-4.3841,-8.7877,4.0355
-10.452,-2.8367,3.9535
-10.823,-9.3873,2.8255
-8.4634,-9.1603,-2.2665
-8.4638,-9.159,10.911
8.5787,-9.1439,-9.3643
2.9537,-10.18,-9.6543
8.5783,-9.1426,3.8129
2.9532,-10.178,3.5229
9.5534,-9.3413,-2.4381
10.163,-2.4484,-2.7901
9.5529,-9.3399,10.739
10.162,-2.4471,10.387
2.4032,-2.7633,-9.5572
-4.0237,3.46,-9.3662
8.2906,3.8835,-9.1422
2.2222,9.8345,-9.2242
-3.0458,-3.4082,-9.7682
-9.6487,2.4241,-9.6562
1.8516,3.2839,-10.352
9.837,-2.1672,-8.5482
2.4027,-2.762,3.62
-4.0241,3.4613,3.811
8.2901,3.8848,4.035
2.2217,9.8359,3.953
-3.0462,-3.4068,3.409
-9.6492,2.4254,3.521
1.8512,3.2852,2.825
9.8366,-2.1659,4.629
-3.5617,-8.5411,-2.832
-9.0255,-2.472,-4.097
3.9308,-2.1418,-2.044
-3.049,3.2626,-2.44
-2.4119,-3.2789,-2.547
2.9317,-9.2079,-2.78
4.2108,3.5122,-2.267
-2.4395,10.155,-2.792
-3.5621,-8.5398,10.345
-9.0259,-2.4707,9.0802
3.9304,-2.1405,11.133
-3.0495,3.2639,10.737
-2.4124,-3.2775,10.63
2.9312,-9.2066,10.397
4.2104,3.5135,10.91
-2.44,10.157,10.385
-10.199,9.8406,-9.5591
-2.7654,10.437,-8.5501
-10.2,9.8419,3.6181
-2.7658,10.438,4.6271
-8.6716,10.462,-2.0459
-9.6707,3.3959,-2.7819
-8.672,10.463,11.131
-9.6712,3.3972,10.395
9.6284,9.2644,-9.7687
9.628,9.2657,3.4085
9.1125,4.1314,-2.8325
3.6487,10.2,-4.0975
10.262,9.3937,-2.5475
9.1121,4.1327,10.345
3.6483,10.202,9.0798
10.262,9.395,10.63
-0.13572,-12.723,-9.6779
-0.13615,-12.722,3.4994
-5.7243,-11.985,-10.383
-12.8,-5.315,-9.5068
-12.738,-0.11917,-9.6798
-12.681,-12.638,-10.155
-12.144,-9.197,-7.2108
-5.7533,-9.1023,-13.369
-12.582,-2.879,-13.21
-12.825,-9.3165,-13.283
-9.6141,-11.477,-13.169
-3.1575,-12.131,-14.111
-9.4918,-6.4725,-12.682
-11.687,-12.417,-3.2445
-7.0046,-6.0328,-3.1495
-5.7248,-11.984,2.7945
-12.801,-5.3137,3.6705
-12.739,-0.11785,3.4975
-12.681,-12.637,3.0225
-6.673,-12.259,-3.4015
-13.306,-6.7449,-3.3465
-9.599,-13.252,-6.5465
-3.3736,-11.54,-6.9255
-9.5573,-5.1701,-6.5605
-12.145,-9.1957,5.9665
-5.7538,-9.1009,-0.19154
-12.582,-2.8777,-0.032539
-7.3914,-9.0557,-6.6975
-13.193,-2.6889,-5.7185
-12.826,-9.3152,-0.10554
-9.6146,-11.475,0.008461
-3.158,-12.129,-0.93354
-9.4922,-6.4712,0.49546
-11.688,-12.415,9.9327
-7.0051,-6.0315,10.028
-6.6734,-12.258,9.7757
-13.306,-6.7435,9.8307
-9.5994,-13.25,6.6307
-3.3741,-11.539,6.2517
-9.5577,-5.1688,6.6167
-5.7542,-9.0996,12.986
-12.583,-2.8764,13.145
-7.3918,-9.0544,6.4797
-13.193,-2.6876,7.4587
-12.826,-9.3139,13.072
-9.615,-11.474,13.186
-3.1584,-12.128,12.244
-9.4927,-6.4699,13.673
6.1222,-12.128,-9.7953
12.476,-5.2463,-9.5053
12.538,-0.050482,-9.6783
12.596,-12.57,-10.153
6.7558,-5.9096,-9.9143
9.6061,-11.547,-7.2123
13.132,-9.1283,-7.2093
7.185,-9.3751,-12.597
12.695,-2.8103,-13.208
5.8111,-9.1326,-7.0753
12.452,-9.2478,-13.281
3.2733,-11.779,-13.115
9.4279,-5.5666,-13.002
9.4902,-12.806,-14.242
13.59,-12.348,-3.2431
6.5665,-7.1492,-3.0941
6.1218,-12.127,3.3819
12.476,-5.245,3.6719
12.538,-0.049166,3.4989
12.595,-12.568,3.0239
6.7553,-5.9083,3.2629
5.8955,-11.386,-3.1511
11.971,-6.6762,-3.3451
2.8061,-12.475,-6.7661
9.5321,-6.8438,-6.5651
9.6057,-11.546,5.9649
13.132,-9.127,5.9679
7.1846,-9.3738,0.5799
12.694,-2.809,-0.031097
5.8106,-9.1312,6.1019
12.084,-2.6202,-5.7171
12.451,-9.2465,-0.1041
3.2728,-11.778,0.061903
9.4275,-5.5653,0.1749
9.4897,-12.805,-1.0651
13.589,-12.347,9.9341
6.5661,-7.1479,10.083
5.8951,-11.384,10.026
11.971,-6.6749,9.8321
2.8057,-12.474,6.4111
9.5317,-6.8424,6.6121
7.1841,-9.3725,13.757
12.694,-2.8077,13.146
12.084,-2.6189,7.4601
12.451,-9.2452,13.073
3.2724,-11.777,13.239
9.4271,-5.564,13.352
9.4893,-12.803,12.112
-0.15089,-5.3541,-10.017
-6.4802,0.47598,-9.7972
6.9499,0.68741,-10.383
-0.12614,7.3575,-9.5072
-6.0312,-5.3032,-9.8372
-0.063913,12.553,-9.6802
-0.0066376,0.034039,-10.155
-5.8466,6.6943,-9.9162
-2.9963,1.0565,-7.2142
0.38086,-8.9886,-7.6362
0.53006,3.4755,-7.2112
0.97058,-3.0546,-13.434
-5.4174,3.2287,-12.599
6.9209,3.5703,-13.369
0.092357,9.7935,-13.21
-6.7913,3.4713,-7.0772
-0.29938,-9.4285,-12.396
-6.4668,-2.8693,-13.921
6.317,-2.8743,-12.951
-0.15089,3.356,-13.283
-3.0946,-5.6264,-13.224
-9.3291,0.82458,-13.117
3.0601,1.1958,-13.169
-3.1745,7.0372,-13.004
3.21,-6.5244,-13.226
-3.1123,-0.20213,-14.244
9.5167,0.54174,-14.111
3.1824,6.2,-12.682
0.98712,0.25597,-3.245
-6.0359,5.4546,-3.096
5.6696,6.6397,-3.15
0.17395,-11.273,-3.597
-0.15132,-5.3528,3.16
-6.4806,0.4773,3.38
6.9494,0.68872,2.794
-0.12657,7.3589,3.67
-6.0316,-5.3019,3.34
-0.064347,12.555,3.497
-0.0070711,0.035355,3.022
-5.8471,6.6956,3.261
-0.39598,-6.9466,-3.125
-6.7069,1.2183,-3.153
6.0012,0.41366,-3.402
-0.63145,5.9277,-3.347
-3.0992,-6.2812,-6.437
-9.7963,0.12869,-6.768
3.0752,-0.57912,-6.547
-3.0703,5.7601,-6.567
3.2944,-5.2093,-6.65
-2.9967,1.0578,5.963
9.3006,1.1321,-6.926
3.1169,7.5024,-6.561
0.38042,-8.9873,5.541
-5.9347,-2.7075,-6.339
6.8398,-2.6509,-6.723
0.52962,3.4768,5.966
0.97015,-3.0533,-0.257
-5.4179,3.2301,0.578
6.9205,3.5716,-0.192
0.091924,9.7948,-0.033
-0.72337,-2.5958,-6.789
-6.7918,3.4726,6.1
5.2828,3.6169,-6.698
-0.51831,9.9836,-5.719
-0.29981,-9.4271,0.781
-6.4672,-2.868,-0.744
6.3166,-2.873,0.226
-0.15132,3.3573,-0.106
-3.095,-5.625,-0.047
-9.3296,0.8259,0.06
3.0597,1.1971,0.008
-3.1749,7.0385,0.173
3.2096,-6.5231,-0.049
-3.1127,-0.20082,-1.067
9.5162,0.54306,-0.934
3.182,6.2013,0.495
0.98669,0.25729,9.9322
-6.0363,5.4559,10.081
5.6691,6.641,10.027
0.17351,-11.271,9.5802
-0.39641,-6.9453,10.052
-6.7073,1.2197,10.024
6.0008,0.41497,9.7752
-0.63188,5.929,9.8302
-3.0997,-6.2799,6.7402
-9.7967,0.13001,6.4092
3.0748,-0.5778,6.6302
-3.0707,5.7614,6.6102
3.294,-5.2079,6.5272
9.3001,1.1334,6.2512
3.1165,7.5037,6.6162
-5.9352,-2.7062,6.8382
6.8394,-2.6496,6.4542
0.96972,-3.052,12.92
-5.4183,3.2314,13.755
6.92,3.5729,12.985
0.09149,9.7962,13.144
-0.7238,-2.5945,6.3882
5.2824,3.6182,6.4792
-0.51874,9.985,7.4582
-0.30025,-9.4258,13.958
-6.4676,-2.8667,12.433
6.3162,-2.8717,13.403
-0.15175,3.3587,13.071
-3.0954,-5.6237,13.13
-9.33,0.82722,13.237
3.0592,1.1984,13.185
-3.1753,7.0399,13.35
3.2091,-6.5217,13.128
-3.1131,-0.1995,12.11
9.5158,0.54437,12.243
3.1815,6.2026,13.672
-12.753,7.2497,-10.019
-5.6525,13.291,-10.385
-12.609,12.638,-10.157
-12.222,3.6152,-7.6381
-11.632,9.5492,-13.436
-12.902,3.1754,-12.398
-6.2854,9.7296,-12.953
-9.5423,13.8,-13.171
-9.3924,6.0795,-13.228
-3.0857,13.146,-14.113
-11.615,12.86,-3.2469
-12.428,1.3312,-3.5989
-12.754,7.251,3.1581
-5.653,13.293,2.7921
-12.609,12.639,3.0201
-12.998,5.6572,-3.1269
-6.6012,13.018,-3.4039
-9.5272,12.025,-6.5489
-9.308,7.3946,-6.6519
-3.3018,13.736,-6.9279
-12.222,3.6165,5.5391
-5.7626,9.9529,-6.7249
-11.632,9.5506,-0.2589
-13.326,10.008,-6.7909
-12.902,3.1767,0.7791
-6.2858,9.7309,0.2241
-9.5428,13.801,0.006097
-9.3928,6.0808,-0.050903
-3.0862,13.147,-0.9359
-11.616,12.861,9.9303
-12.429,1.3325,9.5783
-12.999,5.6585,10.05
-6.6016,13.019,9.7733
-9.5276,12.026,6.6283
-9.3084,7.3959,6.5253
-3.3023,13.737,6.2493
-5.763,9.9542,6.4523
-11.633,9.5519,12.918
-13.326,10.009,6.3863
-12.903,3.178,13.956
-6.2863,9.7322,13.401
-9.5432,13.802,13.183
-9.3933,6.0821,13.126
-3.0866,13.148,12.241
12.523,7.3184,-10.018
6.194,13.149,-9.7977
6.643,7.3693,-9.8377
12.668,12.707,-10.156
9.6779,13.729,-7.2147
13.055,3.6839,-7.6367
13.645,9.6179,-13.435
12.375,3.2441,-12.397
6.2074,9.8032,-13.922
9.5796,7.0462,-13.225
3.3451,13.497,-13.118
9.562,12.47,-14.245
13.661,12.929,-3.2455
12.848,1.3998,-3.5975
12.523,7.3197,3.1595
6.1936,13.15,3.3795
6.6426,7.3706,3.3395
12.667,12.708,3.0215
12.278,5.7259,-3.1255
5.9673,13.891,-3.1535
9.575,6.3913,-6.4375
2.878,12.801,-6.7685
9.6775,13.73,5.9625
13.055,3.6852,5.5405
6.7395,9.965,-6.3395
13.644,9.6192,-0.25746
11.951,10.077,-6.7895
12.374,3.2454,0.78054
6.207,9.8045,-0.74446
9.5792,7.0475,-0.047461
3.3446,13.498,0.059539
9.5615,12.472,-1.0675
13.661,12.93,9.9318
12.848,1.4012,9.5798
12.278,5.7272,10.052
5.9669,13.892,10.024
9.5745,6.3926,6.7398
2.8775,12.803,6.4088
6.739,9.9663,6.8378
13.644,9.6206,12.92
11.95,10.078,6.3878
12.374,3.2467,13.958
6.2066,9.8058,12.433
9.5788,7.0488,13.13
3.3442,13.5,13.237
9.5611,12.473,12.11
0.24576,14.004,-3.5994
0.24532,14.005,9.5779
0,0,0
0.062225,0.13294,-6.063
6.1893,0.43911,-0.076
0.13294,-6.2056,-0.199
-6.2501,0.26092,-0.197
-0.22698,6.6164,-0.351
0.061792,0.13425,7.1142
0.12374,-5.956,6.071
-5.9545,0.4377,6.239
-6.2671,-5.9701,0.372
-6.1518,6.1377,-0.197
6.186,0.51255,6.4852
6.1865,0.51124,-6.692
6.4506,-6.4662,-0.1951
-5.9541,0.43638,-6.9382
-0.12842,6.5357,6.5542
0.12418,-5.9573,-7.1062
6.4071,6.7024,0.37154
-0.12799,6.5344,-6.623
6.4195,-6.0164,6.2219
-6.4757,-6.0922,-6.1775
6.1985,6.5803,-6.178
-6.1829,6.5874,6.22
6.4199,-6.0178,-6.9553
-6.4761,-6.0909,6.9997
-6.1825,6.5861,-6.9572
6.1981,6.5817,6.9992
-0.082053,-12.23,-0.37954
12.592,0.44265,-0.38
-12.684,0.37396,-0.38144
-0.010245,13.046,-0.3819
-0.00043346,0.0013159,13.177
0.00043346,-0.0013159,-13.177
12.375,-5.9874,-0.3491
-0.26237,-12.154,-6.4875
-6.4849,-12.233,-0.075539
-0.2628,-12.153,6.6897
6.3523,-12.343,-0.1951
12.412,0.51831,-6.488
-12.469,6.3983,-0.2009
12.411,0.51963,6.6892
-12.901,-6.0561,-0.35054
12.807,6.467,-0.19946
0.1325,-6.2043,12.978
-6.2506,0.26224,12.98
-12.865,0.44962,-6.4894
-0.22741,6.6177,12.826
6.4241,12.933,-0.19746
6.1889,0.44043,13.101
-12.865,0.45094,6.6878
-6.4131,13.043,-0.077903
6.1897,0.4378,-13.253
-0.19056,13.122,-6.4899
-0.19099,13.123,6.6873
0.13337,-6.2069,-13.376
-6.2497,0.25961,-13.374
-0.22655,6.6151,-13.528
6.6479,-12.166,6.2409
-6.4882,-12.16,6.4857
-6.4877,-12.161,-6.6915
12.474,-6.0682,6.5561
12.474,-6.0695,-6.6211
-12.479,6.6479,6.0691
-6.2667,-5.9714,-12.805
6.6483,-12.167,-6.9363
-6.1523,6.139,12.98
-12.803,-6.1368,6.5547
-12.802,-6.1382,-6.6225
12.798,6.7166,6.0705
6.4076,6.7011,-12.806
-12.478,6.6466,-7.1081
6.4501,-6.4648,12.982
-6.1514,6.1364,-13.374
-6.4164,13.116,6.4833
6.7197,13.11,6.2385
-6.4159,13.115,-6.6939
-6.2675,-5.9688,13.549
12.798,6.7153,-7.1067
6.451,-6.4675,-13.372
6.7201,13.109,-6.9387
6.4067,6.7037,13.549
-0.082487,-12.229,12.798
12.602,-12.604,0.001903
-12.602,12.604,-0.001903
-12.674,-12.673,0.000461
12.674,12.673,-0.000461
12.592,0.44396,12.797
-12.685,0.37528,12.796
-0.08162,-12.231,-13.557
-0.010679,13.048,12.795
12.593,0.44133,-13.557
-12.684,0.37265,-13.559
12.665,-12.471,-6.0611
-12.612,-12.54,-6.0625
12.375,-5.9861,12.828
-0.0098118,13.045,-13.559
-12.54,12.737,-6.0649
6.3519,-12.342,12.982
12.736,12.805,-6.0635
-6.4853,-12.232,13.102
-12.47,6.3996,12.976
12.664,-12.47,7.1161
-12.612,-12.538,7.1147
-6.4845,-12.235,-13.253
-12.902,-6.0548,12.827
-12.541,12.738,7.1123
6.3527,-12.344,-13.372
12.376,-5.9888,-13.526
12.807,6.4683,12.978
-12.469,6.397,-13.378
12.736,12.807,7.1138
6.4237,12.935,12.98
-6.4135,13.044,13.099
12.808,6.4656,-13.377
-12.901,-6.0575,-13.528
-6.4127,13.042,-13.255
6.4245,12.932,-13.375
12.603,-12.605,-13.175
-12.603,12.605,13.175
12.602,-12.603,13.179
-12.602,12.603,-13.179
-12.675,-12.671,13.178
12.675,12.671,-13.178
12.674,12.674,13.177
-12.674,-12.674,-13.177
