-9.8765,-9.4014,-10.087
-9.8769,-9.4,3.0905
-3.1481,-9.953,-3.6315
-9.4491,-3.6506,-3.6325
-9.9193,-9.5287,-3.5855
-3.1485,-9.9517,9.5457
-9.4495,-3.6492,9.5447
-9.9198,-9.5274,9.5917
9.5849,-9.7951,-10.135
9.5845,-9.7938,3.0419
9.4925,-9.9253,-3.6081
9.4921,-9.924,9.5691
-3.0507,-9.8294,-10.139
-9.3546,-3.5284,-10.139
3.2849,-3.4937,-10.14
-3.0175,2.8087,-10.137
2.7652,-9.3634,-10.086
-3.5294,-3.0702,-10.093
9.0988,-3.0299,-10.087
2.7977,3.2712,-10.087
-3.0512,-9.8281,3.038
-9.355,-3.527,3.038
3.2845,-3.4924,3.037
-3.0179,2.81,3.04
2.7648,-9.3621,3.091
-3.5299,-3.0688,3.084
9.0983,-3.0285,3.09
2.7973,3.2725,3.09
3.1912,-3.6183,-3.638
-3.1099,2.6785,-3.61
9.5261,2.7195,-3.632
3.2251,9.022,-3.633
2.7202,-9.4943,-3.587
-3.5815,-3.194,-3.585
9.0559,-3.1572,-3.584
2.7549,3.1438,-3.586
3.1907,-3.6169,9.5392
-3.1103,2.6798,9.5672
9.5257,2.7208,9.5452
3.2247,9.0233,9.5442
2.7198,-9.493,9.5902
-3.5819,-3.1927,9.5922
9.0555,-3.1559,9.5932
2.7545,3.1451,9.5912
-9.3175,9.1101,-10.142
-9.8372,3.2404,-10.088
-3.5036,9.574,-10.089
-9.3179,9.1114,3.0351
-9.8376,3.2418,3.0891
-3.5041,9.5753,3.0881
-9.4112,8.9856,-3.6399
-9.8822,3.1095,-3.5889
-3.5465,9.4466,-3.5859
-9.4117,8.9869,9.5373
-9.8826,3.1108,9.5883
-3.5469,9.4479,9.5913
9.6235,2.8431,-10.14
3.3196,9.1442,-10.14
9.1448,9.6024,-10.094
9.623,2.8445,3.0375
3.3192,9.1455,3.0375
9.1443,9.6037,3.0835
9.0927,9.4785,-3.5855
9.0923,9.4798,9.5918
-4.3342,-9.6573,-9.3798
-10.637,-3.357,-9.3788
-9.6679,-10.695,-9.3598
-4.3346,-9.656,3.7975
-10.638,-3.3557,3.7985
-9.6683,-10.693,3.8175
-8.6593,-9.7027,-2.7925
-8.6597,-9.7014,10.385
8.3029,-9.6247,-9.3763
2.9699,-10.661,-9.3603
9.3056,-4.3242,-9.3583
8.3025,-9.6234,3.8009
2.9695,-10.66,3.8169
9.3052,-4.3229,3.8189
9.3235,-8.6561,-2.8291
3.9799,-9.6694,-2.7921
10.316,-3.3351,-2.7911
9.3231,-8.6548,10.348
3.9795,-9.668,10.385
10.315,-3.3338,10.386
2.0051,-3.324,-9.3802
-4.2995,2.9791,-9.3782
8.3401,3.0152,-9.3802
2.0369,9.3155,-9.3792
-3.3279,-4.3606,-9.3592
-9.6325,1.9425,-9.3622
3.0063,1.9779,-9.3602
-3.2968,8.2796,-9.3602
2.0046,-3.3227,3.797
-4.2999,2.9805,3.799
8.3396,3.0165,3.797
2.0365,9.3168,3.798
-3.3284,-4.3593,3.818
-9.6329,1.9438,3.815
3.0059,1.9792,3.817
-3.2972,8.2809,3.817
-3.3185,-8.6755,-2.868
-9.6209,-2.3745,-2.869
3.0172,-2.337,-2.879
-3.2789,3.9478,-2.831
-2.3214,-3.3679,-2.793
-8.6225,2.9345,-2.794
4.015,2.9698,-2.793
-2.2868,9.2688,-2.793
-3.3189,-8.6742,10.309
-9.6213,-2.3731,10.308
3.0168,-2.3357,10.298
-3.2793,3.9491,10.346
-2.3219,-3.3666,10.384
-8.6229,2.9358,10.383
4.0145,2.9712,10.384
-2.2872,9.2701,10.384
-10.597,9.2798,-9.3821
-10.598,9.2812,3.7951
-9.5852,10.267,-2.8809
-9.5856,10.268,10.296
9.3463,8.3119,-9.3597
9.3459,8.3132,3.8175
9.3558,3.997,-2.8685
3.0533,10.298,-2.8695
10.353,9.3046,-2.7935
9.3553,3.9984,10.309
3.0529,10.299,10.308
10.352,9.3059,10.384
-0.16515,-13.229,-3.5376
-0.16558,-13.227,9.6396
-6.5941,-12.408,-10.122
-12.896,-6.1077,-10.121
-12.406,-12.938,-10.123
-5.6225,-9.4565,-13.378
-11.923,-3.1548,-13.377
-13.162,-9.5004,-13.544
-9.4388,-12.058,-13.307
-3.1427,-13.208,-13.447
-9.4437,-6.9067,-13.447
-12.801,-13.262,-3.5405
-6.4644,-6.9266,-3.5405
-12.768,-0.62485,-3.5395
-6.5945,-12.407,3.0555
-12.896,-6.1063,3.0565
-12.407,-12.937,3.0545
-6.8858,-12.747,-3.5425
-13.189,-6.4472,-3.5415
-9.8953,-13.627,-6.6905
-3.5532,-12.552,-6.9165
-9.8557,-6.2506,-6.9165
-12.498,-9.8788,-6.8755
-5.6229,-9.4552,-0.20054
-11.923,-3.1535,-0.19954
-7.2797,-9.8844,-6.7065
-13.584,-3.5848,-6.7055
-13.162,-9.499,-0.36654
-9.4392,-12.057,-0.12954
-3.1431,-13.206,-0.26954
-9.4441,-6.9054,-0.26954
-12.802,-13.261,9.6367
-6.4648,-6.9253,9.6367
-12.768,-0.62353,9.6377
-6.8863,-12.746,9.6347
-13.189,-6.4458,9.6357
-9.8957,-13.626,6.4867
-3.5537,-12.55,6.2607
-9.8561,-6.2493,6.2607
-12.499,-9.8774,6.3017
-5.6234,-9.4539,12.977
-11.924,-3.1521,12.978
-7.2801,-9.8831,6.4707
-13.584,-3.5835,6.4717
-13.163,-9.4977,12.811
-9.4396,-12.055,13.048
-3.1436,-13.205,12.908
-9.4446,-6.9041,12.908
6.0444,-12.377,-10.119
12.381,-6.039,-10.119
0.2313,-12.905,-10.12
12.87,-12.87,-10.121
6.5677,-6.5672,-10.12
7.0096,-9.4218,-13.373
13.354,-3.0861,-13.375
12.115,-9.4317,-13.542
3.1983,-12.025,-13.304
9.5361,-5.689,-13.303
9.4937,-13.172,-13.445
12.475,-13.194,-3.5391
6.1741,-6.8925,-3.5381
12.509,-0.55616,-3.5381
6.044,-12.375,3.0579
12.38,-6.0377,3.0579
0.23086,-12.904,3.0569
12.87,-12.868,3.0559
6.5672,-6.5659,3.0569
5.7527,-12.715,-3.5401
12.088,-6.3785,-3.5401
2.7432,-13.595,-6.6881
9.0789,-7.2574,-6.6901
9.0853,-12.515,-6.9131
12.778,-9.8101,-6.8741
7.0092,-9.4205,-0.1961
13.353,-3.0848,-0.1981
5.3588,-9.8532,-6.7041
11.693,-3.5161,-6.7041
12.114,-9.4304,-0.3651
3.1979,-12.024,-0.1271
9.5357,-5.6876,-0.1261
9.4933,-13.17,-0.2681
12.475,-13.192,9.6381
6.1737,-6.8912,9.6391
12.509,-0.55485,9.6391
5.7522,-12.714,9.6371
12.087,-6.3772,9.6371
2.7428,-13.593,6.4891
9.0785,-7.2561,6.4871
9.0848,-12.513,6.2641
12.778,-9.8088,6.3031
7.0088,-9.4191,12.981
13.353,-3.0835,12.979
5.3584,-9.8519,6.4731
11.693,-3.5148,6.4731
12.114,-9.429,12.812
3.1974,-12.023,13.05
9.5352,-5.6863,13.051
9.4928,-13.169,12.909
-0.25625,-6.0732,-10.122
-6.558,0.22708,-10.121
6.0801,0.26456,-10.122
-0.2216,6.5649,-10.121
-6.0687,-6.6022,-10.124
-12.371,-0.30113,-10.122
0.26772,-0.26577,-10.123
-6.0347,6.0367,-10.122
0.71815,-3.1218,-13.379
-5.5928,3.1821,-13.375
7.0517,3.216,-13.378
0.75138,9.5178,-13.377
-0.52283,-9.4652,-13.546
-6.8246,-3.1649,-13.545
5.8143,-3.1267,-13.545
-0.48747,3.1722,-13.544
-3.1009,-5.7232,-13.308
-9.4041,0.57851,-13.306
3.2354,0.61457,-13.307
-3.0663,6.9149,-13.305
3.1944,-6.8723,-13.447
-3.1087,-0.56771,-13.447
9.5315,-0.53518,-13.447
3.2305,5.7658,-13.447
-0.12728,-0.58973,-3.541
-6.4283,5.7113,-3.54
6.2098,5.7459,-3.541
-0.093338,12.048,-3.54
-0.25668,-6.0719,3.055
-6.5584,0.2284,3.056
6.0797,0.26587,3.055
-0.22203,6.5662,3.056
-6.0691,-6.6008,3.053
-12.372,-0.29981,3.055
0.26729,-0.26446,3.054
-6.0352,6.038,3.055
-0.5473,-6.412,-3.543
-6.8497,-0.11102,-3.542
5.7884,-0.074953,-3.543
-0.51477,6.2254,-3.542
-3.5575,-7.291,-6.692
-9.8592,-0.99066,-6.69
2.7789,-0.95459,-6.691
-3.5235,5.3464,-6.692
2.7853,-6.2176,-6.918
-3.5171,0.089095,-6.915
9.121,0.12092,-6.917
2.8185,6.4219,-6.917
0.14213,-9.845,-6.875
-6.1575,-3.5426,-6.877
6.4771,-3.5087,-6.876
0.17607,2.7938,-6.876
0.71771,-3.1205,-0.202
-5.5932,3.1834,-0.198
7.0513,3.2173,-0.201
0.75095,9.5191,-0.2
-0.94328,-3.5497,-6.708
-7.2436,2.7506,-6.706
5.3945,2.7881,-6.707
-0.90934,9.0877,-6.706
-0.52326,-9.4639,-0.369
-6.825,-3.1636,-0.368
5.8138,-3.1254,-0.368
-0.4879,3.1735,-0.367
-3.1014,-5.7219,-0.131
-9.4045,0.57983,-0.129
3.235,0.61589,-0.13
-3.0667,6.9162,-0.128
3.194,-6.871,-0.27
-3.1091,-0.56639,-0.27
9.5311,-0.53387,-0.27
3.2301,5.7672,-0.27
-0.12771,-0.58841,9.6362
-6.4287,5.7126,9.6372
6.2094,5.7473,9.6362
-0.093772,12.049,9.6372
-0.54773,-6.4107,9.6342
-6.8502,-0.1097,9.6352
5.7879,-0.073637,9.6342
-0.51521,6.2267,9.6352
-3.5579,-7.2897,6.4852
-9.8596,-0.98934,6.4872
2.7785,-0.95328,6.4862
-3.5239,5.3478,6.4852
2.7849,-6.2163,6.2592
-3.5176,0.090411,6.2622
9.1205,0.12223,6.2602
2.8181,6.4233,6.2602
0.1417,-9.8437,6.3022
-6.1579,-3.5413,6.3002
6.4767,-3.5073,6.3012
0.17564,2.7951,6.3012
0.71728,-3.1191,12.975
-5.5936,3.1847,12.979
7.0508,3.2187,12.976
0.75051,9.5204,12.977
-0.94371,-3.5484,6.4692
-7.244,2.752,6.4712
5.3941,2.7894,6.4702
-0.90977,9.0891,6.4712
-0.52369,-9.4626,12.808
-6.8254,-3.1623,12.809
5.8134,-3.1241,12.809
-0.48834,3.1748,12.81
-3.1018,-5.7206,13.046
-9.405,0.58114,13.048
3.2346,0.61721,13.047
-3.0672,6.9175,13.049
3.1936,-6.8696,12.907
-3.1096,-0.56508,12.907
9.5307,-0.53255,12.907
3.2296,5.7685,12.907
-12.859,6.5306,-10.124
-6.5223,12.868,-10.124
-12.335,12.338,-10.125
-11.884,9.4821,-13.381
-13.125,3.1386,-13.548
-6.7881,9.4771,-13.547
-9.367,13.218,-13.309
-9.408,5.7316,-13.449
-3.0709,12.069,-13.449
-12.73,12.014,-3.5429
-12.859,6.5319,3.0531
-6.5227,12.87,3.0531
-12.335,12.339,3.0521
-13.15,6.1918,-3.5449
-6.814,12.529,-3.5449
-9.8235,11.649,-6.6929
-9.8171,6.3863,-6.9199
-3.4814,12.725,-6.9189
-12.46,2.7588,-6.8769
-6.1253,9.0952,-6.8779
-11.885,9.4834,-0.2039
-13.546,9.0542,-6.7099
-13.126,3.1399,-0.3709
-6.7886,9.4784,-0.3699
-9.3674,13.22,-0.1319
-9.4084,5.7329,-0.2719
-3.0713,12.07,-0.2719
-12.73,12.015,9.6343
-13.15,6.1931,9.6323
-6.8145,12.53,9.6323
-9.8239,11.651,6.4843
-9.8175,6.3876,6.2573
-3.4819,12.726,6.2583
-12.461,2.7601,6.3003
-6.1257,9.0965,6.2993
-11.885,9.4847,12.973
-13.546,9.0555,6.4673
-13.126,3.1412,12.806
-6.789,9.4798,12.807
-9.3678,13.221,13.045
-9.4088,5.7342,12.905
-3.0717,12.071,12.905
12.906,-0.23244,-10.121
12.905,-0.23113,3.0564
12.418,6.5993,-10.123
6.1162,12.9,-10.122
6.6055,6.0704,-10.125
0.3031,12.371,-10.123
12.942,12.407,-10.124
13.392,9.5508,-13.38
12.151,3.2073,-13.547
5.8496,9.5076,-13.546
9.5733,6.9493,-13.309
3.2701,13.251,-13.307
9.5655,12.105,-13.448
12.547,12.083,-3.5415
12.418,6.6006,3.0545
6.1158,12.901,3.0555
6.6051,6.0717,3.0525
0.30267,12.373,3.0545
12.941,12.408,3.0535
12.127,6.2605,-3.5435
5.8245,12.562,-3.5425
9.1168,5.3816,-6.6925
2.815,11.682,-6.6905
9.1571,12.762,-6.9155
12.816,2.8275,-6.8755
6.5167,9.1299,-6.8775
13.392,9.5521,-0.20246
11.731,9.1229,-6.7085
12.151,3.2086,-0.36946
5.8492,9.5089,-0.36846
9.5728,6.9506,-0.13146
3.2697,13.252,-0.12946
9.5651,12.106,-0.27046
12.546,12.084,9.6358
12.126,6.2618,9.6338
5.824,12.563,9.6348
9.1163,5.3829,6.4848
2.8146,11.683,6.4868
9.1566,12.763,6.2618
12.816,2.8288,6.3018
6.5163,9.1312,6.2998
13.391,9.5534,12.975
11.73,9.1242,6.4688
12.151,3.2099,12.808
5.8488,9.5103,12.809
9.5724,6.9519,13.046
3.2693,13.254,13.048
9.5646,12.107,12.907
0,0,0
0.077782,6.2579,0.005
-6.2593,-0.079196,0.005
0.043841,-6.3795,0.004
6.3802,-0.043134,0.004
-0.35823,-0.29143,6.5852
-0.3578,-0.29274,-6.592
-0.27479,5.9651,6.5792
-0.27436,5.9637,-6.598
6.301,-6.2996,0.001
-6.3014,6.3042,-0.000903
6.0269,-0.33668,6.5782
6.0274,-0.338,-6.599
6.3371,6.3354,-0.000461
-6.3371,-6.3371,0
-6.6112,-0.37274,6.5782
-6.6107,-0.37406,-6.599
-0.30944,-6.6731,6.5772
-0.30901,-6.6744,-6.6
5.9782,6.045,6.5852
5.9786,6.0436,-6.592
5.9442,-6.5939,6.5852
5.9446,-6.5952,-6.592
-6.6582,6.01,6.5833
-6.6578,6.0087,-6.5939
-6.6961,-6.6276,6.5857
-6.6956,-6.6289,-6.5915
-12.637,-0.034273,-0.000903
-0.034648,-12.638,0.001
0.03716,12.638,-0.001364
12.64,0.034414,0.000539
0.00043346,-0.0013159,-13.177
-0.00043346,0.0013159,13.177
12.279,-0.25607,6.5852
12.28,-0.25739,-6.592
-0.32322,12.348,6.5833
-0.32279,12.346,-6.5939
-12.559,6.2243,0.002097
-6.2222,12.561,0.002097
6.4149,12.593,0.004539
-12.596,-6.4146,0.005461
12.68,-6.346,0.006903
6.3431,-12.683,0.006903
-6.294,-12.716,0.004461
12.718,6.293,0.003539
-0.39503,-12.929,6.5857
-0.39459,-12.93,-6.5915
-12.997,-0.32476,6.5838
-12.997,-0.32607,-6.5934
0.078215,6.2566,-13.172
-6.2589,-0.080512,-13.172
0.077348,6.2592,13.182
-6.2597,-0.07788,13.182
6.3807,-0.044449,-13.173
0.044274,-6.3808,-13.173
0.043407,-6.3782,13.181
6.3798,-0.041818,13.181
6.063,12.3,6.5778
6.0635,12.298,-6.5995
12.365,5.9995,6.5768
12.365,5.9982,-6.6005
-6.5755,12.267,6.5763
-6.575,12.266,-6.6009
12.328,-6.6388,6.5811
12.328,-6.6401,-6.5961
-12.912,5.9308,6.5753
-12.911,5.9295,-6.6019
5.9912,-12.977,6.5801
5.9917,-12.978,-6.5971
6.3015,-6.3009,-13.176
6.3006,-6.2983,13.178
-6.3018,6.3055,13.176
-6.3009,6.3029,-13.178
6.3367,6.3368,13.177
6.3376,6.3341,-13.178
-6.3375,-6.3358,13.177
-6.3367,-6.3384,-13.177
-12.949,-6.7075,6.5797
-12.949,-6.7088,-6.5975
-6.6473,-13.009,6.5787
-6.6468,-13.011,-6.5985
12.602,-12.604,0.001903
-12.602,12.604,-0.001903
-12.674,-12.673,0.000461
12.674,12.673,-0.000461
-12.637,-0.032957,13.176
-12.637,-0.035589,-13.178
-0.035082,-12.637,13.178
0.036726,12.64,13.176
0.037593,12.637,-13.179
-0.034215,-12.639,-13.176
12.64,0.033098,-13.177
12.639,0.03573,13.178
12.316,12.381,6.5848
12.316,12.38,-6.5925
12.244,-12.895,6.5871
12.245,-12.897,-6.5901
-12.961,12.312,6.5833
-12.96,12.311,-6.5939
-12.558,6.223,-13.175
-6.2217,12.559,-13.175
-12.559,6.2256,13.179
-6.2226,12.562,13.179
6.4153,12.592,-13.173
-12.596,-6.416,-13.172
6.4145,12.595,13.182
-12.597,-6.4133,13.183
12.681,-6.3473,-13.17
6.3435,-12.684,-13.17
12.68,-6.3446,13.184
-6.2936,-12.717,-13.173
6.3427,-12.682,13.184
12.718,6.2917,-13.174
-6.2944,-12.714,13.182
12.718,6.2943,13.181
-13.032,-12.964,6.5857
-13.032,-12.965,-6.5915
12.603,-12.605,-13.175
-12.603,12.605,13.175
12.602,-12.603,13.179
-12.602,12.603,-13.179
-12.675,-12.671,13.178
12.675,12.671,-13.178
12.674,12.674,13.177
-12.674,-12.674,-13.177
