-9.2742,-2.8664,-9.4483
-8.739,-8.3175,-9.1033
-9.2742,-2.8664,2.599
-8.739,-8.3175,2.944
-9.603,-9.1547,-2.7
-3.43,-8.9907,-3.052
-9.4574,-3.2603,-3.083
-9.603,-9.1547,9.3473
-3.43,-8.9907,8.9953
-9.4574,-3.2603,8.9643
8.7562,-8.8284,-9.6263
8.7562,-8.8284,2.421
8.5031,-9.165,-3.156
8.5031,-9.165,8.8913
2.6205,-2.7719,-9.5683
-3.2824,3.2103,-9.6263
-3.3573,-8.6762,-9.5183
2.7839,9.1917,-9.4483
-2.4643,-2.2634,-9.1143
3.4146,-8.4096,-9.1063
3.3192,3.7406,-9.1033
9.3982,-2.3228,-9.0293
2.6205,-2.7719,2.479
-3.2824,3.2103,2.421
-3.3573,-8.6762,2.529
2.7839,9.1917,2.599
-2.4643,-2.2634,2.933
3.4146,-8.4096,2.941
3.3192,3.7406,2.944
9.3982,-2.3228,3.018
2.658,-9.1648,-2.494
-3.2668,-3.2725,-2.704
8.532,-2.9882,-2.397
2.4551,2.9034,-2.7
8.6281,3.0674,-3.052
2.6007,8.7978,-3.083
2.5732,-3.0526,-3.086
-3.5355,2.8737,-3.156
2.658,-9.1648,9.5533
-3.2668,-3.2725,9.3433
8.532,-2.9882,9.6503
2.4551,2.9034,9.3473
8.6281,3.0674,8.9953
2.6007,8.7978,8.9643
2.5732,-3.0526,8.9613
-3.5355,2.8737,8.8913
-9.4181,9.2668,-9.5683
-8.624,3.629,-9.1063
-2.6405,9.7158,-9.0293
-9.4181,9.2668,2.479
-8.624,3.629,2.941
-2.6405,9.7158,3.018
-9.3806,2.8738,-2.494
-3.5067,9.0504,-2.397
-9.4655,8.9861,-3.086
-9.3806,2.8738,9.5533
-3.5067,9.0504,9.6503
-9.4655,8.9861,8.9613
8.7008,3.3819,-9.5183
9.5939,9.7947,-9.1143
8.7008,3.3819,2.529
9.5939,9.7947,2.933
8.7913,8.7856,-2.704
8.7913,8.7856,9.3433
-9.8187,-9.3421,-8.9873
-9.8187,-9.3421,3.06
-8.3189,-9.0204,-3.46
-8.3189,-9.0204,8.5873
9.597,-8.8248,-8.3863
9.597,-8.8248,3.661
3.8744,-9.0391,-3.361
9.761,-3.028,-3.25
9.9032,-9.6585,-3.009
3.8744,-9.0391,8.6863
9.761,-3.028,8.7973
9.9032,-9.6585,9.0383
-2.3568,-8.8961,-8.4203
-8.4231,-3.0264,-8.2273
3.7045,-2.675,-8.5403
-2.4416,3.2138,-8.3863
2.2514,-9.3437,-9.0793
-3.4344,-3.4019,-9.0863
8.235,-3.2555,-8.9663
2.2394,2.716,-8.9873
-2.3568,-8.8961,3.627
-8.4231,-3.0264,3.82
3.7045,-2.675,3.507
-2.4416,3.2138,3.661
2.2514,-9.3437,2.968
-3.4344,-3.4019,2.961
8.235,-3.2555,3.081
2.2394,2.716,3.06
-8.1643,2.9995,-3.361
-1.999,-3.218,-3.498
-2.2776,9.0107,-3.25
3.7392,3.0377,-3.46
-2.1348,-9.698,-2.811
-8.0745,-3.754,-2.823
3.9259,-3.6374,-2.837
-2.1355,2.3801,-3.009
-8.1643,2.9995,8.6863
-1.999,-3.218,8.5493
-2.2776,9.0107,8.7973
3.7392,3.0377,8.5873
-2.1348,-9.698,9.2363
-8.0745,-3.754,9.2243
3.9259,-3.6374,9.2103
-2.1355,2.3801,9.0383
-8.3341,9.3636,-8.5403
-9.7872,2.6949,-9.0793
-3.8037,8.7831,-8.9663
-8.3341,9.3636,3.507
-9.7872,2.6949,2.968
-3.8037,8.7831,3.081
-8.1128,8.4013,-2.837
-8.1128,8.4013,9.2103
9.7013,3.162,-8.4203
3.6351,9.0317,-8.2273
8.6237,8.6562,-9.0863
9.7013,3.162,3.627
3.6351,9.0317,3.82
8.6237,8.6562,2.961
10.059,8.8401,-3.498
9.9234,2.3602,-2.811
3.9837,8.3041,-2.823
10.059,8.8401,8.5493
9.9234,2.3602,9.2363
3.9837,8.3041,9.2243
-0.049894,-12.611,-2.94
-0.049894,-12.611,9.1073
-5.6312,-12.627,-8.7893
-11.785,-6.6544,-8.7163
-12.574,-11.457,-8.7433
-8.8627,-11.513,-6.5623
-5.948,-9.0437,-12.019
-12.011,-3.0001,-11.981
-5.3604,-9.0458,-6.5303
-11.44,-2.8756,-6.6213
-12.26,-9.1137,-12.243
-3.1203,-11.936,-12.413
-9.1604,-5.8964,-12.308
-9.2035,-11.564,-11.411
-6.262,-6.5674,-2.91
-12.089,-0.57259,-2.94
-12.064,-12.521,-2.87
-5.6312,-12.627,3.258
-11.785,-6.6544,3.331
-12.574,-11.457,3.304
-6.8425,-12.084,-2.831
-12.969,-6.1071,-2.758
-8.8627,-11.513,5.485
-2.9577,-12.299,-5.358
-9.0451,-6.3638,-5.597
-12.212,-8.9935,-5.503
-5.948,-9.0437,0.028
-12.011,-3.0001,0.066
-5.3604,-9.0458,5.517
-11.44,-2.8756,5.426
-12.26,-9.1137,-0.196
-3.1203,-11.936,-0.366
-9.1604,-5.8964,-0.261
-9.2035,-11.564,0.636
-6.262,-6.5674,9.1373
-12.089,-0.57259,9.1073
-12.064,-12.521,9.1773
-6.8425,-12.084,9.2163
-12.969,-6.1071,9.2893
-2.9577,-12.299,6.6893
-9.0451,-6.3638,6.4503
-12.212,-8.9935,6.5443
-5.948,-9.0437,12.075
-12.011,-3.0001,12.113
-12.26,-9.1137,11.851
-3.1203,-11.936,11.681
-9.1604,-5.8964,11.786
-9.2035,-11.564,12.683
6.3344,-12.806,-8.8113
12.312,-6.6349,-8.7163
11.522,-11.438,-8.7433
3.1666,-11.437,-6.6623
9.1954,-5.4717,-6.5323
5.966,-9.0546,-12
12.085,-2.9806,-11.981
6.5649,-8.9083,-6.6113
12.657,-2.8561,-6.6213
11.836,-9.0942,-12.243
8.9479,-12.011,-12.508
2.8908,-11.662,-11.414
8.9351,-5.5891,-11.367
12.008,-0.5531,-2.94
12.032,-12.502,-2.87
6.0219,-6.5154,-2.935
6.3344,-12.806,3.236
12.312,-6.6349,3.331
11.522,-11.438,3.304
5.2999,-11.978,-2.891
11.128,-6.0876,-2.758
3.1666,-11.437,5.385
9.1954,-5.4717,5.515
9.0942,-12.297,-5.415
11.884,-8.974,-5.503
5.966,-9.0546,0.047
12.085,-2.9806,0.066
6.5649,-8.9083,5.436
12.657,-2.8561,5.426
11.836,-9.0942,-0.196
8.9479,-12.011,-0.461
2.8908,-11.662,0.633
8.9351,-5.5891,0.68
12.008,-0.5531,9.1073
12.032,-12.502,9.1773
6.0219,-6.5154,9.1123
5.2999,-11.978,9.1563
11.128,-6.0876,9.2893
9.0942,-12.297,6.6323
11.884,-8.974,6.5443
5.966,-9.0546,12.094
12.085,-2.9806,12.113
11.836,-9.0942,11.851
8.9479,-12.011,11.586
2.8908,-11.662,12.68
8.9351,-5.5891,12.727
0.507,-6.5273,-8.7513
-5.7042,-0.76721,-8.8113
6.4269,-0.56922,-8.7893
0.27294,5.4037,-8.7163
-0.43699,-11.553,-8.9273
-6.4375,-5.5833,-8.8343
5.3846,-5.5826,-8.8463
-0.51619,0.60104,-8.7433
-2.8051,-5.5968,-6.5113
-8.8721,0.60175,-6.6623
3.1954,0.54518,-6.5623
-2.8433,6.5669,-6.5323
-0.028284,-3.0052,-11.966
-6.0726,2.984,-12
6.1101,3.0144,-12.019
0.046669,9.058,-11.981
0.57064,-2.9041,-6.5093
-5.4737,3.1304,-6.6113
6.6977,3.0123,-6.5303
0.61801,9.1825,-6.6213
-0.239,-9.0199,-12.081
-6.0302,-3.0632,-12.234
5.8407,-3.0519,-12.006
-0.20223,2.9444,-12.243
3.0201,-5.8867,-12.411
-3.0908,0.027577,-12.508
8.9378,0.12162,-12.413
2.8977,6.1617,-12.308
-3.0766,-5.6095,-11.62
-9.1478,0.37689,-11.414
2.8546,0.49427,-11.411
-3.1035,6.4495,-11.367
5.7962,5.4907,-2.91
-0.030406,11.486,-2.94
-0.006364,-0.46315,-2.87
-6.0168,5.5232,-2.935
0.507,-6.5273,3.296
-5.7042,-0.76721,3.236
6.4269,-0.56922,3.258
0.27294,5.4037,3.331
-0.43699,-11.553,3.12
-6.4375,-5.5833,3.213
5.3846,-5.5826,3.201
-0.51619,0.60104,3.304
-0.5968,-6.1108,-2.828
-6.7387,0.060811,-2.891
5.2156,-0.025456,-2.831
-0.91075,5.951,-2.758
-2.8051,-5.5968,5.536
-8.8721,0.60175,5.385
3.1954,0.54518,5.485
-2.8433,6.5669,5.515
3.1261,-6.2883,-5.487
-2.9444,-0.2588,-5.415
9.1005,-0.24042,-5.358
3.013,5.6943,-5.597
-0.31183,-8.9696,-5.642
-6.0458,-3.0363,-5.477
5.8287,-3.0003,-5.539
-0.15415,3.0646,-5.503
-0.028284,-3.0052,0.081
-6.0726,2.984,0.047
6.1101,3.0144,0.028
0.046669,9.058,0.066
0.57064,-2.9041,5.538
-5.4737,3.1304,5.436
6.6977,3.0123,5.517
0.61801,9.1825,5.426
-0.239,-9.0199,-0.034
-6.0302,-3.0632,-0.187
5.8407,-3.0519,0.041
-0.20223,2.9444,-0.196
3.0201,-5.8867,-0.364
-3.0908,0.027577,-0.461
8.9378,0.12162,-0.366
2.8977,6.1617,-0.261
-3.0766,-5.6095,0.427
-9.1478,0.37689,0.633
2.8546,0.49427,0.636
-3.1035,6.4495,0.68
5.7962,5.4907,9.1373
-0.030406,11.486,9.1073
-0.006364,-0.46315,9.1773
-6.0168,5.5232,9.1123
-0.5968,-6.1108,9.2193
-6.7387,0.060811,9.1563
5.2156,-0.025456,9.2163
-0.91075,5.951,9.2893
3.1261,-6.2883,6.5603
-2.9444,-0.2588,6.6323
9.1005,-0.24042,6.6893
3.013,5.6943,6.4503
-0.31183,-8.9696,6.4053
-6.0458,-3.0363,6.5703
5.8287,-3.0003,6.5083
-0.15415,3.0646,6.5443
-0.028284,-3.0052,12.128
-6.0726,2.984,12.094
6.1101,3.0144,12.075
0.046669,9.058,12.113
-0.239,-9.0199,12.013
-6.0302,-3.0632,11.86
5.8407,-3.0519,12.088
-0.20223,2.9444,11.851
3.0201,-5.8867,11.683
-3.0908,0.027577,11.586
8.9378,0.12162,11.681
2.8977,6.1617,11.786
-3.0766,-5.6095,12.474
-9.1478,0.37689,12.68
2.8546,0.49427,12.683
-3.1035,6.4495,12.727
-11.532,5.5113,-8.7513
-5.6117,11.469,-8.7893
-12.476,0.48592,-8.9273
-6.654,6.456,-8.8463
-12.555,12.64,-8.7433
-8.8432,12.584,-6.5623
-12.067,9.0334,-11.966
-11.468,9.1345,-6.5093
-12.278,3.0188,-12.081
-6.1979,8.9868,-12.006
-9.0186,6.152,-12.411
-3.1008,12.16,-12.413
-9.184,12.533,-11.411
-12.045,11.575,-2.87
-11.532,5.5113,3.296
-5.6117,11.469,3.258
-12.476,0.48592,3.12
-6.654,6.456,3.201
-12.555,12.64,3.304
-12.635,5.9278,-2.828
-6.823,12.013,-2.831
-8.8432,12.584,5.485
-8.9125,5.7503,-5.487
-2.9382,11.798,-5.358
-12.35,3.069,-5.642
-6.21,9.0384,-5.539
-12.067,9.0334,0.081
-11.468,9.1345,5.538
-12.278,3.0188,-0.034
-6.1979,8.9868,0.041
-9.0186,6.152,-0.364
-3.1008,12.16,-0.366
-9.184,12.533,0.636
-12.045,11.575,9.1773
-12.635,5.9278,9.2193
-6.823,12.013,9.2163
-8.9125,5.7503,6.5603
-2.9382,11.798,6.6893
-12.35,3.069,6.4053
-6.21,9.0384,6.5083
-12.067,9.0334,12.128
-12.278,3.0188,12.013
-6.1979,8.9868,12.088
-9.0186,6.152,11.683
-3.1008,12.16,11.681
-9.184,12.533,12.683
12.565,5.5308,-8.7513
6.3539,11.291,-8.8113
11.621,0.50541,-8.9273
5.6206,6.4748,-8.8343
11.542,12.659,-8.7433
9.253,6.4614,-6.5113
3.1861,12.66,-6.6623
12.03,9.0529,-11.966
12.629,9.154,-6.5093
11.819,3.0383,-12.081
6.0279,8.9949,-12.234
8.9674,12.086,-12.508
8.9815,6.4486,-11.62
2.9103,12.435,-11.414
12.052,11.595,-2.87
12.565,5.5308,3.296
6.3539,11.291,3.236
11.621,0.50541,3.12
5.6206,6.4748,3.213
11.542,12.659,3.304
11.461,5.9473,-2.828
5.3194,12.119,-2.891
9.253,6.4614,5.536
3.1861,12.66,5.385
9.1137,11.799,-5.415
11.746,3.0885,-5.642
6.0124,9.0218,-5.477
12.03,9.0529,0.081
12.629,9.154,5.538
11.819,3.0383,-0.034
6.0279,8.9949,-0.187
8.9674,12.086,-0.461
8.9815,6.4486,0.427
2.9103,12.435,0.633
12.052,11.595,9.1773
11.461,5.9473,9.2193
5.3194,12.119,9.1563
9.1137,11.799,6.6323
11.746,3.0885,6.4053
6.0124,9.0218,6.5703
12.03,9.0529,12.128
11.819,3.0383,12.013
6.0279,8.9949,11.86
8.9674,12.086,11.586
8.9815,6.4486,12.474
2.9103,12.435,12.68
-0.4175,12.544,-8.9273
-0.4175,12.544,3.12
0,0,0
0.14425,-5.9595,0.034
-5.9885,0.041719,-0.036
0.23476,0.060811,-6
0.23476,0.060811,6.0473
0.029698,6.0797,-0.009
6.1207,0.11879,-0.017
-5.7827,0.059397,6.0093
-5.7827,0.059397,-6.038
0.22345,-5.9553,-5.955
5.9885,-5.9828,0.227
6.0463,5.9812,0.074
0.22345,-5.9553,6.0923
-6.0118,-6.0769,0.074
6.2027,0.056569,-5.885
-6.0501,6.0558,0.227
0.082731,6.1568,-6.002
0.082731,6.1568,6.0453
6.2027,0.056569,6.1623
-5.7615,-6.0415,-5.969
-5.8698,6.0183,-5.935
-5.7615,-6.0415,6.0783
-5.8698,6.0183,6.1123
6.1688,-6.0203,-5.935
6.2966,6.0166,-5.969
6.1688,-6.0203,6.1123
6.2966,6.0166,6.0783
-12.029,-0.011882,0.142
0.029388,12.046,0.142
0,0,-12.047
0,0,12.047
0.0098995,-12.051,0.142
12.068,0.0076071,0.142
-11.794,0.028991,-5.935
-11.794,0.028991,6.1123
-5.9374,-11.939,-0.017
-11.894,6.0791,0.034
0.2448,-12.01,-5.935
0.14425,-5.9595,-12.013
-5.9885,0.041719,12.011
-12.028,-5.9784,-0.009
6.0501,-11.997,-0.036
12.068,-5.9589,-0.009
0.26429,12.087,-5.935
0.14425,-5.9595,12.081
0.2448,-12.01,6.1123
-5.9885,0.041719,-12.083
0.029698,6.0797,12.038
6.1207,0.11879,12.03
0.029698,6.0797,-12.056
-5.9179,12.157,-0.017
6.1207,0.11879,-12.064
6.0696,12.1,-0.036
0.26429,12.087,6.1123
12.202,6.0986,0.034
12.303,0.04848,-5.935
12.303,0.04848,6.1123
5.9885,-5.9828,-11.82
-11.815,6.0834,-5.955
-5.8554,-12.002,-5.885
-6.0501,6.0558,-11.82
-11.815,6.0834,6.0923
-11.975,-5.9013,-6.002
-11.975,-5.9013,6.0453
-5.8359,12.095,-5.885
6.0463,5.9812,-11.973
-5.8554,-12.002,6.1623
-6.0118,-6.0769,-11.973
12.121,-5.8819,-6.002
12.121,-5.8819,6.0453
-5.8359,12.095,6.1623
6.2559,-11.979,6.0093
6.2559,-11.979,-6.038
6.0463,5.9812,12.121
-6.0118,-6.0769,12.121
5.9885,-5.9828,12.274
6.2754,12.118,6.0093
6.2754,12.118,-6.038
12.282,6.1029,-5.955
-6.0501,6.0558,12.274
12.282,6.1029,6.0923
-12.029,-0.011882,-11.905
0.029388,12.046,-11.905
0.0098995,-12.051,-11.905
12.068,0.0076071,-11.905
12.039,-12.039,0
-12.039,12.039,0
-12.058,-12.058,0
12.058,12.058,0
-12.029,-0.011882,12.189
0.029388,12.046,12.189
0.0098995,-12.051,12.189
12.068,0.0076071,12.189
-11.823,-11.997,-6
-11.823,-11.997,6.0473
-11.804,12.099,-6
-11.804,12.099,6.0473
-5.9374,-11.939,12.03
-11.894,6.0791,-12.013
-5.9374,-11.939,-12.064
-11.894,6.0791,12.081
6.0501,-11.997,12.011
-12.028,-5.9784,12.038
-12.028,-5.9784,-12.056
12.068,-5.9589,12.038
12.068,-5.9589,-12.056
6.0501,-11.997,-12.083
6.0696,12.1,12.011
-5.9179,12.157,12.03
-5.9179,12.157,-12.064
6.0696,12.1,-12.083
12.273,-11.978,-6
12.202,6.0986,-12.013
12.273,-11.978,6.0473
12.202,6.0986,12.081
12.293,12.119,-6
12.293,12.119,6.0473
12.039,-12.039,-12.047
12.039,-12.039,12.047
-12.039,12.039,-12.047
-12.039,12.039,12.047
-12.058,-12.058,-12.047
-12.058,-12.058,12.047
12.058,12.058,-12.047
12.058,12.058,12.047
