-3.2469,-9.0619,-9.7467
-9.3591,-2.5041,-9.3697
-8.9137,-9.0675,-9.1527
-3.2469,-9.0619,2.0889
-9.3591,-2.5041,2.4659
-3.254,-8.3378,-2.9311
-9.2516,-3.2098,-3.1301
-8.9137,-9.0675,2.6829
-9.3004,-8.6369,-3.4721
-3.254,-8.3378,8.9046
-9.2516,-3.2098,8.7056
-9.3004,-8.6369,8.3636
8.5238,-8.777,-9.3514
8.5238,-8.777,2.4842
8.0147,-8.4178,-2.7548
2.1231,-8.6384,-8.4898
8.2007,-2.6754,-8.4378
2.3861,-8.8845,-3.2738
8.1526,-3.4122,-3.1528
8.0147,-8.4178,9.0809
2.1231,-8.6384,3.3459
8.2007,-2.6754,3.3979
2.3861,-8.8845,8.5619
8.1526,-3.4122,8.6829
2.7987,-3.1876,-9.6687
-2.9734,2.7202,-9.5877
8.2852,2.4006,-9.5097
2.1729,8.9583,-9.1327
-2.6849,-2.4119,-9.0447
2.6184,2.395,-8.9157
2.7987,-3.1876,2.167
-2.9734,2.7202,2.248
8.2852,2.4006,2.326
2.1729,8.9583,2.703
2.431,-3.3588,-3.208
-3.4825,3.0795,-2.991
8.2781,3.1247,-2.694
2.2804,8.2526,-2.893
-2.6849,-2.4119,2.791
-9.3741,2.8588,-8.726
2.6184,2.395,2.92
-3.2965,8.8219,-8.674
-3.252,-3.2251,-3.014
-9.1111,2.6128,-3.51
2.2316,2.8256,-3.235
-3.3446,8.0851,-3.389
2.431,-3.3588,8.6277
-3.4825,3.0795,8.8447
8.2781,3.1247,9.1417
2.2804,8.2526,8.9427
-9.3741,2.8588,3.1097
-3.2965,8.8219,3.1617
-3.252,-3.2251,8.8217
-9.1111,2.6128,8.3257
2.2316,2.8256,8.6007
-3.3446,8.0851,8.4467
-8.6985,8.3096,-9.9049
-8.6985,8.3096,1.9308
-9.0662,8.1385,-3.4442
-9.0662,8.1385,8.3914
8.8472,9.0505,-8.8076
8.8472,9.0505,3.0281
8.2801,8.2374,-2.7769
8.2801,8.2374,9.0587
-2.8944,-8.9816,-8.2118
-2.8944,-8.9816,3.6238
-8.1931,-7.7615,-9.1207
-8.1931,-7.7615,2.7149
-8.3925,-8.7472,-2.2811
-8.3925,-8.7472,9.5546
3.3301,-7.4441,-8.6944
8.8159,-4.1108,-8.7384
8.6377,2.4809,-7.9748
9.2408,-8.9877,-8.3088
3.1753,-2.8203,-8.2058
-1.93,-9.1008,-2.4398
8.801,-9.6962,-2.6708
3.5889,-2.4844,-2.9378
3.3301,-7.4441,3.1412
8.8159,-4.1108,3.0972
3.4984,-8.7635,-2.2858
8.842,-2.7722,-1.9888
8.6377,2.4809,3.8609
9.2408,-8.9877,3.5269
3.1753,-2.8203,3.6299
-1.93,-9.1008,9.3959
8.801,-9.6962,9.1649
3.5889,-2.4844,8.8979
3.4984,-8.7635,9.5499
8.842,-2.7722,9.8469
-8.1671,4.0531,-8.9307
3.339,3.701,-8.8837
-2.6813,7.3864,-8.9747
-8.4726,-2.6276,-8.223
-2.2564,2.5095,-8.545
-8.3219,8.6769,-8.442
-8.4252,-1.9863,-2.768
-2.6962,1.801,-2.907
-7.9083,9.0128,-3.174
-3.3291,-3.8679,-8.779
-8.1671,4.0531,2.905
3.339,3.701,2.952
-2.6813,7.3864,2.861
-1.825,-3.1332,-2.607
-7.9988,2.7337,-2.522
3.1396,2.7153,-2.044
-2.6552,8.725,-2.225
-8.4726,-2.6276,3.6127
-2.2564,2.5095,3.2907
-8.3219,8.6769,3.3937
-8.4252,-1.9863,9.0677
-2.6962,1.801,8.9287
-7.9083,9.0128,8.6617
-3.3291,-3.8679,3.0567
-1.825,-3.1332,9.2287
-7.9988,2.7337,9.3137
3.1396,2.7153,9.7917
-2.6552,8.725,9.6107
9.602,2.3616,-2.2027
9.602,2.3616,9.633
3.0595,8.8349,-7.9859
3.1069,9.4762,-2.5309
8.203,7.5946,-8.5419
9.707,8.3293,-2.3699
3.0595,8.8349,3.8497
3.1069,9.4762,9.3047
8.203,7.5946,3.2937
9.707,8.3293,9.4657
-2.9227,-11.417,-12.444
-0.024242,-12.128,-2.7378
-0.66134,-11.109,-8.6708
-3.3095,-11.49,-5.6068
-2.9227,-11.417,-0.60882
-0.024242,-12.128,9.0978
-0.66134,-11.109,3.1648
-3.3095,-11.49,6.2288
-2.9227,-11.417,11.227
-6.0414,-11.933,-9.3587
-11.637,-11.436,-9.3647
-11.919,-8.8045,-12.726
-5.97,-8.4969,-11.814
-11.96,-3.1236,-11.722
-8.645,-11.409,-12.178
-8.7793,-6.1924,-12.118
-6.356,-10.863,-3.4171
-11.874,-5.5546,-2.9551
-6.0414,-11.933,2.4769
-11.896,-6.3621,-9.0701
-11.874,-11.957,-3.5331
-6.3228,-6.3975,-3.3791
-11.521,-0.63031,-2.9741
-11.637,-11.436,2.4709
-12.159,0.38863,-8.9071
-11.598,-8.7903,-6.1061
-11.919,-8.8045,-0.89006
-5.8095,-8.4537,-6.8761
-12.045,-3.0762,-6.4591
-5.97,-8.4969,0.021942
-11.96,-3.1236,0.11394
-9.0303,-12.061,-6.3321
-8.645,-11.409,-0.34206
-8.7942,-5.6656,-6.6161
-8.7793,-6.1924,-0.28206
-6.356,-10.863,8.4186
-11.874,-5.5546,8.8806
-11.896,-6.3621,2.7656
-11.874,-11.957,8.3026
-6.3228,-6.3975,8.4566
-11.521,-0.63031,8.8616
-12.159,0.38863,2.9286
-11.598,-8.7903,5.7296
-11.919,-8.8045,10.946
-5.8095,-8.4537,4.9596
-12.045,-3.0762,5.3766
-5.97,-8.4969,11.858
-11.96,-3.1236,11.95
-9.0303,-12.061,5.5036
-8.645,-11.409,11.494
-8.7942,-5.6656,5.2196
-8.7793,-6.1924,11.554
-0.37298,-6.4803,-8.6564
5.5229,-11.522,-8.8204
11.392,-11.471,-8.8914
5.8163,-5.1587,-8.8984
-0.28176,-8.8343,-11.68
11.11,-8.8392,-12.252
5.6487,-2.7736,-12.33
5.5497,-8.5535,-11.474
11.069,-3.1583,-11.248
2.7906,-11.286,-11.973
8.4022,-5.7223,-11.563
8.4899,-11.778,-11.964
2.7835,-6.1267,-11.725
8.6094,0.045591,-12.207
5.4352,-11.127,-2.9128
11.156,-5.5893,-2.4818
-0.37298,-6.4803,3.1792
5.5229,-11.522,3.0152
11.133,-6.3969,-8.5968
11.155,-11.992,-3.0598
5.1318,-5.8333,-2.8738
11.508,-0.66505,-2.5008
11.392,-11.471,2.9442
5.8163,-5.1587,2.9372
10.871,0.35389,-8.4338
-0.41541,-8.7303,-5.4878
11.431,-8.8251,-5.6328
5.4797,-2.9144,-5.5488
-0.28176,-8.8343,0.15524
11.11,-8.8392,-0.41676
5.6487,-2.7736,-0.49476
5.1516,-8.6334,-5.9198
10.984,-3.1109,-5.9858
5.5497,-8.5535,0.36124
11.069,-3.1583,0.58724
2.425,-11.787,-5.8478
8.4397,-5.9832,-5.9358
2.7906,-11.286,-0.13776
8.4022,-5.7223,0.27224
8.3414,-11.12,-6.0158
2.7277,-5.6466,-6.1978
8.2226,-0.027241,-5.3698
8.4899,-11.778,-0.12876
2.7835,-6.1267,0.11024
8.6094,0.045591,-0.37176
5.4352,-11.127,8.9229
11.156,-5.5893,9.3539
11.133,-6.3969,3.2389
11.155,-11.992,8.7759
5.1318,-5.8333,8.9619
11.508,-0.66505,9.3349
10.871,0.35389,3.4019
-0.41541,-8.7303,6.3479
11.431,-8.8251,6.2029
5.4797,-2.9144,6.2869
-0.28176,-8.8343,11.991
11.11,-8.8392,11.419
5.6487,-2.7736,11.341
5.1516,-8.6334,5.9159
10.984,-3.1109,5.8499
5.5497,-8.5535,12.197
11.069,-3.1583,12.423
2.425,-11.787,5.9879
8.4397,-5.9832,5.8999
2.7906,-11.286,11.698
8.4022,-5.7223,12.108
8.3414,-11.12,5.8199
2.7277,-5.6466,5.6379
8.2226,-0.027241,6.4659
8.4899,-11.778,11.707
2.7835,-6.1267,11.946
8.6094,0.045591,11.464
-11.87,5.0169,-8.8927
-5.9743,-0.024749,-9.0567
5.4907,-0.47023,-9.1217
-0.10536,0.026163,-9.1277
-5.6809,6.3385,-9.1347
-6.0154,-5.2234,-9.3127
-6.3215,-2.8214,-12.4
-11.779,2.663,-11.917
-0.38679,2.658,-12.489
-5.8485,8.7236,-12.567
-0.019799,-2.9444,-11.671
-5.9475,2.9437,-11.711
5.5621,2.9656,-11.577
-0.4278,8.3389,-11.485
-2.8892,-5.6781,-11.956
-8.7066,0.21142,-12.21
2.8871,0.053033,-11.941
-3.095,5.7749,-11.8
-3.0073,-0.28072,-12.201
-8.7137,5.3705,-11.962
2.7528,5.2701,-11.881
-2.8878,11.543,-12.444
-0.079196,-5.7912,-2.815
-6.062,0.36982,-3.149
5.176,0.59963,-3.18
-0.34153,5.9079,-2.718
-11.87,5.0169,2.943
-5.9743,-0.024749,2.779
5.4907,-0.47023,2.714
-0.36416,5.1004,-8.833
-0.34224,-0.49497,-3.296
-6.3654,5.6639,-3.11
5.2093,5.065,-3.142
0.010607,10.832,-2.737
-0.10536,0.026163,2.708
-5.6809,6.3385,2.701
-6.0154,-5.2234,2.523
-0.6265,11.851,-8.67
-6.2593,-2.7238,-5.508
-11.913,2.7669,-5.724
-0.065761,2.6722,-5.869
-6.0175,8.5829,-5.785
-6.3215,-2.8214,-0.564
-11.779,2.663,-0.081
-0.38679,2.658,-0.653
-5.8485,8.7236,-0.731
-0.46033,-3.235,-6.524
-6.3456,2.8638,-6.156
5.7226,3.0087,-6.639
-0.51336,8.3863,-6.222
-0.019799,-2.9444,0.165
-5.9475,2.9437,0.125
5.5621,2.9656,0.259
-0.4278,8.3389,0.351
-3.0688,-5.7898,-5.965
-9.0722,-0.28991,-6.084
2.5017,-0.59821,-6.095
-3.0575,5.514,-6.172
-2.8892,-5.6781,-0.12
-8.7066,0.21142,-0.374
2.8871,0.053033,-0.105
-3.095,5.7749,0.036
-3.1558,0.37689,-6.252
-8.7695,5.8506,-6.434
2.7379,5.7969,-6.379
-3.2746,11.47,-5.606
-3.0073,-0.28072,-0.365
-8.7137,5.3705,-0.126
2.7528,5.2701,-0.045
-2.8878,11.543,-0.608
-0.079196,-5.7912,9.0207
-6.062,0.36982,8.6867
5.176,0.59963,8.6557
-0.34153,5.9079,9.1177
-0.36416,5.1004,3.0027
-0.34224,-0.49497,8.5397
-6.3654,5.6639,8.7257
5.2093,5.065,8.6937
0.010607,10.832,9.0987
-0.6265,11.851,3.1657
-6.2593,-2.7238,6.3277
-11.913,2.7669,6.1117
-0.065761,2.6722,5.9667
-6.0175,8.5829,6.0507
-6.3215,-2.8214,11.272
-11.779,2.663,11.755
-0.38679,2.658,11.183
-5.8485,8.7236,11.105
-0.46033,-3.235,5.3117
-6.3456,2.8638,5.6797
5.7226,3.0087,5.1967
-0.51336,8.3863,5.6137
-0.019799,-2.9444,12.001
-5.9475,2.9437,11.961
5.5621,2.9656,12.095
-0.4278,8.3389,12.187
-3.0688,-5.7898,5.8707
-9.0722,-0.28991,5.7517
2.5017,-0.59821,5.7407
-3.0575,5.514,5.6637
-2.8892,-5.6781,11.716
-8.7066,0.21142,11.462
2.8871,0.053033,11.731
-3.095,5.7749,11.872
-3.1558,0.37689,5.5837
-8.7695,5.8506,5.4017
2.7379,5.7969,5.4567
-3.2746,11.47,6.2297
-3.0073,-0.28072,11.471
-8.7137,5.3705,11.71
2.7528,5.2701,11.791
-2.8878,11.543,11.228
-6.0065,11.027,-9.3579
-11.603,11.523,-9.3639
-11.517,8.5528,-11.907
-8.6101,11.55,-12.177
-11.576,5.706,-3.0512
-6.3212,12.097,-3.4162
-6.0065,11.027,2.4778
-11.839,11.002,-3.5322
-11.603,11.523,2.4718
-11.958,8.2622,-6.7602
-11.517,8.5528,-0.071238
-8.9955,10.899,-6.3312
-8.6101,11.55,-0.34124
-11.576,5.706,8.7844
-6.3212,12.097,8.4194
-11.839,11.002,8.3034
-11.958,8.2622,5.0754
-11.517,8.5528,11.764
-8.9955,10.899,5.5044
-8.6101,11.55,11.494
11.159,4.9822,-8.4194
11.25,2.6282,-11.443
11.159,4.9822,3.4163
11.117,2.7322,-5.2507
11.25,2.6282,0.3923
11.117,2.7322,6.585
11.25,2.6282,12.228
5.5577,11.438,-8.8196
11.427,11.489,-8.8906
5.5167,6.2391,-9.0756
5.2105,8.6411,-12.163
11.512,8.5181,-11.434
8.6428,5.7844,-11.719
2.8255,11.674,-11.973
8.5247,11.182,-11.964
11.453,5.6713,-2.5779
5.47,11.832,-2.9119
5.5577,11.438,3.0161
11.19,10.968,-3.0589
11.427,11.489,2.9451
5.5167,6.2391,2.7601
5.2728,8.7387,-5.2709
5.2105,8.6411,-0.32694
11.072,8.2275,-6.2869
11.512,8.5181,0.40206
8.4632,5.6727,-5.7279
2.4599,11.173,-5.8469
8.6428,5.7844,0.11706
2.8255,11.674,-0.13694
8.3763,11.839,-6.0149
8.5247,11.182,-0.12794
11.453,5.6713,9.2577
5.47,11.832,8.9237
11.19,10.968,8.7767
5.2728,8.7387,6.5647
5.2105,8.6411,11.509
11.072,8.2275,5.5487
11.512,8.5181,12.238
8.4632,5.6727,6.1077
2.4599,11.173,5.9887
8.6428,5.7844,11.953
2.8255,11.674,11.699
8.3763,11.839,5.8207
8.5247,11.182,11.708
0,0,0
-0.18385,5.391,-0.142
-0.12304,-0.16688,5.7247
5.8068,0.074953,-0.071
-5.8301,-0.024749,-0.165
0.093002,-5.9592,0.42824
-0.12304,-0.16688,-6.111
5.519,0.21708,5.7867
-0.2185,5.5374,5.8267
-5.7148,-5.6837,-0.189
-5.7353,5.7481,-0.063
5.7619,-5.7491,0.17324
-0.2185,5.5374,-6.009
5.519,0.21708,-6.049
5.8172,5.7788,0.048058
-0.091924,-5.8803,-5.717
-5.9588,0.10394,5.7077
-0.091924,-5.8803,6.1187
-5.9588,0.10394,-6.128
5.5335,-5.7583,-5.5718
5.6298,5.8063,-5.4799
-5.9022,-5.6561,-5.717
-5.9637,5.7389,-5.808
5.5335,-5.7583,6.2639
-5.9022,-5.6561,6.1187
-5.9637,5.7389,6.0277
5.6298,5.8063,6.3557
11.337,-0.15028,0.33824
-0.16051,11.347,0.102
-0.19536,-11.613,0.10118
-11.693,-0.11554,-0.13506
0,0,-11.836
0,0,11.836
11.139,-0.27756,-5.6658
-11.404,5.5381,0.192
-0.3585,11.22,-5.902
-0.3585,11.22,5.9337
11.139,-0.27756,6.1699
-5.7253,-11.388,-0.30806
5.702,11.438,0.072058
5.6671,-11.522,0.071238
11.313,-6.1062,0.094238
0.093002,-5.9592,-11.407
-0.18385,5.391,11.694
11.625,5.5033,0.6653
-5.6905,11.572,-0.30724
-5.8301,-0.024749,11.671
5.8068,0.074953,11.765
-0.18385,5.391,-11.978
-0.39335,-11.74,-5.9028
-0.39335,-11.74,5.9328
-11.891,-0.24281,5.6966
-11.716,-6.0715,-0.37906
5.8068,0.074953,-11.907
-5.8301,-0.024749,-12.001
-11.891,-0.24281,-6.1391
0.093002,-5.9592,12.264
11.44,5.5822,-5.4799
-6.0131,-11.245,5.5496
5.5384,-11.393,-5.8918
5.5384,-11.393,5.9439
11.279,-5.9599,-5.7728
11.279,-5.9599,6.0629
5.5733,11.566,-5.8909
5.5733,11.566,5.9447
-11.589,5.6169,5.8824
-5.7148,-5.6837,11.647
-11.589,5.6169,-5.9532
-6.0131,-11.245,-6.2861
5.7619,-5.7491,-11.662
11.44,5.5822,6.3557
-5.9783,11.714,5.5504
-11.751,-5.9251,5.5896
-5.7353,5.7481,11.773
5.8172,5.7788,-11.788
-5.7353,5.7481,-11.899
5.8172,5.7788,11.884
-5.7148,-5.6837,-12.025
5.7619,-5.7491,12.009
-11.751,-5.9251,-6.2461
-5.9783,11.714,-6.2852
11.337,-0.15028,-11.497
-11.497,11.497,-0.23624
11.497,-11.497,0.23624
-11.532,-11.462,-0.23706
11.532,11.462,0.23706
-0.16051,11.347,-11.734
-0.16051,11.347,11.938
-0.19536,-11.613,-11.734
-11.693,-0.11554,11.701
11.337,-0.15028,12.174
-0.19536,-11.613,11.937
-11.693,-0.11554,-11.971
11.625,5.5033,-11.17
11.409,11.296,-5.8739
11.409,11.296,5.9617
-11.62,11.33,5.4884
-5.7253,-11.388,11.528
-11.404,5.5381,-11.644
-5.6905,11.572,11.528
11.374,-11.664,-5.8748
11.374,-11.664,5.9609
-11.655,-11.629,5.4876
5.702,11.438,-11.764
11.313,-6.1062,-11.741
5.6671,-11.522,-11.764
-11.62,11.33,-6.3472
5.702,11.438,11.908
-11.716,-6.0715,11.457
-11.404,5.5381,12.028
5.6671,-11.522,11.907
11.313,-6.1062,11.93
-5.7253,-11.388,-12.144
-11.655,-11.629,-6.3481
-5.6905,11.572,-12.143
11.625,5.5033,12.501
-11.716,-6.0715,-12.215
-11.532,-11.462,11.599
11.532,11.462,-11.599
-11.497,11.497,11.599
11.497,-11.497,-11.599
-11.497,11.497,-12.072
11.497,-11.497,12.072
-11.532,-11.462,-12.073
11.532,11.462,12.073
