-3.5078,-8.8662,-9.1843
-9.4142,-2.6487,-8.8283
-8.3889,-8.4483,-8.8543
-3.5078,-8.8662,2.863
-9.4142,-2.6487,3.219
-8.3889,-8.4483,3.193
-9.3605,-8.8132,-2.712
-3.5226,-8.8344,-2.618
-9.3605,-8.8132,9.3353
-3.5226,-8.8344,9.4293
8.5512,-8.5469,-9.1253
9.3311,-2.854,-8.9553
8.5512,-8.5469,2.922
9.3311,-2.854,3.092
8.4981,-3.448,-2.665
8.3709,-8.5476,-2.32
8.4981,-3.448,9.3823
8.3709,-8.5476,9.7273
2.7549,-2.8652,-9.1183
-3.4875,3.4917,-9.1253
8.5503,3.1919,-9.1843
2.6439,9.4095,-8.8283
-2.1991,-2.6304,-9.2043
2.926,-7.9889,-9.0143
3.6692,3.6098,-8.8543
-2.7075,9.1846,-8.9553
2.7549,-2.8652,2.929
-3.4875,3.4917,2.922
8.5503,3.1919,2.863
2.6439,9.4095,3.219
-2.1991,-2.6304,2.843
2.926,-7.9889,3.033
3.6692,3.6098,3.193
-2.7075,9.1846,3.092
2.7973,-8.7059,-2.586
-3.4563,-2.2387,-2.372
-3.5405,8.5906,-2.665
2.6976,3.2449,-2.712
8.5355,3.2237,-2.618
-9.3246,-2.1206,-3.047
2.4692,-2.5682,-3.188
-3.6678,3.491,-2.32
2.7973,-8.7059,9.4613
-3.4563,-2.2387,9.6753
-3.5405,8.5906,9.3823
2.6976,3.2449,9.3353
8.5355,3.2237,9.4293
-9.3246,-2.1206,9.0003
2.4692,-2.5682,8.8593
-3.6678,3.491,9.7273
-9.2837,9.1734,-9.1183
-9.1126,4.0497,-9.0143
-9.2837,9.1734,2.929
-9.1126,4.0497,3.033
-9.2413,3.3327,-2.586
-9.5694,9.4704,-3.188
-9.2413,3.3327,9.4613
-9.5694,9.4704,8.8593
9.859,9.4277,-9.2043
9.859,9.4277,2.843
8.6018,9.8194,-2.372
2.7335,9.9375,-3.047
8.6018,9.8194,9.6753
2.7335,9.9375,9.0003
-9.4213,-8.8669,-9.8473
-9.4213,-8.8669,2.2
-8.3048,-8.5452,-3.731
-8.6866,-3.4654,-3.236
-8.3048,-8.5452,8.3163
-8.6866,-3.4654,8.8113
9.4457,-8.7697,-7.9243
9.4457,-8.7697,4.123
4.0759,-8.7442,-3.358
9.6663,-2.533,-2.827
9.4485,-9.4697,-2.8
4.0759,-8.7442,8.6893
9.6663,-2.533,9.2203
9.4485,-9.4697,9.2473
-2.4798,-8.8905,-8.1143
-8.8466,-2.675,-10.218
3.59,-2.815,-7.8853
-2.593,3.269,-7.9243
2.1376,-8.4464,-10.21
-3.5101,-3.3517,-9.2893
8.4704,-2.9027,-10.178
2.6368,3.1912,-9.8473
-2.4798,-8.8905,3.933
-8.8466,-2.675,1.829
3.59,-2.815,4.162
-2.593,3.269,4.123
2.1376,-8.4464,1.837
-3.5101,-3.3517,2.758
8.4704,-2.9027,1.869
2.6368,3.1912,2.2
-7.9627,3.2944,-3.358
-2.5541,-2.588,-3.505
-2.3723,9.5056,-2.827
3.7533,3.5129,-3.731
-2.4423,-9.0156,-3.636
3.3715,8.5928,-3.236
3.9209,-2.9097,-3.102
-2.5901,2.5689,-2.8
-7.9627,3.2944,8.6893
-2.5541,-2.588,8.5423
-2.3723,9.5056,9.2203
3.7533,3.5129,8.3163
-2.4423,-9.0156,8.4113
3.3715,8.5928,8.8113
3.9209,-2.9097,8.9453
-2.5901,2.5689,9.2473
-8.4487,9.2236,-7.8853
-9.901,3.5922,-10.21
-3.5682,9.136,-10.178
-8.4487,9.2236,4.162
-9.901,3.5922,1.837
-3.5682,9.136,1.869
-8.1177,9.1289,-3.102
-8.1177,9.1289,8.9453
9.5783,3.1677,-8.1143
3.2115,9.3831,-10.218
8.548,8.7064,-9.2893
9.5783,3.1677,3.933
3.2115,9.3831,1.829
8.548,8.7064,2.758
9.5041,9.4701,-3.505
9.6158,3.0425,-3.636
9.5041,9.4701,8.5423
9.6158,3.0425,8.4113
-5.8391,-12.227,-9.1993
-11.859,-6.2012,-8.9823
-12.117,-10.703,-8.8533
-8.7842,-11.72,-6.6773
-2.7823,-11.697,-6.2183
-6.4444,-8.7354,-12.064
-12.023,-2.7505,-11.822
-12.174,-8.9751,-12.442
-3.0559,-12.302,-12.167
-9.253,-5.5973,-12.302
-8.9334,-11.958,-12.108
-6.2584,-6.3051,-2.921
-0.64966,-11.881,-2.937
-12.518,-12.12,-2.847
-5.8391,-12.227,2.848
-11.859,-6.2012,3.065
-12.117,-10.703,3.194
-6.752,-11.965,-3.172
-12.113,-4.9425,-2.848
-8.7842,-11.72,5.37
-2.7823,-11.697,5.829
-9.077,-5.9289,-5.537
-12.285,-8.6463,-5.037
-6.4444,-8.7354,-0.017
-12.023,-2.7505,0.225
-5.6227,-8.652,-5.919
-11.85,-2.5822,-6.012
-12.174,-8.9751,-0.395
-3.0559,-12.302,-0.12
-9.253,-5.5973,-0.255
-8.9334,-11.958,-0.061
-6.2584,-6.3051,9.1263
-0.64966,-11.881,9.1103
-12.518,-12.12,9.2003
-6.752,-11.965,8.8753
-12.113,-4.9425,9.1993
-9.077,-5.9289,6.5103
-12.285,-8.6463,7.0103
-6.4444,-8.7354,12.03
-12.023,-2.7505,12.272
-5.6227,-8.652,6.1283
-11.85,-2.5822,6.0353
-12.174,-8.9751,11.652
-3.0559,-12.302,11.927
-9.253,-5.5973,11.792
-8.9334,-11.958,11.986
-12.688,0.15729,-2.937
-12.688,0.15729,9.1103
6.1371,-13.058,-8.9373
12.237,-6.1817,-8.9823
11.98,-10.683,-8.8533
5.7291,-8.7796,-11.527
12.073,-2.731,-11.822
11.923,-8.9556,-12.442
9.0716,-11.662,-11.48
2.9353,-11.621,-11.622
8.7817,-5.9193,-11.899
11.578,-12.1,-2.847
6.1371,-13.058,3.11
12.237,-6.1817,3.065
11.98,-10.683,3.194
6.2594,-11.387,-2.755
11.984,-4.923,-2.848
3.255,-11.636,-5.902
9.0476,-5.9179,-5.76
9.2958,-11.732,-6.038
11.812,-8.6268,-5.037
5.7291,-8.7796,0.52
12.073,-2.731,0.225
6.0014,-8.7647,-6.108
12.247,-2.5627,-6.012
11.923,-8.9556,-0.395
9.0716,-11.662,0.567
2.9353,-11.621,0.425
8.7817,-5.9193,0.148
11.578,-12.1,9.2003
6.2594,-11.387,9.2923
11.984,-4.923,9.1993
3.255,-11.636,6.1453
9.0476,-5.9179,6.2873
9.2958,-11.732,6.0093
11.812,-8.6268,7.0103
5.7291,-8.7796,12.567
12.073,-2.731,12.272
6.0014,-8.7647,5.9393
12.247,-2.5627,6.0353
11.923,-8.9556,11.652
9.0716,-11.662,12.614
2.9353,-11.621,12.472
8.7817,-5.9193,12.195
-0.0077782,-5.9998,-9.0333
-5.9015,-1.0196,-8.9373
6.219,-0.169,-9.1993
0.1987,5.857,-8.9823
0.1195,-10.776,-8.8633
-6.5782,-5.1329,-9.0693
5.852,-4.9625,-9.0593
-0.05869,1.3555,-8.8533
-3.2103,-5.5536,-6.7233
3.2739,0.338,-6.6773
9.2758,0.36062,-6.2183
-0.21284,-2.9621,-12.088
-6.3095,3.2591,-11.527
5.6137,3.3227,-12.064
0.034648,9.3076,-11.822
0.18031,-2.354,-6.5243
-0.54306,-8.935,-12.329
-6.1695,-2.6014,-12.537
5.9659,-2.7627,-12.252
-0.11597,3.083,-12.442
2.5258,-5.712,-12.482
-2.967,0.37618,-11.48
9.0022,-0.24395,-12.167
2.8051,6.4608,-12.302
-3.3757,-5.7134,-11.536
-9.1033,0.41719,-11.622
3.1247,0.099702,-12.108
-3.2569,6.1193,-11.899
5.7997,5.753,-2.921
11.408,0.17678,-2.937
-0.46033,-0.061518,-2.847
5.8308,-5.9553,-2.958
-0.0077782,-5.9998,3.014
-5.9015,-1.0196,3.11
6.219,-0.169,2.848
0.1987,5.857,3.065
0.1195,-10.776,3.184
-6.5782,-5.1329,2.978
5.852,-4.9625,2.988
-0.05869,1.3555,3.194
-1.4962,-5.7629,-3.114
-5.7792,0.65125,-2.755
5.3061,0.093338,-3.172
-0.054447,7.1156,-2.848
-3.2103,-5.5536,5.324
-8.7837,0.40305,-5.902
3.2739,0.338,5.37
-2.9911,6.1207,-5.76
3.0377,-5.5211,-5.959
-2.7429,0.30618,-6.038
9.2758,0.36062,5.829
2.9812,6.1292,-5.537
-0.034648,-8.4718,-5.636
-5.898,-2.774,-5.094
6.1292,-2.6432,-5.783
-0.22698,3.4118,-5.037
-0.21284,-2.9621,-0.041
-6.3095,3.2591,0.52
5.6137,3.3227,-0.017
0.034648,9.3076,0.225
0.18031,-2.354,5.523
-6.0373,3.2739,-6.108
6.4354,3.4061,-5.919
0.2086,9.4759,-6.012
-0.54306,-8.935,-0.282
-6.1695,-2.6014,-0.49
5.9659,-2.7627,-0.205
-0.11597,3.083,-0.395
2.5258,-5.712,-0.435
-2.967,0.37618,0.567
9.0022,-0.24395,-0.12
2.8051,6.4608,-0.255
-3.3757,-5.7134,0.511
-9.1033,0.41719,0.425
3.1247,0.099702,-0.061
-3.2569,6.1193,0.148
5.7997,5.753,9.1263
11.408,0.17678,9.1103
-0.46033,-0.061518,9.2003
5.8308,-5.9553,9.0893
-1.4962,-5.7629,8.9333
-5.7792,0.65125,9.2923
5.3061,0.093338,8.8753
-0.054447,7.1156,9.1993
-8.7837,0.40305,6.1453
-2.9911,6.1207,6.2873
3.0377,-5.5211,6.0883
-2.7429,0.30618,6.0093
2.9812,6.1292,6.5103
-0.034648,-8.4718,6.4113
-5.898,-2.774,6.9533
6.1292,-2.6432,6.2643
-0.22698,3.4118,7.0103
-0.21284,-2.9621,12.006
-6.3095,3.2591,12.567
5.6137,3.3227,12.03
0.034648,9.3076,12.272
-6.0373,3.2739,5.9393
6.4354,3.4061,6.1283
0.2086,9.4759,6.0353
-0.54306,-8.935,11.765
-6.1695,-2.6014,11.557
5.9659,-2.7627,11.842
-0.11597,3.083,11.652
2.5258,-5.712,11.612
-2.967,0.37618,12.614
9.0022,-0.24395,11.927
2.8051,6.4608,11.792
-3.3757,-5.7134,12.558
-9.1033,0.41719,12.472
3.1247,0.099702,11.986
-3.2569,6.1193,12.195
-12.046,6.0388,-9.0333
-5.8196,11.87,-9.1993
-11.919,1.263,-8.8633
-6.1866,7.0762,-9.0593
-12.097,13.394,-8.8533
-8.7647,12.377,-6.6773
-2.7628,12.399,-6.2183
-12.251,9.0766,-12.088
-11.858,9.6847,-6.5243
-12.582,3.1036,-12.329
-6.0728,9.276,-12.252
-9.5128,6.3266,-12.482
-3.0365,11.795,-12.167
-8.9139,12.138,-12.108
-0.63017,12.215,-2.937
-12.499,11.977,-2.847
-6.2078,6.0834,-2.958
-12.046,6.0388,3.014
-5.8196,11.87,2.848
-11.919,1.263,3.184
-6.1866,7.0762,2.988
-12.097,13.394,3.194
-13.535,6.2757,-3.114
-6.7325,12.132,-3.172
-8.7647,12.377,5.37
-9.0009,6.5175,-5.959
-2.7628,12.399,5.829
-12.073,3.5668,-5.636
-5.9094,9.3955,-5.783
-12.251,9.0766,-0.041
-11.858,9.6847,5.523
-12.582,3.1036,-0.282
-6.0728,9.276,-0.205
-9.5128,6.3266,-0.435
-3.0365,11.795,-0.12
-8.9139,12.138,-0.061
-0.63017,12.215,9.1103
-12.499,11.977,9.2003
-6.2078,6.0834,9.0893
-13.535,6.2757,8.9333
-6.7325,12.132,8.8753
-9.0009,6.5175,6.0883
-12.073,3.5668,6.4113
-5.9094,9.3955,6.2643
-12.251,9.0766,12.006
-12.582,3.1036,11.765
-6.0728,9.276,11.842
-9.5128,6.3266,11.612
-3.0365,11.795,11.927
-8.9139,12.138,11.986
12.05,6.0583,-9.0333
6.1566,11.038,-8.9373
12.178,1.2825,-8.8633
5.4799,6.9252,-9.0693
11.999,13.414,-8.8533
8.8479,6.5045,-6.7233
11.845,9.0961,-12.088
12.238,9.7042,-6.5243
11.515,3.1231,-12.329
5.8886,9.4567,-12.537
9.0911,12.434,-11.48
8.6824,6.3447,-11.536
2.9548,12.475,-11.622
11.598,11.997,-2.847
12.05,6.0583,3.014
6.1566,11.038,3.11
12.178,1.2825,3.184
5.4799,6.9252,2.978
11.999,13.414,3.194
10.562,6.2952,-3.114
6.2789,12.709,-2.755
8.8479,6.5045,5.324
3.2744,12.461,-5.902
9.3153,12.364,-6.038
12.023,3.5863,-5.636
6.1601,9.2841,-5.094
11.845,9.0961,-0.041
12.238,9.7042,5.523
11.515,3.1231,-0.282
5.8886,9.4567,-0.49
9.0911,12.434,0.567
8.6824,6.3447,0.511
2.9548,12.475,0.425
11.598,11.997,9.2003
10.562,6.2952,8.9333
6.2789,12.709,9.2923
3.2744,12.461,6.1453
9.3153,12.364,6.0093
12.023,3.5863,6.4113
6.1601,9.2841,6.9533
11.845,9.0961,12.006
11.515,3.1231,11.765
5.8886,9.4567,11.557
9.0911,12.434,12.614
8.6824,6.3447,12.558
2.9548,12.475,12.472
0.13899,13.321,-8.8633
0.13899,13.321,3.184
0,0,0
0.31537,0.54871,5.824
-0.18668,5.8944,0.189
-0.43487,-5.881,-0.451
-5.91,0.16405,0.303
6.038,0.23829,-0.282
0.31537,0.54871,-6.2233
5.6781,-5.7488,0.139
-0.26587,-5.6512,5.8683
-5.8103,0.089803,-5.966
-0.26587,-5.6512,-6.179
-5.8103,0.089803,6.0813
-0.097581,6.3767,-5.614
-6.2627,-5.7861,0.151
5.7954,6.272,0.151
6.2423,0.44406,5.9473
6.2423,0.44406,-6.1
-6.3606,6.2899,0.139
-0.097581,6.3767,6.4333
-5.9072,-5.654,-5.818
-5.9072,-5.654,6.2293
6.1647,-5.872,-6.011
-5.8739,6.1667,-6.011
6.1647,-5.872,6.0363
-5.8739,6.1667,6.0363
6.151,6.4041,-5.818
6.151,6.4041,6.2293
-0.10748,-11.793,-0.072
11.951,0.26499,-0.072
0,0,-12.047
0,0,12.047
-12.146,0.24551,-0.072
-0.087992,12.304,-0.072
-0.43487,-5.881,11.596
-11.69,0.3479,5.9153
0.34874,-11.691,5.9153
-5.91,0.16405,-11.744
11.623,6.1771,-0.451
-11.69,0.3479,-6.132
0.34874,-11.691,-6.132
6.038,0.23829,11.765
-0.18668,5.8944,-11.858
-6.0201,-11.82,-0.282
11.852,-6.1442,0.189
6.1286,-11.875,0.303
-0.18668,5.8944,12.236
-6.0006,12.277,-0.282
6.1481,12.222,0.303
-5.91,0.16405,12.35
-12.245,-6.1637,0.189
6.038,0.23829,-12.329
0.36823,12.406,5.9153
12.407,0.36739,5.9153
-0.43487,-5.881,-12.498
0.36823,12.406,-6.132
12.407,0.36739,-6.132
-12.474,6.1576,-0.451
-5.8158,-11.614,5.9473
-5.8158,-11.614,-6.1
11.941,-5.6619,-5.614
5.6781,-5.7488,-11.908
-12.156,-5.6814,-5.614
5.6781,-5.7488,12.186
-6.2627,-5.7861,-11.896
5.7954,6.272,-11.896
11.792,6.4069,5.8683
11.941,-5.6619,6.4333
6.2283,-11.949,-5.966
11.792,6.4069,-6.179
6.2283,-11.949,6.0813
-12.156,-5.6814,6.4333
-6.2627,-5.7861,12.198
5.7954,6.272,12.198
-6.3606,6.2899,-11.908
6.2478,12.148,-5.966
6.2478,12.148,6.0813
-5.7963,12.483,5.9473
-5.7963,12.483,-6.1
-12.305,6.3874,5.8683
-6.3606,6.2899,12.186
-12.305,6.3874,-6.179
-0.10748,-11.793,11.975
-0.10748,-11.793,-12.119
11.951,0.26499,11.975
11.951,0.26499,-12.119
12.039,-12.039,0
-12.039,12.039,0
-12.058,-12.058,0
12.058,12.058,0
-12.146,0.24551,11.975
-12.146,0.24551,-12.119
-0.087992,12.304,11.975
-0.087992,12.304,-12.119
-11.743,-11.509,5.824
11.623,6.1771,11.596
-11.743,-11.509,-6.2233
-6.0201,-11.82,11.765
6.1286,-11.875,-11.744
12.354,-11.49,5.824
11.852,-6.1442,-11.858
12.354,-11.49,-6.2233
6.1481,12.222,-11.744
-6.0006,12.277,11.765
11.852,-6.1442,12.236
-6.0201,-11.82,-12.329
-12.474,6.1576,11.596
-12.245,-6.1637,-11.858
11.623,6.1771,-12.498
-11.723,12.587,5.824
6.1286,-11.875,12.35
-11.723,12.587,-6.2233
-12.245,-6.1637,12.236
-6.0006,12.277,-12.329
6.1481,12.222,12.35
12.373,12.607,5.824
-12.474,6.1576,-12.498
12.373,12.607,-6.2233
12.039,-12.039,-12.047
12.039,-12.039,12.047
-12.039,12.039,-12.047
-12.039,12.039,12.047
-12.058,-12.058,-12.047
-12.058,-12.058,12.047
12.058,12.058,-12.047
12.058,12.058,12.047
