-8.797,-8.6029,-9.8737
-8.797,-8.6029,1.9619
-8.8486,-8.8568,-3.1201
-8.8486,-8.8568,8.7156
8.4333,-8.4489,-9.1744
8.4333,-8.4489,2.6612
8.0444,-8.405,-3.0508
8.0444,-8.405,8.7849
2.6418,-8.1727,-9.5517
-3.3976,-2.6425,-9.5757
8.2583,-2.6863,-9.5757
2.7351,2.8595,-9.6367
-3.199,-8.7738,-9.3137
-8.9279,-2.9161,-9.3207
2.4197,-2.9515,-8.9087
-3.0639,3.0483,-9.4107
2.6418,-8.1727,2.284
-3.3976,-2.6425,2.26
8.2583,-2.6863,2.26
2.7351,2.8595,2.199
2.4056,-8.8261,-2.745
-3.281,-2.3038,-2.978
8.4782,-2.5003,-2.881
2.6835,2.6057,-2.883
-3.199,-8.7738,2.522
-8.9279,-2.9161,2.515
2.4197,-2.9515,2.927
-3.0639,3.0483,2.425
-3.0978,-8.2357,-3.086
-9.1896,-2.6333,-3.188
2.3384,-2.6467,-3.182
-3.4528,3.0922,-3.287
2.4056,-8.8261,9.0907
-3.281,-2.3038,8.8577
8.4782,-2.5003,8.9547
2.6835,2.6057,8.9527
-3.0978,-8.2357,8.7497
-9.1896,-2.6333,8.6477
2.3384,-2.6467,8.6537
-3.4528,3.0922,8.5487
-8.8555,3.3245,-9.7879
-3.2389,8.8109,-9.8119
-9.0775,8.5458,-9.1449
-8.8555,3.3245,2.0478
-3.2389,8.8109,2.0238
-9.0916,2.6711,-2.9812
-3.019,8.9969,-3.1172
-9.0775,8.5458,2.6908
-9.1588,8.8505,-3.4182
-9.0916,2.6711,8.8544
-3.019,8.9969,8.7184
-9.1588,8.8505,8.4174
8.1344,8.82,-9.3386
8.3331,2.6887,-9.0766
2.6041,8.5464,-9.0836
8.1344,8.82,2.4971
8.2511,9.1587,-2.7409
8.3331,2.6887,2.7591
2.6041,8.5464,2.7521
8.4342,3.2268,-2.8489
2.3425,8.8292,-2.9509
8.2511,9.1587,9.0947
8.4342,3.2268,8.9867
2.3425,8.8292,8.8847
3.2912,-8.3598,-8.2268
9.3971,-8.608,-8.4498
9.3801,-8.4736,-2.3878
3.2912,-8.3598,3.6089
9.3971,-8.608,3.3859
9.3801,-8.4736,9.4479
-8.172,-8.503,-8.466
-2.7372,-2.7754,-8.461
-8.206,3.1374,-8.463
-7.4289,-8.3198,-2.981
-2.2246,-3.3658,-3.023
3.5921,-7.9507,-3.01
-2.576,-8.3686,-8.239
-8.1013,-2.6227,-8.422
3.5037,-2.7372,-8.495
-2.1001,2.8892,-8.686
-1.7289,-8.4662,-2.529
-7.7895,-2.745,-2.687
3.6239,-2.6085,-2.413
-2.1171,3.0236,-2.624
-8.172,-8.503,3.3697
-2.7372,-2.7754,3.3747
-8.206,3.1374,3.3727
-7.4289,-8.3198,8.8547
-2.2246,-3.3658,8.8127
3.5921,-7.9507,8.8257
-2.576,-8.3686,3.5967
-8.1013,-2.6227,3.4137
3.5037,-2.7372,3.3407
-2.1001,2.8892,3.1497
-1.7289,-8.4662,9.3067
-7.7895,-2.745,9.1487
3.6239,-2.6085,9.4227
-2.1171,3.0236,9.2117
-7.9051,3.5465,-3.2462
-7.9935,8.76,-8.7312
-7.8733,8.8887,-2.6492
-7.9051,3.5465,8.5894
-7.9935,8.76,3.1044
-7.8733,8.8887,9.1864
9.0788,-2.8851,-8.1597
9.94,-2.7437,-2.1587
9.0788,-2.8851,3.676
9.94,-2.7437,9.677
3.36,2.9595,-8.2289
-2.4184,8.6121,-8.3959
8.7949,8.6871,-8.2239
4.1032,3.1427,-2.7439
-1.5572,8.7536,-2.3949
9.3075,8.0966,-2.7859
8.9561,3.0939,-8.0019
3.4307,8.8398,-8.1849
9.8032,2.9963,-2.2919
3.7426,8.7175,-2.4499
3.36,2.9595,3.6067
-2.4184,8.6121,3.4397
8.7949,8.6871,3.6117
4.1032,3.1427,9.0917
-1.5572,8.7536,9.4407
9.3075,8.0966,9.0497
8.9561,3.0939,3.8337
3.4307,8.8398,3.6507
9.8032,2.9963,9.5437
3.7426,8.7175,9.3857
-11.958,-11.713,-9.3777
-5.8618,-10.991,-9.1637
-11.997,-5.6069,-9.3067
-11.646,-8.5287,-12.012
-8.7369,-11.541,-12.042
-11.75,-10.885,-3.5501
-11.958,-11.713,2.4579
-6.1644,-11.392,-3.3521
-11.799,-5.9039,-3.5431
-5.8618,-10.991,2.6719
-11.997,-5.6069,2.5289
-10.836,-8.446,-6.5821
-11.646,-8.5287,-0.17606
-8.5679,-11.815,-6.4941
-8.7369,-11.541,-0.20606
-11.75,-10.885,8.2856
-6.1644,-11.392,8.4836
-11.799,-5.9039,8.2926
-10.836,-8.446,5.2536
-11.646,-8.5287,11.66
-8.5679,-11.815,5.3416
-8.7369,-11.541,11.63
11.072,-11.748,-8.9044
5.7032,-11.077,-8.8364
11.033,-5.6417,-8.8334
5.648,-8.4072,-12.114
11.383,-8.5634,-11.538
8.6242,-11.25,-11.816
2.7892,-11.358,-11.799
8.818,-5.5031,-11.981
11.279,-10.92,-3.0768
11.072,-11.748,2.9312
5.1785,-11.649,-3.1038
11.231,-5.9387,-3.0698
5.7032,-11.077,2.9992
11.033,-5.6417,3.0022
5.3885,-8.3357,-5.4298
5.648,-8.4072,-0.27876
12.193,-8.4807,-6.1088
11.383,-8.5634,0.29724
8.661,-10.583,-6.0428
8.6242,-11.25,0.019238
2.9405,-11.355,-6.3028
8.6723,-5.8651,-5.8168
2.7892,-11.358,0.036238
8.818,-5.5031,-0.14576
11.279,-10.92,8.7589
5.1785,-11.649,8.7319
11.231,-5.9387,8.7659
5.3885,-8.3357,6.4059
5.648,-8.4072,11.557
12.193,-8.4807,5.7269
11.383,-8.5634,12.133
8.661,-10.583,5.7929
8.6242,-11.25,11.855
2.9405,-11.355,5.5329
8.6723,-5.8651,6.0189
2.7892,-11.358,11.872
8.818,-5.5031,11.69
-0.14708,-11.739,-8.9197
-6.2812,-5.7368,-9.0407
5.6378,-5.9998,-9.0497
-0.42568,-0.25032,-9.1407
-0.49356,-5.5112,-9.1747
-5.794,0.42002,-9.0727
5.6703,0.47164,-8.9267
-0.46457,5.8556,-9.0697
-5.7332,-8.4584,-12.028
-11.674,-2.7917,-11.649
-0.25739,-2.7945,-12.317
-5.8492,3.0901,-12.351
-0.27436,-8.5291,-11.319
-6.1377,-2.704,-11.646
5.3818,-2.692,-11.367
-0.11384,2.9338,-11.775
-2.9762,-11.33,-12.082
-8.4096,-5.7297,-12.531
3.0257,-5.799,-12.471
-2.873,0.24678,-12.053
-2.6884,-5.6427,-12.302
-8.708,0.1393,-12.036
2.7952,-0.078489,-11.805
-2.6792,5.9941,-12.218
-0.22415,-11.3,-3.013
-5.7035,-5.2708,-3.321
5.6936,-4.9031,-3.14
-0.21779,0.577,-3.313
-0.14708,-11.739,2.916
-6.2812,-5.7368,2.795
5.6378,-5.9998,2.786
-0.42568,-0.25032,2.695
0.18809,-6.0231,-3.456
-6.3187,-0.15132,-3.34
5.3676,0.070004,-3.115
-0.26658,5.5586,-3.306
-0.49356,-5.5112,2.661
-5.794,0.42002,2.763
5.6703,0.47164,2.909
-0.46457,5.8556,2.766
-5.9475,-8.4139,-5.925
-11.893,-2.8362,-5.905
-0.66185,-2.622,-5.737
-6.1087,3.1615,-5.666
-5.7332,-8.4584,-0.192
-11.674,-2.7917,0.187
-0.25739,-2.7945,-0.481
-5.8492,3.0901,-0.515
0.39032,-8.3835,-6.467
-5.3005,-2.629,-6.343
6.2897,-2.6453,-6.444
0.69579,3.0165,-6.345
-0.27436,-8.5291,0.517
-6.1377,-2.704,0.19
5.3818,-2.692,0.469
-0.11384,2.9338,0.061
-2.74,-10.875,-6.368
-8.5291,-5.0304,-6.056
3.0476,-5.2892,-6.413
-2.8362,0.91429,-6.279
-2.9762,-11.33,-0.246
-8.4096,-5.7297,-0.695
3.0257,-5.799,-0.635
-2.873,0.24678,-0.217
-2.745,-5.811,-6.215
-8.5567,0.14213,-6.539
2.9642,-0.35214,-6.257
-2.8249,5.6321,-6.053
-2.6884,-5.6427,-0.466
-8.708,0.1393,-0.2
2.7952,-0.078489,0.031
-2.6792,5.9941,-0.382
-0.22415,-11.3,8.8227
-5.7035,-5.2708,8.5147
5.6936,-4.9031,8.6957
-0.21779,0.577,8.5227
0.18809,-6.0231,8.3797
-6.3187,-0.15132,8.4957
5.3676,0.070004,8.7207
-0.26658,5.5586,8.5297
-5.9475,-8.4139,5.9107
-11.893,-2.8362,5.9307
-0.66185,-2.622,6.0987
-6.1087,3.1615,6.1697
-5.7332,-8.4584,11.644
-11.674,-2.7917,12.023
-0.25739,-2.7945,11.355
-5.8492,3.0901,11.321
0.39032,-8.3835,5.3687
-5.3005,-2.629,5.4927
6.2897,-2.6453,5.3917
0.69579,3.0165,5.4907
-0.27436,-8.5291,12.353
-6.1377,-2.704,12.026
5.3818,-2.692,12.305
-0.11384,2.9338,11.897
-2.74,-10.875,5.4677
-8.5291,-5.0304,5.7797
3.0476,-5.2892,5.4227
-2.8362,0.91429,5.5567
-2.9762,-11.33,11.59
-8.4096,-5.7297,11.141
3.0257,-5.799,11.201
-2.873,0.24678,11.619
-2.745,-5.811,5.6207
-8.5567,0.14213,5.2967
2.9642,-0.35214,5.5787
-2.8249,5.6321,5.7827
-2.6884,-5.6427,11.37
-8.708,0.1393,11.636
2.7952,-0.078489,11.867
-2.6792,5.9941,11.454
-11.644,-0.24217,-9.1559
-5.8595,5.4974,-9.2859
-11.923,11.247,-9.3769
-11.991,5.986,-9.4109
-5.8269,11.969,-9.1629
-11.755,8.7027,-12.553
-11.772,2.9681,-11.555
-6.1154,8.8053,-11.603
-8.4715,5.6982,-12.707
-8.702,11.419,-12.041
-11.721,0.19695,-3.2492
-5.8036,6.5941,-3.3762
-11.715,12.074,-3.5492
-11.644,-0.24217,2.6798
-5.8595,5.4974,2.5498
-11.923,11.247,2.4588
-11.309,5.4741,-3.6922
-6.1296,11.567,-3.3512
-11.991,5.986,2.4248
-5.8269,11.969,2.6728
-12.159,8.8753,-5.9732
-11.755,8.7027,-0.71724
-11.107,3.1138,-6.7032
-5.2075,8.8519,-6.6802
-11.772,2.9681,0.28076
-6.1154,8.8053,0.23276
-8.4496,6.2081,-6.6492
-8.4715,5.6982,-0.87124
-8.533,11.145,-6.4932
-8.702,11.419,-0.20524
-11.721,0.19695,8.5864
-5.8036,6.5941,8.4594
-11.715,12.074,8.2864
-11.309,5.4741,8.1434
-6.1296,11.567,8.4844
-12.159,8.8753,5.8624
-11.755,8.7027,11.118
-11.107,3.1138,5.1324
-5.2075,8.8519,5.1554
-11.772,2.9681,12.116
-6.1154,8.8053,12.068
-8.4496,6.2081,5.1864
-8.4715,5.6982,10.964
-8.533,11.145,5.3424
-8.702,11.419,11.63
11.355,-2.8264,-11.175
11.136,-2.8709,-5.4317
11.355,-2.8264,0.6603
11.136,-2.8709,6.404
11.355,-2.8264,12.496
11.385,-0.27691,-8.6826
5.2508,5.7257,-8.8036
11.106,11.212,-8.9036
11.039,5.9513,-8.9376
5.738,11.882,-8.8356
5.7988,3.0041,-11.791
-0.14226,8.6708,-11.412
11.275,8.668,-12.08
11.258,2.9334,-11.082
5.3944,8.7585,-11.409
8.5559,0.13251,-11.845
3.1224,5.7328,-12.294
8.6591,11.709,-11.816
8.8436,5.8198,-12.065
2.824,11.602,-11.799
11.308,0.1622,-2.7759
5.8285,6.1917,-3.0839
11.314,12.039,-3.0759
11.385,-0.27691,3.1531
5.2508,5.7257,3.0321
11.106,11.212,2.9321
11.72,5.4393,-3.2189
5.2134,11.311,-3.1029
11.039,5.9513,2.8981
5.738,11.882,3.0001
5.5846,3.0486,-5.6879
-0.36076,8.6263,-5.6679
10.87,8.8405,-5.4999
5.7988,3.0041,0.045058
-0.14226,8.6708,0.42406
11.275,8.668,-0.24394
11.922,3.079,-6.2299
6.2316,8.8335,-6.1059
11.258,2.9334,0.75406
5.3944,8.7585,0.42706
8.792,0.58788,-6.1309
3.0029,6.4321,-5.8189
8.6959,12.377,-6.0419
8.5559,0.13251,-0.008942
3.1224,5.7328,-0.45794
8.6591,11.709,0.020058
8.7871,5.6515,-5.9779
2.9754,11.605,-6.3019
8.8436,5.8198,-0.22894
2.824,11.602,0.037058
11.308,0.1622,9.0597
5.8285,6.1917,8.7517
11.314,12.039,8.7597
11.72,5.4393,8.6167
5.2134,11.311,8.7327
5.5846,3.0486,6.1477
-0.36076,8.6263,6.1677
10.87,8.8405,6.3357
5.7988,3.0041,11.881
-0.14226,8.6708,12.26
11.275,8.668,11.592
11.922,3.079,5.6057
6.2316,8.8335,5.7297
11.258,2.9334,12.59
5.3944,8.7585,12.263
8.792,0.58788,5.7047
3.0029,6.4321,6.0167
8.6959,12.377,5.7937
8.5559,0.13251,11.827
3.1224,5.7328,11.378
8.6591,11.709,11.856
8.7871,5.6515,5.8577
2.9754,11.605,5.5337
8.8436,5.8198,11.607
2.824,11.602,11.873
-0.11223,11.22,-8.9188
-2.9414,11.63,-12.081
-0.1893,11.659,-3.0122
-0.11223,11.22,2.9168
-2.7052,12.085,-6.3672
-2.9414,11.63,-0.24518
-0.1893,11.659,8.8235
-2.7052,12.085,5.4685
-2.9414,11.63,11.59
0,0,0
0.028991,-5.6208,0.023
5.7749,0.14496,0.126
-0.0056569,5.7785,-0.026
-5.7778,0.22698,-0.025
0.025456,0.10465,5.8037
0.025456,0.10465,-6.032
0.19658,-5.5918,5.6447
-5.7452,-5.5671,0.066
-5.6417,5.8411,-0.22524
-5.6314,0.20789,5.8637
5.8556,-5.6561,0.011
0.10677,5.7509,5.8077
-5.6314,0.20789,-5.972
5.7868,5.8954,0.30306
5.8761,0.10607,5.8847
0.10677,5.7509,-6.028
0.19658,-5.5918,-6.191
5.8761,0.10607,-5.951
-5.5656,-5.5487,5.8287
-5.5656,-5.5487,-6.007
5.9673,-5.4751,-5.756
-5.5299,6.0221,5.8434
5.9673,-5.4751,6.0797
-5.5299,6.0221,-5.9922
5.9664,5.9138,-5.7699
5.9664,5.9138,6.0657
0.055154,-11.352,0.139
-11.442,0.14533,-0.097238
11.587,0.11059,0.37606
0.090003,11.608,0.13982
0,0,-11.836
0,0,11.836
5.7195,-11.27,0.21124
-5.7571,-11.318,-0.11106
-11.482,0.12411,5.4804
0.015556,-11.373,5.7167
11.492,-5.7187,0.21024
-11.538,-5.684,-0.26306
-11.468,5.8764,-0.21324
0.015556,-11.373,-6.119
0.050405,11.587,5.7175
11.561,5.8417,0.26006
11.548,0.089373,-5.8819
-5.7223,11.642,-0.11024
11.548,0.089373,5.9537
5.7543,11.689,0.21206
5.7749,0.14496,-11.71
0.028991,-5.6208,-11.813
0.050405,11.587,-6.1182
0.028991,-5.6208,11.859
-11.482,0.12411,-6.3552
-0.0056569,5.7785,11.81
-5.7778,0.22698,11.811
-0.0056569,5.7785,-11.862
-5.7778,0.22698,-11.861
5.7749,0.14496,11.962
-11.301,5.9054,5.4084
-5.656,-11.356,5.6476
-11.425,-5.7116,5.5706
5.8658,-11.289,-5.7358
-5.6212,11.603,5.6484
5.8658,-11.289,6.0999
-5.656,-11.356,-6.1881
-5.6417,5.8411,11.61
11.604,-5.7463,-5.7918
5.7868,5.8954,-11.533
-11.425,-5.7116,-6.2651
-5.7452,-5.5671,-11.77
-11.301,5.9054,-6.4272
5.9007,11.67,-5.7349
11.604,-5.7463,6.0439
-5.6212,11.603,-6.1872
-5.7452,-5.5671,11.902
5.8556,-5.6561,-11.825
11.729,5.8707,5.8817
5.8556,-5.6561,11.847
11.729,5.8707,-5.9539
5.9007,11.67,6.1007
-5.6417,5.8411,-12.061
5.7868,5.8954,12.139
11.497,-11.497,0.23624
-11.497,11.497,-0.23624
-11.532,-11.462,-0.23706
11.532,11.462,0.23706
11.587,0.11059,-11.46
0.055154,-11.352,-11.697
-11.442,0.14533,11.738
0.090003,11.608,-11.696
0.055154,-11.352,11.975
-11.442,0.14533,-11.933
0.090003,11.608,11.975
11.587,0.11059,12.212
-11.507,-11.358,5.5666
5.7195,-11.27,-11.624
11.523,-11.393,-5.7958
-11.472,11.602,5.5674
-5.7571,-11.318,11.725
11.523,-11.393,6.0399
-11.538,-5.684,11.573
11.492,-5.7187,-11.625
-11.507,-11.358,-6.2691
11.558,11.567,-5.7949
-11.468,5.8764,11.622
11.561,5.8417,-11.576
11.558,11.567,6.0407
-5.7571,-11.318,-11.947
5.7195,-11.27,12.047
5.7543,11.689,-11.624
-11.472,11.602,-6.2682
-5.7223,11.642,11.725
11.492,-5.7187,12.046
-5.7223,11.642,-11.946
-11.468,5.8764,-12.049
-11.538,-5.684,-12.099
11.561,5.8417,12.096
5.7543,11.689,12.048
-11.532,-11.462,11.599
11.532,11.462,-11.599
11.497,-11.497,-11.599
-11.497,11.497,11.599
11.497,-11.497,12.072
-11.497,11.497,-12.072
-11.532,-11.462,-12.073
11.532,11.462,12.073
