-8.954,-8.586,-9.3217
-8.954,-8.586,2.5139
-9.1717,-9.0173,-3.2411
-9.1717,-9.0173,8.5946
8.3103,-8.0345,-8.5484
8.3103,-8.0345,3.2872
8.3393,-8.5967,-3.1008
8.3393,-8.5967,8.7349
2.5908,-8.3142,-9.0587
-3.211,-2.9762,-9.1197
8.399,-2.8468,-9.3187
2.5781,2.8765,-9.0847
-2.9755,-8.1331,-9.0897
-3.1869,3.4627,-8.7847
2.5908,-8.3142,2.777
-3.211,-2.9762,2.716
8.399,-2.8468,2.517
2.5781,2.8765,2.751
2.7238,-8.5843,-2.806
-3.6275,-2.5512,-3
2.3603,2.4452,-3.004
-2.9755,-8.1331,2.746
-9.2447,-2.902,-8.651
2.6036,-3.001,-8.744
-3.1869,3.4627,3.051
-3.3418,-8.597,-3.184
-8.9944,-2.8355,-3.22
2.4841,-3.3849,-3.127
-3.1579,2.9006,-3.337
2.7238,-8.5843,9.0297
-3.6275,-2.5512,8.8357
2.3603,2.4452,8.8317
-9.2447,-2.902,3.1847
2.6036,-3.001,3.0917
-3.3418,-8.597,8.6517
-8.9944,-2.8355,8.6157
2.4841,-3.3849,8.7087
-3.1579,2.9006,8.4987
-8.9064,3.1831,-9.2949
-3.0982,8.6504,-9.5549
-8.9064,3.1831,2.5408
-3.0982,8.6504,2.2808
-8.7734,2.9129,-3.0422
-8.8937,8.4963,-8.9802
-9.0132,8.1123,-3.3632
-8.7734,2.9129,8.7934
-8.8937,8.4963,2.8554
-9.0132,8.1123,8.4724
8.3211,8.4863,-8.8826
8.5566,3.3293,-8.8526
8.3211,8.4863,2.9531
7.9046,8.9112,-2.7629
8.4448,-2.2964,-2.6839
8.5566,3.3293,2.9831
2.2874,8.5605,-8.4139
8.1903,2.8655,-2.9469
2.5377,8.627,-2.9829
7.9046,8.9112,9.0727
8.4448,-2.2964,9.1517
2.2874,8.5605,3.4217
8.1903,2.8655,8.8887
2.5377,8.627,8.8527
-3.0524,9.2008,-2.9202
-3.0524,9.2008,8.9155
3.6208,-8.3626,-8.2898
4.0655,-8.0621,-2.6908
9.1532,-8.9509,-8.4518
9.4834,-8.7437,-2.1558
3.6208,-8.3626,3.5459
4.0655,-8.0621,9.1449
9.1532,-8.9509,3.3839
9.4834,-8.7437,9.6799
3.6473,-1.6956,-8.8327
-8.172,-8.4266,-8.08
-2.3886,-2.9854,-8.183
-7.8765,3.1346,-8.526
-8.4492,-7.7322,-3.05
-2.7499,-3.7484,-3.096
-7.4317,3.4351,-2.927
-2.8737,-9.4187,-8.491
-8.5051,-1.5981,-8.501
3.6473,-1.6956,3.003
-2.3441,2.5463,-8.688
-2.0577,-8.5843,-2.426
-7.7145,-2.6559,-2.45
3.03,-2.9691,-1.816
-2.0138,2.7535,-2.392
-8.172,-8.4266,3.7557
-2.3886,-2.9854,3.6527
-7.8765,3.1346,3.3097
-8.4492,-7.7322,8.7857
-2.7499,-3.7484,8.7397
-7.4317,3.4351,8.9087
-2.8737,-9.4187,3.3447
-8.5051,-1.5981,3.3347
-2.3441,2.5463,3.1477
-2.0577,-8.5843,9.4097
-7.7145,-2.6559,9.3857
3.03,-2.9691,10.02
-2.0138,2.7535,9.4437
-7.85,9.8016,-9.0689
-7.85,9.8016,2.7668
-8.4673,8.5281,-2.0522
-8.4673,8.5281,9.7834
9.5575,-3.286,-2.4217
9.5575,-3.286,9.414
3.36,3.0359,-7.8429
8.8507,-2.5609,-7.8299
9.1435,8.4771,-7.9459
3.0828,3.7303,-2.8129
-1.9397,8.2112,-2.6579
8.7821,7.7141,-2.8589
8.6584,2.0438,-8.2539
3.027,9.8644,-8.2639
9.4744,2.8782,-2.1889
3.8175,8.8066,-2.2129
3.36,3.0359,3.9927
8.8507,-2.5609,4.0057
9.1435,8.4771,3.8897
3.0828,3.7303,9.0227
-1.9397,8.2112,9.1777
8.7821,7.7141,8.9767
8.6584,2.0438,3.5817
3.027,9.8644,3.5717
9.4744,2.8782,9.6467
3.8175,8.8066,9.6227
-2.6465,8.9364,-8.0662
-2.6465,8.9364,3.7695
-11.807,-8.6857,-11.581
-8.7256,-11.712,-11.713
-11.859,-11.146,-3.0771
-11.855,-12.1,-8.7971
-6.3511,-11.858,-3.1271
-11.64,-6.1719,-3.0161
-12.277,-5.498,-8.8361
-12.004,-8.5534,-6.5621
-11.807,-8.6857,0.25494
-8.7192,-11.17,-6.5641
-8.7256,-11.712,0.12294
-11.859,-11.146,8.7586
-11.855,-12.1,3.0386
-6.3511,-11.858,8.7086
-11.64,-6.1719,8.8196
-12.277,-5.498,2.9996
-12.004,-8.5534,5.2736
-11.807,-8.6857,12.091
-8.7192,-11.17,5.2716
-8.7256,-11.712,11.959
5.9047,-10.787,-8.7454
5.846,-8.4199,-11.97
11.222,-8.7204,-11.107
8.6801,-11.575,-11.409
2.8988,-11.711,-11.27
8.5903,-5.6459,-12.009
11.17,-11.181,-2.6038
11.174,-12.134,-8.3238
5.3518,-11.447,-2.7108
11.39,-6.2066,-2.5428
5.9047,-10.787,3.0902
10.753,-5.5328,-8.3628
5.7753,-8.328,-5.6078
5.846,-8.4199,-0.13476
11.025,-8.5882,-6.0888
11.222,-8.7204,0.72824
8.4574,-11.68,-5.8388
8.6801,-11.575,0.42624
2.7058,-10.931,-5.7068
8.591,-5.2167,-5.2598
2.8988,-11.711,0.56524
8.5903,-5.6459,-0.17376
11.17,-11.181,9.2319
11.174,-12.134,3.5119
5.3518,-11.447,9.1249
11.39,-6.2066,9.2929
10.753,-5.5328,3.4729
5.7753,-8.328,6.2279
5.846,-8.4199,11.701
11.025,-8.5882,5.7469
11.222,-8.7204,12.564
8.4574,-11.68,5.9969
8.6801,-11.575,12.262
2.7058,-10.931,6.1289
8.591,-5.2167,6.5759
2.8988,-11.711,12.401
8.5903,-5.6459,11.662
-0.33658,-11.639,-8.8737
-6.0592,-6.0394,-8.8777
5.6173,-5.6936,-9.1567
0.027577,-5.2121,-9.1997
-5.5925,0.71064,-8.9817
-5.3966,-10.598,-8.9597
-6.2508,-8.3127,-12.332
-11.666,-2.9274,-11.841
-0.42851,-2.9359,-12.661
-5.6512,3.0773,-12.207
-0.29486,-8.5525,-11.404
-5.5473,-2.7429,-11.563
5.7764,-2.5788,-11.693
-0.27506,2.7768,-11.344
-2.885,-10.928,-11.977
-8.7519,-5.2474,-11.988
2.8899,-5.8259,-12.112
-2.8171,-0.077782,-11.646
-2.8475,-5.8075,-12.287
-8.5984,-0.21355,-11.507
2.8065,-0.24961,-11.476
-2.9069,5.8513,-12.246
-0.06364,-11.181,-3
-5.9376,-5.3054,-2.971
5.5119,-5.2093,-3.115
-0.32739,0.31608,-2.84
-0.33658,-11.639,2.962
-6.0592,-6.0394,2.958
5.6173,-5.6936,2.679
-0.32315,-0.6371,-8.56
-0.077075,-6.3364,-3.321
-6.1455,0.050205,-2.947
5.181,-0.39527,-2.89
-0.10748,5.2906,-2.779
0.027577,-5.2121,2.636
-5.5925,0.71064,2.854
-5.3966,-10.598,2.876
-0.74458,5.9644,-8.599
-5.8485,-8.4634,-5.545
-11.852,-2.8546,-5.547
0.16193,-2.8772,-5.609
-5.7219,3.1693,-5.844
-6.2508,-8.3127,-0.496
-11.666,-2.9274,-0.005
-0.42851,-2.9359,-0.825
-5.6512,3.0773,-0.371
-0.072832,-8.4676,-6.457
-6.161,-2.658,-6.099
5.6646,-2.4586,-6.664
-0.47235,2.909,-6.325
-0.29486,-8.5525,0.432
-5.5473,-2.7429,0.273
5.7764,-2.5788,0.143
-0.27506,2.7768,0.492
-2.9352,-11.31,-5.879
-8.7073,-6.0839,-5.652
2.7973,-5.8096,-5.965
-3.0399,-0.18314,-6.075
-2.885,-10.928,-0.141
-8.7519,-5.2474,-0.152
2.8899,-5.8259,-0.276
-2.8171,-0.077782,0.19
-3.071,-5.2701,-5.749
-8.7915,0.56639,-5.943
2.8129,0.29274,-6.327
-2.9062,6.2805,-5.496
-2.8475,-5.8075,-0.451
-8.5984,-0.21355,0.329
2.8065,-0.24961,0.36
-2.9069,5.8513,-0.41
-0.06364,-11.181,8.8357
-5.9376,-5.3054,8.8647
5.5119,-5.2093,8.7207
-0.32739,0.31608,8.9957
-0.32315,-0.6371,3.2757
-0.077075,-6.3364,8.5147
-6.1455,0.050205,8.8887
5.181,-0.39527,8.9457
-0.10748,5.2906,9.0567
-0.74458,5.9644,3.2367
-5.8485,-8.4634,6.2907
-11.852,-2.8546,6.2887
0.16193,-2.8772,6.2267
-5.7219,3.1693,5.9917
-6.2508,-8.3127,11.34
-11.666,-2.9274,11.831
-0.42851,-2.9359,11.011
-5.6512,3.0773,11.465
-0.072832,-8.4676,5.3787
-6.161,-2.658,5.7367
5.6646,-2.4586,5.1717
-0.47235,2.909,5.5107
-0.29486,-8.5525,12.268
-5.5473,-2.7429,12.109
5.7764,-2.5788,11.979
-0.27506,2.7768,12.328
-2.9352,-11.31,5.9567
-8.7073,-6.0839,6.1837
2.7973,-5.8096,5.8707
-3.0399,-0.18314,5.7607
-2.885,-10.928,11.695
-8.7519,-5.2474,11.684
2.8899,-5.8259,11.56
-2.8171,-0.077782,12.026
-3.071,-5.2701,6.0867
-8.7915,0.56639,5.8927
2.8129,0.29274,5.5087
-2.9062,6.2805,6.3397
-2.8475,-5.8075,11.385
-8.5984,-0.21355,12.165
2.8065,-0.24961,12.196
-2.9069,5.8513,11.426
-11.834,-0.14176,-9.1099
-5.88,5.8036,-9.3929
-11.47,6.2851,-9.4359
-11.926,8.5613,-12.897
-11.792,2.9448,-11.64
-5.7209,8.9184,-11.929
-8.6073,5.6714,-12.348
-8.6907,11.248,-11.712
-11.561,0.31645,-3.2362
-5.9853,6.288,-3.3512
-11.825,11.813,-3.0762
-11.834,-0.14176,2.7258
-5.88,5.8036,2.4428
-11.82,10.86,-8.7962
-11.574,5.1608,-3.5572
-6.3162,11.102,-3.1262
-11.47,6.2851,2.3998
-11.335,8.62,-5.8452
-11.926,8.5613,-1.0612
-11.57,3.0296,-6.6932
-5.8326,9.0386,-6.9002
-11.792,2.9448,0.19576
-5.7209,8.9184,-0.093238
-8.6999,5.6876,-6.2012
-8.6073,5.6714,-0.51224
-8.6843,11.79,-6.5632
-8.6907,11.248,0.12376
-11.561,0.31645,8.5994
-5.9853,6.288,8.4844
-11.825,11.813,8.7594
-11.82,10.86,3.0394
-11.574,5.1608,8.2784
-6.3162,11.102,8.7094
-11.335,8.62,5.9904
-11.926,8.5613,10.774
-11.57,3.0296,5.1424
-5.8326,9.0386,4.9354
-11.792,2.9448,12.031
-5.7209,8.9184,11.742
-8.6999,5.6876,5.6344
-8.6073,5.6714,11.323
-8.6843,11.79,5.2724
-8.6907,11.248,11.959
11.363,-2.9622,-11.367
11.177,-2.8893,-5.0737
11.363,-2.9622,0.4683
11.177,-2.8893,6.762
11.363,-2.9622,12.304
11.195,-0.1765,-8.6366
5.4729,5.4231,-8.6406
11.56,6.2504,-8.9626
5.9396,12.173,-8.7446
6.1354,0.86436,-8.7226
5.2812,3.1497,-12.095
-0.13378,8.5351,-11.604
11.104,8.5266,-12.424
11.237,2.91,-11.167
5.9848,8.7196,-11.326
8.6471,0.53485,-11.74
2.7802,6.215,-11.751
8.715,11.385,-11.409
8.6845,5.655,-12.05
2.9337,11.249,-11.27
11.468,0.28171,-2.7629
5.5945,6.1571,-2.7339
11.205,11.779,-2.6029
11.195,-0.1765,3.1991
5.4729,5.4231,3.1951
11.209,10.825,-8.3229
11.455,5.1261,-3.0839
5.3866,11.513,-2.7099
11.56,6.2504,2.8731
5.9396,12.173,3.0911
6.1354,0.86436,3.1131
5.6836,2.9991,-5.3079
-0.31975,8.6079,-5.3099
11.694,8.5853,-5.3719
5.2812,3.1497,-0.25894
-0.13378,8.5351,0.23206
11.104,8.5266,-0.58794
11.459,2.9949,-6.2199
5.371,8.8045,-5.8619
11.237,2.91,0.66906
5.9848,8.7196,0.51006
8.5969,0.15231,-5.6419
2.8248,5.3785,-5.4149
8.4922,11.279,-5.8379
8.6471,0.53485,0.096058
2.7802,6.215,0.085058
8.715,11.385,0.42706
8.4611,6.1924,-5.5119
2.7406,12.029,-5.7059
8.6845,5.655,-0.21394
2.9337,11.249,0.56606
11.468,0.28171,9.0727
5.5945,6.1571,9.1017
11.205,11.779,9.2327
11.209,10.825,3.5127
11.455,5.1261,8.7517
5.3866,11.513,9.1257
5.6836,2.9991,6.5277
-0.31975,8.6079,6.5257
11.694,8.5853,6.4637
5.2812,3.1497,11.577
-0.13378,8.5351,12.068
11.104,8.5266,11.248
11.459,2.9949,5.6157
5.371,8.8045,5.9737
11.237,2.91,12.505
5.9848,8.7196,12.346
8.5969,0.15231,6.1937
2.8248,5.3785,6.4207
8.4922,11.279,5.9977
8.6471,0.53485,11.932
2.7802,6.215,11.921
8.715,11.385,12.263
8.4611,6.1924,6.3237
2.7406,12.029,6.1297
8.6845,5.655,11.622
2.9337,11.249,12.402
-0.30173,11.321,-8.8728
-5.3618,12.362,-8.9588
-2.8501,12.032,-11.976
-0.028791,11.779,-2.9992
-0.30173,11.321,2.9628
-5.3618,12.362,2.8768
-2.9004,11.65,-5.8782
-2.8501,12.032,-0.14018
-0.028791,11.779,8.8365
-2.9004,11.65,5.9575
-2.8501,12.032,11.695
0,0,0
-5.6137,0.08556,0.132
0.13364,-5.625,-0.038
0.0049497,5.8103,0.174
5.8075,0.31749,0.045
-0.0084853,-0.011314,-5.859
-0.0084853,-0.011314,5.9767
5.6816,0.1888,-5.498
-5.7749,-5.6066,-0.059
5.8874,-5.5324,0.028
-5.7799,0.23617,-5.692
0.077075,-5.7933,5.7587
-0.28355,5.6477,5.9127
-0.28355,5.6477,-5.923
-5.6098,5.9648,-0.20824
5.7571,5.8558,0.17806
0.077075,-5.7933,-6.077
-5.7799,0.23617,6.1437
5.6816,0.1888,6.3377
5.6109,-5.2715,-5.82
5.6109,-5.2715,6.0157
-5.8951,-5.4468,5.6947
-5.8951,-5.4468,-6.141
5.6369,6.0156,-5.9039
5.6369,6.0156,5.9317
-5.8863,6.2257,5.7794
-5.8863,6.2257,-6.0562
0.028991,-11.266,0.206
-11.468,0.23089,-0.030238
11.561,0.19615,0.44306
0.06384,11.693,0.20682
0,0,11.836
0,0,-11.836
-5.7246,-11.145,-0.19206
11.403,0.11624,-5.4369
-0.12869,-11.346,-5.674
-11.364,5.8722,-0.27424
11.502,-5.6869,0.41024
-11.527,-5.6522,-0.063058
5.8835,-11.412,0.36824
-0.12869,-11.346,6.1617
-0.093845,11.613,-5.6732
-5.6137,0.08556,-11.704
5.9183,11.548,0.36906
0.0049497,5.8103,-11.662
-11.626,0.15098,-5.9102
11.666,5.8374,0.19906
-11.626,0.15098,5.9254
0.13364,-5.625,11.798
11.403,0.11624,6.3987
-5.6898,11.815,-0.19124
0.13364,-5.625,-11.874
5.8075,0.31749,-11.791
-0.093845,11.613,6.1625
-5.6137,0.08556,11.968
5.8075,0.31749,11.881
0.0049497,5.8103,12.01
5.7173,-11.261,-5.4558
11.214,-5.8496,-5.6868
-11.42,5.7039,5.5224
-5.8505,-11.274,-5.7351
11.214,-5.8496,6.1489
-5.8505,-11.274,6.1006
5.7522,11.699,-5.4549
5.7173,-11.261,6.3799
11.609,5.6692,-5.8399
-5.6098,5.9648,11.627
-11.42,5.7039,-6.3132
11.609,5.6692,5.9957
-5.8156,11.686,-5.7342
5.7571,5.8558,-11.658
-5.7749,-5.6066,11.777
5.8874,-5.5324,-11.808
-11.816,-5.8148,5.6756
5.8874,-5.5324,11.864
-5.7749,-5.6066,-11.895
-5.8156,11.686,6.1014
5.7522,11.699,6.3807
-11.816,-5.8148,-6.1601
5.7571,5.8558,12.014
-5.6098,5.9648,-12.044
0.028991,-11.266,-11.63
11.561,0.19615,-11.393
11.497,-11.497,0.23624
-11.497,11.497,-0.23624
-11.532,-11.462,-0.23706
11.532,11.462,0.23706
-11.468,0.23089,11.805
0.028991,-11.266,12.042
0.06384,11.693,-11.629
-11.468,0.23089,-11.866
0.06384,11.693,12.042
11.561,0.19615,12.279
-5.7246,-11.145,11.644
11.502,-5.6869,-11.425
11.524,11.451,-5.6219
11.489,-11.509,-5.6228
5.8835,-11.412,-11.467
-11.506,11.486,5.7404
-11.364,5.8722,11.561
-11.541,-11.474,5.7396
5.9183,11.548,-11.467
-11.506,11.486,-6.0952
-5.7246,-11.145,-12.028
-11.541,-11.474,-6.0961
11.524,11.451,6.2137
11.489,-11.509,6.2129
-11.527,-5.6522,11.773
11.666,5.8374,-11.637
-11.527,-5.6522,-11.899
-5.6898,11.815,11.644
-11.364,5.8722,-12.11
5.8835,-11.412,12.204
11.502,-5.6869,12.246
11.666,5.8374,12.035
-5.6898,11.815,-12.027
5.9183,11.548,12.205
-11.532,-11.462,11.599
11.532,11.462,-11.599
11.497,-11.497,-11.599
-11.497,11.497,11.599
11.497,-11.497,12.072
-11.497,11.497,-12.072
-11.532,-11.462,-12.073
11.532,11.462,12.073
