-9.6283,-9.0429,-3.6918
-2.6668,-9.6955,-10.304
-8.9692,-3.3945,-10.303
-9.617,-9.0089,-10.269
-9.6287,-9.0415,9.4855
-2.6672,-9.6942,2.8735
-8.9697,-3.3932,2.8745
-9.6174,-9.0076,2.9085
10.025,-9.6077,-3.6503
9.971,-9.6622,-10.299
10.025,-9.6064,9.5269
9.9706,-9.6609,2.8779
-2.6095,-9.6441,-3.6522
-8.9134,-3.3417,-3.6522
3.7255,-3.3063,-3.6542
-2.577,2.9961,-3.6522
3.0106,-9.0091,-3.6922
-3.2911,-2.7074,-3.6922
9.347,-2.6714,-3.6922
3.0459,3.6297,-3.6922
3.6703,-3.3601,-10.305
-2.6314,2.9417,-10.301
10.007,2.977,-10.304
3.705,9.278,-10.303
3.0233,-8.9752,-10.27
-3.2791,-2.6742,-10.269
9.359,-2.6381,-10.269
3.0573,3.6636,-10.269
-2.6099,-9.6428,9.525
-8.9138,-3.3404,9.525
3.725,-3.305,9.523
-2.5774,2.9974,9.525
3.0102,-9.0078,9.485
-3.2916,-2.7061,9.485
9.3465,-2.67,9.485
3.0455,3.631,9.485
3.6699,-3.3588,2.872
-2.6319,2.943,2.876
10.007,2.9783,2.873
3.7045,9.2794,2.874
3.0229,-8.9739,2.907
-3.2796,-2.6729,2.908
9.3586,-2.6368,2.908
3.0568,3.6649,2.908
-8.8769,9.2975,-3.6561
-9.5918,3.5947,-3.6941
-3.2554,9.9325,-3.6941
-8.9321,9.2438,-10.307
-9.5791,3.6286,-10.272
-3.2434,9.9657,-10.271
-8.8774,9.2988,9.5211
-9.5922,3.596,9.4831
-3.2559,9.9338,9.4831
-8.9325,9.2451,2.8701
-9.5795,3.63,2.9051
-3.2438,9.967,2.9061
10.065,3.0284,-3.6527
3.7609,9.3308,-3.6527
9.3831,9.9651,-3.6927
9.3951,9.9984,-10.27
10.064,3.0297,9.5245
3.7604,9.3322,9.5245
9.3826,9.9664,9.4845
9.3946,9.9997,2.9075
-3.8661,-9.4311,-2.8708
-10.169,-3.1293,-2.8698
-9.3907,-10.27,-2.8758
-8.3852,-9.2578,-9.4608
-3.8665,-9.4297,10.306
-10.17,-3.128,10.307
-9.3911,-10.269,10.301
-8.3856,-9.2565,3.7165
8.771,-9.397,-2.8693
3.2471,-10.237,-2.8733
9.5835,-3.8993,-2.8733
9.7504,-8.3965,-9.5373
4.2533,-9.2252,-9.4593
10.59,-2.8874,-9.4593
8.7706,-9.3957,10.308
3.2467,-10.236,10.304
9.5831,-3.8979,10.304
9.7499,-8.3951,3.6399
4.2529,-9.2239,3.7179
10.589,-2.8861,3.7179
2.4711,-3.0942,-2.8722
-3.8314,3.2068,-2.8712
8.8082,3.2415,-2.8712
2.505,9.5432,-2.8702
-3.0536,-3.935,-2.8762
-9.3553,2.3668,-2.8752
3.2835,2.4021,-2.8762
-3.0189,8.7046,-2.8752
-2.8867,-8.4293,-9.5442
-9.1884,-2.129,-9.5442
3.4497,-2.0929,-9.5442
-2.852,4.2074,-9.5392
-2.0466,-2.9224,-9.4622
-8.3491,3.3787,-9.4612
4.289,3.4147,-9.4612
-2.0127,9.7165,-9.4612
2.4706,-3.0929,10.305
-3.8318,3.2081,10.306
8.8077,3.2428,10.306
2.5046,9.5445,10.307
-3.054,-3.9336,10.301
-9.3557,2.3681,10.302
3.2831,2.4035,10.301
-3.0193,8.7059,10.302
-2.8871,-8.428,3.633
-9.1889,-2.1277,3.633
3.4493,-2.0916,3.633
-2.8525,4.2087,3.638
-2.0471,-2.9211,3.715
-8.3495,3.38,3.716
4.2886,3.416,3.716
-2.0131,9.7178,3.716
-10.131,9.5096,-2.8741
-9.1527,10.511,-9.5461
-10.132,9.511,10.303
-9.1531,10.512,3.6311
9.6207,8.7376,-2.8767
9.7875,4.2432,-9.5447
3.4858,10.544,-9.5447
10.628,9.7502,-9.4627
9.6202,8.7389,10.301
9.7871,4.2445,3.6325
3.4854,10.545,3.6325
10.627,9.7515,3.7145
0.35006,-12.93,-10.158
0.34963,-12.929,3.0194
-12.287,-12.964,-10.161
-5.9499,-6.6274,-10.161
-12.252,-0.32635,-10.16
-6.3324,-12.049,-3.5808
-12.634,-5.747,-3.5798
-12.001,-12.715,-3.5828
-6.5891,-12.293,-10.176
-12.891,-5.9924,-10.175
-9.3787,-13.237,-13.629
-3.0783,-12.131,-13.526
-9.3794,-5.8298,-13.525
-12.1,-9.4473,-13.515
-5.3269,-9.2854,-7.0278
-11.629,-2.9837,-7.0268
-6.8889,-9.4021,-13.625
-13.194,-3.1003,-13.623
-12.813,-9.2762,-6.9478
-9.2082,-11.781,-7.0368
-2.8634,-12.87,-6.8978
-9.1651,-6.5701,-6.8968
-12.287,-12.963,3.0165
-5.9503,-6.6261,3.0165
-12.253,-0.32504,3.0175
-6.3329,-12.047,9.5965
-12.635,-5.7457,9.5975
-12.001,-12.714,9.5945
-6.5896,-12.291,3.0015
-12.891,-5.9911,3.0025
-9.3791,-13.235,-0.45154
-3.0788,-12.129,-0.34854
-9.3798,-5.8284,-0.34754
-12.101,-9.446,-0.33754
-5.3274,-9.2841,6.1495
-11.629,-2.9823,6.1505
-6.8894,-9.4008,-0.44754
-13.194,-3.099,-0.44554
-12.814,-9.2749,6.2295
-9.2087,-11.779,6.1405
-2.8638,-12.869,6.2795
-9.1655,-6.5688,6.2805
-9.3795,-13.234,12.726
-3.0792,-12.128,12.829
-9.3802,-5.8271,12.83
-12.101,-9.4447,12.84
-6.8898,-9.3994,12.73
-13.194,-3.0977,12.732
12.99,-12.896,-10.159
6.6886,-6.5948,-10.159
13.024,-0.25766,-10.158
6.3053,-12.015,-3.5793
12.642,-5.6783,-3.5783
0.63859,-12.683,-3.5803
13.276,-12.646,-3.5813
6.9743,-6.3459,-3.5803
6.0494,-12.26,-10.174
12.386,-5.9237,-10.173
3.2605,-13.205,-13.626
9.5962,-6.8677,-13.626
9.5609,-12.097,-13.523
13.176,-9.3786,-13.513
7.3108,-9.2521,-7.0253
13.648,-2.915,-7.0253
5.7489,-9.3701,-13.622
12.083,-3.0316,-13.621
12.464,-9.2075,-6.9463
3.4302,-11.748,-7.0353
9.7666,-5.4104,-7.0353
9.7751,-12.838,-6.8953
12.989,-12.894,3.0179
6.6882,-6.5934,3.0179
13.024,-0.25635,3.0189
6.3049,-12.014,9.5979
12.642,-5.677,9.5989
0.63816,-12.682,9.5969
13.276,-12.645,9.5959
6.9738,-6.3445,9.5969
6.0489,-12.259,3.0029
12.385,-5.9224,3.0039
3.2601,-13.203,-0.4491
9.5958,-6.8664,-0.4491
9.5604,-12.096,-0.3461
13.176,-9.3773,-0.3361
7.3104,-9.2507,6.1519
13.648,-2.9137,6.1519
5.7484,-9.3688,-0.4451
12.083,-3.0303,-0.4441
12.463,-9.2062,6.2309
3.4298,-11.747,6.1419
9.7662,-5.409,6.1419
9.7747,-12.836,6.2819
3.2597,-13.202,12.728
9.5954,-6.8651,12.728
9.56,-12.095,12.831
13.175,-9.376,12.841
5.748,-9.3675,12.732
12.082,-3.029,12.733
0.38722,-0.29194,-10.161
-5.9138,6.0091,-10.161
6.7243,6.0452,-10.161
0.42187,12.346,-10.16
0.0053832,-5.7126,-3.5812
-6.2971,0.58841,-3.5812
6.3418,0.62377,-3.5812
0.040031,6.9255,-3.5802
-5.6621,-6.3808,-3.5832
-11.964,-0.079098,-3.5822
0.6736,-0.042328,-3.5832
-5.6281,6.258,-3.5822
-0.2513,-5.958,-10.176
-6.553,0.34375,-10.176
6.0851,0.37981,-10.176
-0.21665,6.6801,-10.175
-3.0401,-6.9027,-13.629
-9.3419,-0.60094,-13.628
3.2956,-0.56417,-13.629
-3.0062,5.7361,-13.628
3.2602,-5.7953,-13.526
-3.0415,0.50639,-13.525
9.5959,0.54174,-13.526
3.2948,6.8428,-13.525
0.53925,-9.4129,-13.515
-5.7618,-3.1119,-13.515
6.8749,-3.0758,-13.515
0.5739,3.2252,-13.515
1.0109,-2.9492,-7.0282
-5.2916,3.3518,-7.0272
7.3473,3.3871,-7.0282
1.0455,9.6889,-7.0272
-0.55182,-3.0666,-13.625
-6.8536,3.2337,-13.624
5.7853,3.2705,-13.625
-0.51929,9.5722,-13.623
-0.17351,-9.2418,-6.9482
-6.476,-2.9408,-6.9482
6.1622,-2.9047,-6.9492
-0.13887,3.3963,-6.9482
-2.8697,-5.4453,-7.0382
-9.1722,0.8557,-7.0372
3.466,0.89176,-7.0372
-2.8358,7.1935,-7.0372
3.4744,-6.5357,-6.8982
-2.8273,-0.23395,-6.8972
9.8108,-0.19789,-6.8982
3.5091,6.1024,-6.8972
0.38679,-0.29062,3.016
-5.9142,6.0104,3.016
6.7239,6.0465,3.016
0.42144,12.347,3.017
0.0049497,-5.7113,9.596
-6.2975,0.58973,9.596
6.3413,0.62508,9.596
0.039598,6.9268,9.597
-5.6625,-6.3795,9.594
-11.964,-0.077782,9.595
0.67317,-0.041012,9.594
-5.6286,6.2593,9.595
-0.25173,-5.9567,3.001
-6.5535,0.34507,3.001
6.0847,0.38113,3.001
-0.21708,6.6815,3.002
-3.0406,-6.9014,-0.452
-9.3423,-0.59963,-0.451
3.2951,-0.56286,-0.452
-3.0066,5.7375,-0.451
3.2598,-5.794,-0.349
-3.042,0.5077,-0.348
9.5954,0.54306,-0.349
3.2944,6.8441,-0.348
0.53882,-9.4116,-0.338
-5.7622,-3.1106,-0.338
6.8745,-3.0745,-0.338
0.57346,3.2265,-0.338
1.0105,-2.9479,6.149
-5.292,3.3531,6.15
7.3468,3.3885,6.149
1.0451,9.6902,6.15
-0.55225,-3.0653,-0.448
-6.854,3.235,-0.447
5.7848,3.2718,-0.448
-0.51972,9.5735,-0.446
-0.17395,-9.2405,6.229
-6.4764,-2.9394,6.229
6.1617,-2.9034,6.228
-0.1393,3.3976,6.229
-2.8701,-5.444,6.139
-9.1726,0.85701,6.14
3.4655,0.89308,6.14
-2.8362,7.1948,6.14
3.474,-6.5344,6.279
-2.8277,-0.23264,6.28
9.8104,-0.19658,6.279
3.5087,6.1037,6.28
-3.041,-6.9,12.725
-9.3427,-0.59831,12.726
3.2947,-0.56154,12.725
-3.0071,5.7388,12.726
3.2593,-5.7927,12.828
-3.0424,0.50902,12.829
9.595,0.54437,12.828
3.294,6.8454,12.829
0.53838,-9.4103,12.839
-5.7626,-3.1092,12.839
6.8741,-3.0732,12.839
0.57303,3.2278,12.839
-0.55268,-3.064,12.729
-6.8544,3.2363,12.73
5.7844,3.2731,12.729
-0.52016,9.5748,12.731
-12.215,12.312,-10.163
-12.597,6.8912,-3.5831
-6.2606,13.228,-3.5831
-11.929,12.562,-3.5851
-12.854,6.6459,-10.178
-6.5173,12.984,-10.178
-9.3069,12.04,-13.631
-9.3422,6.8085,-13.528
-3.0065,13.146,-13.528
-12.063,3.1909,-13.517
-5.7275,9.528,-13.517
-11.592,9.6546,-7.0301
-13.154,9.5372,-13.627
-12.776,3.3621,-6.9501
-6.4402,9.6992,-6.9511
-9.1364,13.496,-7.0391
-9.128,6.0682,-6.9001
-2.7916,12.406,-6.9001
-12.216,12.313,3.0141
-12.597,6.8925,9.5941
-6.2611,13.229,9.5941
-11.929,12.563,9.5921
-12.854,6.6472,2.9991
-6.5177,12.985,2.9991
-9.3073,12.041,-0.4539
-9.3426,6.8098,-0.3509
-3.007,13.147,-0.3509
-12.064,3.1923,-0.3399
-5.7279,9.5293,-0.3399
-11.592,9.6559,6.1471
-13.155,9.5385,-0.4499
-12.776,3.3634,6.2271
-6.4407,9.7005,6.2261
-9.1369,13.497,6.1381
-9.1284,6.0695,6.2771
-2.792,12.407,6.2771
-9.3077,12.042,12.723
-9.3431,6.8111,12.826
-3.0074,13.148,12.826
-12.064,3.1936,12.837
-5.7283,9.5307,12.837
-13.155,9.5399,12.727
13.313,-0.010411,-3.5808
13.312,-0.0090948,9.5964
13.061,12.381,-10.162
12.68,6.9599,-3.5817
6.3772,13.261,-3.5817
7.0121,6.2917,-3.5837
0.7104,12.593,-3.5827
13.348,12.63,-3.5837
12.423,6.7146,-10.177
6.1212,13.016,-10.177
9.6341,5.7699,-13.63
3.3323,12.072,-13.629
9.6327,13.179,-13.526
13.213,3.2596,-13.516
6.9124,9.5607,-13.516
13.685,9.7233,-7.0287
12.122,9.6059,-13.626
12.501,3.4307,-6.9487
6.1983,9.7318,-6.9487
9.8045,7.2272,-7.0387
3.5021,13.528,-7.0377
9.8469,12.439,-6.8977
13.061,12.382,3.0155
12.679,6.9612,9.5955
6.3767,13.262,9.5955
7.0117,6.293,9.5935
0.70996,12.595,9.5945
13.347,12.632,9.5935
12.422,6.7159,3.0005
6.1207,13.018,3.0005
9.6337,5.7712,-0.45246
3.3319,12.073,-0.45146
9.6322,13.18,-0.34846
13.213,3.2609,-0.33846
6.912,9.562,-0.33846
13.685,9.7246,6.1485
12.122,9.6072,-0.44846
12.5,3.4321,6.2285
6.1978,9.7331,6.2285
9.8041,7.2285,6.1385
3.5016,13.53,6.1395
9.8465,12.44,6.2795
9.6332,5.7725,12.725
3.3315,12.074,12.726
9.6318,13.182,12.829
13.213,3.2623,12.839
6.9116,9.5633,12.839
12.122,9.6085,12.729
0,0,0
0.074246,6.2614,-0.012
-6.2621,-0.074953,-0.013
6.376,-0.040305,-0.013
0.039598,-6.3767,-0.014
0.38396,0.37406,6.584
0.38439,0.37274,-6.5932
-5.8761,0.29698,6.587
-5.8756,0.29567,-6.5902
-6.3,6.3028,-0.002903
6.3024,-6.301,-0.001
0.42639,-6.004,6.586
0.42682,-6.0054,-6.5912
6.3364,6.3364,0
-6.3378,-6.3361,0.000461
0.46033,6.6348,6.587
0.46076,6.6335,-6.5902
6.7621,0.33305,6.587
6.7625,0.33173,-6.5902
-5.9524,-5.9623,6.584
-5.952,-5.9636,-6.5932
-5.9167,6.6776,6.5821
-5.9163,6.6763,-6.5951
6.6857,-5.9263,6.584
6.6861,-5.9276,-6.5932
6.7218,6.7102,6.5835
6.7222,6.7089,-6.5937
-0.036091,-12.636,0.000461
12.638,0.036062,0
-12.638,-0.032624,-0.001442
0.035717,12.64,-0.001903
0.00043346,-0.0013159,-13.177
-0.00043346,0.0013159,13.177
-12.252,0.34049,6.5821
-12.252,0.33918,-6.5951
0.35002,-12.263,6.584
0.35045,-12.265,-6.5932
-12.563,6.2272,-0.015903
-6.2264,12.564,-0.014903
6.4121,12.598,-0.013461
-12.6,-6.4111,-0.011539
12.677,-6.3424,-0.010097
6.3403,-12.679,-0.011097
12.714,6.2958,-0.014461
-6.2982,-12.713,-0.012539
-6.2626,-0.073637,13.164
0.073813,6.2627,13.165
0.42183,13.013,6.5816
0.42226,13.012,-6.5956
13.024,0.40918,6.5835
0.07468,6.2601,-13.189
-6.2617,-0.076269,-13.19
13.025,0.40786,-6.5937
0.039165,-6.3754,13.163
6.3755,-0.038989,13.164
6.3764,-0.041621,-13.19
0.040031,-6.378,-13.191
-12.214,-6.0378,6.5875
-12.213,-6.0391,-6.5898
-5.9121,-12.339,6.5875
-5.9117,-12.341,-6.5898
-12.176,6.5998,6.5841
-12.176,6.5985,-6.5931
6.7263,-12.307,6.5889
6.7268,-12.308,-6.5883
-5.8403,12.937,6.5851
-5.8399,12.936,-6.5921
13.063,-5.9691,6.5889
13.063,-5.9704,-6.5883
-6.3004,6.3041,13.174
6.302,-6.2997,13.176
-6.2995,6.3015,-13.18
6.3029,-6.3023,-13.178
6.3368,6.3351,-13.177
6.336,6.3377,13.177
-6.3374,-6.3375,-13.177
-6.3383,-6.3348,13.178
6.7982,12.97,6.5865
6.7986,12.968,-6.5907
13.101,6.6685,6.5855
13.101,6.6672,-6.5917
12.602,-12.604,0.001903
-12.602,12.604,-0.001903
-12.674,-12.673,0.000461
12.674,12.673,-0.000461
-0.036525,-12.635,13.178
-0.035658,-12.638,-13.177
-12.639,-0.031309,13.176
12.638,0.037378,13.177
12.639,0.034747,-13.177
0.035283,12.641,13.175
-12.638,-0.03394,-13.179
0.03615,12.639,-13.179
-12.29,-12.298,6.5845
-12.29,-12.3,-6.5928
-12.218,12.978,6.5821
-12.218,12.977,-6.5951
12.986,-12.23,6.5859
12.987,-12.231,-6.5913
-12.563,6.2285,13.161
-6.2269,12.565,13.162
-6.226,12.562,-13.192
-12.562,6.2258,-13.193
6.4116,12.599,13.164
-12.6,-6.4098,13.166
6.4125,12.596,-13.191
-12.6,-6.4124,-13.189
6.3398,-12.677,13.166
12.676,-6.3411,13.167
12.713,6.2972,13.163
-6.2987,-12.712,13.165
12.677,-6.3437,-13.187
6.3407,-12.68,-13.188
-6.2978,-12.714,-13.19
12.714,6.2945,-13.192
13.058,13.047,6.5835
13.059,13.045,-6.5937
12.603,-12.605,-13.175
-12.603,12.605,13.175
12.602,-12.603,13.179
-12.602,12.603,-13.179
-12.675,-12.671,13.178
12.675,12.671,-13.178
-12.674,-12.674,-13.177
12.674,12.674,13.177
