-9.5102,-8.7126,-3.7488
-2.9051,-9.7797,-10.736
-9.076,-3.4009,-10.193
-9.4586,-9.412,-10.686
-9.5106,-8.7113,9.4285
-2.9055,-9.7783,2.4415
-9.0765,-3.3995,2.9845
-9.459,-9.4107,2.4915
9.9172,-9.0541,-3.5783
9.5481,-9.6339,-10.178
9.9168,-9.0528,9.5989
9.5477,-9.6326,2.9989
-2.7396,-9.5466,-3.9752
-8.9162,-3.189,-3.6642
3.7036,-3.0355,-3.7972
-2.6852,3.5498,-3.5802
3.0976,-8.7298,-3.7172
-3.2834,-2.6544,-3.9892
9.598,-2.4826,-3.5022
3.164,3.9599,-3.7492
3.1096,-3.3961,-10.566
-3.0543,2.9699,-10.18
9.7691,2.8929,-10.736
3.5982,9.2717,-10.193
2.7497,-9.4907,-10.193
-3.5273,-3.1274,-10.206
9.161,-3.0949,-10.051
3.2156,3.2606,-10.686
-2.74,-9.5452,9.202
-8.9166,-3.1876,9.513
3.7031,-3.0342,9.38
-2.6856,3.5511,9.597
3.0971,-8.7285,9.46
-3.2838,-2.6531,9.188
9.5976,-2.4812,9.675
3.1636,3.9612,9.428
3.1091,-3.3948,2.611
-3.0547,2.9713,2.997
9.7687,2.8942,2.441
3.5978,9.273,2.984
2.7492,-9.4894,2.984
-3.5278,-3.1261,2.971
9.1606,-3.0936,3.126
3.2152,3.2619,2.491
-8.8989,9.5683,-3.7991
-9.5048,3.874,-3.7191
-3.0044,10.121,-3.5041
-9.4928,9.2077,-10.568
-9.8527,3.1132,-10.195
-3.4414,9.5089,-10.053
-8.8993,9.5697,9.3781
-9.5053,3.8753,9.4581
-3.0048,10.123,9.6731
-9.4933,9.209,2.6091
-9.8532,3.1145,2.9821
-3.4418,9.5103,3.1241
9.9346,3.126,-3.9757
3.758,9.4836,-3.6647
9.3908,10.018,-3.9897
9.1469,9.5451,-10.207
9.9342,3.1273,9.2015
3.7576,9.4849,9.5125
9.3904,10.019,9.1875
9.1465,9.5464,2.9705
-3.9615,-9.7372,-3.1348
-9.8411,-3.2326,-2.4808
-9.8142,-9.6135,-2.5958
-8.0854,-9.3978,-10.088
-3.9619,-9.7359,10.042
-9.8415,-3.2312,10.696
-9.8147,-9.6122,10.581
-8.0858,-9.3965,3.0895
8.8481,-9.2139,-2.5403
2.9579,-9.9436,-2.8523
9.802,-3.3838,-2.3203
9.5206,-8.9869,-8.8363
3.839,-9.3284,-9.1773
10.439,-3.277,-9.2883
8.8477,-9.2126,10.637
2.9575,-9.9423,10.325
9.8016,-3.3825,10.857
9.5201,-8.9856,4.3409
3.8385,-9.3271,3.9999
10.439,-3.2757,3.8889
2.4011,-3.1939,-3.0792
-3.7543,3.39,-2.5422
8.7127,2.9353,-3.1352
2.8331,9.44,-2.4812
-3.3817,-3.9802,-3.2992
-9.6445,2.6602,-2.8542
2.86,3.059,-2.5962
-2.8004,9.2201,-2.3222
-2.8973,-8.7016,-9.7022
-9.1856,-2.1799,-9.3382
3.4271,-2.018,-10.067
-3.0818,3.6169,-8.8382
-2.2708,-3.0716,-9.4002
-8.7634,3.2754,-9.1792
4.5888,3.2747,-10.088
-2.1633,9.3268,-9.2902
2.4006,-3.1926,10.098
-3.7547,3.3913,10.635
8.7123,2.9366,10.042
2.8327,9.4413,10.696
-3.3821,-3.9789,9.878
-9.6449,2.6615,10.323
2.8595,3.0604,10.581
-2.8008,9.2214,10.855
-2.8977,-8.7002,3.475
-9.186,-2.1786,3.839
3.4266,-2.0167,3.11
-3.0823,3.6183,4.339
-2.2712,-3.0703,3.777
-8.7639,3.2767,3.998
4.5884,3.276,3.089
-2.1637,9.3282,3.887
-10.201,9.4099,-3.0811
-9.1753,10.586,-10.069
-10.202,9.4113,10.096
-9.1758,10.587,3.1081
9.2926,8.6923,-3.2997
9.7769,3.971,-9.7027
3.4886,10.493,-9.3387
10.403,9.601,-9.4007
9.2921,8.6936,9.8775
9.7765,3.9723,3.4745
3.4882,10.494,3.8385
10.403,9.6023,3.7765
0.12449,-13.064,-9.8289
0.12406,-13.063,3.3484
-12.611,-13.088,-10.25
-12.478,-0.45999,-9.8308
-6.6146,-12.164,-3.6138
-12.22,-5.7173,-3.0778
-5.8728,-6.6946,-3.6138
-11.709,-12.558,-3.7788
-6.2907,-12.447,-10.362
-13.244,-6.4916,-9.7878
-9.4465,-13.46,-13.497
-3.1052,-12.012,-13.646
-9.5378,-5.7124,-12.892
-12.323,-9.4395,-13.318
-5.3998,-9.3639,-7.2838
-11.728,-3.0303,-6.5188
-6.7977,-9.3731,-13.662
-12.934,-3.1406,-12.937
-12.932,-9.3299,-6.7728
-9.4119,-11.779,-7.5518
-3.1512,-13.239,-6.6598
-9.3518,-6.754,-7.2968
-12.611,-13.086,2.9275
-12.478,-0.45868,3.3465
-6.615,-12.163,9.5635
-12.22,-5.716,10.099
-5.8733,-6.6932,9.5635
-11.71,-12.557,9.3985
-6.2912,-12.446,2.8155
-13.245,-6.4903,3.3895
-9.447,-13.459,-0.31954
-3.1056,-12.011,-0.46854
-9.5382,-5.7111,0.28546
-12.323,-9.4382,-0.14054
-5.4002,-9.3626,5.8935
-11.728,-3.029,6.6585
-6.7982,-9.3718,-0.48454
-12.934,-3.1393,0.24046
-12.932,-9.3286,6.4045
-9.4123,-11.778,5.6255
-3.1516,-13.238,6.5175
-9.3522,-6.7526,5.8805
-9.4474,-13.458,12.858
-3.1061,-12.009,12.709
-9.5386,-5.7098,13.463
-12.324,-9.4369,13.037
-6.7986,-9.3704,12.693
-12.935,-3.138,13.418
12.666,-13.019,-10.248
6.6497,-6.8444,-9.8553
12.799,-0.39131,-9.8293
6.1873,-11.739,-3.3673
13.057,-5.6486,-3.0763
0.58485,-12.58,-3.4183
13.567,-12.489,-3.7773
6.7657,-5.9393,-3.2393
5.9065,-12.3,-9.8293
12.032,-6.4229,-9.7863
3.3058,-13.114,-13.151
9.5418,-6.867,-13.201
9.4859,-11.849,-13.375
12.954,-9.3709,-13.316
6.9644,-9.269,-6.4143
13.549,-2.9616,-6.5173
5.8167,-9.3928,-12.979
12.343,-3.0719,-12.935
12.345,-9.2613,-6.7713
3.2584,-11.733,-6.6443
9.4845,-5.7278,-6.2613
9.5418,-12.788,-7.1643
12.665,-13.018,2.9289
6.6493,-6.843,3.3219
12.798,-0.38999,3.3479
6.1868,-11.738,9.8099
13.056,-5.6473,10.101
0.58442,-12.578,9.7589
13.567,-12.488,9.3999
6.7652,-5.938,9.9379
5.9061,-12.298,3.3479
12.032,-6.4216,3.3909
3.3054,-13.113,0.025903
9.5413,-6.8657,-0.024097
9.4855,-11.847,-0.1981
12.953,-9.3695,-0.1391
6.9639,-9.2677,6.7629
13.549,-2.9603,6.6599
5.8163,-9.3915,0.1979
12.342,-3.0706,0.2419
12.344,-9.2599,6.4059
3.258,-11.732,6.5329
9.4841,-5.7265,6.9159
9.5413,-12.787,6.0129
3.3049,-13.112,13.203
9.5409,-6.8644,13.153
9.485,-11.846,12.979
12.953,-9.3682,13.038
5.8159,-9.3901,13.375
12.342,-3.0693,13.419
-3.1649,-6.957,-13.896
3.2161,-5.7521,-13.839
-5.622,-3.0248,-13.844
-0.70412,-2.9308,-13.744
0.063366,-0.41497,-10.25
-5.9527,5.7595,-9.8572
-5.8678,-6.4127,-10.48
0.1963,12.213,-9.8312
-0.14947,-5.8378,-3.7312
-6.4151,0.86489,-3.3692
6.0596,0.50851,-3.6142
0.4544,6.9552,-3.0782
6.8014,5.978,-3.6142
-12.018,0.02414,-3.4202
0.96493,0.11465,-3.7792
-5.8367,6.6646,-3.2412
-0.5108,-6.2033,-10.524
-6.6959,0.30415,-9.8312
6.3835,0.22567,-10.362
-0.5702,6.1809,-9.7882
-3.1653,-6.9557,-0.71922
-9.2966,-0.51043,-13.153
3.2277,-0.78762,-13.497
-3.0606,5.7369,-13.203
3.2156,-5.7508,-0.66222
-3.1165,0.75529,-13.377
9.569,0.66054,-13.646
3.1365,6.9602,-12.892
0.54561,-9.2086,-13.584
-5.6225,-3.0235,-0.66722
6.8424,-2.991,-13.336
0.35116,3.233,-13.318
0.77542,-2.9047,-7.1422
-5.638,3.3348,-6.4162
7.2744,3.3087,-7.2842
0.94654,9.6422,-6.5192
-0.70455,-2.9294,-0.56722
-6.7857,3.2111,-12.981
5.8765,3.2995,-13.662
-0.25978,9.5319,-12.937
-0.58788,-9.4355,-7.3632
-6.4385,-3.0546,-6.5192
5.7839,-2.8446,-7.2162
-0.25766,3.3426,-6.7732
-3.166,-5.7798,-7.1132
-9.344,0.87055,-6.6462
3.2623,0.89317,-7.5522
-3.1179,6.876,-6.2632
3.2977,-6.5371,-6.7852
-3.0606,-0.18446,-7.1662
9.523,-0.56629,-6.6602
3.3224,5.9186,-7.2972
0.062933,-0.41366,2.927
-5.9531,5.7608,3.32
-5.8683,-6.4113,2.697
0.19587,12.214,3.346
-0.14991,-5.8365,9.446
-6.4156,0.86621,9.808
6.0592,0.50982,9.563
0.45396,6.9565,10.099
6.801,5.9793,9.563
-12.018,0.025456,9.757
0.96449,0.11597,9.398
-5.8372,6.6659,9.936
-0.51124,-6.202,2.653
-6.6963,0.30547,3.346
6.3831,0.22698,2.815
-0.57064,6.1822,3.389
-3.1657,-6.9544,12.458
-9.297,-0.50912,0.024
3.2272,-0.7863,-0.32
-3.0611,5.7382,-0.026
3.2152,-5.7495,12.515
-3.1169,0.7566,-0.2
9.5686,0.66185,-0.469
3.136,6.9615,0.285
0.54518,-9.2072,-0.407
-5.6229,-3.0222,12.51
6.842,-2.9896,-0.159
0.35072,3.2343,-0.141
0.77499,-2.9034,6.035
-5.6385,3.3361,6.761
7.274,3.31,5.893
0.94611,9.6435,6.658
-0.70499,-2.9281,12.61
-6.7861,3.2124,0.196
5.8761,3.3008,-0.485
-0.26022,9.5332,0.24
-0.58831,-9.4342,5.814
-6.4389,-3.0533,6.658
5.7834,-2.8433,5.961
-0.25809,3.3439,6.404
-3.1664,-5.7785,6.064
-9.3444,0.87186,6.531
3.2619,0.89449,5.625
-3.1183,6.8773,6.914
3.2972,-6.5358,6.392
-3.0611,-0.18314,6.011
9.5226,-0.56498,6.517
3.322,5.9199,5.88
-9.2975,-0.5078,13.201
3.2268,-0.78499,12.857
-3.0615,5.7395,13.151
-3.1174,0.75792,12.977
9.5681,0.66317,12.708
3.1356,6.9628,13.462
0.54475,-9.2059,12.77
6.8415,-2.9883,13.018
0.35029,3.2356,13.036
-6.7865,3.2137,13.373
5.8756,3.3021,12.692
-0.26065,9.5345,13.417
-9.3863,6.8517,-13.841
-13.307,9.6731,-13.746
-12.539,12.189,-10.252
-12.752,6.7661,-3.7331
-6.5428,13.112,-3.6161
-11.637,12.718,-3.7811
-13.113,6.4005,-10.526
-6.2189,12.83,-10.364
-9.3747,11.816,-13.499
-9.3868,6.853,-0.66413
-3.0334,13.264,-13.648
-12.057,3.3953,-13.586
-5.76,9.6129,-13.338
-11.827,9.6992,-7.1441
-13.307,9.6744,-0.56913
-13.19,3.1683,-7.3651
-6.8185,9.7593,-7.2181
-9.3401,13.497,-7.5541
-9.3047,6.0667,-6.7871
-3.0794,12.038,-6.6621
-12.539,12.19,2.9251
-12.752,6.7674,9.4441
-6.5432,13.114,9.5611
-11.638,12.72,9.3961
-13.114,6.4018,2.6511
-6.2193,12.831,2.8131
-9.3752,11.818,-0.3219
-9.3872,6.8544,12.513
-3.0338,13.266,-0.4709
-12.057,3.3966,-0.4089
-5.7604,9.6142,-0.1609
-11.827,9.7005,6.0331
-13.307,9.6757,12.608
-13.191,3.1696,5.8121
-6.819,9.7606,5.9591
-9.3405,13.498,5.6231
-9.3052,6.0681,6.3901
-3.0798,12.039,6.5151
-9.3756,11.819,12.855
-3.0343,13.267,12.706
-12.058,3.3979,12.768
-5.7609,9.6155,13.016
13.259,0.092827,-3.4188
13.259,0.094143,9.7584
9.5094,5.7155,-13.897
7.0522,9.6477,-13.845
11.97,9.7418,-13.745
12.738,12.258,-10.251
6.8064,6.2599,-10.481
12.525,6.8348,-3.7317
6.2591,13.537,-3.3697
0.65666,12.697,-3.4207
13.639,12.787,-3.7797
12.163,6.4692,-10.525
5.9783,12.977,-9.8317
9.5089,5.7168,-0.71968
3.3776,12.162,-13.154
9.5577,13.428,-13.378
13.22,3.464,-13.585
7.0517,9.649,-0.66768
13.45,9.7678,-7.1427
11.97,9.7431,-0.56768
12.086,3.237,-7.3637
6.2357,9.6179,-6.5197
9.5082,6.8927,-7.1137
3.3302,13.543,-6.6467
9.6136,12.488,-7.1667
12.737,12.259,2.9265
6.8059,6.2612,2.6965
12.524,6.8361,9.4455
6.2586,13.539,9.8075
0.65622,12.698,9.7565
13.639,12.788,9.3975
12.163,6.4705,2.6525
5.9779,12.978,3.3455
9.5085,5.7181,12.458
3.3772,12.163,0.023539
9.5573,13.429,-0.20046
13.219,3.4653,-0.40746
7.0513,9.6504,12.51
13.449,9.7692,6.0345
11.969,9.7444,12.61
12.086,3.2383,5.8135
6.2353,9.6192,6.6575
9.5078,6.8941,6.0635
3.3298,13.544,6.5305
9.6131,12.489,6.0105
3.3767,12.165,13.201
9.5569,13.43,12.977
13.219,3.4666,12.77
0,0,0
-0.12516,-6.1384,-0.299
6.2395,0.23193,-0.191
-6.2805,0.27153,-0.479
-0.04879,6.4227,0.08
0.2192,0.29698,6.431
0.21964,0.29567,-6.7462
0.084853,-5.9454,6.374
-6.3251,-6.0691,-0.186
6.359,-6.12,-0.281
-6.1808,0.19587,6.337
-6.2434,6.4838,-0.2829
0.085286,-5.9467,-6.8032
6.3354,0.11819,-6.5692
6.335,0.1195,6.608
6.3491,6.6034,-0.18646
-6.1804,0.19455,-6.8402
0.21142,6.6192,6.517
0.21186,6.6179,-6.6602
6.4446,-6.0557,6.321
-6.1578,6.5482,6.3191
-6.3612,-6.1756,6.5205
-6.3607,-6.177,-6.6568
6.313,6.4969,6.52
6.445,-6.057,-6.8562
6.3135,6.4956,-6.6572
-6.1574,6.5469,-6.8581
0.10641,-12.44,-0.4581
-12.496,0.16405,-0.46
12.781,0.23274,-0.45856
0.17822,12.837,-0.46046
0.00043346,-0.0013159,-13.177
-0.00043346,0.0013159,13.177
6.3219,-12.332,-0.4771
-0.017678,-12.405,6.312
12.554,-6.1812,0.081903
-6.4347,-12.441,-0.19054
-12.62,0.19907,6.3101
12.657,0.26776,6.3115
12.549,6.5341,-0.29946
-6.281,0.27284,12.698
-12.723,-6.2499,0.080461
-0.017244,-12.406,-6.8652
-0.12559,-6.1371,12.878
-12.728,6.4655,-0.3009
-6.3629,12.836,-0.1929
0.05413,12.872,6.3096
-12.62,0.19776,-6.8671
12.657,0.26644,-6.8657
6.2391,0.23325,12.986
6.3937,12.944,-0.47946
-0.048357,6.4213,-13.097
0.054564,12.87,-6.8676
-0.049224,6.424,13.257
6.2399,0.23062,-13.368
-0.12472,-6.1397,-13.476
-6.2801,0.27021,-13.656
-12.463,-6.0533,6.5175
6.4216,-12.408,6.3389
-12.462,-6.0546,-6.6598
-6.3388,-12.554,-6.5688
-6.3392,-12.553,6.6085
-12.518,6.6585,6.3721
6.422,-12.409,-6.8383
12.814,-5.9846,6.5189
6.3586,-6.1187,12.896
-6.267,12.722,-6.5711
12.814,-5.9859,-6.6583
-6.2674,12.723,6.6061
-6.3255,-6.0678,12.991
-12.517,6.6572,-6.8051
-6.2438,6.4852,12.894
6.4934,12.868,6.3365
12.759,6.7272,6.3735
6.3487,6.6048,12.991
12.759,6.7259,-6.8037
6.4938,12.867,-6.8407
-6.3246,-6.0704,-13.363
6.3594,-6.1213,-13.458
-6.243,6.4825,-13.46
6.3496,6.6021,-13.364
0.10598,-12.438,12.719
12.602,-12.604,0.001903
-12.602,12.604,-0.001903
-12.496,0.16536,12.717
-12.674,-12.673,0.000461
12.674,12.673,-0.000461
12.78,0.23405,12.719
0.17779,12.838,12.717
0.10685,-12.441,-13.635
-12.496,0.16273,-13.637
12.781,0.23142,-13.636
-12.455,-12.376,6.4315
0.17865,12.835,-13.638
6.3214,-12.331,12.7
-12.455,-12.377,-6.7458
12.822,-12.307,6.4329
-12.383,12.901,6.4291
12.822,-12.308,-6.7443
-6.4351,-12.439,12.987
-12.383,12.9,-6.7481
12.549,6.5355,12.878
12.554,-6.1825,-13.095
-12.728,6.4668,12.876
6.3933,12.945,12.698
12.553,-6.1799,13.259
-12.723,-6.2512,-13.097
-6.3633,12.837,12.984
-6.4343,-12.442,-13.368
12.893,12.97,6.4305
-12.723,-6.2486,13.258
6.3223,-12.334,-13.654
12.894,12.968,-6.7467
12.549,6.5328,-13.477
-6.3625,12.834,-13.37
-12.727,6.4641,-13.478
6.3941,12.943,-13.657
12.603,-12.605,-13.175
-12.603,12.605,13.175
12.602,-12.603,13.179
-12.602,12.603,-13.179
-12.675,-12.671,13.178
12.675,12.671,-13.178
-12.674,-12.674,-13.177
12.674,12.674,13.177
