-3.4003,-8.3243,-3.8717
-8.932,-2.9397,-3.8487
-3.5559,-8.0571,-9.2517
-9.1958,-3.3095,-9.1937
-8.8458,-8.837,-3.4157
-9.3103,-8.3611,-9.7227
-3.4003,-8.3243,7.9639
-8.932,-2.9397,7.9869
-3.5559,-8.0571,2.5839
-9.1958,-3.3095,2.6419
-8.8458,-8.837,8.4199
-9.3103,-8.3611,2.1129
8.1484,-8.3647,-3.4694
8.0204,-8.258,-8.7084
2.1585,-8.8166,-3.2954
7.8386,-2.3784,-3.3284
2.2532,-8.4192,-8.8074
7.8309,-2.8217,-9.1304
8.1484,-8.3647,8.3662
8.0204,-8.258,3.1272
2.1585,-8.8166,8.5402
7.8386,-2.3784,8.5072
2.2532,-8.4192,3.0282
7.8309,-2.8217,2.7052
2.1319,-2.641,-3.6267
-3.3489,3.1325,-3.7057
8.1317,3.1381,-3.6347
2.6,8.5228,-3.6117
2.3172,-3.2223,-8.9017
-3.4768,3.2393,-8.9447
7.9762,3.4054,-9.0147
2.3363,8.1529,-8.9567
-9.3388,2.6806,-3.5317
2.6863,2.6255,-3.1787
-3.6586,9.1188,-3.5647
-3.6685,-2.8652,-9.1117
-9.244,3.078,-9.0437
2.2217,3.1014,-9.4857
-3.6663,8.6755,-9.3667
2.1319,-2.641,8.209
-3.3489,3.1325,8.13
8.1317,3.1381,8.201
2.6,8.5228,8.224
2.3172,-3.2223,2.934
-3.4768,3.2393,2.891
7.9762,3.4054,2.821
2.3363,8.1529,2.879
-3.4832,-2.1355,-2.828
-9.3388,2.6806,8.304
2.6863,2.6255,8.657
-3.6586,9.1188,8.271
-3.6685,-2.8652,2.724
-9.244,3.078,2.792
2.2217,3.1014,2.35
-3.6663,8.6755,2.469
-3.4832,-2.1355,9.0077
-9.3653,8.8562,-3.8629
-9.18,8.2749,-9.1379
-9.3653,8.8562,7.9728
-9.18,8.2749,2.6978
7.8636,8.5973,-8.8746
8.0489,9.327,-2.5909
7.8636,8.5973,2.9611
8.0489,9.327,9.2447
-7.6409,-7.9559,-3.4247
-7.9697,-8.6086,-9.1317
-7.6409,-7.9559,8.4109
-7.9697,-8.6086,2.7039
-2.3423,-8.9813,-8.8974
8.8102,-9.5201,-8.8194
8.7805,-3.5409,-3.3594
3.5932,-8.3082,-8.1444
9.074,-2.9094,-8.3094
-2.6767,-8.6836,-2.3708
8.8915,-8.4107,-2.4358
-2.3423,-8.9813,2.9382
8.8102,-9.5201,3.0162
2.9921,-8.6801,-2.3558
8.7805,-3.5409,8.4762
3.5932,-8.3082,3.6912
9.074,-2.9094,3.5262
-2.6767,-8.6836,9.4649
8.8915,-8.4107,9.3999
2.9921,-8.6801,9.4799
-8.2887,-2.1256,-8.9127
-2.687,1.9771,-9.0557
3.4026,-2.2246,-9.1537
-2.6036,-3.4945,-3.1767
3.8912,3.5065,-3.1877
-2.7167,7.9564,-3.5957
-2.2684,-2.8185,-8.5777
-7.904,3.1891,-8.3807
3.5624,2.8539,-8.8947
-2.4233,8.5878,-8.5457
-8.7724,-2.5187,-2.26
-2.6057,3.0865,-2.672
2.704,-2.7393,-2.44
-8.2887,-2.1256,2.923
-2.687,1.9771,2.78
3.4026,-2.2246,2.682
-2.6036,-3.4945,8.659
-8.5051,2.8171,-2.592
3.8912,3.5065,8.648
-2.7167,7.9564,8.24
-2.2684,-2.8185,3.258
-7.904,3.1891,3.455
3.5624,2.8539,2.941
-2.4233,8.5878,3.29
-8.7724,-2.5187,9.5757
-2.6057,3.0865,9.1637
2.704,-2.7393,9.3957
-8.5051,2.8171,9.2437
-8.0946,9.2727,-9.3899
-8.7932,8.7579,-2.6762
-8.0946,9.2727,2.4458
-8.7932,8.7579,9.1594
9.1898,2.4811,-8.6604
8.8553,2.7788,-2.1337
9.1898,2.4811,3.1753
8.8553,2.7788,9.702
3.2434,9.3369,-8.6756
8.9285,7.968,-2.9396
9.2637,8.644,-8.3406
2.7597,8.9438,-2.0229
3.2434,9.3369,3.1601
8.9285,7.968,8.8961
9.2637,8.644,3.4951
2.7597,8.9438,9.8127
-0.098488,-12.059,-8.9415
-2.8972,-11.263,-11.239
-3.0606,-11.51,-6.4825
-0.098488,-12.059,2.8942
-1.0206,-11.359,-2.8978
-2.8972,-11.263,0.59618
-3.0606,-11.51,5.3532
-1.0206,-11.359,8.9378
-2.8972,-11.263,12.432
-6.1425,-11.194,-9.1617
-12.369,-5.4415,-9.6757
-11.704,-6.0383,-3.7147
-11.644,-12.023,-9.4337
-6.2274,-6.1054,-9.6047
-11.596,-0.56172,-9.1777
-11.662,-10.634,-3.5737
-12.123,-8.5351,-11.793
-12.226,-8.5761,-6.9027
-5.8208,-8.4368,-12.635
-11.504,-2.7361,-12.391
-6.006,-8.2402,-6.2757
-12.047,-2.9659,-6.1907
-8.5848,-11.382,-11.92
-8.7722,-11.183,-6.6677
-9.0063,-5.9032,-12.824
-8.8062,-6.1061,-6.3607
-6.1425,-11.194,2.6739
-12.369,-5.4415,2.1599
-6.7068,-11.68,-3.1211
-11.704,-6.0383,8.1209
-11.644,-12.023,2.4019
-6.2274,-6.1054,2.2309
-11.596,-0.56172,2.6579
-11.662,-10.634,8.2619
-12.518,0.13832,-3.1341
-12.123,-8.5351,0.042942
-12.226,-8.5761,4.9329
-5.8208,-8.4368,-0.79906
-11.504,-2.7361,-0.55506
-6.006,-8.2402,5.5599
-12.047,-2.9659,5.6449
-8.5848,-11.382,-0.084058
-8.7722,-11.183,5.1679
-9.0063,-5.9032,-0.98806
-8.8062,-6.1061,5.4749
-6.7068,-11.68,8.7146
-12.518,0.13832,8.7016
-12.123,-8.5351,11.879
-5.8208,-8.4368,11.037
-11.504,-2.7361,11.281
-8.5848,-11.382,11.752
-9.0063,-5.9032,10.848
5.5476,-10.818,-9.0174
10.661,-5.4762,-9.2024
5.076,-11.611,-3.0704
11.325,-6.073,-3.2414
11.385,-12.057,-8.9604
5.0781,-5.6579,-9.0734
11.434,-0.59646,-8.7044
11.367,-10.668,-3.1004
5.1453,-5.1326,-3.1184
-0.28601,-8.5288,-11.668
10.906,-8.5698,-11.319
5.1623,-2.8203,-11.627
-0.69471,-8.707,-6.1094
10.803,-8.6108,-6.4294
5.1608,-2.6817,-6.1114
6.1303,-8.5811,-12.051
11.525,-2.7708,-11.917
5.5752,-8.3923,-5.4724
10.982,-3.0006,-5.7174
2.7828,-11.039,-11.94
8.3167,-5.5547,-12.603
2.7793,-10.955,-6.4634
8.2254,-5.3857,-5.9194
8.5726,-11.55,-11.626
2.7489,-6.2349,-12.019
8.6349,0.19974,-11.002
8.5691,-11.768,-6.0264
2.4894,-5.9585,-5.9074
8.4715,-0.04704,-6.2454
5.5476,-10.818,2.8182
10.661,-5.4762,2.6332
5.076,-11.611,8.7652
11.325,-6.073,8.5942
11.385,-12.057,2.8752
5.0781,-5.6579,2.7622
11.434,-0.59646,3.1312
11.367,-10.668,8.7352
5.1453,-5.1326,8.7172
10.512,0.10357,-2.6608
-0.28601,-8.5288,0.16724
10.906,-8.5698,0.51624
5.1623,-2.8203,0.20824
-0.69471,-8.707,5.7262
10.803,-8.6108,5.4062
5.1608,-2.6817,5.7242
6.1303,-8.5811,-0.21576
11.525,-2.7708,-0.081762
5.5752,-8.3923,6.3632
10.982,-3.0006,6.1182
2.7828,-11.039,-0.10476
8.3167,-5.5547,-0.76776
2.7793,-10.955,5.3722
8.2254,-5.3857,5.9162
8.5726,-11.55,0.20924
2.7489,-6.2349,-0.18376
8.6349,0.19974,0.83324
8.5691,-11.768,5.8092
2.4894,-5.9585,5.9282
8.4715,-0.04704,5.5902
10.512,0.10357,9.1749
-0.28601,-8.5288,12.003
10.906,-8.5698,12.352
5.1623,-2.8203,12.044
6.1303,-8.5811,11.62
11.525,-2.7708,11.754
2.7828,-11.039,11.731
8.3167,-5.5547,11.068
8.5726,-11.55,12.045
2.7489,-6.2349,11.652
8.6349,0.19974,12.669
-0.75873,-5.8315,-9.1407
-5.9496,0.67882,-9.2537
5.3896,0.2687,-8.9247
-0.83651,6.021,-9.4387
-0.41154,-6.1009,-3.2767
-6.4212,-0.11384,-3.3067
-0.17183,5.4242,-3.4777
-0.11172,-0.56003,-9.1967
-6.4191,5.8393,-9.3097
5.3047,5.357,-9.3677
-0.06364,10.901,-8.9407
-0.13011,0.82873,-3.3367
-6.3519,6.3647,-3.3547
-5.712,-5.1633,-3.1837
-6.4234,-2.7054,-11.52
-11.783,2.9684,-11.905
-0.59114,2.9274,-11.556
-6.335,8.6769,-11.864
-6.2381,-2.5003,-6.4467
-12.192,2.7902,-6.3457
-0.69438,2.8864,-6.6657
-6.3364,8.8155,-6.3477
0.083439,-2.7294,-12.134
-5.3669,2.9161,-12.288
5.7113,3.0257,-12.398
0.027577,8.7264,-12.154
-0.49639,-3.0632,-5.6737
-5.922,3.1049,-5.7087
5.526,3.2223,-6.0387
-0.51477,8.4966,-5.9537
-3.0575,-5.3542,-12.126
-8.7144,0.45821,-12.177
2.9472,0.08061,-11.683
-3.1806,5.9425,-12.84
-3.182,-5.5395,-6.4167
-8.7179,0.54235,-6.6997
2.7598,0.27931,-6.4307
-3.2718,6.1115,-6.1557
-2.9246,-0.052326,-11.863
-8.7483,5.2623,-12.256
2.5258,5.5593,-12.587
-2.8624,11.697,-11.239
-2.9281,-0.27082,-6.2627
-9.0078,5.5388,-6.1437
2.7259,5.3563,-6.1237
-3.0257,11.45,-6.4817
-0.75873,-5.8315,2.695
-5.9496,0.67882,2.582
5.3896,0.2687,2.911
-0.83651,6.021,2.397
-0.41154,-6.1009,8.559
-6.4212,-0.11384,8.529
4.8253,-0.21779,-2.884
-0.17183,5.4242,8.358
-0.11172,-0.56003,2.639
-6.4191,5.8393,2.526
5.3047,5.357,2.468
-0.06364,10.901,2.895
-0.13011,0.82873,8.499
-6.3519,6.3647,8.481
-5.712,-5.1633,8.652
-0.98571,11.601,-2.897
-6.4234,-2.7054,0.316
-11.783,2.9684,-0.069
-0.59114,2.9274,0.28
-6.335,8.6769,-0.028
-6.2381,-2.5003,5.389
-12.192,2.7902,5.49
-0.69438,2.8864,5.17
-6.3364,8.8155,5.488
0.083439,-2.7294,-0.298
-5.3669,2.9161,-0.452
5.7113,3.0257,-0.562
0.027577,8.7264,-0.318
-0.49639,-3.0632,6.162
-5.922,3.1049,6.127
5.526,3.2223,5.797
-0.51477,8.4966,5.882
-3.0575,-5.3542,-0.29
-8.7144,0.45821,-0.341
2.9472,0.08061,0.153
-3.1806,5.9425,-1.004
-3.182,-5.5395,5.419
-8.7179,0.54235,5.136
2.7598,0.27931,5.405
-3.2718,6.1115,5.68
-2.9246,-0.052326,-0.027
-8.7483,5.2623,-0.42
2.5258,5.5593,-0.751
-2.8624,11.697,0.597
-2.9281,-0.27082,5.573
-9.0078,5.5388,5.692
2.7259,5.3563,5.712
-3.0257,11.45,5.354
4.8253,-0.21779,8.9517
-0.98571,11.601,8.9387
-6.4234,-2.7054,12.152
-11.783,2.9684,11.767
-0.59114,2.9274,12.116
-6.335,8.6769,11.808
0.083439,-2.7294,11.538
-5.3669,2.9161,11.384
5.7113,3.0257,11.274
0.027577,8.7264,11.518
-3.0575,-5.3542,11.546
-8.7144,0.45821,11.495
2.9472,0.08061,11.989
-3.1806,5.9425,10.832
-2.9246,-0.052326,11.809
-8.7483,5.2623,11.416
2.5258,5.5593,11.085
-2.8624,11.697,12.433
-12.256,5.6657,-9.3769
-6.1077,11.766,-9.1609
-11.909,5.3963,-3.5129
-11.609,10.937,-9.4329
-11.627,12.326,-3.5729
-11.414,8.7678,-12.37
-11.994,8.434,-5.9099
-8.55,11.578,-11.919
-8.7374,11.777,-6.6669
-12.256,5.6657,2.4588
-6.1077,11.766,2.6748
-11.909,5.3963,8.3228
-6.6719,11.279,-3.1202
-11.609,10.937,2.4028
-11.627,12.326,8.2628
-11.414,8.7678,-0.53424
-11.994,8.434,5.9258
-8.55,11.578,-0.083238
-8.7374,11.777,5.1688
-6.6719,11.279,8.7154
-11.414,8.7678,11.301
-8.55,11.578,11.752
11.246,2.9337,-11.431
10.837,2.7555,-5.8724
11.246,2.9337,0.4043
10.837,2.7555,5.9633
11.246,2.9337,12.24
10.773,5.631,-8.9036
5.5825,12.141,-9.0166
11.121,5.3616,-3.0396
5.1108,11.349,-3.0696
11.42,10.902,-8.9596
11.402,12.291,-3.0996
5.8201,6.2992,-2.9466
5.1087,8.7571,-11.283
5.294,8.9621,-6.2096
11.616,8.733,-11.897
11.036,8.3993,-5.4366
8.4745,6.1083,-11.889
2.8177,11.921,-11.94
8.3501,5.923,-6.1796
2.8141,12.005,-6.4626
8.6075,11.41,-11.626
8.6039,11.192,-6.0256
10.773,5.631,2.9321
5.5825,12.141,2.8191
11.121,5.3616,8.7961
5.1108,11.349,8.7661
11.42,10.902,2.8761
11.402,12.291,8.7361
5.8201,6.2992,8.8891
5.1087,8.7571,0.55306
5.294,8.9621,5.6261
11.616,8.733,-0.060942
11.036,8.3993,6.3991
8.4745,6.1083,-0.052942
2.8177,11.921,-0.10394
8.3501,5.923,5.6561
2.8141,12.005,5.3731
8.6075,11.41,0.21006
8.6039,11.192,5.8101
5.1087,8.7571,12.389
11.616,8.733,11.775
8.4745,6.1083,11.783
2.8177,11.921,11.732
8.6075,11.41,12.046
0,0,0
5.659,0.12657,-0.292
-0.41012,5.7544,-0.214
-5.7756,0.16263,-0.136
-0.26587,-5.8336,0.019
-0.095459,0.079903,5.901
-0.095459,0.079903,-5.9347
5.6052,0.20153,5.521
0.0091924,5.6293,5.689
5.5236,-5.7951,0.035238
5.444,5.9319,-0.402
-5.8796,0.29062,5.746
-6.0881,-5.5306,-0.63906
-5.9736,5.7021,-0.201
-0.22415,-5.8442,5.858
0.0091924,5.6293,-6.1467
-0.22415,-5.8442,-5.9777
5.6052,0.20153,-6.3147
-5.8796,0.29062,-6.0897
5.3652,-5.4331,-5.7994
5.3652,-5.4331,6.0362
-5.9418,-5.3705,5.547
5.5903,6.092,5.7841
-5.9418,-5.3705,-6.2887
5.5903,6.092,-6.0516
-6.132,6.0641,5.8
-6.132,6.0641,-6.0357
11.393,0.053369,0.047238
-0.13879,-11.409,-0.18982
-0.10394,11.551,-0.189
-11.636,0.088111,-0.42606
0,0,-11.836
0,0,11.836
11.087,-5.7428,0.022238
11.266,5.6288,0.25606
5.7216,-11.335,0.10024
11.33,-0.064011,-5.8954
-5.8731,-11.336,-0.52906
-0.16758,11.433,5.704
11.33,-0.064011,5.9402
5.659,0.12657,11.544
-0.20243,-11.526,5.7032
-11.7,-0.029269,5.4669
5.7564,11.625,0.10106
-0.16758,11.433,-6.1317
-0.41012,5.7544,11.622
-5.8382,11.624,-0.52824
-5.7756,0.16263,11.7
-11.763,5.6636,-0.21724
-0.20243,-11.526,-6.1325
-0.26587,-5.8336,-11.817
-0.26587,-5.8336,11.855
-11.942,-5.708,-0.45106
-5.7756,0.16263,-11.972
-11.7,-0.029269,-6.3687
-0.41012,5.7544,-12.05
5.659,0.12657,-12.128
-5.9268,-11.261,5.2839
5.6176,-11.207,-5.8534
11.308,5.6182,-5.7406
5.6176,-11.207,5.9822
-6.0881,-5.5306,11.197
5.444,5.9319,11.434
-11.523,-5.8332,5.4519
11.308,5.6182,6.0951
-5.892,11.699,5.2848
-11.721,5.653,5.6218
11.506,-5.8679,-5.9104
11.506,-5.8679,5.9252
5.5236,-5.7951,-11.8
-5.9736,5.7021,11.635
5.6525,11.753,-5.8526
-5.9268,-11.261,-6.5517
5.5236,-5.7951,11.871
5.6525,11.753,5.9831
-11.523,-5.8332,-6.3837
-11.721,5.653,-6.2139
-5.9736,5.7021,-12.037
-5.892,11.699,-6.5509
5.444,5.9319,-12.238
-6.0881,-5.5306,-12.475
11.497,-11.497,0.23624
-11.497,11.497,-0.23624
-11.532,-11.462,-0.23706
11.532,11.462,0.23706
-11.636,0.088111,11.41
-0.13879,-11.409,11.646
11.393,0.053369,-11.788
-0.10394,11.551,11.647
11.393,0.053369,11.883
-0.13879,-11.409,-12.025
-0.10394,11.551,-12.025
-11.636,0.088111,-12.262
-5.8731,-11.336,11.307
11.266,5.6288,-11.58
11.402,-11.417,-5.6984
11.087,-5.7428,-11.813
11.437,11.542,-5.6976
11.087,-5.7428,11.858
-11.628,-11.383,5.6639
-5.8382,11.624,11.307
11.402,-11.417,6.1372
5.7216,-11.335,-11.735
-11.593,11.577,5.6648
11.437,11.542,6.1381
-11.628,-11.383,-6.1717
5.7216,-11.335,11.936
-11.942,-5.708,11.385
11.266,5.6288,12.092
-11.763,5.6636,11.618
5.7564,11.625,-11.735
-11.593,11.577,-6.1709
5.7564,11.625,11.937
-11.763,5.6636,-12.053
-5.8731,-11.336,-12.365
-5.8382,11.624,-12.364
-11.942,-5.708,-12.287
-11.532,-11.462,11.599
11.532,11.462,-11.599
11.497,-11.497,-11.599
-11.497,11.497,11.599
11.497,-11.497,12.072
-11.497,11.497,-12.072
-11.532,-11.462,-12.073
11.532,11.462,12.073
