-8.3357,-9.214,-10.727
-8.3361,-9.2127,2.4505
-3.0604,-8.9532,-4.1475
-9.4307,-2.9336,-4.5445
-8.7109,-9.3018,-4.0765
-3.0608,-8.9518,9.0297
-9.4311,-2.9322,8.6327
-8.7113,-9.3004,9.1007
10.665,-9.0831,-10.135
9.9286,-2.9037,-10.597
10.664,-9.0817,3.0419
9.9281,-2.9023,2.5799
9.7407,-9.3306,-3.8661
3.9283,-8.987,-4.0501
9.7403,-9.3293,9.3111
3.9279,-8.9857,9.1271
-3.2063,-8.3332,-10.47
-8.9968,-2.1283,-10.146
3.5579,-3.7751,-10.396
-1.9377,3.5208,-10.137
2.8225,-9.1548,-10.613
-3.83,-2.4656,-10.399
-2.6738,9.7002,-10.599
4.3385,3.4586,-10.727
-3.2067,-8.3318,2.707
-8.9972,-2.127,3.031
3.5575,-3.7738,2.781
-1.9382,3.5221,3.04
2.8221,-9.1535,2.564
-3.8304,-2.4643,2.778
-2.6743,9.7015,2.578
4.3381,3.4599,2.45
3.5518,-3.6268,-3.676
-2.8617,3.2732,-3.868
9.6138,3.7194,-4.148
3.2435,9.739,-4.545
-8.6741,3.6169,-4.052
-2.4819,-3.387,-3.988
9.9808,-2.518,-3.617
3.9633,3.3708,-4.077
3.5514,-3.6254,9.5012
-2.8621,3.2745,9.3092
9.6134,3.7207,9.0292
3.2431,9.7403,8.6322
-8.6745,3.6182,9.1252
-2.4824,-3.3857,9.1892
9.9804,-2.5167,9.5602
3.9629,3.3721,9.1002
-9.0445,8.8287,-10.398
-9.7799,3.449,-10.615
-9.0449,8.83,2.7791
-9.7803,3.4503,2.5621
-9.0506,8.9771,-3.6779
-2.6216,10.086,-3.6189
-9.051,8.9784,9.4993
-2.622,10.087,9.5583
9.4679,4.3394,-10.471
3.6774,10.544,-10.147
8.8442,10.207,-10.4
9.4675,4.3407,2.7065
3.677,10.546,3.0305
8.8438,10.208,2.7775
10.192,9.2855,-3.9885
10.192,9.2868,9.1888
-8.9155,-3.6038,-9.8578
-9.233,-9.1906,-9.5178
-8.9159,-3.6025,3.3195
-9.2334,-9.1893,3.6595
-9.2405,-9.9431,-2.8135
-9.2409,-9.9418,10.364
9.7723,-9.6728,-9.0523
4.225,-9.3666,-10.113
9.7719,-9.6715,4.1249
4.2246,-9.3653,3.0639
10.287,-8.5649,-2.7031
3.7855,-9.6587,-2.7341
10.287,-8.5635,10.474
3.7851,-9.6574,10.443
2.3883,-2.8347,-10.319
-2.8301,2.9311,-9.0542
-2.5911,-9.1011,-9.3532
3.7587,9.0687,-9.8582
-2.9143,-3.65,-10.538
-8.3774,3.2372,-10.115
3.4412,3.4819,-9.5182
9.9812,-2.5872,-9.1412
2.3879,-2.8334,2.858
-2.8305,2.9324,4.123
-2.5915,-9.0998,3.824
3.7583,9.0701,3.319
-2.9147,-3.6487,2.639
-8.3778,3.2385,3.062
3.4408,3.4832,3.659
9.9808,-2.5859,4.036
-2.1206,-8.6642,-3.006
-8.5305,-3.3149,-3.413
3.4019,-2.74,-2.486
-2.3151,4.039,-2.705
-1.5238,-2.2436,-3.796
-8.8169,2.9451,-2.736
3.4337,2.7294,-2.814
9.7687,-2.9847,-2.197
-2.121,-8.6629,10.171
-8.531,-3.3136,9.7642
3.4015,-2.7387,10.691
-2.3155,4.0403,10.472
-1.5242,-2.2423,9.3812
-8.8173,2.9464,10.441
3.4333,2.7307,10.363
9.7682,-2.9834,10.98
-10.214,9.7692,-10.321
-2.6212,10.017,-9.1431
-10.215,9.7705,2.8561
-2.6216,10.018,4.0341
-9.2005,9.8638,-2.4879
-2.8337,9.6191,-2.1989
-9.2009,9.8651,10.689
-2.8342,9.6205,10.978
10.083,3.5715,-9.3537
9.76,9.0225,-10.539
10.083,3.5728,3.8235
9.7595,9.0239,2.6385
10.554,4.0084,-3.0065
4.1437,9.3576,-3.4135
11.15,10.429,-3.7965
10.553,4.0097,10.171
4.1432,9.3589,9.7638
11.15,10.43,9.3808
-4.8023,-12.111,-10.56
-11.22,-6.382,-10.275
-0.65791,-12.088,-10.35
-13.11,-13.073,-10.247
-9.1135,-12.588,-8.2158
-5.8912,-9.383,-14.299
-12.194,-2.9688,-13.304
-11.96,-2.785,-7.6718
-11.724,-9.4403,-13.829
-9.4812,-12.837,-12.943
-2.4837,-12.014,-14.29
-9.2252,-6.1734,-14.611
-11.113,-12.832,-4.0165
-4.8027,-12.11,2.6175
-11.22,-6.3807,2.9025
-0.65835,-12.086,2.8275
-13.11,-13.072,2.9305
-6.5372,-13.279,-4.1625
-13.395,-5.8787,-3.9925
-9.1139,-12.587,4.9615
-2.7669,-12.423,-6.3895
-9.145,-6.4634,-6.7365
-12.148,-9.253,-6.6925
-5.8916,-9.3817,-1.1215
-12.194,-2.9675,-0.12654
-5.7467,-9.2749,-7.1755
-11.961,-2.7836,5.5055
-11.725,-9.4389,-0.65154
-9.4816,-12.836,0.23446
-2.4841,-12.013,-1.1125
-9.2257,-6.1721,-1.4335
-11.113,-12.831,9.1607
-6.5377,-13.277,9.0147
-13.396,-5.8773,9.1847
-2.7674,-12.422,6.7877
-9.1455,-6.4621,6.4407
-12.149,-9.2516,6.4847
-5.8921,-9.3803,12.056
-12.195,-2.9662,13.051
-5.7471,-9.2736,6.0017
-11.725,-9.4376,12.526
-9.4821,-12.835,13.412
-2.4845,-12.011,12.065
-9.2261,-6.1708,11.744
-13.26,0.51619,-10.352
-13.261,0.5175,2.8256
7.2005,-11.668,-10.284
14.057,-6.3133,-10.273
12.167,-13.005,-10.245
6.8661,-7.0975,-10.482
9.8154,-6.2172,-7.8573
6.8336,-9.3334,-14.187
13.083,-2.9001,-13.302
13.316,-2.7163,-7.6703
13.552,-9.3716,-13.827
3.6275,-12.134,-12.805
10.163,-6.0178,-12.892
9.575,-12.976,-14.374
14.164,-12.764,-4.0151
7.5522,-5.6473,-3.3341
0.91181,-12.146,-3.5801
7.2001,-11.666,2.8929
14.056,-6.312,2.9039
12.166,-13.003,2.9319
6.8656,-7.0962,2.6949
5.5695,-12.741,-3.7401
11.881,-5.81,-3.9911
3.5019,-12.028,-7.2451
9.815,-6.2158,5.3199
9.7146,-11.876,-6.5161
13.128,-9.1843,-6.6911
6.8331,-9.3321,-1.0101
13.083,-2.8988,-0.1251
6.761,-9.0209,-6.1641
13.316,-2.715,5.5069
13.552,-9.3702,-0.6501
3.6271,-12.132,0.3719
10.163,-6.0164,0.2849
9.5746,-12.974,-1.1971
14.163,-12.762,9.1621
7.5518,-5.646,9.8431
0.91137,-12.145,9.5971
5.5691,-12.74,9.4371
11.881,-5.8086,9.1861
3.5015,-12.027,5.9321
9.7141,-11.874,6.6611
13.128,-9.183,6.4861
6.8327,-9.3307,12.167
13.082,-2.8975,13.052
6.7606,-9.0196,7.0131
13.552,-9.3689,12.527
3.6267,-12.131,13.549
10.162,-6.0151,13.462
9.5741,-12.973,11.98
0.053466,-5.5316,-10.551
-5.4019,0.93631,-10.286
7.8719,0.56154,-10.56
1.4542,6.2905,-10.275
-5.9654,-5.7027,-10.337
12.016,0.58488,-10.35
-0.43585,-0.40083,-10.247
-5.7363,5.5063,-10.484
-2.8351,-5.5592,-7.5202
3.5607,0.084244,-8.2162
-2.787,6.3867,-7.8592
0.26701,-8.9894,-7.4832
6.7696,-2.8672,-8.0942
0.33914,-2.9959,-14.114
-5.7689,3.2705,-14.189
6.783,3.2896,-14.299
0.48056,9.7037,-13.304
0.7139,9.8876,-7.6722
0.4544,-9.321,-13.758
-6.9476,-3.0857,-13.49
6.8537,-2.7463,-13.3
0.95008,3.2323,-13.829
-2.9128,-6.1164,-13.477
-8.9749,0.47032,-12.807
3.193,-0.16466,-12.943
-2.4391,6.5861,-12.894
3.5805,-6.0336,-13.414
-3.0274,-0.37184,-14.376
10.191,0.65841,-14.29
3.449,6.4991,-14.611
1.5613,-0.15981,-4.017
-5.0502,6.9565,-3.336
-5.6031,-5.5069,-3.826
-11.691,0.4575,-3.582
0.053033,-5.5303,2.626
-5.4023,0.93762,2.891
7.8715,0.56286,2.617
1.4538,6.2918,2.902
-5.9659,-5.7014,2.84
12.016,0.58619,2.827
-0.43628,-0.39952,2.93
-5.7368,5.5077,2.693
0.68236,-6.6419,-3.643
-7.0329,-0.13718,-3.742
6.137,-0.60599,-4.163
-0.72125,6.7939,-3.993
-2.8355,-5.5579,5.657
-9.1005,0.57558,-7.247
3.5603,0.08556,4.961
-2.7874,6.388,5.318
3.4139,-6.2141,-7.056
-2.8878,0.72832,-6.518
9.9073,0.24961,-6.39
3.5292,6.2091,-6.737
0.26658,-8.988,5.694
-6.3194,-2.9239,-6.875
6.7691,-2.8659,5.083
0.52609,3.4196,-6.693
0.3387,-2.9946,-0.937
-5.7693,3.2718,-1.012
6.7826,3.2909,-1.122
0.48013,9.705,-0.127
0.14708,-2.8454,-7.14
-5.8414,3.5829,-6.166
6.9275,3.3976,-7.176
0.71347,9.8889,5.505
0.45396,-9.3197,-0.581
-6.948,-3.0844,-0.313
6.8533,-2.745,-0.123
0.94964,3.2336,-0.652
-2.9133,-6.1151,-0.3
-8.9753,0.47164,0.37
3.1926,-0.16334,0.234
-2.4395,6.5874,0.283
3.5801,-6.0323,-0.237
-3.0278,-0.37052,-1.199
10.19,0.65973,-1.113
3.4486,6.5004,-1.434
1.5609,-0.15849,9.1602
-5.0506,6.9578,9.8412
-5.6035,-5.5056,9.3512
-11.691,0.45881,9.5952
0.68192,-6.6405,9.5342
-7.0333,-0.13586,9.4352
6.1365,-0.60467,9.0142
-0.72168,6.7952,9.1842
-9.1009,0.5769,5.9302
3.4135,-6.2127,6.1212
-2.8883,0.72964,6.6592
9.9068,0.25092,6.7872
3.5287,6.2104,6.4402
-6.3198,-2.9226,6.3022
0.52565,3.4209,6.4842
0.33827,-2.9933,12.24
-5.7697,3.2731,12.165
6.7821,3.2922,12.055
0.47969,9.7064,13.05
0.14664,-2.8441,6.0372
-5.8418,3.5842,7.0112
6.9271,3.399,6.0012
0.45353,-9.3184,12.596
-6.9485,-3.0831,12.864
6.8528,-2.7437,13.054
0.94921,3.2349,12.525
-2.9137,-6.1137,12.877
-8.9757,0.47296,13.547
3.1922,-0.16203,13.411
-2.44,6.5887,13.46
3.5796,-6.031,12.94
-3.0283,-0.36921,11.978
10.19,0.66105,12.064
3.4481,6.5017,11.743
-12.549,7.0722,-10.553
-4.7305,13.165,-10.562
-0.5861,13.189,-10.352
-13.038,12.203,-10.249
-9.0417,12.688,-8.2181
-12.335,3.6145,-7.4851
-5.8328,9.7366,-8.0961
-12.263,9.6079,-14.116
-12.148,3.2829,-13.76
-5.7487,9.8575,-13.302
-9.4094,12.439,-12.945
-9.0219,6.5702,-13.416
-2.4119,13.262,-14.292
-11.041,12.444,-4.0189
-12.549,7.0736,2.6241
-4.7309,13.167,2.6151
-0.58654,13.19,2.8251
-13.039,12.204,2.9281
-11.92,5.962,-3.6449
-6.4654,11.998,-4.1649
-9.0421,12.689,4.9591
-9.1885,6.3898,-7.0579
-2.6951,12.853,-6.3919
-12.336,3.6158,5.6921
-5.8333,9.7379,5.0811
-12.264,9.6092,-0.9389
-12.455,9.7584,-7.1419
-12.148,3.2842,-0.5829
-5.7491,9.8589,-0.1249
-9.4098,12.441,0.2321
-9.0223,6.5715,-0.2389
-2.4123,13.264,-1.1149
-11.042,12.445,9.1583
-11.92,5.9633,9.5323
-6.4659,11.999,9.0123
-9.1889,6.3911,6.1193
-2.6956,12.855,6.7853
-12.264,9.6106,12.238
-12.456,9.7598,6.0353
-12.149,3.2855,12.594
-5.7496,9.8602,13.052
-9.4102,12.442,13.409
-9.0228,6.5728,12.938
-2.4127,13.265,12.062
13.586,0.52619,-3.5806
13.586,0.5275,9.5967
12.728,7.1409,-10.552
7.2723,13.609,-10.287
6.7088,6.9698,-10.338
12.238,12.272,-10.248
9.8391,7.1134,-7.5207
12.941,3.6832,-7.4837
13.013,9.6766,-14.115
13.129,3.3516,-13.759
5.7266,9.5868,-13.491
9.7614,6.5562,-13.478
3.6993,13.143,-12.808
9.6468,12.301,-14.377
14.236,12.513,-4.0175
7.0711,7.1656,-3.8265
0.98361,13.13,-3.5825
12.727,7.1423,2.6255
7.2719,13.61,2.8905
6.7084,6.9711,2.8395
12.238,12.273,2.9295
13.357,6.0307,-3.6435
5.6413,12.535,-3.7425
9.8387,7.1147,5.6565
3.5737,13.248,-7.2475
9.7864,13.401,-6.5185
12.941,3.6845,5.6935
6.3548,9.7486,-6.8755
13.013,9.6779,-0.93746
12.821,9.8271,-7.1405
13.128,3.3529,-0.58146
5.7262,9.5881,-0.31346
9.7609,6.5575,-0.30046
3.6989,13.144,0.36954
9.6464,12.302,-1.1995
14.235,12.514,9.1598
7.0707,7.1669,9.3508
0.98318,13.131,9.5948
13.356,6.032,9.5338
5.6409,12.537,9.4348
3.5733,13.249,5.9298
9.786,13.402,6.6588
6.3544,9.75,6.3018
13.012,9.6793,12.24
12.821,9.8285,6.0368
13.128,3.3542,12.596
5.7257,9.5894,12.864
9.7605,6.5588,12.877
3.6985,13.145,13.547
9.6459,12.303,11.978
0,0,0
0.3776,-6.033,-0.5
-6.1518,0.067882,-1.052
0.9577,0.40932,6.3122
0.68165,6.6143,-0.115
0.95813,0.408,-6.865
7.0187,0.31113,-0.16
-5.8963,0.49063,6.0302
0.31211,-6.0119,6.0312
-6.12,-6.1311,-0.69354
-5.9157,6.4898,-0.521
6.6867,-6.114,-0.5191
6.7369,0.055056,6.1912
-5.8959,0.48932,-7.147
6.5542,6.5414,-0.694
0.31254,-6.0132,-7.146
0.30433,6.8963,6.3102
6.7373,0.05374,-6.986
0.30476,6.895,-6.867
-5.873,-6.0423,6.0592
6.4573,-6.1278,5.775
-6.1451,6.4761,5.7731
-5.8725,-6.0436,-7.118
6.8013,6.6302,6.0588
6.4577,-6.1291,-7.4022
-6.1447,6.4747,-7.4041
6.8017,6.6289,-7.1185
-11.948,0.22557,-0.557
0.65442,-12.378,-0.5551
0.72623,12.898,-0.55746
-0.00043346,0.0013159,13.177
0.00043346,-0.0013159,-13.177
13.329,0.29425,-0.55556
-11.993,-6.0583,-0.11454
0.13574,-12.209,5.7515
-5.6555,-12.361,-0.15954
-6.1523,0.069198,12.125
-12.467,0.39518,5.7496
-12.225,6.5708,-0.5019
0.37716,-6.0317,12.677
12.81,0.46386,5.751
-5.5837,12.915,-0.1619
6.4506,-12.536,-1.0501
0.20754,13.068,5.7491
0.13617,-12.21,-7.4258
6.5224,12.74,-1.0525
-12.466,0.39386,-7.4277
13.284,-5.9896,-0.1131
13.052,6.6395,-0.50046
0.68122,6.6156,13.062
7.0183,0.31244,13.017
12.81,0.46255,-7.4262
0.68208,6.613,-13.292
0.37803,-6.0344,-13.677
0.20798,13.066,-7.4281
-12.37,-5.7762,6.3107
7.0192,0.30981,-13.337
6.7061,-12.113,6.0321
-12.29,6.5919,6.0293
-6.1205,-6.1298,12.484
-5.9373,-12.617,6.1917
-5.8655,12.659,6.1893
-12.369,-5.7775,-6.8665
-5.9161,6.4911,12.656
12.907,-5.7075,6.3121
-6.1514,0.066566,-14.229
6.5537,6.5428,12.483
6.6863,-6.1127,12.658
6.7065,-12.115,-7.1451
-5.9369,-12.619,-6.9855
-5.8651,12.658,-6.9879
-12.29,6.5906,-7.1479
12.907,-5.7088,-6.8651
12.986,6.6606,6.0308
6.7779,13.163,6.0298
12.987,6.6593,-7.1465
-5.9152,6.4885,-13.698
-6.1196,-6.1324,-13.871
6.6872,-6.1153,-13.696
6.7784,13.162,-7.1475
6.5546,6.5401,-13.871
-11.948,0.22688,12.62
0.65399,-12.377,12.622
12.602,-12.604,0.001903
-12.602,12.604,-0.001903
-12.674,-12.673,0.000461
12.674,12.673,-0.000461
0.72579,12.899,12.62
-11.717,-12.263,6.3127
-11.948,0.22425,-13.734
-11.716,-12.265,-6.8645
13.328,0.29557,12.622
0.65485,-12.38,-13.732
-11.645,13.013,6.3103
6.4501,-12.535,12.127
-11.993,-6.0569,13.063
6.5219,12.742,12.125
-11.644,13.012,-6.8669
-12.225,6.5721,12.675
-5.6559,-12.36,13.018
0.72666,12.897,-13.735
-11.992,-6.0596,-13.292
-5.655,-12.363,-13.337
13.329,0.29294,-13.733
-5.5841,12.916,13.015
13.56,-12.195,6.3141
13.051,6.6408,12.677
-5.5832,12.914,-13.339
-12.224,6.5695,-13.679
13.561,-12.196,-6.8631
13.284,-5.9883,13.064
13.284,-5.9909,-13.29
13.632,13.082,6.3118
6.451,-12.537,-14.227
13.052,6.6382,-13.678
13.632,13.081,-6.8655
6.5228,12.739,-14.23
12.603,-12.605,-13.175
-12.603,12.605,13.175
12.602,-12.603,13.179
-12.602,12.603,-13.179
-12.675,-12.671,13.178
12.675,12.671,-13.178
-12.674,-12.674,-13.177
12.674,12.674,13.177
