-3.5203,-9.2833,-11.049
-10.028,-9.1928,-10.265
-3.5207,-9.282,2.1285
-10.029,-9.1914,2.9125
-9.751,-3.623,-4.0455
-10.158,-9.3604,-3.7955
-9.7515,-3.6217,9.1317
-10.159,-9.3591,9.3817
9.5206,-8.7889,-10.29
9.5201,-8.7876,2.8869
9.0153,-9.5654,-3.9471
9.7612,-3.369,-4.6611
9.0148,-9.5641,9.2301
9.7608,-3.3677,8.5161
9.1539,3.3893,-11.049
-9.4394,-3.032,-10.554
3.5614,-3.4562,-9.7432
-3.0818,3.8149,-10.292
2.8649,-9.1987,-10.648
-3.055,-3.1741,-9.9552
9.2869,-3.1303,-10.385
2.6457,3.4798,-10.265
9.1535,3.3906,2.128
-9.4399,-3.0307,2.623
3.561,-3.4549,3.434
-3.0823,3.8163,2.885
2.8645,-9.1973,2.529
-3.0554,-3.1728,3.222
9.2864,-3.1289,2.792
2.6453,3.4811,2.912
3.5171,-4.0008,-4.651
-3.5872,3.0384,-3.949
-2.6311,-8.9442,-3.848
2.9232,9.0496,-4.046
3.3227,-9.162,-3.748
-2.8666,-2.7068,-3.564
-2.8412,9.2348,-4.663
2.5159,3.3121,-3.796
3.5167,-3.9995,8.5262
-3.5876,3.0398,9.2282
-2.6316,-8.9429,9.3292
2.9227,9.0509,9.1312
3.3223,-9.1607,9.4292
-2.867,-2.7055,9.6132
-2.8416,9.2361,8.5142
2.5155,3.3134,9.3812
-9.041,9.1476,-9.7451
-9.7375,3.4052,-10.65
-3.3155,9.4736,-10.387
-9.0414,9.1489,3.4321
-9.7379,3.4065,2.5271
-3.316,9.4749,2.7901
-9.0853,8.603,-4.6529
-9.2797,3.4419,-3.7499
-9.0857,8.6044,8.5243
-9.2801,3.4432,9.4273
3.2348,9.6406,-10.555
9.6192,9.4984,-9.9557
3.2343,9.6419,2.6225
9.6188,9.4997,3.2215
10.043,3.7283,-3.8485
9.8076,9.9657,-3.5645
10.043,3.7297,9.3288
9.8072,9.967,9.6128
-2.7227,-10.399,-10.445
-9.2379,-4.3081,-9.7958
-8.6334,-9.5979,-10.066
-2.7231,-10.398,2.7325
-9.2384,-4.3068,3.3815
-8.6338,-9.5966,3.1115
-2.8002,-10.301,-3.1885
-8.9647,-4.3018,-2.9465
-9.6535,-10.507,-2.9545
-2.8006,-10.3,9.9887
-8.9652,-4.3005,10.231
-9.6539,-10.506,10.223
9.3204,-9.8941,-9.2433
4.0447,-9.9005,-10.084
9.9752,-3.0705,-9.0593
9.32,-9.8928,3.9339
4.0443,-9.8992,3.0929
9.9748,-3.0692,4.1179
9.4346,-9.2819,-2.5241
3.5642,-10.62,-3.3791
9.7846,-3.9383,-3.2871
9.4341,-9.2805,10.653
3.5637,-10.618,9.7981
9.7841,-3.9369,9.8901
2.4937,-2.66,-10.408
-3.282,2.7097,-9.2452
9.9515,2.2734,-10.445
3.4363,8.3645,-9.7962
-3.5641,-4.4653,-10.579
-8.5577,2.7034,-10.086
4.0408,3.0746,-10.066
-2.6272,9.5333,-9.0612
2.4933,-2.6587,2.769
-3.2824,2.711,3.932
9.9511,2.2748,2.732
3.4358,8.3658,3.381
-3.5645,-4.464,2.598
-8.5581,2.7047,3.091
4.0404,3.0759,3.111
-2.6276,9.5346,4.116
9.874,2.3716,-3.189
3.7095,8.3707,-2.947
2.3801,-3.1876,-4.184
-3.1678,3.322,-2.526
-2.5265,-3.532,-4.791
-9.0382,1.9841,-3.381
3.0208,2.1652,-2.955
-2.8178,8.6656,-3.289
9.8736,2.373,9.9882
3.709,8.372,10.23
2.3797,-3.1863,8.9932
-3.1683,3.3233,10.651
-2.5269,-3.5307,8.3862
-9.0387,1.9855,9.7962
3.0203,2.1665,10.222
-2.8183,8.6669,9.8882
-10.109,9.9438,-10.41
-10.109,9.9451,2.7671
-10.222,9.4162,-4.1859
-10.223,9.4175,8.9913
9.1101,8.2073,-10.58
9.1097,8.2086,2.5975
10.148,9.1405,-4.7915
10.147,9.1419,8.3858
-5.6154,-12.179,-10.424
-12.759,-5.6268,-10.482
-6.3855,-7.0092,-10.224
-0.5575,-13.209,-10.225
-13.553,-12.434,-10.267
-9.3843,-12.163,-7.9038
-6.085,-9.5838,-14.014
-11.939,-3.468,-14.145
-12.316,-9.7379,-13.66
-9.3992,-12.475,-12.266
-3.3789,-13.438,-14.393
-9.2662,-7.1521,-13.543
-12.335,-12.643,-3.9815
-5.6159,-12.178,2.7535
-12.759,-5.6255,2.6955
-6.3859,-7.0079,2.9535
-0.55794,-13.208,2.9525
-13.553,-12.433,2.9105
-7.3801,-13.153,-3.8435
-13.058,-6.5582,-3.5145
-9.3848,-12.162,5.2735
-3.0696,-12.789,-7.0385
-9.6018,-7.1522,-6.8565
-12.855,-9.6482,-6.9965
-6.0854,-9.5825,-0.83654
-11.94,-3.4667,-0.96754
-5.9928,-9.5705,-5.8555
-11.887,-3.3267,-7.0785
-12.316,-9.7366,-0.48254
-9.3996,-12.474,0.91146
-3.3793,-13.437,-1.2155
-9.2667,-7.1507,-0.36554
-12.335,-12.642,9.1957
-7.3805,-13.151,9.3337
-13.059,-6.5569,9.6627
-3.07,-12.788,6.1387
-9.6023,-7.1508,6.3207
-12.855,-9.6469,6.1807
-6.0858,-9.5812,12.341
-11.94,-3.4654,12.21
-5.9932,-9.5691,7.3217
-11.888,-3.3254,6.0987
-12.317,-9.7353,12.695
-9.4,-12.473,14.089
-3.3797,-13.436,11.962
-9.2671,-7.1494,12.812
-13.16,-0.60528,-10.227
-13.16,-0.60397,2.9506
6.9417,-12.376,-10.348
12.518,-5.5581,-10.48
11.724,-12.365,-10.265
6.142,-6.9957,-9.9683
3.2047,-12.655,-8.1013
6.2799,-9.5929,-14.015
13.338,-3.3993,-14.143
12.961,-9.6693,-13.658
3.175,-12.572,-13.08
9.7391,-6.4208,-13.431
9.5658,-12.537,-14.342
12.942,-12.574,-3.9801
6.884,-6.2222,-3.3651
0.38925,-12.55,-3.6411
6.9413,-12.375,2.8289
12.518,-5.5568,2.6969
11.723,-12.364,2.9119
6.1416,-6.9944,3.2089
5.7364,-13.788,-3.4091
12.218,-6.4895,-3.5131
3.2042,-12.654,5.0759
9.4112,-6.4725,-7.0121
9.5519,-12.946,-6.9241
12.422,-9.5796,-6.9951
6.2795,-9.5916,-0.8381
13.337,-3.398,-0.9661
6.5644,-10.048,-6.5111
13.389,-3.258,-7.0771
12.96,-9.6679,-0.4811
3.1745,-12.571,0.096903
9.7386,-6.4195,-0.2541
9.5654,-12.535,-1.1651
12.941,-12.573,9.1971
6.8836,-6.2209,9.8121
0.38882,-12.549,9.5361
5.736,-13.786,9.7681
12.218,-6.4882,9.6641
9.4108,-6.4712,6.1651
9.5515,-12.945,6.2531
12.422,-9.5782,6.1821
6.279,-9.5903,12.339
13.337,-3.3967,12.211
6.564,-10.046,6.6661
13.389,-3.2567,6.1001
12.96,-9.6666,12.696
3.1741,-12.569,13.274
9.7382,-6.4182,12.923
9.5649,-12.534,12.012
-0.5405,-6.0916,-10.257
-5.6607,0.22779,-10.35
7.0588,0.49366,-10.424
-0.084419,7.0457,-10.482
6.2887,5.6633,-10.224
12.117,-0.5366,-10.225
-0.8785,0.23839,-10.267
-6.4604,5.6082,-9.9702
-3.1851,-6.5314,-7.3212
-9.3977,-0.051521,-8.1032
3.2899,0.50922,-7.9042
3.1605,-6.7676,-7.6172
-0.3213,-9.5621,-7.7082
-6.1464,-3.5602,-7.9252
6.4188,-3.126,-7.5812
0.64814,-3.1904,-13.595
-6.3225,3.011,-14.017
6.5893,3.0887,-14.014
0.73512,9.2045,-14.145
-0.72294,-9.8761,-13.288
-6.5304,-3.4152,-12.85
6.1424,-3.0801,-13.048
0.35823,2.9346,-13.66
-3.1801,-6.1022,-13.817
-9.4274,0.031918,-13.082
3.275,0.19738,-12.266
-2.8633,6.183,-13.433
3.2206,-5.818,-13.928
-3.0366,0.067273,-14.344
9.2954,-0.7657,-14.393
3.408,5.5205,-13.543
0.33941,0.029698,-3.982
-5.7184,6.3816,-3.367
-5.9008,-5.6618,-3.902
-12.213,0.05374,-3.643
-0.54094,-6.0903,2.92
-5.6611,0.2291,2.827
7.0583,0.49497,2.753
-0.084853,7.047,2.695
6.2883,5.6646,2.953
12.116,-0.53528,2.952
-0.87893,0.23971,2.91
-6.4608,5.6095,3.207
0.38113,-6.1681,-3.825
-6.866,-1.1837,-3.411
5.2941,-0.48013,-3.844
-0.38396,6.1144,-3.515
-3.1855,-6.5301,5.856
-9.3982,-0.050205,5.074
3.2895,0.51053,5.273
-3.1912,6.1313,-7.014
3.1601,-6.7663,5.56
-3.0505,-0.34224,-6.926
9.6046,-0.11667,-7.039
3.0724,5.5204,-6.857
-0.32173,-9.5608,5.469
-6.1469,-3.5589,5.252
6.4184,-3.1247,5.596
-0.18031,3.0243,-6.997
0.64771,-3.1891,-0.418
-6.3229,3.0123,-0.84
6.5888,3.0901,-0.837
0.73468,9.2058,-0.968
0.51265,-3.3906,-7.152
-6.038,2.5562,-6.513
6.6815,3.1021,-5.856
0.78701,9.3458,-7.079
-0.72337,-9.8747,-0.111
-6.5308,-3.4139,0.327
6.1419,-3.0787,0.129
0.3578,2.9359,-0.483
-3.1806,-6.1009,-0.64
-9.4279,0.033234,0.095
3.2746,0.1987,0.911
-2.8638,6.1844,-0.256
3.2202,-5.8167,-0.751
-3.037,0.068589,-1.167
9.2949,-0.76438,-1.216
3.4075,5.5218,-0.366
0.33898,0.031014,9.1952
-5.7188,6.383,9.8102
-5.9012,-5.6605,9.2752
-12.214,0.055056,9.5342
0.3807,-6.1668,9.3522
-6.8664,-1.1824,9.7662
5.2937,-0.47881,9.3332
-0.38439,6.1157,9.6622
-3.1916,6.1326,6.1632
-3.0509,-0.34092,6.2512
9.6042,-0.11536,6.1382
3.0719,5.5217,6.3202
-0.18075,3.0256,6.1802
0.64728,-3.1877,12.759
-6.3234,3.0136,12.337
6.5884,3.0914,12.34
0.73425,9.2071,12.209
0.51222,-3.3893,6.0252
-6.0384,2.5575,6.6642
6.681,3.1034,7.3212
0.78658,9.3471,6.0982
-0.7238,-9.8734,13.066
-6.5313,-3.4126,13.504
6.1415,-3.0774,13.306
0.35736,2.9372,12.694
-3.181,-6.0996,12.537
-9.4283,0.03455,13.272
3.2742,0.20001,14.088
-2.8642,6.1857,12.921
3.2197,-5.8153,12.426
-3.0375,0.069905,12.01
9.2945,-0.76307,11.961
3.4071,5.5231,12.811
-13.143,6.5122,-10.259
-5.5436,13.098,-10.426
-0.48569,12.067,-10.227
-13.481,12.842,-10.269
-9.3125,13.113,-7.9061
-9.4419,5.8362,-7.6191
-12.924,3.0417,-7.7101
-6.1836,9.4778,-7.5831
-11.954,9.4135,-13.597
-13.325,2.7278,-13.29
-6.46,9.5238,-13.05
-9.3274,12.801,-12.268
-9.3818,6.7859,-13.93
-3.3071,11.838,-14.395
-12.263,12.634,-3.9839
-13.143,6.5135,2.9181
-5.5441,13.099,2.7511
-0.48613,12.069,2.9501
-13.481,12.844,2.9081
-12.221,6.4358,-3.8269
-7.3083,12.124,-3.8459
-9.3129,13.114,5.2711
-9.4423,5.8375,5.5581
-2.9978,12.487,-7.0409
-12.924,3.0431,5.4671
-6.184,9.4791,5.5941
-11.955,9.4148,-0.4199
-12.09,9.2133,-7.1539
-13.326,2.7291,-0.1129
-6.4605,9.5251,0.1271
-9.3278,12.803,0.9091
-9.3822,6.7872,-0.7529
-3.3075,11.839,-1.2179
-12.263,12.635,9.1933
-12.222,6.4371,9.3503
-7.3087,12.125,9.3313
-2.9982,12.488,6.1363
-11.955,9.4161,12.757
-12.09,9.2146,6.0233
-13.326,2.7304,13.064
-6.4609,9.5264,13.304
-9.3282,12.804,14.086
-9.3827,6.7885,12.424
-3.3079,11.841,11.959
13.063,0.12243,-3.6416
13.063,0.12374,9.5357
12.134,6.5809,-10.258
7.0135,12.9,-10.351
11.796,12.911,-10.268
9.4891,6.1411,-7.3217
3.2765,12.621,-8.1037
12.353,3.1104,-7.7087
6.5278,9.1123,-7.9257
13.322,9.4822,-13.596
11.951,2.7965,-13.289
6.1438,9.2573,-12.851
9.4941,6.5703,-13.818
3.2468,12.704,-13.083
9.6376,12.74,-14.345
13.014,12.702,-3.9825
6.7734,7.0107,-3.9025
0.46106,12.726,-3.6435
12.133,6.5822,2.9195
7.0131,12.902,2.8265
11.795,12.912,2.9095
13.055,6.5044,-3.8255
5.8082,11.489,-3.4115
9.4887,6.1424,5.8555
3.2761,12.622,5.0735
9.6238,12.33,-6.9265
12.352,3.1117,5.4685
6.5273,9.1137,5.2515
13.322,9.4835,-0.41846
13.187,9.282,-7.1525
11.951,2.7978,-0.11146
6.1434,9.2586,0.32654
9.4936,6.5716,-0.64046
3.2464,12.706,0.094539
9.6372,12.741,-1.1675
13.013,12.704,9.1948
6.773,7.012,9.2748
0.46063,12.728,9.5338
13.055,6.5058,9.3518
5.8078,11.49,9.7658
9.6233,12.332,6.2508
13.321,9.4848,12.759
13.186,9.2833,6.0248
11.95,2.7991,13.066
6.1429,9.2599,13.504
9.4932,6.5729,12.537
3.2459,12.707,13.272
9.6368,12.742,12.01
0,0,0
-6.1313,-0.35992,-0.65
0.029972,0.00060882,6.2432
6.3166,0.060104,-0.26
0.41083,6.3519,-0.214
0.30547,-6.4417,-0.377
0.030406,-0.00070711,-6.934
-5.7764,6.1186,0.16
-6.313,-0.36345,5.77
0.12755,-6.4369,6.0092
6.1139,0.018994,6.4252
-6.2232,-6.2699,-0.928
0.14028,6.2981,6.5772
6.1144,0.017678,-6.752
0.14071,6.2968,-6.6
6.451,6.4026,-0.92846
6.826,-6.4853,0.1619
0.12799,-6.4382,-7.168
-6.3126,-0.36477,-7.4072
6.3579,5.9,6.0872
6.1924,-6.2849,6.0622
-6.41,6.319,6.0603
-6.3163,-6.7725,6.0877
6.3583,5.8987,-7.09
6.1928,-6.2862,-7.115
-6.4096,6.3177,-7.1169
-6.3159,-6.7738,-7.0895
0.30833,12.335,-0.64446
-12.366,-0.338,-0.644
12.911,-0.26931,-0.64256
0.23652,-12.942,-0.6421
0.00043346,-0.0013159,-13.177
-0.00043346,0.0013159,13.177
-12.297,6.1621,-0.3789
-12.263,-6.3206,-0.21354
0.067103,12.527,5.9933
-6.1318,-0.3586,12.527
6.5429,12.313,-0.65046
-12.607,-0.14515,5.9938
12.67,-0.076466,5.9952
-0.0047051,-12.749,5.9957
-6.3576,-12.612,-0.25954
-6.2858,12.664,-0.2619
0.30504,-6.4404,12.8
6.3162,0.06142,12.917
12.98,6.2308,-0.37746
13.013,-6.2519,-0.2121
0.067536,12.526,-7.1839
0.4104,6.3533,12.963
6.4711,-12.964,-0.6481
-12.607,-0.14647,-7.1834
12.67,-0.077782,-7.182
-0.0042716,-12.75,-7.1815
0.41126,6.3506,-13.391
6.317,0.058788,-13.437
6.3612,12.309,5.7695
0.3059,-6.4431,-13.554
-6.2237,-6.2686,12.249
-6.1309,-0.36123,-13.827
-12.475,6.167,6.0073
6.4505,6.4039,12.249
12.802,6.2356,6.0088
-5.7759,6.1173,-13.017
-12.534,-6.3744,6.5777
6.2894,-12.967,5.7719
-12.533,-6.3757,-6.5995
-6.4885,12.623,6.4233
-6.5603,-12.654,6.4257
-12.474,6.1656,-7.1699
12.743,-6.3057,6.5791
12.743,-6.3071,-6.5981
6.3616,12.308,-7.4077
-6.4881,12.622,-6.7539
-5.7768,6.1199,13.337
-6.5599,-12.655,-6.7515
12.802,6.2343,-7.1685
6.8265,-6.4866,-13.015
6.2898,-12.969,-7.4053
6.8256,-6.4839,13.339
-6.2228,-6.2712,-14.105
6.4514,6.4013,-14.106
0.30789,12.336,12.533
-12.366,-0.33668,12.533
12.602,-12.604,0.001903
-12.602,12.604,-0.001903
-12.674,-12.673,0.000461
12.674,12.673,-0.000461
12.91,-0.26799,12.535
0.23609,-12.941,12.535
0.30876,12.333,-13.822
-12.365,-0.33931,-13.821
6.5425,12.314,12.527
-12.297,6.1634,12.798
-12.572,12.604,6.2413
12.632,-12.603,6.2451
12.911,-0.27063,-13.82
-12.264,-6.3193,12.964
0.23695,-12.943,-13.819
-12.644,-12.672,6.2437
12.704,12.673,6.2428
-12.572,12.603,-6.9359
-6.3581,-12.611,12.918
12.633,-12.605,-6.9321
-6.2863,12.665,12.915
6.4706,-12.962,12.529
-12.644,-12.673,-6.9335
-12.263,-6.3219,-13.391
12.705,12.672,-6.9345
12.979,6.2321,12.8
-12.296,6.1608,-13.556
13.013,-6.2506,12.965
-6.3572,-12.614,-13.437
-6.2854,12.663,-13.439
6.5433,12.311,-13.828
13.014,-6.2532,-13.389
12.98,6.2295,-13.555
6.4715,-12.965,-13.825
12.603,-12.605,-13.175
-12.603,12.605,13.175
12.602,-12.603,13.179
-12.602,12.603,-13.179
-12.675,-12.671,13.178
12.675,12.671,-13.178
-12.674,-12.674,-13.177
12.674,12.674,13.177
