-3.3197,-8.6821,-4.0837
-9.2658,-2.8902,-3.8477
-3.3996,-8.82,-9.2997
-9.0218,-3.2233,-9.1867
-9.0105,-8.9508,-3.4637
-9.3874,-8.622,-9.3057
-3.3197,-8.6821,7.7519
-9.2658,-2.8902,7.9879
-3.3996,-8.82,2.5359
-9.0218,-3.2233,2.6489
-9.0105,-8.9508,8.3719
-9.3874,-8.622,2.5299
8.0911,-8.9014,-3.1364
8.1682,-8.8031,-8.7194
2.3183,-8.743,-2.9514
8.2389,-2.937,-2.9984
2.4427,-8.6044,-8.5594
7.9079,-2.9342,-8.6694
8.0911,-8.9014,8.6992
8.1682,-8.8031,3.1162
2.3183,-8.743,8.8842
8.2389,-2.937,8.8372
2.4427,-8.6044,3.2762
7.9079,-2.9342,3.1662
2.6502,-2.6969,-3.1757
-3.4061,2.5958,-3.3727
8.2123,2.7803,-3.8467
2.2663,8.5723,-3.6107
2.4049,-3.0328,-8.9217
-3.3291,2.6941,-8.9557
8.1324,2.6425,-9.0627
2.5102,8.2392,-8.9497
-3.3708,-2.9663,-3.3457
-9.179,2.7542,-3.1877
2.5215,2.5116,-3.2267
-3.2583,8.5602,-3.2347
-3.5525,-2.9826,-8.8567
-9.0545,2.8928,-8.7957
2.1447,2.8404,-9.0687
-3.5893,8.5631,-8.9057
2.6502,-2.6969,8.66
-3.4061,2.5958,8.463
8.2123,2.7803,7.989
2.2663,8.5723,8.225
2.4049,-3.0328,2.914
-3.3291,2.6941,2.88
8.1324,2.6425,2.773
2.5102,8.2392,2.886
-3.3708,-2.9663,8.49
-9.179,2.7542,8.648
2.5215,2.5116,8.609
-3.2583,8.5602,8.601
-3.5525,-2.9826,2.979
-9.0545,2.8928,3.04
2.1447,2.8404,2.767
-3.5893,8.5631,2.93
-8.847,8.8003,-3.4119
-9.0924,8.4644,-9.1579
-8.847,8.8003,8.4238
-9.0924,8.4644,2.6778
8.1613,8.4962,-3.1086
7.9796,8.4799,-8.6196
8.1613,8.4962,8.7271
7.9796,8.4799,3.2161
-7.9195,-8.5782,-9.0317
-8.6365,-3.043,-2.7141
-8.0623,-8.9247,-2.6971
-7.9195,-8.5782,2.8039
-8.6365,-3.043,9.1216
-8.0623,-8.9247,9.1386
-1.9619,-8.912,-8.4174
9.6142,-8.9156,-8.3614
3.7417,-2.9568,-8.1034
3.8902,-8.9644,-8.3964
9.3872,-3.0855,-8.5374
-2.6011,-8.7904,-2.5438
9.0789,-8.8357,-2.4398
3.6865,-2.9214,-2.4668
-1.9619,-8.912,3.4182
9.6142,-8.9156,3.4742
3.7417,-2.9568,3.7322
3.2707,-8.5797,-2.2078
9.1829,-2.9363,-2.2158
3.8902,-8.9644,3.4392
9.3872,-3.0855,3.2982
-2.6011,-8.7904,9.2919
9.0789,-8.8357,9.3959
3.6865,-2.9214,9.3689
3.2707,-8.5797,9.6279
9.1829,-2.9363,9.6199
-7.542,-3.2103,-8.5787
-1.883,2.5816,-8.5977
-7.7555,8.5404,-8.3397
-2.093,-3.1056,-8.5617
-7.6071,2.5329,-8.6327
3.6126,2.8843,-8.7947
-2.11,8.4117,-8.7737
2.8956,8.4195,-2.477
-2.4183,2.6615,-2.676
-7.8107,8.5758,-2.703
-7.542,-3.2103,3.257
-1.883,2.5816,3.238
-7.7555,8.5404,3.496
-2.4254,-2.9812,-2.571
-8.2265,2.9175,-2.444
3.4698,2.5378,-2.46
-2.3144,8.5609,-2.452
-2.093,-3.1056,3.274
-7.6071,2.5329,3.203
3.6126,2.8843,3.041
-2.11,8.4117,3.062
2.8956,8.4195,9.3587
-2.4183,2.6615,9.1597
-7.8107,8.5758,9.1327
-2.4254,-2.9812,9.2647
-8.2265,2.9175,9.3917
3.4698,2.5378,9.3757
-2.3144,8.5609,9.3837
9.5702,2.5504,-8.1804
8.931,2.6721,-2.3067
9.5702,2.5504,3.6553
8.931,2.6721,9.529
3.9901,8.2522,-8.3416
9.439,8.3569,-8.3246
3.9901,8.2522,3.4941
9.1067,8.4813,-2.3339
9.439,8.3569,3.5111
9.1067,8.4813,9.5017
-0.37567,-11.813,-9.1165
-0.43224,-11.529,-3.1355
-2.9616,-12.058,-11.961
-2.8979,-11.737,-6.3955
-0.37567,-11.813,2.7192
-0.43224,-11.529,8.7002
-2.9616,-12.058,-0.12582
-2.8979,-11.737,5.4402
-2.9616,-12.058,11.71
-6.3659,-11.397,-9.1677
-12.111,-5.8374,-9.3537
-5.8392,-11.558,-3.3427
-11.963,-5.8495,-3.3497
-12.016,-11.868,-9.3247
-6.0463,-5.9301,-9.4557
-11.873,-0.31565,-9.3527
-11.893,-11.659,-3.3397
-6.6127,-5.9492,-3.3627
-11.929,-0.03139,-3.3717
-12.166,-8.5754,-12.026
-11.842,-8.7387,-6.0947
-5.2947,-8.5952,-12.579
-11.025,-2.9609,-12.366
-6.0527,-8.7592,-6.2807
-11.92,-3.0316,-6.2777
-8.6626,-10.945,-12.049
-8.6492,-11.777,-6.3227
-8.7942,-6.2751,-12.078
-8.6372,-6.0885,-6.6297
-6.3659,-11.397,2.6679
-12.111,-5.8374,2.4819
-5.8392,-11.558,8.4929
-11.963,-5.8495,8.4859
-12.016,-11.868,2.5109
-6.0463,-5.9301,2.3799
-11.873,-0.31565,2.4829
-11.893,-11.659,8.4959
-6.6127,-5.9492,8.4729
-11.929,-0.03139,8.4639
-12.166,-8.5754,-0.19006
-11.842,-8.7387,5.7409
-5.2947,-8.5952,-0.74306
-11.025,-2.9609,-0.53006
-6.0527,-8.7592,5.5549
-11.92,-3.0316,5.5579
-8.6626,-10.945,-0.21306
-8.6492,-11.777,5.5129
-8.7942,-6.2751,-0.24206
-8.6372,-6.0885,5.2059
-12.166,-8.5754,11.646
-5.2947,-8.5952,11.093
-11.025,-2.9609,11.306
-8.6626,-10.945,11.623
-8.7942,-6.2751,11.594
5.3362,-11.864,-8.8114
10.918,-5.8722,-8.8804
11.066,-5.8842,-2.8764
11.014,-11.903,-8.8514
5.3213,-5.8022,-8.6284
11.156,-0.35039,-8.8794
11.137,-11.694,-2.8664
5.2952,-5.8722,-2.8394
11.1,-0.066132,-2.8984
-0.62188,-8.7148,-11.551
10.863,-8.6101,-11.552
5.0046,-2.7786,-11.435
-0.31146,-8.8611,-5.6684
11.188,-8.7734,-5.6214
5.5957,-3.1222,-5.5204
5.9401,-8.5705,-11.682
12.004,-2.9957,-11.892
5.4995,-8.8922,-5.5734
11.109,-3.0664,-5.8044
2.7609,-10.905,-11.423
8.3343,-5.3574,-11.744
2.9151,-11.769,-5.9454
8.6617,-5.9988,-5.9254
8.4199,-11.718,-11.952
2.6775,-6.2484,-11.648
8.5705,-0.59576,-11.724
8.6426,-11.919,-5.8614
2.9179,-5.9627,-5.7964
8.6341,-0.27473,-6.1584
5.3362,-11.864,3.0242
10.918,-5.8722,2.9552
4.6142,-11.757,-2.6298
11.066,-5.8842,8.9592
11.014,-11.903,2.9842
5.3213,-5.8022,3.2072
11.156,-0.35039,2.9562
11.137,-11.694,8.9692
5.2952,-5.8722,8.9962
11.1,-0.066132,8.9372
-0.62188,-8.7148,0.28424
10.863,-8.6101,0.28324
5.0046,-2.7786,0.40024
-0.31146,-8.8611,6.1672
11.188,-8.7734,6.2142
5.5957,-3.1222,6.3152
5.9401,-8.5705,0.15324
12.004,-2.9957,-0.056762
5.4995,-8.8922,6.2622
11.109,-3.0664,6.0312
2.7609,-10.905,0.41224
8.3343,-5.3574,0.091238
2.9151,-11.769,5.8902
8.6617,-5.9988,5.9102
8.4199,-11.718,-0.11676
2.6775,-6.2484,0.18724
8.5705,-0.59576,0.11124
8.6426,-11.919,5.9742
2.9179,-5.9627,6.0392
8.6341,-0.27473,5.6772
4.6142,-11.757,9.2059
-0.62188,-8.7148,12.12
10.863,-8.6101,12.119
5.0046,-2.7786,12.236
5.9401,-8.5705,11.989
12.004,-2.9957,11.779
2.7609,-10.905,12.248
8.3343,-5.3574,11.927
8.4199,-11.718,11.719
2.6775,-6.2484,12.023
8.5705,-0.59576,11.947
-0.52892,-5.9227,-9.0797
-6.161,-0.36699,-9.0477
5.1661,0.065054,-8.9307
-0.57912,5.625,-9.1167
-0.73822,-5.8718,-3.0987
5.6929,-0.095459,-3.1057
-0.43134,5.613,-3.1127
-0.48366,-0.40588,-9.0877
-6.1759,5.695,-8.8647
5.4857,5.5324,-9.2187
-0.34083,11.147,-9.1157
-0.36062,-0.19658,-3.1027
-6.202,5.625,-3.0757
4.9193,5.5133,-3.1257
-0.39739,11.431,-3.1347
-6.3463,-2.9621,-12.011
-12.119,2.7825,-11.788
-0.63427,2.8871,-11.789
-6.4927,8.7186,-11.672
-6.2438,-3.0957,-5.6547
-11.809,2.6361,-5.9047
-0.30971,2.7238,-5.8577
-5.9015,8.375,-5.7567
0.14425,-2.868,-11.89
-5.5572,2.9267,-11.919
6.2374,2.8673,-12.342
0.507,8.5015,-12.129
-0.12021,-3.1,-5.7597
-5.9977,2.605,-5.8097
5.4794,2.7033,-6.0437
-0.3882,8.4308,-6.0407
-2.9755,-5.3217,-11.911
-8.7363,0.59185,-11.66
2.8694,0.5176,-11.812
-3.1629,6.1398,-11.981
-2.8412,-5.7615,-6.1987
-8.5822,-0.27224,-6.1817
2.8829,-0.31466,-6.0857
-2.8355,5.4985,-6.1617
-3.0773,-0.22062,-12.189
-8.8197,5.2489,-11.885
2.7379,5.1873,-11.841
-2.9267,10.901,-11.961
-2.8546,-0.42214,-6.0977
-8.5793,5.5345,-6.0327
2.8949,5.374,-6.3927
-2.8631,11.222,-6.3947
-0.52892,-5.9227,2.756
-6.161,-0.36699,2.788
5.1661,0.065054,2.905
-0.57912,5.625,2.719
-0.73822,-5.8718,8.737
-6.883,-0.26022,-2.866
5.6929,-0.095459,8.73
-0.43134,5.613,8.723
-0.48366,-0.40588,2.748
-6.1759,5.695,2.971
5.4857,5.5324,2.617
-0.34083,11.147,2.72
-0.36062,-0.19658,8.733
-6.202,5.625,8.76
4.9193,5.5133,8.71
-0.39739,11.431,8.701
-6.3463,-2.9621,-0.175
-12.119,2.7825,0.048
-0.63427,2.8871,0.047
-6.4927,8.7186,0.164
-6.2438,-3.0957,6.181
-11.809,2.6361,5.931
-0.30971,2.7238,5.978
-5.9015,8.375,6.079
0.14425,-2.868,-0.054
-5.5572,2.9267,-0.083
6.2374,2.8673,-0.506
0.507,8.5015,-0.293
-0.12021,-3.1,6.076
-5.9977,2.605,6.026
5.4794,2.7033,5.792
-0.3882,8.4308,5.795
-2.9755,-5.3217,-0.075
-8.7363,0.59185,0.176
2.8694,0.5176,0.024
-3.1629,6.1398,-0.145
-2.8412,-5.7615,5.637
-8.5822,-0.27224,5.654
2.8829,-0.31466,5.75
-2.8355,5.4985,5.674
-3.0773,-0.22062,-0.353
-8.8197,5.2489,-0.049
2.7379,5.1873,-0.005
-2.9267,10.901,-0.125
-2.8546,-0.42214,5.738
-8.5793,5.5345,5.803
2.8949,5.374,5.443
-2.8631,11.222,5.441
-6.883,-0.26022,8.9697
-6.3463,-2.9621,11.661
-12.119,2.7825,11.884
-0.63427,2.8871,11.883
-6.4927,8.7186,12
0.14425,-2.868,11.782
-5.5572,2.9267,11.753
6.2374,2.8673,11.33
0.507,8.5015,11.543
-2.9755,-5.3217,11.761
-8.7363,0.59185,12.012
2.8694,0.5176,11.86
-3.1629,6.1398,11.691
-3.0773,-0.22062,11.483
-8.8197,5.2489,11.787
2.7379,5.1873,11.831
-2.9267,10.901,11.711
-12.026,5.5745,-9.3159
-6.3311,11.562,-9.1669
-12.235,5.6254,-3.3349
-5.8043,11.402,-3.3419
-11.981,11.091,-9.3239
-11.858,11.301,-3.3389
-11.353,8.6292,-12.126
-11.617,8.3973,-5.9959
-8.6278,12.015,-12.048
-8.6143,11.183,-6.3219
-12.026,5.5745,2.5198
-6.3311,11.562,2.6688
-12.235,5.6254,8.5008
-5.8043,11.402,8.4938
-11.981,11.091,2.5118
-11.858,11.301,8.4968
-11.353,8.6292,-0.29024
-11.617,8.3973,5.8398
-8.6278,12.015,-0.21224
-8.6143,11.183,5.5138
-11.353,8.6292,11.545
-8.6278,12.015,11.623
10.91,2.7477,-11.314
11.221,2.6014,-5.4314
10.91,2.7477,0.5213
11.221,2.6014,6.4043
10.91,2.7477,12.357
11.003,5.5398,-8.8426
5.371,11.095,-8.8106
10.794,5.5907,-2.8616
11.048,11.057,-8.8506
11.171,11.266,-2.8656
5.1858,8.5004,-11.774
5.2883,8.3668,-5.4176
11.676,8.5945,-11.653
11.412,8.3625,-5.5226
8.5566,6.1408,-11.674
2.7958,12.054,-11.423
8.6909,5.701,-5.9616
2.9499,11.19,-5.9446
8.4547,11.242,-11.952
8.6775,11.04,-5.8606
11.003,5.5398,2.9931
5.371,11.095,3.0251
10.794,5.5907,8.9741
4.6491,11.202,-2.6289
11.048,11.057,2.9851
11.171,11.266,8.9701
5.1858,8.5004,0.062058
5.2883,8.3668,6.4181
11.676,8.5945,0.18306
11.412,8.3625,6.3131
8.5566,6.1408,0.16206
2.7958,12.054,0.41306
8.6909,5.701,5.8741
2.9499,11.19,5.8911
8.4547,11.242,-0.11594
8.6775,11.04,5.9751
4.6491,11.202,9.2067
5.1858,8.5004,11.898
11.676,8.5945,12.019
8.5566,6.1408,11.998
2.7958,12.054,12.249
8.4547,11.242,11.72
0,0,0
0.040305,5.6547,0.03
-0.016263,-5.799,0.012
-0.059397,-0.15556,-5.8477
5.8704,-0.056569,0.189
-5.8966,-0.12092,-0.05
-0.059397,-0.15556,5.988
-5.7254,-5.7141,-0.134
-0.028284,5.589,-5.8587
-5.8471,-0.23829,-5.6117
-5.835,5.6583,0.06
5.6622,-5.839,0.29624
5.8066,5.7483,0.10306
-0.028284,5.589,5.977
5.8315,-0.17607,5.864
-0.025456,-5.927,-5.8687
5.8315,-0.17607,-5.9717
-0.025456,-5.927,5.967
-5.8471,-0.23829,6.224
5.647,5.5932,-5.8577
5.647,5.5932,5.978
-5.7905,5.5671,-5.9117
-5.7905,5.5671,5.924
5.7067,-5.9302,-5.6754
-5.8851,-5.8693,5.7409
5.7067,-5.9302,6.1602
-5.8851,-5.8693,-6.0947
0.021785,11.438,0.20206
-11.51,-0.024042,-0.035
-0.013064,-11.521,0.20124
11.519,-0.058784,0.4383
0,0,-11.836
0,0,11.836
5.6355,11.342,0.18706
-0.0077782,11.273,5.846
-5.6268,11.441,-0.047238
-0.0077782,11.273,-5.9897
-11.54,-0.18907,5.6089
-5.6617,-11.519,-0.048058
11.516,5.6635,0.24906
-11.513,5.6982,-0.22424
11.489,-0.22382,-5.7534
-11.492,-5.8077,-0.20706
5.6007,-11.618,0.18624
11.538,-5.8425,0.26624
11.489,-0.22382,6.0822
5.8704,-0.056569,-11.647
-0.042627,-11.686,5.8452
0.040305,5.6547,-11.806
-11.54,-0.18907,-6.2267
-0.042627,-11.686,-5.9905
0.040305,5.6547,11.866
-0.016263,-5.799,-11.824
-5.8966,-0.12092,11.786
-0.016263,-5.799,11.848
-5.8966,-0.12092,-11.886
5.8704,-0.056569,12.025
5.685,11.224,-5.3746
-5.6657,11.321,5.6278
11.507,5.5355,-5.6316
-11.523,5.5703,5.7308
11.469,-5.9082,-5.6224
5.6502,-11.736,-5.3754
-5.6657,11.321,-6.2079
5.6622,-5.839,-11.539
-5.7006,-11.639,5.6269
5.685,11.224,6.4611
-11.523,5.5703,-6.1049
-11.56,-5.8735,5.7399
11.507,5.5355,6.2041
-5.7254,-5.7141,11.702
5.8066,5.7483,-11.733
-5.835,5.6583,-11.776
11.469,-5.9082,6.2132
-11.56,-5.8735,-6.0957
-5.7006,-11.639,-6.2087
-5.835,5.6583,11.896
-5.7254,-5.7141,-11.97
5.8066,5.7483,11.939
5.6502,-11.736,6.4602
5.6622,-5.839,12.132
11.519,-0.058784,-11.397
11.497,-11.497,0.23624
-11.497,11.497,-0.23624
-11.532,-11.462,-0.23706
11.532,11.462,0.23706
0.021785,11.438,-11.634
-0.013064,-11.521,-11.634
-11.51,-0.024042,11.801
-11.51,-0.024042,-11.871
0.021785,11.438,12.038
-0.013064,-11.521,12.037
11.519,-0.058784,12.274
11.473,11.307,-5.6106
-11.557,11.342,5.7518
5.6355,11.342,-11.649
11.438,-11.653,-5.6114
11.473,11.307,6.2251
11.516,5.6635,-11.587
-11.557,11.342,-6.0839
-11.513,5.6982,11.611
-11.492,-5.8077,11.629
11.538,-5.8425,-11.569
-5.6268,11.441,11.788
5.6007,-11.618,-11.649
-11.591,-11.618,5.7509
-5.6617,-11.519,11.788
-5.6268,11.441,-11.883
5.6355,11.342,12.023
11.438,-11.653,6.2242
-5.6617,-11.519,-11.884
-11.591,-11.618,-6.0847
-11.513,5.6982,-12.06
11.516,5.6635,12.085
-11.492,-5.8077,-12.043
5.6007,-11.618,12.022
11.538,-5.8425,12.102
-11.532,-11.462,11.599
11.532,11.462,-11.599
11.497,-11.497,-11.599
-11.497,11.497,11.599
11.497,-11.497,12.072
-11.497,11.497,-12.072
11.532,11.462,12.073
-11.532,-11.462,-12.073
