-9.5823,-9.3872,-10.85
-9.5827,-9.3859,2.3275
-3.7979,-9.7189,-3.9115
-9.6973,-3.7008,-3.4825
-9.9356,-9.3003,-3.6975
-3.7983,-9.7176,9.2657
-9.6977,-3.6994,9.6947
-9.936,-9.299,9.4797
9.6266,-9.5837,-10.455
9.6139,-3.323,-10.258
9.6262,-9.5824,2.7219
9.6135,-3.3217,2.9189
9.8666,-9.3278,-3.2831
8.8533,-4.2416,-3.2701
9.8662,-9.3265,9.8941
8.8529,-4.2403,9.9071
-2.6774,-9.7431,-10.463
-9.3496,-2.9705,-10.285
3.3203,-2.7668,-10.526
-2.9758,3.0202,-10.457
2.9604,-9.4864,-9.8332
-3.2919,-3.0617,-11.143
-2.9885,9.2809,-10.26
3.0919,3.2853,-10.85
-2.6778,-9.7418,2.714
-9.3501,-2.9691,2.892
3.3199,-2.7655,2.651
-2.9762,3.0215,2.72
2.9599,-9.4851,3.344
-3.2923,-3.0604,2.034
-2.9889,9.2822,2.917
3.0915,3.2866,2.327
3.2576,-3.6451,-3.945
-2.7358,3.276,-3.285
8.8763,2.9536,-3.912
2.9769,8.9718,-3.483
2.7952,-9.1153,-3.42
-3.3135,-2.9218,-4.035
-3.7491,8.3622,-3.272
2.7386,3.3722,-3.698
3.2572,-3.6438,9.2322
-2.7362,3.2773,9.8922
8.8759,2.9549,9.2652
2.9765,8.9731,9.6942
2.7948,-9.114,9.7572
-3.3139,-2.9204,9.1422
-3.7495,8.3636,9.9052
2.7382,3.3735,9.4792
-9.2821,9.837,-10.528
-9.642,3.1174,-9.8351
-9.2825,9.8384,2.6491
-9.6425,3.1187,3.3421
-9.3448,8.9587,-3.9469
-9.8072,3.4885,-3.4219
-9.3452,8.96,9.2303
-9.8076,3.4898,9.7553
9.9968,2.9294,-10.464
3.3246,9.7021,-10.286
9.3824,9.6109,-11.144
9.9964,2.9307,2.7135
3.3241,9.7034,2.8915
9.3819,9.6122,2.0335
9.3607,9.7508,-4.0355
9.3603,9.7521,9.1418
-4.0435,-9.3865,-9.9418
-10.639,-3.2304,-9.5778
-9.1708,-10.65,-10.185
-4.044,-9.3852,3.2355
-10.64,-3.2291,3.5995
-9.1712,-10.649,2.9925
-8.928,-8.9362,-2.6575
-8.9284,-8.9349,10.52
8.5815,-9.2938,-9.4253
3.2612,-10.865,-9.3303
8.9733,-3.7062,-8.9633
8.5811,-9.2925,3.7519
3.2608,-10.864,3.8469
8.9728,-3.7049,4.2139
9.1489,-9.2578,-1.9601
3.3435,-9.4049,-2.0601
10.015,-3.6087,-2.5651
9.1485,-9.2565,11.217
3.3431,-9.4036,11.117
10.015,-3.6074,10.612
2.3431,-3.1416,-9.4432
-4.0209,3.3101,-9.4272
8.6307,3.286,-9.9422
2.0348,9.4421,-9.5782
-2.8549,-3.2413,-9.7252
-9.3412,1.7389,-9.3322
3.5034,2.0224,-10.185
-3.6291,8.8976,-8.9652
2.3426,-3.1403,3.734
-4.0213,3.3114,3.75
8.6302,3.2873,3.235
2.0343,9.4434,3.599
-2.8553,-3.24,3.452
-9.3416,1.7402,3.845
3.503,2.0237,2.992
-3.6296,8.8989,4.212
-3.0957,-8.5008,-3.384
-9.2186,-2.337,-3.103
3.1028,-2.7987,-2.718
-3.4535,3.346,-1.962
-1.9396,-2.798,-3.431
-9.2589,3.199,-2.062
3.7463,3.7364,-2.658
-2.5873,8.9951,-2.567
-3.0961,-8.4995,9.7932
-9.219,-2.3357,10.074
3.1024,-2.7974,10.459
-3.4539,3.3473,11.215
-1.94,-2.7967,9.7462
-9.2593,3.2003,11.115
3.7458,3.7377,10.519
-2.5877,8.9964,10.61
-10.259,9.4623,-9.4451
-10.26,9.4636,3.7321
-9.4996,9.8051,-2.7199
-9.5001,9.8064,10.457
9.8193,9.4313,-9.7257
9.8189,9.4326,3.4515
9.5785,4.1717,-3.3845
3.4557,10.336,-3.1035
10.735,9.8745,-3.4315
9.5781,4.173,9.7928
3.4552,10.337,10.074
10.734,9.8758,9.7458
-0.076324,-13.024,-9.8419
-0.076758,-13.023,3.3354
-5.8042,-12.564,-10.152
-12.63,-6.4188,-9.9778
-12.679,-0.4204,-9.8438
-12.892,-13.05,-10.202
-9.3087,-5.5766,-7.1668
-5.6762,-9.2769,-13.608
-12.3,-3.1329,-13.213
-6.6528,-9.419,-7.2698
-12.736,-9.4622,-13.375
-9.4762,-12.23,-13.318
-3.1667,-13.039,-14.714
-9.2988,-6.4817,-13.504
-12.355,-12.716,-3.5575
-6.6454,-6.7074,-3.9515
-5.8047,-12.563,3.0255
-12.63,-6.4175,3.1995
-12.679,-0.41908,3.3335
-12.892,-13.049,2.9755
-7.4706,-12.47,-3.5115
-12.96,-6.3623,-3.3035
-9.5644,-13.415,-6.9785
-3.2838,-12.374,-6.8565
-9.3091,-5.5753,6.0105
-11.584,-9.4821,-7.0765
-5.6767,-9.2756,-0.43054
-12.3,-3.1315,-0.035539
-6.6532,-9.4177,5.9075
-13.159,-3.4603,-6.6195
-12.736,-9.4609,-0.19754
-9.4767,-12.228,-0.14054
-3.1672,-13.038,-1.5365
-9.2992,-6.4804,-0.32654
-12.355,-12.715,9.6197
-6.6459,-6.7061,9.2257
-7.471,-12.468,9.6657
-12.96,-6.361,9.8737
-9.5648,-13.414,6.1987
-3.2843,-12.373,6.3207
-11.584,-9.4808,6.1007
-5.6771,-9.2743,12.747
-12.301,-3.1302,13.142
-13.16,-3.459,6.5577
-12.737,-9.4595,12.98
-9.4771,-12.227,13.037
-3.1676,-13.037,11.641
-9.2996,-6.4791,12.851
6.7409,-12.566,-9.9653
12.647,-6.3501,-9.9763
12.598,-0.35171,-9.8423
12.385,-12.981,-10.2
6.3937,-9.3574,-12.41
12.977,-3.0642,-13.211
12.541,-9.3935,-13.373
3.1191,-12.199,-12.708
9.5644,-6.0453,-13.007
9.4831,-12.764,-13.897
12.922,-12.648,-3.5561
6.2243,-7.2539,-2.9521
0.81069,-12.68,-3.2531
6.7405,-12.564,3.2119
12.646,-6.3488,3.2009
12.597,-0.35039,3.3349
12.385,-12.98,2.9769
6.0405,-11.668,-3.0831
12.317,-6.2936,-3.3021
3.0402,-13.327,-6.9821
9.5675,-6.889,-6.8051
9.4925,-12.044,-6.3601
13.693,-9.4134,-7.0751
6.3933,-9.3561,0.7669
12.976,-3.0629,-0.034097
5.771,-9.6163,-6.8581
12.117,-3.3917,-6.6181
12.54,-9.3922,-0.1961
3.1187,-12.198,0.4689
9.564,-6.044,0.1699
9.4826,-12.762,-0.7201
12.922,-12.646,9.6211
6.2239,-7.2526,10.225
0.81026,-12.679,9.9241
6.04,-11.666,10.094
12.316,-6.2923,9.8751
3.0398,-13.326,6.1951
9.5671,-6.8877,6.3721
9.4921,-12.043,6.8171
13.692,-9.4121,6.1021
6.3929,-9.3548,13.944
12.976,-3.0615,13.143
5.7706,-9.615,6.3191
12.117,-3.3903,6.5591
12.54,-9.3909,12.981
3.1183,-12.197,13.646
9.5635,-6.0427,13.347
9.4822,-12.761,12.457
-0.49242,-6.086,-10.503
-5.8615,0.038282,-9.9672
6.87,0.10829,-10.152
0.044274,6.2538,-9.9782
-5.8127,-6.2132,-10.36
-0.0045163,12.252,-9.8442
-0.21736,-0.3775,-10.202
6.4316,-5.9389,-9.7502
3.1386,-5.7543,-7.1492
3.3656,7.0959,-7.1672
-5.3064,-3.2844,-7.2222
0.32429,-3.0772,-13.767
-6.2087,3.2464,-12.412
6.998,3.3956,-13.608
0.37449,9.5397,-13.213
6.0214,3.2535,-7.2702
-0.40191,-9.4249,-14.105
-6.418,-3.0511,-14.185
6.2491,-3.0228,-13.731
-0.061792,3.2104,-13.375
-3.1617,-5.6836,-14.043
-9.4833,0.40456,-12.71
3.198,0.44275,-13.318
-3.038,6.5585,-13.009
3.0573,-6.4381,-13.19
-3.1193,-0.15971,-13.899
9.5075,-0.36689,-14.714
3.3755,6.1908,-13.504
0.31961,-0.043841,-3.558
-6.3781,5.35,-2.954
6.0288,5.9652,-3.952
-11.792,-0.076368,-3.255
-0.49285,-6.0847,2.674
-5.8619,0.039598,3.21
6.8695,0.1096,3.025
0.043841,6.2551,3.199
-5.8131,-6.2119,2.817
-0.0049497,12.253,3.333
-0.21779,-0.37618,2.975
6.4311,-5.9376,3.427
-0.013435,-5.9545,-3.905
-6.562,0.93621,-3.085
5.2036,0.20294,-3.512
-0.28567,6.3102,-3.304
-2.9684,-6.9777,-6.925
-9.5622,-0.72337,-6.984
3.1099,-0.74246,-6.979
-3.0349,5.7148,-6.807
3.1381,-5.753,6.028
-3.1099,0.56003,-6.362
9.3904,0.2984,-6.857
3.3651,7.0972,6.01
0.75731,-9.6174,-6.736
-5.3068,-3.2831,5.955
6.5761,-3.3573,-6.319
1.0904,3.1905,-7.077
0.32385,-3.0759,-0.59
-6.2091,3.2477,0.765
6.9975,3.3969,-0.431
0.37406,9.541,-0.036
-0.58761,-3.1091,-6.998
-6.8314,2.9875,-6.86
6.021,3.2548,5.907
-0.48508,9.2122,-6.62
-0.40234,-9.4236,-0.928
-6.4184,-3.0498,-1.008
6.2487,-3.0215,-0.554
-0.062225,3.2117,-0.198
-3.1622,-5.6823,-0.866
-9.4837,0.40588,0.467
3.1975,0.44406,-0.141
-3.0384,6.5598,0.168
3.0568,-6.4368,-0.013
-3.1198,-0.15839,-0.722
9.5071,-0.36557,-1.537
3.375,6.1921,-0.327
0.31918,-0.042525,9.6192
-6.3785,5.3513,10.223
6.0284,5.9665,9.2252
-11.792,-0.075052,9.9222
-0.013868,-5.9532,9.2722
-6.5624,0.93753,10.092
5.2032,0.20426,9.6652
-0.2861,6.3115,9.8732
-2.9689,-6.9764,6.2522
-9.5626,-0.72205,6.1932
3.1094,-0.74115,6.1982
-3.0353,5.7162,6.3702
-3.1103,0.56134,6.8152
9.3899,0.29971,6.3202
0.75688,-9.616,6.4412
6.5757,-3.356,6.8582
1.0899,3.1918,6.1002
0.32342,-3.0746,12.587
-6.2095,3.2491,13.942
6.9971,3.3983,12.746
0.37363,9.5423,13.141
-0.58804,-3.1078,6.1792
-6.8318,2.9888,6.3172
-0.48551,9.2135,6.5572
-0.40278,-9.4223,12.249
-6.4188,-3.0484,12.169
6.2483,-3.0202,12.623
-0.062659,3.213,12.979
-3.1626,-5.681,12.311
-9.4841,0.4072,13.644
3.1971,0.44538,13.036
-3.0389,6.5611,13.345
3.0564,-6.4355,13.164
-3.1202,-0.15708,12.455
9.5066,-0.36426,11.64
3.3746,6.1935,12.85
-13.095,6.5179,-10.505
-5.7324,12.712,-10.154
-12.82,12.226,-10.204
-6.1708,6.665,-9.7521
-9.4638,6.8495,-7.1511
-12.278,9.5266,-13.769
-13.004,3.1789,-14.107
-6.3533,9.5811,-13.733
-9.4044,13.047,-13.32
-9.5451,6.1657,-13.192
-3.0949,12.237,-14.716
-12.283,12.56,-3.5599
-13.095,6.5192,2.6721
-5.7329,12.713,3.0231
-12.82,12.228,2.9731
-6.1713,6.6663,3.4251
-12.616,6.6493,-3.9069
-7.3988,12.807,-3.5139
-9.4925,11.861,-6.9809
-9.4643,6.8508,6.0261
-3.212,12.902,-6.8589
-11.845,2.9865,-6.7379
-6.0263,9.2465,-6.3209
-12.279,9.5279,-0.5919
-13.19,9.4947,-6.9999
-13.005,3.1802,-0.9299
-6.3537,9.5824,-0.5559
-9.4049,13.048,-0.1429
-9.5456,6.1671,-0.014903
-3.0954,12.238,-1.5389
-12.283,12.561,9.6173
-12.616,6.6506,9.2703
-7.3992,12.808,9.6633
-9.493,11.863,6.1963
-3.2125,12.904,6.3183
-11.846,2.9878,6.4393
-6.0267,9.2478,6.8563
-12.279,9.5292,12.585
-13.19,9.496,6.1773
-13.005,3.1816,12.247
-6.3541,9.5837,12.621
-9.4053,13.049,13.034
-9.546,6.1684,13.162
-3.0958,12.24,11.638
13.485,-0.0076806,-3.2536
13.484,-0.0063647,9.9237
12.182,6.5866,-10.504
6.8127,12.711,-9.9677
6.8615,6.4593,-10.361
12.457,12.295,-10.203
7.3678,9.3881,-7.2227
12.998,9.5953,-13.768
12.272,3.2476,-14.106
6.2562,9.6215,-14.186
9.5125,6.9889,-14.044
3.1909,13.077,-12.711
9.5549,12.513,-13.9
12.994,12.629,-3.5585
0.8825,12.596,-3.2555
12.181,6.5879,2.6735
6.8123,12.712,3.2095
6.8611,6.4606,2.8165
12.456,12.296,2.9745
12.661,6.718,-3.9055
6.1123,13.609,-3.0855
9.7058,5.6948,-6.9255
3.112,11.949,-6.9845
9.5644,13.233,-6.3625
13.432,3.0552,-6.7365
7.3674,9.3894,5.9545
12.998,9.5966,-0.59046
12.087,9.5634,-6.9985
12.272,3.2489,-0.92846
6.2558,9.6228,-1.0085
9.512,6.9902,-0.86646
3.1905,13.078,0.46654
9.5545,12.514,-0.72246
12.993,12.63,9.6188
0.88206,12.597,9.9218
12.66,6.7193,9.2718
6.1118,13.61,10.092
9.7053,5.6961,6.2518
3.1116,11.95,6.1928
9.5639,13.234,6.8148
13.431,3.0565,6.4408
12.998,9.5979,12.587
12.086,9.5647,6.1788
12.271,3.2502,12.249
6.2554,9.6241,12.169
9.5116,6.9915,12.311
3.1901,13.08,13.644
9.554,12.515,12.455
0,0,0
0.16758,6.2586,-0.295
-0.03182,-6.3222,-0.278
-6.4043,-0.047376,-0.269
6.4983,0.19092,-0.215
0.089095,-0.02687,-6.526
0.088662,-0.025554,6.6512
-6.1561,-6.0048,-0.114
0.20082,6.1094,6.059
-6.2003,-0.12455,6.1922
-6.2749,6.2282,0.026
6.1971,0.12445,-6.407
6.3275,-6.3757,0.027903
6.1967,0.12577,6.7702
0.21311,-6.6738,6.3472
6.5181,6.6678,-0.11446
-6.1999,-0.12587,-6.985
0.20125,6.1081,-7.1182
0.21355,-6.6751,-6.83
-6.3495,-6.2644,6.2712
6.1875,-6.2743,6.4412
6.3247,6.4082,6.2708
-6.4149,6.3296,6.4393
6.1879,-6.2756,-6.736
-6.4145,6.3283,-6.7379
-6.3491,-6.2657,-6.906
6.3251,6.4069,-6.9065
12.421,0.0042426,-0.402
-0.18137,12.608,-0.4039
-0.25317,-12.668,-0.40154
-12.856,-0.064444,-0.40344
0.00043346,-0.0013159,-13.177
-0.00043346,0.0013159,13.177
-0.095893,12.289,6.4182
-6.1759,-12.482,-0.21454
-0.095459,12.287,-6.759
-12.507,-6.4139,-0.29454
12.507,-0.31514,6.4201
6.1981,-12.651,-0.2671
6.2699,12.625,-0.26946
-12.634,6.2816,-0.2799
12.642,6.3503,-0.27846
-6.1041,12.795,-0.2169
12.507,-0.31645,-6.7571
12.77,-6.3452,-0.2931
-12.77,-0.38382,6.4187
0.16715,6.2599,12.882
-0.032253,-6.3209,12.899
-6.4047,-0.04606,12.908
-12.77,-0.38514,-6.7585
-0.1677,-12.988,6.4206
6.4979,0.19223,12.962
-0.16727,-12.989,-6.7566
0.16802,6.2573,-13.472
-0.031386,-6.3236,-13.455
6.4987,0.1896,-13.392
-6.4038,-0.048692,-13.446
-12.389,5.9301,6.3453
-12.389,5.9288,-6.8319
-12.473,-6.5631,6.0595
6.4739,12.548,6.1918
-6.4771,-12.548,-6.4065
6.4021,-12.728,6.1941
12.887,5.9988,6.3468
12.803,-6.4944,6.0609
-6.4053,12.728,-6.4089
-6.1565,-6.0034,13.063
-6.4776,-12.547,6.7707
6.4743,12.547,-6.9855
12.888,5.9974,-6.8305
-6.4058,12.73,6.7683
-12.473,-6.5644,-7.1178
-6.1556,-6.0061,-13.291
-6.2744,6.2269,-13.151
6.4025,-12.73,-6.9831
-6.2753,6.2295,13.203
6.328,-6.377,-13.149
6.3271,-6.3743,13.205
12.804,-6.4958,-7.1163
6.5177,6.6691,13.063
6.5186,6.6665,-13.292
12.421,0.0055586,12.775
12.602,-12.604,0.001903
-12.602,12.604,-0.001903
-12.674,-12.673,0.000461
12.674,12.673,-0.000461
-0.1818,12.609,12.773
-0.25361,-12.667,12.776
-12.856,-0.063128,12.774
12.421,0.0029267,-13.579
-0.18093,12.607,-13.581
-0.25274,-12.67,-13.579
-12.855,-0.06576,-13.581
-12.513,12.577,-6.5279
-12.514,12.578,6.6493
-6.1763,-12.48,12.963
-12.585,-12.699,-6.5255
12.691,-12.631,-6.5241
-12.507,-6.4126,12.883
-12.586,-12.698,6.6517
12.691,-12.629,6.6531
6.1977,-12.65,12.91
6.2695,12.626,12.908
12.763,12.646,-6.5265
-12.635,6.2829,12.897
12.642,6.3516,12.899
12.763,12.647,6.6508
-6.1045,12.796,12.96
12.77,-6.3439,12.884
-6.1755,-12.483,-13.392
-12.506,-6.4152,-13.472
6.1986,-12.653,-13.444
6.2704,12.624,-13.447
-12.634,6.2803,-13.457
-6.1037,12.793,-13.394
12.643,6.349,-13.456
12.77,-6.3466,-13.47
12.603,-12.605,-13.175
-12.603,12.605,13.175
12.602,-12.603,13.179
-12.602,12.603,-13.179
-12.675,-12.671,13.178
12.675,12.671,-13.178
-12.674,-12.674,-13.177
12.674,12.674,13.177
