-9.897,-9.4403,-4.0018
-3.1589,-9.7818,-10.563
-9.4883,-3.5232,-9.7348
-9.4048,-9.2903,-10.207
-9.8974,-9.4389,9.1755
-3.1594,-9.7805,2.6145
-9.4887,-3.5219,3.4425
-9.4053,-9.289,2.9705
9.9575,-9.3249,-3.0483
10.057,-2.9178,-3.3593
9.6351,-9.9514,-9.7093
9.9571,-9.3236,10.129
10.057,-2.9165,9.8179
9.6347,-9.9501,3.4679
-2.7481,-9.5367,-4.0712
-9.0661,-2.875,-3.1202
3.4405,-3.2901,-3.9202
-2.6449,3.279,-3.0502
3.1867,-8.8995,-3.4522
-3.3682,-2.9033,-3.7892
-2.5452,9.686,-3.3612
2.7772,3.2323,-4.0022
2.9597,-3.8699,-10.14
-2.9673,2.6525,-9.7112
9.5153,2.8908,-10.563
3.1859,9.1494,-9.7352
2.9236,-9.379,-10.229
-3.6072,-2.5412,-10.401
9.2063,-3.3056,-9.7902
3.2694,3.3822,-10.207
-2.7485,-9.5353,9.106
-9.0665,-2.8737,10.057
3.4401,-3.2888,9.257
-2.6453,3.2803,10.127
3.1862,-8.8982,9.725
-3.3687,-2.902,9.388
-2.5456,9.6874,9.816
2.7768,3.2336,9.175
2.9592,-3.8686,3.037
-2.9677,2.6538,3.466
9.5148,2.8921,2.614
3.1855,9.1507,3.442
2.9232,-9.3777,2.948
-3.6077,-2.5399,2.776
9.2058,-3.3043,3.387
3.269,3.3835,2.97
-9.1619,9.3138,-3.9221
-9.4157,3.7043,-3.4541
-9.6427,8.7339,-10.142
-9.6788,3.2249,-10.231
-3.3961,9.2982,-9.7921
-9.1623,9.3151,9.2551
-9.4162,3.7056,9.7231
-9.6432,8.7353,3.0351
-9.6792,3.2262,2.9461
-3.3966,9.2995,3.3851
9.9261,3.1359,-4.0717
3.6081,9.7975,-3.1207
9.306,9.7693,-3.7897
9.067,10.131,-10.402
9.9257,3.1372,9.1055
3.6077,9.7989,10.057
9.3056,9.7706,9.3875
9.0666,10.133,2.7755
-3.6999,-9.5421,-2.9138
-10.07,-3.1894,-2.0588
-9.7145,-9.9112,-2.5868
-7.9949,-9.3087,-9.7148
-3.7003,-9.5408,10.263
-10.07,-3.1881,11.118
-9.715,-9.9099,10.59
-7.9953,-9.3074,3.4625
8.706,-9.2655,-2.2353
3.1693,-10.156,-2.6323
9.8098,-3.738,-2.1373
9.5587,-8.7903,-8.7573
3.67,-9.455,-8.9353
10.453,-3.2134,-8.9643
8.7055,-9.2642,10.942
3.1689,-10.155,10.545
9.8093,-3.7367,11.04
9.5583,-8.789,4.4199
3.6695,-9.4537,4.2419
10.453,-3.2121,4.2129
2.3063,-3.0949,-2.9692
-3.8964,3.3383,-2.2372
8.9743,3.1305,-2.9142
2.6047,9.4831,-2.0592
-3.3562,-4.263,-3.1652
-9.4331,2.4474,-2.6342
2.9597,2.7614,-2.5872
-2.7926,8.8658,-2.1392
-3.3237,-8.8267,-9.4312
-9.4034,-2.3001,-8.8862
3.0466,-2.4239,-9.7872
-3.0437,3.8135,-8.7592
-2.3733,-2.9818,-9.6632
-8.9324,3.1488,-8.9372
4.6794,3.3638,-9.7152
-2.1492,9.3905,-8.9662
2.3059,-3.0936,10.208
-3.8969,3.3397,10.94
8.9739,3.1318,10.263
2.6043,9.4844,11.118
-3.3566,-4.2617,10.012
-9.4335,2.4487,10.543
2.9592,2.7627,10.59
-2.7931,8.8671,11.038
-3.3241,-8.8254,3.746
-9.4038,-2.2988,4.291
3.0462,-2.4225,3.39
-3.0441,3.8148,4.418
-2.3738,-2.9805,3.514
-8.9329,3.1502,4.24
4.6789,3.3651,3.462
-2.1496,9.3918,4.211
-10.296,9.5089,-2.9711
-9.5558,10.18,-9.7891
-10.297,9.5103,10.206
-9.5562,10.181,3.3881
9.318,8.4095,-3.1657
9.3505,3.8458,-9.4317
3.2708,10.372,-8.8867
10.301,9.6908,-9.6637
9.3176,8.4108,10.012
9.3501,3.8471,3.7455
3.2704,10.374,4.2905
10.3,9.6921,3.5135
0.088431,-13.237,-9.4469
0.087998,-13.236,3.7304
-3.184,-12.411,-13.93
-7.0087,-9.3638,-13.468
-12.724,-13.096,-10.156
-12.514,-0.63324,-9.4488
-6.8762,-11.847,-3.5858
-12.307,-5.933,-2.8588
-6.3522,-7.1315,-3.5188
-11.842,-12.733,-3.4478
-6.1988,-12.45,-10.146
-12.954,-6.3863,-9.4648
-9.5957,-13.366,-13.007
-3.1844,-12.409,-0.75276
-9.3023,-5.9549,-12.901
-12.064,-9.4671,-12.918
-5.5992,-9.7146,-6.8548
-11.718,-3.1314,-6.0878
-7.0091,-9.3625,-0.29076
-13.089,-3.1003,-12.762
-13.264,-9.3603,-6.1228
-9.3567,-12.095,-7.1768
-3.1717,-13.49,-6.2348
-9.245,-7.0531,-7.2718
-12.724,-13.095,3.0215
-12.514,-0.63192,3.7285
-6.8766,-11.846,9.5915
-12.307,-5.9317,10.318
-6.3527,-7.1302,9.6585
-11.843,-12.732,9.7295
-6.1992,-12.448,3.0315
-12.954,-6.3849,3.7125
-9.5962,-13.365,0.17046
-3.1848,-12.408,12.424
-9.3027,-5.9536,0.27646
-12.064,-9.4658,0.25946
-5.5996,-9.7133,6.3225
-11.719,-3.1301,7.0895
-7.0096,-9.3612,12.886
-13.089,-3.099,0.41546
-13.264,-9.359,7.0545
-9.3572,-12.093,6.0005
-3.1721,-13.489,6.9425
-9.2455,-7.0517,5.9055
-9.5966,-13.363,13.348
-9.3032,-5.9523,13.454
-12.064,-9.4645,13.437
-13.09,-3.0977,13.593
12.553,-13.027,-10.154
6.4482,-7.0119,-9.5023
12.763,-0.56455,-9.4473
6.2113,-11.839,-2.9593
12.97,-5.8643,-2.8573
0.51697,-12.642,-3.0253
13.434,-12.665,-3.4463
6.7749,-6.5042,-3.1053
5.9355,-12.479,-9.7003
12.323,-6.3176,-9.4633
3.0774,-13.029,-12.845
9.4308,-6.6004,-12.811
9.4965,-11.998,-13.377
13.213,-9.3984,-12.916
6.7459,-9.3914,-6.2203
13.558,-3.0628,-6.0863
5.5692,-9.2457,-12.994
12.188,-3.0316,-12.76
12.013,-9.2917,-6.1213
3.0519,-11.855,-6.4103
9.8289,-5.6805,-5.9513
9.5276,-12.851,-6.8063
12.552,-13.026,3.0229
6.4477,-7.0106,3.6749
12.762,-0.56323,3.7299
6.2109,-11.838,10.218
12.969,-5.863,10.32
0.51653,-12.641,10.152
13.434,-12.663,9.7309
6.7744,-6.5029,10.072
5.9351,-12.477,3.4769
12.322,-6.3163,3.7139
3.077,-13.027,0.3319
9.4303,-6.5991,0.3659
9.4961,-11.996,-0.2001
13.213,-9.3971,0.2609
6.7454,-9.39,6.9569
13.558,-3.0614,7.0909
5.5688,-9.2444,0.1829
12.187,-3.0303,0.4169
12.013,-9.2903,7.0559
3.0515,-11.854,6.7669
9.8284,-5.6792,7.2259
9.5272,-12.849,6.3709
3.0765,-13.026,13.509
9.4299,-6.5978,13.543
9.4956,-11.995,12.977
13.212,-9.3958,13.438
5.5684,-9.2431,13.36
12.187,-3.029,13.594
-3.1253,-6.9019,-13.84
3.0075,-5.7769,-13.82
9.4902,0.26183,-13.93
-5.8964,-3.0503,-13.746
-1.0994,-3.2765,-13.466
5.6655,3.3087,-13.468
-0.049771,-0.42346,-10.156
-6.1542,5.5919,-9.5042
-5.9025,-6.3596,-10.092
0.16024,12.039,-9.4492
-0.12826,-5.7034,-3.5252
-6.3911,0.76448,-2.9612
5.798,0.82529,-3.5862
0.36742,6.7395,-2.8592
6.322,5.541,-3.5192
-12.085,-0.038085,-3.0272
0.83199,-0.060713,-3.4482
-5.8275,6.0996,-3.1072
-0.72647,-6.4247,-10.219
-6.6669,0.12526,-9.7022
6.4754,0.22284,-10.146
-0.27958,6.2863,-9.4652
-3.1257,-6.9006,-0.66322
-9.525,-0.42487,-12.847
3.0785,-0.69357,-13.007
-3.1716,6.0034,-12.813
3.0071,-5.7755,-0.64322
-3.1059,0.60609,-13.379
9.4898,0.26314,-0.75322
3.3719,6.7176,-12.901
0.69481,-9.3394,-13.249
-5.8968,-3.0489,-0.56922
6.8954,-3.0765,-13.009
0.61067,3.2054,-12.918
0.5944,-3.0235,-6.9732
-5.8565,3.2125,-6.2222
7.075,2.9579,-6.8552
0.95573,9.5411,-6.0882
-1.0998,-3.2752,-0.28922
-7.0332,3.3581,-12.996
5.6651,3.3101,-0.29122
-0.41464,9.5722,-12.762
-0.49242,-9.3203,-7.1722
-6.7171,-3.2017,-6.5802
5.6509,-3.2533,-7.4332
-0.58929,3.3122,-6.1232
-3.1052,-5.8335,-6.6092
-9.5505,0.74892,-6.4122
3.3175,0.5778,-7.1772
-2.7735,6.9234,-5.9532
3.1605,-6.7436,-6.5472
-3.0748,-0.24668,-6.8082
9.5025,-0.81732,-6.2352
3.4292,5.6195,-7.2722
-0.050205,-0.42214,3.021
-6.1547,5.5932,3.673
-5.9029,-6.3583,3.085
0.15981,12.041,3.728
-0.12869,-5.7021,9.652
-6.3915,0.7658,10.216
5.7976,0.82661,9.591
0.36699,6.7408,10.318
6.3215,5.5423,9.658
-12.086,-0.03677,10.15
0.83156,-0.059397,9.729
-5.828,6.1009,10.07
-0.72691,-6.4234,2.958
-6.6673,0.12657,3.475
6.475,0.22415,3.031
-0.28001,6.2876,3.712
-3.1261,-6.8992,12.514
-9.5254,-0.42356,0.33
3.078,-0.69226,0.17
-3.1721,6.0048,0.364
3.0066,-5.7742,12.534
-3.1063,0.6074,-0.202
9.4894,0.26446,12.424
3.3715,6.7189,0.276
0.69438,-9.3381,-0.072
-5.8973,-3.0476,12.608
6.895,-3.0752,0.168
0.61023,3.2067,0.259
0.59397,-3.0222,6.204
-5.857,3.2138,6.955
7.0746,2.9592,6.322
0.9553,9.5424,7.089
-1.1003,-3.2739,12.888
-7.0336,3.3595,0.181
5.6646,3.3114,12.886
-0.41507,9.5735,0.415
-0.49285,-9.319,6.005
-6.7175,-3.2004,6.597
5.6505,-3.252,5.744
-0.58973,3.3135,7.054
-3.1056,-5.8322,6.568
-9.5509,0.75024,6.765
3.317,0.57912,6
-2.774,6.9247,7.224
3.1601,-6.7423,6.63
-3.0752,-0.24537,6.369
9.5021,-0.816,6.942
3.4288,5.6208,5.905
-9.5259,-0.42224,13.507
3.0776,-0.69094,13.347
-3.1725,6.0061,13.541
-3.1068,0.60872,12.975
3.3711,6.7202,13.453
0.69395,-9.3367,13.105
6.8946,-3.0739,13.345
0.6098,3.208,13.436
-7.034,3.3608,13.358
-0.41551,9.5748,13.592
-9.5949,6.827,-13.822
-3.1122,12.866,-13.932
-13.702,9.3273,-13.468
-12.652,12.18,-10.158
-12.731,6.9004,-3.5271
-6.8044,13.429,-3.5881
-11.77,12.543,-3.4501
-13.329,6.1792,-10.221
-6.127,12.827,-10.148
-9.5239,11.91,-13.009
-9.5954,6.8283,-0.64513
-3.1126,12.867,-0.75513
-11.908,3.2645,-13.251
-5.707,9.5273,-13.011
-12.008,9.5804,-6.9751
-13.702,9.3286,-0.29113
-13.095,3.2836,-7.1741
-6.9515,9.3505,-7.4351
-9.2849,13.182,-7.1791
-9.4419,5.8603,-6.5491
-3.0999,11.787,-6.2371
-12.653,12.182,3.0191
-12.731,6.9017,9.6501
-6.8048,13.43,9.5891
-11.771,12.544,9.7271
-13.329,6.1805,2.9561
-6.1274,12.828,3.0291
-9.5244,11.912,0.1681
-9.5958,6.8296,12.532
-3.113,12.868,12.422
-11.908,3.2658,-0.073903
-5.7074,9.5286,0.1661
-12.008,9.5817,6.2021
-13.703,9.3299,12.886
-13.095,3.2849,6.0031
-6.9519,9.3519,5.7421
-9.2854,13.183,5.9981
-9.4423,5.8616,6.6281
-3.1003,11.788,6.9401
-9.5248,11.913,13.345
-11.908,3.2671,13.103
-5.7078,9.53,13.343
13.191,0.030601,-3.0258
13.191,0.031917,10.151
9.549,5.7707,-13.841
6.7778,9.6223,-13.747
11.575,9.396,-13.467
12.624,12.249,-10.157
6.7717,6.3129,-10.093
12.546,6.9691,-3.5257
6.2831,13.437,-2.9617
0.58878,12.634,-3.0277
13.506,12.612,-3.4487
11.948,6.2479,-10.22
6.0073,12.798,-9.7027
9.5485,5.772,-0.66368
3.1492,12.248,-12.848
9.5683,13.279,-13.38
13.369,3.3332,-13.25
6.7774,9.6236,-0.56968
13.269,9.649,-6.9737
11.574,9.3973,-0.28968
12.182,3.3523,-7.1727
5.9571,9.4709,-6.5807
9.569,6.839,-6.6097
3.1238,13.421,-6.4127
9.5994,12.426,-6.8087
12.624,12.25,3.0205
6.7713,6.3142,3.0845
12.546,6.9704,9.6515
6.2827,13.438,10.216
0.58834,12.636,10.15
13.506,12.613,9.7285
11.947,6.2492,2.9575
6.0069,12.799,3.4745
9.5481,5.7733,12.514
3.1488,12.249,0.32954
9.5679,13.28,-0.20246
13.369,3.3345,-0.072461
6.7769,9.6249,12.608
13.268,9.6504,6.2035
11.574,9.3986,12.888
12.181,3.3536,6.0045
5.9567,9.4722,6.5965
9.5686,6.8403,6.5675
3.1233,13.423,6.7645
9.599,12.427,6.3685
3.1483,12.25,13.507
9.5675,13.281,12.975
13.368,3.3358,13.105
0,0,0
-6.1766,0.14354,0.222
-0.069296,-6.1858,-0.028
0.032527,6.3753,0.068
6.4262,0.0028284,-0.074
0.15034,0.33668,-6.5442
0.14991,0.338,6.633
6.0599,-6.1433,-0.129
-6.2636,-6.1334,0.011
0.072125,-6.1419,6.46
-6.2002,0.14506,-6.4672
0.072558,-6.1432,-6.7172
-6.2006,0.14637,6.71
6.4107,6.5391,0.010539
0.27691,6.5302,-6.4452
6.5044,-0.0395,-6.4972
-6.5425,6.4605,-0.1309
6.504,-0.038184,6.68
0.27648,6.5315,6.732
6.2501,-6.1469,6.536
6.2506,-6.1482,-6.6412
-6.2936,-6.3233,-6.5528
-6.294,-6.322,6.6245
6.3807,6.3492,-6.5532
-6.3523,6.457,6.5341
6.3802,6.3505,6.624
-6.3519,6.4557,-6.6431
0.0042426,-12.42,-0.021
-12.598,0.18422,-0.022903
12.678,0.25291,-0.021461
0.076051,12.857,-0.023364
0.00043346,-0.0013159,-13.177
-0.00043346,0.0013159,13.177
-0.07452,-12.342,-6.5352
-0.074953,-12.34,6.642
6.4258,-12.46,0.2239
-6.1762,12.607,-0.075903
12.635,-6.2286,0.069903
-12.642,-6.2973,0.068461
-6.248,-12.67,-0.073539
12.605,6.4868,-0.028461
12.6,0.33079,-6.5357
-12.672,6.4181,-0.029903
12.599,0.33211,6.6415
-12.677,0.2621,-6.5371
-12.677,0.26342,6.6401
-6.1761,0.14223,-12.955
6.4976,12.816,0.22154
-0.0027118,12.935,-6.5376
-0.06973,-6.1845,13.149
-0.0031452,12.936,6.6396
0.03296,6.374,-13.109
-0.068863,-6.1871,-13.205
6.4258,0.0041444,13.103
0.032093,6.3766,13.245
6.4266,0.0015125,-13.251
-6.177,0.14486,13.399
-12.397,-6.1423,-6.4448
-12.398,-6.141,6.7325
-6.098,12.564,-6.4991
6.4022,-12.459,-6.4653
-6.0984,12.566,6.6781
-12.53,6.4619,6.4581
6.4018,-12.457,6.7119
-6.1698,-12.712,-6.4968
-12.53,6.4606,-6.7191
-6.1702,-12.711,6.6805
12.879,-6.0736,-6.4433
6.0595,-6.142,13.048
12.746,6.5306,6.4595
6.474,12.818,-6.4677
12.879,-6.0723,6.7339
-6.2631,-6.1348,-13.166
12.747,6.5293,-6.7177
-6.264,-6.1321,13.188
6.4736,12.819,6.7095
6.0603,-6.1447,-13.306
-6.5429,6.4618,13.046
6.4111,6.5378,-13.167
6.4102,6.5404,13.188
-6.5421,6.4592,-13.308
12.602,-12.604,0.001903
-12.602,12.604,-0.001903
-12.674,-12.673,0.000461
12.674,12.673,-0.000461
0.0038092,-12.418,13.156
0.0046761,-12.421,-13.198
-12.599,0.18554,13.154
-12.598,0.18291,-13.2
12.678,0.25423,13.156
12.679,0.25159,-13.199
0.075617,12.858,13.154
0.076484,12.855,-13.201
-12.524,-12.336,-6.5438
-12.524,-12.335,6.6335
12.753,-12.267,-6.5423
12.752,-12.266,6.6349
6.4263,-12.462,-12.953
-12.452,12.941,-6.5461
-12.452,12.942,6.6311
-6.1766,12.608,13.101
12.635,-6.2299,-13.107
-6.2485,-12.668,13.104
-12.641,-6.2986,-13.109
-6.1758,12.605,-13.253
12.604,6.4881,13.149
12.634,-6.2273,13.247
6.4981,12.815,-12.956
-12.672,6.4194,13.147
-12.642,-6.2959,13.246
-6.2476,-12.671,-13.251
12.605,6.4854,-13.206
6.4254,-12.459,13.401
-12.671,6.4168,-13.207
12.825,13.009,-6.5447
12.824,13.011,6.6325
6.4972,12.817,13.399
12.603,-12.605,-13.175
-12.603,12.605,13.175
12.602,-12.603,13.179
-12.602,12.603,-13.179
-12.675,-12.671,13.178
12.675,12.671,-13.178
-12.674,-12.674,-13.177
12.674,12.674,13.177
