-9.2495,-8.5124,-9.4947
-9.2495,-8.5124,2.3409
-9.1463,-8.7359,-3.4841
-9.1463,-8.7359,8.3516
8.1788,-8.6865,-8.8704
8.1788,-8.6865,2.9652
8.072,-9.0337,-2.7108
8.072,-9.0337,9.1249
2.4169,-8.7413,-9.1087
-3.4634,-2.8496,-9.5117
8.3877,-2.8115,-9.3977
2.2825,2.95,-9.2577
-3.078,-8.5567,-9.3307
-9.1153,-3.0172,-9.1127
2.5095,-2.8305,-9.2177
-3.3185,2.8107,-9.1067
2.4169,-8.7413,2.727
-3.4634,-2.8496,2.324
8.3877,-2.8115,2.438
2.2825,2.95,2.578
2.4155,-8.6394,-3.15
-3.1968,-3.1487,-3.125
8.1063,-3.107,-3.03
2.3858,2.7266,-3.247
-3.078,-8.5567,2.505
-9.1153,-3.0172,2.723
2.5095,-2.8305,2.618
-3.3185,2.8107,2.729
-3.2173,-8.8431,-2.997
-9.2603,-3.2781,-2.842
2.6884,-3.1282,-3.143
-3.4252,2.4636,-2.947
2.4155,-8.6394,8.6857
-3.1968,-3.1487,8.7107
8.1063,-3.107,8.8057
2.3858,2.7266,8.5887
-3.2173,-8.8431,8.8387
-9.2603,-3.2781,8.9937
2.6884,-3.1282,8.6927
-3.4252,2.4636,8.8887
-9.0803,2.756,-9.3449
-3.1095,8.6858,-9.6339
-8.9877,8.6667,-9.4539
-9.0803,2.756,2.4908
-3.1095,8.6858,2.2018
-9.0817,2.8578,-3.3862
-3.3909,8.3902,-3.2662
-8.9877,8.6667,2.3818
-8.8088,8.369,-3.3792
-9.0817,2.8578,8.4494
-3.3909,8.3902,8.5694
-8.8088,8.369,8.4564
8.0687,8.6128,-9.2746
8.454,2.9058,-9.0936
2.4168,8.4453,-8.8756
8.0687,8.6128,2.5611
8.3352,8.3137,-2.8879
8.454,2.9058,2.7421
2.4168,8.4453,2.9601
8.3147,2.6194,-2.7599
2.2718,8.1843,-2.6049
8.3352,8.3137,8.9477
8.3147,2.6194,9.0757
2.2718,8.1843,9.2307
3.3803,-8.6921,-8.2008
3.7975,-8.7077,-2.4408
9.1334,-8.7346,-8.1078
9.5371,-8.8654,-2.4418
3.3803,-8.6921,3.6349
3.7975,-8.7077,9.3949
9.1334,-8.7346,3.7279
9.5371,-8.8654,9.3939
-8.3531,-8.4634,-8.357
-2.7726,-2.8023,-8.419
-8.1169,2.8051,-8.437
-7.7343,-8.6606,-2.664
-1.8463,-2.9196,-2.532
-7.6997,2.7895,-2.677
-2.2189,-8.4881,-8.431
-8.3594,-2.9769,-8.091
3.2456,-2.909,-8.173
-2.3639,2.7627,-8.344
-1.7557,-8.8466,-2.672
-7.798,-3.1212,-2.58
4.0595,-2.9819,-2.561
-1.9601,2.6319,-2.678
-8.3531,-8.4634,3.4787
-2.7726,-2.8023,3.4167
-8.1169,2.8051,3.3987
-7.7343,-8.6606,9.1717
-1.8463,-2.9196,9.3037
-7.6997,2.7895,9.1587
-2.2189,-8.4881,3.4047
-8.3594,-2.9769,3.7447
3.2456,-2.909,3.6627
-2.3639,2.7627,3.4917
-1.7557,-8.8466,9.1637
-7.798,-3.1212,9.2557
4.0595,-2.9819,9.2747
-1.9601,2.6319,9.1577
-8.2516,8.5882,-8.4092
-7.4377,8.5154,-2.7972
-8.2516,8.5882,3.4264
-7.4377,8.5154,9.0384
8.8051,-2.982,-7.6327
9.5285,-3.1934,-2.0937
8.8051,-2.982,4.203
9.5285,-3.1934,9.742
3.179,2.9991,-8.1199
-2.6921,8.5153,-7.8689
8.7595,8.6602,-8.1819
3.7977,2.8018,-2.4269
-1.9687,8.3038,-2.3299
9.6858,8.5428,-2.2949
9.3132,2.9744,-8.1939
3.1727,8.4856,-7.8539
9.7763,2.6159,-2.4349
3.7341,8.3413,-2.3429
3.179,2.9991,3.7157
-2.6921,8.5153,3.9667
8.7595,8.6602,3.6537
3.7977,2.8018,9.4087
-1.9687,8.3038,9.5057
9.6858,8.5428,9.5407
9.3132,2.9744,3.6417
3.1727,8.4856,3.9817
9.7763,2.6159,9.4007
3.7341,8.3413,9.4927
-12.139,-11.537,-9.2827
-12.024,-8.6673,-11.827
-8.5431,-11.36,-12.269
-11.727,-11.562,-3.4401
-12.139,-11.537,2.5529
-6.2408,-11.606,-3.3721
-11.891,-5.8869,-3.2741
-6.3405,-11.151,-9.0191
-12.475,-5.696,-8.9941
-10.967,-8.7663,-6.3231
-12.024,-8.6673,0.008942
-8.6393,-12.039,-6.2141
-8.5431,-11.36,-0.43306
-11.727,-11.562,8.3956
-6.2408,-11.606,8.4636
-11.891,-5.8869,8.5616
-6.3405,-11.151,2.8166
-12.475,-5.696,2.8416
-10.967,-8.7663,5.5126
-12.024,-8.6673,11.845
-8.6393,-12.039,5.6216
-8.5431,-11.36,11.403
10.891,-11.572,-8.8094
5.5561,-11.5,-8.7894
5.6784,-8.7388,-11.602
11.006,-8.702,-11.353
8.7098,-11.83,-12.131
2.9016,-11.361,-11.938
8.6745,-5.8361,-11.807
11.303,-11.597,-2.9668
10.891,-11.572,3.0262
5.187,-11.651,-2.9278
11.139,-5.9217,-2.8008
5.5561,-11.5,3.0462
10.555,-5.7308,-8.5208
5.1615,-8.789,-5.6338
5.6784,-8.7388,0.23324
12.062,-8.801,-5.8498
11.006,-8.702,0.48224
8.6532,-10.903,-5.6658
8.7098,-11.83,-0.29576
2.8903,-12.129,-5.8438
8.4857,-6.2328,-5.4358
2.9016,-11.361,-0.10276
8.6745,-5.8361,0.028238
11.303,-11.597,8.8689
5.187,-11.651,8.9079
11.139,-5.9217,9.0349
10.555,-5.7308,3.3149
5.1615,-8.789,6.2019
5.6784,-8.7388,12.069
12.062,-8.801,5.9859
11.006,-8.702,12.318
8.6532,-10.903,6.1699
8.7098,-11.83,11.54
2.8903,-12.129,5.9919
8.4857,-6.2328,6.3999
2.9016,-11.361,11.733
8.6745,-5.8361,11.864
-0.63286,-11.583,-8.8917
-5.9206,-5.8782,-8.9527
5.3224,-5.9913,-9.1057
-0.6067,-0.074953,-9.0457
-0.61165,-5.5996,-8.8777
-5.9411,-0.0028284,-9.0257
-5.6979,-8.6847,-11.726
-11.543,-3.025,-11.795
-0.20011,-2.9819,-11.848
-5.8188,2.7584,-11.839
-0.40659,-8.7674,-11.557
-6.3194,-3.0087,-11.54
5.3351,-2.8956,-11.239
-0.49144,2.7952,-11.59
-2.7231,-11.849,-12.323
-8.6055,-6.2579,-11.965
2.8419,-6.0352,-12.163
-2.7874,-0.33234,-12.368
-2.8878,-5.5197,-12.128
-8.5956,0.13576,-12.175
2.9889,0.10253,-12.032
-2.8228,5.6611,-12.044
-0.062933,-11.607,-3.177
-6.243,-5.7438,-3.302
5.4037,-5.8506,-3.261
-0.19445,-0.099702,-3.203
-0.63286,-11.583,2.944
-5.9206,-5.8782,2.883
5.3224,-5.9913,2.73
-0.6067,-0.074953,2.79
-0.34648,-5.7997,-3.02
-6.3102,-0.15415,-3.164
5.2913,-0.14354,-3.135
-0.3585,5.5755,-3.037
-0.61165,-5.5996,2.958
-5.9411,-0.0028284,2.81
5.1916,0.31113,-8.782
-0.94257,5.7665,-8.757
-6.062,-8.7618,-5.787
-11.583,-2.996,-6.04
-0.40022,-2.9614,-5.91
-6.3357,2.7082,-5.87
-5.6979,-8.6847,0.11
-11.543,-3.025,0.041
-0.20011,-2.9819,-0.012
-5.8188,2.7584,-0.003
0.2687,-8.8021,-5.971
-4.9759,-2.8984,-6.21
6.0429,-2.9896,-6.26
0.56498,2.6962,-6.086
-0.40659,-8.7674,0.279
-6.3194,-3.0087,0.296
5.3351,-2.8956,0.597
-0.49144,2.7952,0.246
-2.8178,-11.577,-5.714
-8.6592,-5.6144,-6.041
2.9055,-5.5755,-6.164
-2.844,0.59397,-5.902
-2.7231,-11.849,-0.487
-8.6055,-6.2579,-0.129
2.8419,-6.0352,-0.327
-2.7874,-0.33234,-0.532
-2.8206,-6.5047,-5.743
-8.6069,-0.63215,-6.08
2.8928,-0.57629,-5.977
-3.0116,5.2644,-5.672
-2.8878,-5.5197,-0.292
-8.5956,0.13576,-0.339
2.9889,0.10253,-0.196
-2.8228,5.6611,-0.208
-0.062933,-11.607,8.6587
-6.243,-5.7438,8.5337
5.4037,-5.8506,8.5747
-0.19445,-0.099702,8.6327
-0.34648,-5.7997,8.8157
-6.3102,-0.15415,8.6717
5.2913,-0.14354,8.7007
-0.3585,5.5755,8.7987
5.1916,0.31113,3.0537
-0.94257,5.7665,3.0787
-6.062,-8.7618,6.0487
-11.583,-2.996,5.7957
-0.40022,-2.9614,5.9257
-6.3357,2.7082,5.9657
-5.6979,-8.6847,11.946
-11.543,-3.025,11.877
-0.20011,-2.9819,11.824
-5.8188,2.7584,11.833
0.2687,-8.8021,5.8647
-4.9759,-2.8984,5.6257
6.0429,-2.9896,5.5757
0.56498,2.6962,5.7497
-0.40659,-8.7674,12.115
-6.3194,-3.0087,12.132
5.3351,-2.8956,12.433
-0.49144,2.7952,12.082
-2.8178,-11.577,6.1217
-8.6592,-5.6144,5.7947
2.9055,-5.5755,5.6717
-2.844,0.59397,5.9337
-2.7231,-11.849,11.349
-8.6055,-6.2579,11.707
2.8419,-6.0352,11.509
-2.7874,-0.33234,11.304
-2.8206,-6.5047,6.0927
-8.6069,-0.63215,5.7557
2.8928,-0.57629,5.8587
-3.0116,5.2644,6.1637
-2.8878,-5.5197,11.544
-8.5956,0.13576,11.497
2.9889,0.10253,11.64
-2.8228,5.6611,11.628
-12.13,-0.085896,-9.1279
-6.1748,5.5059,-9.3419
-12.104,11.422,-9.2819
-12.109,5.8976,-9.1139
-11.697,8.5154,-12.084
-11.904,2.7298,-11.793
-6.1621,8.6016,-11.475
-8.6554,5.4621,-12.399
-8.5083,11.6,-12.268
-11.56,-0.10994,-3.4132
-6.0935,5.6466,-3.4972
-11.692,11.398,-3.4392
-12.13,-0.085896,2.7078
-6.1748,5.5059,2.4938
-12.104,11.422,2.5538
-11.844,5.6975,-3.2562
-6.2059,11.354,-3.3712
-12.109,5.8976,2.7218
-6.3056,11.808,-9.0182
-11.897,8.5359,-6.1462
-11.697,8.5154,-0.24824
-11.229,2.6952,-6.2072
-5.4543,8.5076,-6.4962
-11.904,2.7298,0.042762
-6.1621,8.6016,0.36076
-8.5917,5.9217,-6.4002
-8.6554,5.4621,-0.56324
-8.6044,10.921,-6.2132
-8.5083,11.6,-0.43224
-11.56,-0.10994,8.4224
-6.0935,5.6466,8.3384
-11.692,11.398,8.3964
-11.844,5.6975,8.5794
-6.2059,11.354,8.4644
-6.3056,11.808,2.8174
-11.897,8.5359,5.6894
-11.697,8.5154,11.587
-11.229,2.6952,5.6284
-5.4543,8.5076,5.3394
-11.904,2.7298,11.878
-6.1621,8.6016,12.196
-8.5917,5.9217,5.4354
-8.6554,5.4621,11.272
-8.6044,10.921,5.6224
-8.5083,11.6,11.403
11.486,-3.0597,-11.321
11.446,-3.0308,-5.5667
11.486,-3.0597,0.5143
11.446,-3.0308,6.269
11.486,-3.0597,12.35
10.899,-0.12064,-8.6546
5.6115,5.5843,-8.7156
10.925,11.388,-8.8086
10.92,5.8629,-8.6406
5.591,11.46,-8.7886
5.8342,2.7778,-11.489
-0.010742,8.4375,-11.558
11.332,8.4806,-11.611
11.125,2.6951,-11.32
5.2127,8.4537,-11.303
8.809,-0.38651,-12.086
2.9266,5.2046,-11.728
8.7447,11.13,-12.131
8.6442,5.9428,-11.891
2.9365,11.598,-11.938
11.469,-0.14468,-2.9399
5.289,5.7186,-3.0649
11.338,11.363,-2.9659
10.899,-0.12064,3.1811
5.6115,5.5843,3.1201
10.925,11.388,3.0271
11.186,5.6628,-2.7829
5.2218,11.308,-2.9269
10.92,5.8629,3.1951
5.591,11.46,3.0471
5.47,2.7007,-5.5499
-0.051047,8.4665,-5.8029
11.132,8.5011,-5.6729
5.8342,2.7778,0.34706
-0.010742,8.4375,0.27806
11.332,8.4806,0.22506
11.801,2.6604,-5.7339
6.5562,8.564,-5.9729
11.125,2.6951,0.51606
5.2127,8.4537,0.53306
8.7142,-0.11498,-5.4769
2.8728,5.8481,-5.8039
8.6881,12.056,-5.6649
8.809,-0.38651,-0.24994
2.9266,5.2046,0.10806
8.7447,11.13,-0.29494
8.7114,4.9578,-5.5059
2.9252,10.83,-5.8429
8.6442,5.9428,-0.054942
2.9365,11.598,-0.10194
11.469,-0.14468,8.8957
5.289,5.7186,8.7707
11.338,11.363,8.8697
11.186,5.6628,9.0527
5.2218,11.308,8.9087
5.47,2.7007,6.2857
-0.051047,8.4665,6.0327
11.132,8.5011,6.1627
5.8342,2.7778,12.183
-0.010742,8.4375,12.114
11.332,8.4806,12.061
11.801,2.6604,6.1017
6.5562,8.564,5.8627
11.125,2.6951,12.352
5.2127,8.4537,12.369
8.7142,-0.11498,6.3587
2.8728,5.8481,6.0317
8.6881,12.056,6.1707
8.809,-0.38651,11.586
2.9266,5.2046,11.944
8.7447,11.13,11.541
8.7114,4.9578,6.3297
2.9252,10.83,5.9927
8.6442,5.9428,11.781
2.9365,11.598,11.734
-0.59801,11.377,-8.8908
-2.6882,11.111,-12.322
-0.028084,11.353,-3.1762
-0.59801,11.377,2.9448
-2.783,11.382,-5.7132
-2.6882,11.111,-0.48618
-0.028084,11.353,8.6595
-2.783,11.382,6.1225
-2.6882,11.111,11.349
0,0,0
-0.017678,5.666,0.344
-5.758,-0.086974,-0.014
0.13011,-0.11738,5.7917
5.8131,0.037477,0.323
-0.09051,-5.8563,0.078
0.13011,-0.11738,-6.044
5.7684,5.6281,0.32206
-5.6243,-0.019799,5.8087
-5.7767,5.6834,-0.21124
-0.0014142,5.671,-5.808
5.9664,-0.042856,-5.5599
5.7205,-5.8138,0.025
0.13647,-5.7735,-5.775
-5.7636,-5.8343,0.085
-5.6243,-0.019799,-6.027
-0.0014142,5.671,6.0277
0.13647,-5.7735,6.0607
5.9664,-0.042856,6.2757
-5.7148,5.5706,5.8427
-5.5119,-5.8046,5.8517
-5.7148,5.5706,-5.993
-5.5119,-5.8046,-5.984
6.0202,5.6578,-5.7469
5.7824,-5.9266,-5.7568
6.0202,5.6578,6.0887
5.7824,-5.9266,6.0789
0.052526,11.382,0.21882
-11.48,-0.080239,-0.018238
11.55,-0.11498,0.45506
0.017678,-11.577,0.218
0,0,-11.836
0,0,11.836
0.12361,11.296,-5.6509
11.442,5.6062,0.31506
5.7741,11.376,0.22306
-5.7189,-11.425,0.085942
-0.017678,5.666,-11.492
11.621,-0.20162,-5.4147
-11.408,-0.16688,-5.888
-5.6841,11.535,0.086762
-11.408,-0.16688,5.9477
0.12361,11.296,6.1847
11.48,-5.8312,0.58024
-11.588,5.641,-0.15824
5.8131,0.037477,-11.513
-11.55,-5.7964,0.10694
5.7392,-11.584,0.22224
0.08876,-11.664,-5.6518
-0.09051,-5.8563,-11.758
-5.758,-0.086974,11.822
-5.758,-0.086974,-11.85
0.08876,-11.664,6.1839
-0.09051,-5.8563,11.914
11.621,-0.20162,6.421
-0.017678,5.666,12.18
5.8131,0.037477,12.159
-5.5308,11.454,-5.7962
-11.361,5.7237,5.8244
-5.5656,-11.505,-5.797
11.496,-5.8262,-5.5718
5.7684,5.6281,-11.514
-11.361,5.7237,-6.0112
-5.5308,11.454,6.0395
11.669,5.689,-5.5379
5.9077,11.443,-5.7899
-5.5656,-11.505,6.0387
-11.533,-5.7915,5.7906
5.8729,-11.517,-5.7908
-5.7767,5.6834,11.624
5.9077,11.443,6.0457
-11.533,-5.7915,-6.0451
5.8729,-11.517,6.0449
11.496,-5.8262,6.2639
-5.7636,-5.8343,-11.751
5.7205,-5.8138,-11.811
5.7205,-5.8138,11.861
11.669,5.689,6.2977
-5.7636,-5.8343,11.921
-5.7767,5.6834,-12.047
5.7684,5.6281,12.158
11.55,-0.11498,-11.381
11.497,-11.497,0.23624
-11.497,11.497,-0.23624
-11.532,-11.462,-0.23706
11.532,11.462,0.23706
0.052526,11.382,-11.617
0.017678,-11.577,-11.618
-11.48,-0.080239,11.817
-11.48,-0.080239,-11.854
0.052526,11.382,12.054
0.017678,-11.577,12.054
11.55,-0.11498,12.291
-11.367,11.38,5.5554
11.48,-5.8312,-11.255
-11.402,-11.58,5.5546
11.442,5.6062,-11.521
5.7741,11.376,-11.613
-11.367,11.38,-6.2802
11.662,11.345,-5.8069
11.662,11.345,6.0287
-5.7189,-11.425,-11.75
5.7392,-11.584,-11.613
-11.588,5.641,11.677
-5.6841,11.535,-11.749
-11.402,-11.58,-6.2811
11.627,-11.615,-5.8078
-11.55,-5.7964,-11.729
-5.7189,-11.425,11.922
11.627,-11.615,6.0279
-5.6841,11.535,11.922
5.7741,11.376,12.059
-11.55,-5.7964,11.943
-11.588,5.641,-11.994
11.442,5.6062,12.151
5.7392,-11.584,12.058
11.48,-5.8312,12.416
-11.532,-11.462,11.599
11.532,11.462,-11.599
11.497,-11.497,-11.599
-11.497,11.497,11.599
11.497,-11.497,12.072
-11.497,11.497,-12.072
-11.532,-11.462,-12.073
11.532,11.462,12.073
