-3.3678,-9.159,-9.3393
-9.6271,-2.9294,-9.4493
-8.3274,-8.2327,-8.8343
-3.3678,-9.159,2.708
-9.6271,-2.9294,2.598
-8.3274,-8.2327,3.213
-9.0975,-9.0466,-2.492
-3.2815,-8.7941,-2.699
-9.3711,-3.0029,-2.815
-9.0975,-9.0466,9.5553
-3.2815,-8.7941,9.3483
-9.3711,-3.0029,9.2323
8.4161,-9.0497,-9.2303
3.7421,-8.6325,-8.8463
8.4161,-9.0497,2.817
3.7421,-8.6325,3.201
8.7407,-8.6855,-2.87
8.7407,-8.6855,9.1773
2.6559,-3.0278,-9.2713
-3.6225,2.9889,-9.2303
8.6903,2.8991,-9.3393
2.431,9.1287,-9.4493
-2.262,-2.3285,-8.9483
-8.2965,3.4061,-8.8463
3.7307,3.8254,-8.8343
9.4427,-2.3716,-8.9653
2.6559,-3.0278,2.776
-3.6225,2.9889,2.817
8.6903,2.8991,2.708
2.431,9.1287,2.598
-2.262,-2.3285,3.099
-8.2965,3.4061,3.201
3.7307,3.8254,3.213
9.4427,-2.3716,3.082
2.8687,-9.0913,-2.38
-3.194,-2.8263,-2.399
8.9117,-3.2407,-2.423
2.9607,3.0116,-2.492
8.7766,3.264,-2.699
2.687,9.0552,-2.815
2.6128,-2.8489,-2.661
-3.2979,3.3531,-2.87
2.8687,-9.0913,9.6673
-3.194,-2.8263,9.6483
8.9117,-3.2407,9.6243
2.9607,3.0116,9.5553
8.7766,3.264,9.3483
2.687,9.0552,9.2323
2.6128,-2.8489,9.3863
-3.2979,3.3531,9.1773
-9.3827,9.0108,-9.2713
-2.5959,9.667,-8.9653
-9.3827,9.0108,2.776
-2.5959,9.667,3.082
-9.1699,2.9474,-2.38
-3.127,8.798,-2.423
-9.4259,9.1897,-2.661
-9.1699,2.9474,9.6673
-3.127,8.798,9.6243
-9.4259,9.1897,9.3863
9.7961,9.7296,-8.9483
9.7961,9.7296,3.099
8.8641,9.2318,-2.399
8.8641,9.2318,9.6483
-9.3534,-9.2728,-9.1503
-9.3534,-9.2728,2.897
-7.9258,-8.9539,-3.419
-7.9258,-8.9539,8.6283
9.3325,-9.0596,-8.0413
9.3325,-9.0596,4.006
4.0922,-8.7902,-3.197
10.142,-2.9919,-3.237
10.071,-9.3382,-2.722
4.0922,-8.7902,8.8503
10.142,-2.9919,8.8103
10.071,-9.3382,9.3253
-2.5965,-9.075,-8.0543
-8.5638,-2.8008,-8.3973
3.5582,-3.0773,-8.0783
-2.7061,2.979,-8.0413
2.4876,-9.4399,-8.9313
-3.3262,-3.3771,-8.9863
8.6062,-3.6027,-8.8623
2.7047,2.7853,-9.1503
-2.5965,-9.075,3.993
-8.5638,-2.8008,3.65
3.5582,-3.0773,3.969
-2.7061,2.979,4.006
2.4876,-9.4399,3.116
-3.3262,-3.3771,3.061
8.6062,-3.6027,3.185
2.7047,2.7853,2.897
-7.9465,3.2484,-3.197
-1.9827,-2.5286,-3.222
-1.8965,9.0467,-3.237
4.1323,3.1042,-3.419
-1.9735,-9.5028,-2.815
-7.9415,-3.4316,-2.846
3.9223,-3.5461,-2.843
-1.9679,2.7004,-2.722
-7.9465,3.2484,8.8503
-1.9827,-2.5286,8.8253
-1.8965,9.0467,8.8103
4.1323,3.1042,8.6283
-1.9735,-9.5028,9.2323
-7.9415,-3.4316,9.2013
3.9223,-3.5461,9.2043
-1.9679,2.7004,9.3253
-8.4805,8.9613,-8.0783
-9.551,2.5988,-8.9313
-3.4324,8.4359,-8.8623
-8.4805,8.9613,3.969
-9.551,2.5988,3.116
-3.4324,8.4359,3.185
-8.1163,8.4925,-2.843
-8.1163,8.4925,9.2043
9.4616,2.9831,-8.0543
3.4944,9.2573,-8.3973
8.7319,8.681,-8.9863
9.4616,2.9831,3.993
3.4944,9.2573,3.65
8.7319,8.681,3.061
10.075,9.5295,-3.222
10.085,2.5553,-2.815
4.1166,8.6265,-2.846
10.075,9.5295,8.8253
10.085,2.5553,9.2323
4.1166,8.6265,9.2013
-6.0272,-12.929,-8.6453
-12.039,-6.7994,-8.7573
-12.376,-11.316,-8.8033
-8.7305,-11.261,-6.4163
-6.1672,-8.9094,-11.705
-12.149,-2.8891,-11.928
-12.296,-8.9002,-12.048
-2.9994,-11.977,-12.266
-9.0409,-6.0329,-12.214
-9.0925,-11.668,-11.448
0.10412,-12.187,-2.835
-11.874,-12.021,-2.857
-6.0272,-12.929,3.402
-12.039,-6.7994,3.29
-12.376,-11.316,3.244
-6.4486,-11.752,-2.861
-12.342,-5.9197,-2.764
-8.7305,-11.261,5.631
-2.7236,-12.483,-5.661
-8.6541,-6.052,-5.513
-12.033,-8.8966,-5.445
-6.1672,-8.9094,0.342
-12.149,-2.8891,0.119
-5.2232,-8.9907,-5.914
-11.381,-3.0022,-5.979
-12.296,-8.9002,-0.001
-2.9994,-11.977,-0.219
-9.0409,-6.0329,-0.167
-9.0925,-11.668,0.599
0.10412,-12.187,9.2123
-11.874,-12.021,9.1903
-6.4486,-11.752,9.1863
-12.342,-5.9197,9.2833
-2.7236,-12.483,6.3863
-8.6541,-6.052,6.5343
-12.033,-8.8966,6.6023
-6.1672,-8.9094,12.389
-12.149,-2.8891,12.166
-5.2232,-8.9907,6.1333
-11.381,-3.0022,6.0683
-12.296,-8.9002,12.046
-2.9994,-11.977,11.828
-9.0409,-6.0329,11.88
-9.0925,-11.668,12.646
-11.935,-0.14818,-2.835
-11.935,-0.14818,9.2123
6.1145,-12.709,-8.7373
12.058,-6.7799,-8.7573
11.72,-11.296,-8.8033
3.2889,-11.578,-6.2853
9.4506,-5.4823,-6.1883
6.0282,-8.9231,-11.983
11.947,-2.8696,-11.928
11.801,-8.8807,-12.048
9.0582,-11.939,-12.142
2.8979,-11.731,-11.457
8.9564,-5.7475,-11.338
12.222,-12.002,-2.857
6.2495,-6.1944,-2.919
6.1145,-12.709,3.31
12.058,-6.7799,3.29
11.72,-11.296,3.244
5.471,-11.971,-2.789
11.755,-5.9002,-2.764
3.2889,-11.578,5.762
9.4506,-5.4823,5.859
9.4054,-12.156,-5.606
12.063,-8.8772,-5.445
6.0282,-8.9231,0.064
11.947,-2.8696,0.119
6.6597,-8.9691,-5.952
12.715,-2.9827,-5.979
11.801,-8.8807,-0.001
9.0582,-11.939,-0.095
2.8979,-11.731,0.59
8.9564,-5.7475,0.709
12.222,-12.002,9.1903
6.2495,-6.1944,9.1283
5.471,-11.971,9.2583
11.755,-5.9002,9.2833
9.4054,-12.156,6.4413
12.063,-8.8772,6.6023
6.0282,-8.9231,12.111
11.947,-2.8696,12.166
6.6597,-8.9691,6.0953
12.715,-2.9827,6.0683
11.801,-8.8807,12.046
9.0582,-11.939,11.952
2.8979,-11.731,12.637
8.9564,-5.7475,12.756
0.056569,-7.0117,-8.6983
-5.9241,-0.67034,-8.7373
6.0309,-0.87045,-8.6453
0.019092,5.2588,-8.7573
-0.27789,-11.469,-8.7503
-6.3435,-5.3606,-8.9513
5.6349,-5.4879,-8.8533
-0.3182,0.74246,-8.8033
-2.6029,-5.3464,-6.3123
-8.7497,0.46103,-6.2853
3.3276,0.79762,-6.4163
-2.588,6.5563,-6.1883
0.013435,-2.8772,-11.921
-6.0104,3.1155,-11.983
5.8909,3.1487,-11.705
-0.091217,9.1691,-11.928
0.033941,-8.8912,-12.232
-6.1985,-2.8977,-12.046
5.9694,-2.8511,-12.328
-0.23759,3.1579,-12.048
2.9105,-6.074,-12.206
-2.9805,0.099702,-12.142
9.0587,0.081317,-12.266
3.0172,6.0253,-12.214
-3.0724,-5.7226,-11.363
-9.1408,0.30759,-11.457
2.9656,0.39032,-11.448
-3.0823,6.2911,-11.338
-5.8541,-6.1129,-3.067
12.162,-0.12869,-2.835
0.18385,0.03677,-2.857
-5.7891,5.8442,-2.919
0.056569,-7.0117,3.349
-5.9241,-0.67034,3.31
6.0309,-0.87045,3.402
0.019092,5.2588,3.29
-0.27789,-11.469,3.297
-6.3435,-5.3606,3.096
5.6349,-5.4879,3.194
-0.3182,0.74246,3.244
-0.72761,-5.7438,-2.8
-6.5676,0.067882,-2.789
5.6095,0.30618,-2.861
-0.28355,6.1384,-2.764
-2.6029,-5.3464,5.735
-8.7497,0.46103,5.762
3.3276,0.79762,5.631
-2.588,6.5563,5.859
3.3255,-6.2416,-5.457
-2.6333,-0.11738,-5.606
9.3345,-0.42497,-5.661
3.404,6.0062,-5.513
0.1492,-8.9795,-5.367
-5.8973,-3.0137,-5.579
5.997,-2.9338,-5.404
0.024749,3.1615,-5.445
0.013435,-2.8772,0.126
-6.0104,3.1155,0.064
5.8909,3.1487,0.342
-0.091217,9.1691,0.119
0.70286,-2.9048,-5.917
-5.379,3.0696,-5.952
6.8349,3.0674,-5.914
0.6767,9.0559,-5.979
0.033941,-8.8912,-0.185
-6.1985,-2.8977,0.001
5.9694,-2.8511,-0.281
-0.23759,3.1579,-0.001
2.9105,-6.074,-0.159
-2.9805,0.099702,-0.095
9.0587,0.081317,-0.219
3.0172,6.0253,-0.167
-3.0724,-5.7226,0.684
-9.1408,0.30759,0.59
2.9656,0.39032,0.599
-3.0823,6.2911,0.709
-5.8541,-6.1129,8.9803
12.162,-0.12869,9.2123
0.18385,0.03677,9.1903
-5.7891,5.8442,9.1283
-0.72761,-5.7438,9.2473
-6.5676,0.067882,9.2583
5.6095,0.30618,9.1863
-0.28355,6.1384,9.2833
3.3255,-6.2416,6.5903
-2.6333,-0.11738,6.4413
9.3345,-0.42497,6.3863
3.404,6.0062,6.5343
0.1492,-8.9795,6.6803
-5.8973,-3.0137,6.4683
5.997,-2.9338,6.6433
0.024749,3.1615,6.6023
0.013435,-2.8772,12.173
-6.0104,3.1155,12.111
5.8909,3.1487,12.389
-0.091217,9.1691,12.166
0.70286,-2.9048,6.1303
-5.379,3.0696,6.0953
6.8349,3.0674,6.1333
0.6767,9.0559,6.0683
0.033941,-8.8912,11.862
-6.1985,-2.8977,12.048
5.9694,-2.8511,11.766
-0.23759,3.1579,12.046
2.9105,-6.074,11.888
-2.9805,0.099702,11.952
9.0587,0.081317,11.828
3.0172,6.0253,11.88
-3.0724,-5.7226,12.731
-9.1408,0.30759,12.637
2.9656,0.39032,12.646
-3.0823,6.2911,12.756
-11.982,5.027,-8.6983
-6.0077,11.168,-8.6453
-12.317,0.57007,-8.7503
-6.4037,6.5508,-8.8533
-12.357,12.781,-8.8033
-8.711,12.836,-6.4163
-12.025,9.1614,-11.921
-12.005,3.1475,-12.232
-6.0692,9.1876,-12.328
-9.1282,5.9646,-12.206
-2.9799,12.12,-12.266
-9.073,12.429,-11.448
0.1236,11.91,-2.835
-11.855,12.075,-2.857
-11.982,5.027,3.349
-6.0077,11.168,3.402
-12.317,0.57007,3.297
-6.4037,6.5508,3.194
-12.357,12.781,3.244
-12.766,6.2948,-2.8
-6.4292,12.345,-2.861
-8.711,12.836,5.631
-8.7131,5.797,-5.457
-2.7041,11.614,-5.661
-11.889,3.0591,-5.367
-6.0417,9.1048,-5.404
-12.025,9.1614,0.126
-11.336,9.1338,-5.917
-12.005,3.1475,-0.185
-6.0692,9.1876,-0.281
-9.1282,5.9646,-0.159
-2.9799,12.12,-0.219
-9.073,12.429,0.599
0.1236,11.91,9.2123
-11.855,12.075,9.1903
-12.766,6.2948,9.2473
-6.4292,12.345,9.1863
-8.7131,5.797,6.5903
-2.7041,11.614,6.3863
-11.889,3.0591,6.6803
-6.0417,9.1048,6.6433
-12.025,9.1614,12.173
-11.336,9.1338,6.1303
-12.005,3.1475,11.862
-6.0692,9.1876,11.766
-9.1282,5.9646,11.888
-2.9799,12.12,11.828
-9.073,12.429,12.646
12.115,5.0464,-8.6983
6.134,11.388,-8.7373
11.78,0.58956,-8.7503
5.7147,6.6975,-8.9513
11.74,12.801,-8.8033
9.4553,6.7117,-6.3123
3.3084,12.519,-6.2853
12.072,9.1809,-11.921
12.092,3.167,-12.232
5.8596,9.1604,-12.046
9.0777,12.158,-12.142
8.9857,6.3355,-11.363
2.9174,12.366,-11.457
6.204,5.9452,-3.067
12.242,12.095,-2.857
12.115,5.0464,3.349
6.134,11.388,3.31
11.78,0.58956,3.297
5.7147,6.6975,3.096
11.74,12.801,3.244
11.331,6.3143,-2.8
5.4905,12.126,-2.789
9.4553,6.7117,5.735
3.3084,12.519,5.762
9.4249,11.941,-5.606
12.207,3.0786,-5.367
6.1609,9.0444,-5.579
12.072,9.1809,0.126
12.761,9.1533,-5.917
12.092,3.167,-0.185
5.8596,9.1604,0.001
9.0777,12.158,-0.095
8.9857,6.3355,0.684
2.9174,12.366,0.59
6.204,5.9452,8.9803
12.242,12.095,9.1903
11.331,6.3143,9.2473
5.4905,12.126,9.2583
9.4249,11.941,6.4413
12.207,3.0786,6.6803
6.1609,9.0444,6.4683
12.072,9.1809,12.173
12.761,9.1533,6.1303
12.092,3.167,11.862
5.8596,9.1604,12.048
9.0777,12.158,11.952
8.9857,6.3355,12.731
2.9174,12.366,12.637
-0.2584,12.628,-8.7503
-0.2584,12.628,3.297
0,0,0
5.9616,0.067175,0.003
-0.022627,-6.0005,-0.076
0.45396,0.083439,6.0123
0.45396,0.083439,-6.035
-6.0719,0.12657,0.021
0.042426,6.0839,0.034
-5.7665,-0.13789,-5.897
-5.7665,-0.13789,6.1503
5.9842,-5.9404,0.311
0.45962,5.9623,-5.979
6.0302,6.0147,0.128
0.45962,5.9623,6.0683
-6.0279,-6.0435,0.128
0.25385,-6.1638,-5.964
-6.0544,6.0982,0.311
0.25385,-6.1638,6.0833
6.3569,-0.10889,-5.972
6.3569,-0.10889,6.0753
-5.4808,5.9885,-5.835
-5.5572,-6.0323,6.0113
-5.5572,-6.0323,-6.036
-5.4808,5.9885,6.2123
6.5578,-6.0501,-5.835
6.501,6.0258,6.0113
6.501,6.0258,-6.036
6.5578,-6.0501,6.2123
11.919,0.0084853,0.1
0,0,-12.047
0,0,12.047
-0.11964,12.047,0.1
-0.13913,-12.05,0.1
-12.178,-0.011003,0.1
-11.695,-0.047376,-5.981
-11.695,-0.047376,6.0663
5.9667,-11.912,0.021
-0.022627,-6.0005,11.971
-12.016,-5.9742,0.034
0.36328,12.011,-5.981
5.9616,0.067175,-12.044
5.9616,0.067175,12.05
-6.0965,-11.991,0.003
0.36328,12.011,6.0663
0.042426,6.0839,-12.013
12.081,-5.9547,0.034
-6.0719,0.12657,-12.026
12.035,6.0576,-0.076
-12.061,6.0381,-0.076
0.34379,-12.086,-5.981
-6.0719,0.12657,12.068
0.042426,6.0839,12.081
-0.022627,-6.0005,-12.123
0.34379,-12.086,6.0663
-6.077,12.106,0.003
5.9862,12.185,0.021
12.402,-0.027888,-5.981
12.402,-0.027888,6.0663
-11.599,-6.0958,-5.979
-11.599,-6.0958,6.0683
5.9842,-5.9404,-11.736
-11.785,5.8748,-5.964
-5.6817,11.93,-5.972
-11.785,5.8748,6.0833
-5.6817,11.93,6.0753
-6.0544,6.0982,-11.736
6.0302,6.0147,-11.919
-6.0279,-6.0435,-11.919
-5.7012,-12.167,-5.972
6.2917,11.92,-5.897
-5.7012,-12.167,6.0753
6.2917,11.92,6.1503
6.0302,6.0147,12.175
-6.0279,-6.0435,12.175
12.312,5.8943,-5.964
6.2722,-12.177,-5.897
12.312,5.8943,6.0833
5.9842,-5.9404,12.358
6.2722,-12.177,6.1503
-6.0544,6.0982,12.358
12.498,-6.0763,-5.979
12.498,-6.0763,6.0683
11.919,0.0084853,-11.947
-0.11964,12.047,-11.947
-0.13913,-12.05,-11.947
11.919,0.0084853,12.147
12.039,-12.039,0
-12.039,12.039,0
-12.058,-12.058,0
12.058,12.058,0
-12.178,-0.011003,-11.947
-0.11964,12.047,12.147
-0.13913,-12.05,12.147
-12.178,-0.011003,12.147
-11.604,-11.975,6.0123
-11.604,-11.975,-6.035
-11.585,12.122,6.0123
-11.585,12.122,-6.035
5.9667,-11.912,-12.026
5.9667,-11.912,12.068
-12.016,-5.9742,-12.013
12.035,6.0576,11.971
-12.061,6.0381,11.971
12.081,-5.9547,-12.013
-6.0965,-11.991,-12.044
-12.016,-5.9742,12.081
-6.0965,-11.991,12.05
12.081,-5.9547,12.081
12.035,6.0576,-12.123
-6.077,12.106,-12.044
-6.077,12.106,12.05
-12.061,6.0381,-12.123
5.9862,12.185,-12.026
5.9862,12.185,12.068
12.493,-11.955,6.0123
12.493,-11.955,-6.035
12.512,12.142,6.0123
12.512,12.142,-6.035
12.039,-12.039,-12.047
12.039,-12.039,12.047
-12.039,12.039,-12.047
-12.039,12.039,12.047
-12.058,-12.058,-12.047
-12.058,-12.058,12.047
12.058,12.058,-12.047
12.058,12.058,12.047
