-3.3134,-8.7309,-4.0897
-9.2792,-2.9645,-3.8287
-3.4315,-8.8264,-9.3027
-9.0346,-3.1342,-9.1127
-9.0098,-8.9614,-3.4337
-9.3888,-8.6249,-9.2367
-3.3134,-8.7309,7.7459
-9.2792,-2.9645,8.0069
-3.4315,-8.8264,2.5329
-9.0346,-3.1342,2.7229
-9.0098,-8.9614,8.4019
-9.3888,-8.6249,2.5989
8.1038,-8.9113,-3.1214
8.1597,-8.871,-8.6634
2.3777,-8.7572,-2.9434
8.2254,-2.8981,-2.9684
2.4265,-8.6207,-8.5564
7.8584,-2.9412,-8.6044
8.1038,-8.9113,8.7142
8.1597,-8.871,3.1722
2.3777,-8.7572,8.8922
8.2254,-2.8981,8.8672
2.4265,-8.6207,3.2792
7.8584,-2.9412,3.2312
2.6156,-2.791,-3.0947
-3.3934,2.5859,-3.3577
8.2187,2.7316,-3.8527
2.2528,8.498,-3.5917
2.4141,-3.0208,-8.8367
-3.3375,2.6262,-8.8997
8.1006,2.6361,-9.0657
2.4975,8.3283,-8.8757
-3.3934,-2.9211,-3.2987
-9.1196,2.74,-3.1797
2.5222,2.501,-3.1967
-3.2718,8.5991,-3.2047
-3.4952,-2.9578,-8.8737
-9.0708,2.8765,-8.7927
2.1432,2.8376,-8.9997
-3.6388,8.556,-8.8407
2.6156,-2.791,8.741
-3.3934,2.5859,8.478
8.2187,2.7316,7.983
2.2528,8.498,8.244
2.4141,-3.0208,2.999
-3.3375,2.6262,2.936
8.1006,2.6361,2.77
2.4975,8.3283,2.96
-3.3934,-2.9211,8.537
-9.1196,2.74,8.656
2.5222,2.501,8.639
-3.2718,8.5991,8.631
-3.4952,-2.9578,2.962
-9.0708,2.8765,3.043
2.1432,2.8376,2.836
-3.6388,8.556,2.995
-8.8816,8.7063,-3.3309
-9.0832,8.4765,-9.0729
-8.8816,8.7063,8.5048
-9.0832,8.4765,2.7628
8.1387,8.5414,-3.0616
8.0368,8.5047,-8.6366
8.1387,8.5414,8.7741
8.0368,8.5047,3.1991
-7.9209,-8.5442,-8.9677
-8.6351,-3.0401,-2.6991
-8.0878,-8.9119,-2.6311
-7.9209,-8.5442,2.8679
-8.6351,-3.0401,9.1366
-8.0878,-8.9119,9.2046
-1.9958,-8.9545,-8.4054
9.6283,-8.9241,-8.3734
3.7629,-2.9469,-8.0584
3.8732,-8.9545,-8.3794
9.3427,-3.0664,-8.5094
-2.6166,-8.806,-2.5288
9.0895,-8.8929,-2.4148
3.6809,-2.9144,-2.4458
-1.9958,-8.9545,3.4302
9.6283,-8.9241,3.4622
3.7629,-2.9469,3.7772
3.3181,-8.5747,-2.1858
9.1715,-2.9702,-2.1998
3.8732,-8.9545,3.4562
9.3427,-3.0664,3.3262
-2.6166,-8.806,9.3069
9.0895,-8.8929,9.4209
3.6809,-2.9144,9.3899
3.3181,-8.5747,9.6499
9.1715,-2.9702,9.6359
-7.5399,-3.2449,-8.5647
-1.8689,2.5732,-8.6097
-7.7343,8.5503,-8.2947
-2.0506,-3.0901,-8.5167
-7.624,2.5428,-8.6157
3.6112,2.9182,-8.7307
-2.1546,8.4308,-8.7457
2.897,8.4223,-2.462
-2.4077,2.6043,-2.651
-7.8164,8.5829,-2.682
-7.5399,-3.2449,3.271
-1.8689,2.5732,3.226
-7.7343,8.5503,3.541
-2.4544,-3.0003,-2.519
-8.1791,2.9225,-2.422
3.4443,2.5505,-2.394
-2.3257,8.527,-2.436
-2.0506,-3.0901,3.319
-7.624,2.5428,3.22
3.6112,2.9182,3.105
-2.1546,8.4308,3.09
2.897,8.4223,9.3737
-2.4077,2.6043,9.1847
-7.8164,8.5829,9.1537
-2.4544,-3.0003,9.3167
-8.1791,2.9225,9.4137
3.4443,2.5505,9.4417
-2.3257,8.527,9.3997
9.5363,2.508,-8.1684
8.9154,2.6565,-2.2917
9.5363,2.508,3.6673
8.9154,2.6565,9.544
3.9922,8.2176,-8.3276
9.4815,8.3724,-8.2796
3.9922,8.2176,3.5081
9.0777,8.4622,-2.2819
9.4815,8.3724,3.5561
9.0777,8.4622,9.5537
-0.37497,-11.831,-9.1175
-0.45487,-11.592,-3.1195
-2.9814,-12.061,-11.923
-2.8873,-11.769,-6.3905
-0.37497,-11.831,2.7182
-0.45487,-11.592,8.7162
-2.9814,-12.061,-0.08782
-2.8873,-11.769,5.4452
-2.9814,-12.061,11.748
-6.3978,-11.398,-9.0947
-12.114,-5.8191,-9.3157
-5.8611,-11.564,-3.2927
-11.955,-5.8664,-3.2987
-11.974,-11.825,-9.2957
-6.0598,-5.9124,-9.4607
-11.872,-0.33332,-9.3537
-11.902,-11.66,-3.3287
-6.6396,-5.952,-3.3597
-11.952,-0.095029,-3.3557
-12.133,-8.5831,-11.991
-11.774,-8.7189,-6.0437
-5.2586,-8.593,-12.544
-11.03,-2.9687,-12.351
-6.0428,-8.7578,-6.2497
-11.898,-3.0118,-6.2507
-8.6365,-10.92,-12.07
-8.6478,-11.757,-6.2667
-8.7963,-6.266,-12.108
-8.6506,-6.1175,-6.6107
-6.3978,-11.398,2.7409
-12.114,-5.8191,2.5199
-5.8611,-11.564,8.5429
-11.955,-5.8664,8.5369
-11.974,-11.825,2.5399
-6.0598,-5.9124,2.3749
-11.872,-0.33332,2.4819
-11.902,-11.66,8.5069
-6.6396,-5.952,8.4759
-11.952,-0.095029,8.4799
-12.133,-8.5831,-0.15506
-11.774,-8.7189,5.7919
-5.2586,-8.593,-0.70806
-11.03,-2.9687,-0.51506
-6.0428,-8.7578,5.5859
-11.898,-3.0118,5.5849
-8.6365,-10.92,-0.23406
-8.6478,-11.757,5.5689
-8.7963,-6.266,-0.27206
-8.6506,-6.1175,5.2249
-12.133,-8.5831,11.681
-5.2586,-8.593,11.128
-11.03,-2.9687,11.321
-8.6365,-10.92,11.602
-8.7963,-6.266,11.564
5.3518,-11.863,-8.8054
10.915,-5.8538,-8.8424
11.074,-5.9012,-2.8254
11.055,-11.86,-8.8224
5.298,-5.7916,-8.6024
11.157,-0.36807,-8.8804
11.127,-11.695,-2.8554
5.3305,-5.8665,-2.7994
11.077,-0.12977,-2.8824
-0.60703,-8.7112,-11.514
10.896,-8.6179,-11.517
5.0159,-2.7744,-11.377
-0.28106,-8.8845,-5.6674
11.255,-8.7536,-5.5704
5.5936,-3.123,-5.4914
5.9542,-8.5917,-11.649
11.999,-3.0035,-11.877
5.5335,-8.864,-5.5754
11.132,-3.0466,-5.7774
2.7376,-10.893,-11.406
8.3329,-5.3786,-11.708
2.9236,-11.74,-5.8974
8.6667,-5.974,-5.8754
8.4786,-11.679,-11.933
2.7093,-6.259,-11.657
8.5507,-0.59858,-11.686
8.6087,-11.936,-5.8664
2.9236,-6.015,-5.7904
8.6448,-0.30655,-6.1534
5.3518,-11.863,3.0302
10.915,-5.8538,2.9932
4.6114,-11.746,-2.6028
11.074,-5.9012,9.0102
11.055,-11.86,3.0132
5.298,-5.7916,3.2332
11.157,-0.36807,2.9552
11.127,-11.695,8.9802
5.3305,-5.8665,9.0362
11.077,-0.12977,8.9532
-0.60703,-8.7112,0.32124
10.896,-8.6179,0.31824
5.0159,-2.7744,0.45824
-0.28106,-8.8845,6.1682
11.255,-8.7536,6.2652
5.5936,-3.123,6.3442
5.9542,-8.5917,0.18624
11.999,-3.0035,-0.041762
5.5335,-8.864,6.2602
11.132,-3.0466,6.0582
2.7376,-10.893,0.42924
8.3329,-5.3786,0.12724
2.9236,-11.74,5.9382
8.6667,-5.974,5.9602
8.4786,-11.679,-0.097762
2.7093,-6.259,0.17824
8.5507,-0.59858,0.14924
8.6087,-11.936,5.9692
2.9236,-6.015,6.0452
8.6448,-0.30655,5.6822
4.6114,-11.746,9.2329
-0.60703,-8.7112,12.157
10.896,-8.6179,12.154
5.0159,-2.7744,12.294
5.9542,-8.5917,12.022
11.999,-3.0035,11.794
2.7376,-10.893,12.265
8.3329,-5.3786,11.963
8.4786,-11.679,11.738
2.7093,-6.259,12.014
8.5507,-0.59858,11.985
-0.54447,-5.9227,-9.0547
-6.1455,-0.36557,-9.0417
5.1343,0.064347,-8.8577
-0.58195,5.6434,-9.0787
-0.75448,-5.8428,-3.0877
5.671,-0.10182,-3.0557
-0.42285,5.596,-3.0617
-0.44194,-0.36275,-9.0587
-6.1992,5.7056,-8.8387
5.4723,5.5501,-9.2237
-0.34012,11.129,-9.1167
-0.36982,-0.19728,-3.0917
-6.1667,5.6307,-3.0357
4.8925,5.5105,-3.1227
-0.42002,11.367,-3.1187
-6.3427,-3.008,-11.973
-12.104,2.786,-11.751
-0.60104,2.8793,-11.754
-6.4813,8.7229,-11.614
-6.2317,-3.0936,-5.6147
-11.778,2.6128,-5.9037
-0.24183,2.7436,-5.8067
-5.9036,8.3743,-5.7277
0.1789,-2.8447,-11.874
-5.543,2.9055,-11.886
6.2735,2.8694,-12.307
0.50205,8.4938,-12.114
-0.14637,-3.1049,-5.7387
-5.9637,2.6333,-5.8117
5.4893,2.7047,-6.0127
-0.36557,8.4506,-6.0137
-2.9529,-5.2651,-11.875
-8.7596,0.60387,-11.643
2.8956,0.54235,-11.833
-3.1643,6.1186,-11.945
-2.8815,-5.741,-6.1537
-8.5737,-0.24254,-6.1337
2.8843,-0.29486,-6.0297
-2.8305,5.5232,-6.1117
-3.0186,-0.18173,-12.17
-8.7879,5.2382,-11.894
2.7358,5.1965,-11.871
-2.9465,10.899,-11.923
-2.8885,-0.43911,-6.1027
-8.5737,5.4822,-6.0267
2.8815,5.345,-6.3737
-2.8525,11.191,-6.3897
-0.54447,-5.9227,2.781
-6.1455,-0.36557,2.794
5.1343,0.064347,2.978
-0.58195,5.6434,2.757
-0.75448,-5.8428,8.748
-6.8858,-0.2489,-2.839
5.671,-0.10182,8.78
-0.42285,5.596,8.774
-0.44194,-0.36275,2.777
-6.1992,5.7056,2.997
5.4723,5.5501,2.612
-0.34012,11.129,2.719
-0.36982,-0.19728,8.744
-6.1667,5.6307,8.8
4.8925,5.5105,8.713
-0.42002,11.367,8.717
-6.3427,-3.008,-0.137
-12.104,2.786,0.085
-0.60104,2.8793,0.082
-6.4813,8.7229,0.222
-6.2317,-3.0936,6.221
-11.778,2.6128,5.932
-0.24183,2.7436,6.029
-5.9036,8.3743,6.108
0.1789,-2.8447,-0.038
-5.543,2.9055,-0.05
6.2735,2.8694,-0.471
0.50205,8.4938,-0.278
-0.14637,-3.1049,6.097
-5.9637,2.6333,6.024
5.4893,2.7047,5.823
-0.36557,8.4506,5.822
-2.9529,-5.2651,-0.039
-8.7596,0.60387,0.193
2.8956,0.54235,0.003
-3.1643,6.1186,-0.109
-2.8815,-5.741,5.682
-8.5737,-0.24254,5.702
2.8843,-0.29486,5.806
-2.8305,5.5232,5.724
-3.0186,-0.18173,-0.334
-8.7879,5.2382,-0.058
2.7358,5.1965,-0.035
-2.9465,10.899,-0.087
-2.8885,-0.43911,5.733
-8.5737,5.4822,5.809
2.8815,5.345,5.462
-2.8525,11.191,5.446
-6.8858,-0.2489,8.9967
-6.3427,-3.008,11.699
-12.104,2.786,11.921
-0.60104,2.8793,11.918
-6.4813,8.7229,12.058
0.1789,-2.8447,11.798
-5.543,2.9055,11.786
6.2735,2.8694,11.365
0.50205,8.4938,11.558
-2.9529,-5.2651,11.797
-8.7596,0.60387,12.029
2.8956,0.54235,11.839
-3.1643,6.1186,11.727
-3.0186,-0.18173,11.502
-8.7879,5.2382,11.778
2.7358,5.1965,11.801
-2.9465,10.899,11.749
-12.042,5.5745,-9.2909
-6.3629,11.562,-9.0939
-12.252,5.6544,-3.3239
-5.8262,11.395,-3.2919
-11.939,11.134,-9.2949
-11.867,11.3,-3.3279
-11.318,8.6525,-12.11
-11.644,8.3923,-5.9749
-8.6016,12.04,-12.069
-8.6129,11.202,-6.2659
-12.042,5.5745,2.5448
-6.3629,11.562,2.7418
-12.252,5.6544,8.5118
-5.8262,11.395,8.5438
-11.939,11.134,2.5408
-11.867,11.3,8.5078
-11.318,8.6525,-0.27424
-11.644,8.3923,5.8608
-8.6016,12.04,-0.23324
-8.6129,11.202,5.5698
-11.318,8.6525,11.561
-8.6016,12.04,11.602
10.925,2.7513,-11.277
11.251,2.578,-5.4304
10.925,2.7513,0.5583
11.251,2.578,6.4053
10.925,2.7513,12.394
10.988,5.5398,-8.8176
5.3866,11.097,-8.8046
10.778,5.6197,-2.8506
11.09,11.1,-8.8216
11.162,11.265,-2.8546
5.1893,8.4544,-11.736
5.3003,8.3689,-5.3776
11.711,8.6178,-11.637
11.386,8.3576,-5.5016
8.5792,6.1974,-11.638
2.7724,12.066,-11.406
8.6506,5.7215,-5.9166
2.9584,11.22,-5.8966
8.5134,11.281,-11.933
8.6435,11.023,-5.8656
10.988,5.5398,3.0181
5.3866,11.097,3.0311
10.778,5.6197,8.9851
4.6463,11.214,-2.6019
11.09,11.1,3.0141
11.162,11.265,8.9811
5.1893,8.4544,0.10006
5.3003,8.3689,6.4581
11.711,8.6178,0.19906
11.386,8.3576,6.3341
8.5792,6.1974,0.19806
2.7724,12.066,0.43006
8.6506,5.7215,5.9191
2.9584,11.22,5.9391
8.5134,11.281,-0.096942
8.6435,11.023,5.9701
4.6463,11.214,9.2337
5.1893,8.4544,11.936
11.711,8.6178,12.035
8.5792,6.1974,12.034
2.7724,12.066,12.266
8.5134,11.281,11.739
0,0,0
0.03182,5.6533,0.054
-0.018385,-5.8039,0.041
-0.066468,-0.15274,-5.8337
5.8333,-0.10149,0.45424
-5.9086,-0.13152,-0.028
-0.066468,-0.15274,6.002
-5.8372,-0.23405,-5.5837
-0.03182,5.5996,-5.8357
-5.724,-5.724,-0.101
-5.8343,5.659,0.058
5.6629,-5.8382,0.29424
5.808,5.7384,0.13606
-0.03182,5.5996,6
5.8209,-0.16405,5.886
-0.021213,-5.934,-5.8227
5.8209,-0.16405,-5.9497
-0.021213,-5.934,6.013
-5.8372,-0.23405,6.252
5.6328,5.5876,-5.8407
5.6328,5.5876,5.995
-5.7855,5.5536,-5.8897
-5.7855,5.5536,5.946
5.7117,-5.9436,-5.6534
-5.8993,-5.8749,5.7579
5.7117,-5.9436,6.1822
-5.8993,-5.8749,-6.0777
0.028149,11.417,0.22106
-11.504,-0.045962,-0.016
11.525,-0.080704,0.4573
-0.0066998,-11.543,0.22024
0,0,-11.836
0,0,11.836
5.6235,11.331,0.20906
-0.0077782,11.293,5.86
-5.6639,11.396,0.218
-0.0077782,11.293,-5.9757
5.8333,-0.10149,-11.381
11.514,5.6585,0.27806
-11.54,-0.16928,5.6229
11.489,-0.20402,-5.7394
-11.516,5.6933,-0.19524
-11.5,-5.8092,-0.18306
-5.6988,-11.564,0.21718
5.5886,-11.629,0.20824
11.529,-5.8439,0.29024
11.489,-0.20402,6.0962
-0.042627,-11.666,5.8592
0.03182,5.6533,-11.782
-11.54,-0.16928,-6.2127
-0.042627,-11.666,-5.9765
-0.018385,-5.8039,-11.795
0.03182,5.6533,11.89
-5.9086,-0.13152,11.808
-0.018385,-5.8039,11.877
-5.9086,-0.13152,-11.864
5.8333,-0.10149,12.29
5.6949,11.228,-5.3466
-5.6763,11.333,5.6498
11.511,5.5284,-5.5856
-11.518,5.5632,5.7768
11.465,-5.8976,-5.5994
5.6601,-11.731,-5.3474
-5.6763,11.333,-6.1859
5.6629,-5.8382,-11.541
-5.7112,-11.627,5.6489
-11.518,5.5632,-6.0589
5.6949,11.228,6.4891
-11.564,-5.8629,5.7629
11.511,5.5284,6.2501
-5.724,-5.724,11.735
5.808,5.7384,-11.7
-5.8343,5.659,-11.778
-11.564,-5.8629,-6.0727
11.465,-5.8976,6.2362
-5.7112,-11.627,-6.1867
-5.8343,5.659,11.894
-5.724,-5.724,-11.937
5.808,5.7384,11.972
5.6601,-11.731,6.4882
5.6629,-5.8382,12.13
11.525,-0.080704,-11.378
11.497,-11.497,0.23624
-11.497,11.497,-0.23624
-11.532,-11.462,-0.23706
11.532,11.462,0.23706
0.028149,11.417,-11.615
-0.0066998,-11.543,-11.615
-11.504,-0.045962,11.82
-11.504,-0.045962,-11.852
0.028149,11.417,12.057
-0.0066998,-11.543,12.056
11.525,-0.080704,12.293
11.466,11.31,-5.5966
5.6235,11.331,-11.627
-11.564,11.344,5.7658
-5.6639,11.396,-11.618
11.431,-11.65,-5.5974
11.514,5.6585,-11.558
11.466,11.31,6.2391
-11.564,11.344,-6.0699
11.529,-5.8439,-11.545
-11.516,5.6933,11.64
-5.6988,-11.564,-11.618
5.5886,-11.629,-11.627
-11.5,-5.8092,11.653
-11.599,-11.615,5.7649
5.6235,11.331,12.045
11.431,-11.65,6.2382
-11.599,-11.615,-6.0707
-5.6639,11.396,12.054
-11.516,5.6933,-12.031
-11.5,-5.8092,-12.019
11.514,5.6585,12.114
-5.6988,-11.564,12.053
5.5886,-11.629,12.044
11.529,-5.8439,12.126
-11.532,-11.462,11.599
11.532,11.462,-11.599
11.497,-11.497,-11.599
-11.497,11.497,11.599
11.497,-11.497,12.072
-11.497,11.497,-12.072
-11.532,-11.462,-12.073
11.532,11.462,12.073
