-8.4816,-8.5181,-9.1337
-8.4816,-8.5181,2.7019
-9.2849,-9.0484,-3.3991
-9.2849,-9.0484,8.4366
8.0508,-8.0437,-8.3348
8.0041,-8.5557,-2.6188
8.0508,-8.0437,3.5009
8.0041,-8.5557,9.2169
2.4933,-8.6083,-8.7157
-3.2244,-3.001,-9.0717
8.4421,-2.5307,-9.1967
3.0505,2.9444,-8.8967
-2.9946,-8.4337,-9.4177
2.5626,-3.404,-8.6287
2.4933,-8.6083,3.12
-3.2244,-3.001,2.764
8.4421,-2.5307,2.639
3.0505,2.9444,2.939
2.5208,-8.6034,-2.714
-3.701,-2.6757,-2.639
2.2472,2.4141,-3.162
-2.9946,-8.4337,2.418
-9.1676,-3.3185,-8.589
2.5626,-3.404,3.207
-3.4464,3.4535,-8.571
-3.5171,-8.481,-2.763
-9.0411,-3.3729,-3.12
1.9856,-2.3476,-3.054
-3.4931,2.9416,-2.855
2.5208,-8.6034,9.1217
-3.701,-2.6757,9.1967
2.2472,2.4141,8.6737
-9.1676,-3.3185,3.2467
-3.4464,3.4535,3.2647
-3.5171,-8.481,9.0727
-9.0411,-3.3729,8.7157
1.9856,-2.3476,8.7817
-3.4931,2.9416,8.9807
-9.004,2.8889,-8.9519
-3.0551,8.9665,-9.4329
-8.9347,8.0932,-8.8649
-9.004,2.8889,2.8838
-3.0551,8.9665,2.4028
-8.9764,2.8939,-2.9502
-8.9347,8.0932,2.9708
-9.5117,9.1496,-3.2902
-8.9764,2.8939,8.8854
-9.5117,9.1496,8.5454
8.3077,8.4615,-8.8346
8.5375,3.0288,-9.1806
8.3077,8.4615,3.0011
7.8311,8.7868,-2.4019
8.3161,-2.3883,-2.6099
8.5375,3.0288,2.6551
2.3644,8.144,-8.3519
8.0149,2.9814,-2.5259
2.491,8.0896,-2.8829
7.8311,8.7868,9.4337
8.3161,-2.3883,9.2257
2.3644,8.144,3.4837
8.0149,2.9814,9.3097
2.491,8.0896,8.9527
-3.1811,9.1089,-2.8462
-3.1811,9.1089,8.9895
9.2373,-9.267,-8.5274
3.4786,-8.6334,-7.8548
9.2373,-9.267,3.3082
9.2783,-8.7056,-1.8698
3.4786,-8.6334,3.9809
9.2783,-8.7056,9.9659
3.218,-2.1051,-9.0017
-2.2599,2.2302,-8.7637
-7.4197,-8.8325,-8.391
-2.2239,-2.7556,-8.459
-8.0186,2.8638,-8.091
-8.5312,-8.0886,-2.341
-2.3928,-3.3573,-2.845
3.1091,-7.2344,-2.695
-3.1926,-9.6725,-8.557
-7.8948,-2.5237,-8.61
3.218,-2.1051,2.834
-2.2599,2.2302,3.072
-2.1043,-8.8586,-3.065
-7.8199,-3.2732,-2.271
2.8496,-2.7181,-1.903
-2.2189,2.7917,-2.106
-7.4197,-8.8325,3.4447
-2.2239,-2.7556,3.3767
-8.0186,2.8638,3.7447
-8.5312,-8.0886,9.4947
-2.3928,-3.3573,8.9907
3.1091,-7.2344,9.1407
-3.1926,-9.6725,3.2787
-7.8948,-2.5237,3.2257
-2.1043,-8.8586,8.7707
-7.8199,-3.2732,9.5647
2.8496,-2.7181,9.9327
-2.2189,2.7917,9.7297
-8.2792,9.3922,-9.2379
-8.3881,4.2628,-2.9312
-8.2792,9.3922,2.5978
-8.6476,8.7791,-2.1392
-8.3881,4.2628,8.9044
-8.6476,8.7791,9.6964
9.0675,-2.5527,-7.5797
9.4896,-3.3072,-2.4387
9.0675,-2.5527,4.256
9.4896,-3.3072,9.397
4.1124,2.63,-8.1539
-2.4298,8.9445,-7.8159
9.3082,8.7069,-8.2219
3.0008,3.3739,-2.1039
-2.0076,8.19,-2.6749
9.1392,8.1051,-2.6079
8.3395,1.79,-8.3199
3.6372,8.9388,-8.3729
9.4277,2.6038,-2.8279
3.7122,8.1893,-2.0339
4.1124,2.63,3.6817
-2.4298,8.9445,4.0197
9.3082,8.7069,3.6137
3.0008,3.3739,9.7317
-2.0076,8.19,9.1607
9.1392,8.1051,9.2277
8.3395,1.79,3.5157
3.6372,8.9388,3.4627
9.4277,2.6038,9.0077
3.7122,8.1893,9.8017
-11.666,-11.841,-9.2047
-5.7147,-11.491,-8.9697
-11.611,-8.7917,-11.398
-8.7609,-11.668,-12.072
-12.124,-11.207,-3.0631
-11.666,-11.841,2.6309
-6.4699,-11.469,-3.1221
-11.387,-6.2886,-2.7051
-5.7147,-11.491,2.8659
-12.245,-5.23,-8.6301
-11.919,-8.5867,-6.6061
-11.611,-8.7917,0.43794
-8.645,-11.803,-6.5491
-8.7609,-11.668,-0.23606
-12.124,-11.207,8.7726
-6.4699,-11.469,8.7136
-11.387,-6.2886,9.1306
-12.245,-5.23,3.2056
-11.919,-8.5867,5.2296
-11.611,-8.7917,12.274
-8.645,-11.803,5.2866
-8.7609,-11.668,11.6
11.363,-11.876,-8.7314
5.7612,-11.162,-8.5974
5.1552,-8.6638,-11.569
11.419,-8.8265,-10.924
8.5069,-11.358,-11.559
2.8359,-12.146,-11.544
8.3683,-5.9684,-11.723
10.905,-11.242,-2.5898
11.363,-11.876,3.1042
5.0887,-11.984,-2.5538
11.642,-6.3233,-2.2318
5.7612,-11.162,3.2382
10.784,-5.2648,-8.1568
5.3397,-8.7239,-5.1198
5.1552,-8.6638,0.26624
11.11,-8.6214,-6.1328
11.419,-8.8265,0.91124
8.5578,-11.481,-5.9868
8.5069,-11.358,0.27624
2.8627,-11.651,-5.5938
8.6688,-5.6466,-4.6488
2.8359,-12.146,0.29124
8.3683,-5.9684,0.11224
10.905,-11.242,9.2459
5.0887,-11.984,9.2819
11.642,-6.3233,9.6039
10.784,-5.2648,3.6789
5.3397,-8.7239,6.7159
5.1552,-8.6638,12.102
11.11,-8.6214,5.7029
11.419,-8.8265,12.747
8.5578,-11.481,5.8489
8.5069,-11.358,12.112
2.8627,-11.651,6.2419
8.6688,-5.6466,7.1869
2.8359,-12.146,12.127
8.3683,-5.9684,11.948
-5.7558,-5.9708,-8.9997
5.4525,-5.8343,-8.6257
-0.13435,-0.37901,-8.9677
-0.18243,-5.4659,-8.8087
-5.7361,0.33517,-8.8337
5.8174,-0.028991,-8.7327
-6.2331,-8.7349,-11.953
-12.144,-2.9189,-11.83
0.021213,-2.9472,-12.059
-6.342,2.8334,-11.806
-0.12092,-8.8197,-11.767
-5.7622,-2.9592,-11.524
5.9588,-2.9225,-11.096
-0.078489,2.6707,-11.161
-2.897,-11.114,-11.428
-8.6868,-5.8499,-11.679
2.7174,-5.427,-11.893
-2.9904,0.1393,-11.796
-2.8475,-5.2474,-12.029
-8.6614,-0.64842,-11.781
2.7712,-0.20577,-11.835
-3.1289,5.5289,-11.96
-0.71559,-11.502,-2.726
-6.3187,-5.8845,-3.065
5.5388,-4.8727,-2.788
-0.59185,0.25527,-2.826
-0.47588,-11.44,-8.575
-5.7558,-5.9708,2.836
5.4525,-5.8343,3.21
-0.13435,-0.37901,2.868
-0.26304,-6.0373,-3.073
-6.4085,-0.4872,-2.79
5.0622,-0.006364,-2.885
0.14496,5.1739,-2.468
-0.18243,-5.4659,3.027
-5.7361,0.33517,3.002
5.8174,-0.028991,3.103
-0.71276,6.2324,-8.393
-5.7509,-8.9682,-5.649
-11.614,-2.8921,-5.25
-0.6074,-2.8008,-5.608
-6.1575,2.7733,-5.356
-6.2331,-8.7349,-0.117
-12.144,-2.9189,0.006
0.021213,-2.9472,-0.223
-6.342,2.8334,0.03
0.069296,-8.5701,-5.598
-6.5754,-3.2237,-5.719
6.5238,-3.0462,-6.126
-0.38679,2.8758,-6.369
-0.12092,-8.8197,0.069
-5.7622,-2.9592,0.312
5.9588,-2.9225,0.74
-0.078489,2.6707,0.675
-2.7697,-11.326,-5.658
-8.819,-6.1419,-5.847
2.8171,-5.7997,-5.435
-2.9394,0.016263,-6.223
-2.897,-11.114,0.408
-8.6868,-5.8499,0.157
2.7174,-5.427,-0.057
-2.9904,0.1393,0.04
-3.1579,-5.589,-5.668
-8.6345,-0.15344,-5.83
2.8871,-0.34012,-6.312
-2.8284,5.8506,-4.885
-2.8475,-5.2474,-0.193
-8.6614,-0.64842,0.055
2.7712,-0.20577,0.001
-3.1289,5.5289,-0.124
-0.71559,-11.502,9.1097
-6.3187,-5.8845,8.7707
5.5388,-4.8727,9.0477
-0.59185,0.25527,9.0097
-0.47588,-11.44,3.2607
-0.26304,-6.0373,8.7627
-6.4085,-0.4872,9.0457
5.0622,-0.006364,8.9507
0.14496,5.1739,9.3677
-0.71276,6.2324,3.4427
-5.7509,-8.9682,6.1867
-11.614,-2.8921,6.5857
-0.6074,-2.8008,6.2277
-6.1575,2.7733,6.4797
-6.2331,-8.7349,11.719
-12.144,-2.9189,11.842
0.021213,-2.9472,11.613
-6.342,2.8334,11.866
0.069296,-8.5701,6.2377
-6.5754,-3.2237,6.1167
6.5238,-3.0462,5.7097
-0.38679,2.8758,5.4667
-0.12092,-8.8197,11.905
-5.7622,-2.9592,12.148
5.9588,-2.9225,12.576
-0.078489,2.6707,12.511
-2.7697,-11.326,6.1777
-8.819,-6.1419,5.9887
2.8171,-5.7997,6.4007
-2.9394,0.016263,5.6127
-2.897,-11.114,12.244
-8.6868,-5.8499,11.993
2.7174,-5.427,11.779
-2.9904,0.1393,11.876
-3.1579,-5.589,6.1677
-8.6345,-0.15344,6.0057
2.8871,-0.34012,5.5237
-2.8284,5.8506,6.9507
-2.8475,-5.2474,11.643
-8.6614,-0.64842,11.891
2.7712,-0.20577,11.837
-3.1289,5.5289,11.712
-6.0447,5.6629,-8.8619
-11.632,11.118,-9.2039
-11.68,6.0313,-9.0449
-5.6799,11.468,-8.9689
-11.476,8.55,-12.295
-11.618,2.6775,-12.003
-5.5384,8.5747,-11.332
-8.7798,6.0702,-12.129
-8.7261,11.291,-12.071
-12.213,-0.0045785,-2.9622
-5.9585,6.6245,-3.0242
-12.089,11.752,-3.0622
-11.973,0.05694,-8.8112
-6.0447,5.6629,2.9738
-11.632,11.118,2.6318
-11.76,5.4599,-3.3092
-6.435,11.491,-3.1212
-11.68,6.0313,2.7908
-5.6799,11.468,2.8668
-12.105,8.6964,-5.8442
-11.476,8.55,-0.45924
-11.428,2.9271,-5.8342
-4.9735,8.451,-6.3622
-11.618,2.6775,-0.16724
-5.5384,8.5747,0.50376
-8.6801,5.6975,-5.6712
-8.7798,6.0702,-0.29324
-8.6101,11.157,-6.5482
-8.7261,11.291,-0.23524
-12.213,-0.0045785,8.8734
-5.9585,6.6245,8.8114
-12.089,11.752,8.7734
-11.973,0.05694,3.0244
-11.76,5.4599,8.5264
-6.435,11.491,8.7144
-12.105,8.6964,5.9914
-11.476,8.55,11.376
-11.428,2.9271,6.0014
-4.9735,8.451,5.4734
-11.618,2.6775,11.668
-5.5384,8.5747,12.339
-8.6801,5.6975,6.1644
-8.7798,6.0702,11.542
-8.6101,11.157,5.2874
-8.7261,11.291,11.6
10.885,-2.9537,-11.356
11.416,-2.9268,-4.7767
10.885,-2.9537,0.4793
11.416,-2.9268,7.059
10.885,-2.9537,12.315
5.7762,5.4917,-8.7626
11.398,11.083,-8.7306
11.35,5.9965,-8.5716
5.796,11.798,-8.5966
5.2989,2.7276,-11.716
-0.61178,8.5435,-11.593
11.553,8.5153,-11.822
11.411,2.6427,-11.53
5.7699,8.5032,-11.287
8.6351,0.34888,-11.191
2.8453,5.6126,-11.442
8.5417,11.602,-11.559
8.6845,6.215,-11.792
2.8707,10.814,-11.544
10.816,-0.039321,-2.4889
5.2134,5.5779,-2.8279
10.94,11.718,-2.5889
11.056,0.022197,-8.3379
5.7762,5.4917,3.0731
11.398,11.083,3.1051
11.269,5.4252,-2.8359
5.1236,10.975,-2.5529
11.35,5.9965,3.2641
5.796,11.798,3.2391
5.7812,2.4942,-5.4119
-0.081453,8.5704,-5.0129
10.925,8.6616,-5.3709
5.2989,2.7276,0.12006
-0.61178,8.5435,0.24306
11.553,8.5153,0.014058
11.601,2.8923,-5.3609
4.9567,8.2388,-5.4819
11.411,2.6427,0.30606
5.7699,8.5032,0.54906
8.7623,0.13675,-5.4209
2.713,5.3205,-5.6099
8.5926,11.479,-5.9859
8.6351,0.34888,0.64506
2.8453,5.6126,0.39406
8.5417,11.602,0.27706
8.3741,5.8735,-5.4309
2.8976,11.309,-5.5929
8.6845,6.215,0.044058
2.8707,10.814,0.29206
10.816,-0.039321,9.3467
5.2134,5.5779,9.0077
10.94,11.718,9.2467
11.056,0.022197,3.4977
11.269,5.4252,8.9997
5.1236,10.975,9.2827
5.7812,2.4942,6.4237
-0.081453,8.5704,6.8227
10.925,8.6616,6.4647
5.2989,2.7276,11.956
-0.61178,8.5435,12.079
11.553,8.5153,11.85
11.601,2.8923,6.4747
4.9567,8.2388,6.3537
11.411,2.6427,12.142
5.7699,8.5032,12.385
8.7623,0.13675,6.4147
2.713,5.3205,6.2257
8.5926,11.479,5.8497
8.6351,0.34888,12.481
2.8453,5.6126,12.23
8.5417,11.602,12.113
8.3741,5.8735,6.4047
2.8976,11.309,6.2427
8.6845,6.215,11.88
2.8707,10.814,12.128
-2.8622,11.846,-11.427
-0.68074,11.458,-2.7252
-0.44103,11.519,-8.5742
-2.7349,11.634,-5.6572
-2.8622,11.846,0.40882
-0.68074,11.458,9.1105
-0.44103,11.519,3.2615
-2.7349,11.634,6.1785
-2.8622,11.846,12.244
0,0,0
-0.24466,5.6102,0.327
-5.7537,0.169,0.059
-0.19021,-5.7396,0.403
-0.018385,0.024042,-5.831
-0.018385,0.024042,6.0047
6.0435,-0.088818,0.34006
5.6724,-5.5494,0.373
5.6717,-0.21001,-5.591
-0.13647,5.6873,-5.626
-5.9715,-0.15627,-5.399
5.7083,5.6996,0.40606
-0.28496,-5.6759,-5.782
-5.8237,-5.7629,0.169
-0.28496,-5.6759,6.0537
-5.8248,5.9478,0.13676
-0.13647,5.6873,6.2097
5.6717,-0.21001,6.2447
-5.9715,-0.15627,6.4367
5.4934,5.5977,-5.5959
-5.5331,5.7566,-5.58
5.9641,-5.7407,-5.3438
5.4934,5.5977,6.2397
-5.5331,5.7566,6.2557
-6.0387,-5.8647,-5.833
-6.0387,-5.8647,6.0027
5.9641,-5.7407,6.4919
-11.315,-0.11455,0.106
0.21695,11.348,0.34306
0.1821,-11.612,0.34224
11.714,-0.14929,0.5793
0,0,11.836
0,0,-11.836
11.451,0.088666,-5.3179
-5.4537,11.408,0.10382
-0.081317,-11.374,-5.555
5.7435,-11.328,0.29524
11.253,-5.887,0.56324
11.342,5.7229,0.64006
-5.4886,-11.551,0.103
-0.19021,-5.7396,-11.433
-0.24466,5.6102,-11.509
-0.046469,11.586,-5.5542
-11.579,0.12341,-5.7912
6.0435,-0.088818,-11.496
5.7783,11.631,0.29606
-0.081317,-11.374,6.2807
-11.687,5.7576,0.16676
-11.579,0.12341,6.0444
-5.7537,0.169,-11.777
-11.777,-5.8523,0.089942
11.451,0.088666,6.5177
-0.046469,11.586,6.2815
-5.7537,0.169,11.895
-0.24466,5.6102,12.163
-0.19021,-5.7396,12.239
6.0435,-0.088818,12.176
5.5606,11.306,-5.1619
11.247,5.7865,-5.5449
11.361,-5.81,-5.3898
5.5257,-11.653,-5.1628
5.6724,-5.5494,-11.463
-5.8255,11.287,-5.8272
5.7083,5.6996,-11.43
-5.8255,11.287,6.0084
11.247,5.7865,6.2907
-5.8237,-5.7629,-11.667
5.5606,11.306,6.6737
-11.669,-5.7752,-5.8631
11.361,-5.81,6.4459
-5.8604,-11.672,-5.8281
-11.669,-5.7752,5.9726
-5.8248,5.9478,-11.699
-11.782,5.8213,5.8174
-5.8604,-11.672,6.0076
-11.782,5.8213,-6.0182
5.5257,-11.653,6.6729
-5.8237,-5.7629,12.005
5.6724,-5.5494,12.209
-5.8248,5.9478,11.972
5.7083,5.6996,12.242
0.21695,11.348,-11.493
11.714,-0.14929,-11.256
11.497,-11.497,0.23624
-11.497,11.497,-0.23624
-11.532,-11.462,-0.23706
11.532,11.462,0.23706
-11.315,-0.11455,-11.73
0.1821,-11.612,-11.493
-11.315,-0.11455,11.942
0.21695,11.348,12.179
0.1821,-11.612,12.178
11.342,5.7229,-11.196
11.253,-5.887,-11.272
11.714,-0.14929,12.415
5.7435,-11.328,-11.54
11.479,-11.473,-5.5948
11.514,11.487,-5.5939
-11.55,-11.438,5.7676
-5.4537,11.408,-11.732
-11.516,11.521,5.7684
-11.55,-11.438,-6.0681
-5.4886,-11.551,-11.733
5.7783,11.631,-11.54
-11.516,11.521,-6.0672
11.479,-11.473,6.2409
-5.4537,11.408,11.939
11.514,11.487,6.2417
-11.687,5.7576,-11.669
-5.4886,-11.551,11.939
5.7435,-11.328,12.131
-11.777,-5.8523,-11.746
-11.687,5.7576,12.002
11.253,-5.887,12.399
-11.777,-5.8523,11.926
5.7783,11.631,12.132
11.342,5.7229,12.476
-11.532,-11.462,11.599
11.532,11.462,-11.599
11.497,-11.497,-11.599
-11.497,11.497,11.599
11.497,-11.497,12.072
-11.497,11.497,-12.072
-11.532,-11.462,-12.073
11.532,11.462,12.073
