-8.4887,-9.0937,-9.5167
-9.1442,-8.6376,-3.0211
-8.4887,-9.0937,2.3189
-9.1442,-8.6376,8.8146
8.5479,-8.5818,-9.4384
8.6865,-8.1887,-2.7928
8.5479,-8.5818,2.3972
8.6865,-8.1887,9.0429
3.276,-8.5553,-3.6677
-2.9359,-2.6573,-3.8917
8.72,-2.9642,-3.5467
2.7485,-8.7207,-9.5177
-3.095,-2.4473,-8.9417
3.0434,2.3688,-9.2797
-2.9727,-8.0695,-3.7207
2.8305,-3.2492,-3.4517
-2.6828,-8.4146,-8.8207
-9.0107,-2.6891,-9.6517
2.6474,-2.3405,-9.5997
-2.9493,2.9154,-9.6747
3.276,-8.5553,8.168
-2.9359,-2.6573,7.944
8.72,-2.9642,8.289
2.3879,2.8249,-2.784
2.7485,-8.7207,2.318
-3.095,-2.4473,2.894
3.0434,2.3688,2.556
-2.9727,-8.0695,8.115
-9.0453,-2.9925,-2.787
2.8305,-3.2492,8.384
-2.8107,3.3086,-3.029
-2.6828,-8.4146,3.015
-9.0107,-2.6891,2.184
2.6474,-2.3405,2.236
-2.9493,2.9154,2.161
2.3879,2.8249,9.0517
-9.0453,-2.9925,9.0487
-2.8107,3.3086,8.8067
-8.2212,2.9419,-3.9039
-2.7772,8.533,-3.7829
-8.7487,2.7765,-9.7539
-8.6667,8.2481,-3.6879
-8.8498,9.1567,-9.8359
-8.2212,2.9419,7.9318
-2.7772,8.533,8.0528
-8.7487,2.7765,2.0818
-8.6667,8.2481,8.1478
-8.8498,9.1567,1.9998
8.5962,8.8052,-3.6546
8.4371,9.0152,-8.7046
8.6216,-2.1126,-9.0716
8.5594,3.393,-3.4836
8.8493,3.0479,-8.5836
2.5214,8.7734,-9.4146
8.5962,8.8052,8.1811
8.4371,9.0152,3.1311
8.6216,-2.1126,2.7641
8.5594,3.393,8.3521
2.4868,8.47,-2.5499
8.8493,3.0479,3.2521
2.5214,8.7734,2.4211
2.4868,8.47,9.2857
-2.8756,9.3847,-9.3078
-2.8756,9.3847,2.5278
9.2847,-8.504,-8.1464
3.6632,-8.545,-2.1478
9.0591,-9.6234,-2.8098
9.2847,-8.504,3.6892
3.6632,-8.545,9.6879
9.0591,-9.6234,9.0259
-7.9896,-8.5369,-4.0487
-7.8786,-7.7739,-9.0267
-1.7579,-3.1325,-8.9827
3.3446,-7.3879,-9.1577
3.8856,-2.2012,-3.6537
-2.4438,-8.9718,-10.196
-7.7068,-2.7839,-8.9247
3.4323,-2.8779,-8.4687
-2.2125,2.9932,-8.3827
-7.9896,-8.5369,7.787
-2.4911,-2.7556,-2.619
-7.834,2.9522,-2.384
-7.8786,-7.7739,2.809
-1.7579,-3.1325,2.853
3.3446,-7.3879,2.678
-2.2599,-8.9986,-3.207
-7.7916,-2.1786,-3.005
3.8856,-2.2012,8.182
-2.4381,1.8738,-3.046
-2.4438,-8.9718,1.64
-7.7068,-2.7839,2.911
3.4323,-2.8779,3.367
-2.2125,2.9932,3.453
-2.4911,-2.7556,9.2167
-7.834,2.9522,9.4517
-2.2599,-8.9986,8.6287
-7.7916,-2.1786,8.8307
-2.4381,1.8738,8.7897
-8.1526,4.1094,-9.3939
-7.6117,9.296,-3.8899
-8.0649,8.6193,-8.7049
-8.1526,4.1094,2.4418
-7.6117,9.296,7.9458
-8.0649,8.6193,3.1308
9.5738,-3.2457,-8.5704
9.1672,-2.5718,-1.8917
9.5738,-3.2457,3.2653
9.1672,-2.5718,9.944
3.5425,2.9256,-3.8116
3.6535,3.6885,-8.7896
-1.9235,8.2515,-8.8066
9.7742,8.33,-8.7456
9.0883,2.4907,-9.9586
3.8253,8.6786,-8.6876
3.5425,2.9256,8.0241
-2.3301,8.9254,-2.1279
9.0409,8.7069,-2.3819
3.6535,3.6885,3.0461
-1.9235,8.2515,3.0291
9.7742,8.33,3.0901
9.2722,2.4638,-2.9699
3.7405,9.2839,-2.7679
9.0883,2.4907,1.8771
3.8253,8.6786,3.1481
-2.3301,8.9254,9.7077
9.0409,8.7069,9.4537
9.2722,2.4638,8.8657
3.7405,9.2839,9.0677
-11.637,-11.326,-9.2797
-11.607,-11.898,-3.5147
-6.1234,-11.989,-9.5157
-10.92,-6.1938,-9.3807
-11.59,-8.7246,-12.585
-10.703,-8.5817,-6.0847
-8.8401,-11.494,-12.936
-8.2709,-11.634,-6.3897
-11.637,-11.326,2.5559
-11.607,-11.898,8.3209
-6.1234,-11.989,2.3199
-10.92,-6.1938,2.4549
-11.59,-8.7246,-0.74906
-10.703,-8.5817,5.7509
-8.8401,-11.494,-1.1001
-8.2709,-11.634,5.4459
-11.59,-8.7246,11.087
-8.8401,-11.494,10.736
11.392,-11.361,-8.8064
5.7421,-6.1267,-3.2754
11.422,-11.933,-3.0414
6.1833,-11.287,-8.8514
12.109,-6.2286,-8.9074
5.7817,-8.4842,-11.599
5.7916,-8.2056,-7.0884
11.439,-8.7593,-12.111
12.326,-8.6165,-5.6114
8.7225,-11.354,-12.229
8.847,-10.881,-5.8724
3.031,-11.337,-12.322
8.8067,-5.1099,-11.91
3.101,-11.25,-6.4624
8.905,-5.6834,-6.7484
11.392,-11.361,3.0292
5.7421,-6.1267,8.5602
11.422,-11.933,8.7942
6.1833,-11.287,2.9842
12.109,-6.2286,2.9282
5.8595,-10.644,-2.8528
5.7817,-8.4842,0.23624
5.7916,-8.2056,4.7472
11.439,-8.7593,-0.27576
12.326,-8.6165,6.2242
8.7225,-11.354,-0.39376
8.847,-10.881,5.9632
3.031,-11.337,-0.48676
8.8067,-5.1099,-0.074762
3.101,-11.25,5.3732
8.905,-5.6834,5.0872
5.8595,-10.644,8.9829
5.7817,-8.4842,12.072
11.439,-8.7593,11.56
8.7225,-11.354,11.442
3.031,-11.337,11.349
8.8067,-5.1099,11.761
-0.30618,-11.017,-9.7547
-5.8994,-5.2786,-9.4177
5.8372,-4.5219,-9.4947
-0.10536,0.13647,-9.0427
-0.065761,-11.725,-3.5097
-5.9206,-6.0182,-3.5587
-5.7551,5.3705,-3.5117
-0.074953,-0.43558,-3.2777
0.36487,-5.7276,-8.8017
-5.3139,0.21001,-9.0877
5.4087,-0.52679,-9.2787
0.61165,5.2687,-9.1437
-5.5685,-10.539,-3.4577
-11.195,-5.3033,-3.3117
-5.8046,-8.4181,-11.518
-11.36,-3.0851,-11.693
-0.15556,-2.9204,-11.955
-5.7155,3.013,-11.836
-5.9001,-8.1996,-6.6417
-11.674,-2.8984,-6.4787
0.67246,-2.8758,-6.2637
-5.7056,3.2916,-7.3247
0.076368,-8.6111,-12.61
-5.4603,-2.6799,-12.705
5.5289,-2.5802,-12.876
-0.057983,2.7379,-12.348
-0.094752,-8.5334,-6.0667
-5.6003,-2.3462,-5.8857
5.9956,-2.5986,-5.9117
0.82873,2.8808,-5.8477
-3.0547,-11.459,-12.432
-8.3608,-5.8789,-12.049
2.9967,-5.8379,-12.266
-2.7747,0.14284,-12.466
-2.5145,-11.319,-6.4847
-8.5701,-5.2326,-6.2027
3.2209,-5.683,-6.1567
-2.6502,0.6166,-6.1087
-2.7075,-5.659,-11.26
-8.4662,0.16051,-12.559
2.692,-0.03182,-12.699
-2.6905,6.3873,-12.147
-2.559,-5.246,-6.4277
-8.3962,0.24749,-6.6987
3.2612,-0.17112,-6.1527
-2.5923,5.8138,-6.9847
-0.30618,-11.017,2.081
-5.8994,-5.2786,2.418
5.8372,-4.5219,2.341
-0.10536,0.13647,2.793
-0.065761,-11.725,8.326
-5.9206,-6.0182,8.277
-5.7551,5.3705,8.324
-0.074953,-0.43558,8.558
0.36487,-5.7276,3.034
-5.3139,0.21001,2.748
5.4087,-0.52679,2.557
0.61165,5.2687,2.692
-0.58053,-5.2998,-2.924
-5.6378,0.85348,-3.089
-5.5685,-10.539,8.378
-11.195,-5.3033,8.524
-5.8046,-8.4181,0.318
-11.36,-3.0851,0.143
-0.15556,-2.9204,-0.119
-5.7155,3.013,0
-5.9001,-8.1996,5.194
-11.674,-2.8984,5.357
0.67246,-2.8758,5.572
-5.7056,3.2916,4.511
0.076368,-8.6111,-0.774
-5.4603,-2.6799,-0.869
5.5289,-2.5802,-1.04
-0.057983,2.7379,-0.512
-0.094752,-8.5334,5.769
-5.6003,-2.3462,5.95
5.9956,-2.5986,5.924
0.82873,2.8808,5.988
-3.0547,-11.459,-0.596
-8.3608,-5.8789,-0.213
2.9967,-5.8379,-0.43
-2.7747,0.14284,-0.63
-2.5145,-11.319,5.351
-8.5701,-5.2326,5.633
3.2209,-5.683,5.679
-2.6502,0.6166,5.727
-2.7075,-5.659,0.576
-8.4662,0.16051,-0.723
2.692,-0.03182,-0.863
-2.6905,6.3873,-0.311
-2.559,-5.246,5.408
-8.3962,0.24749,5.137
3.2612,-0.17112,5.683
-2.5923,5.8138,4.851
-0.58053,-5.2998,8.9117
-5.6378,0.85348,8.7467
-5.8046,-8.4181,12.154
-11.36,-3.0851,11.979
-0.15556,-2.9204,11.717
-5.7155,3.013,11.836
0.076368,-8.6111,11.062
-5.4603,-2.6799,10.967
5.5289,-2.5802,10.796
-0.057983,2.7379,11.324
-3.0547,-11.459,11.24
-8.3608,-5.8789,11.623
2.9967,-5.8379,11.406
-2.7747,0.14284,11.206
-2.7075,-5.659,12.412
-8.4662,0.16051,11.113
2.692,-0.03182,10.973
-2.6905,6.3873,11.525
-11.803,0.47979,-9.9909
-5.6601,6.9753,-9.7309
-11.603,11.634,-9.2789
-11.563,-0.22732,-3.7459
-11.572,11.062,-3.5139
-11.132,5.7697,-9.0379
-6.0886,10.97,-9.5149
-11.653,8.5769,-12.191
-10.825,8.6214,-6.4999
-11.421,2.8861,-12.846
-5.9684,8.917,-13.112
-11.592,2.9639,-6.3029
-5.5017,8.8986,-6.1479
-8.5005,5.6593,-12.502
-8.2763,5.8142,-6.3929
-8.8053,11.465,-12.935
-8.236,11.326,-6.3889
-11.803,0.47979,1.8448
-5.6601,6.9753,2.1048
-11.603,11.634,2.5568
-11.563,-0.22732,8.0898
-11.572,11.062,8.3218
-11.132,5.7697,2.7978
-6.0886,10.97,2.3208
-12.078,6.1975,-3.1602
-11.653,8.5769,-0.35524
-10.825,8.6214,5.3358
-11.421,2.8861,-1.0102
-5.9684,8.917,-1.2762
-11.592,2.9639,5.5328
-5.5017,8.8986,5.6878
-8.5005,5.6593,-0.66624
-8.2763,5.8142,5.4428
-8.8053,11.465,-1.0992
-8.236,11.326,5.4468
-12.078,6.1975,8.6754
-11.653,8.5769,11.48
-11.421,2.8861,10.825
-5.9684,8.917,10.559
-8.5005,5.6593,11.169
-8.8053,11.465,10.736
11.834,-5.338,-2.8384
11.67,-3.1198,-11.219
11.356,-2.9332,-6.0054
11.834,-5.338,8.9973
11.67,-3.1198,0.6163
11.356,-2.9332,5.8303
11.67,-3.1198,12.452
11.226,0.44505,-9.5176
5.6327,6.1839,-9.1806
11.427,11.599,-8.8056
11.466,-0.26206,-3.2726
5.6115,5.4443,-3.3216
11.457,11.027,-3.0406
11.897,5.7349,-8.5646
6.2182,11.672,-8.8506
5.9636,0.92305,-3.2206
0.33715,6.1592,-3.0746
5.7274,3.0444,-11.281
0.1724,8.3774,-11.456
11.377,8.5421,-11.718
5.632,3.2629,-6.4046
-0.14156,8.564,-6.2416
12.205,8.5867,-6.0266
11.608,2.8513,-12.373
6.0718,8.7825,-12.468
11.437,2.9291,-5.8296
5.9318,9.1163,-5.6486
8.4774,0.0031056,-12.195
3.1712,5.5836,-11.812
8.7574,11.605,-12.229
9.0176,0.14311,-6.2476
2.9619,6.2299,-5.9656
8.8818,12.079,-5.8716
8.8246,5.8035,-11.023
3.0659,11.623,-12.322
8.973,6.2165,-6.1906
3.1359,11.71,-6.4616
11.226,0.44505,2.3181
5.6327,6.1839,2.6551
11.427,11.599,3.0301
11.466,-0.26206,8.5631
5.6115,5.4443,8.5141
11.457,11.027,8.7951
11.897,5.7349,3.2711
6.2182,11.672,2.9851
10.952,6.1627,-2.6869
5.8943,12.316,-2.8519
5.9636,0.92305,8.6151
0.33715,6.1592,8.7611
5.7274,3.0444,0.55506
0.1724,8.3774,0.38006
11.377,8.5421,0.11806
5.632,3.2629,5.4311
-0.14156,8.564,5.5941
12.205,8.5867,5.8091
11.608,2.8513,-0.53694
6.0718,8.7825,-0.63194
11.437,2.9291,6.0061
5.9318,9.1163,6.1871
8.4774,0.0031056,-0.35894
3.1712,5.5836,0.024058
8.7574,11.605,-0.39294
9.0176,0.14311,5.5881
2.9619,6.2299,5.8701
8.8818,12.079,5.9641
8.8246,5.8035,0.81306
3.0659,11.623,-0.48594
8.973,6.2165,5.6451
3.1359,11.71,5.3741
10.952,6.1627,9.1487
5.8943,12.316,8.9837
5.7274,3.0444,12.391
0.1724,8.3774,12.216
11.377,8.5421,11.954
11.608,2.8513,11.299
6.0718,8.7825,11.204
8.4774,0.0031056,11.477
3.1712,5.5836,11.86
8.7574,11.605,11.443
8.8246,5.8035,12.649
3.0659,11.623,11.35
-0.27133,11.942,-9.7538
-0.030913,11.235,-3.5088
-5.5336,12.42,-3.4568
-3.0199,11.5,-12.431
-2.4796,11.64,-6.4838
-0.27133,11.942,2.0818
-0.030913,11.235,8.3268
-5.5336,12.42,8.3788
-3.0199,11.5,-0.59518
-2.4796,11.64,5.3518
-3.0199,11.5,11.24
0,0,0
5.4935,0.1987,-0.387
-5.6229,0.15698,-0.426
0.077075,-5.659,-0.296
0.25173,5.6795,-0.19
0.091924,0.032527,5.783
0.091924,0.032527,-6.0527
5.9623,-5.1251,-0.378
-5.7191,0.61235,5.458
0.35285,-5.6491,5.706
-5.7247,-5.6498,-0.348
5.9842,0.29345,5.585
5.8073,5.8127,-0.11094
0.25739,5.8379,5.802
0.35285,-5.6491,-6.1297
0.25739,5.8379,-6.0337
-5.5349,6.3721,-0.61424
-5.7191,0.61235,-6.3777
5.9842,0.29345,-6.2507
-5.3903,-5.4285,5.72
-5.3419,6.0405,5.3698
-5.3903,-5.4285,-6.1157
6.1554,-5.4567,5.606
6.1554,-5.4567,-6.2297
-5.3419,6.0405,-6.4659
6.1418,6.034,-5.8786
6.1418,6.034,5.9571
-11.36,-0.03677,-0.462
0.17169,11.426,-0.22494
0.13684,-11.534,-0.22576
11.669,-0.071512,0.011296
0,0,-11.836
0,0,11.836
-11.261,0.057647,5.3538
-11.28,-5.783,-0.42706
5.4935,0.1987,11.449
-5.6229,0.15698,11.41
0.23617,-11.44,5.59
5.8743,-11.34,-0.18976
-6.0386,-11.264,-0.62406
0.27102,11.52,5.5908
-11.42,5.8382,-0.53224
0.077075,-5.659,11.54
0.25173,5.6795,11.646
11.609,5.8035,-0.058942
-11.261,0.057647,-6.4819
0.23617,-11.44,-6.2457
5.9092,11.619,-0.18894
0.27102,11.52,-6.2448
11.749,-5.8177,0.046238
11.768,0.022905,5.8271
-6.0037,11.696,-0.62324
11.768,0.022905,-6.0086
0.25173,5.6795,-12.026
0.077075,-5.659,-12.132
5.4935,0.1987,-12.223
-5.6229,0.15698,-12.262
-5.5478,-11.169,5.3479
5.7781,-10.885,5.6942
-11.144,5.8481,5.4698
5.7781,-10.885,-6.1414
-11.275,-5.6246,5.5649
5.9623,-5.1251,11.458
-5.7247,-5.6498,11.488
-5.5349,6.3721,11.221
-5.5478,-11.169,-6.4877
-5.513,11.791,5.3488
-11.275,-5.6246,-6.2707
-11.144,5.8481,-6.3659
11.755,-5.6593,-5.7974
5.8073,5.8127,11.725
11.755,-5.6593,6.0382
11.885,5.8134,-5.8926
5.8073,5.8127,-11.947
11.885,5.8134,5.9431
5.9623,-5.1251,-12.214
-5.513,11.791,-6.4869
5.813,12.075,5.6951
-5.7247,-5.6498,-12.184
5.813,12.075,-6.1406
-5.5349,6.3721,-12.45
-11.36,-0.03677,11.374
11.497,-11.497,0.23624
-11.497,11.497,-0.23624
-11.532,-11.462,-0.23706
11.532,11.462,0.23706
0.17169,11.426,11.611
0.13684,-11.534,11.61
11.669,-0.071512,-11.824
0.17169,11.426,-12.061
11.669,-0.071512,11.847
0.13684,-11.534,-12.061
-11.36,-0.03677,-12.298
-6.0386,-11.264,11.212
-11.28,-5.783,11.409
-11.42,5.8382,11.303
-11.44,-11.43,5.5459
-11.405,11.53,5.5468
-6.0037,11.696,11.212
5.8743,-11.34,11.646
11.589,-11.465,-5.8164
11.624,11.495,-5.8156
-11.44,-11.43,-6.2897
11.589,-11.465,6.0192
-11.405,11.53,-6.2889
11.624,11.495,6.0201
5.9092,11.619,11.647
11.609,5.8035,11.777
5.8743,-11.34,-12.025
11.609,5.8035,-11.895
11.749,-5.8177,-11.789
-11.28,-5.783,-12.263
11.749,-5.8177,11.882
5.9092,11.619,-12.025
-11.42,5.8382,-12.368
-6.0386,-11.264,-12.46
-6.0037,11.696,-12.459
-11.532,-11.462,11.599
11.532,11.462,-11.599
11.497,-11.497,-11.599
-11.497,11.497,11.599
11.497,-11.497,12.072
-11.497,11.497,-12.072
-11.532,-11.462,-12.073
11.532,11.462,12.073
