-9.0579,-8.6475,-9.8797
-9.0579,-8.6475,1.9559
-9.0119,-8.6482,-3.2451
-9.0119,-8.6482,8.5906
8.3294,-8.4666,-8.7884
8.3294,-8.4666,3.0472
8.1484,-8.6122,-2.7868
8.1484,-8.6122,9.0489
2.5682,-8.2859,-9.4077
-3.3581,-2.6736,-9.4647
8.2576,-2.6912,-9.6597
2.4742,2.815,-9.6427
-3.3001,-8.5044,-9.2657
-8.807,-2.856,-9.3837
2.518,-2.6976,-9.2327
-3.1678,3.0307,-9.0247
2.5682,-8.2859,2.428
-3.3581,-2.6736,2.371
8.2576,-2.6912,2.176
2.4742,2.815,2.193
2.6156,-8.4082,-3.206
-3.31,-2.6283,-3.35
8.2526,-2.6736,-3.108
2.5201,2.8143,-3.008
-3.3001,-8.5044,2.57
-8.807,-2.856,2.452
2.518,-2.6976,2.603
-3.1678,3.0307,2.811
-3.5214,-8.5928,-3.025
-9.2426,-2.7188,-3.184
2.2719,-3.0823,-3.136
-3.3489,2.885,-3.023
2.6156,-8.4082,8.6297
-3.31,-2.6283,8.4857
8.2526,-2.6736,8.7277
2.5201,2.8143,8.8277
-3.5214,-8.5928,8.8107
-9.2426,-2.7188,8.6517
2.2719,-3.0823,8.6997
-3.3489,2.885,8.8127
-8.929,3.2113,-9.6439
-3.2396,8.806,-9.8959
-8.9792,8.7996,-9.4689
-8.929,3.2113,2.1918
-3.2396,8.806,1.9398
-8.8816,3.089,-3.4422
-3.2446,8.8236,-3.3442
-8.9792,8.7996,2.3668
-9.2253,8.4149,-3.3722
-8.8816,3.089,8.3934
-3.2446,8.8236,8.4914
-9.2253,8.4149,8.4634
8.174,8.7889,-9.2276
8.232,2.9581,-9.0286
2.7251,8.6065,-9.1466
8.174,8.7889,2.6081
8.2221,8.8342,-3.1129
8.232,2.9581,2.8071
2.7251,8.6065,2.6891
8.0107,2.8697,-2.7879
2.2895,8.7437,-2.9469
8.2221,8.8342,8.7227
8.0107,2.8697,9.0477
2.2895,8.7437,8.8887
3.4723,-8.2679,-8.3918
3.9969,-8.4489,-2.5038
9.354,-8.5733,-8.1798
9.6319,-8.5458,-2.6138
3.4723,-8.2679,3.4439
3.9969,-8.4489,9.3319
9.354,-8.5733,3.6559
9.6319,-8.5458,9.2219
-8.247,-8.643,-8.644
-2.4515,-2.7683,-8.642
-8.025,3.2294,-8.628
-7.5123,-8.7328,-2.748
-1.9629,-2.8397,-2.751
-7.5003,3.0483,-2.74
-2.5696,-8.6776,-8.228
-8.213,-2.9097,-8.213
3.2322,-2.6707,-8.166
-2.1432,2.9239,-8.416
-2.045,-8.5715,-2.783
-7.7746,-2.6481,-2.902
3.6239,-2.9013,-2.527
-1.8653,2.9515,-2.85
-8.247,-8.643,3.1917
-2.4515,-2.7683,3.1937
-8.025,3.2294,3.2077
-7.5123,-8.7328,9.0877
-1.9629,-2.8397,9.0847
-7.5003,3.0483,9.0957
-2.5696,-8.6776,3.6077
-8.213,-2.9097,3.6227
3.2322,-2.6707,3.6697
-2.1432,2.9239,3.4197
-2.045,-8.5715,9.0527
-7.7746,-2.6481,8.9337
3.6239,-2.9013,9.3087
-1.8653,2.9515,8.9857
-8.265,8.8265,-8.4022
-7.8733,8.596,-2.7632
-8.265,8.8265,3.4334
-7.8733,8.596,9.0724
8.9748,-2.8618,-8.1347
9.6975,-2.8844,-2.2767
8.9748,-2.8618,3.701
9.6975,-2.8844,9.559
3.2851,2.8195,-8.4069
-2.5224,8.6355,-8.3709
9.0805,8.6942,-8.4049
4.0198,2.7297,-2.5109
-1.7997,8.6128,-2.5129
9.5691,8.6227,-2.5139
8.9624,2.7849,-7.9909
3.319,8.5527,-7.9759
9.4871,2.8909,-2.5459
3.7574,8.8144,-2.6649
3.2851,2.8195,3.4287
-2.5224,8.6355,3.4647
9.0805,8.6942,3.4307
4.0198,2.7297,9.3247
-1.7997,8.6128,9.3227
9.5691,8.6227,9.3217
8.9624,2.7849,3.8447
3.319,8.5527,3.8597
9.4871,2.8909,9.2897
3.7574,8.8144,9.1707
-11.91,-11.432,-9.2477
-6.2288,-11.335,-9.2837
-12.202,-5.5489,-9.4007
-11.832,-8.4361,-12.064
-8.4767,-11.541,-12.513
-11.98,-11.397,-3.4581
-11.91,-11.432,2.5879
-6.0004,-11.559,-3.5391
-11.678,-5.5772,-3.5751
-6.2288,-11.335,2.5519
-12.202,-5.5489,2.4349
-10.867,-8.5188,-6.4691
-11.832,-8.4361,-0.22806
-8.6534,-11.909,-6.0911
-8.4767,-11.541,-0.67706
-11.98,-11.397,8.3776
-6.0004,-11.559,8.2966
-11.678,-5.5772,8.2606
-10.867,-8.5188,5.3666
-11.832,-8.4361,11.608
-8.6534,-11.909,5.7446
-8.4767,-11.541,11.159
11.119,-11.467,-8.7744
5.2641,-11.311,-8.8364
10.828,-5.5837,-8.9274
5.4812,-8.5797,-11.541
11.197,-8.4708,-11.59
8.8053,-11.481,-11.884
3.0409,-11.552,-12.084
8.7487,-5.6516,-12.249
11.05,-11.431,-2.9848
11.119,-11.467,3.0612
5.4486,-11.435,-3.1228
11.351,-5.612,-3.1018
5.2641,-11.311,2.9992
10.828,-5.5837,2.9082
5.4889,-8.5069,-5.6438
5.4812,-8.5797,0.29424
12.163,-8.5535,-5.9958
11.197,-8.4708,0.24524
8.7331,-10.787,-5.7668
8.8053,-11.481,-0.048762
2.8111,-11.712,-5.9428
8.6582,-6.2017,-5.6748
3.0409,-11.552,-0.24876
8.7487,-5.6516,-0.41376
11.05,-11.431,8.8509
5.4486,-11.435,8.7129
11.351,-5.612,8.7339
5.4889,-8.5069,6.1919
5.4812,-8.5797,12.13
12.163,-8.5535,5.8399
11.197,-8.4708,12.081
8.7331,-10.787,6.0689
8.8053,-11.481,11.787
2.8111,-11.712,5.8929
8.6582,-6.2017,6.1609
3.0409,-11.552,11.587
8.7487,-5.6516,11.422
-0.47871,-11.379,-9.0487
-6.4036,-5.811,-9.0277
5.6328,-5.6767,-9.0887
-0.3783,0.030406,-9.0107
-0.60245,-5.5663,-9.1037
-6.2331,0.18597,-9.0727
5.3033,0.12728,-9.0467
-0.66963,5.9135,-9.1637
-6.1214,-8.602,-11.831
-11.751,-2.7726,-11.74
-0.11102,-2.7881,-11.868
-6.0161,2.9175,-11.778
-0.27931,-8.6133,-11.798
-5.9355,-2.8383,-11.906
5.5366,-2.7832,-11.718
-0.29981,3.0264,-11.827
-2.6474,-11.334,-12.293
-8.5143,-5.5925,-12.233
3.0589,-5.5861,-11.993
-2.692,0.016263,-12.121
-2.7365,-5.6781,-12.195
-8.4563,-0.054447,-12.321
3.0554,-0.078489,-12.276
-2.7485,5.8457,-12.486
-0.45821,-11.376,-3.275
-6.1221,-5.8577,-3.251
5.5126,-5.4292,-3.211
-0.4476,0.065761,-3.221
-0.47871,-11.379,2.787
-6.4036,-5.811,2.808
5.6328,-5.6767,2.747
-0.3783,0.030406,2.825
-0.31537,-5.654,-3.244
-6.0486,0.062225,-3.359
5.5317,-0.096874,-3.302
-0.14637,5.8852,-3.338
-0.60245,-5.5663,2.732
-6.2331,0.18597,2.763
5.3033,0.12728,2.789
-0.66963,5.9135,2.672
-6.1349,-8.6253,-6.011
-11.746,-2.8298,-6.174
-0.45821,-2.7931,-5.934
-6.0083,2.9904,-5.88
-6.1214,-8.602,0.005
-11.751,-2.7726,0.096
-0.11102,-2.7881,-0.032
-6.0161,2.9175,0.058
0.33729,-8.5723,-6.177
-5.3379,-2.7895,-6.202
6.4368,-2.7471,-6.484
0.66539,2.9437,-6.232
-0.27931,-8.6133,0.038
-5.9355,-2.8383,-0.07
5.5366,-2.7832,0.118
-0.29981,3.0264,0.009
-2.8942,-10.866,-5.992
-8.6302,-4.8812,-5.809
2.8723,-5.3033,-6.224
-2.7641,0.71064,-6.003
-2.6474,-11.334,-0.457
-8.5143,-5.5925,-0.397
3.0589,-5.5861,-0.157
-2.692,0.016263,-0.285
-2.868,-6.1221,-6.049
-8.6861,-0.21496,-6.179
2.8786,-0.44618,-5.854
-2.839,5.2955,-5.911
-2.7365,-5.6781,-0.359
-8.4563,-0.054447,-0.485
3.0554,-0.078489,-0.44
-2.7485,5.8457,-0.65
-0.45821,-11.376,8.5607
-6.1221,-5.8577,8.5847
5.5126,-5.4292,8.6247
-0.4476,0.065761,8.6147
-0.31537,-5.654,8.5917
-6.0486,0.062225,8.4767
5.5317,-0.096874,8.5337
-0.14637,5.8852,8.4977
-6.1349,-8.6253,5.8247
-11.746,-2.8298,5.6617
-0.45821,-2.7931,5.9017
-6.0083,2.9904,5.9557
-6.1214,-8.602,11.841
-11.751,-2.7726,11.932
-0.11102,-2.7881,11.804
-6.0161,2.9175,11.894
0.33729,-8.5723,5.6587
-5.3379,-2.7895,5.6337
6.4368,-2.7471,5.3517
0.66539,2.9437,5.6037
-0.27931,-8.6133,11.874
-5.9355,-2.8383,11.766
5.5366,-2.7832,11.954
-0.29981,3.0264,11.845
-2.8942,-10.866,5.8437
-8.6302,-4.8812,6.0267
2.8723,-5.3033,5.6117
-2.7641,0.71064,5.8327
-2.6474,-11.334,11.379
-8.5143,-5.5925,11.439
3.0589,-5.5861,11.679
-2.692,0.016263,11.551
-2.868,-6.1221,5.7867
-8.6861,-0.21496,5.6567
2.8786,-0.44618,5.9817
-2.839,5.2955,5.9247
-2.7365,-5.6781,11.477
-8.4563,-0.054447,11.351
3.0554,-0.078489,11.396
-2.7485,5.8457,11.186
-11.976,0.11775,-9.2849
-5.8644,5.8206,-9.3249
-11.876,11.528,-9.2469
-12.1,5.9309,-9.3399
-6.1939,11.624,-9.2829
-11.608,8.7091,-12.104
-11.777,2.884,-12.034
-5.9606,8.714,-11.954
-8.4383,5.9111,-12.229
-8.4418,11.419,-12.512
-11.955,0.12129,-3.5112
-5.9846,6.0681,-3.4472
-11.945,11.563,-3.4572
-11.976,0.11775,2.5508
-5.8644,5.8206,2.5108
-11.876,11.528,2.5888
-11.813,5.8432,-3.4802
-5.9655,11.4,-3.5382
-12.1,5.9309,2.4958
-6.1939,11.624,2.5528
-11.955,8.7041,-6.1702
-11.608,8.7091,-0.26824
-11.16,2.925,-6.4132
-5.0604,8.7501,-6.7202
-11.777,2.884,-0.19824
-5.9606,8.714,-0.11824
-8.625,6.1939,-6.4602
-8.4383,5.9111,-0.39324
-8.6186,11.051,-6.0902
-8.4418,11.419,-0.67624
-11.955,0.12129,8.3244
-5.9846,6.0681,8.3884
-11.945,11.563,8.3784
-11.813,5.8432,8.3554
-5.9655,11.4,8.2974
-11.955,8.7041,5.6654
-11.608,8.7091,11.567
-11.16,2.925,5.4224
-5.0604,8.7501,5.1154
-11.777,2.884,11.637
-5.9606,8.714,11.717
-8.625,6.1939,5.3754
-8.4383,5.9111,11.442
-8.6186,11.051,5.7454
-8.4418,11.419,11.159
11.278,-2.8073,-11.266
11.283,-2.8646,-5.7007
11.278,-2.8073,0.5693
11.283,-2.8646,6.135
11.278,-2.8073,12.405
11.053,0.083009,-8.8116
5.1285,5.6515,-8.7906
11.154,11.493,-8.7736
10.93,5.8961,-8.8666
5.2989,11.648,-8.8356
5.4106,2.8605,-11.594
-0.21934,8.6899,-11.503
11.421,8.6744,-11.631
11.253,2.8492,-11.561
5.5966,8.6242,-11.669
8.8847,0.12897,-12.056
3.0178,5.87,-11.996
8.8401,11.479,-11.884
8.7956,5.7844,-11.958
3.0758,11.408,-12.084
11.074,0.086544,-3.0379
5.4099,5.6048,-3.0139
11.084,11.528,-2.9839
11.053,0.083009,3.0241
5.1285,5.6515,3.0451
11.154,11.493,3.0621
11.217,5.8085,-3.0069
5.4835,11.525,-3.1219
10.93,5.8961,2.9691
5.2989,11.648,3.0001
5.3972,2.8372,-5.7739
-0.21439,8.6326,-5.9369
11.074,8.6694,-5.6969
5.4106,2.8605,0.24206
-0.21934,8.6899,0.33306
11.421,8.6744,0.20506
11.869,2.8902,-5.9399
6.1941,8.6729,-5.9649
11.253,2.8492,0.27506
5.5966,8.6242,0.16706
8.6379,0.59637,-5.7549
2.9018,6.5813,-5.5719
8.768,12.173,-5.7659
8.8847,0.12897,-0.21994
3.0178,5.87,-0.15994
8.8401,11.479,-0.047942
8.664,5.3403,-5.8119
2.846,11.248,-5.9419
8.7956,5.7844,-0.12194
3.0758,11.408,-0.24794
11.074,0.086544,8.7977
5.4099,5.6048,8.8217
11.084,11.528,8.8517
11.217,5.8085,8.8287
5.4835,11.525,8.7137
5.3972,2.8372,6.0617
-0.21439,8.6326,5.8987
11.074,8.6694,6.1387
5.4106,2.8605,12.078
-0.21934,8.6899,12.169
11.421,8.6744,12.041
11.869,2.8902,5.8957
6.1941,8.6729,5.8707
11.253,2.8492,12.111
5.5966,8.6242,12.003
8.6379,0.59637,6.0807
2.9018,6.5813,6.2637
8.768,12.173,6.0697
8.8847,0.12897,11.616
3.0178,5.87,11.676
8.8401,11.479,11.788
8.664,5.3403,6.0237
2.846,11.248,5.8937
8.7956,5.7844,11.714
3.0758,11.408,11.588
-0.44386,11.58,-9.0478
-2.6126,11.626,-12.292
-0.42336,11.584,-3.2742
-0.44386,11.58,2.7878
-2.8593,12.094,-5.9912
-2.6126,11.626,-0.45618
-0.42336,11.584,8.5615
-2.8593,12.094,5.8445
-2.6126,11.626,11.379
0,0,0
-0.016971,-5.729,0.065
5.7403,0.089095,-0.041
-5.799,0.10677,0.068
0.030406,0.013435,5.8537
0.006364,5.8909,-0.061
0.030406,0.013435,-5.982
-5.5826,0.033234,5.7747
5.8053,-5.5635,-0.01
-5.8046,-5.6321,0.008
0.083439,-5.7148,5.8067
5.7274,5.8304,0.24506
-5.6919,5.9337,-0.24624
0.13846,5.8077,-5.8409
-5.5826,0.033234,-6.061
5.8251,0.086267,5.8647
0.083439,-5.7148,-6.029
5.8251,0.086267,-5.971
0.13846,5.8077,5.9947
-5.5395,5.7827,5.8697
5.7486,5.7639,-5.7749
-5.5395,5.7827,-5.966
-5.7834,-5.6986,5.8237
5.9577,-5.7145,-5.7298
-5.7834,-5.6986,-6.012
5.7486,5.7639,6.0607
5.9577,-5.7145,6.1059
0.032527,-11.411,0.061
-11.465,0.085931,-0.17524
0.067375,11.548,0.06182
11.565,0.051189,0.29806
0,0,-11.836
0,0,11.836
5.6982,-11.39,0.30424
-11.446,0.098659,5.6504
-5.7918,-11.373,-0.27806
11.504,-5.6063,0.17524
-11.526,-5.5716,-0.29806
0.050912,-11.399,5.8867
0.050912,-11.399,-5.949
11.515,5.7335,0.30206
-11.514,5.7682,-0.17124
11.583,0.063917,-5.7119
5.7331,11.569,0.30506
-5.7569,11.586,-0.27724
0.08576,11.561,5.8875
0.08576,11.561,-5.9482
-11.446,0.098659,-6.1852
-0.016971,-5.729,-11.771
11.583,0.063917,6.1237
5.7403,0.089095,11.795
-5.799,0.10677,-11.768
0.006364,5.8909,11.775
5.7403,0.089095,-11.877
-0.016971,-5.729,11.901
-5.799,0.10677,11.904
0.006364,5.8909,-11.897
-5.7069,-11.376,5.6276
-11.414,5.7824,5.5704
-11.394,-5.6547,5.7577
-5.6721,11.583,5.6284
-11.394,-5.6547,-6.078
11.636,-5.6895,-5.6047
5.9146,-11.464,-5.8248
-5.7069,-11.376,-6.2081
5.7274,5.8304,-11.591
5.9495,11.496,-5.8239
11.616,5.7476,-5.7919
-5.6919,5.9337,11.589
5.9146,-11.464,6.0109
-11.414,5.7824,-6.2652
5.9495,11.496,6.0117
11.616,5.7476,6.0437
5.8053,-5.5635,11.826
-5.6721,11.583,-6.2072
5.8053,-5.5635,-11.846
-5.8046,-5.6321,-11.828
-5.8046,-5.6321,11.844
11.636,-5.6895,6.231
5.7274,5.8304,12.081
-5.6919,5.9337,-12.082
11.497,-11.497,0.23624
-11.497,11.497,-0.23624
-11.532,-11.462,-0.23706
11.532,11.462,0.23706
11.565,0.051189,-11.538
-11.465,0.085931,11.66
0.032527,-11.411,-11.775
0.032527,-11.411,11.897
0.067375,11.548,-11.774
0.067375,11.548,11.897
-11.465,0.085931,-12.011
11.565,0.051189,12.134
-11.502,-11.449,5.6166
5.6982,-11.39,-11.531
-11.467,11.511,5.6174
-5.7918,-11.373,11.558
-11.526,-5.5716,11.538
11.528,-11.484,-5.7458
11.562,11.476,-5.7449
11.515,5.7335,-11.534
5.7331,11.569,-11.531
11.504,-5.6063,-11.66
-5.7569,11.586,11.558
11.528,-11.484,6.0899
-11.514,5.7682,11.664
-11.502,-11.449,-6.2191
11.562,11.476,6.0907
-11.467,11.511,-6.2182
11.504,-5.6063,12.011
5.6982,-11.39,12.14
-5.7918,-11.373,-12.114
-11.514,5.7682,-12.007
-11.526,-5.5716,-12.134
11.515,5.7335,12.138
-5.7569,11.586,-12.113
5.7331,11.569,12.141
-11.532,-11.462,11.599
11.532,11.462,-11.599
11.497,-11.497,-11.599
-11.497,11.497,11.599
-11.497,11.497,-12.072
11.497,-11.497,12.072
-11.532,-11.462,-12.073
11.532,11.462,12.073
