-9.1679,-9.0054,-3.5128
-3.1194,-9.448,-10.243
-9.4303,-3.1611,-10.237
-9.6474,-9.2755,-10.053
-9.1684,-9.0041,9.6645
-3.1198,-9.4467,2.9345
-9.4307,-3.1598,2.9405
-9.6478,-9.2742,3.1245
9.8776,-9.1375,-3.6923
9.5071,-9.3949,-10.346
9.8772,-9.1362,9.4849
9.5067,-9.3936,2.8309
-2.8146,-9.2255,-3.7242
-9.093,-2.8425,-3.6952
3.5416,-2.8736,-3.6072
-2.7248,3.4663,-3.6942
3.4504,-8.9483,-3.5292
-2.8414,-2.689,-3.5382
9.8193,-2.6346,-3.5422
3.5063,3.6672,-3.5132
3.2369,-3.1091,-10.243
-3.0953,3.2089,-10.348
9.5549,3.2245,-10.243
3.2439,9.5114,-10.237
2.9802,-9.2262,-10.063
-3.3074,-2.9231,-10.086
9.3328,-2.9188,-10.065
3.0269,3.397,-10.053
-2.815,-9.2242,9.453
-9.0934,-2.8412,9.482
3.5412,-2.8723,9.57
-2.7252,3.4677,9.483
3.45,-8.947,9.648
-2.8419,-2.6877,9.639
9.8189,-2.6333,9.635
3.5058,3.6685,9.664
3.2364,-3.1077,2.934
-3.0957,3.2103,2.829
9.5544,3.2258,2.934
3.2435,9.5127,2.94
2.9797,-9.2249,3.114
-3.3078,-2.9218,3.091
9.3324,-2.9175,3.112
3.0264,3.3984,3.124
-9.0608,9.7303,-3.6091
-9.152,3.6555,-3.5311
-2.7831,9.9693,-3.5441
-9.3655,9.4948,-10.245
-9.6222,3.3776,-10.065
-3.2696,9.685,-10.067
-9.0612,9.7316,9.5681
-9.1524,3.6568,9.6461
-2.7835,9.9706,9.6331
-9.366,9.4961,2.9321
-9.6227,3.3789,3.1121
-3.27,9.6863,3.1101
9.8597,3.447,-3.7247
3.5813,9.8301,-3.6957
9.8328,9.9835,-3.5387
9.3668,9.7495,-10.087
9.8592,3.4483,9.4525
3.5808,9.8314,9.4815
9.8323,9.9848,9.6385
9.3664,9.7508,3.0905
-4.1107,-9.1468,-2.9638
-10.417,-2.8832,-2.9808
-9.2309,-10.344,-2.8358
-8.3039,-9.3123,-9.3888
-4.1111,-9.1455,10.213
-10.417,-2.8819,10.196
-9.2313,-10.343,10.341
-8.3043,-9.3109,3.7885
8.5822,-9.0654,-2.9353
3.3694,-10.275,-2.8283
9.7383,-3.9622,-2.8373
9.6238,-8.0959,-9.6003
4.3339,-9.2591,-9.4173
10.681,-2.9758,-9.4093
8.5818,-9.0641,10.242
3.369,-10.273,10.349
9.7379,-3.9609,10.34
9.6234,-8.0946,3.5769
4.3335,-9.2578,3.7599
10.68,-2.9745,3.7679
2.1946,-2.8262,-2.9472
-4.0202,3.5385,-2.9372
8.5635,3.5257,-2.9642
2.2575,9.7893,-2.9812
-2.9312,-4.0106,-2.8362
-9.233,2.3293,-2.8302
3.4433,2.3286,-2.8362
-2.8641,8.6417,-2.8392
-3.026,-8.092,-9.6092
-9.3475,-1.7974,-9.6182
3.3486,-1.7259,-9.6692
-2.9786,4.5079,-9.6022
-1.9724,-2.9641,-9.4032
-8.2685,3.3447,-9.4192
4.3704,3.3603,-9.3892
-1.9215,9.6281,-9.4112
2.1942,-2.8249,10.23
-4.0206,3.5398,10.24
8.5631,3.527,10.213
2.2571,9.7906,10.196
-2.9317,-4.0093,10.341
-9.2334,2.3306,10.347
3.4429,2.3299,10.341
-2.8645,8.643,10.338
-3.0264,-8.0907,3.568
-9.348,-1.7961,3.559
3.3482,-1.7246,3.508
-2.979,4.5092,3.575
-1.9728,-2.9628,3.774
-8.2689,3.346,3.758
4.3699,3.3616,3.788
-1.9219,9.6294,3.766
-10.408,9.7776,-2.9491
-9.2538,10.878,-9.6711
-10.408,9.779,10.228
-9.2543,10.879,3.5061
9.743,8.6619,-2.8367
9.6482,4.5805,-9.6097
3.3267,10.875,-9.6187
10.702,9.7084,-9.4037
9.7425,8.6632,10.341
9.6478,4.5818,3.5675
3.3263,10.876,3.5585
10.701,9.7098,3.7735
0.094795,-12.727,-10.111
0.094362,-12.726,3.0664
-12.47,-12.773,-10.103
-6.1854,-6.4103,-10.126
-12.508,-0.12341,-10.113
-6.2674,-12.313,-3.5468
-12.578,-6.0108,-3.5358
-12.249,-12.303,-3.5358
-6.3197,-12.32,-10.175
-12.668,-6.0468,-10.196
-9.3596,-13.191,-13.453
-3.0677,-11.994,-13.618
-9.3659,-5.7018,-13.54
-11.777,-9.5032,-13.345
-5.6557,-9.1475,-6.7558
-11.936,-2.8521,-6.7418
-6.6853,-9.4883,-13.429
-12.978,-3.1746,-13.406
-12.97,-9.1447,-7.1948
-9.2224,-11.883,-6.7938
-2.8535,-12.919,-6.7418
-9.175,-6.6238,-6.7828
-12.471,-12.772,3.0745
-6.1858,-6.409,3.0515
-12.508,-0.1221,3.0645
-6.2678,-12.312,9.6305
-12.579,-6.0095,9.6415
-12.249,-12.301,9.6415
-6.3201,-12.319,3.0025
-12.669,-6.0455,2.9815
-9.36,-13.189,-0.27554
-3.0682,-11.993,-0.44054
-9.3664,-5.7005,-0.36254
-11.778,-9.5019,-0.16754
-5.6562,-9.1462,6.4215
-11.936,-2.8508,6.4355
-6.6857,-9.487,-0.25154
-12.978,-3.1733,-0.22854
-12.97,-9.1434,5.9825
-9.2228,-11.881,6.3835
-2.8539,-12.917,6.4355
-9.1754,-6.6225,6.3945
-9.3604,-13.188,12.902
-3.0686,-11.992,12.737
-9.3668,-5.6991,12.815
-11.778,-9.5006,13.01
-6.6862,-9.4857,12.926
-12.979,-3.1719,12.949
9.5747,-12.054,-13.646
12.806,-12.704,-10.101
6.4256,-6.319,-10.138
12.769,-0.054724,-10.111
6.3393,-12.174,-3.5473
12.698,-5.9421,-3.5343
0.40666,-12.294,-3.5313
13.028,-12.234,-3.5343
6.7494,-5.9796,-3.5733
6.2601,-12.293,-10.161
12.608,-5.9782,-10.194
3.2612,-13.162,-13.42
9.6153,-6.8585,-13.469
9.5743,-12.053,-0.46832
13.499,-9.4345,-13.343
6.9828,-9.1007,-6.7353
13.341,-2.7834,-6.7403
5.9829,-9.4303,-13.408
12.299,-3.1059,-13.404
12.307,-9.076,-7.1933
3.4225,-11.844,-6.7853
9.7843,-5.5072,-6.7763
9.7857,-12.916,-6.7493
12.806,-12.703,3.0759
6.4251,-6.3177,3.0389
12.769,-0.053408,3.0659
6.3389,-12.173,9.6299
12.698,-5.9408,9.6429
0.40623,-12.293,9.6459
13.027,-12.233,9.6429
6.749,-5.9783,9.6039
6.2597,-12.291,3.0159
12.608,-5.9768,2.9829
3.2608,-13.16,-0.2431
9.6149,-6.8572,-0.2921
9.5739,-12.052,12.709
13.499,-9.4332,-0.1661
6.9823,-9.0994,6.4419
13.341,-2.7821,6.4369
5.9825,-9.4289,-0.2311
12.298,-3.1046,-0.2271
12.306,-9.0747,5.9839
3.422,-11.842,6.3919
9.7839,-5.5059,6.4009
9.7853,-12.915,6.4279
3.2604,-13.159,12.934
9.6144,-6.8559,12.885
13.499,-9.4319,13.011
5.982,-9.4276,12.946
12.298,-3.1033,12.95
-3.0277,0.54962,-13.647
0.20408,-0.10031,-10.103
-6.1769,6.2849,-10.14
6.4888,6.2622,-10.126
0.1666,12.549,-10.113
0.047103,-5.9665,-3.5452
-6.2631,0.43002,-3.5492
6.4068,0.35931,-3.5472
0.095893,6.6618,-3.5362
-5.9265,-5.9679,-3.5492
-12.196,0.30981,-3.5332
0.4254,0.36992,-3.5362
-5.853,6.6243,-3.5752
-0.051892,-5.9707,-10.181
-6.3423,0.31123,-10.163
6.3545,0.35224,-10.175
0.0060903,6.6257,-10.196
-3.0316,-6.8857,-13.467
-9.3412,-0.55781,-13.422
3.3146,-0.51821,-13.453
-2.9871,5.7453,-13.471
3.2588,-5.6129,-13.541
-3.0281,0.55093,-0.47022
9.6065,0.67821,-13.618
3.3083,6.9708,-13.54
0.89917,-9.4801,-13.33
-5.4174,-3.1918,-13.302
7.2249,-3.1501,-13.367
0.89704,3.1694,-13.345
0.69905,-2.8213,-6.7222
-5.6197,3.5031,-6.7372
7.0185,3.525,-6.7562
0.73865,9.8204,-6.7422
-0.36726,-3.138,-13.439
-6.6195,3.1736,-13.41
5.9889,3.1842,-13.429
-0.30362,9.498,-13.406
-0.27322,-9.1138,-7.1652
-6.6266,-2.8184,-7.1332
6.0342,-2.7753,-7.1412
-0.29584,3.5279,-7.1952
-2.8867,-5.5967,-6.7972
-9.1799,0.76024,-6.7872
3.4518,0.78994,-6.7942
-2.8181,7.0966,-6.7782
3.5056,-6.5908,-6.7372
-2.8167,-0.31244,-6.7512
9.8207,-0.24597,-6.7422
3.4992,6.0487,-6.7832
0.20365,-0.098995,3.074
-6.1773,6.2862,3.037
6.4884,6.2636,3.051
0.16617,12.55,3.064
0.046669,-5.9652,9.632
-6.2636,0.43134,9.628
6.4064,0.36062,9.63
0.095459,6.6631,9.641
-5.927,-5.9666,9.628
-12.196,0.31113,9.644
0.42497,0.37123,9.641
-5.8534,6.6256,9.602
-0.052326,-5.9694,2.996
-6.3427,0.31254,3.014
6.3541,0.35355,3.002
0.0056569,6.627,2.981
-3.0321,-6.8844,-0.29
-9.3416,-0.55649,-0.245
3.3142,-0.5169,-0.276
-2.9875,5.7467,-0.294
3.2583,-5.6116,-0.364
-3.0285,0.55225,12.707
9.606,0.67953,-0.441
3.3078,6.9721,-0.363
0.89873,-9.4788,-0.153
-5.4179,-3.1905,-0.125
7.2245,-3.1487,-0.19
0.89661,3.1707,-0.168
0.69862,-2.8199,6.455
-5.6201,3.5044,6.44
7.018,3.5263,6.421
0.73822,9.8217,6.435
-0.3677,-3.1367,-0.262
-6.6199,3.1749,-0.233
5.9885,3.1855,-0.252
-0.30406,9.4993,-0.229
-0.27365,-9.1125,6.012
-6.627,-2.8171,6.044
6.0337,-2.774,6.036
-0.29628,3.5292,5.982
-2.8871,-5.5953,6.38
-9.1804,0.76155,6.39
3.4514,0.79125,6.383
-2.8185,7.0979,6.399
3.5051,-6.5895,6.44
-2.8171,-0.31113,6.426
9.8203,-0.24466,6.435
3.4988,6.05,6.394
-3.0325,-6.8831,12.887
-9.342,-0.55518,12.932
3.3138,-0.51558,12.901
-2.988,5.748,12.883
3.2579,-5.6103,12.813
9.6056,0.68085,12.736
3.3074,6.9734,12.814
0.8983,-9.4775,13.024
-5.4183,-3.1891,13.052
7.2241,-3.1474,12.987
0.89618,3.172,13.009
-0.36813,-3.1354,12.915
-6.6204,3.1762,12.944
5.9881,3.1868,12.925
-0.30449,9.5006,12.948
-12.398,12.504,-10.105
-12.555,6.6374,-3.5471
-6.1956,12.963,-3.5491
-12.177,12.974,-3.5381
-12.654,6.6331,-10.183
-6.2479,12.956,-10.177
-9.2878,12.086,-13.455
-9.3436,6.9909,-13.543
-2.9959,13.282,-13.62
-11.703,3.1238,-13.332
-5.3775,9.4538,-13.369
-11.903,9.7826,-6.7241
-12.97,9.4658,-13.441
-12.876,3.49,-7.1671
-6.5682,9.8286,-7.1431
-9.1506,13.394,-6.7961
-9.0968,6.013,-6.7391
-2.7817,12.358,-6.7441
-12.399,12.505,3.0721
-12.556,6.6387,9.6301
-6.196,12.964,9.6281
-12.177,12.975,9.6391
-12.655,6.6345,2.9941
-6.2483,12.957,3.0001
-9.2882,12.087,-0.2779
-9.3441,6.9922,-0.3659
-2.9964,13.283,-0.4429
-11.704,3.1251,-0.1549
-5.3779,9.4551,-0.1919
-11.904,9.7839,6.4531
-12.97,9.4671,-0.2639
-12.876,3.4914,6.0101
-6.5687,9.8299,6.0341
-9.151,13.395,6.3811
-9.0973,6.0143,6.4381
-2.7821,12.359,6.4331
-9.2886,12.088,12.899
-9.3445,6.9936,12.811
-2.9968,13.285,12.734
-11.704,3.1264,13.022
-5.3783,9.4564,12.985
-12.971,9.4684,12.913
13.081,0.3785,-3.5318
13.08,0.37981,9.6454
9.6465,13.222,-13.648
12.878,12.572,-10.104
12.721,6.7061,-3.5457
6.4111,13.103,-3.5497
6.7477,6.7047,-3.5497
0.47847,12.982,-3.5337
13.1,13.042,-3.5367
12.622,6.7018,-10.182
6.3319,12.984,-10.164
9.6426,5.7868,-13.468
3.3331,12.115,-13.423
9.6461,13.223,-0.47068
13.573,3.1925,-13.331
7.2568,9.4808,-13.303
13.373,9.8513,-6.7227
12.307,9.5345,-13.44
12.401,3.5587,-7.1657
6.0476,9.8541,-7.1337
9.7875,7.0759,-6.7977
3.4943,13.433,-6.7877
9.8575,12.36,-6.7517
12.878,12.574,3.0735
12.721,6.7074,9.6315
6.4107,13.104,9.6275
6.7472,6.706,9.6275
0.47803,12.984,9.6435
13.099,13.044,9.6405
12.622,6.7031,2.9955
6.3315,12.985,3.0135
9.6421,5.7881,-0.29046
3.3326,12.116,-0.24546
9.6457,13.225,12.707
13.573,3.1938,-0.15346
7.2564,9.4821,-0.12546
13.373,9.8526,6.4545
12.307,9.5358,-0.26246
12.401,3.56,6.0115
6.0472,9.8554,6.0435
9.7871,7.0772,6.3795
3.4938,13.434,6.3895
9.8571,12.361,6.4255
9.6417,5.7895,12.887
3.3322,12.117,12.932
13.573,3.1951,13.024
7.2559,9.4834,13.052
12.306,9.5371,12.915
0,0,0
-6.1363,-0.17253,-0.056
0.22486,6.1759,-0.088
0.17466,-6.4679,-0.076
6.5301,-0.13506,-0.071
0.36062,0.52892,6.565
0.36106,0.5276,-6.6122
-5.794,0.3281,6.553
-5.7936,0.32678,-6.6242
6.2727,-6.2826,-0.028
0.53811,-5.9772,6.576
0.53854,-5.9785,-6.6012
-6.3297,6.3212,-0.029903
6.3286,6.3272,-0.024
-6.3456,-6.3453,-0.023539
0.52397,6.6574,6.571
0.5244,6.6561,-6.6062
6.8483,0.35567,6.568
6.8488,0.35436,-6.6092
-5.9857,-5.8259,6.566
-5.9852,-5.8272,-6.6112
6.6878,-5.8082,6.534
6.6882,-5.8095,-6.6432
-5.9146,6.7957,6.5321
-5.9142,6.7944,-6.6451
6.6886,6.8467,6.5655
6.689,6.8454,-6.6117
12.621,0.045962,-0.005
-0.053062,-12.627,-0.004539
0.018746,12.65,-0.006903
-12.655,-0.022725,-0.006442
0.00043346,-0.0013159,-13.177
-0.00043346,0.0013159,13.177
0.34436,-12.116,6.578
0.34479,-12.118,-6.5992
-12.428,6.1359,-0.077903
-6.0723,12.469,-0.072903
-12.258,0.48757,6.5761
-12.258,0.48626,-6.6011
-12.449,-6.4967,-0.087539
6.5379,12.5,-0.056461
-6.1441,-12.808,-0.070539
12.849,6.2046,-0.076461
6.4661,-12.776,-0.054097
12.827,-6.428,-0.086097
0.22443,6.1772,13.089
-6.1367,-0.17122,13.121
-6.1358,-0.17385,-13.233
13.019,0.55626,6.5775
13.019,0.55494,-6.5997
0.17422,-6.4666,13.101
0.22529,6.1746,-13.265
6.5297,-0.13374,13.106
0.41617,13.16,6.5756
0.4166,13.159,-6.6016
0.17509,-6.4692,-13.253
6.5306,-0.13637,-13.248
-12.15,-6.0151,6.5715
-12.15,-6.0164,-6.6058
-5.8259,-12.317,6.5685
-5.8254,-12.318,-6.6088
-12.064,6.6267,6.5741
-12.064,6.6254,-6.6031
6.8084,-12.276,6.5549
6.8088,-12.277,-6.6223
-5.7541,12.96,6.5661
-5.7536,12.958,-6.6111
13.126,-5.9464,6.5729
13.127,-5.9478,-6.6043
6.2723,-6.2813,13.149
-6.3301,6.3225,13.147
6.3282,6.3285,13.153
6.2732,-6.284,-13.205
-6.346,-6.344,13.154
6.329,6.3259,-13.201
-6.3292,6.3199,-13.207
-6.3452,-6.3467,-13.201
6.8802,13.001,6.5525
6.8806,12.999,-6.6247
13.212,6.6954,6.5755
13.213,6.694,-6.6017
12.602,-12.604,0.001903
-12.602,12.604,-0.001903
-12.674,-12.673,0.000461
12.674,12.673,-0.000461
12.621,0.047278,13.172
-0.053495,-12.625,13.173
12.622,0.044646,-13.182
-0.052629,-12.628,-13.182
0.018313,12.651,13.17
-12.656,-0.021409,13.171
0.01918,12.648,-13.184
-12.655,-0.024041,-13.184
-12.314,-12.144,6.5655
-12.313,-12.145,-6.6118
12.963,-12.075,6.5669
12.963,-12.076,-6.6103
-12.428,6.1373,13.099
-6.0727,12.47,13.104
-12.242,13.133,6.5631
-12.241,13.131,-6.6141
-12.427,6.1346,-13.255
-6.0718,12.467,-13.25
-12.45,-6.4953,13.09
6.5375,12.501,13.121
-12.449,-6.498,-13.265
-6.1445,-12.806,13.107
6.5384,12.499,-13.234
12.848,6.2059,13.101
12.827,-6.4267,13.091
6.4657,-12.775,13.123
-6.1436,-12.809,-13.248
12.849,6.2033,-13.254
6.4666,-12.778,-13.231
12.828,-6.4293,-13.263
13.035,13.201,6.5645
13.035,13.2,-6.6127
12.603,-12.605,-13.175
-12.603,12.605,13.175
12.602,-12.603,13.179
-12.602,12.603,-13.179
-12.675,-12.671,13.178
12.675,12.671,-13.178
-12.674,-12.674,-13.177
12.674,12.674,13.177
