-3.3847,-9.0699,-9.1293
-8.3394,-8.7708,-8.6583
-3.3847,-9.0699,2.918
-8.3394,-8.7708,3.389
-9.1993,-8.9787,-2.562
-9.6462,-2.8763,-2.781
-9.1993,-8.9787,9.4853
-9.6462,-2.8763,9.2663
8.7789,-8.6205,-9.2793
3.3886,-8.9988,-8.6783
9.1282,-3.0683,-8.3583
8.7789,-8.6205,2.768
3.3886,-8.9988,3.369
9.1282,-3.0683,3.689
9.2222,-8.607,-3.726
9.2222,-8.607,8.3213
2.9204,-2.0336,-9.0323
-3.2598,3.4182,-9.2793
8.6734,2.9882,-9.1293
-9.5014,-2.139,-8.4173
-2.2847,-2.6665,-8.6223
-8.65,3.0399,-8.6783
3.7187,3.2873,-8.6583
-2.9105,8.9704,-8.3583
2.9204,-2.0336,3.015
-3.2598,3.4182,2.768
8.6734,2.9882,2.918
-9.5014,-2.139,3.63
-2.2847,-2.6665,3.425
-8.65,3.0399,3.369
3.7187,3.2873,3.389
-2.9105,8.9704,3.689
2.646,-9.355,-2.517
-3.4705,-2.663,-2.849
9.0404,-2.7556,-2.615
2.8588,3.0795,-2.562
-3.2294,-8.6317,-2.536
2.4119,9.1818,-2.781
2.4876,-2.2684,-2.776
-2.8164,3.4316,-3.726
2.646,-9.355,9.5303
-3.4705,-2.663,9.1983
9.0404,-2.7556,9.4323
2.8588,3.0795,9.4853
-3.2294,-8.6317,9.5113
2.4119,9.1818,9.2663
2.4876,-2.2684,9.2713
-2.8164,3.4316,8.3213
-9.1183,10.005,-9.0323
-9.1183,10.005,3.015
-9.3926,2.6836,-2.517
-2.9983,9.283,-2.615
-9.551,9.7702,-2.776
-9.3926,2.6836,9.5303
-2.9983,9.283,9.4323
-9.551,9.7702,9.2713
2.5567,9.9191,-8.4173
9.7735,9.3916,-8.6223
2.5567,9.9191,3.63
9.7735,9.3916,3.425
8.5876,9.3952,-2.849
8.8288,3.4265,-2.536
8.5876,9.3952,9.1983
8.8288,3.4265,9.5113
-9.0635,-8.956,-9.9453
-9.0635,-8.956,2.102
-8.0495,-9.1017,-3.522
-8.7361,-4.0523,-2.648
-8.0495,-9.1017,8.5253
-8.7361,-4.0523,9.3993
9.6748,-8.7668,-8.0813
9.6748,-8.7668,3.966
10.384,-2.801,-1.972
9.2038,-9.7398,-2.736
10.384,-2.801,10.075
9.2038,-9.7398,9.3113
-2.5739,-9.2716,-7.9093
-8.9392,-2.7082,-9.6723
3.479,-2.6135,-7.7653
-2.3639,3.2718,-8.0813
2.5131,-8.5786,-9.8203
-3.5709,-2.6036,-9.3913
8.1232,-3.0717,-9.4603
2.9946,3.1021,-9.9453
-2.5739,-9.2716,4.138
-8.9392,-2.7082,2.375
3.479,-2.6135,4.282
-2.3639,3.2718,3.966
2.5131,-8.5786,2.227
-3.5709,-2.6036,2.656
8.1232,-3.0717,2.587
2.9946,3.1021,2.102
3.6487,-8.4358,-3.136
-2.4621,-2.7563,-3.936
-1.6546,9.2376,-1.972
4.0086,2.9564,-3.522
-1.888,-9.0467,-3.042
3.322,8.0059,-2.648
3.8488,-2.8758,-2.91
-2.8348,2.2988,-2.736
3.6487,-8.4358,8.9113
-2.4621,-2.7563,8.1113
-1.6546,9.2376,10.075
4.0086,2.9564,8.5253
-1.888,-9.0467,9.0053
3.322,8.0059,9.3993
3.8488,-2.8758,9.1373
-2.8348,2.2988,9.3113
-8.5597,9.4252,-7.7653
-9.5256,3.46,-9.8203
-3.9154,8.967,-9.4603
-8.5597,9.4252,4.282
-9.5256,3.46,2.227
-3.9154,8.967,2.587
-8.39,3.6028,-3.136
-8.1899,9.1628,-2.91
-8.39,3.6028,8.9113
-8.1899,9.1628,9.1373
9.4843,2.7865,-7.9093
3.1189,9.3499,-9.6723
8.4872,9.4546,-9.3913
9.4843,2.7865,4.138
3.1189,9.3499,2.375
8.4872,9.4546,2.656
9.596,9.3018,-3.936
10.17,3.0114,-3.042
9.596,9.3018,8.1113
10.17,3.0114,9.0053
-5.9445,-12.635,-8.7643
-11.578,-6.8489,-8.9693
-6.846,-5.1009,-8.9803
-11.726,-10.843,-9.0613
-5.9607,-8.7863,-11.738
-12.013,-2.9676,-10.923
-5.8773,-8.7623,-6.1323
-12.352,-8.8875,-12.501
-3.0086,-12.349,-11.483
-9.0105,-5.9671,-12.062
-8.9497,-11.806,-11.845
-6.0505,-6.076,-2.993
-0.2756,-12.166,-2.852
-12.482,-12.083,-3.317
-5.9445,-12.635,3.283
-11.578,-6.8489,3.078
-6.846,-5.1009,3.067
-11.726,-10.843,2.986
-5.9162,-11.638,-2.801
-11.934,-5.6397,-2.854
-8.6774,-11.915,-5.707
-2.6515,-11.536,-5.624
-8.8599,-5.5068,-5.939
-11.301,-8.7779,-5.57
-5.9607,-8.7863,0.309
-12.013,-2.9676,1.124
-5.8773,-8.7623,5.915
-12.378,-2.8664,-5.956
-12.352,-8.8875,-0.454
-3.0086,-12.349,0.564
-9.0105,-5.9671,-0.015
-8.9497,-11.806,0.202
-6.0505,-6.076,9.0543
-0.2756,-12.166,9.1953
-12.482,-12.083,8.7303
-5.9162,-11.638,9.2463
-11.934,-5.6397,9.1933
-8.6774,-11.915,6.3403
-2.6515,-11.536,6.4233
-8.8599,-5.5068,6.1083
-11.301,-8.7779,6.4773
-5.9607,-8.7863,12.356
-12.013,-2.9676,13.171
-12.378,-2.8664,6.0913
-12.352,-8.8875,11.593
-3.0086,-12.349,12.611
-9.0105,-5.9671,12.032
-8.9497,-11.806,12.249
-12.314,-0.12768,-2.852
-12.314,-0.12768,9.1953
5.5036,-12.514,-9.0813
12.519,-6.8294,-8.9693
12.371,-10.824,-9.0613
9.1621,-5.925,-6.3843
9.271,-11.595,-6.3043
5.5318,-8.8142,-11.228
12.084,-2.9481,-10.923
11.744,-8.868,-12.501
8.9868,-12.005,-11.774
2.9014,-11.951,-11.941
8.8517,-5.4717,-11.839
11.615,-12.063,-3.317
6.2899,-6.1498,-2.734
5.5036,-12.514,2.966
12.519,-6.8294,3.078
12.371,-10.824,2.986
6.1817,-11.155,-2.94
12.162,-5.6202,-2.854
3.1461,-11.886,-5.288
9.1621,-5.925,5.663
9.271,-11.595,5.743
12.796,-8.7584,-5.57
5.5318,-8.8142,0.819
12.084,-2.9481,1.124
5.9462,-8.7506,-6.066
11.718,-2.847,-5.956
11.744,-8.868,-0.454
8.9868,-12.005,0.273
2.9014,-11.951,0.106
8.8517,-5.4717,0.208
11.615,-12.063,8.7303
6.2899,-6.1498,9.3133
6.1817,-11.155,9.1073
12.162,-5.6202,9.1933
3.1461,-11.886,6.7593
12.796,-8.7584,6.4773
5.5318,-8.8142,12.866
12.084,-2.9481,13.171
5.9462,-8.7506,5.9813
11.718,-2.847,6.0913
11.744,-8.868,11.593
8.9868,-12.005,12.32
2.9014,-11.951,12.153
8.8517,-5.4717,12.255
1.0854,-5.6222,-9.0923
-6.5351,-0.47518,-9.0813
6.1136,-0.577,-8.7643
0.48013,5.2093,-8.9693
0.15768,-11.186,-8.8603
5.2121,6.9572,-8.9803
5.4405,-5.1873,-8.5783
0.33234,1.2148,-9.0613
-2.9274,-6.2381,-6.2573
-2.8765,6.1136,-6.3843
-2.7676,0.44406,-6.3043
-5.0791,-2.7556,-6.1153
-0.084853,-2.9529,-11.766
-6.5068,3.2244,-11.228
6.0974,3.2718,-11.738
0.045255,9.0906,-10.923
0.17253,-2.8412,-6.1043
6.1808,3.2958,-6.1323
-0.3981,-9.0121,-11.994
-6.3753,-2.8016,-12.591
5.5267,-2.7818,-12.068
-0.29416,3.1707,-12.501
2.8489,-5.9828,-12.868
-3.0519,0.033941,-11.774
9.0496,-0.29133,-11.483
3.0476,6.091,-12.062
-3.1254,-5.4461,-10.953
-9.1372,0.087681,-11.941
3.1084,0.25173,-11.845
-3.1869,6.5669,-11.839
6.0076,5.9821,-2.993
11.783,-0.10819,-2.852
-0.42356,-0.024749,-3.317
-5.7488,5.8888,-2.734
1.0854,-5.6222,2.955
-6.5351,-0.47518,2.966
6.1136,-0.577,3.283
0.48013,5.2093,3.078
0.15768,-11.186,3.187
5.2121,6.9572,3.067
5.4405,-5.1873,3.469
0.33234,1.2148,2.986
-0.81812,-5.5105,-2.988
-5.857,0.88318,-2.94
6.1419,0.42002,-2.801
0.12374,6.4184,-2.854
-2.9274,-6.2381,5.79
-8.8926,0.15274,-5.288
3.3807,0.14354,-5.707
-2.8765,6.1136,5.663
3.1233,-5.4822,-4.958
-2.7676,0.44406,5.743
9.4066,0.52255,-5.624
3.1982,6.5513,-5.939
0.49002,-8.7278,-5.565
-5.0791,-2.7556,5.932
6.2112,-2.7563,-5.361
0.75731,3.2803,-5.57
-0.084853,-2.9529,0.281
-6.5068,3.2244,0.819
6.0974,3.2718,0.309
0.045255,9.0906,1.124
0.17253,-2.8412,5.943
-6.0924,3.288,-6.066
6.1808,3.2958,5.915
-0.32032,9.1917,-5.956
-0.3981,-9.0121,0.053
-6.3753,-2.8016,-0.544
5.5267,-2.7818,-0.021
-0.29416,3.1707,-0.454
2.8489,-5.9828,-0.821
-3.0519,0.033941,0.273
9.0496,-0.29133,0.564
3.0476,6.091,-0.015
-3.1254,-5.4461,1.094
-9.1372,0.087681,0.106
3.1084,0.25173,0.202
-3.1869,6.5669,0.208
6.0076,5.9821,9.0543
11.783,-0.10819,9.1953
-0.42356,-0.024749,8.7303
-5.7488,5.8888,9.3133
-0.81812,-5.5105,9.0593
-5.857,0.88318,9.1073
6.1419,0.42002,9.2463
0.12374,6.4184,9.1933
-8.8926,0.15274,6.7593
3.3807,0.14354,6.3403
3.1233,-5.4822,7.0893
9.4066,0.52255,6.4233
3.1982,6.5513,6.1083
0.49002,-8.7278,6.4823
6.2112,-2.7563,6.6863
0.75731,3.2803,6.4773
-0.084853,-2.9529,12.328
-6.5068,3.2244,12.866
6.0974,3.2718,12.356
0.045255,9.0906,13.171
-6.0924,3.288,5.9813
-0.32032,9.1917,6.0913
-0.3981,-9.0121,12.1
-6.3753,-2.8016,11.503
5.5267,-2.7818,12.026
-0.29416,3.1707,11.593
2.8489,-5.9828,11.226
-3.0519,0.033941,12.32
9.0496,-0.29133,12.611
3.0476,6.091,12.032
-3.1254,-5.4461,13.141
-9.1372,0.087681,12.153
3.1084,0.25173,12.249
-3.1869,6.5669,12.255
-10.953,6.4164,-9.0923
-5.925,11.462,-8.7643
-11.881,0.85291,-8.8603
-6.5982,6.8513,-8.5783
-11.706,13.253,-9.0613
-12.123,9.0858,-11.766
-11.866,9.1975,-6.1043
-12.437,3.0266,-11.994
-6.5119,9.2569,-12.068
-9.1897,6.0558,-12.868
-2.9891,11.747,-11.483
-8.9302,12.29,-11.845
-0.25611,11.93,-2.852
-12.462,12.014,-3.317
-10.953,6.4164,2.955
-5.925,11.462,3.283
-11.881,0.85291,3.187
-6.5982,6.8513,3.469
-11.706,13.253,2.986
-12.857,6.5281,-2.988
-5.8967,12.459,-2.801
-8.658,12.182,-5.707
-8.9153,6.5564,-4.958
-2.632,12.561,-5.624
-11.549,3.3108,-5.565
-5.8274,9.2823,-5.361
-12.123,9.0858,0.281
-11.866,9.1975,5.943
-12.437,3.0266,0.053
-6.5119,9.2569,-0.021
-9.1897,6.0558,-0.821
-2.9891,11.747,0.564
-8.9302,12.29,0.202
-0.25611,11.93,9.1953
-12.462,12.014,8.7303
-12.857,6.5281,9.0593
-5.8967,12.459,9.2463
-8.658,12.182,6.3403
-8.9153,6.5564,7.0893
-2.632,12.561,6.4233
-11.549,3.3108,6.4823
-5.8274,9.2823,6.6863
-12.123,9.0858,12.328
-12.437,3.0266,12.1
-6.5119,9.2569,12.026
-9.1897,6.0558,11.226
-2.9891,11.747,12.611
-8.9302,12.29,12.249
13.144,6.4359,-9.0923
5.523,11.583,-9.0813
12.216,0.8724,-8.8603
12.39,13.273,-9.0613
9.1307,5.82,-6.2573
9.2905,12.502,-6.3043
6.979,9.3025,-6.1153
11.973,9.1052,-11.766
12.231,9.217,-6.1043
11.66,3.046,-11.994
5.6828,9.2566,-12.591
9.0062,12.092,-11.774
8.9327,6.612,-10.953
2.9209,12.146,-11.941
11.635,12.033,-3.317
13.144,6.4359,2.955
5.523,11.583,2.966
12.216,0.8724,3.187
12.39,13.273,2.986
11.24,6.5476,-2.988
6.2012,12.941,-2.94
9.1307,5.82,5.79
3.1655,12.211,-5.288
9.2905,12.502,5.743
12.548,3.3303,-5.565
6.979,9.3025,5.932
11.973,9.1052,0.281
12.231,9.217,5.943
11.66,3.046,0.053
5.6828,9.2566,-0.544
9.0062,12.092,0.273
8.9327,6.612,1.094
2.9209,12.146,0.106
11.635,12.033,8.7303
11.24,6.5476,9.0593
6.2012,12.941,9.1073
3.1655,12.211,6.7593
12.548,3.3303,6.4823
11.973,9.1052,12.328
11.66,3.046,12.1
5.6828,9.2566,11.503
9.0062,12.092,12.32
8.9327,6.612,13.141
2.9209,12.146,12.153
0.17717,12.911,-8.8603
0.17717,12.911,3.187
0,0,0
0.053033,-5.898,0.152
0.37123,0.31749,5.899
0.050912,5.968,0.39
0.37123,0.31749,-6.1483
-6.1681,0.34436,-0.028
6.195,0.3585,0.091
5.8499,-5.7085,0.096
0.29274,-5.8746,-5.686
-5.8548,-5.7332,0.471
-5.9574,0.14496,5.776
0.36204,6.2862,-5.725
-5.9574,0.14496,-6.2713
0.29274,-5.8746,6.3613
6.434,0.068589,-5.902
-6.1887,6.3302,0.096
6.2033,6.3249,0.471
6.434,0.068589,6.1453
0.36204,6.2862,6.3223
-5.7452,-5.8768,-5.964
-5.7452,-5.8768,6.0833
6.0946,-5.7933,-5.842
-5.9441,6.2453,-5.842
6.0946,-5.7933,6.2053
-5.9441,6.2453,6.2053
6.3129,6.1814,-5.964
6.3129,6.1814,6.0833
-0.081146,-11.922,0.436
11.977,0.13576,0.436
0,0,-12.047
0,0,12.047
-12.12,0.11628,0.436
-0.061658,12.174,0.436
-11.71,-0.043841,-5.699
5.8705,-11.694,-0.028
-5.8632,-11.7,0.091
0.050912,5.968,-11.657
0.053033,-5.898,-11.895
0.34843,12.014,-5.699
-11.71,-0.043841,6.3483
0.32894,-12.082,-5.699
-11.986,6.1407,0.152
-12.007,-6.0901,0.39
6.195,0.3585,-11.956
-6.1681,0.34436,12.019
12.09,-6.0707,0.39
0.053033,-5.898,12.199
-6.1681,0.34436,-12.075
12.111,6.1601,0.152
0.34843,12.014,6.3483
6.195,0.3585,12.138
12.387,-0.024352,-5.699
0.32894,-12.082,6.3483
-5.8437,12.397,0.091
5.89,12.402,-0.028
0.050912,5.968,12.437
12.387,-0.024352,6.3483
-5.8548,-5.7332,-11.576
-11.696,-5.7719,-5.725
-11.746,6.164,-5.686
5.8499,-5.7085,-11.951
-11.696,-5.7719,6.3223
-5.6242,-11.99,-5.902
6.0813,-11.894,5.776
6.2033,6.3249,-11.576
-5.6047,12.107,-5.902
-5.6242,-11.99,6.1453
5.8499,-5.7085,12.143
-5.6047,12.107,6.1453
-11.746,6.164,6.3613
6.0813,-11.894,-6.2713
6.1007,12.203,5.776
12.401,-5.7525,-5.725
-6.1887,6.3302,-11.951
12.351,6.1835,-5.686
-5.8548,-5.7332,12.518
6.1007,12.203,-6.2713
-6.1887,6.3302,12.143
12.401,-5.7525,6.3223
12.351,6.1835,6.3613
6.2033,6.3249,12.518
-0.081146,-11.922,-11.611
11.977,0.13576,-11.611
-12.12,0.11628,-11.611
-0.061658,12.174,-11.611
12.039,-12.039,0
-12.039,12.039,0
-12.058,-12.058,0
12.058,12.058,0
-0.081146,-11.922,12.483
11.977,0.13576,12.483
-12.12,0.11628,12.483
-0.061658,12.174,12.483
-11.687,-11.741,5.899
-11.687,-11.741,-6.1483
-5.8632,-11.7,-11.956
5.8705,-11.694,12.019
5.8705,-11.694,-12.075
-12.007,-6.0901,-11.657
-5.8632,-11.7,12.138
12.09,-6.0707,-11.657
-11.986,6.1407,-11.895
-11.667,12.356,5.899
12.111,6.1601,-11.895
12.41,-11.721,5.899
-11.667,12.356,-6.1483
12.41,-11.721,-6.1483
-11.986,6.1407,12.199
-5.8437,12.397,-11.956
5.89,12.402,12.019
12.111,6.1601,12.199
5.89,12.402,-12.075
-5.8437,12.397,12.138
-12.007,-6.0901,12.437
12.09,-6.0707,12.437
12.429,12.376,5.899
12.429,12.376,-6.1483
12.039,-12.039,-12.047
12.039,-12.039,12.047
-12.039,12.039,-12.047
-12.039,12.039,12.047
-12.058,-12.058,-12.047
-12.058,-12.058,12.047
12.058,12.058,-12.047
12.058,12.058,12.047
