-3.0939,-10.015,-10.067
-9.4883,-3.8654,-10.207
-9.6799,-9.4296,-9.9968
-3.0943,-10.014,3.1105
-9.4887,-3.8641,2.9705
-9.6803,-9.4283,3.1805
-3.3574,-9.9332,-3.3825
-9.6747,-3.6173,-3.6595
-9.7574,-9.3343,-3.7065
-3.3578,-9.9319,9.7947
-9.6751,-3.616,9.5177
-9.7578,-9.333,9.4707
9.4831,-10.316,-10.077
9.4826,-10.314,3.0999
8.9304,-10.005,-3.4421
8.93,-10.004,9.7351
9.5803,2.6574,-10.067
3.1859,8.8071,-10.207
3.461,-3.4011,-10.081
-3.1193,2.2883,-10.079
3.0509,-9.4822,-10.129
-3.4269,-2.9563,-9.8032
9.0069,-3.2052,-10.107
2.9943,3.2429,-9.9972
9.5799,2.6587,3.11
3.1855,8.8084,2.97
3.4606,-3.3998,3.096
-3.1198,2.2896,3.098
3.0505,-9.4809,3.048
-3.4273,-2.955,3.374
9.0064,-3.2039,3.07
2.9939,3.2442,3.18
2.972,-3.5829,-3.453
-3.672,2.5986,-3.444
9.3168,2.7393,-3.383
2.9995,9.0552,-3.66
2.8412,-9.273,-3.59
-3.6982,-2.8666,-3.409
8.9718,-2.663,-3.469
2.9168,3.3383,-3.707
2.9715,-3.5816,9.7242
-3.6724,2.5999,9.7332
9.3164,2.7406,9.7942
2.9991,9.0565,9.5172
2.8407,-9.2717,9.5872
-3.6986,-2.8653,9.7682
8.9713,-2.6616,9.7082
2.9164,3.3396,9.4702
-9.1414,9.2028,-10.083
-9.5515,3.1216,-10.131
-3.5956,9.3986,-10.109
-9.1418,9.2041,3.0941
-9.5519,3.123,3.0461
-3.596,9.3999,3.0681
-9.6304,9.0209,-3.4549
-9.7612,3.3308,-3.5919
-3.6306,9.9409,-3.4709
-9.6309,9.0223,9.7223
-9.7617,3.3322,9.5853
-3.6311,9.9422,9.7063
9.2473,9.7162,-9.8037
9.2469,9.7175,3.3735
8.976,9.8059,-3.4095
8.9756,9.8072,9.7678
-4.3667,-9.6064,-9.3918
-10.79,-3.5734,-9.5298
-9.6,-10.727,-9.2498
-4.3671,-9.6051,3.7855
-10.79,-3.5721,3.6475
-9.6004,-10.726,3.9275
-8.5292,-9.5853,-2.8875
-8.5296,-9.584,10.29
8.1877,-9.8163,-9.5183
3.1601,-10.716,-9.2753
9.2321,-4.5816,-9.5443
8.1872,-9.815,3.6589
3.1597,-10.714,3.9019
9.2316,-4.5803,3.6329
9.262,-8.9439,-2.4341
4.021,-9.2055,-2.6651
10.017,-3.0848,-2.4801
9.2616,-8.9425,10.743
4.0205,-9.2042,10.512
10.017,-3.0835,10.697
2.0857,-3.3565,-9.4922
-4.4147,2.7875,-9.5202
8.3075,3.0661,-9.3922
1.8842,9.0991,-9.5302
-3.207,-4.2836,-9.1512
-9.4423,1.8881,-9.2772
3.0742,1.9453,-9.2502
-3.3703,8.0222,-9.5462
2.0853,-3.3552,3.685
-4.4152,2.7888,3.657
8.3071,3.0674,3.785
1.8837,9.1005,3.647
-3.2074,-4.2822,4.026
-9.4427,1.8894,3.9
3.0738,1.9467,3.927
-3.3708,8.0235,3.631
-3.5327,-8.5263,-2.915
-9.6591,-2.3335,-2.892
2.9458,-2.1652,-2.964
-3.3404,3.66,-2.436
-2.3907,-3.0851,-2.703
-8.5814,3.3984,-2.667
4.1451,3.0872,-2.888
-2.5852,9.5191,-2.482
-3.5331,-8.525,10.262
-9.6595,-2.3321,10.285
2.9454,-2.1638,10.213
-3.3408,3.6613,10.741
-2.3912,-3.0838,10.474
-8.5819,3.3997,10.51
4.1446,3.0885,10.289
-2.5856,9.5204,10.695
-10.517,9.2473,-9.4941
-10.517,9.2486,3.6831
-9.6566,10.439,-2.9659
-9.657,10.44,10.211
9.4672,8.389,-9.1517
9.4668,8.3903,4.0255
9.1415,4.1462,-2.9155
3.0151,10.339,-2.8925
10.283,9.5874,-2.7035
9.1411,4.1476,10.262
3.0147,10.34,10.285
10.283,9.5887,10.474
-0.27051,-13.245,-3.2176
-0.27094,-13.244,9.9596
-6.4336,-12.385,-9.9948
-12.834,-6.5305,-10.064
-12.473,-12.872,-10.168
-5.5108,-9.7082,-13.313
-11.833,-3.3379,-13.404
-13.589,-3.6399,-7.1758
-13.257,-9.6283,-13.407
-9.5342,-12.127,-13.35
-3.1872,-13.546,-12.987
-9.4777,-7.3677,-13.191
-12.97,-12.897,-3.3735
-6.5669,-6.5808,-3.3485
-12.873,-0.64111,-3.2195
-6.434,-12.383,3.1825
-12.834,-6.5292,3.1135
-12.473,-12.871,3.0095
-6.9452,-12.704,-3.5095
-13.76,-6.223,-3.4575
-9.8069,-13.642,-6.6805
-3.479,-12.428,-6.6845
-9.8875,-6.0901,-6.7395
-12.176,-9.895,-6.7275
-5.5112,-9.7069,-0.13554
-11.833,-3.3366,-0.22654
-7.1644,-9.8568,-6.6915
-13.589,-3.6385,6.0015
-13.258,-9.627,-0.22954
-9.5347,-12.125,-0.17254
-3.1877,-13.545,0.19046
-9.4781,-7.3664,-0.013539
-12.97,-12.896,9.8037
-6.5674,-6.5795,9.8287
-12.873,-0.6398,9.9577
-6.9457,-12.702,9.6677
-13.76,-6.2217,9.7197
-9.8073,-13.641,6.4967
-3.4794,-12.427,6.4927
-9.8879,-6.0888,6.4377
-12.177,-9.8937,6.4497
-5.5117,-9.7056,13.042
-11.834,-3.3353,12.951
-7.1649,-9.8555,6.4857
-13.258,-9.6257,12.948
-9.5351,-12.124,13.005
-3.1881,-13.544,13.368
-9.4785,-7.3651,13.164
6.0897,-12.776,-9.9433
12.443,-6.4618,-10.062
0.20725,-12.814,-9.9383
12.804,-12.803,-10.166
6.1264,-6.6563,-9.8673
6.9276,-9.4868,-12.9
13.444,-3.2692,-13.402
11.688,-3.5712,-7.1743
12.019,-9.5597,-13.405
3.0392,-12.15,-13.301
9.4392,-5.9442,-13.019
9.3657,-13.343,-13.101
12.307,-12.829,-3.3721
6.3919,-6.6578,-3.2841
12.404,-0.57242,-3.2181
6.0892,-12.774,3.2339
12.443,-6.4605,3.1149
0.20682,-12.813,3.2389
12.803,-12.802,3.0109
6.126,-6.655,3.3099
5.3878,-12.398,-3.4171
11.517,-6.1543,-3.4561
2.816,-13.817,-6.7751
9.1821,-7.5205,-6.8671
9.1461,-12.771,-6.6991
13.1,-9.8263,-6.7261
6.9272,-9.4855,0.2769
13.443,-3.2679,-0.2251
5.5271,-9.8574,-6.6501
11.687,-3.5699,6.0029
12.019,-9.5583,-0.2281
3.0388,-12.149,-0.1241
9.4388,-5.9429,0.1579
9.3653,-13.342,0.075903
12.306,-12.827,9.8051
6.3915,-6.6565,9.8931
12.403,-0.57111,9.9591
5.3874,-12.397,9.7601
11.517,-6.153,9.7211
2.8156,-13.816,6.4021
9.1817,-7.5191,6.3101
9.1456,-12.769,6.4781
13.1,-9.825,6.4511
6.9267,-9.4842,13.454
13.443,-3.2666,12.952
5.5267,-9.8561,6.5271
12.019,-9.557,12.949
3.0384,-12.148,13.053
9.4384,-5.9416,13.335
9.3648,-13.341,13.253
-0.19968,-6.0549,-10.137
-6.5127,-0.17173,-9.9452
6.2407,0.28789,-9.9952
-0.15937,6.142,-10.064
-6.0722,-6.3455,-9.9402
-12.395,-0.21062,-9.9402
0.20125,-0.19931,-10.168
-6.476,5.9476,-9.8692
0.64885,-3.2901,-13.327
-5.6748,3.117,-12.902
7.1634,2.9643,-13.313
0.84118,9.3346,-13.404
-0.91456,9.0327,-7.1762
-0.61616,-9.5218,-13.292
-6.8345,-3.3162,-13.537
5.518,-3.1981,-13.732
-0.58293,3.0442,-13.407
-3.3109,-5.9064,-13.227
-9.5632,0.45335,-13.303
3.14,0.54598,-13.35
-3.1632,6.6596,-13.021
3.1464,-6.8822,-13.157
-3.2367,-0.73954,-13.103
9.487,-0.87389,-12.987
3.1966,5.3048,-13.191
-0.29557,-0.22486,-3.374
-6.2105,5.9461,-3.286
6.1073,6.0917,-3.349
-0.1987,12.031,-3.22
-0.20011,-6.0535,3.04
-6.5132,-0.17041,3.232
6.2402,0.28921,3.182
-0.15981,6.1433,3.113
-6.0726,-6.3442,3.237
-12.396,-0.2093,3.237
0.20082,-0.19799,3.009
-6.4764,5.9489,3.308
-0.7658,-6.2558,-3.484
-7.2146,0.20577,-3.419
5.729,-0.031113,-3.51
-1.0854,6.4495,-3.458
-3.4684,-7.3079,-6.79
-9.7864,-1.2134,-6.777
2.8673,-0.96944,-6.681
-3.4203,5.0834,-6.869
2.8122,-6.2487,-6.528
-3.4563,-0.16688,-6.701
9.1952,0.24466,-6.685
2.7867,6.5825,-6.74
0.3578,-9.9151,-6.774
-5.939,-3.5857,-6.654
6.842,-3.4662,-6.828
0.4978,2.7775,-6.728
0.64842,-3.2888,-0.15
-5.6752,3.1183,0.275
7.163,2.9656,-0.136
0.84075,9.3359,-0.227
-0.62579,-3.5009,-6.788
-7.0753,2.7464,-6.652
5.5098,2.8157,-6.692
-0.915,9.034,6.001
-0.6166,-9.5205,-0.115
-6.8349,-3.3149,-0.36
5.5176,-3.1968,-0.555
-0.58336,3.0455,-0.23
-3.3114,-5.905,-0.05
-9.5636,0.45467,-0.126
3.1396,0.5473,-0.173
-3.1636,6.6609,0.156
3.1459,-6.8809,0.02
-3.2371,-0.73822,0.074
9.4865,-0.87257,0.19
3.1961,5.3061,-0.014
-0.296,-0.22354,9.8032
-6.211,5.9474,9.8912
6.1068,6.093,9.8282
-0.19913,12.033,9.9572
-0.76623,-6.2545,9.6932
-7.215,0.20708,9.7582
5.7285,-0.029797,9.6672
-1.0858,6.4508,9.7192
-3.4688,-7.3066,6.3872
-9.7868,-1.2121,6.4002
2.8669,-0.96813,6.4962
-3.4207,5.0847,6.3082
2.8117,-6.2474,6.6492
-3.4568,-0.16556,6.4762
9.1948,0.24597,6.4922
2.7863,6.5838,6.4372
0.35736,-9.9137,6.4032
-5.9394,-3.5844,6.5232
6.8415,-3.4649,6.3492
0.49737,2.7788,6.4492
0.64798,-3.2874,13.027
-5.6757,3.1197,13.452
7.1626,2.9669,13.041
0.84032,9.3372,12.95
-0.62622,-3.4996,6.3892
-7.0757,2.7477,6.5252
5.5093,2.817,6.4852
-0.61703,-9.5192,13.062
-6.8353,-3.3136,12.817
5.5171,-3.1955,12.622
-0.5838,3.0468,12.947
-3.3118,-5.9037,13.127
-9.5641,0.45599,13.051
3.1391,0.54862,13.004
-3.164,6.6623,13.333
3.1455,-6.8795,13.197
-3.2376,-0.7369,13.251
9.4861,-0.87125,13.367
3.1957,5.3074,13.163
-12.802,6.549,-10.139
-6.3618,12.892,-9.9971
-12.401,12.405,-10.17
-11.954,9.3138,-13.329
-13.219,3.082,-13.294
-7.0844,9.4057,-13.734
-9.4624,13.15,-13.352
-9.4561,5.7217,-13.159
-3.1154,11.73,-12.989
-12.898,12.379,-3.3759
-12.803,6.5503,3.0381
-6.3622,12.893,3.1801
-12.402,12.406,3.0071
-13.368,6.3481,-3.4859
-6.8734,12.573,-3.5119
-9.7351,11.634,-6.6829
-9.7902,6.3551,-6.5299
-3.4072,12.849,-6.6869
-12.245,2.6888,-6.7759
-5.7604,9.1376,-6.8299
-11.954,9.3151,-0.1519
-13.228,9.103,-6.7899
-13.219,3.0834,-0.1169
-7.0848,9.407,-0.5569
-9.4628,13.151,-0.1749
-9.4565,5.723,0.018097
-3.1159,11.731,0.1881
-12.898,12.38,9.8013
-13.369,6.3494,9.6913
-6.8739,12.574,9.6653
-9.7355,11.636,6.4943
-9.7907,6.3565,6.6473
-3.4076,12.85,6.4903
-12.245,2.6901,6.4013
-5.7609,9.1389,6.3473
-11.954,9.3164,13.025
-13.229,9.1043,6.3873
-13.219,3.0847,13.06
-7.0853,9.4083,12.62
-9.4633,13.152,13.002
-9.4569,5.7243,13.195
-3.1163,11.733,13.365
12.881,-0.14193,-9.9388
12.881,-0.14062,3.2384
12.475,6.6177,-10.138
6.1615,12.501,-9.9457
6.602,6.3271,-9.9407
0.27906,12.462,-9.9407
12.875,12.473,-10.169
13.323,9.3825,-13.328
12.058,3.1507,-13.293
5.8398,9.3563,-13.538
9.3633,6.7662,-13.228
3.111,13.126,-13.304
9.4375,11.933,-13.104
12.379,12.448,-3.3745
12.474,6.619,3.0395
6.1611,12.502,3.2315
6.6016,6.3284,3.2365
0.27863,12.463,3.2365
12.875,12.475,3.0085
11.908,6.4168,-3.4845
5.4596,12.878,-3.4195
9.2059,5.3646,-6.7905
2.8879,11.459,-6.7775
9.2179,12.506,-6.7015
13.032,2.7575,-6.7745
6.7352,9.0868,-6.6545
13.323,9.3838,-0.15046
12.048,9.1716,-6.7885
12.058,3.152,-0.11546
5.8393,9.3576,-0.36046
9.3628,6.7675,-0.050461
3.1106,13.127,-0.12646
9.4371,11.934,0.073539
12.378,12.449,9.8028
11.908,6.4181,9.6928
5.4592,12.88,9.7578
9.2054,5.3659,6.3868
2.8874,11.46,6.3998
9.2174,12.507,6.4758
13.032,2.7588,6.4028
6.7348,9.0881,6.5228
13.322,9.3851,13.027
12.048,9.173,6.3888
12.057,3.1534,13.062
5.8389,9.3589,12.817
9.3624,6.7688,13.127
3.1102,13.129,13.051
9.4366,11.936,13.251
0,0,0
-6.272,-0.055154,0.197
-0.048083,-6.3654,-0.025
-0.3783,-0.20435,-6.366
0.14849,6.388,0.067
6.4665,-0.060104,0.112
-0.37874,-0.20304,6.8112
-0.478,5.9213,-6.492
6.2077,6.2626,0.14554
6.2628,-6.2218,-0.279
6.0309,-0.37547,-6.526
-0.47844,5.9226,6.6852
6.0305,-0.37416,6.6512
-6.3396,6.382,-0.2809
-6.4665,-6.4099,0.146
-6.6906,-0.47235,-6.336
-0.39386,-6.7536,-6.478
-0.39429,-6.7523,6.6992
-6.6911,-0.47103,6.8412
5.8188,6.0592,-6.433
5.8183,6.0605,6.7442
5.8339,-6.6066,6.3912
-6.7685,5.9972,6.3893
5.8343,-6.6079,-6.786
-6.7681,5.9959,-6.7879
-6.8554,-6.6133,-6.4325
-6.8559,-6.612,6.7447
-0.16051,-12.495,0.139
12.514,0.17725,0.13854
-12.763,0.10856,0.1371
-0.088705,12.781,0.13664
-0.00043346,0.0013159,13.177
0.00043346,-0.0013159,-13.177
12.174,-0.32598,-6.407
-0.42815,12.278,-6.4089
12.174,-0.32466,6.7702
-6.1359,12.544,0.1101
-12.526,-6.2845,0.067461
-0.42858,12.279,6.7683
-12.65,6.2385,-0.026903
12.626,6.3072,-0.025461
6.4022,12.617,0.19654
6.3304,-12.659,0.1989
-6.2077,-12.733,0.11246
12.751,-6.2158,0.068903
-6.2716,-0.05647,-12.98
-0.49995,-12.999,-6.4065
6.4669,-0.06142,-13.065
0.14893,6.3867,-13.11
-13.102,-0.39466,-6.4084
-0.048517,-6.3641,13.152
-0.04765,-6.3667,-13.202
-0.50039,-12.997,6.7707
0.14806,6.3893,13.244
-13.103,-0.39335,6.7688
-6.2725,-0.053838,13.374
6.4661,-0.058788,13.289
5.9836,12.2,-6.3365
12.28,5.919,-6.4785
12.28,5.9203,6.6988
5.9831,12.202,6.8408
12.124,-6.6825,-6.4901
-6.5715,12.228,-6.5279
12.124,-6.6812,6.6871
-6.5719,12.23,6.6493
6.2624,-6.2205,12.898
-12.996,5.8503,-6.4799
5.9118,-13.076,-6.3341
-6.34,6.3833,12.896
6.2082,6.2613,-13.032
-12.997,5.8516,6.6973
5.9113,-13.075,6.8431
-6.4661,-6.4112,-13.031
6.2073,6.2639,13.323
-6.6433,-13.048,-6.5255
-6.6437,-13.047,6.6517
6.2633,-6.2231,-13.456
-6.4669,-6.4086,13.323
-13.152,-6.7512,-6.4915
-6.3391,6.3807,-13.458
-13.153,-6.7499,6.6857
12.602,-12.604,0.001903
-12.602,12.604,-0.001903
-12.674,-12.673,0.000461
12.674,12.673,-0.000461
-0.16008,-12.497,-13.038
12.514,0.17593,-13.039
-12.762,0.10725,-13.04
-0.088272,12.78,-13.041
-0.16095,-12.494,13.316
12.513,0.17857,13.316
-12.763,0.10988,13.314
-0.089139,12.782,13.314
12.296,12.468,-6.3665
12.295,12.469,6.8108
12.224,-12.808,-6.3641
12.224,-12.807,6.8131
-12.981,12.399,-6.3679
-6.1355,12.542,-13.067
-12.525,-6.2858,-13.11
6.4026,12.616,-12.981
-12.981,12.401,6.8093
6.3308,-12.66,-12.978
-6.2073,-12.734,-13.065
-6.1363,12.545,13.287
-12.526,-6.2832,13.245
-12.651,6.2398,13.15
12.626,6.3085,13.152
12.751,-6.2172,-13.108
-12.65,6.2372,-13.204
12.627,6.3058,-13.203
12.75,-6.2145,13.246
-13.053,-12.877,-6.3655
-6.2082,-12.731,13.29
6.4017,12.619,13.374
6.3299,-12.658,13.376
-13.053,-12.876,6.8117
12.603,-12.605,-13.175
-12.603,12.605,13.175
12.602,-12.603,13.179
-12.602,12.603,-13.179
-12.675,-12.671,13.178
12.675,12.671,-13.178
-12.674,-12.674,-13.177
12.674,12.674,13.177
