-3.5099,-8.9377,-9.7153
-9.5203,-2.8961,-9.6963
-8.1994,-8.6067,-9.1563
-3.5099,-8.9377,2.332
-9.5203,-2.8961,2.351
-8.1994,-8.6067,2.891
-9.3011,-9.0904,-2.858
-9.3011,-9.0904,9.1893
8.6184,-8.8786,-9.6593
3.7641,-8.7421,-9.2093
9.7787,-2.719,-9.1713
8.6184,-8.8786,2.388
3.7641,-8.7421,2.838
9.7787,-2.719,2.876
8.8871,-8.7569,-2.852
8.8871,-8.7569,9.1953
2.489,-2.9614,-9.6143
-3.4203,3.1601,-9.6593
8.5482,3.1205,-9.7153
2.5378,9.162,-9.6963
-2.3808,-2.5562,-9.2493
-8.2746,3.2965,-9.2093
3.8587,3.4514,-9.1563
-2.2599,9.3197,-9.1713
2.489,-2.9614,2.433
-3.4203,3.1601,2.388
8.5482,3.1205,2.332
2.5378,9.162,2.351
-2.3808,-2.5562,2.798
-8.2746,3.2965,2.838
3.8587,3.4514,2.891
-2.2599,9.3197,2.876
2.7266,-9.0283,-2.867
-3.3489,-3.0589,-2.83
8.8544,-3.0448,-2.813
2.757,2.9677,-2.858
-3.2216,-8.8912,-2.839
-9.1415,-2.803,-2.853
2.88,-2.791,-2.886
-3.1516,3.2817,-2.852
2.7266,-9.0283,9.1803
-3.3489,-3.0589,9.2173
8.8544,-3.0448,9.2343
2.757,2.9677,9.1893
-3.2216,-8.8912,9.2083
-9.1415,-2.803,9.1943
2.88,-2.791,9.1613
-3.1516,3.2817,9.1953
-9.5496,9.0773,-9.6143
-9.5496,9.0773,2.433
-9.312,3.0103,-2.867
-3.1842,8.9938,-2.813
-9.1586,9.2477,-2.886
-9.312,3.0103,9.1803
-3.1842,8.9938,9.2343
-9.1586,9.2477,9.1613
9.6773,9.5019,-9.2493
9.6773,9.5019,2.798
8.7093,8.9992,-2.83
8.8365,3.167,-2.839
2.9166,9.2551,-2.853
8.7093,8.9992,9.2173
8.8365,3.167,9.2083
2.9166,9.2551,9.1943
-9.3089,-9.5889,-9.3373
-9.3089,-9.5889,2.71
-8.0524,-9.2219,-3.675
-8.0524,-9.2219,8.3723
9.4605,-9.0292,-8.4333
9.4605,-9.0292,3.614
3.914,-9.0532,-3.783
10.025,-3.0831,-3.746
10.038,-9.6939,-3.016
3.914,-9.0532,8.2643
10.025,-3.0831,8.3013
10.038,-9.6939,9.0313
-2.5682,-8.894,-8.5533
-8.6274,-2.9974,-8.5033
3.3432,-2.9684,-8.3863
-2.5781,3.0094,-8.4333
2.6304,-9.7057,-9.3423
-3.433,-3.6154,-9.3003
8.6027,-3.6317,-9.2913
2.7492,2.4692,-9.3373
-2.5682,-8.894,3.494
-8.6274,-2.9974,3.544
3.3432,-2.9684,3.661
-2.5781,3.0094,3.614
2.6304,-9.7057,2.705
-3.433,-3.6154,2.747
8.6027,-3.6317,2.756
2.7492,2.4692,2.71
-8.1247,2.9854,-3.783
-2.115,-3.1968,-3.67
-2.0131,8.9555,-3.746
4.0058,2.8362,-3.675
-1.9403,-9.6365,-3.013
-7.9295,-3.66,-2.995
4.0934,-3.648,-3.02
-2.0011,2.3448,-3.016
-8.1247,2.9854,8.2643
-2.115,-3.1968,8.3773
-2.0131,8.9555,8.3013
4.0058,2.8362,8.3723
-1.9403,-9.6365,9.0343
-7.9295,-3.66,9.0523
4.0934,-3.648,9.0273
-2.0011,2.3448,9.0313
-8.6954,9.0702,-8.3863
-9.4082,2.3329,-9.3423
-3.436,8.4069,-9.2913
-8.6954,9.0702,3.661
-9.4082,2.3329,2.705
-3.436,8.4069,2.756
-7.9452,8.3907,-3.02
-7.9452,8.3907,9.0273
9.4899,3.1641,-8.5533
3.4307,9.0607,-8.5033
8.6251,8.4427,-9.3003
9.4899,3.1641,3.494
3.4307,9.0607,3.544
8.6251,8.4427,2.747
9.9432,8.8613,-3.67
10.118,2.4217,-3.013
4.1286,8.3981,-2.995
9.9432,8.8613,8.3773
10.118,2.4217,9.0343
4.1286,8.3981,9.0523
0.066778,-12.439,-3.118
0.066778,-12.439,8.9293
-5.6913,-13.017,-8.9143
-11.793,-7.0073,-8.9123
-12.318,-11.376,-9.0763
-8.8394,-11.64,-6.5383
-6.0208,-9.1675,-12.311
-12.014,-3.1323,-12.248
-5.5047,-9.2551,-6.5033
-11.497,-3.1988,-6.5003
-12.012,-9.1682,-12.552
-2.8827,-12.086,-12.302
-8.8825,-6.0512,-12.297
-8.9278,-11.963,-11.685
-5.9402,-6.4112,-3.145
-11.972,-0.40076,-3.118
-11.939,-12.446,-3.131
-5.6913,-13.017,3.133
-11.793,-7.0073,3.135
-12.318,-11.376,2.971
-6.5045,-12.023,-2.961
-12.5,-5.9523,-2.976
-8.8394,-11.64,5.509
-2.7653,-12.233,-5.895
-8.7482,-6.1488,-5.87
-12.13,-9.1965,-5.726
-6.0208,-9.1675,-0.264
-12.014,-3.1323,-0.201
-5.5047,-9.2551,5.544
-11.497,-3.1988,5.547
-12.012,-9.1682,-0.505
-2.8827,-12.086,-0.255
-8.8825,-6.0512,-0.25
-8.9278,-11.963,0.362
-5.9402,-6.4112,8.9023
-11.972,-0.40076,8.9293
-11.939,-12.446,8.9163
-6.5045,-12.023,9.0863
-12.5,-5.9523,9.0713
-2.7653,-12.233,6.1523
-8.7482,-6.1488,6.1773
-12.13,-9.1965,6.3213
-6.0208,-9.1675,11.783
-12.014,-3.1323,11.846
-12.012,-9.1682,11.542
-2.8827,-12.086,11.792
-8.8825,-6.0512,11.797
-8.9278,-11.963,12.409
6.3295,-13.034,-8.9123
12.304,-6.9878,-8.9123
11.778,-11.357,-9.0763
3.2394,-11.637,-6.5083
9.2597,-5.6506,-6.4833
6.0699,-9.1628,-12.274
12.083,-3.1128,-12.248
6.5303,-9.2526,-6.5293
12.599,-3.1793,-6.5003
12.085,-9.1487,-12.552
9.1254,-12.073,-12.299
3.1616,-11.892,-11.777
9.1607,-5.9547,-11.796
12.125,-0.38127,-3.118
12.157,-12.426,-3.131
6.0615,-6.4461,-3.122
6.3295,-13.034,3.135
12.304,-6.9878,3.135
11.778,-11.357,2.971
5.5325,-12.003,-2.988
11.597,-5.9328,-2.976
3.2394,-11.637,5.539
9.2597,-5.6506,5.564
9.2922,-12.206,-5.876
11.967,-9.177,-5.726
6.0699,-9.1628,-0.227
12.083,-3.1128,-0.201
6.5303,-9.2526,5.518
12.599,-3.1793,5.547
12.085,-9.1487,-0.505
9.1254,-12.073,-0.252
3.1616,-11.892,0.27
9.1607,-5.9547,0.251
12.125,-0.38127,8.9293
12.157,-12.426,8.9163
6.0615,-6.4461,8.9253
5.5325,-12.003,9.0593
11.597,-5.9328,9.0713
9.2922,-12.206,6.1713
11.967,-9.177,6.3213
6.0699,-9.1628,11.82
12.083,-3.1128,11.846
12.085,-9.1487,11.542
9.1254,-12.073,11.795
3.1616,-11.892,12.317
9.1607,-5.9547,12.298
0.3387,-7.0138,-8.9143
-5.7092,-0.99561,-8.9123
6.3668,-0.95884,-8.9143
0.26517,5.0509,-8.9123
-0.32739,-11.401,-9.0553
-6.3307,-5.3408,-9.0543
5.6986,-5.3379,-9.0163
-0.26022,0.68165,-9.0763
-2.7881,-5.6632,-6.4693
-8.7992,0.40164,-6.5083
3.2188,0.41861,-6.5383
-2.7789,6.388,-6.4833
0.04879,-3.1516,-12.277
-5.9687,2.8758,-12.274
6.0373,2.8907,-12.311
0.044548,8.9258,-12.248
0.54164,-3.1975,-6.4773
-5.5084,2.786,-6.5293
6.5535,2.803,-6.5033
0.56074,8.8593,-6.5003
0.05869,-9.1747,-12.517
-5.9206,-3.1388,-12.495
6.0366,-3.1233,-12.491
0.045962,2.8899,-12.552
3.1212,-6.0429,-12.336
-2.9133,-0.033941,-12.299
9.1754,-0.028284,-12.302
3.1756,6.0069,-12.297
-2.8454,-5.9213,-11.741
-8.877,0.14708,-11.777
3.1304,0.095459,-11.685
-2.8779,6.0839,-11.796
6.1179,5.647,-3.145
0.086267,11.657,-3.118
0.11879,-0.38749,-3.131
-5.9772,5.5925,-3.122
0.3387,-7.0138,3.133
-5.7092,-0.99561,3.135
6.3668,-0.95884,3.133
0.26517,5.0509,3.135
-0.32739,-11.401,2.992
-6.3307,-5.3408,2.993
5.6986,-5.3379,3.031
-0.26022,0.68165,2.971
-0.50134,-6.021,-2.978
-6.5061,0.036062,-2.988
5.5536,0.035355,-2.961
-0.44194,6.1059,-2.976
-2.7881,-5.6632,5.578
-8.7992,0.40164,5.539
3.2188,0.41861,5.509
-2.7789,6.388,5.564
3.2562,-6.1794,-5.898
-2.7464,-0.16688,-5.876
9.2928,-0.17536,-5.895
3.31,5.9093,-5.87
-0.17324,-9.2101,-5.767
-6.1115,-3.194,-5.78
5.9022,-3.1714,-5.784
-0.071418,2.8617,-5.726
0.04879,-3.1516,-0.23
-5.9687,2.8758,-0.227
6.0373,2.8907,-0.264
0.044548,8.9258,-0.201
0.54164,-3.1975,5.57
-5.5084,2.786,5.518
6.5535,2.803,5.544
0.56074,8.8593,5.547
0.05869,-9.1747,-0.47
-5.9206,-3.1388,-0.448
6.0366,-3.1233,-0.444
0.045962,2.8899,-0.505
3.1212,-6.0429,-0.289
-2.9133,-0.033941,-0.252
9.1754,-0.028284,-0.255
3.1756,6.0069,-0.25
-2.8454,-5.9213,0.306
-8.877,0.14708,0.27
3.1304,0.095459,0.362
-2.8779,6.0839,0.251
6.1179,5.647,8.9023
0.086267,11.657,8.9293
0.11879,-0.38749,8.9163
-5.9772,5.5925,8.9253
-0.50134,-6.021,9.0693
-6.5061,0.036062,9.0593
5.5536,0.035355,9.0863
-0.44194,6.1059,9.0713
3.2562,-6.1794,6.1493
-2.7464,-0.16688,6.1713
9.2928,-0.17536,6.1523
3.31,5.9093,6.1773
-0.17324,-9.2101,6.2803
-6.1115,-3.194,6.2673
5.9022,-3.1714,6.2633
-0.071418,2.8617,6.3213
0.04879,-3.1516,11.817
-5.9687,2.8758,11.82
6.0373,2.8907,11.783
0.044548,8.9258,11.846
0.05869,-9.1747,11.577
-5.9206,-3.1388,11.599
6.0366,-3.1233,11.603
0.045962,2.8899,11.542
3.1212,-6.0429,11.758
-2.9133,-0.033941,11.795
9.1754,-0.028284,11.792
3.1756,6.0069,11.797
-2.8454,-5.9213,12.353
-8.877,0.14708,12.317
3.1304,0.095459,12.409
-2.8779,6.0839,12.298
-11.7,5.0248,-8.9143
-5.6718,11.08,-8.9143
-12.366,0.63795,-9.0553
-6.3401,6.7007,-9.0163
-12.299,12.72,-9.0763
-8.8199,12.457,-6.5383
-11.99,8.8871,-12.277
-11.497,8.8411,-6.4773
-11.98,2.8639,-12.517
-6.0021,8.9153,-12.491
-8.9175,5.9957,-12.336
-2.8632,12.01,-12.302
-8.9083,12.134,-11.685
-11.92,11.651,-3.131
-11.7,5.0248,3.133
-5.6718,11.08,3.133
-12.366,0.63795,2.992
-6.3401,6.7007,3.031
-12.299,12.72,2.971
-12.54,6.0176,-2.978
-6.485,12.074,-2.961
-8.8199,12.457,5.509
-8.7824,5.8592,-5.898
-2.7458,11.863,-5.895
-12.212,2.8286,-5.767
-6.1364,8.8673,-5.784
-11.99,8.8871,-0.23
-11.497,8.8411,5.57
-11.98,2.8639,-0.47
-6.0021,8.9153,-0.444
-8.9175,5.9957,-0.289
-2.8632,12.01,-0.255
-8.9083,12.134,0.362
-11.92,11.651,8.9163
-12.54,6.0176,9.0693
-6.485,12.074,9.0863
-8.7824,5.8592,6.1493
-2.7458,11.863,6.1523
-12.212,2.8286,6.2803
-6.1364,8.8673,6.2633
-11.99,8.8871,11.817
-11.98,2.8639,11.577
-6.0021,8.9153,11.603
-8.9175,5.9957,11.758
-2.8632,12.01,11.792
-8.9083,12.134,12.409
12.397,5.0443,-8.9143
6.3489,11.063,-8.9123
11.731,0.65744,-9.0553
5.7274,6.7173,-9.0543
11.798,12.74,-9.0763
9.27,6.3949,-6.4693
3.2589,12.46,-6.5083
12.107,8.9065,-12.277
12.6,8.8606,-6.4773
12.117,2.8834,-12.517
6.1375,8.9193,-12.495
9.1448,12.024,-12.299
9.2127,6.1368,-11.741
3.1811,12.205,-11.777
12.177,11.671,-3.131
12.397,5.0443,3.133
6.3489,11.063,3.135
11.731,0.65744,2.992
5.7274,6.7173,2.993
11.798,12.74,2.971
11.557,6.0371,-2.978
5.552,12.094,-2.988
9.27,6.3949,5.578
3.2589,12.46,5.539
9.3117,11.891,-5.876
11.885,2.8481,-5.767
5.9466,8.8641,-5.78
12.107,8.9065,-0.23
12.6,8.8606,5.57
12.117,2.8834,-0.47
6.1375,8.9193,-0.448
9.1448,12.024,-0.252
9.2127,6.1368,0.306
3.1811,12.205,0.27
12.177,11.671,8.9163
11.557,6.0371,9.0693
5.552,12.094,9.0593
9.3117,11.891,6.1713
11.885,2.8481,6.2803
5.9466,8.8641,6.2673
12.107,8.9065,11.817
12.117,2.8834,11.577
6.1375,8.9193,11.599
9.1448,12.024,11.795
9.2127,6.1368,12.353
3.1811,12.205,12.317
-0.3079,12.696,-9.0553
-0.3079,12.696,2.992
0,0,0
0.32173,-0.065761,5.9513
-5.968,0.0014142,-0.053
0.074246,-6.0196,-0.063
0.059397,6.05,-0.088
6.0726,0.0056569,-0.047
0.32173,-0.065761,-6.096
-5.7537,-0.13081,5.9753
-5.7537,-0.13081,-6.072
0.28709,5.9496,5.9623
-6.0261,5.9879,-0.011
0.28709,5.9496,-6.085
6.0244,6.023,0.022
6.0125,-6.0507,-0.011
0.25032,-6.1136,5.9463
-6.0337,-6.0352,0.022
0.25032,-6.1136,-6.101
6.3081,-0.094045,5.9213
6.3081,-0.094045,-6.126
-5.7163,5.9086,5.9853
-5.7163,5.9086,-6.062
-5.7311,-6.1243,5.9813
-5.7311,-6.1243,-6.066
6.327,5.9339,5.9813
6.327,5.9339,-6.066
6.3224,-6.13,5.9853
6.3224,-6.13,-6.062
0.0074678,12.026,0.014
12.046,-0.012899,0.014
0,0,-12.047
0,0,12.047
-12.051,-0.032388,0.014
-0.012021,-12.071,0.014
-11.761,-0.067743,5.9723
-11.761,-0.067743,-6.075
-11.964,6.019,-0.063
-5.968,0.0014142,11.994
0.29738,11.99,5.9723
0.059397,6.05,11.959
0.074246,-6.0196,11.984
-11.999,-6.0081,-0.088
-5.966,12.044,-0.047
0.29738,11.99,-6.075
6.0726,0.0056569,12
-5.9855,-12.052,-0.047
6.0707,-12.037,-0.053
-5.968,0.0014142,-12.1
12.098,-5.9886,-0.088
0.27789,-12.106,5.9723
6.0901,12.06,-0.053
0.074246,-6.0196,-12.11
6.0726,0.0056569,-12.094
0.27789,-12.106,-6.075
12.132,6.0385,-0.063
0.059397,6.05,-12.135
12.336,-0.048254,5.9723
12.336,-0.048254,-6.075
-11.788,5.925,5.9463
-5.7305,11.945,5.9213
-11.788,5.925,-6.101
-11.771,-6.1085,5.9623
-11.771,-6.1085,-6.085
-5.7305,11.945,-6.126
-5.75,-12.152,5.9213
-6.0261,5.9879,12.036
6.0244,6.023,-12.025
-6.0337,-6.0352,-12.025
-6.0261,5.9879,-12.058
6.0125,-6.0507,12.036
6.3044,11.927,5.9753
6.0125,-6.0507,-12.058
6.0244,6.023,12.069
-5.75,-12.152,-6.126
-6.0337,-6.0352,12.069
6.3044,11.927,-6.072
12.308,5.9445,5.9463
6.2849,-12.169,5.9753
12.308,5.9445,-6.101
6.2849,-12.169,-6.072
12.326,-6.089,5.9623
12.326,-6.089,-6.085
0.0074678,12.026,-12.033
12.039,-12.039,0
-12.039,12.039,0
12.046,-0.012899,-12.033
-12.051,-0.032388,-12.033
0.0074678,12.026,12.061
-0.012021,-12.071,-12.033
12.046,-0.012899,12.061
-12.051,-0.032388,12.061
-12.058,-12.058,0
12.058,12.058,0
-0.012021,-12.071,12.061
-11.717,11.973,5.9513
-11.717,11.973,-6.096
-11.736,-12.124,5.9513
-11.736,-12.124,-6.096
-11.964,6.019,11.984
-11.999,-6.0081,11.959
-5.966,12.044,12
-5.9855,-12.052,12
12.098,-5.9886,11.959
6.0707,-12.037,11.994
-11.964,6.019,-12.11
6.0901,12.06,11.994
-5.966,12.044,-12.094
12.132,6.0385,11.984
-11.999,-6.0081,-12.135
-5.9855,-12.052,-12.094
6.0707,-12.037,-12.1
6.0901,12.06,-12.1
12.098,-5.9886,-12.135
12.132,6.0385,-12.11
12.38,11.992,5.9513
12.38,11.992,-6.096
12.36,-12.104,5.9513
12.36,-12.104,-6.096
12.039,-12.039,-12.047
12.039,-12.039,12.047
-12.039,12.039,-12.047
-12.039,12.039,12.047
-12.058,-12.058,-12.047
-12.058,-12.058,12.047
12.058,12.058,-12.047
12.058,12.058,12.047
