-2.7856,-9.5513,-10.385
-9.3398,-3.2007,-10.394
-9.5547,-8.8166,-10.422
-2.786,-9.55,2.7925
-9.3402,-3.1994,2.7835
-9.5552,-8.8153,2.7555
-2.7394,-9.6758,-3.9945
-9.7001,-3.2779,-4.0485
-9.9504,-9.2275,-4.1175
-2.7398,-9.6745,9.1827
-9.7006,-3.2766,9.1287
-9.9509,-9.2262,9.0597
9.785,-9.9316,-10.323
9.7846,-9.9303,2.8539
10.076,-9.4622,-3.8591
10.075,-9.4609,9.3181
9.8886,3.1213,-10.385
3.3344,9.4718,-10.394
3.8895,-3.1635,-10.539
-2.8174,2.6723,-10.325
3.3762,-8.884,-10.541
-3.8116,-2.4147,-10.451
9.9735,-2.4493,-10.953
3.1195,3.856,-10.422
9.8882,3.1226,2.792
3.334,9.4731,2.783
3.8891,-3.1622,2.638
-2.8178,2.6736,2.852
3.3757,-8.8827,2.636
-3.812,-2.4134,2.726
9.973,-2.448,2.224
3.119,3.8573,2.755
3.7583,-3.3015,-4.166
-2.5265,3.1417,-3.861
9.9349,2.9967,-3.995
2.9741,9.3946,-4.049
3.0674,-8.9845,-4.17
-3.2025,-2.6806,-4.052
8.7702,-3.1997,-3.741
2.7238,3.445,-4.118
3.7578,-3.3002,9.0112
-2.5269,3.143,9.3162
9.9344,2.998,9.1822
2.9737,9.3959,9.1282
3.067,-8.9832,9.0072
-3.2029,-2.6793,9.1252
8.7698,-3.1983,9.4362
2.7233,3.4463,9.0592
-8.7129,9.4403,-10.541
-9.2262,3.7199,-10.543
-2.6289,10.155,-10.955
-8.7133,9.4417,2.6361
-9.2267,3.7212,2.6341
-2.6294,10.156,2.2221
-8.8441,9.3024,-4.1679
-9.535,3.6193,-4.1719
-3.8322,9.4042,-3.7429
-8.8446,9.3037,9.0093
-9.5354,3.6207,9.0053
-3.8326,9.4055,9.4343
8.8626,10.258,-10.452
8.8622,10.259,2.7255
9.4717,9.9919,-4.0525
9.4713,9.9932,9.1248
-4.2203,-9.6764,-10.01
-10.632,-2.9384,-9.6928
-9.6269,-10.167,-9.8258
-4.2207,-9.6751,3.1675
-10.632,-2.9371,3.4845
-9.6273,-10.166,3.3515
-9.2257,-9.207,-2.8065
-9.2261,-9.2057,10.371
8.5009,-9.7251,-9.5743
3.0265,-10.036,-9.6553
8.5005,-9.7238,3.6029
3.0261,-10.035,3.5219
9.6594,-9.0273,-2.4821
3.1611,-9.3653,-2.7231
10.103,-3.1477,-3.0641
9.659,-9.026,10.695
3.1607,-9.364,10.454
10.102,-3.1464,10.113
2.5559,-3.1677,-9.8412
-4.1015,2.8787,-9.5762
8.4539,2.9961,-10.01
2.0426,9.7341,-9.6932
-3.3067,-3.0992,-9.2232
-9.5759,2.5676,-9.6572
3.0474,2.5054,-9.8262
9.347,-2.9401,-9.6822
2.5555,-3.1664,3.336
-4.1019,2.88,3.601
8.4535,2.9974,3.167
2.0421,9.7354,3.484
-3.3071,-3.0978,3.954
-9.5763,2.5689,3.52
3.0469,2.5067,3.351
9.3465,-2.9387,3.495
-3.0236,-8.539,-3.062
-9.2716,-2.0308,-3.346
3.8205,-2.0188,-3.408
-2.943,3.5765,-2.484
-1.7466,-2.81,-3.703
-9.4413,3.2385,-2.725
3.4486,3.4655,-2.807
-2.4996,9.4561,-3.066
-3.024,-8.5377,10.115
-9.272,-2.0295,9.8312
3.8201,-2.0175,9.7692
-2.9434,3.5779,10.693
-1.747,-2.8087,9.4742
-9.4417,3.2399,10.452
3.4481,3.4668,10.37
-2.5001,9.4575,10.111
-10.046,9.4361,-9.8431
-3.2554,9.6638,-9.6841
-10.047,9.4374,3.3341
-3.2559,9.6651,3.4931
-8.7819,10.585,-3.4099
-8.7823,10.586,9.7673
9.3675,9.5734,-9.2237
9.3671,9.5747,3.9535
9.6506,4.1335,-3.0625
3.4026,10.642,-3.3465
10.928,9.8625,-3.7035
9.6502,4.1348,10.115
3.4022,10.643,9.8308
10.927,9.8638,9.4738
-5.8516,-12.795,-10.545
-13.066,-5.5314,-10.299
-13.06,-13.145,-10.239
-9.3532,-13.114,-7.5598
-5.462,-9.2932,-13.648
-11.734,-2.9914,-13.692
-6.8805,-9.2564,-7.8568
-12.609,-9.3554,-13.517
-8.9799,-11.842,-13.403
-2.7347,-12.715,-14.579
-9.3087,-6.4393,-13.627
-12.006,-12.547,-3.9355
-6.388,-6.7201,-3.6725
-5.852,-12.794,2.6325
-13.067,-5.53,2.8785
-13.06,-13.143,2.9385
-6.9495,-11.851,-3.8805
-12.622,-6.1403,-3.6095
-9.3536,-13.112,5.6175
-3.1643,-11.996,-7.2775
-9.4661,-5.5894,-7.1945
-12.077,-9.2211,-7.2585
-5.4624,-9.2919,-0.47054
-11.734,-2.9901,-0.51454
-6.8809,-9.2551,5.3205
-13.137,-2.8805,-6.7665
-12.61,-9.3541,-0.33954
-8.9803,-11.841,-0.22554
-2.7351,-12.714,-1.4015
-9.3091,-6.438,-0.44954
-12.006,-12.546,9.2417
-6.3885,-6.7188,9.5047
-6.9499,-11.85,9.2967
-12.622,-6.139,9.5677
-3.1648,-11.995,5.8997
-9.4665,-5.5881,5.9827
-12.077,-9.2198,5.9187
-5.4629,-9.2905,12.707
-11.735,-2.9888,12.663
-13.137,-2.8792,6.4107
-12.61,-9.3528,12.838
-8.9807,-11.84,12.952
-2.7356,-12.712,11.776
-9.3095,-6.4367,12.728
5.8938,-12.287,-10.233
12.21,-5.4627,-10.297
0.50141,-12.379,-10.2
12.217,-13.076,-10.237
7.3561,-6.2285,-10.289
7.0358,-9.3122,-13.131
13.543,-2.9227,-13.69
12.667,-9.2867,-13.515
3.3221,-11.692,-13.293
9.5524,-5.9428,-13.916
9.698,-12.834,-13.872
13.271,-12.479,-3.9341
6.6599,-7.1662,-3.6371
0.74564,-12.102,-3.6311
5.8934,-12.286,2.9439
12.21,-5.4614,2.8799
0.50098,-12.378,2.9769
12.216,-13.075,2.9399
7.3557,-6.2272,2.8879
5.9747,-11.613,-3.8101
12.655,-6.0716,-3.6081
3.0558,-12.968,-6.9481
9.501,-6.3827,-6.6801
9.4551,-12.281,-7.1311
13.2,-9.1525,-7.2571
7.0354,-9.3109,0.045903
13.542,-2.9214,-0.5131
5.7534,-9.4332,-7.2731
12.14,-2.8118,-6.7651
12.667,-9.2854,-0.3381
3.3216,-11.691,-0.1161
9.5519,-5.9415,-0.7391
9.6976,-12.833,-0.6951
13.27,-12.477,9.2431
6.6594,-7.1649,9.5401
0.7452,-12.1,9.5461
5.9743,-11.612,9.3671
12.654,-6.0703,9.5691
3.0553,-12.967,6.2291
9.5006,-6.3814,6.4971
9.4546,-12.279,6.0461
13.199,-9.1511,5.9201
7.0349,-9.3095,13.223
13.542,-2.9201,12.664
5.7529,-9.4319,5.9041
12.14,-2.8105,6.4121
12.666,-9.2841,12.839
3.3212,-11.69,13.061
9.5515,-5.9402,12.438
9.6972,-12.832,12.482
-0.52848,-4.8818,-10.645
-6.7086,0.31688,-10.235
6.8226,-0.12294,-10.545
-0.39201,7.1412,-10.299
-5.2845,-5.8929,-10.389
-12.101,0.22496,-10.202
-0.38565,-0.47225,-10.239
-5.2463,6.3754,-10.291
3.321,-0.44114,-7.5602
3.1761,-5.608,-7.5842
0.94654,-2.8807,-14.106
-5.5666,3.2917,-13.133
7.2122,3.3794,-13.648
0.94018,9.6811,-13.692
5.7938,3.4161,-7.8572
-0.37716,-9.3818,-13.468
-6.8189,-2.7986,-13.948
6.3114,-2.9945,-14.027
0.06478,3.3171,-13.517
-3.1554,-5.0182,-14.074
-9.2803,0.91156,-13.295
3.6944,0.83024,-13.403
-3.05,6.661,-13.918
3.0438,-6.4558,-13.802
-2.9044,-0.23042,-13.874
9.9395,-0.042328,-14.579
3.3656,6.2332,-13.627
0.66822,0.12516,-3.936
-5.9425,5.4377,-3.639
6.2862,5.9524,-3.673
-11.857,0.50205,-3.633
-0.52892,-4.8805,2.532
-6.709,0.3182,2.942
6.8222,-0.12162,2.632
-0.39244,7.1425,2.878
-5.2849,-5.8916,2.788
-12.101,0.22627,2.975
-0.38608,-0.47093,2.938
-5.2467,6.3767,2.886
-0.28921,-6.0479,-3.872
-6.6277,0.99066,-3.812
5.7247,0.82166,-3.881
0.052326,6.5323,-3.61
-3.2711,-6.989,-6.905
-9.5466,-0.36416,-6.95
3.3206,-0.43982,5.617
-3.1014,6.2211,-6.682
3.1756,-5.6066,5.593
-3.1473,0.32315,-7.133
9.5099,0.6767,-7.278
3.2081,7.0831,-7.195
0.51972,-9.2355,-7.229
-5.9369,-3.0731,-6.625
6.7882,-2.9444,-7.202
0.59751,3.4514,-7.259
0.94611,-2.8793,-0.929
-5.5671,3.293,0.044
7.2118,3.3807,-0.471
0.93974,9.6824,-0.515
-0.38396,-3.0087,-7.021
-6.849,3.1707,-7.275
5.7933,3.4174,5.32
-0.46245,9.792,-6.767
-0.3776,-9.3805,-0.291
-6.8193,-2.7973,-0.771
6.3109,-2.9932,-0.85
0.064347,3.3185,-0.34
-3.1558,-5.0169,-0.897
-9.2808,0.91287,-0.118
3.6939,0.83156,-0.226
-3.0505,6.6624,-0.741
3.0434,-6.4545,-0.625
-2.9048,-0.2291,-0.697
9.9391,-0.041012,-1.402
3.3651,6.2346,-0.45
0.66778,0.12647,9.2412
-5.943,5.439,9.5382
6.2857,5.9537,9.5042
-11.857,0.50336,9.5442
-0.28964,-6.0466,9.3052
-6.6281,0.99197,9.3652
5.7243,0.82297,9.2962
0.051892,6.5336,9.5672
-3.2715,-6.9877,6.2722
-9.5471,-0.36284,6.2272
-3.1018,6.2224,6.4952
-3.1478,0.32446,6.0442
9.5094,0.67802,5.8992
3.2077,7.0844,5.9822
0.51929,-9.2342,5.9482
-5.9373,-3.0718,6.5522
6.7878,-2.9431,5.9752
0.59707,3.4527,5.9182
0.94568,-2.878,12.248
-5.5675,3.2943,13.221
7.2113,3.382,12.706
0.93931,9.6837,12.662
-0.38439,-3.0074,6.1562
-6.8495,3.172,5.9022
-0.46288,9.7933,6.4102
-0.37803,-9.3792,12.886
-6.8198,-2.796,12.406
6.3105,-2.9919,12.327
0.063913,3.3198,12.837
-3.1563,-5.0156,12.28
-9.2812,0.91419,13.059
3.6935,0.83287,12.951
-3.0509,6.6637,12.436
3.043,-6.4532,12.552
-2.9052,-0.22779,12.48
9.9387,-0.039696,11.775
3.3647,6.2359,12.727
-13.131,7.7221,-10.647
-5.7798,12.481,-10.547
-12.988,12.132,-10.241
-9.2814,12.163,-7.5621
-9.4264,6.9959,-7.5861
-11.656,9.7232,-14.108
-12.98,3.2221,-13.47
-6.291,9.6093,-14.029
-8.908,13.434,-13.405
-9.5586,6.1481,-13.804
-2.6629,12.562,-14.581
-11.934,12.729,-3.9379
-13.131,7.7234,2.5301
-5.7802,12.482,2.6301
-12.988,12.133,2.9361
-12.892,6.556,-3.8739
-6.8777,13.426,-3.8829
-9.2818,12.164,5.6151
-9.4268,6.9972,5.5911
-3.0925,13.281,-7.2799
-12.083,3.3683,-7.2309
-5.8142,9.6595,-7.2039
-11.656,9.7245,-0.9309
-12.986,9.5951,-7.0229
-12.98,3.2234,-0.2929
-6.2915,9.6107,-0.8519
-8.9085,13.435,-0.2279
-9.559,6.1494,-0.6269
-2.6633,12.563,-1.4039
-11.935,12.73,9.2393
-12.892,6.5573,9.3033
-6.8781,13.427,9.2943
-3.093,13.282,5.8973
-12.083,3.3696,5.9463
-5.8146,9.6608,5.9733
-11.657,9.7258,12.246
-12.987,9.5964,6.1543
-12.98,3.2247,12.884
-6.2919,9.612,12.325
-8.9089,13.437,12.949
-9.5594,6.1507,12.55
-2.6637,12.564,11.773
13.176,0.29365,-10.201
13.42,0.57073,-3.6316
13.175,0.29496,2.9764
13.419,0.57205,9.5457
12.146,7.7908,-10.646
5.9656,12.989,-10.236
7.3897,6.7796,-10.39
0.57322,12.897,-10.203
12.289,12.2,-10.24
13.621,9.7919,-14.107
12.297,3.2907,-13.469
5.8553,9.8739,-13.949
9.5188,7.6543,-14.075
3.3939,13.584,-13.296
9.7698,12.442,-13.875
13.342,12.798,-3.9365
0.81744,13.175,-3.6335
12.145,7.7921,2.5315
5.9652,12.991,2.9415
7.3893,6.7809,2.7875
0.57279,12.899,2.9745
12.288,12.202,2.9375
12.385,6.6246,-3.8725
6.0465,13.663,-3.8125
9.4031,5.6835,-6.9055
3.1276,12.308,-6.9505
9.5269,12.996,-7.1335
13.194,3.437,-7.2295
6.7373,9.5994,-6.6255
13.62,9.7932,-0.92946
12.29,9.6638,-7.0215
12.297,3.2921,-0.29146
5.8549,9.8752,-0.77146
9.5184,7.6556,-0.89746
3.3934,13.585,-0.11846
9.7694,12.443,-0.69746
13.342,12.799,9.2408
0.81701,13.176,9.5438
12.385,6.626,9.3048
6.0461,13.665,9.3648
9.4027,5.6848,6.2718
3.1271,12.31,6.2268
9.5264,12.997,6.0438
13.194,3.4383,5.9478
6.7369,9.6008,6.5518
13.62,9.7945,12.248
12.29,9.6651,6.1558
12.296,3.2934,12.886
5.8544,9.8765,12.406
9.518,7.6569,12.28
3.393,13.587,13.059
9.769,12.445,12.48
0,0,0
-0.10465,-6.1334,-0.36
-6.2918,0.35214,-0.82
0.093612,0.46871,6.3562
0.1789,6.6277,-0.413
6.7394,0.13081,-0.62
0.094045,0.4674,-6.821
-5.9241,-5.9072,-0.152
-0.0046761,-6.0105,6.1972
6.2914,0.30396,6.1622
-6.3088,6.1957,-0.738
-6.4556,0.076976,6.1432
0.00027365,6.6983,6.0222
6.2936,-6.4082,-0.7361
-0.0042426,-6.0118,-6.98
6.2918,0.30264,-7.015
-6.4552,0.07566,-7.034
6.7501,6.7654,-0.15246
0.00070711,6.697,-7.155
-6.0111,6.5513,5.718
6.5913,-6.0525,5.7199
-6.3121,-6.238,6.4897
-6.3117,-6.2393,-6.6875
6.3621,6.4346,6.4892
6.3625,6.4333,-6.688
-6.0107,6.55,-7.4592
6.5917,-6.0538,-7.4573
-12.302,0.12587,-0.578
0.30016,-12.478,-0.5761
0.37197,12.798,-0.57846
12.974,0.19455,-0.57656
-0.00043346,0.0013159,13.177
0.00043346,-0.0013159,-13.177
6.3106,-12.252,-0.8181
0.0080228,-12.393,6.1027
-6.2923,0.35346,12.357
-12.495,-6.0448,-0.41254
-5.9348,-12.542,-0.61954
-12.594,0.21123,6.1008
-5.863,12.735,-0.6219
12.682,0.27992,6.1022
12.781,-5.9761,-0.4111
12.57,6.5391,-0.36046
-0.10509,-6.1321,12.817
6.739,0.13213,12.557
0.079831,12.884,6.1003
-12.707,6.4704,-0.3619
0.0084563,-12.394,-7.0745
0.17846,6.629,12.764
-12.594,0.20991,-7.0764
12.683,0.2786,-7.075
6.3824,13.025,-0.82046
0.080264,12.882,-7.0769
-0.10422,-6.1348,-13.537
0.17933,6.6264,-13.59
12.603,-5.9055,6.0241
-6.3828,-12.369,6.1627
6.1468,-12.527,6.1451
-12.674,-5.9742,6.0227
-6.3092,6.197,12.439
6.2932,-6.4069,12.441
-6.2914,0.35082,-13.997
6.7399,0.1295,-13.797
6.2186,12.75,6.1428
-5.9246,-5.9059,13.025
-12.607,6.5933,6.1953
-6.3824,-12.37,-7.0145
12.67,6.662,6.1968
6.1472,-12.528,-7.0321
-6.311,12.908,6.1603
12.603,-5.9068,-7.1531
-12.674,-5.9755,-7.1545
-5.9237,-5.9085,-13.329
6.219,12.748,-7.0345
-12.607,6.592,-6.9819
12.67,6.6607,-6.9805
-6.3106,12.906,-7.0169
6.7496,6.7667,13.025
6.7505,6.764,-13.33
-6.3084,6.1944,-13.915
6.294,-6.4095,-13.913
-12.303,0.12718,12.599
0.29973,-12.477,12.601
12.602,-12.604,0.001903
-12.602,12.604,-0.001903
-12.674,-12.673,0.000461
12.674,12.673,-0.000461
0.37153,12.8,12.599
12.974,0.19587,12.601
-12.302,0.12455,-13.755
6.3101,-12.25,12.359
0.30059,-12.479,-13.753
-12.581,-12.204,6.3567
12.696,-12.135,6.3581
-5.9352,-12.54,12.558
0.3724,12.797,-13.756
-12.58,-12.205,-6.8205
-5.8634,12.736,12.555
12.696,-12.136,-6.8191
-12.496,-6.0435,12.765
12.975,0.19324,-13.754
12.781,-5.9748,12.766
6.3819,13.026,12.357
12.569,6.5404,12.817
-12.707,6.4717,12.815
-12.509,13.073,6.3543
-12.508,13.071,-6.8229
12.768,13.141,6.3558
-12.495,-6.0461,-13.59
12.768,13.14,-6.8215
-5.9343,-12.543,-13.797
12.782,-5.9775,-13.588
12.57,6.5378,-13.538
6.311,-12.253,-13.995
-12.707,6.4691,-13.539
-5.8625,12.733,-13.799
6.3828,13.023,-13.998
12.603,-12.605,-13.175
-12.603,12.605,13.175
12.602,-12.603,13.179
-12.602,12.603,-13.179
-12.675,-12.671,13.178
12.675,12.671,-13.178
12.674,12.674,13.177
-12.674,-12.674,-13.177
