-9.0381,-8.3095,-9.2567
-9.0381,-8.3095,2.5789
-9.1293,-8.907,-3.0911
-9.1293,-8.907,8.7446
8.0791,-8.0395,-8.4308
8.3145,-8.8039,-3.0438
8.0791,-8.0395,3.4049
8.3145,-8.8039,8.7919
2.711,-8.4273,-9.2607
-3.0222,-2.8836,-9.3267
8.3396,-2.9048,-9.2037
2.494,3.153,-9.0197
-2.7358,-8.032,-9.1177
2.711,-8.4273,2.575
-3.0222,-2.8836,2.509
8.3396,-2.9048,2.632
2.494,3.153,2.816
2.7259,-8.7123,-2.887
-3.6953,-2.6022,-2.894
2.4027,2.5555,-2.854
-2.7358,-8.032,2.718
-9.2751,-2.7457,-8.647
2.4862,-2.9543,-8.748
-3.4182,3.4578,-8.667
-3.2902,-8.6939,-3.008
-8.8897,-2.9147,-3.321
2.2627,-3.3163,-3.105
-3.1827,2.6934,-3.28
2.7259,-8.7123,8.9487
-3.6953,-2.6022,8.9417
2.4027,2.5555,8.9817
-9.2751,-2.7457,3.1887
2.4862,-2.9543,3.0877
-3.4182,3.4578,3.1687
-3.2902,-8.6939,8.8277
-8.8897,-2.9147,8.5147
2.2627,-3.3163,8.7307
-3.1827,2.6934,8.5557
-8.7862,3.0699,-9.4969
-3.1576,8.5924,-9.4399
-8.7862,3.0699,2.3388
-3.1576,8.5924,2.3958
-8.7713,2.785,-3.1232
-9.011,8.5429,-8.9842
-9.2345,8.1809,-3.3412
-8.7713,2.785,8.7124
-9.011,8.5429,2.8514
-9.2345,8.1809,8.4944
8.5099,8.5789,-9.0896
8.7963,3.4305,-8.8806
8.5099,8.5789,2.7461
7.8367,8.8603,-2.6569
8.5191,-2.283,-2.5149
8.7963,3.4305,2.9551
2.2569,8.7168,-8.4099
8.2419,2.7686,-2.7709
2.6423,8.5478,-3.0839
7.8367,8.8603,9.1787
8.5191,-2.283,9.3207
2.2569,8.7168,3.4257
8.2419,2.7686,9.0647
2.6423,8.5478,8.7517
-2.9781,9.2142,-2.7512
-2.9781,9.2142,9.0845
3.5423,-8.4015,-8.1268
3.9687,-8.0161,-2.8868
9.0344,-9.1942,-8.5298
9.366,-8.5359,-2.0168
3.5423,-8.4015,3.7089
3.9687,-8.0161,8.9489
9.0344,-9.1942,3.3059
9.366,-8.5359,9.8189
3.5914,-1.6695,-8.8427
-8.1819,-8.1692,-8.091
-2.325,-2.9472,-8.257
-7.955,3.0957,-8.363
-8.428,-7.6049,-2.814
-2.67,-3.6869,-3.012
-7.5286,3.4811,-3.123
-3.0201,-9.3656,-8.459
-8.5525,-1.4262,-8.709
3.5914,-1.6695,2.993
-2.4629,2.303,-8.766
-1.9679,-8.6359,-2.303
-7.7124,-2.5972,-2.447
3.0639,-3.0186,-1.879
-2.1312,2.9614,-2.253
-8.1819,-8.1692,3.7447
-2.325,-2.9472,3.5787
-7.955,3.0957,3.4727
-8.428,-7.6049,9.0217
-2.67,-3.6869,8.8237
-7.5286,3.4811,8.7127
-3.0201,-9.3656,3.3767
-8.5525,-1.4262,3.1267
-2.4629,2.303,3.0697
-1.9679,-8.6359,9.5327
-7.7124,-2.5972,9.3887
3.0639,-3.0186,9.9567
-2.1312,2.9614,9.5827
-7.9058,9.8277,-9.0789
-7.9058,9.8277,2.7568
-8.4333,8.4786,-2.1152
-8.4333,8.4786,9.7204
9.6515,-3.2471,-2.3747
9.6515,-3.2471,9.461
3.3501,3.2933,-7.8539
8.8394,-2.5538,-7.7579
9.2071,8.5153,-8.0199
3.1041,3.8575,-2.5769
-1.8457,8.2501,-2.6109
8.862,7.7756,-2.7749
8.512,2.0968,-8.2219
2.9796,10.036,-8.4719
9.5642,2.8266,-2.0659
3.8197,8.8653,-2.2099
3.3501,3.2933,3.9817
8.8394,-2.5538,4.0777
9.2071,8.5153,3.8157
3.1041,3.8575,9.2587
-1.8457,8.2501,9.2247
8.862,7.7756,9.0607
8.512,2.0968,3.6137
2.9796,10.036,3.3637
9.5642,2.8266,9.7697
3.8197,8.8653,9.6257
-2.6578,8.9434,-7.9942
-2.6578,8.9434,3.8415
-11.844,-8.7012,-11.612
-8.7835,-11.66,-11.742
-11.77,-11.103,-3.0221
-11.809,-12.085,-8.7941
-6.2634,-11.812,-3.2241
-11.57,-6.1245,-2.9311
-12.166,-5.3715,-8.8661
-11.948,-8.5025,-6.4781
-11.844,-8.7012,0.22394
-8.7843,-11.177,-6.5601
-8.7835,-11.66,0.093942
-11.77,-11.103,8.8136
-11.809,-12.085,3.0416
-6.2634,-11.812,8.6116
-11.57,-6.1245,8.9046
-12.166,-5.3715,2.9696
-11.948,-8.5025,5.3576
-11.844,-8.7012,12.06
-8.7843,-11.177,5.2756
-8.7835,-11.66,11.93
5.95,-10.656,-8.8204
5.8283,-8.3273,-12.029
11.185,-8.736,-11.138
8.7239,-11.47,-11.41
2.9716,-11.663,-11.399
8.6525,-5.5073,-12.076
11.26,-11.138,-2.5488
11.22,-12.119,-8.3208
5.351,-11.352,-2.7308
11.46,-6.1593,-2.4578
5.95,-10.656,3.0152
10.864,-5.4062,-8.3928
5.7421,-8.2862,-5.5848
5.8283,-8.3273,-0.19376
11.081,-8.5373,-6.0048
11.185,-8.736,0.69724
8.5458,-11.603,-5.8298
8.7239,-11.47,0.42524
2.8076,-10.893,-5.7428
8.4623,-5.2436,-5.2488
2.9716,-11.663,0.43624
8.6525,-5.5073,-0.24076
11.26,-11.138,9.2869
11.22,-12.119,3.5149
5.351,-11.352,9.1049
11.46,-6.1593,9.3779
10.864,-5.4062,3.4429
5.7421,-8.2862,6.2509
5.8283,-8.3273,11.642
11.081,-8.5373,5.8309
11.185,-8.736,12.533
8.5458,-11.603,6.0059
8.7239,-11.47,12.261
2.8076,-10.893,6.0929
8.4623,-5.2436,6.5869
2.9716,-11.663,12.272
8.6525,-5.5073,11.595
-0.28143,-11.795,-8.8167
-5.9991,-5.8647,-8.9237
5.6441,-5.7262,-9.0727
0.072832,-5.328,-9.0747
-5.5473,0.84075,-9.0567
-5.5176,-10.623,-9.0007
-6.2367,-8.2491,-12.341
-11.627,-2.8122,-11.735
-0.4179,-2.9522,-12.65
-5.6689,3.17,-12.266
-0.25314,-8.6012,-11.441
-5.5437,-2.6587,-11.607
5.7848,-2.5208,-11.614
-0.31183,2.7613,-11.375
-2.8949,-10.956,-11.971
-8.7292,-5.2291,-12.037
2.9515,-5.7021,-11.98
-2.7733,0.02687,-11.647
-2.8157,-5.7643,-12.189
-8.5256,-0.16617,-11.636
2.7485,-0.19728,-11.505
-2.8447,5.9899,-12.313
0.040305,-11.191,-2.874
-5.8831,-5.2354,-3
5.5105,-5.123,-3.143
-0.23759,0.35921,-2.785
-0.28143,-11.795,3.019
-5.9991,-5.8647,2.912
5.6441,-5.7262,2.763
-0.27719,-0.62225,-8.557
-0.046669,-6.1377,-3.307
-6.1462,0.14566,-2.967
5.2687,-0.35002,-2.987
-0.037477,5.3379,-2.694
0.072832,-5.328,2.761
-5.5473,0.84075,2.779
-5.5176,-10.623,2.835
-0.63357,6.091,-8.629
-5.9531,-8.4153,-5.473
-11.914,-2.7966,-5.577
0.25173,-2.8553,-5.614
-5.7551,3.211,-5.821
-6.2367,-8.2491,-0.505
-11.627,-2.8122,0.101
-0.4179,-2.9522,-0.814
-5.6689,3.17,-0.43
-0.096874,-8.5143,-6.461
-6.1271,-2.5265,-6.026
5.7884,-2.5032,-6.682
-0.41578,2.9599,-6.241
-0.25314,-8.6012,0.395
-5.5437,-2.6587,0.229
5.7848,-2.5208,0.222
-0.31183,2.7613,0.461
-2.9211,-11.302,-5.968
-8.8035,-5.9821,-5.745
2.9048,-5.8563,-5.979
-2.9515,-0.10607,-6.066
-2.8949,-10.956,-0.135
-8.7292,-5.2291,-0.201
2.9515,-5.7021,-0.144
-2.7733,0.02687,0.189
-3.0356,-5.1909,-5.831
-8.6896,0.60458,-5.979
2.7478,0.28567,-6.323
-3.0349,6.2537,-5.485
-2.8157,-5.7643,-0.353
-8.5256,-0.16617,0.2
2.7485,-0.19728,0.331
-2.8447,5.9899,-0.477
0.040305,-11.191,8.9617
-5.8831,-5.2354,8.8357
5.5105,-5.123,8.6927
-0.23759,0.35921,9.0507
-0.27719,-0.62225,3.2787
-0.046669,-6.1377,8.5287
-6.1462,0.14566,8.8687
5.2687,-0.35002,8.8487
-0.037477,5.3379,9.1417
-0.63357,6.091,3.2067
-5.9531,-8.4153,6.3627
-11.914,-2.7966,6.2587
0.25173,-2.8553,6.2217
-5.7551,3.211,6.0147
-6.2367,-8.2491,11.331
-11.627,-2.8122,11.937
-0.4179,-2.9522,11.022
-5.6689,3.17,11.406
-0.096874,-8.5143,5.3747
-6.1271,-2.5265,5.8097
5.7884,-2.5032,5.1537
-0.41578,2.9599,5.5947
-0.25314,-8.6012,12.231
-5.5437,-2.6587,12.065
5.7848,-2.5208,12.058
-0.31183,2.7613,12.297
-2.9211,-11.302,5.8677
-8.8035,-5.9821,6.0907
2.9048,-5.8563,5.8567
-2.9515,-0.10607,5.7697
-2.8949,-10.956,11.701
-8.7292,-5.2291,11.635
2.9515,-5.7021,11.692
-2.7733,0.02687,12.025
-3.0356,-5.1909,6.0047
-8.6896,0.60458,5.8567
2.7478,0.28567,5.5127
-3.0349,6.2537,6.3507
-2.8157,-5.7643,11.483
-8.5256,-0.16617,12.036
2.7485,-0.19728,12.167
-2.8447,5.9899,11.359
-11.779,-0.29732,-9.0529
-5.8531,5.7711,-9.3089
-11.424,6.1692,-9.3109
-11.915,8.545,-12.886
-11.75,2.896,-11.677
-5.7124,8.9764,-11.85
-8.5458,5.7951,-12.216
-8.7487,11.3,-11.741
-11.457,0.30584,-3.1102
-5.9867,6.3742,-3.3792
-11.735,11.856,-3.0212
-11.779,-0.29732,2.7828
-5.8531,5.7711,2.5268
-11.774,10.875,-8.7932
-11.544,5.3595,-3.5432
-6.2286,11.147,-3.2232
-11.424,6.1692,2.5248
-11.245,8.6419,-5.8502
-11.915,8.545,-1.0502
-11.594,2.9829,-6.6972
-5.7088,8.9941,-6.9182
-11.75,2.896,0.15876
-5.7124,8.9764,-0.014238
-8.5924,5.641,-6.2152
-8.5458,5.7951,-0.38024
-8.7494,11.783,-6.5592
-8.7487,11.3,0.094762
-11.457,0.30584,8.7254
-5.9867,6.3742,8.4564
-11.735,11.856,8.8144
-11.774,10.875,3.0424
-11.544,5.3595,8.2924
-6.2286,11.147,8.6124
-11.245,8.6419,5.9854
-11.915,8.545,10.785
-11.594,2.9829,5.1384
-5.7088,8.9941,4.9174
-11.75,2.896,11.994
-5.7124,8.9764,11.821
-8.5924,5.641,5.6204
-8.5458,5.7951,11.455
-8.7494,11.783,5.2764
-8.7487,11.3,11.93
11.402,-2.8469,-11.261
11.115,-2.8313,-5.1037
11.402,-2.8469,0.5743
11.115,-2.8313,6.732
11.402,-2.8469,12.41
11.251,-0.33206,-8.5796
5.533,5.5977,-8.6866
11.605,6.1344,-8.8376
5.9848,12.303,-8.8196
6.0145,0.83961,-8.7636
5.2954,3.2134,-12.104
-0.094888,8.6503,-11.498
11.114,8.5103,-12.413
11.279,2.8612,-11.204
5.9884,8.8038,-11.37
8.6372,0.50657,-11.734
2.8028,6.2334,-11.8
8.7588,11.489,-11.41
8.7164,5.6981,-11.952
3.0065,11.296,-11.399
11.572,0.2711,-2.6369
5.6489,6.2271,-2.7629
11.294,11.822,-2.5479
11.251,-0.33206,3.2561
5.533,5.5977,3.1491
11.255,10.84,-8.3199
11.485,5.3248,-3.0699
5.3859,11.608,-2.7299
11.605,6.1344,2.9981
5.9848,12.303,3.0161
6.0145,0.83961,3.0721
5.5789,3.0472,-5.2359
-0.38197,8.6659,-5.3399
11.784,8.6072,-5.3769
5.2954,3.2134,-0.26794
-0.094888,8.6503,0.33806
11.114,8.5103,-0.57694
11.435,2.9482,-6.2239
5.405,8.936,-5.7889
11.279,2.8612,0.63206
5.9884,8.8038,0.46606
8.611,0.16079,-5.7309
2.7286,5.4804,-5.5079
8.5806,11.356,-5.8289
8.6372,0.50657,0.10206
2.8028,6.2334,0.036058
8.7588,11.489,0.42606
8.4965,6.2716,-5.5939
2.8424,12.067,-5.7419
8.7164,5.6981,-0.11594
3.0065,11.296,0.43706
11.572,0.2711,9.1987
5.6489,6.2271,9.0727
11.294,11.822,9.2877
11.255,10.84,3.5157
11.485,5.3248,8.7657
5.3859,11.608,9.1057
5.5789,3.0472,6.5997
-0.38197,8.6659,6.4957
11.784,8.6072,6.4587
5.2954,3.2134,11.568
-0.094888,8.6503,12.174
11.114,8.5103,11.259
11.435,2.9482,5.6117
5.405,8.936,6.0467
11.279,2.8612,12.468
5.9884,8.8038,12.302
8.611,0.16079,6.1047
2.7286,5.4804,6.3277
8.5806,11.356,6.0067
8.6372,0.50657,11.938
2.8028,6.2334,11.872
8.7588,11.489,12.262
8.4965,6.2716,6.2417
2.8424,12.067,6.0937
8.7164,5.6981,11.72
3.0065,11.296,12.273
-0.24658,11.165,-8.8158
-5.4827,12.337,-8.9998
-2.86,12.004,-11.97
0.075153,11.768,-2.8732
-0.24658,11.165,3.0198
-5.4827,12.337,2.8358
-2.8862,11.658,-5.9672
-2.86,12.004,-0.13418
0.075153,11.768,8.9625
-2.8862,11.658,5.8685
-2.86,12.004,11.701
0,0,0
0.17324,-5.5303,0.016
-5.6052,0.14779,0.119
0.006364,5.8343,0.186
-0.013435,0.057276,-5.872
5.8676,0.34648,0.004
-0.013435,0.057276,5.9637
5.7254,0.27224,-5.51
-5.7403,-5.555,-0.052
5.9164,-5.4723,0.029
-5.7983,0.2588,-5.678
0.064347,-5.7283,5.7647
-0.24324,5.6809,-5.863
-5.5809,6.0249,-0.20724
-0.24324,5.6809,5.9727
5.7918,5.9074,0.18506
0.064347,-5.7283,-6.071
-5.7983,0.2588,6.1577
5.7254,0.27224,6.3257
5.6074,-5.2496,-5.845
5.6074,-5.2496,5.9907
-5.857,-5.3973,5.7217
-5.857,-5.3973,-6.114
5.6751,6.0651,-5.8769
5.6751,6.0651,5.9587
-5.8899,6.2477,5.7544
-5.8899,6.2477,-6.0812
0.13647,-11.272,0.246
-11.361,0.22523,0.009762
11.669,0.19049,0.48306
0.17132,11.688,0.24682
0,0,-11.836
0,0,11.836
-5.6645,-11.116,-0.23306
-0.060811,-11.343,-5.639
11.471,0.11907,-5.4019
5.892,-11.349,0.35524
-11.324,5.9669,-0.22024
-11.526,-5.6281,-0.051058
11.504,-5.6629,0.42224
-0.025963,11.616,-5.6382
-0.060811,-11.343,6.1967
-11.558,0.15381,-5.8752
-5.6052,0.14779,-11.717
-11.558,0.15381,5.9604
0.006364,5.8343,-11.65
5.9268,11.61,0.35606
0.17324,-5.5303,-11.82
0.17324,-5.5303,11.852
-5.6296,11.844,-0.23224
11.705,5.9322,0.25306
11.471,0.11907,6.4337
-0.025963,11.616,6.1975
-5.6052,0.14779,11.955
5.8676,0.34648,-11.832
5.8676,0.34648,11.84
0.006364,5.8343,12.022
5.6989,-11.238,-5.4418
-5.8066,-11.19,-5.7471
11.254,-5.8163,-5.6268
-11.433,5.7689,5.5284
-5.8066,-11.19,6.0886
11.254,-5.8163,6.2089
5.6989,-11.238,6.3939
5.7338,11.721,-5.4409
11.596,5.7342,-5.8339
-5.7403,-5.555,11.784
-5.5809,6.0249,11.628
11.596,5.7342,6.0017
-11.433,5.7689,-6.3072
5.7918,5.9074,-11.651
5.9164,-5.4723,-11.807
-5.7718,11.769,-5.7462
-11.775,-5.7816,5.7356
-5.7403,-5.555,-11.888
5.9164,-5.4723,11.865
-5.7718,11.769,6.0894
-11.775,-5.7816,-6.1001
5.7338,11.721,6.3947
-5.5809,6.0249,-12.043
5.7918,5.9074,12.021
0.13647,-11.272,-11.59
11.497,-11.497,0.23624
-11.497,11.497,-0.23624
-11.532,-11.462,-0.23706
11.532,11.462,0.23706
11.669,0.19049,-11.353
-11.361,0.22523,-11.826
-11.361,0.22523,11.845
0.17132,11.688,-11.589
0.13647,-11.272,12.082
0.17132,11.688,12.082
11.669,0.19049,12.319
-5.6645,-11.116,11.603
11.484,-11.44,-5.6358
11.504,-5.6629,-11.413
5.892,-11.349,-11.48
-11.546,-11.405,5.7266
11.519,11.52,-5.6349
-11.324,5.9669,11.615
-11.511,11.554,5.7274
-11.546,-11.405,-6.1091
11.484,-11.44,6.1999
-5.6645,-11.116,-12.069
5.9268,11.61,-11.48
-11.511,11.554,-6.1082
-11.526,-5.6281,11.785
11.519,11.52,6.2007
-11.526,-5.6281,-11.887
11.705,5.9322,-11.583
-5.6296,11.844,11.603
-11.324,5.9669,-12.056
5.892,-11.349,12.191
11.504,-5.6629,12.258
-5.6296,11.844,-12.068
11.705,5.9322,12.089
5.9268,11.61,12.192
-11.532,-11.462,11.599
11.532,11.462,-11.599
11.497,-11.497,-11.599
-11.497,11.497,11.599
-11.497,11.497,-12.072
11.497,-11.497,12.072
-11.532,-11.462,-12.073
11.532,11.462,12.073
