-3.8908,-8.8732,-10.751
-9.3221,-9.4169,-10.965
-3.8912,-8.8718,2.4265
-9.3225,-9.4156,2.2125
-3.8764,-9.4609,-3.8535
-9.949,-3.21,-2.6105
-8.8276,-9.2558,-4.2655
-3.8768,-9.4595,9.3237
-9.9495,-3.2087,10.567
-8.828,-9.2545,8.9117
9.785,-8.523,-9.7143
9.1755,-3.4474,-10.405
9.7846,-8.5217,3.4629
9.1751,-3.4461,2.7719
9.8419,-9.897,-3.6941
9.8414,-9.8957,9.4831
8.7834,3.7994,-10.751
-9.3157,-2.4147,-10.131
3.2885,-3.6995,-10.488
-2.8174,4.0808,-9.7162
2.3728,-8.4406,-10.362
-3.5337,-3.1508,-10.484
-3.4269,9.1564,-10.407
3.3521,3.2556,-10.965
8.783,3.8007,2.426
-9.3161,-2.4134,3.046
3.288,-3.6982,2.689
-2.8178,4.0821,3.461
2.3723,-8.4393,2.815
-3.5341,-3.1495,2.693
-3.4273,9.1577,2.77
3.3517,3.2569,2.212
3.0073,-3.6692,-3.954
-2.7605,2.7068,-3.696
8.7978,3.2117,-3.854
2.7252,9.4625,-2.611
2.7259,-9.0418,-3.662
-2.8815,-3.5221,-3.854
9.8507,-2.4629,-3.783
3.8467,3.4167,-4.266
3.0069,-3.6679,9.2232
-2.761,2.7081,9.4812
8.7974,3.213,9.3232
2.7248,9.4638,10.566
2.7255,-9.0405,9.5152
-2.8819,-3.5208,9.3232
9.8503,-2.4615,9.3942
3.8462,3.4181,8.9112
-9.3139,8.9044,-10.49
-10.23,4.1632,-10.364
-9.3144,8.9057,2.6871
-10.23,4.1645,2.8131
-9.5951,8.9347,-3.9559
-9.8765,3.5621,-3.6639
-2.7517,10.141,-3.7849
-9.5955,8.936,9.2213
-9.8769,3.5634,9.5133
-2.7521,10.142,9.3923
3.3585,10.258,-10.132
9.1405,9.5218,-10.485
3.3581,10.259,3.0455
9.1401,9.5231,2.6925
9.7928,9.1504,-3.8545
9.7923,9.1518,9.3228
-3.9007,-9.2861,-9.3258
-9.5059,-8.666,-9.6718
-3.9011,-9.2848,3.8515
-9.5064,-8.6647,3.5055
-9.4166,-9.8363,-3.0025
-9.417,-9.835,10.175
9.6719,-9.332,-8.4133
3.5321,-9.368,-10.158
9.6714,-9.3306,4.7639
3.5316,-9.3667,3.0189
9.6248,-8.8555,-2.6361
9.559,-3.0324,-2.4051
9.6243,-8.8542,10.541
9.5586,-3.0311,10.772
2.36,-2.5476,-10.228
-2.9305,3.2719,-8.4152
8.7735,3.3864,-9.3262
-9.9613,-2.5101,-8.7782
-3.451,-4.3125,-9.5522
-9.0703,3.2358,-10.16
3.1683,4.0066,-9.6722
9.1476,-2.4776,-9.2652
2.3596,-2.5463,2.949
-2.931,3.2732,4.762
8.7731,3.3877,3.851
-9.9617,-2.5088,4.399
-3.4514,-4.3112,3.625
-9.0708,3.2371,3.017
3.1678,4.0079,3.505
9.1471,-2.4763,3.912
-3.1714,-9.1309,-2.554
-8.7243,-3.2923,-3.468
4.1295,-2.9967,-3.224
-2.9776,3.7484,-2.638
-2.0577,-2.2684,-3.693
2.4416,-9.4363,-2.256
3.2576,2.8362,-3.003
-3.0434,9.5714,-2.407
-3.1718,-9.1296,10.623
-8.7247,-3.291,9.7092
4.1291,-2.9954,9.9532
-2.9781,3.7497,10.539
-2.0581,-2.2671,9.4842
2.4412,-9.435,10.921
3.2572,2.8375,10.174
-3.0438,9.5727,10.77
-10.242,10.056,-10.23
-3.4548,10.126,-9.2671
-10.243,10.058,2.9471
-3.4553,10.128,3.9101
-8.4729,9.6071,-3.2259
-10.161,3.1675,-2.2579
-8.4733,9.6084,9.9513
-10.161,3.1688,10.919
2.7129,10.162,-8.7787
9.2233,8.36,-9.5527
2.7125,10.164,4.3985
9.2228,8.3613,3.6245
9.5028,3.5417,-2.5545
3.9499,9.3802,-3.4685
10.617,10.404,-3.6935
9.5024,3.543,10.623
3.9495,9.3816,9.7088
10.616,10.405,9.4838
-5.6586,-12.264,-10.107
-11.638,-6.3177,-10.446
-6.4555,-6.1642,-10.223
-1.0419,-12.517,-10.133
-13.631,-12.798,-10.439
-9.9373,-12.128,-8.0938
-6.5396,-9.2352,-13.817
-12.753,-3.1548,-13.137
-13.173,-3.1435,-7.3478
-12.866,-9.4339,-13.086
-9.6099,-12.947,-13.042
-3.2784,-12.279,-14.235
-9.583,-6.5835,-14.911
-11.529,-13.03,-3.9175
-5.659,-12.263,3.0705
-11.638,-6.3164,2.7315
-6.4559,-6.1629,2.9545
-1.0423,-12.516,3.0445
-13.632,-12.797,2.7385
-7.0803,-12.571,-3.6885
-13.229,-5.6651,-3.5805
-9.9377,-12.127,5.0835
-3.5773,-12.495,-6.5665
-9.6973,-5.8009,-6.6515
-12.369,-9.294,-6.0805
-6.5401,-9.2339,-0.63954
-12.753,-3.1535,0.040461
-6.5917,-9.3265,-7.0985
-13.173,-3.1421,5.8295
-12.867,-9.4326,0.091461
-9.6103,-12.946,0.13546
-3.2789,-12.277,-1.0575
-9.5834,-6.5822,-1.7335
-11.53,-13.028,9.2597
-7.0807,-12.57,9.4887
-13.229,-5.6638,9.5967
-3.5777,-12.494,6.6107
-9.6977,-5.7996,6.5257
-12.369,-9.2927,7.0967
-6.5405,-9.2326,12.538
-12.754,-3.1521,13.218
-6.5921,-9.3252,6.0787
-12.867,-9.4313,13.269
-9.6108,-12.945,13.313
-3.2793,-12.276,12.12
-9.5839,-6.5809,11.444
-13.644,0.086975,-10.135
-13.645,0.088291,3.0426
7.0874,-11.414,-9.8883
13.639,-6.249,-10.444
11.645,-12.73,-10.437
6.1187,-7.0261,-10.337
3.0725,-11.767,-7.3923
6.2438,-9.3037,-14.336
12.524,-3.0861,-13.135
12.104,-3.0748,-7.3463
12.411,-9.3652,-13.084
2.796,-12.051,-12.661
9.8409,-6.4703,-12.879
9.4124,-12.646,-14.202
13.747,-12.961,-3.9161
7.0969,-5.6021,-3.7171
0.57169,-12.54,-3.4441
7.087,-11.413,3.2889
13.638,-6.2477,2.7329
11.645,-12.728,2.7399
6.1182,-7.0248,2.8399
4.885,-12.717,-3.4771
12.048,-5.5964,-3.5791
3.072,-11.765,5.7849
9.3045,-5.9669,-6.9491
9.4176,-12.744,-6.0771
12.908,-9.2253,-6.0791
6.2434,-9.3024,-1.1591
12.523,-3.0848,0.041903
6.7058,-9.2218,-6.2711
12.103,-3.0735,5.8309
12.41,-9.3639,0.092903
2.7955,-12.05,0.5159
9.8404,-6.469,0.2979
9.4119,-12.645,-1.0251
13.747,-12.96,9.2611
7.0964,-5.6008,9.4601
0.57125,-12.539,9.7331
4.8846,-12.716,9.7001
12.048,-5.5951,9.5981
9.304,-5.9656,6.2281
9.4172,-12.743,7.1001
12.907,-9.224,7.0981
6.243,-9.301,12.018
12.523,-3.0835,13.219
6.7054,-9.2204,6.9061
12.41,-9.3626,13.27
2.7951,-12.049,13.693
9.84,-6.4677,13.475
9.4115,-12.644,12.152
-0.072399,-5.4807,-10.348
-5.515,1.1895,-9.8902
7.0156,0.4081,-10.107
1.0363,6.3549,-10.446
6.2187,6.5083,-10.223
11.632,0.15566,-10.133
-0.95699,-0.12577,-10.439
-6.4837,5.5778,-10.339
-9.53,0.83731,-7.3942
2.7369,0.54457,-8.0942
-0.77243,-9.0615,-7.6142
-6.3239,-2.9457,-7.3312
6.1692,-2.9811,-7.3562
0.10084,-3.0376,-13.763
-6.3586,3.3002,-14.338
6.1346,3.4373,-13.817
-0.078763,9.5178,-13.137
-0.49878,9.5291,-7.3482
-0.32484,-9.1216,-13.19
-6.9582,-2.962,-13.061
6.8007,-2.8587,-13.314
-0.1919,3.2386,-13.086
-3.1943,-6.0329,-13.708
-9.8064,0.55235,-12.663
3.0643,-0.27497,-13.042
-2.7615,6.1335,-12.881
3.3684,-6.0718,-14.067
-3.19,-0.042328,-14.204
9.3958,0.39396,-14.235
3.0912,6.089,-14.911
1.1448,-0.35709,-3.918
-5.5055,7.0018,-3.719
-5.7368,-5.502,-3.565
-12.031,0.06364,-3.446
-0.072832,-5.4794,2.829
-5.5154,1.1908,3.287
7.0152,0.40941,3.07
1.0359,6.3562,2.731
6.2183,6.5096,2.954
11.632,0.15698,3.044
-0.95742,-0.12445,2.738
-6.4842,5.5791,2.838
-0.4971,-6.8794,-3.738
-7.7174,-0.11314,-3.479
5.5939,0.10112,-3.689
-0.55437,7.0074,-3.581
-3.2117,-6.2381,-6.95
-9.5304,0.83863,5.783
2.7365,0.54589,5.083
-3.2979,6.6369,-6.951
3.0844,-6.7331,-7.089
-3.1848,-0.14001,-6.079
9.0969,0.17748,-6.567
2.9769,6.8717,-6.652
-0.77287,-9.0602,5.563
-6.3244,-2.9444,5.846
6.1688,-2.9797,5.821
0.30547,3.3786,-6.081
0.10041,-3.0363,-0.586
-6.359,3.3015,-1.161
6.1342,3.4387,-0.64
-0.079196,9.5191,0.04
0.088388,-2.8659,-7.081
-5.8966,3.3821,-6.273
6.0825,3.346,-7.099
-0.49922,9.5304,5.829
-0.32527,-9.1203,-0.013
-6.9586,-2.9607,0.116
6.8002,-2.8574,-0.137
-0.19233,3.24,0.091
-3.1947,-6.0316,-0.531
-9.8069,0.55366,0.514
3.0639,-0.27365,0.135
-2.762,6.1349,0.296
3.3679,-6.0705,-0.89
-3.1905,-0.041012,-1.027
9.3953,0.39527,-1.058
3.0908,6.0903,-1.734
1.1444,-0.35577,9.2592
-5.506,7.0031,9.4582
-5.7372,-5.5007,9.6122
-12.031,0.064956,9.7312
-0.49753,-6.8781,9.4392
-7.7178,-0.11182,9.6982
5.5935,0.10243,9.4882
-0.55481,7.0087,9.5962
-3.2121,-6.2368,6.2272
-3.2984,6.6382,6.2262
3.084,-6.7318,6.0882
-3.1852,-0.13869,7.0982
9.0965,0.1788,6.6102
2.9765,6.873,6.5252
0.30504,3.3799,7.0962
0.099976,-3.035,12.591
-6.3594,3.3028,12.016
6.1337,3.44,12.537
-0.079629,9.5204,13.217
0.087955,-2.8646,6.0962
-5.897,3.3834,6.9042
6.0821,3.3473,6.0782
-0.3257,-9.1189,13.164
-6.9591,-2.9593,13.293
6.7998,-2.8561,13.04
-0.19277,3.2413,13.268
-3.1951,-6.0303,12.646
-9.8073,0.55498,13.691
3.0635,-0.27233,13.312
-2.7624,6.1362,13.473
3.3675,-6.0692,12.287
-3.1909,-0.039696,12.15
9.3949,0.39659,12.119
3.0903,6.0916,11.443
-12.675,7.1232,-10.35
-5.5868,13.012,-10.109
-0.97006,12.76,-10.135
-13.559,12.478,-10.441
-9.8655,13.148,-8.0961
-13.375,3.5424,-7.6161
-6.4332,9.6228,-7.3581
-12.502,9.5662,-13.765
-12.927,3.4823,-13.192
-5.8017,9.7451,-13.316
-9.5381,12.329,-13.044
-9.234,6.532,-14.069
-3.2066,12.998,-14.237
-11.458,12.247,-3.9199
-12.675,7.1245,2.8271
-5.5872,13.013,3.0681
-0.9705,12.761,3.0421
-13.56,12.479,2.7361
-13.099,5.7244,-3.7399
-7.0085,12.705,-3.6909
-9.8659,13.15,5.0811
-9.518,5.8708,-7.0909
-3.5055,12.781,-6.5689
-13.375,3.5437,5.5611
-6.4336,9.6241,5.8191
-12.502,9.5675,-0.5879
-12.514,9.7379,-7.0829
-12.928,3.4836,-0.014903
-5.8022,9.7464,-0.1389
-9.5385,12.33,0.1331
-9.2345,6.5333,-0.8919
-3.2071,12.999,-1.0599
-11.458,12.248,9.2573
-13.1,5.7257,9.4373
-7.0089,12.706,9.4863
-9.5184,5.8721,6.0863
-3.5059,12.783,6.6083
-12.502,9.5688,12.589
-12.514,9.7393,6.0943
-12.928,3.4849,13.162
-5.8026,9.7477,13.038
-9.5389,12.332,13.31
-9.2349,6.5347,12.285
-3.2075,13,12.117
13.246,0.13233,-3.4446
13.245,0.13364,9.7327
12.602,7.1918,-10.349
7.1592,13.862,-9.8907
11.717,12.547,-10.44
3.1443,13.51,-7.3947
11.902,3.6111,-7.6147
6.3503,9.7268,-7.3317
12.775,9.6349,-13.764
12.349,3.551,-13.191
5.716,9.7106,-13.062
9.4799,6.6396,-13.709
2.8678,13.225,-12.664
9.4842,12.63,-14.205
13.819,12.315,-3.9185
6.9375,7.1705,-3.5655
0.6435,12.736,-3.4465
12.601,7.1932,2.8285
7.1588,13.863,3.2865
11.717,12.548,2.7375
12.177,5.7931,-3.7385
4.9568,12.559,-3.4795
9.4625,6.4344,-6.9505
3.1438,13.511,5.7825
9.4894,12.533,-6.0795
11.901,3.6124,5.5625
6.3498,9.7281,5.8455
12.775,9.6362,-0.58646
12.763,9.8066,-7.0815
12.349,3.5523,-0.013461
5.7156,9.7119,0.11554
9.4795,6.6409,-0.53146
2.8673,13.226,0.51354
9.4837,12.632,-1.0275
13.819,12.317,9.2588
6.937,7.1719,9.6118
0.64306,12.737,9.7308
12.177,5.7944,9.4388
4.9564,12.561,9.6978
9.4621,6.4358,6.2268
9.489,12.534,7.0978
12.774,9.6375,12.591
12.762,9.8079,6.0958
12.349,3.5536,13.164
5.7151,9.7132,13.293
9.4791,6.6422,12.646
2.8669,13.228,13.691
9.4833,12.633,12.15
0,0,0
-0.0049497,-6.1766,-0.907
6.294,0.27082,-0.241
-6.3343,0.10324,-0.786
0.13859,6.4333,-0.345
-0.091217,0.33729,-6.5
-0.09165,0.33861,6.6772
0.013002,-5.7977,6.0122
5.9237,0.20355,6.2832
-5.9588,6.4269,-0.708
-6.4415,0.46164,5.9762
6.0083,6.5542,-0.675
-6.6659,-6.1184,-0.67454
5.9241,0.20223,-6.894
6.6436,-6.177,-0.7061
0.013435,-5.799,-7.165
-0.13859,6.5605,-6.559
-0.13903,6.5619,6.6182
-6.441,0.46033,-7.201
6.08,-6.154,5.9802
-6.4337,-5.9752,6.3742
-6.5224,6.4498,5.9783
-6.4333,-5.9765,-6.803
6.2405,6.6974,6.3738
6.0804,-6.1554,-7.197
6.241,6.6961,-6.8035
-6.522,6.4485,-7.1989
-0.20155,-12.39,-0.51054
12.473,0.28214,-0.511
-12.804,0.21345,-0.51244
-0.12975,12.886,-0.5129
0.00043346,-0.0013159,-13.177
-0.00043346,0.0013159,13.177
-0.3557,-12.178,5.8265
12.319,0.49427,5.826
-0.0053832,-6.1753,12.27
-6.3347,0.10455,12.391
-6.3803,-12.402,-0.24054
6.2681,-12.501,-0.7841
-12.536,-6.2393,-0.34454
12.741,-6.1706,-0.3431
-12.607,6.4273,-0.9089
-12.958,0.42558,5.8246
-0.35527,-12.18,-7.3508
12.669,6.496,-0.90746
6.3399,12.776,-0.78646
-0.2839,13.098,5.8241
-6.3084,12.875,-0.2429
12.319,0.49295,-7.3512
0.13816,6.4346,12.832
6.2935,0.27214,12.936
6.2944,0.26951,-13.418
6.1609,-12.142,5.9781
-12.958,0.42426,-7.3527
0.13903,6.4319,-13.522
-0.28346,13.097,-7.3531
-5.9592,6.4282,12.469
12.464,-6.0433,-6.5571
-6.3338,0.10192,-13.963
6.0079,6.5555,12.502
12.463,-6.042,6.6201
-0.0045163,-6.1779,-14.084
6.1614,-12.144,-7.1991
6.6432,-6.1756,12.471
-6.6664,-6.117,12.503
-6.7505,-12.469,6.2837
-12.589,6.8062,6.0103
12.687,6.8749,6.0118
-12.813,-6.112,-6.5585
-12.813,-6.1107,6.6187
6.2327,13.134,5.9758
-6.6787,12.807,6.2813
-6.7501,-12.47,-6.8935
-6.6783,12.806,-6.8959
-12.589,6.8049,-7.1669
12.688,6.8736,-7.1655
6.2332,13.133,-7.2015
-5.9584,6.4256,-13.885
6.0087,6.5529,-13.852
-6.6655,-6.1197,-13.852
6.644,-6.1783,-13.883
-0.20199,-12.389,12.667
12.472,0.28345,12.666
12.602,-12.604,0.001903
-12.602,12.604,-0.001903
-12.674,-12.673,0.000461
12.674,12.673,-0.000461
-12.804,0.21476,12.665
-0.13018,12.887,12.664
-0.20112,-12.392,-13.688
12.473,0.28082,-13.688
6.2677,-12.499,12.393
12.511,-12.267,-6.4981
-12.608,6.4286,12.268
-12.804,0.21213,-13.69
12.511,-12.265,6.6791
12.669,6.4973,12.27
-0.12931,12.885,-13.69
6.3395,12.777,12.391
-12.765,-12.335,-6.4995
-12.766,-12.334,6.6777
-12.536,-6.238,12.833
-6.3807,-12.4,12.937
12.741,-6.1693,12.834
12.583,13.01,-6.5005
-12.694,12.941,-6.5019
12.583,13.011,6.6768
-6.3089,12.876,12.934
-12.694,12.942,6.6753
-6.3798,-12.403,-13.418
-12.535,-6.2406,-13.522
12.741,-6.1719,-13.52
-6.308,12.873,-13.42
6.2686,-12.502,-13.961
6.3404,12.774,-13.964
-12.607,6.426,-14.086
12.67,6.4946,-14.085
12.603,-12.605,-13.175
-12.603,12.605,13.175
12.602,-12.603,13.179
-12.602,12.603,-13.179
-12.675,-12.671,13.178
12.675,12.671,-13.178
-12.674,-12.674,-13.177
12.674,12.674,13.177
