-9.3843,-9.7478,-10.733
-9.3848,-9.7465,2.4445
-3.9372,-9.4015,-3.6915
-9.669,-8.9008,-3.8075
-3.9376,-9.4001,9.4857
-9.6694,-8.8995,9.3697
10.284,-8.6524,-10.337
10.283,-8.6511,2.8399
10.123,-9.3801,-3.5051
3.5005,-9.9027,-3.9891
10.122,-9.3788,9.6721
3.5001,-9.9014,9.1881
-3.062,-9.4603,-10.497
-8.9841,-2.9754,-10.458
3.3161,-3.2321,-9.5562
-2.3189,3.9514,-10.339
2.5899,-8.8868,-10.144
-3.2523,-2.8,-10.371
8.6809,-3.7462,-9.6832
3.2899,2.9247,-10.733
-3.0625,-9.459,2.68
-8.9845,-2.9741,2.719
3.3156,-3.2308,3.621
-2.3193,3.9527,2.838
2.5894,-8.8855,3.033
-3.2527,-2.7987,2.806
8.6804,-3.7448,3.494
3.2895,2.926,2.444
3.0724,-3.3057,-3.713
-2.4798,3.2237,-3.507
8.737,3.2711,-3.692
-9.6188,-2.7641,-2.411
-9.1019,2.7011,-3.991
-3.148,-3.2343,-3.621
9.355,-2.4268,-3.521
3.0052,3.7717,-3.808
3.0719,-3.3044,9.4642
-2.4803,3.225,9.6702
8.7366,3.2724,9.4852
-9.6192,-2.7628,10.766
-9.1023,2.7025,9.1862
-3.1485,-3.233,9.5562
9.3546,-2.4255,9.6562
3.0048,3.773,9.3692
-9.2863,9.3718,-9.5581
-10.013,3.717,-10.146
-3.9215,8.8577,-9.6851
-9.2868,9.3731,3.6191
-10.013,3.7183,3.0311
-3.922,8.859,3.4921
-9.53,9.2981,-3.7149
-3.2474,10.177,-3.5229
-9.5305,9.2994,9.4623
-3.2478,10.178,9.6543
9.6122,3.2123,-10.498
3.6901,9.6971,-10.459
9.422,9.8725,-10.372
9.6117,3.2136,2.6795
3.6897,9.6984,2.7185
9.4215,9.8738,2.8055
3.0554,9.9085,-2.4115
9.5262,9.4382,-3.6215
3.055,9.9098,10.766
9.5257,9.4395,9.5558
-3.7232,-9.5301,-9.1478
-10.063,-2.7828,-9.4348
-9.2111,-9.2635,-9.3528
-3.7237,-9.5287,4.0295
-10.064,-2.7815,3.7425
-9.2115,-9.2622,3.8245
-9.5997,-9.9247,-2.7045
-9.6001,-9.9234,10.473
9.8409,-9.0611,-8.9903
3.793,-9.7845,-10.258
9.8404,-9.0598,4.1869
3.7926,-9.7832,2.9189
9.7252,-8.813,-2.1621
9.6474,-3.4843,-2.5061
9.7248,-8.8117,11.015
9.647,-3.483,10.671
2.0588,-2.7682,-10.248
-2.7615,3.5427,-8.9922
8.951,3.1425,-9.1482
2.6111,9.8897,-9.4352
-3.422,-4.1025,-9.6592
-8.8094,2.8193,-10.26
3.4631,3.4091,-9.3532
8.8527,-3.0044,-8.4132
2.0584,-2.7669,2.929
-2.762,3.544,4.185
8.9506,3.1438,4.029
2.6106,9.891,3.742
-3.4224,-4.1012,3.518
-8.8098,2.8206,2.917
3.4627,3.4104,3.824
8.8523,-3.0031,4.764
-3.0519,-9.4243,-2.49
-8.4407,-2.9352,-3.327
3.5843,-3.0045,-2.353
-2.8772,3.7908,-2.164
-1.6985,-3.5935,-3.522
2.7209,-9.8486,-2.703
3.0745,2.7478,-2.705
-2.955,9.1196,-2.508
-3.0523,-9.423,10.687
-8.4412,-2.9339,9.8502
3.5839,-3.0032,10.824
-2.8777,3.7921,11.013
-1.6989,-3.5922,9.6552
2.7205,-9.8473,10.474
3.0741,2.7491,10.472
-2.9554,9.1209,10.669
-10.544,9.8356,-10.25
-3.7497,9.5994,-8.4151
-10.544,9.8369,2.9271
-3.7501,9.6008,4.7621
-9.0181,9.5994,-2.3549
-9.8815,2.7553,-2.7049
-9.0185,9.6007,10.822
-9.8819,2.7566,10.472
9.2522,8.57,-9.6597
9.2518,8.5713,3.5175
9.6223,3.2482,-2.4905
4.2335,9.7373,-3.3275
10.976,9.079,-3.5225
9.6219,3.2495,10.687
4.233,9.7386,9.8498
10.975,9.0803,9.6548
-5.8933,-12.75,-9.9898
-10.968,-6.2392,-9.7638
-5.9153,-6.6592,-10.097
-1.143,-13.246,-9.9228
-12.913,-12.433,-10.047
-9.5413,-12.415,-7.8088
-5.9754,-9.4756,-13.367
-12.655,-3.1067,-13.146
-12.315,-9.3193,-13.756
-9.4077,-12.998,-13.143
-2.9426,-12.754,-13.988
-9.3497,-6.5553,-13.92
-12.136,-12.413,-3.4575
-5.8938,-12.748,3.1875
-10.969,-6.2379,3.4135
-5.9157,-6.6579,3.0805
-1.1434,-13.245,3.2545
-12.914,-12.431,3.1305
-7.1057,-12.798,-3.4065
-13.065,-5.7627,-3.1515
-9.5417,-12.414,5.3685
-3.6353,-12.215,-6.4495
-9.5587,-4.9396,-6.3755
-12.956,-9.2013,-6.6715
-5.9758,-9.4743,-0.18954
-12.656,-3.1054,0.031461
-7.0181,-9.1815,-6.7085
-13.244,-2.9937,-6.0525
-12.315,-9.318,-0.57854
-9.4081,-12.997,0.034461
-2.943,-12.753,-0.81054
-9.3501,-6.5539,-0.74254
-12.137,-12.412,9.7197
-7.1062,-12.796,9.7707
-13.065,-5.7614,10.026
-3.6357,-12.214,6.7277
-9.5591,-4.9383,6.8017
-12.957,-9.2,6.5057
-5.9762,-9.473,12.988
-12.656,-3.1041,13.209
-7.0185,-9.1802,6.4687
-13.245,-2.9923,7.1247
-12.315,-9.3167,12.599
-9.4085,-12.996,13.212
-2.9434,-12.752,12.367
-9.3505,-6.5526,12.435
-13.745,-0.64205,-9.9247
-13.746,-0.64074,3.2526
7.2698,-11.847,-9.7423
14.308,-6.1705,-9.7623
12.363,-12.364,-10.045
6.3273,-7.0636,-10.085
2.9961,-12.344,-7.8473
6.1689,-9.3885,-13.847
12.621,-3.038,-13.144
12.962,-9.2506,-13.754
3.1729,-12.351,-12.941
9.587,-6.1118,-13.042
9.6592,-12.593,-14.555
13.141,-12.344,-3.4561
6.9625,-5.7449,-3.0441
7.2694,-11.846,3.4349
14.308,-6.1692,3.4149
12.363,-12.363,3.1319
6.3268,-7.0623,3.0919
6.4315,-12.821,-3.5001
12.212,-5.694,-3.1501
2.9957,-12.342,5.3299
9.3759,-6.1176,-7.0431
9.5795,-12.81,-6.3111
12.32,-9.1327,-6.6701
6.1684,-9.3872,-0.6701
12.621,-3.0367,0.032903
6.8621,-9.2819,-5.9061
12.032,-2.925,-6.0511
12.962,-9.2493,-0.5771
3.1724,-12.349,0.2359
9.5866,-6.1105,0.1349
9.6587,-12.592,-1.3781
13.14,-12.343,9.7211
6.9621,-5.7436,10.133
6.431,-12.82,9.6771
12.212,-5.6927,10.027
9.3754,-6.1162,6.1341
9.5791,-12.808,6.8661
12.32,-9.1313,6.5071
6.168,-9.3859,12.507
12.62,-3.0354,13.21
6.8617,-9.2805,7.2711
12.032,-2.9237,7.1261
12.961,-9.248,12.6
3.172,-12.348,13.413
9.5862,-6.1092,13.312
9.6583,-12.591,11.799
-0.29019,-5.4086,-10.088
-5.3326,0.7567,-9.7442
6.7809,-0.076976,-9.9902
1.706,6.4334,-9.7642
6.759,6.0133,-10.097
11.531,-0.57337,-9.9232
-0.23928,0.23981,-10.047
-6.2751,5.5403,-10.087
-3.1964,-6.3236,-7.0772
-9.6063,0.26031,-7.8492
3.1329,0.25749,-7.8092
-0.51717,-9.6632,-7.2772
-5.9937,-2.9266,-7.7292
0.3851,-3.0914,-13.647
-6.4335,3.2153,-13.849
6.6989,3.1969,-13.367
0.018818,9.5658,-13.146
-0.28948,-9.4723,-13.111
-6.5049,-3.1083,-13.272
6.3149,-3.0659,-13.035
0.35964,3.3532,-13.756
-3.067,-5.9014,-13.064
-9.4295,0.25324,-12.943
3.2666,-0.32588,-13.143
-3.0154,6.492,-13.044
2.8819,-6.7719,-14.486
-2.9433,0.010705,-14.557
9.7316,-0.081926,-13.988
3.3245,6.1173,-13.92
0.53811,0.25951,-3.458
-5.6399,6.8589,-3.046
-5.8718,-5.6314,-3.478
0.24112,-12.071,-3.223
-0.29062,-5.4072,3.089
-5.333,0.75802,3.433
6.7804,-0.07566,3.187
1.7055,6.4347,3.413
6.7585,6.0147,3.08
11.531,-0.57205,3.254
-0.23971,0.24112,3.13
-6.2756,5.5416,3.09
-0.58478,-7.2542,-3.813
-6.1709,-0.21708,-3.502
5.5685,-0.12516,-3.407
-0.39032,6.9098,-3.152
-3.1968,-6.3222,6.1
-9.6068,0.26163,5.328
3.1325,0.2588,5.368
-3.2265,6.4863,-7.045
3.2301,-6.9735,-6.698
-3.0229,-0.20577,-6.313
9.0389,0.4575,-6.45
3.1155,7.7329,-6.376
-0.5176,-9.6619,5.9
-5.9941,-2.9253,5.448
6.0019,-3.1297,-6.637
-0.28214,3.4712,-6.672
0.38467,-3.0901,-0.47
-6.434,3.2166,-0.672
6.6984,3.1982,-0.19
0.018385,9.5672,0.031
0.89732,-3.153,-6.355
-5.7403,3.322,-5.908
5.6561,3.491,-6.709
-0.56993,9.6789,-6.053
-0.28991,-9.471,0.066
-6.5054,-3.107,-0.095
6.3145,-3.0646,0.142
0.35921,3.3545,-0.579
-3.0674,-5.9001,0.113
-9.43,0.25456,0.234
3.2661,-0.32456,0.034
-3.0158,6.4934,0.133
2.8815,-6.7705,-1.309
-2.9437,0.012021,-1.38
9.7312,-0.08061,-0.811
3.3241,6.1186,-0.743
0.53767,0.26082,9.7192
-5.6403,6.8603,10.131
-5.8722,-5.6301,9.6992
0.24069,-12.07,9.9542
-0.58521,-7.2529,9.3642
-6.1714,-0.21577,9.6752
5.568,-0.12384,9.7702
-0.39076,6.9112,10.025
-3.227,6.4876,6.1322
3.2296,-6.9722,6.4792
-3.0233,-0.20445,6.8642
9.0385,0.45881,6.7272
3.1151,7.7342,6.8012
6.0015,-3.1283,6.5402
-0.28257,3.4725,6.5052
0.38423,-3.0887,12.707
-6.4344,3.2179,12.505
6.698,3.1996,12.987
0.017951,9.5685,13.208
0.89689,-3.1517,6.8222
-5.7407,3.3233,7.2692
5.6557,3.4923,6.4682
-0.57036,9.6802,7.1242
-0.29035,-9.4697,13.243
-6.5058,-3.1057,13.082
6.314,-3.0633,13.319
0.35878,3.3558,12.598
-3.0679,-5.8988,13.29
-9.4304,0.25587,13.411
3.2657,-0.32325,13.211
-3.0162,6.4947,13.31
2.881,-6.7692,11.868
-2.9441,0.013337,11.797
9.7308,-0.079294,12.366
3.3237,6.1199,12.434
-12.893,7.1953,-10.09
-5.8215,12.527,-9.9921
-1.0712,12.03,-9.9251
-12.842,12.844,-10.049
-9.4695,12.861,-7.8111
-13.12,2.9406,-7.2791
-12.217,9.5125,-13.649
-12.892,3.1315,-13.113
-6.2875,9.5379,-13.037
-9.3358,12.278,-13.145
-9.7205,5.832,-14.488
-2.8708,12.522,-13.99
-12.064,12.863,-3.4599
-12.361,0.53283,-3.2249
-12.893,7.1966,3.0871
-5.822,12.528,3.1851
-1.0716,12.032,3.2521
-12.842,12.845,3.1281
-13.187,5.3496,-3.8149
-7.0339,12.479,-3.4089
-9.4699,12.863,5.3661
-9.3723,5.6304,-6.6999
-3.5635,13.061,-6.4519
-13.12,2.9419,5.8981
-6.6005,9.4742,-6.6389
-12.218,9.5138,-0.4719
-11.705,9.4509,-6.3569
-12.892,3.1329,0.064097
-6.2879,9.5392,0.1401
-9.3363,12.279,0.032097
-9.7209,5.8333,-1.3109
-2.8712,12.523,-0.8129
-12.065,12.865,9.7173
-12.362,0.53414,9.9523
-13.188,5.351,9.3623
-7.0344,12.48,9.7683
-9.3728,5.6317,6.4773
-3.5639,13.063,6.7253
-6.6009,9.4755,6.5383
-12.218,9.5151,12.705
-11.706,9.4522,6.8203
-12.893,3.1342,13.241
-6.2884,9.5406,13.317
-9.3367,12.281,13.209
-9.7214,5.8346,11.866
-2.8716,12.525,12.364
12.384,7.264,-10.089
7.3416,13.429,-9.7447
12.435,12.912,-10.048
9.4778,6.349,-7.0777
3.0679,12.933,-7.8497
12.157,3.0093,-7.2777
6.6805,9.7459,-7.7297
13.059,9.5812,-13.648
12.385,3.2002,-13.112
6.1693,9.5642,-13.273
9.6072,6.7711,-13.065
3.2447,12.926,-12.944
9.731,12.683,-14.558
13.212,12.932,-3.4585
6.8024,7.0411,-3.4785
12.915,0.60151,-3.2235
12.384,7.2653,3.0885
7.3412,13.431,3.4325
12.435,12.914,3.1295
12.089,5.4183,-3.8135
6.5033,12.455,-3.5025
9.4774,6.3503,6.0995
3.0675,12.934,5.3275
9.6513,12.467,-6.3135
12.157,3.0106,5.8995
6.6801,9.7472,5.4475
13.059,9.5825,-0.47046
13.572,9.5195,-6.3555
12.384,3.2015,0.065539
6.1688,9.5655,-0.095461
9.6068,6.7724,0.11254
3.2442,12.927,0.23354
9.7305,12.685,-1.3805
13.212,12.933,9.7188
6.802,7.0425,9.6988
12.915,0.60283,9.9538
12.089,5.4196,9.3638
6.5029,12.457,9.6748
9.6509,12.468,6.8638
13.058,9.5838,12.707
13.571,9.5209,6.8218
12.384,3.2029,13.243
6.1684,9.5668,13.082
9.6063,6.7738,13.29
3.2438,12.928,13.411
9.7301,12.686,11.797
0.31293,13.205,-3.2254
0.3125,13.207,9.9519
0,0,0
-6.0415,-0.042426,-0.372
0.42285,6.4969,0.375
6.5407,-0.029698,0.093
0.20533,-0.092729,6.5872
0.20577,-0.094045,-6.59
-0.077075,-6.6631,-0.667
-5.9253,0.089704,6.2622
0.074953,-6.4714,5.898
6.0373,-0.067882,-6.462
-6.26,-6.3149,-0.22554
6.1935,-6.3944,-0.231
-6.4089,6.2095,-0.2329
0.11526,6.5598,-6.1
6.0368,-0.066566,6.7152
6.4142,6.3576,-0.226
-5.9248,0.088388,-6.915
0.11482,6.5611,7.0772
0.075387,-6.4728,-7.2792
-6.387,6.0216,6.2582
-6.5476,-6.0209,6.1787
6.1266,6.6517,6.1782
6.2154,-6.5822,6.2601
-6.3866,6.0203,-6.919
-6.5471,-6.0222,-6.9985
6.2158,-6.5835,-6.9171
6.1271,6.6503,-6.999
-12.426,-0.047376,-0.225
0.24822,12.625,-0.22546
0.17642,-12.651,-0.2231
12.851,0.021311,-0.22356
-0.00043346,0.0013159,13.177
0.00043346,-0.0013159,-13.177
-12.251,-6.1756,0.37546
12.391,0.013435,6
-6.0617,12.574,0.091097
-0.21177,12.617,5.9981
12.597,6.0095,-0.66746
-0.28358,-12.659,6.0005
-12.679,5.9408,-0.6689
-6.1335,-12.702,0.093461
-6.042,-0.04111,12.805
-0.077508,-6.6618,12.51
-12.886,-0.055252,5.9986
6.5609,-12.646,-0.3701
6.6327,12.63,-0.37246
12.391,0.012119,-7.1772
0.42328,6.4956,-12.802
13.025,-6.1069,0.3769
-0.21134,12.616,-7.1791
-0.28315,-12.66,-7.1768
6.5412,-0.031014,-13.084
-12.886,-0.056568,-7.1787
6.5403,-0.028383,13.27
-6.0411,-0.043742,-13.549
0.42242,6.4982,13.552
-12.527,6.1324,5.8961
-12.559,-6.1127,-6.0995
12.718,-6.044,-6.0981
12.749,6.2011,5.8975
-0.076641,-6.6644,-13.844
6.6771,-12.514,6.2641
-6.5651,12.536,-6.4639
-12.559,-6.1114,7.0777
-6.5656,12.537,6.7133
-6.2605,-6.3136,12.952
6.1931,-6.3931,12.946
-6.4093,6.2108,12.944
-12.527,6.1311,-7.2811
6.7489,12.762,6.2618
-6.6369,-12.74,-6.4615
12.717,-6.0427,7.0791
6.6776,-12.515,-6.9131
6.4137,6.3589,12.951
-6.6374,-12.739,6.7157
12.75,6.1998,-7.2797
6.7494,12.761,-6.9155
-6.2596,-6.3163,-13.403
6.194,-6.3957,-13.408
-6.4084,6.2082,-13.41
6.4146,6.3563,-13.403
12.602,-12.604,0.001903
-12.602,12.604,-0.001903
-12.674,-12.673,0.000461
12.674,12.673,-0.000461
-12.426,-0.04606,12.952
0.24779,12.626,12.952
0.17598,-12.65,12.954
12.85,0.022627,12.954
-12.426,-0.048692,-13.402
0.24866,12.624,-13.403
0.17685,-12.653,-13.4
12.851,0.019995,-13.401
12.597,6.0108,12.51
-12.251,-6.177,-12.802
-12.68,5.9421,12.508
-12.397,12.511,6.5853
-12.397,12.51,-6.5919
-12.469,-12.765,6.5877
-12.468,-12.767,-6.5895
-6.0612,12.573,-13.086
6.5604,-12.645,12.807
6.6323,12.631,12.805
12.88,12.58,6.5868
12.88,12.578,-6.5905
12.808,-12.697,6.5891
12.808,-12.698,-6.5881
-6.133,-12.704,-13.084
13.026,-6.1083,-12.8
-6.0621,12.575,13.268
-12.252,-6.1743,13.553
-6.1339,-12.701,13.271
12.598,6.0082,-13.845
6.5613,-12.648,-13.547
6.6331,12.629,-13.55
-12.679,5.9395,-13.846
13.025,-6.1056,13.554
12.603,-12.605,-13.175
-12.603,12.605,13.175
12.602,-12.603,13.179
-12.602,12.603,-13.179
-12.675,-12.671,13.178
12.675,12.671,-13.178
-12.674,-12.674,-13.177
12.674,12.674,13.177
