-8.6994,-8.6284,-9.4847
-8.6994,-8.6284,2.3509
-9.1986,-9.1474,-3.0761
-9.1986,-9.1474,8.7596
8.2056,-8.3004,-8.8084
8.2056,-8.3004,3.0272
8.1597,-8.2969,-2.9018
8.1597,-8.2969,8.9339
2.1093,-8.0745,-9.1097
-3.4867,-2.5661,-9.1357
8.201,-2.6785,-9.3047
2.8327,2.8341,-9.2477
2.7443,-3.1275,-8.9417
-3.2916,3.1968,-9.0447
2.1093,-8.0745,2.726
-3.4867,-2.5661,2.7
8.201,-2.6785,2.531
2.8327,2.8341,2.588
2.3808,-8.7632,-3.136
-3.5907,-2.6884,-2.951
8.3806,-2.6601,-3.106
2.3335,2.3151,-2.839
-3.2499,-8.3127,-8.23
-9.5049,-3.2074,-8.786
2.7443,-3.1275,2.894
-3.2916,3.1968,2.791
-3.5447,-8.6939,-2.709
-9.2405,-2.4749,-3.417
2.2415,-2.81,-3.311
-3.3375,3.2004,-3.138
2.3808,-8.7632,8.6997
-3.5907,-2.6884,8.8847
8.3806,-2.6601,8.7297
2.3335,2.3151,8.9967
-3.2499,-8.3127,3.6057
-9.5049,-3.2074,3.0497
-3.5447,-8.6939,9.1267
-9.2405,-2.4749,8.4187
2.2415,-2.81,8.5247
-3.3375,3.2004,8.6977
-9.3879,3.4228,-9.3459
-3.2962,8.8187,-9.5409
-8.7529,8.3697,-9.1779
-9.3879,3.4228,2.4898
-3.2962,8.8187,2.2948
-9.1164,2.734,-3.3722
-3.1166,8.8371,-3.3422
-8.7529,8.3697,2.6578
-9.2557,8.6872,-3.5472
-9.1164,2.734,8.4634
-3.1166,8.8371,8.4934
-9.2557,8.6872,8.2884
8.0453,8.8964,-8.8986
8.0453,8.8964,2.9371
7.9414,8.7741,-2.7139
8.2822,3.1497,-7.9929
2.0271,8.255,-8.5489
7.9873,2.7686,-2.4719
2.2916,8.9876,-3.1799
7.9414,8.7741,9.1217
8.2822,3.1497,3.8427
2.0271,8.255,3.2867
7.9873,2.7686,9.3637
2.2916,8.9876,8.6557
9.1609,-9.4494,-8.8144
2.8387,-8.4927,-7.9288
3.5967,-7.9822,-2.7838
9.1609,-9.4494,3.0212
9.308,-8.6886,-2.0328
2.8387,-8.4927,3.9069
3.5967,-7.9822,9.0519
9.308,-8.6886,9.8029
-2.7181,-9.3451,-9.3037
-2.3363,2.0478,-9.0507
-7.7301,-8.6253,-8.459
-2.5541,-2.7294,-8.366
-8.6585,3.0045,-8.165
-8.1812,-8.0596,-2.915
-2.5208,-3.6381,-3.346
-7.9005,3.515,-3.02
-2.7181,-9.3451,2.532
-8.0603,-2.8645,-8.593
3.6041,-2.2578,-8.779
-2.3363,2.0478,2.785
-2.0563,-8.6267,-2.634
-8.1126,-2.5732,-2.431
3.0787,-2.9416,-2.088
-2.1892,2.8086,-2.269
-7.7301,-8.6253,3.3767
-2.5541,-2.7294,3.4697
-8.6585,3.0045,3.6707
-8.1812,-8.0596,8.9207
-2.5208,-3.6381,8.4897
-7.9005,3.515,8.8157
-8.0603,-2.8645,3.2427
3.6041,-2.2578,3.0567
-2.0563,-8.6267,9.2017
-8.1126,-2.5732,9.4047
3.0787,-2.9416,9.7477
-2.1892,2.8086,9.5667
-7.8931,9.2394,-9.0152
-8.4185,8.5557,-2.3242
-7.8931,9.2394,2.8204
-8.4185,8.5557,9.5114
9.0151,-2.8709,-7.8867
9.6763,-3.4458,-2.7557
9.0151,-2.8709,3.949
9.6763,-3.4458,9.08
8.814,2.1174,-9.0666
3.802,2.8372,-8.2219
-2.4821,8.6263,-8.1229
8.978,8.733,-8.1289
3.3508,3.4029,-2.6779
-1.8209,8.0514,-2.9919
9.0112,7.8244,-3.1089
8.814,2.1174,2.7691
3.4718,8.598,-8.3559
9.4758,2.8358,-2.3969
3.4194,8.8893,-2.1939
3.802,2.8372,3.6137
-2.4821,8.6263,3.7127
8.978,8.733,3.7067
3.3508,3.4029,9.1577
-1.8209,8.0514,8.8437
9.0112,7.8244,8.7267
3.4718,8.598,3.4797
9.4758,2.8358,9.4387
3.4194,8.8893,9.6417
-11.541,-11.883,-9.2617
-12.042,-5.433,-9.2157
-11.438,-8.6418,-11.812
-8.7362,-11.826,-12.189
-12.354,-11.23,-3.4141
-11.541,-11.883,2.5739
-6.2026,-12.035,-3.2021
-11.908,-6.1655,-3.1861
-12.042,-5.433,2.6199
-11.92,-8.5145,-6.9401
-11.438,-8.6418,0.023942
-8.9483,-11.335,-6.4491
-8.7362,-11.826,-0.35306
-12.354,-11.23,8.4216
-6.2026,-12.035,8.6336
-11.908,-6.1655,8.6496
-11.92,-8.5145,4.8956
-11.438,-8.6418,11.86
-8.9483,-11.335,5.3866
-8.7362,-11.826,11.483
11.488,-11.918,-8.7884
5.2535,-10.929,-8.7174
10.987,-5.4677,-8.7424
5.5794,-8.7473,-12.046
11.591,-8.6766,-11.338
8.5712,-11.337,-11.435
2.8224,-11.025,-11.652
8.4948,-5.6806,-11.871
10.675,-11.265,-2.9408
11.488,-11.918,3.0472
5.2422,-11.735,-2.8438
11.122,-6.2003,-2.7128
5.2535,-10.929,3.1182
10.987,-5.4677,3.0932
5.5787,-8.6221,-5.1768
5.5794,-8.7473,-0.21076
11.109,-8.5493,-6.4668
11.591,-8.6766,0.49724
8.3789,-11.294,-6.1578
8.5712,-11.337,0.40024
2.5148,-11.656,-6.0878
8.2947,-5.776,-5.8088
2.8224,-11.025,0.18324
8.4948,-5.6806,-0.035762
10.675,-11.265,8.8949
5.2422,-11.735,8.9919
11.122,-6.2003,9.1229
5.5787,-8.6221,6.6589
5.5794,-8.7473,11.625
11.109,-8.5493,5.3689
11.591,-8.6766,12.333
8.3789,-11.294,5.6779
8.5712,-11.337,12.236
2.5148,-11.656,5.7479
8.2947,-5.776,6.0269
2.8224,-11.025,12.019
8.4948,-5.6806,11.8
-0.31961,-11.742,-8.8907
-5.835,-5.8492,-8.9547
5.4348,-6.1009,-8.9697
-0.0091924,-0.42073,-9.0247
-0.92207,-5.4956,-9.0007
-6.2438,0.56851,-8.9537
-5.5437,-11.157,-9.1797
-0.50982,6.0295,-8.9787
-6.2282,-8.4287,-12.068
-11.203,-2.7542,-12.334
-0.2093,-2.7492,-12.671
-5.9178,2.7499,-12.283
-0.65902,-8.3721,-11.683
-6.3724,-2.6658,-11.343
5.6102,-2.8496,-11.385
0.094045,2.8206,-11.575
-2.7415,-11.764,-12.049
-8.8063,-5.671,-12.013
2.7153,-5.3061,-11.881
-2.926,0.15981,-11.672
-3.0978,-5.1103,-12.106
-8.6748,0.47235,-11.889
2.7959,-0.36345,-11.952
-3.0024,5.8167,-12.108
-0.19092,-11.222,-3.064
-6.5117,-5.3266,-3.077
5.3259,-5.1562,-3.05
-0.82237,0.23264,-3.177
-0.31961,-11.742,2.945
-5.835,-5.8492,2.881
5.4348,-6.1009,2.866
-0.0091924,-0.42073,2.811
-0.11738,-6.0189,-3.128
-6.2551,-0.23759,-3.08
5.3295,-0.57205,-2.965
-0.37547,5.2969,-2.949
-0.92207,-5.4956,2.835
-6.2438,0.56851,2.882
-5.5437,-11.157,2.656
-0.50982,6.0295,2.857
-6.3237,-8.6076,-5.363
-12.065,-2.769,-5.867
-0.40234,-2.699,-5.6
-5.9185,2.8751,-5.413
-6.2282,-8.4287,-0.232
-11.203,-2.7542,-0.498
-0.2093,-2.7492,-0.835
-5.9178,2.7499,-0.447
-0.57064,-8.5171,-6.163
-5.712,-2.8454,-6.082
5.3429,-2.8511,-6.102
-0.3882,2.9479,-6.703
-0.65902,-8.3721,0.153
-6.3724,-2.6658,0.493
5.6102,-2.8496,0.451
0.094045,2.8206,0.261
-3.1763,-11.564,-6.016
-8.8431,-5.8365,-6.223
2.5696,-6.0981,-6.03
-3.1183,0.20365,-6.394
-2.7415,-11.764,-0.213
-8.8063,-5.671,-0.177
2.7153,-5.3061,-0.045
-2.926,0.15981,0.164
-3.2018,-5.8534,-5.398
-8.9824,-0.1591,-6.324
2.5838,0.12728,-6.212
-3.2025,5.7212,-6.045
-3.0978,-5.1103,-0.27
-8.6748,0.47235,-0.053
2.7959,-0.36345,-0.116
-3.0024,5.8167,-0.272
-0.19092,-11.222,8.7717
-6.5117,-5.3266,8.7587
5.3259,-5.1562,8.7857
-0.82237,0.23264,8.6587
-0.11738,-6.0189,8.7077
-6.2551,-0.23759,8.7557
5.3295,-0.57205,8.8707
-0.37547,5.2969,8.8867
-6.3237,-8.6076,6.4727
-12.065,-2.769,5.9687
-0.40234,-2.699,6.2357
-5.9185,2.8751,6.4227
-6.2282,-8.4287,11.604
-11.203,-2.7542,11.338
-0.2093,-2.7492,11.001
-5.9178,2.7499,11.389
-0.57064,-8.5171,5.6727
-5.712,-2.8454,5.7537
5.3429,-2.8511,5.7337
-0.3882,2.9479,5.1327
-0.65902,-8.3721,11.989
-6.3724,-2.6658,12.329
5.6102,-2.8496,12.287
0.094045,2.8206,12.097
-3.1763,-11.564,5.8197
-8.8431,-5.8365,5.6127
2.5696,-6.0981,5.8057
-3.1183,0.20365,5.4417
-2.7415,-11.764,11.623
-8.8063,-5.671,11.659
2.7153,-5.3061,11.791
-2.926,0.15981,12
-3.2018,-5.8534,6.4377
-8.9824,-0.1591,5.5117
2.5838,0.12728,5.6237
-3.2025,5.7212,5.7907
-3.0978,-5.1103,11.566
-8.6748,0.47235,11.783
2.7959,-0.36345,11.72
-3.0024,5.8167,11.564
-11.817,-0.24499,-9.1269
-6.0624,5.3963,-9.2059
-11.506,11.076,-9.2609
-12.419,6.0016,-9.2369
-11.707,8.748,-12.907
-12.156,3.1251,-11.919
-5.887,8.6476,-11.621
-8.7819,6.1911,-12.117
-8.7013,11.134,-12.188
-11.688,0.27544,-3.3002
-6.1713,6.341,-3.2862
-12.32,11.73,-3.4132
-11.817,-0.24499,2.7088
-6.0624,5.3963,2.6298
-11.506,11.076,2.5748
-11.615,5.4783,-3.3642
-6.1678,10.925,-3.2012
-12.419,6.0016,2.5988
-11.9,8.7982,-5.8362
-11.707,8.748,-1.0712
-12.068,2.9801,-6.3992
-6.1543,8.6462,-6.3382
-12.156,3.1251,-0.083238
-5.887,8.6476,0.21476
-8.9276,5.3991,-6.2662
-8.7819,6.1911,-0.28124
-8.9135,11.624,-6.4482
-8.7013,11.134,-0.35224
-11.688,0.27544,8.5354
-6.1713,6.341,8.5494
-12.32,11.73,8.4224
-11.615,5.4783,8.4714
-6.1678,10.925,8.6344
-11.9,8.7982,5.9994
-11.707,8.748,10.764
-12.068,2.9801,5.4364
-6.1543,8.6462,5.4974
-12.156,3.1251,11.752
-5.887,8.6476,12.05
-8.9276,5.3991,5.5694
-8.7819,6.1911,11.554
-8.9135,11.624,5.3874
-8.7013,11.134,11.483
11.827,-2.7889,-11.86
10.965,-2.8038,-5.3937
11.827,-2.7889,-0.024704
10.965,-2.8038,6.442
11.827,-2.7889,11.811
11.212,-0.27974,-8.6536
5.697,5.6133,-8.7176
11.523,11.042,-8.7876
10.61,5.9668,-8.7636
5.2883,12.031,-8.7166
5.9884,0.30575,-8.9426
5.3039,3.0338,-11.831
0.32938,8.7083,-12.097
11.323,8.7132,-12.434
10.873,3.0903,-11.446
5.1596,8.7967,-11.106
8.7906,-0.30166,-11.812
2.7258,5.7915,-11.776
8.6061,11.622,-11.435
8.4342,6.3522,-11.869
2.8573,11.935,-11.652
11.341,0.24069,-2.8269
5.0203,6.1358,-2.8399
10.71,11.695,-2.9399
11.212,-0.27974,3.1821
5.697,5.6133,3.1181
11.523,11.042,3.0481
11.415,5.4436,-2.8909
5.277,11.225,-2.8429
10.61,5.9668,3.0721
5.2883,12.031,3.1191
5.9884,0.30575,2.8931
5.2084,2.8549,-5.1259
-0.53259,8.6934,-5.6299
11.13,8.7635,-5.3629
5.3039,3.0338,0.005058
0.32938,8.7083,-0.26094
11.323,8.7132,-0.59794
10.961,2.9454,-5.9259
5.8201,8.6171,-5.8449
10.873,3.0903,0.39006
5.1596,8.7967,0.73006
8.3557,-0.10155,-5.7789
2.689,5.626,-5.9859
8.4137,11.666,-6.1569
8.7906,-0.30166,0.024058
2.7258,5.7915,0.060058
8.6061,11.622,0.40106
8.3303,5.609,-5.1609
2.5497,11.303,-6.0869
8.4342,6.3522,-0.032942
2.8573,11.935,0.18406
11.341,0.24069,9.0087
5.0203,6.1358,8.9957
10.71,11.695,8.8957
11.415,5.4436,8.9447
5.277,11.225,8.9927
5.2084,2.8549,6.7097
-0.53259,8.6934,6.2057
11.13,8.7635,6.4727
5.3039,3.0338,11.841
0.32938,8.7083,11.575
11.323,8.7132,11.238
10.961,2.9454,5.9097
5.8201,8.6171,5.9907
10.873,3.0903,12.226
5.1596,8.7967,12.566
8.3557,-0.10155,6.0567
2.689,5.626,5.8497
8.4137,11.666,5.6787
8.7906,-0.30166,11.86
2.7258,5.7915,11.896
8.6061,11.622,12.237
8.3303,5.609,6.6747
2.5497,11.303,5.7487
8.4342,6.3522,11.803
2.8573,11.935,12.02
-0.28476,11.217,-8.8898
-5.5089,11.803,-9.1788
-2.7066,11.196,-12.048
-0.15607,11.738,-3.0632
-0.28476,11.217,2.9458
-5.5089,11.803,2.6568
-3.1415,11.396,-6.0152
-2.7066,11.196,-0.21218
-0.15607,11.738,8.7725
-3.1415,11.396,5.8205
-2.7066,11.196,11.623
0,0,0
-0.25032,-5.3061,0.186
5.7191,-0.20223,-0.077
-0.25456,0.15698,5.8207
-5.8315,0.04879,0.204
-0.048083,5.835,-0.089
-0.25456,0.15698,-6.015
5.432,0.060811,-5.712
-0.23476,5.7516,5.5107
-5.7615,5.5338,0.193
5.528,5.9096,0.33506
-0.19799,-5.7233,-5.749
-6.004,-5.5529,0.098
5.432,0.060811,6.1237
-5.9149,0.1195,-5.771
5.7357,-5.9634,0.42924
-0.19799,-5.7233,6.0867
-5.9149,0.1195,6.0647
-0.23476,5.7516,-6.325
5.5987,5.7526,-5.5849
5.6045,-5.6979,-5.724
5.6045,-5.6979,6.1117
-5.9333,-5.7099,-5.822
-5.8927,5.7994,5.8754
5.5987,5.7526,6.2507
-5.8927,5.7994,-5.9602
-5.9333,-5.7099,6.0137
0.044548,-11.387,-0.113
-11.453,0.11068,-0.34924
0.079396,11.573,-0.11218
11.577,0.075938,0.12406
0,0,-11.836
0,0,11.836
11.244,0.15867,-5.8259
-5.7781,11.295,-0.31324
-0.2885,-11.304,5.7727
11.244,0.15867,6.0097
11.449,-5.6622,0.14724
5.6657,-11.448,0.44024
-0.25032,-5.3061,-11.65
-0.2885,-11.304,-6.063
5.7006,11.511,0.44106
11.282,6.1563,0.42306
-11.58,-5.6274,-0.32606
-0.25365,11.656,5.7735
-5.8315,0.04879,-11.632
-11.786,0.19341,5.5364
-5.813,-11.665,-0.31406
5.7191,-0.20223,11.759
-0.048083,5.835,11.747
-0.25365,11.656,-6.0622
-0.25032,-5.3061,12.022
5.7191,-0.20223,-11.913
-0.048083,5.835,-11.925
-11.748,6.1911,-0.050238
-11.786,0.19341,-6.2992
-5.8315,0.04879,12.04
5.5823,-11.378,-5.5348
11.334,5.7392,-5.5119
11.262,-5.7456,5.7469
5.6171,11.582,-5.5339
11.262,-5.7456,-6.0888
5.528,5.9096,-11.501
5.7357,-5.9634,-11.406
-11.767,-5.7109,5.2736
-5.7615,5.5338,-11.643
5.5823,-11.378,6.3009
11.334,5.7392,6.3237
-6.1001,-11.402,5.8866
-6.1001,-11.402,-5.9491
-11.695,5.7739,5.8504
-6.004,-5.5529,-11.738
-6.0652,11.558,5.8874
5.6171,11.582,6.3017
-6.0652,11.558,-5.9482
-11.695,5.7739,-5.9852
-5.7615,5.5338,12.029
-6.004,-5.5529,11.934
5.528,5.9096,12.171
-11.767,-5.7109,-6.5621
5.7357,-5.9634,12.265
-11.453,0.11068,11.486
-11.497,11.497,-0.23624
11.497,-11.497,0.23624
-11.532,-11.462,-0.23706
11.532,11.462,0.23706
0.044548,-11.387,11.723
11.577,0.075938,-11.712
0.079396,11.573,11.723
0.044548,-11.387,-11.949
0.079396,11.573,-11.948
11.577,0.075938,11.96
-11.453,0.11068,-12.185
11.243,-11.34,-5.7788
11.243,-11.34,6.0569
5.6657,-11.448,-11.395
-5.7781,11.295,11.522
5.7006,11.511,-11.395
11.282,6.1563,-11.413
11.278,11.619,-5.7779
-11.787,-11.306,5.5836
-11.58,-5.6274,11.51
11.278,11.619,6.0577
11.449,-5.6622,-11.688
-5.813,-11.665,11.522
-11.752,11.654,5.5844
-11.787,-11.306,-6.2521
11.449,-5.6622,11.983
-5.7781,11.295,-12.149
-11.752,11.654,-6.2512
-11.58,-5.6274,-12.162
5.6657,-11.448,12.276
-11.748,6.1911,11.785
11.282,6.1563,12.259
5.7006,11.511,12.277
-5.813,-11.665,-12.15
-11.748,6.1911,-11.886
-11.532,-11.462,11.599
11.532,11.462,-11.599
-11.497,11.497,11.599
11.497,-11.497,-11.599
-11.497,11.497,-12.072
11.497,-11.497,12.072
-11.532,-11.462,-12.073
11.532,11.462,12.073
