-8.4371,-8.6659,-4.1447
-8.4533,-9.1262,-9.4817
-8.4371,-8.6659,7.6909
-8.4533,-9.1262,2.3539
8.3775,-8.5104,-9.0474
8.5974,-8.323,-2.7998
8.3775,-8.5104,2.7882
8.5974,-8.323,9.0359
2.6714,-8.8897,-3.3647
-3.1169,-3.0745,-3.7227
8.5758,-2.8298,-3.4127
3.095,2.7966,-3.9077
2.8206,-9.0573,-9.4917
-3.0073,-2.7047,-9.0277
8.3778,-2.4918,-9.0527
3.0787,2.3363,-9.2447
-2.2924,-8.259,-3.7177
-8.8558,-3.3687,-3.6137
-3.2251,-8.8862,-9.3167
-8.7915,-2.6948,-9.4697
2.7301,-3.31,-9.2627
-3.1198,2.9868,-9.2837
2.6714,-8.8897,8.471
-3.1169,-3.0745,8.113
8.5758,-2.8298,8.423
3.095,2.7966,7.928
2.8206,-9.0573,2.344
-3.0073,-2.7047,2.808
8.3778,-2.4918,2.783
3.0787,2.3363,2.591
-2.2924,-8.259,8.118
-8.8558,-3.3687,8.222
2.2804,-2.9013,-2.933
-2.8998,3.1742,-3.036
-3.2251,-8.8862,2.519
-8.7915,-2.6948,2.366
2.7301,-3.31,2.573
-3.1198,2.9868,2.552
2.2804,-2.9013,8.9027
-2.8998,3.1742,8.7997
-8.8258,2.6075,-3.6009
-2.9214,8.6674,-3.6489
-8.6766,2.4399,-9.7279
-3.1194,9.0054,-9.2889
-8.7671,8.1873,-9.4989
-8.8258,2.6075,8.2348
-2.9214,8.6674,8.1868
-8.6766,2.4399,2.1078
-3.1194,9.0054,2.5468
-9.2168,8.596,-3.1692
-8.7671,8.1873,2.3368
-9.2168,8.596,8.6664
8.4151,8.388,-3.4856
8.5247,8.7578,-8.7906
9.2396,3.2035,-3.4806
2.6763,8.0938,-3.3766
8.307,2.5763,-9.0796
2.7406,8.7677,-9.2326
8.4151,8.388,8.3501
8.5247,8.7578,3.0451
9.2396,3.2035,8.3551
2.6763,8.0938,8.4591
8.307,2.5763,2.7561
2.7406,8.7677,2.6031
9.4028,-3.5253,-9.1854
10.196,-9.0365,-3.1544
9.2819,-8.3159,-7.8734
3.4058,-8.6554,-2.1558
9.4028,-3.5253,2.6502
10.196,-9.0365,8.6812
9.2819,-8.3159,3.9622
3.4058,-8.6554,9.6799
-8.4825,-7.6863,-9.0207
-2.0945,7.9719,-9.4217
-1.6377,-3.3121,-9.1247
3.631,-8.0674,-8.7237
-2.3723,-9.6838,-3.2487
-7.7195,-2.3978,-3.6217
3.6289,-1.8668,-3.3217
-1.3011,2.4607,-3.3907
-2.18,-8.4704,-8.3347
-7.4982,-3.001,-8.7737
3.9421,-3.054,-8.4237
-2.2154,3.1813,-8.1097
-7.8842,-8.7116,-2.677
-2.2055,-3.0441,-2.897
-8.0914,2.8419,-2.392
-8.4825,-7.6863,2.815
-2.0945,7.9719,2.414
-1.6377,-3.3121,2.711
3.631,-8.0674,3.112
-2.3723,-9.6838,8.587
-7.7195,-2.3978,8.214
3.6289,-1.8668,8.514
-1.3011,2.4607,8.445
-2.18,-8.4704,3.501
-7.4982,-3.001,3.062
3.9421,-3.054,3.412
-2.2154,3.1813,3.726
-7.8842,-8.7116,9.1587
-2.2055,-3.0441,8.9387
-8.0914,2.8419,9.4437
-7.8662,3.4298,-8.9599
-7.8683,9.6305,-3.5579
-7.5551,8.4432,-8.6599
-7.8662,3.4298,2.8758
-7.8683,9.6305,8.2778
-7.5551,8.4432,3.1758
9.6282,-2.7811,-2.3697
9.6282,-2.7811,9.466
3.0496,3.7762,-8.7836
9.8944,8.1504,-8.8876
9.1597,1.7787,-3.0116
3.8126,9.0647,-3.3846
9.3521,2.992,-8.0976
4.0339,8.4615,-8.5366
3.6478,2.7509,-2.4399
-1.869,8.7161,-2.6059
9.3266,8.4184,-2.6599
3.0496,3.7762,3.0521
9.8944,8.1504,2.9481
9.1597,1.7787,8.8241
3.8126,9.0647,8.4511
9.3521,2.992,3.7381
4.0339,8.4615,3.2991
3.6478,2.7509,9.3957
-1.869,8.7161,9.2297
9.3266,8.4184,9.1757
-12.042,-11.274,-9.4337
-11.215,-11.808,-3.6927
-6.1849,-11.791,-9.5807
-11.403,-6.0347,-9.3917
-11.239,-8.6418,-12.989
-11.205,-8.5153,-6.4467
-8.3543,-11.1,-12.871
-8.2921,-11.631,-6.2447
-12.042,-11.274,2.4019
-11.215,-11.808,8.1429
-6.1849,-11.791,2.2549
-11.403,-6.0347,2.4439
-11.239,-8.6418,-1.1531
-11.205,-8.5153,5.3889
-8.3543,-11.1,-1.0351
-8.2921,-11.631,5.5909
-11.239,-8.6418,10.683
-8.3543,-11.1,10.801
10.987,-11.308,-8.9604
0.48615,-11.876,-3.2354
11.815,-11.843,-3.2194
5.0873,-11.625,-9.1014
11.626,-6.0695,-8.9184
5.7675,-11.307,-3.2334
5.8559,-8.772,-11.687
5.9111,-8.5161,-6.1964
11.791,-8.6766,-12.515
11.824,-8.55,-5.9734
8.7763,-11.548,-12.18
9.0619,-10.814,-5.7594
3.0784,-11.422,-12.172
9.0195,-5.7711,-11.689
3.2799,-11.682,-5.9194
8.8046,-5.5335,-5.8934
10.987,-11.308,2.8752
0.48615,-11.876,8.6002
5.7661,-6.6542,-2.8208
11.815,-11.843,8.6162
5.0873,-11.625,2.7342
11.626,-6.0695,2.9172
5.7675,-11.307,8.6022
5.8559,-8.772,0.14824
5.9111,-8.5161,5.6392
11.791,-8.6766,-0.67976
11.824,-8.55,5.8622
8.7763,-11.548,-0.34476
9.0619,-10.814,6.0762
3.0784,-11.422,-0.33676
9.0195,-5.7711,0.14624
3.2799,-11.682,5.9162
8.8046,-5.5335,5.9422
5.7661,-6.6542,9.0149
5.8559,-8.772,11.984
11.791,-8.6766,11.156
8.7763,-11.548,11.491
3.0784,-11.422,11.499
9.0195,-5.7711,11.982
-0.51124,-11.282,-9.1857
-5.6611,-5.9439,-9.1007
6.0245,-5.654,-9.0767
-0.50982,0.1888,-9.1967
-11.011,-0.37901,-3.4717
-5.5593,-6.1957,-3.2417
0.31749,-0.34578,-3.4557
0.11667,-6.2133,-9.0047
-6.4099,-0.12799,-9.3377
5.3471,-0.3281,-9.3437
0.12869,5.4278,-9.1547
-5.7297,0.19021,-3.4697
-5.3542,-11.168,-3.5667
-11.23,-5.3917,-3.3447
-5.3054,-8.7363,-12.305
-11.297,-2.9204,-11.783
-0.13364,-2.7924,-11.873
-5.6413,2.7252,-11.924
-5.0855,-8.7002,-6.4897
-11.628,-2.979,-6.7477
0.29557,-2.868,-6.3677
-5.5861,2.9812,-6.4327
-0.32032,-8.6769,-12.684
-6.2515,-3.03,-12.647
5.6618,-2.9097,-12.591
0.29345,2.8206,-12.752
0.45821,-8.6649,-6.2067
-5.543,-2.955,-6.2787
5.7155,-2.7924,-5.5237
0.32668,2.9472,-6.2097
-2.3801,-11.869,-12.722
-8.3566,-6.306,-12.02
3.1827,-6.2416,-11.67
-2.7209,-0.050912,-12.417
-2.4459,-11.628,-6.0377
-8.2237,-5.3585,-6.5387
3.1594,-5.6342,-6.2587
-2.4353,0.68307,-5.9957
-2.7209,-5.5918,-11.585
-8.4188,0.074953,-12.409
3.1777,0.36204,-12.634
-2.4777,5.7262,-11.926
-2.5251,-5.7353,-6.4477
-8.2173,-0.18455,-6.1557
3.24,-0.16829,-6.0077
-2.6927,5.9637,-6.1297
-0.51124,-11.282,2.65
-5.6611,-5.9439,2.735
6.0245,-5.654,2.759
-0.50982,0.1888,2.639
-11.011,-0.37901,8.364
-5.5593,-6.1957,8.594
-5.7311,4.843,-3.057
0.31749,-0.34578,8.38
0.11667,-6.2133,2.831
-6.4099,-0.12799,2.498
5.3471,-0.3281,2.492
0.12869,5.4278,2.681
-0.060811,-5.3585,-2.75
-5.7297,0.19021,8.366
-5.3542,-11.168,8.269
-11.23,-5.3917,8.491
-5.3054,-8.7363,-0.469
-11.297,-2.9204,0.053
-0.13364,-2.7924,-0.037
-5.6413,2.7252,-0.088
-5.0855,-8.7002,5.346
-11.628,-2.979,5.088
0.29557,-2.868,5.468
-5.5861,2.9812,5.403
-0.32032,-8.6769,-0.848
-6.2515,-3.03,-0.811
5.6618,-2.9097,-0.755
0.29345,2.8206,-0.916
0.45821,-8.6649,5.629
-5.543,-2.955,5.557
5.7155,-2.7924,6.312
0.32668,2.9472,5.626
-2.3801,-11.869,-0.886
-8.3566,-6.306,-0.184
3.1827,-6.2416,0.166
-2.7209,-0.050912,-0.581
-2.4459,-11.628,5.798
-8.2237,-5.3585,5.297
3.1594,-5.6342,5.577
-2.4353,0.68307,5.84
-2.7209,-5.5918,0.251
-8.4188,0.074953,-0.573
3.1777,0.36204,-0.798
-2.4777,5.7262,-0.09
-2.5251,-5.7353,5.388
-8.2173,-0.18455,5.68
3.24,-0.16829,5.828
-2.6927,5.9637,5.706
-5.7311,4.843,8.7787
-0.060811,-5.3585,9.0857
-5.3054,-8.7363,11.367
-11.297,-2.9204,11.889
-0.13364,-2.7924,11.799
-5.6413,2.7252,11.748
-0.32032,-8.6769,10.988
-6.2515,-3.03,11.025
5.6618,-2.9097,11.081
0.29345,2.8206,10.92
-2.3801,-11.869,10.95
-8.3566,-6.306,11.652
3.1827,-6.2416,12.002
-2.7209,-0.050912,11.255
-2.7209,-5.5918,12.087
-8.4188,0.074953,11.263
3.1777,0.36204,11.038
-2.4777,5.7262,11.746
-12.008,0.21533,-9.4219
-5.4727,5.8432,-9.3129
-12.007,11.686,-9.4329
-11.18,11.151,-3.6919
-11.381,5.2839,-9.2409
-6.1501,11.169,-9.5799
-11.631,8.7049,-12.109
-11.202,8.6292,-6.6039
-11.818,2.8203,-12.92
-5.8354,8.5875,-12.827
-11.039,2.8323,-6.4429
-5.7817,8.7049,-5.7599
-8.3145,5.2556,-11.906
-8.3379,5.863,-6.4949
-8.3195,11.859,-12.87
-8.2573,11.329,-6.2439
-12.008,0.21533,2.4138
-5.4727,5.8432,2.5228
-12.007,11.686,2.4028
-11.18,11.151,8.1438
-11.381,5.2839,2.5948
-6.1501,11.169,2.2558
-11.558,6.1388,-2.9862
-11.631,8.7049,-0.27324
-11.202,8.6292,5.2318
-11.818,2.8203,-1.0842
-5.8354,8.5875,-0.99124
-11.039,2.8323,5.3928
-5.7817,8.7049,6.0758
-8.3145,5.2556,-0.070238
-8.3379,5.863,5.3408
-8.3195,11.859,-1.0342
-8.2573,11.329,5.5918
-11.558,6.1388,8.8494
-11.631,8.7049,11.562
-11.818,2.8203,10.751
-5.8354,8.5875,10.844
-8.3145,5.2556,11.765
-8.3195,11.859,10.801
12.018,-0.41375,-2.9984
11.8,-5.4264,-2.8714
11.733,-2.9551,-11.309
11.401,-3.0138,-6.2744
12.018,-0.41375,8.8373
11.8,-5.4264,8.9643
11.733,-2.9551,0.5263
11.401,-3.0138,5.5613
11.733,-2.9551,12.362
11.021,0.18059,-8.9486
5.871,5.5185,-8.8636
11.022,11.651,-8.9596
0.521,11.083,-3.2346
5.9728,5.2668,-3.0046
11.85,11.117,-3.2186
11.649,5.2491,-8.7676
5.1221,11.334,-9.1006
5.8024,11.653,-3.2326
6.1779,0.29443,-3.3296
0.30251,6.0708,-3.1076
6.2266,2.7262,-12.068
0.23533,8.5421,-11.546
11.398,8.6701,-11.636
6.4466,2.7622,-6.2526
-0.096302,8.4834,-6.5106
11.828,8.5945,-6.1306
11.212,2.7856,-12.447
5.2805,8.4325,-12.41
11.99,2.7976,-5.9696
5.9891,8.5075,-6.0416
9.1519,-0.40702,-12.485
3.1755,5.1565,-11.783
8.8111,11.412,-12.18
9.0862,-0.16589,-5.8006
3.3084,6.104,-6.3016
9.0968,12.146,-5.7586
8.8111,5.8707,-11.348
3.1133,11.537,-12.172
9.007,5.7271,-6.2106
3.3148,11.278,-5.9186
11.021,0.18059,2.8871
5.871,5.5185,2.9721
11.022,11.651,2.8761
0.521,11.083,8.6011
5.9728,5.2668,8.8311
11.85,11.117,8.6171
11.649,5.2491,3.0681
5.1221,11.334,2.7351
11.471,6.104,-2.5129
5.8024,11.653,8.6031
6.1779,0.29443,8.5061
0.30251,6.0708,8.7281
6.2266,2.7262,-0.23194
0.23533,8.5421,0.29006
11.398,8.6701,0.20006
6.4466,2.7622,5.5831
-0.096302,8.4834,5.3251
11.828,8.5945,5.7051
11.212,2.7856,-0.61094
5.2805,8.4325,-0.57394
11.99,2.7976,5.8661
5.9891,8.5075,5.7941
9.1519,-0.40702,-0.64894
3.1755,5.1565,0.053058
8.8111,11.412,-0.34394
9.0862,-0.16589,6.0351
3.3084,6.104,5.5341
9.0968,12.146,6.0771
8.8111,5.8707,0.48806
3.1133,11.537,-0.33594
9.007,5.7271,5.6251
3.3148,11.278,5.9171
11.471,6.104,9.3227
6.2266,2.7262,11.604
0.23533,8.5421,12.126
11.398,8.6701,12.036
11.212,2.7856,11.225
5.2805,8.4325,11.262
9.1519,-0.40702,11.187
3.1755,5.1565,11.889
8.8111,11.412,11.492
8.8111,5.8707,12.324
3.1133,11.537,11.5
-0.47639,11.678,-9.1848
-5.3194,11.792,-3.5658
-2.3453,11.09,-12.721
-2.411,11.331,-6.0368
-0.47639,11.678,2.6508
-5.3194,11.792,8.2698
-2.3453,11.09,-0.88518
-2.411,11.331,5.7988
-2.3453,11.09,10.95
0,0,0
0.30264,-0.015556,5.673
-5.6844,-0.037477,-0.196
0.16263,5.7389,-0.219
0.060104,-5.8556,0.016
5.9531,-0.006364,-0.24
0.30264,-0.015556,-6.1627
-5.3259,0.11879,5.631
-5.595,5.7534,-0.47824
-5.6675,-5.7636,-0.131
-5.3259,0.11879,-6.2047
5.8646,5.6989,0.10606
0.36062,5.8591,5.726
0.37547,-5.7141,-5.9157
0.37547,-5.7141,5.92
5.9022,-5.7438,-0.242
6.294,-0.078489,5.594
0.36062,5.8591,-6.1097
6.294,-0.078489,-6.2417
-5.2524,-5.7064,5.74
-5.4034,5.7145,5.8088
-5.2524,-5.7064,-6.0957
-5.4034,5.7145,-6.0269
6.0938,-5.7827,-5.7907
6.2797,5.7561,-5.8586
6.0938,-5.7827,6.045
6.2797,5.7561,5.9771
-11.326,0.07886,-0.19524
0.17112,-11.418,0.041
0.20597,11.541,0.04182
11.703,0.044118,0.27806
0,0,-11.836
0,0,11.836
-11.012,-0.094045,5.56
-11.012,-0.094045,-6.2757
-11.369,-5.7236,-0.45606
-11.437,5.6417,-0.22024
-5.5789,-11.469,-0.47706
-5.5441,11.491,-0.47624
0.52029,11.368,5.7971
5.8476,11.425,0.041058
11.592,5.6069,0.25306
0.52029,11.368,-6.0386
5.8128,-11.535,0.040238
-5.6844,-0.037477,11.64
0.16263,5.7389,11.617
0.48545,-11.591,5.7962
11.66,-5.7583,0.017238
5.9531,-0.006364,11.596
0.48545,-11.591,-6.0394
0.060104,-5.8556,-11.82
0.060104,-5.8556,11.852
-5.6844,-0.037477,-12.032
12.018,-0.12879,-5.8024
0.16263,5.7389,-12.055
12.018,-0.12879,6.0333
5.9531,-0.006364,-12.076
-5.2033,11.419,5.3578
-11.171,-5.6034,5.4889
-5.2381,-11.541,5.3569
-11.122,5.7831,5.6838
-5.595,5.7534,11.357
-11.122,5.7831,-6.1519
-11.171,-5.6034,-6.3467
-5.2033,11.419,-6.4779
6.1713,-11.378,5.8672
5.9022,-5.7438,11.594
-5.6675,-5.7636,11.705
-5.2381,-11.541,-6.4787
6.1713,-11.378,-5.9684
5.8646,5.6989,-11.73
11.858,-5.6381,-5.8734
6.2061,11.581,5.8681
11.908,5.7483,-5.6786
11.858,-5.6381,5.9622
6.2061,11.581,-5.9676
-5.6675,-5.7636,-11.967
5.8646,5.6989,11.942
11.908,5.7483,6.1571
5.9022,-5.7438,-12.078
-5.595,5.7534,-12.314
-11.326,0.07886,11.64
-11.497,11.497,-0.23624
11.497,-11.497,0.23624
-11.532,-11.462,-0.23706
11.532,11.462,0.23706
0.17112,-11.418,-11.795
11.703,0.044118,-11.558
0.17112,-11.418,11.877
0.20597,11.541,-11.794
-11.326,0.07886,-12.031
0.20597,11.541,11.877
11.703,0.044118,12.114
-11.195,11.482,5.4368
-11.229,-11.478,5.4359
-11.369,-5.7236,11.38
-5.5789,-11.469,11.359
-5.5441,11.491,11.359
-11.437,5.6417,11.615
-11.195,11.482,-6.3989
-11.229,-11.478,-6.3997
11.592,5.6069,-11.583
5.8476,11.425,-11.795
5.8476,11.425,11.877
5.8128,-11.535,-11.795
11.835,11.447,5.9101
11.835,11.447,-5.9256
11.8,-11.513,5.9092
11.8,-11.513,-5.9264
5.8128,-11.535,11.876
-11.437,5.6417,-12.056
11.66,-5.7583,-11.818
11.66,-5.7583,11.853
11.592,5.6069,12.089
-11.369,-5.7236,-12.292
-5.5789,-11.469,-12.313
-5.5441,11.491,-12.312
-11.532,-11.462,11.599
11.532,11.462,-11.599
-11.497,11.497,11.599
11.497,-11.497,-11.599
-11.497,11.497,-12.072
11.497,-11.497,12.072
-11.532,-11.462,-12.073
11.532,11.462,12.073
