-3.2327,-9.4157,-3.6133
-9.2516,-3.3968,-3.6133
-8.7906,-8.9688,-3.4563
-9.4475,-9.5366,-8.9933
-3.2327,-9.4157,8.434
-9.2516,-3.3968,8.434
-8.7906,-8.9688,8.591
-9.4475,-9.5366,3.054
8.8156,-9.4068,-3.6133
8.7265,-8.8298,-8.9373
8.8156,-9.4068,8.434
8.7265,-8.8298,3.11
2.7959,-3.387,-3.6133
-3.223,2.6319,-3.6133
8.8254,2.6425,-3.6133
2.8065,8.6614,-3.6133
-2.7613,-2.9394,-3.4563
3.2576,-8.9583,-3.4563
3.2675,3.0893,-3.4563
9.2864,-2.9295,-3.4563
2.6007,-9.5276,-8.9933
-3.4189,-3.508,-8.9933
8.6302,-3.4981,-8.9933
2.6106,2.5215,-8.9933
-3.3213,-8.8395,-8.9373
-9.3409,-2.8199,-8.9373
2.7075,-2.8107,-8.9373
-3.3121,3.2089,-8.9373
2.7959,-3.387,8.434
-3.223,2.6319,8.434
8.8254,2.6425,8.434
2.8065,8.6614,8.434
-2.7613,-2.9394,8.591
3.2576,-8.9583,8.591
3.2675,3.0893,8.591
9.2864,-2.9295,8.591
2.6007,-9.5276,3.054
-3.4189,-3.508,3.054
8.6302,-3.4981,3.054
2.6106,2.5215,3.054
-3.3213,-8.8395,3.11
-9.3409,-2.8199,3.11
2.7075,-2.8107,3.11
-3.3121,3.2089,3.11
-9.2427,8.6516,-3.6133
-8.781,3.0803,-3.4563
-2.7522,9.1091,-3.4563
-9.4379,2.5111,-8.9933
-3.4084,8.5406,-8.9933
-9.3311,9.2279,-8.9373
-9.2427,8.6516,8.434
-8.781,3.0803,8.591
-2.7522,9.1091,8.591
-9.4379,2.5111,3.054
-3.4084,8.5406,3.054
-9.3311,9.2279,3.11
9.2969,9.1187,-3.4563
8.6393,8.5502,-8.9933
8.7368,3.2186,-8.9373
2.7172,9.2382,-8.9373
9.2969,9.1187,8.591
8.6393,8.5502,3.054
8.7368,3.2186,3.11
2.7172,9.2382,3.11
-10.008,-9.2078,-2.6233
-8.5007,-8.3819,-8.9643
-10.008,-9.2078,9.424
-8.5007,-8.3819,3.083
9.0617,-8.2132,-2.7413
10.057,-9.5128,-8.9383
9.0617,-8.2132,9.306
10.057,-9.5128,3.109
-2.9868,-8.2237,-2.7413
-9.0064,-2.2041,-2.7413
3.0427,-2.1942,-2.7413
-2.9769,3.8254,-2.7413
2.0393,-9.198,-2.6233
-3.9796,-3.1792,-2.6233
8.0688,-3.1685,-2.6233
2.0499,2.8503,-2.6233
3.5468,-8.3721,-8.9643
-2.472,-2.3533,-8.9643
9.5763,-2.3426,-8.9643
3.5575,3.6762,-8.9643
-1.9912,-9.5219,-8.9373
-8.0101,-3.503,-8.9373
4.0376,-3.4931,-8.9383
-1.9813,2.5258,-8.9383
-2.9868,-8.2237,9.306
-9.0064,-2.2041,9.306
3.0427,-2.1942,9.306
-2.9769,3.8254,9.306
2.0393,-9.198,9.424
-3.9796,-3.1792,9.424
8.0688,-3.1685,9.424
2.0499,2.8503,9.424
3.5468,-8.3721,3.083
-2.472,-2.3533,3.083
9.5763,-2.3426,3.083
3.5575,3.6762,3.083
-1.9912,-9.5219,3.11
-8.0101,-3.503,3.11
4.0376,-3.4931,3.109
-1.9813,2.5258,3.109
-8.996,9.8445,-2.7413
-9.9993,2.8406,-2.6233
-3.9698,8.8701,-2.6233
-8.4918,3.6665,-8.9643
-2.4623,9.696,-8.9643
-8.0011,8.5455,-8.9383
-8.996,9.8445,9.306
-9.9993,2.8406,9.424
-3.9698,8.8701,9.424
-8.4918,3.6665,3.083
-2.4623,9.696,3.083
-8.0011,8.5455,3.109
9.0713,3.8345,-2.7413
3.0517,9.8541,-2.7413
8.0785,8.879,-2.6233
9.5861,9.7049,-8.9643
10.067,2.5362,-8.9373
4.048,8.5551,-8.9373
9.0713,3.8345,9.306
3.0517,9.8541,9.306
8.0785,8.879,9.424
9.5861,9.7049,3.083
10.067,2.5362,3.11
4.048,8.5551,3.11
-8.9801,-11.495,-12.38
-5.4035,-8.9872,-12.492
-11.423,-2.9676,-12.492
-11.859,-12.277,-9.1873
-5.8823,-12.532,-2.9103
-11.902,-6.5123,-2.9103
-12.363,-11.63,-3.1473
-6.7032,-12.202,-9.0123
-12.722,-6.1828,-9.0123
-8.9801,-11.495,-0.33233
-2.9584,-12.707,-11.858
-8.978,-6.6869,-11.858
-12.661,-9.055,-12.015
-6.262,-9.0423,-6.2513
-12.282,-3.0227,-6.2513
-5.4035,-8.9872,-0.44433
-11.423,-2.9676,-0.44433
-12.004,-9.0593,-6.2023
-2.9951,-11.997,-6.6423
-9.0147,-5.977,-6.6423
-9.0077,-12.229,-5.5213
-11.859,-12.277,2.86
-5.8823,-12.532,9.137
-11.902,-6.5123,9.137
-12.363,-11.63,8.9
-6.7032,-12.202,3.035
-12.722,-6.1828,3.035
-8.9801,-11.495,11.715
-2.9584,-12.707,0.189
-8.978,-6.6869,0.189
-12.661,-9.055,0.032
-6.262,-9.0423,5.796
-12.282,-3.0227,5.796
-5.4035,-8.9872,11.603
-11.423,-2.9676,11.603
-12.004,-9.0593,5.845
-2.9951,-11.997,5.405
-9.0147,-5.977,5.405
-9.0077,-12.229,6.526
-2.9584,-12.707,12.236
-8.978,-6.6869,12.236
-12.661,-9.055,12.079
3.0683,-11.484,-12.38
9.0971,-5.4555,-12.38
6.6448,-8.9769,-12.492
12.674,-2.9481,-12.492
0.18823,-12.267,-9.1873
12.237,-12.257,-9.1873
6.2177,-6.2375,-9.1873
6.1661,-12.522,-2.9103
12.195,-6.4928,-2.9103
11.734,-11.611,-3.1473
5.3459,-12.192,-9.0123
11.375,-6.1633,-9.0123
3.0683,-11.484,-0.33233
9.0971,-5.4555,-0.33233
9.09,-12.696,-11.858
11.435,-9.0355,-12.015
5.7864,-9.032,-6.2513
11.815,-3.0032,-6.2513
6.6448,-8.9769,-0.44433
12.674,-2.9481,-0.44433
12.093,-9.0398,-6.2023
9.0525,-11.987,-6.6423
3.0407,-12.219,-5.5213
9.0695,-6.1902,-5.5213
0.18823,-12.267,2.86
12.237,-12.257,2.86
6.2177,-6.2375,2.86
6.1661,-12.522,9.137
12.195,-6.4928,9.137
11.734,-11.611,8.9
5.3459,-12.192,3.035
11.375,-6.1633,3.035
3.0683,-11.484,11.715
9.0971,-5.4555,11.715
9.09,-12.696,0.189
11.435,-9.0355,0.032
5.7864,-9.032,5.796
11.815,-3.0032,5.796
6.6448,-8.9769,11.603
12.674,-2.9481,11.603
12.093,-9.0398,5.845
9.0525,-11.987,5.405
3.0407,-12.219,6.526
9.0695,-6.1902,6.526
9.09,-12.696,12.236
11.435,-9.0355,12.079
-2.9508,-5.4652,-12.38
-8.9704,0.55437,-12.38
3.078,0.56356,-12.38
-2.9416,6.5832,-12.38
0.62579,-2.9578,-12.492
-5.3938,3.0618,-12.492
6.6546,3.071,-12.492
0.63498,9.0906,-12.492
-5.8308,-6.248,-9.1873
-11.85,-0.2284,-9.1873
0.1987,-0.2185,-9.1873
-5.8209,5.8011,-9.1873
0.14708,-6.5026,-2.9103
-5.8725,-0.48295,-2.9103
6.1759,-0.47376,-2.9103
0.15627,5.5458,-2.9103
-0.31466,-11.621,-3.1473
-6.3343,-5.6017,-3.1473
5.7148,-5.5918,-3.1473
-0.30476,0.4278,-3.1473
-0.67387,-6.1723,-9.0133
-6.6928,-0.15344,-9.0123
5.3549,-0.14354,-9.0123
-0.66397,5.8754,-9.0123
-2.9508,-5.4652,-0.33233
-8.9704,0.55437,-0.33233
3.078,0.56356,-0.33233
-2.9416,6.5832,-0.33233
3.071,-6.6772,-11.858
-2.9486,-0.65761,-11.858
9.0998,-0.64842,-11.858
3.0802,5.3712,-11.858
-0.61235,-9.0453,-12.015
-6.632,-3.0257,-12.015
5.4164,-3.0165,-12.015
-0.60316,3.0031,-12.015
-0.23264,-3.013,-6.2513
-6.2522,3.0066,-6.2513
5.7962,3.0158,-6.2513
-0.22345,9.0354,-6.2513
0.62579,-2.9578,-0.44433
-5.3938,3.0618,-0.44433
6.6546,3.071,-0.44433
0.63498,9.0906,-0.44433
0.045255,-9.0496,-6.2023
-5.9743,-3.03,-6.2023
6.074,-3.0208,-6.2023
0.054447,2.9988,-6.2023
3.0335,-5.968,-6.6423
-2.9861,0.051619,-6.6423
9.063,0.061518,-6.6423
3.0434,6.0811,-6.6423
-2.9783,-6.1999,-5.5213
-8.9979,-0.18031,-5.5213
3.0505,-0.17112,-5.5213
-2.9691,5.8485,-5.5213
-5.8308,-6.248,2.86
-11.85,-0.2284,2.86
0.1987,-0.2185,2.86
-5.8209,5.8011,2.86
0.14708,-6.5026,9.137
-5.8725,-0.48295,9.137
6.1759,-0.47376,9.137
0.15627,5.5458,9.137
-0.31466,-11.621,8.9
-6.3343,-5.6017,8.9
5.7148,-5.5918,8.9
-0.30476,0.4278,8.9
-0.67387,-6.1723,3.034
-6.6928,-0.15344,3.035
5.3549,-0.14354,3.035
-0.66397,5.8754,3.035
-2.9508,-5.4652,11.715
-8.9704,0.55437,11.715
3.078,0.56356,11.715
-2.9416,6.5832,11.715
3.071,-6.6772,0.189
-2.9486,-0.65761,0.189
9.0998,-0.64842,0.189
3.0802,5.3712,0.189
-0.61235,-9.0453,0.032
-6.632,-3.0257,0.032
5.4164,-3.0165,0.032
-0.60316,3.0031,0.032
-0.23264,-3.013,5.796
-6.2522,3.0066,5.796
5.7962,3.0158,5.796
-0.22345,9.0354,5.796
0.62579,-2.9578,11.603
-5.3938,3.0618,11.603
6.6546,3.071,11.603
0.63498,9.0906,11.603
0.045255,-9.0496,5.845
-5.9743,-3.03,5.845
6.074,-3.0208,5.845
0.054447,2.9988,5.845
3.0335,-5.968,5.405
-2.9861,0.051619,5.405
9.063,0.061518,5.405
3.0434,6.0811,5.405
-2.9783,-6.1999,6.526
-8.9979,-0.18031,6.526
3.0505,-0.17112,6.526
-2.9691,5.8485,6.526
3.071,-6.6772,12.236
-2.9486,-0.65761,12.236
9.0998,-0.64842,12.236
3.0802,5.3712,12.236
-0.61235,-9.0453,12.079
-6.632,-3.0257,12.079
5.4164,-3.0165,12.079
-0.60316,3.0031,12.079
-8.9606,12.602,-12.38
-11.413,9.0808,-12.492
-11.84,11.82,-9.1873
-11.892,5.5361,-2.9103
-5.8628,11.565,-2.9103
-12.353,0.41733,-3.1473
-6.3238,6.4468,-3.1473
-12.343,12.466,-3.1473
-12.713,5.8663,-9.0133
-6.6837,11.895,-9.0123
-8.9606,12.602,-0.33233
-8.9677,5.3614,-11.858
-2.9389,11.39,-11.858
-12.651,2.9933,-12.015
-6.6222,9.0221,-12.015
-12.271,9.0257,-6.2513
-11.413,9.0808,-0.44433
-11.993,2.9891,-6.2023
-5.9646,9.0179,-6.2023
-9.0051,6.0707,-6.6423
-2.9756,12.1,-6.6423
-8.9882,11.868,-5.5213
-11.84,11.82,2.86
-11.892,5.5361,9.137
-5.8628,11.565,9.137
-12.353,0.41733,8.9
-6.3238,6.4468,8.9
-12.343,12.466,8.9
-12.713,5.8663,3.034
-6.6837,11.895,3.035
-8.9606,12.602,11.715
-8.9677,5.3614,0.189
-2.9389,11.39,0.189
-12.651,2.9933,0.032
-6.6222,9.0221,0.032
-12.271,9.0257,5.796
-11.413,9.0808,11.603
-11.993,2.9891,5.845
-5.9646,9.0179,5.845
-9.0051,6.0707,5.405
-2.9756,12.1,5.405
-8.9882,11.868,6.526
-8.9677,5.3614,12.236
-2.9389,11.39,12.236
-12.651,2.9933,12.079
-6.6222,9.0221,12.079
12.246,-0.20891,-9.1873
12.246,-0.20891,2.86
9.1074,6.5929,-12.38
3.0878,12.612,-12.38
12.684,9.1003,-12.492
6.2273,5.8101,-9.1873
0.20772,11.83,-9.1873
12.257,11.84,-9.1873
12.205,5.5556,-2.9103
6.1856,11.575,-2.9103
11.743,0.43682,-3.1473
5.7239,6.4564,-3.1473
11.753,12.486,-3.1473
11.384,5.8858,-9.0133
5.3654,11.905,-9.0123
9.1074,6.5929,-0.33233
3.0878,12.612,-0.33233
9.1095,11.401,-11.858
11.446,3.0128,-12.015
5.4262,9.0324,-12.015
11.825,9.0451,-6.2513
12.684,9.1003,-0.44433
12.103,3.0086,-6.2023
6.0838,9.0282,-6.2023
9.072,12.11,-6.6423
9.0798,5.8582,-5.5213
3.0602,11.878,-5.5213
6.2273,5.8101,2.86
0.20772,11.83,2.86
12.257,11.84,2.86
12.205,5.5556,9.137
6.1856,11.575,9.137
11.743,0.43682,8.9
5.7239,6.4564,8.9
11.753,12.486,8.9
11.384,5.8858,3.034
5.3654,11.905,3.035
9.1074,6.5929,11.715
3.0878,12.612,11.715
9.1095,11.401,0.189
11.446,3.0128,0.032
5.4262,9.0324,0.032
11.825,9.0451,5.796
12.684,9.1003,11.603
12.103,3.0086,5.845
6.0838,9.0282,5.845
9.072,12.11,5.405
9.0798,5.8582,6.526
3.0602,11.878,6.526
9.1095,11.401,12.236
11.446,3.0128,12.079
5.4262,9.0324,12.079
-0.29517,12.475,-3.1473
-0.29517,12.475,8.9
0,0,0
0.043134,-5.8655,-0.064
-5.9765,0.15415,-0.064
0.17183,-0.014849,-5.9763
0.17183,-0.014849,6.071
6.0726,0.16405,-0.064
0.053033,6.1836,-0.064
-5.9468,0.057983,5.793
0.072125,-5.9609,5.793
0.082024,6.0868,5.793
6.1009,0.067882,5.793
6.0189,-6.0189,0
-6.0197,6.0197,0
6.0286,6.0286,0
-6.0295,-6.0295,0
-5.9468,0.057983,-6.2543
0.072125,-5.9609,-6.2543
0.082024,6.0868,-6.2543
6.1009,0.067882,-6.2543
-5.8478,6.0048,-5.9763
-5.8577,-6.0443,-5.9763
-5.8478,6.0048,6.071
-5.8577,-6.0443,6.071
6.2004,6.0138,-5.9763
6.1909,-6.0339,-5.9763
6.2004,6.0138,6.071
6.1909,-6.0339,6.071
0,0,-12.047
0,0,12.047
12.048,0.0097284,0
0.008882,12.048,0
-0.010607,-12.048,0
-12.049,-0.0097602,0
-11.877,-0.024749,-5.9763
-5.9855,-11.894,-0.064
-11.877,-0.024749,6.071
6.0622,-11.884,-0.064
0.043134,-5.8655,11.983
-12.005,-5.8745,-0.064
-5.9765,0.15415,11.983
12.092,-5.855,-0.064
6.0726,0.16405,11.983
0.18085,12.033,-5.9763
0.043134,-5.8655,-12.111
0.16136,-12.063,-5.9763
0.18085,12.033,6.071
0.053033,6.1836,11.983
-11.995,6.1732,-0.064
0.16136,-12.063,6.071
-5.9765,0.15415,-12.111
6.0726,0.16405,-12.111
-5.966,12.203,-0.064
12.101,6.1927,-0.064
0.053033,6.1836,-12.111
12.219,-0.0052602,-5.9763
6.0817,12.212,-0.064
12.219,-0.0052602,6.071
-11.976,-5.9713,5.793
-5.9572,-11.99,5.793
-11.967,6.0777,5.793
6.0919,-11.981,5.793
-5.9377,12.107,5.793
12.121,-5.9519,5.793
6.0189,-6.0189,-12.047
6.0189,-6.0189,12.047
-6.0197,6.0197,-12.047
-6.0197,6.0197,12.047
6.1114,12.116,5.793
6.0286,6.0286,-12.047
6.0286,6.0286,12.047
-6.0295,-6.0295,-12.047
-6.0295,-6.0295,12.047
12.13,6.0972,5.793
-11.976,-5.9713,-6.2543
-5.9572,-11.99,-6.2543
-11.967,6.0777,-6.2543
6.0919,-11.981,-6.2543
-5.9377,12.107,-6.2543
12.121,-5.9519,-6.2543
6.1114,12.116,-6.2543
12.13,6.0972,-6.2543
12.039,-12.039,0
-12.039,12.039,0
12.048,0.0097284,-12.047
12.048,0.0097284,12.047
0.008882,12.048,-12.047
0.008882,12.048,12.047
-0.010607,-12.048,-12.047
-0.010607,-12.048,12.047
-12.049,-0.0097602,-12.047
-12.049,-0.0097602,12.047
12.058,12.058,0
-12.058,-12.058,0
-5.9855,-11.894,11.983
-11.867,12.024,-5.9763
6.0622,-11.884,11.983
-12.005,-5.8745,11.983
-11.867,12.024,6.071
-11.886,-12.073,-5.9763
-11.886,-12.073,6.071
-5.9855,-11.894,-12.111
12.092,-5.855,11.983
6.0622,-11.884,-12.111
-12.005,-5.8745,-12.111
-11.995,6.1732,11.983
12.092,-5.855,-12.111
-5.966,12.203,11.983
12.101,6.1927,11.983
-11.995,6.1732,-12.111
6.0817,12.212,11.983
12.21,-12.053,-5.9763
12.23,12.043,-5.9763
-5.966,12.203,-12.111
12.21,-12.053,6.071
12.23,12.043,6.071
12.101,6.1927,-12.111
6.0817,12.212,-12.111
12.039,-12.039,-12.047
12.039,-12.039,12.047
-12.039,12.039,-12.047
-12.039,12.039,12.047
12.058,12.058,-12.047
12.058,12.058,12.047
-12.058,-12.058,-12.047
-12.058,-12.058,12.047
