-9.1859,-8.7005,-9.1317
-9.1859,-8.7005,2.7039
-9.345,-8.6913,-3.1661
-9.345,-8.6913,8.6696
8.1915,-8.4842,-8.7314
8.1915,-8.4842,3.1042
8.0168,-8.625,-2.7938
8.0168,-8.625,9.0419
2.5194,-8.5963,-9.0267
-3.3086,-2.931,-9.1547
8.2661,-2.909,-9.2117
2.3462,2.762,-8.8947
-3.2852,-8.6069,-9.0167
-8.9887,-2.7605,-9.0107
2.5915,-2.9607,-9.1637
-3.3057,3.013,-8.9677
2.5194,-8.5963,2.809
-3.3086,-2.931,2.681
8.2661,-2.909,2.624
2.3462,2.762,2.941
2.2429,-8.5631,-2.889
-3.6494,-2.8899,-2.885
8.0596,-2.9854,-2.967
2.1871,2.7712,-2.929
-3.2852,-8.6069,2.819
-8.9887,-2.7605,2.825
2.5915,-2.9607,2.672
-3.3057,3.013,2.868
-3.3764,-8.5779,-3.068
-9.162,-2.7386,-2.965
2.3483,-2.8871,-2.774
-3.4804,2.8723,-3.03
2.2429,-8.5631,8.9467
-3.6494,-2.8899,8.9507
8.0596,-2.9854,8.8687
2.1871,2.7712,8.9067
-3.3764,-8.5779,8.7677
-9.162,-2.7386,8.8707
2.3483,-2.8871,9.0617
-3.4804,2.8723,8.8057
-8.9778,2.9009,-9.2629
-3.2311,8.5882,-9.4479
-8.9057,8.5366,-9.3999
-8.9778,2.9009,2.5728
-3.2311,8.5882,2.3878
-9.2543,2.9342,-3.1252
-3.4376,8.5118,-3.2032
-8.9057,8.5366,2.4358
-9.1489,8.6101,-3.0102
-9.2543,2.9342,8.7104
-3.4376,8.5118,8.6324
-9.1489,8.6101,8.8254
8.2235,8.5315,-8.9176
8.2469,2.8556,-8.7796
2.5433,8.7019,-8.7736
8.2235,8.5315,2.9181
7.8827,8.5725,-2.6479
8.2469,2.8556,3.0561
2.5433,8.7019,3.0621
8.1556,2.8846,-2.8309
2.3701,8.7239,-2.7279
7.8827,8.5725,9.1877
8.1556,2.8846,9.0047
2.3701,8.7239,9.1077
3.5324,-8.707,-8.2278
3.5946,-8.5161,-2.1028
9.2536,-8.6299,-8.2138
9.4169,-8.6603,-2.2778
3.5324,-8.707,3.6079
3.5946,-8.5161,9.7329
9.2536,-8.6299,3.6219
9.4169,-8.6603,9.5579
-8.0653,-8.5885,-8.45
-2.3306,-2.8284,-8.443
-7.9649,2.7902,-8.464
-7.897,-8.6324,-2.435
-2.185,-2.8567,-2.572
-7.9026,2.9812,-2.339
-2.2429,-8.5489,-8.435
-7.9649,-3.0321,-8.452
3.5256,-2.9401,-8.37
-2.2436,2.8673,-8.45
-1.9856,-8.5928,-2.517
-7.7237,-2.7174,-2.555
3.8198,-2.8383,-2.515
-2.0803,2.8369,-2.514
-8.0653,-8.5885,3.3857
-2.3306,-2.8284,3.3927
-7.9649,2.7902,3.3717
-7.897,-8.6324,9.4007
-2.185,-2.8567,9.2637
-7.9026,2.9812,9.4967
-2.2429,-8.5489,3.4007
-7.9649,-3.0321,3.3837
3.5256,-2.9401,3.4657
-2.2436,2.8673,3.3857
-1.9856,-8.5928,9.3187
-7.7237,-2.7174,9.2807
3.8198,-2.8383,9.3207
-2.0803,2.8369,9.3217
-7.9716,8.5571,-8.6062
-7.6774,8.6589,-2.7512
-7.9716,8.5571,3.2294
-7.6774,8.6589,9.0844
9.2393,-2.9466,-8.0137
9.4642,-2.9113,-2.0037
9.2393,-2.9466,3.822
9.4642,-2.9113,9.832
3.4668,2.874,-8.2129
-2.2579,8.5506,-8.2499
9.2014,8.6341,-8.2059
3.6351,2.8301,-2.1979
-2.0331,8.586,-2.2399
9.3471,8.6058,-2.3349
9.2891,2.9136,-8.1979
3.5672,8.4304,-8.2149
9.5465,2.8697,-2.2799
3.8083,8.7451,-2.3179
3.4668,2.874,3.6227
-2.2579,8.5506,3.5857
9.2014,8.6341,3.6297
3.6351,2.8301,9.6377
-2.0331,8.586,9.5957
9.3471,8.6058,9.5007
9.2891,2.9136,3.6377
3.5672,8.4304,3.6207
9.5465,2.8697,9.5557
3.8083,8.7451,9.5177
-11.993,-11.479,-9.2707
-6.3553,-11.494,-9.0227
-11.987,-5.7929,-9.0967
-11.533,-8.6425,-12.001
-8.611,-11.684,-12.105
-12.296,-11.369,-3.3861
-11.993,-11.479,2.5649
-6.279,-11.473,-3.1471
-12.269,-5.7971,-3.1191
-6.3553,-11.494,2.8129
-11.987,-5.7929,2.7389
-11.659,-8.6963,-6.0151
-11.533,-8.6425,-0.16506
-8.862,-11.965,-6.0951
-8.611,-11.684,-0.26906
-12.296,-11.369,8.4496
-6.279,-11.473,8.6886
-12.269,-5.7971,8.7166
-11.659,-8.6963,5.8206
-11.533,-8.6425,11.671
-8.862,-11.965,5.7406
-8.611,-11.684,11.567
11.036,-11.514,-8.7974
5.3072,-11.64,-8.5494
11.042,-5.8276,-8.6234
5.3737,-8.6688,-11.164
11.496,-8.6773,-11.527
8.6235,-11.434,-11.61
2.9228,-11.766,-11.666
8.5323,-6.1112,-11.486
10.734,-11.404,-2.9128
11.036,-11.514,3.0382
5.0222,-11.366,-2.6548
10.76,-5.8319,-2.6458
5.3072,-11.64,3.2862
11.042,-5.8276,3.2122
5.1615,-8.6518,-5.5128
5.3737,-8.6688,0.67124
11.37,-8.731,-5.5418
11.496,-8.6773,0.30824
8.3442,-11.43,-5.7908
8.6235,-11.434,0.22524
2.6647,-11.996,-5.6538
8.3598,-6.0787,-5.7548
2.9228,-11.766,0.16924
8.5323,-6.1112,0.34924
10.734,-11.404,8.9229
5.0222,-11.366,9.1809
10.76,-5.8319,9.1899
5.1615,-8.6518,6.3229
5.3737,-8.6688,12.507
11.37,-8.731,6.2939
11.496,-8.6773,12.144
8.3442,-11.43,6.0449
8.6235,-11.434,12.061
2.6647,-11.996,6.1819
8.3598,-6.0787,6.0809
2.9228,-11.766,12.005
8.5323,-6.1112,12.185
-0.40234,-11.412,-8.9367
-6.1108,-5.7827,-8.9787
5.3295,-5.7665,-8.9617
-0.46103,-0.016971,-9.0337
-0.51477,-5.6498,-8.8197
-6.19,-0.14284,-8.7857
5.1767,-0.03182,-8.7857
-0.45538,5.6696,-8.8597
-6.0953,-8.6324,-11.603
-11.777,-2.9366,-11.576
-0.32527,-2.902,-11.697
-6.1235,2.8284,-11.401
0.073539,-8.6479,-11.655
-5.8732,-2.9628,-11.665
5.7573,-2.8808,-11.688
-0.0014142,2.8199,-11.764
-2.8829,-11.392,-11.82
-8.7455,-5.7615,-11.91
2.7945,-5.6936,-11.948
-2.8737,0.06364,-11.847
-2.8984,-6.0733,-11.885
-8.5744,-0.2687,-11.903
2.9211,-0.22132,-11.868
-2.9649,5.386,-11.723
-0.58195,-11.45,-3.033
-6.3838,-5.5975,-3.008
5.1081,-5.7615,-3.009
-0.76368,0.093338,-3.149
-0.40234,-11.412,2.899
-6.1108,-5.7827,2.857
5.3295,-5.7665,2.874
-0.46103,-0.016971,2.802
-0.61943,-5.7474,-2.96
-6.475,0.13081,-2.891
5.2531,-0.010607,-2.91
-0.73681,5.6653,-2.882
-0.51477,-5.6498,3.016
-6.19,-0.14284,3.05
5.1767,-0.03182,3.05
-0.45538,5.6696,2.976
-6.4347,-8.6578,-5.6
-12.156,-2.9536,-5.715
-0.6364,-2.9797,-5.561
-6.3357,2.8454,-5.749
-6.0953,-8.6324,0.233
-11.777,-2.9366,0.26
-0.32527,-2.902,0.139
-6.1235,2.8284,0.435
-0.053033,-8.6811,-5.787
-5.7863,-2.9889,-5.873
5.7912,-2.8991,-5.774
-0.12728,2.7662,-5.778
0.073539,-8.6479,0.181
-5.8732,-2.9628,0.171
5.7573,-2.8808,0.148
-0.0014142,2.8199,0.072
-3.0964,-11.21,-5.988
-8.9817,-5.5451,-6.038
2.6488,-5.3288,-6.065
-3.153,0.067175,-6.027
-2.8829,-11.392,0.016
-8.7455,-5.7615,-0.074
2.7945,-5.6936,-0.112
-2.8737,0.06364,-0.011
-3.1127,-6.1122,-5.891
-8.8325,-0.49851,-5.89
2.67,-0.50205,-5.858
-3.1374,5.4186,-5.991
-2.8984,-6.0733,-0.049
-8.5744,-0.2687,-0.067
2.9211,-0.22132,-0.032
-2.9649,5.386,0.113
-0.58195,-11.45,8.8027
-6.3838,-5.5975,8.8277
5.1081,-5.7615,8.8267
-0.76368,0.093338,8.6867
-0.61943,-5.7474,8.8757
-6.475,0.13081,8.9447
5.2531,-0.010607,8.9257
-0.73681,5.6653,8.9537
-6.4347,-8.6578,6.2357
-12.156,-2.9536,6.1207
-0.6364,-2.9797,6.2747
-6.3357,2.8454,6.0867
-6.0953,-8.6324,12.069
-11.777,-2.9366,12.096
-0.32527,-2.902,11.975
-6.1235,2.8284,12.271
-0.053033,-8.6811,6.0487
-5.7863,-2.9889,5.9627
5.7912,-2.8991,6.0617
-0.12728,2.7662,6.0577
0.073539,-8.6479,12.017
-5.8732,-2.9628,12.007
5.7573,-2.8808,11.984
-0.0014142,2.8199,11.908
-3.0964,-11.21,5.8477
-8.9817,-5.5451,5.7977
2.6488,-5.3288,5.7707
-3.153,0.067175,5.8087
-2.8829,-11.392,11.852
-8.7455,-5.7615,11.762
2.7945,-5.6936,11.724
-2.8737,0.06364,11.825
-3.1127,-6.1122,5.9447
-8.8325,-0.49851,5.9457
2.67,-0.50205,5.9777
-3.1374,5.4186,5.8447
-2.8984,-6.0733,11.787
-8.5744,-0.2687,11.769
2.9211,-0.22132,11.804
-2.9649,5.386,11.949
-11.9,0.085224,-9.1729
-6.1678,5.7308,-9.1979
-11.958,11.48,-9.2699
-12.012,5.8474,-9.0559
-6.3205,11.465,-9.0219
-11.822,8.5953,-11.933
-11.424,2.8493,-11.891
-5.74,8.6165,-11.924
-8.7027,5.8036,-12.184
-8.5762,11.276,-12.104
-12.079,0.04704,-3.2692
-6.3891,5.7357,-3.2452
-12.261,11.591,-3.3852
-11.9,0.085224,2.6628
-6.1678,5.7308,2.6378
-11.958,11.48,2.5658
-12.117,5.7499,-3.1962
-6.2441,11.487,-3.1462
-12.012,5.8474,2.7798
-6.3205,11.465,2.8138
-12.134,8.5175,-5.7972
-11.822,8.5953,-0.097238
-11.55,2.8161,-6.0232
-5.706,8.5981,-6.0102
-11.424,2.8493,-0.055238
-5.74,8.6165,-0.088238
-8.8484,6.1685,-6.3012
-8.7027,5.8036,-0.34824
-8.8272,10.995,-6.0942
-8.5762,11.276,-0.26824
-12.079,0.04704,8.5664
-6.3891,5.7357,8.5904
-12.261,11.591,8.4504
-12.117,5.7499,8.6394
-6.2441,11.487,8.6894
-12.134,8.5175,6.0384
-11.822,8.5953,11.738
-11.55,2.8161,5.8124
-5.706,8.5981,5.8254
-11.424,2.8493,11.78
-5.74,8.6165,11.747
-8.8484,6.1685,5.5344
-8.7027,5.8036,11.487
-8.8272,10.995,5.7414
-8.5762,11.276,11.567
11.252,-2.9714,-11.102
10.873,-2.9883,-5.2417
11.252,-2.9714,0.7333
10.873,-2.9883,6.594
11.252,-2.9714,12.569
11.13,0.050482,-8.6996
5.4213,5.6798,-8.7416
11.071,11.446,-8.7966
11.017,5.8127,-8.5826
5.3421,11.32,-8.5486
5.4368,2.8301,-11.366
-0.24479,8.5259,-11.339
11.207,8.5605,-11.46
11.606,2.8146,-11.418
5.6588,8.4997,-11.428
8.6492,0.070281,-11.583
2.7866,5.701,-11.673
8.6584,11.526,-11.61
8.6336,5.3891,-11.648
2.9577,11.194,-11.666
10.95,0.012298,-2.7959
5.1483,5.865,-2.7709
10.768,11.556,-2.9119
11.13,0.050482,3.1361
5.4213,5.6798,3.0941
11.071,11.446,3.0391
10.913,5.7151,-2.7229
5.0571,11.593,-2.6539
11.017,5.8127,3.2531
5.3421,11.32,3.2871
5.0974,2.8047,-5.3629
-0.6238,8.5089,-5.4779
10.896,8.4827,-5.3239
5.4368,2.8301,0.47006
-0.24479,8.5259,0.49706
11.207,8.5605,0.37606
11.479,2.7813,-5.5499
5.7458,8.4735,-5.6359
11.606,2.8146,0.41806
5.6588,8.4997,0.40806
8.4356,0.25271,-5.7509
2.5504,5.9173,-5.8009
8.3791,11.53,-5.7899
8.6492,0.070281,0.25306
2.7866,5.701,0.16306
8.6584,11.526,0.22606
8.4194,5.3502,-5.6539
2.6996,10.964,-5.6529
8.6336,5.3891,0.18806
2.9577,11.194,0.17006
10.95,0.012298,9.0397
5.1483,5.865,9.0647
10.768,11.556,8.9237
10.913,5.7151,9.1127
5.0571,11.593,9.1817
5.0974,2.8047,6.4727
-0.6238,8.5089,6.3577
10.896,8.4827,6.5117
5.4368,2.8301,12.306
-0.24479,8.5259,12.333
11.207,8.5605,12.212
11.479,2.7813,6.2857
5.7458,8.4735,6.1997
11.606,2.8146,12.254
5.6588,8.4997,12.244
8.4356,0.25271,6.0847
2.5504,5.9173,6.0347
8.3791,11.53,6.0457
8.6492,0.070281,12.089
2.7866,5.701,11.999
8.6584,11.526,12.062
8.4194,5.3502,6.1817
2.6996,10.964,6.1827
8.6336,5.3891,12.024
2.9577,11.194,12.006
-0.3675,11.548,-8.9358
-2.848,11.568,-11.819
-0.5471,11.51,-3.0322
-0.3675,11.548,2.8998
-3.0616,11.75,-5.9872
-2.848,11.568,0.01682
-0.5471,11.51,8.8035
-3.0616,11.75,5.8485
-2.848,11.568,11.852
0,0,0
0.03182,-5.6844,0.202
0.030406,5.6972,0.173
5.7346,0.02687,0.268
-5.7573,-0.0056569,0.3
-0.1492,0.0077782,5.8887
-0.1492,0.0077782,-5.947
5.5883,0.038891,-5.724
-5.6526,-5.7361,-0.042
-0.18738,-5.7127,-5.747
-5.6784,5.7916,-0.14024
-0.25951,5.8004,-5.671
5.8188,-5.7056,0.096
5.8795,5.7264,0.19506
-6.0012,0.084146,-5.658
5.5883,0.038891,6.1117
-0.18738,-5.7127,6.0887
-0.25951,5.8004,6.1647
-6.0012,0.084146,6.1777
5.6157,5.7427,-5.6799
5.5953,-5.6505,-5.846
5.5953,-5.6505,5.9897
-5.9019,5.8467,5.7534
5.6157,5.7427,6.1557
-5.9164,-5.7198,-5.917
-5.9164,-5.7198,5.9187
-5.9019,5.8467,-6.0822
0.022627,-11.459,0.036
-11.475,0.037848,-0.20024
0.057476,11.5,0.03682
11.555,0.0031056,0.27306
0,0,-11.836
0,0,11.836
11.447,-0.0018441,-5.6799
-5.7974,-11.436,0.030942
5.7748,11.457,0.53706
-11.465,5.8128,-0.034238
-11.502,-5.7653,-0.064058
5.74,-11.503,0.53624
-5.7626,11.524,0.031762
-5.7573,-0.0056569,-11.536
-0.08556,-11.464,-5.917
-11.583,0.032898,5.6824
-0.08556,-11.464,5.9187
11.528,-5.8001,0.40924
5.7346,0.02687,-11.568
-0.050712,11.495,-5.9162
-0.050712,11.495,5.9195
11.564,5.778,0.43906
0.03182,-5.6844,-11.634
0.030406,5.6972,-11.663
11.447,-0.0018441,6.1557
-11.583,0.032898,-6.1532
0.030406,5.6972,12.009
0.03182,-5.6844,12.038
5.7346,0.02687,12.104
-5.7573,-0.0056569,12.136
11.238,-5.6968,-5.4348
5.496,-11.413,-5.4218
11.345,5.7498,-5.5099
5.5309,11.547,-5.4209
11.238,-5.6968,6.4009
-5.9438,-11.424,5.8746
-5.9438,-11.424,-5.9611
5.496,-11.413,6.4139
11.345,5.7498,6.3257
-5.909,11.536,5.8754
-5.6784,5.7916,11.695
5.8795,5.7264,-11.641
-5.909,11.536,-5.9602
-5.6526,-5.7361,11.794
5.8188,-5.7056,-11.74
-11.685,5.7845,5.8524
5.5309,11.547,6.4147
-11.685,5.7845,-5.9832
-5.6526,-5.7361,-11.878
-11.792,-5.6621,-5.9081
-11.792,-5.6621,5.9276
5.8188,-5.7056,11.932
-5.6784,5.7916,-11.976
5.8795,5.7264,12.031
11.497,-11.497,0.23624
-11.497,11.497,-0.23624
-11.532,-11.462,-0.23706
11.532,11.462,0.23706
-11.475,0.037848,11.635
11.555,0.0031056,-11.563
0.022627,-11.459,-11.8
0.057476,11.5,-11.799
0.022627,-11.459,11.872
0.057476,11.5,11.872
-11.475,0.037848,-12.036
11.555,0.0031056,12.109
5.7748,11.457,-11.299
5.74,-11.503,-11.299
11.348,-11.489,-5.7108
11.383,11.47,-5.7099
11.564,5.778,-11.397
11.528,-5.8001,-11.426
11.348,-11.489,6.1249
11.383,11.47,6.1257
-11.681,-11.455,5.6516
-11.646,11.505,5.6524
-5.7974,-11.436,-11.805
-11.502,-5.7653,11.772
-11.465,5.8128,11.801
-5.7974,-11.436,11.867
-5.7626,11.524,-11.804
-11.681,-11.455,-6.1841
-11.465,5.8128,-11.87
-11.646,11.505,-6.1832
-5.7626,11.524,11.867
-11.502,-5.7653,-11.9
11.528,-5.8001,12.245
5.7748,11.457,12.373
11.564,5.778,12.275
5.74,-11.503,12.372
-11.532,-11.462,11.599
11.532,11.462,-11.599
11.497,-11.497,-11.599
-11.497,11.497,11.599
-11.497,11.497,-12.072
11.497,-11.497,12.072
-11.532,-11.462,-12.073
11.532,11.462,12.073
