-9.7711,-10.074,-9.5678
-9.7715,-10.073,3.6095
-3.4521,-9.5697,-4.1135
-9.4399,-3.8889,-3.9015
-8.9039,-9.1511,-3.7235
-3.4526,-9.5684,9.0637
-9.4403,-3.8875,9.2757
-8.9044,-9.1498,9.4537
9.2427,-10.184,-10.751
9.2422,-10.183,2.4259
9.5512,-10.618,-4.1201
9.5508,-10.616,9.0571
-3.5047,-9.1237,-10.065
-9.2146,-3.1409,-10.745
3.3196,-3.7221,-10.547
-3.3597,2.4198,-10.753
2.4923,-9.338,-10.229
-3.5507,-3.3756,-10.251
9.2522,-3.5552,-9.7822
2.9031,2.5987,-9.5682
-3.5051,-9.1224,3.112
-9.215,-3.1396,2.432
3.3192,-3.7208,2.63
-3.3602,2.4211,2.424
2.4918,-9.3366,2.948
-3.5511,-3.3743,2.926
9.2518,-3.5539,3.395
2.9027,2.6,3.609
3.2958,-4.3819,-3.776
-3.0512,1.9863,-4.122
9.2221,3.1028,-4.114
3.2343,8.7837,-3.902
2.5392,-9.2751,-4.485
-3.8912,-3.3835,-4.461
9.6032,-3.1388,-4.048
3.7703,3.5214,-3.724
3.2954,-4.3806,9.4012
-3.0516,1.9876,9.0552
9.2217,3.1041,9.0632
3.2339,8.785,9.2752
2.5388,-9.2738,8.6922
-3.8916,-3.3822,8.7162
9.6028,-3.1375,9.1292
3.7699,3.5227,9.4532
-9.2828,8.8817,-10.549
-10.11,3.2659,-10.231
-3.3502,9.0486,-9.7841
-9.2832,8.8831,2.6281
-10.111,3.2672,2.9461
-3.3506,9.0499,3.3931
-9.3066,8.2219,-3.7779
-10.063,3.3287,-4.4869
-2.9992,9.465,-4.0499
-9.307,8.2232,9.3993
-10.064,3.33,8.6903
-2.9996,9.4663,9.1273
9.1695,3.5488,-10.066
3.4596,9.5317,-10.746
9.1236,9.2969,-10.252
9.1691,3.5501,3.1115
3.4592,9.533,2.4315
9.1231,9.2982,2.9255
8.783,9.289,-4.4615
8.7826,9.2903,8.7158
-2.9822,-10.507,-10.213
-9.757,-3.4539,-9.3888
-9.5597,-9.1298,-10.713
-2.9826,-10.506,2.9645
-9.7574,-3.4526,3.7885
-9.5601,-9.1285,2.4645
-8.6083,-9.8215,-2.4065
-8.6088,-9.8202,10.771
9.1239,-10.011,-9.2373
10.47,-3.7154,-8.9353
9.1234,-10.01,3.9399
10.47,-3.7141,4.2419
9.8772,-10.46,-2.6651
3.0126,-10.228,-3.4311
9.8768,-10.459,10.512
3.0122,-10.227,9.7461
3.4518,-2.211,-10.769
-3.4785,2.5924,-9.2392
9.692,2.1653,-10.213
2.9172,9.2186,-9.3892
-3.5294,-4.8294,-10.492
3.2277,-9.7155,-9.0032
3.1145,3.5427,-10.713
-2.1322,8.8884,-8.9372
3.4514,-2.2097,2.408
-3.479,2.5937,3.938
9.6916,2.1666,2.964
2.9168,9.22,3.788
-3.5299,-4.8281,2.685
3.2272,-9.7142,4.174
3.1141,3.544,2.464
-2.1326,8.8897,4.24
-2.5675,-9.8125,-2.913
-8.3601,-3.375,-3.018
3.3439,-2.8786,-3.916
-2.7252,2.1439,-2.667
-3.1551,-4.5722,-3.903
-9.5898,2.3759,-3.433
4.0659,2.8511,-2.407
8.5525,-3.1106,-2.996
-2.5679,-9.8112,10.264
-8.3606,-3.3737,10.159
3.3435,-2.8773,9.2612
-2.7256,2.1453,10.51
-3.1555,-4.5708,9.2742
-9.5902,2.3772,9.7442
4.0654,2.8524,10.77
8.552,-3.1092,10.181
-9.1506,10.393,-10.771
-9.3747,2.8883,-9.0051
-9.151,10.394,2.4061
-9.3752,2.8896,4.1721
-9.2585,9.7252,-3.9179
-4.0499,9.4933,-2.9979
-9.2589,9.7265,9.2593
-4.0504,9.4946,10.179
9.1448,7.8431,-10.493
9.1443,7.8444,2.6845
10.107,2.86,-2.9135
4.3141,9.2975,-3.0185
9.5191,8.1004,-3.9035
10.106,2.8613,10.264
4.3137,9.2988,10.159
9.5187,8.1017,9.2738
0.038934,-13.69,-10.218
0.038501,-13.688,2.9594
-5.8834,-12.324,-10.454
-12.039,-6.1755,-10.403
-6.5707,-6.9456,-10.277
-12.563,-1.0858,-10.22
-13.244,-12.94,-10.391
-9.3186,-13.1,-7.4648
-5.479,-9.6962,-13.798
-11.838,-3.357,-14.318
-13.095,-9.721,-12.948
-9.5342,-12.073,-13.061
-3.1427,-13.476,-13.515
-9.2005,-6.7398,-13.876
-11.809,-12.615,-3.3565
-5.8839,-12.323,2.7235
-12.039,-6.1742,2.7745
-6.5712,-6.9443,2.9005
-12.564,-1.0845,2.9575
-13.245,-12.939,2.7865
-6.813,-12.69,-3.4085
-13.1,-7.8501,-3.2725
-9.319,-13.099,5.7125
-3.3857,-13.071,-6.8715
-9.5827,-7.0171,-6.5795
-12.451,-10.135,-6.9125
-5.4794,-9.6949,-0.62054
-11.838,-3.3557,-1.1405
-6.4001,-9.999,-7.0265
-12.329,-3.6286,-6.7375
-13.096,-9.7197,0.22946
-9.5347,-12.071,0.11646
-3.1431,-13.475,-0.33754
-9.2009,-6.7385,-0.69854
-11.809,-12.613,9.8207
-6.8134,-12.689,9.7687
-13.1,-7.8487,9.9047
-3.3861,-13.07,6.3057
-9.5832,-7.0158,6.5977
-12.451,-10.134,6.2647
-5.4798,-9.6936,12.557
-11.839,-3.3544,12.037
-6.4005,-9.9976,6.1507
-12.33,-3.6273,6.4397
-13.096,-9.7183,13.407
-9.5351,-12.07,13.294
-3.1436,-13.474,12.84
-9.2013,-6.7372,12.479
5.4561,-12.354,-10.218
13.238,-6.1069,-10.401
12.713,-1.0171,-10.218
12.032,-12.872,-10.389
6.0282,-7.0742,-10.551
9.8607,-6.698,-7.4403
9.5298,-12.933,-7.2423
7.0075,-9.7619,-14.193
13.439,-3.2883,-14.316
12.181,-9.6523,-12.946
3.2478,-12.402,-13.776
9.6634,-5.5518,-13.38
9.5785,-13.627,-13.807
13.468,-12.546,-3.3551
7.1167,-5.9698,-3.6761
5.4557,-12.353,2.9589
13.237,-6.1055,2.7759
12.713,-1.0158,2.9589
12.032,-12.87,2.7879
6.0277,-7.0729,2.6259
6.0214,-13.268,-3.7881
12.177,-7.7814,-3.2711
3.0791,-12.854,-7.1461
9.8602,-6.6967,5.7369
9.5293,-12.932,5.9349
12.826,-10.067,-6.9111
7.0071,-9.7606,-1.0161
13.438,-3.287,-1.1391
6.3636,-9.6644,-6.8851
12.947,-3.56,-6.7361
12.181,-9.651,0.2309
3.2474,-12.4,-0.5991
9.663,-5.5505,-0.2031
9.5781,-13.626,-0.6301
13.467,-12.545,9.8221
7.1162,-5.9685,9.5011
6.0209,-13.267,9.3891
12.176,-7.7801,9.9061
3.0787,-12.853,6.0311
12.825,-10.065,6.2661
7.0066,-9.7593,12.161
13.438,-3.2857,12.038
6.3632,-9.6631,6.2921
12.947,-3.5586,6.4411
12.181,-9.6497,13.408
3.2469,-12.399,12.578
9.6625,-5.5491,12.974
9.5777,-13.624,12.547
-0.24705,-6.0457,-9.9422
-7.1463,0.24971,-10.22
6.7908,0.3487,-10.454
0.63542,6.497,-10.403
6.1035,5.727,-10.277
0.11074,11.587,-10.22
-0.5702,-0.2679,-10.391
-6.5742,5.5297,-10.553
3.3557,-0.4277,-7.4652
-2.7417,5.9059,-7.4422
-3.0727,-0.32941,-7.2442
-0.27534,-10.181,-7.5612
-6.5537,-3.6479,-7.4732
5.9698,-3.5764,-7.2682
1.2251,-3.3077,-13.829
-5.5949,2.842,-14.195
7.1952,2.9763,-13.798
0.83623,9.3155,-14.318
-0.65505,-9.6455,-12.948
-6.4915,-3.5163,-12.944
5.9217,-3.3049,-13.023
-0.421,2.9516,-12.948
-2.6894,-5.6186,-13.903
-9.3546,0.20233,-13.778
3.14,0.59972,-13.061
-2.939,7.0521,-13.382
3.3564,-7.7441,-14.174
-3.0239,-1.0231,-13.809
9.5315,-0.80388,-13.515
3.4737,5.9327,-13.876
0.8655,0.057983,-3.357
-5.4857,6.6341,-3.678
-6.2487,-5.997,-3.459
0.039598,-12.277,-3.553
-0.24749,-6.0443,3.235
-7.1467,0.25102,2.957
6.7903,0.35002,2.723
0.63498,6.4983,2.774
6.103,5.7283,2.9
0.11031,11.588,2.957
-0.57064,-0.26658,2.786
-6.5747,5.531,2.624
-0.21637,-7.1955,-3.559
-6.581,-0.66397,-3.79
5.8612,-0.017678,-3.409
-0.42568,4.8225,-3.273
-3.0816,-6.231,-7.104
-9.5233,-0.25032,-7.148
3.3552,-0.42639,5.712
-2.7422,5.9072,5.735
3.3524,-6.6461,-7.188
-3.0731,-0.3281,5.933
9.2886,-0.39881,-6.872
3.0915,5.6554,-6.58
-0.27577,-10.18,5.616
-6.5542,-3.6465,5.704
5.9694,-3.5751,5.909
0.22345,2.5371,-6.913
1.2247,-3.3064,-0.652
-5.5953,2.8433,-1.018
7.1948,2.9776,-0.621
0.8358,9.3168,-1.141
-0.052326,-3.5864,-5.28
-6.2388,2.9394,-6.887
6.2742,2.6736,-7.027
0.34507,9.0439,-6.738
-0.65549,-9.6442,0.229
-6.4919,-3.515,0.233
5.9213,-3.3036,0.154
-0.42144,2.9529,0.229
-2.6898,-5.6173,-0.726
-9.355,0.20365,-0.601
3.1396,0.60104,0.116
-2.9394,7.0534,-0.205
3.3559,-7.7428,-0.997
-3.0243,-1.0218,-0.632
9.5311,-0.80257,-0.338
3.4733,5.934,-0.699
0.86507,0.059299,9.8202
-5.4862,6.6354,9.4992
-6.2491,-5.9957,9.7182
0.039165,-12.275,9.6242
-0.21681,-7.1942,9.6182
-6.5815,-0.66266,9.3872
5.8608,-0.016362,9.7682
-0.42611,4.8238,9.9042
-3.082,-6.2297,6.0732
-9.5237,-0.249,6.0292
3.352,-6.6448,5.9892
9.2881,-0.39749,6.3052
3.091,5.6568,6.5972
0.22301,2.5384,6.2642
1.2243,-3.3051,12.525
-5.5958,2.8446,12.159
7.1944,2.9789,12.556
0.83537,9.3182,12.036
-0.052759,-3.5851,7.8972
-6.2392,2.9408,6.2902
6.2737,2.6749,6.1502
0.34463,9.0452,6.4392
-0.65592,-9.6429,13.406
-6.4924,-3.5137,13.41
5.9209,-3.3023,13.331
-0.42187,2.9542,13.406
-2.6903,-5.6159,12.451
-9.3555,0.20496,12.576
3.1391,0.60236,13.293
-2.9399,7.0547,12.972
3.3555,-7.7415,12.18
-3.0247,-1.0205,12.545
9.5307,-0.80125,12.839
3.4729,5.9354,12.478
-12.849,6.5582,-9.9441
-5.8116,12.953,-10.456
-13.173,12.336,-10.393
-9.2467,12.176,-7.4671
-12.878,2.423,-7.5631
-6.6326,9.0274,-7.2701
-11.377,9.2961,-13.831
-13.257,2.9583,-12.95
-6.6807,9.2989,-13.025
-9.4624,13.204,-13.063
-9.246,4.8597,-14.176
-3.0709,11.8,-13.517
-11.737,12.662,-3.3589
-12.563,0.32706,-3.5549
-12.85,6.5595,3.2331
-5.8121,12.954,2.7211
-13.173,12.337,2.7841
-12.819,5.4083,-3.5609
-6.7412,12.586,-3.4109
-9.2472,12.177,5.7101
-9.25,5.9578,-7.1899
-3.3138,12.205,-6.8739
-12.878,2.4243,5.6141
-6.633,9.0287,5.9071
-11.378,9.2974,-0.6539
-12.655,9.0174,-5.2819
-13.258,2.9596,0.2271
-6.6811,9.3002,0.1521
-9.4628,13.205,0.1141
-9.2465,4.861,-0.9989
-3.0713,11.801,-0.3399
-11.737,12.663,9.8183
-12.563,0.32837,9.6223
-12.819,5.4096,9.6163
-6.7416,12.587,9.7663
-9.2504,5.9591,5.9873
-3.3143,12.206,6.3033
-11.378,9.2987,12.523
-12.655,9.0187,7.8953
-13.258,2.9609,13.404
-6.6815,9.3016,13.329
-9.4633,13.206,13.291
-9.2469,4.8623,12.178
-3.0717,11.803,12.837
12.427,6.6269,-9.9427
5.5279,12.922,-10.221
12.104,12.405,-10.392
9.6016,12.343,-7.2447
12.399,2.4917,-7.5617
6.1205,9.0247,-7.4737
13.899,9.3648,-13.83
12.019,3.027,-12.949
6.1827,9.1562,-12.945
9.9848,7.054,-13.904
3.3196,12.875,-13.779
9.6503,11.649,-13.81
13.54,12.731,-3.3575
6.4255,6.6756,-3.4595
12.714,0.39575,-3.5535
12.427,6.6282,3.2345
5.5275,12.924,2.9565
12.104,12.406,2.7855
12.458,5.477,-3.5595
6.0932,12.009,-3.7905
9.5926,6.4415,-7.1045
3.1509,12.422,-7.1485
9.6011,12.344,5.9325
12.398,2.493,5.6155
6.12,9.026,5.7035
13.899,9.3661,-0.65246
12.622,9.0861,-5.2805
12.019,3.0283,0.22854
6.1823,9.1575,0.23254
9.9844,7.0553,-0.72646
3.3192,12.876,-0.60146
9.6499,11.651,-0.63246
13.539,12.732,9.8198
6.4251,6.6769,9.7178
12.713,0.39706,9.6238
12.457,5.4783,9.6178
6.0927,12.01,9.3868
9.5922,6.4428,6.0728
3.1505,12.424,6.0288
13.898,9.3674,12.525
12.621,9.0874,7.8968
12.018,3.0296,13.406
6.1818,9.1588,13.41
9.9839,7.0566,12.451
3.3188,12.877,12.576
9.6495,11.652,12.545
0.11141,13,-3.5554
0.11097,13.001,9.6219
0,0,0
0.00070711,-0.63286,-6.188
-6.3534,-0.20435,-0.616
0.78842,-6.3321,-0.455
6.4057,-0.20011,-0.2
0.2086,6.5202,-0.147
0.00027365,-0.63154,6.9892
0.20435,5.6236,-6.142
-6.3378,-0.47164,5.855
-5.8863,6.3855,-0.1869
-6.0422,-6.3717,-0.526
6.1313,-0.46598,-6.381
0.20392,5.6249,7.0352
6.7161,-6.2183,-0.185
6.632,6.3008,-0.52646
6.1309,-0.46467,6.7962
-0.044274,-6.8958,6.0912
-6.3374,-0.47296,-7.3222
-0.043841,-6.8971,-7.086
6.3788,5.7198,5.9
-5.7902,6.1107,6.2562
-5.7898,6.1094,-6.921
-6.2954,-6.9527,5.9005
6.3792,5.7185,-7.2772
6.8122,-6.4931,6.2581
6.8126,-6.4944,-6.9191
-6.295,-6.9541,-7.2768
-0.013752,12.535,-0.19236
12.589,-0.068823,-0.19046
-12.688,-0.13751,-0.1919
-0.08556,-12.741,-0.19
0.00043346,-0.0013159,-13.177
-0.00043346,0.0013159,13.177
-11.814,6.2717,-0.4569
-0.37767,12.118,6.0833
12.225,-0.48588,6.0852
-6.1967,12.404,-0.2019
-12.466,-6.1523,-0.14654
6.3209,12.468,-0.61646
-0.37723,12.117,-7.0939
-6.3538,-0.20304,12.561
12.225,-0.4872,-7.092
12.811,-6.0836,-0.1451
0.78799,-6.3308,12.722
6.249,-12.808,-0.6141
-6.2685,-12.873,-0.19954
-13.052,-0.55457,6.0838
6.4052,-0.1988,12.977
-0.44948,-13.158,6.0857
0.20816,6.5215,13.03
6.4061,-0.20143,-13.377
0.20903,6.5189,-13.324
-13.051,-0.55588,-7.0934
13.463,6.3404,-0.45546
6.3364,12.201,5.8545
-0.44904,-13.16,-7.0915
0.78886,-6.3335,-13.632
-12.647,5.708,6.0893
-6.4711,12.138,-6.3829
12.63,5.7767,6.0908
-6.3529,-0.20567,-13.793
-6.4715,12.139,6.7943
-6.0427,-6.3704,12.651
6.3368,12.2,-7.3227
-12.646,5.7067,-7.0879
-12.47,-7.0489,-6.1415
12.63,5.7754,-7.0865
6.6316,6.3021,12.651
-5.8867,6.3869,12.99
6.2646,-13.075,5.8569
12.807,-6.9802,-6.1401
6.7157,-6.217,12.992
-5.8859,6.3842,-13.364
-12.47,-7.0476,7.0357
-6.5429,-13.139,-6.3805
-6.5433,-13.137,6.7967
12.806,-6.9789,7.0371
6.7165,-6.2196,-13.362
6.265,-13.077,-7.3203
-6.0418,-6.3731,-13.703
6.6324,6.2995,-13.704
12.602,-12.604,0.001903
-12.602,12.604,-0.001903
-12.674,-12.673,0.000461
12.674,12.673,-0.000461
-0.014185,12.536,12.985
12.588,-0.067507,12.987
-12.688,-0.13619,12.985
-0.085993,-12.74,12.987
-0.013318,12.534,-13.37
12.589,-0.070139,-13.368
-12.688,-0.13883,-13.369
-12.602,11.971,-6.1899
-11.814,6.273,12.72
-0.085126,-12.743,-13.367
12.675,12.04,-6.1885
-12.602,11.972,6.9873
6.3204,12.469,12.561
12.674,12.041,6.9888
-6.1972,12.405,12.975
6.2486,-12.807,12.563
-12.466,-6.151,13.031
-11.814,6.2704,-13.634
-12.465,-6.1536,-13.324
12.811,-6.0823,13.032
-6.1963,12.402,-13.379
12.603,-13.237,-6.1861
-6.269,-12.871,12.978
-12.674,-13.305,-6.1875
12.811,-6.0849,-13.322
12.603,-13.235,6.9911
13.462,6.3417,12.722
-6.2681,-12.874,-13.377
6.3213,12.467,-13.794
-12.674,-13.304,6.9897
6.2495,-12.81,-13.791
13.463,6.3391,-13.633
12.603,-12.605,-13.175
-12.603,12.605,13.175
12.602,-12.603,13.179
-12.602,12.603,-13.179
-12.675,-12.671,13.178
12.675,12.671,-13.178
-12.674,-12.674,-13.177
12.674,12.674,13.177
