-3.0161,-9.8992,-3.6228
-9.9578,-9.3554,-4.0718
-3.125,-9.8341,-10.194
-9.9005,-3.9269,-9.7938
-9.95,-9.3674,-10.252
-3.0165,-9.8978,9.5545
-9.9582,-9.3541,9.1055
-3.1254,-9.8328,2.9835
-9.9009,-3.9256,3.3835
-9.9504,-9.3661,2.9255
9.6372,-9.846,-3.6973
9.2915,-3.4856,-4.1273
9.8996,-10.308,-10.074
9.6368,-9.8447,9.4799
9.291,-3.4843,9.0499
9.8991,-10.306,3.1029
9.6581,2.7734,-3.6232
-9.187,-3.0949,-3.7302
3.0926,-3.5673,-3.8722
-2.9652,2.7578,-3.6992
3.0148,-8.93,-3.1362
-2.9249,-3.0638,-4.1922
-3.3109,9.1182,-4.1292
2.7164,3.3171,-4.0722
3.3217,-3.5828,-10.389
-2.7028,2.2961,-10.076
9.5492,2.8384,-10.194
2.7737,8.7456,-9.7942
2.8967,-9.0452,-10.229
-3.3718,-2.5731,-10.303
8.8032,-3.8388,-9.7162
2.7242,3.3051,-10.252
9.6577,2.7747,9.554
-9.1874,-3.0936,9.447
3.0922,-3.5659,9.305
-2.9656,2.7591,9.478
3.0144,-8.9286,10.041
-2.9253,-3.0625,8.985
-3.3114,9.1196,9.048
2.716,3.3185,9.105
3.3213,-3.5815,2.788
-2.7033,2.2974,3.101
9.5488,2.8397,2.983
2.7733,8.7469,3.383
2.8963,-9.0439,2.948
-3.3722,-2.5717,2.874
8.8028,-3.8375,3.461
2.7238,3.3064,2.925
-9.5098,9.0366,-3.8741
-9.5876,3.6739,-3.1381
-9.2807,9.021,-10.391
-9.7057,3.5586,-10.231
-3.7992,8.7651,-9.7181
-9.5102,9.0379,9.3031
-9.588,3.6752,10.039
-9.2811,9.0224,2.7861
-9.7061,3.56,2.9461
-3.7996,8.7664,3.4591
3.4872,9.5776,-3.7307
9.7493,9.6087,-4.1927
9.3025,10.099,-10.304
3.4868,9.5789,9.4465
9.7489,9.6101,8.9845
9.302,10.101,2.8735
-4.3002,-9.7507,-2.8588
-10.542,-3.3987,-3.1518
-10.19,-10.611,-3.2988
-9.3327,-9.7415,-8.9338
-4.3007,-9.7494,10.318
-10.542,-3.3974,10.025
-10.19,-10.61,9.8785
-9.3331,-9.7402,4.2435
8.5009,-9.3433,-2.8433
3.0152,-10.394,-2.7973
9.4025,-9.5575,-8.8703
3.2867,-9.6968,-8.9423
10.064,-3.977,-8.8993
8.5005,-9.342,10.334
3.0147,-10.393,10.38
9.402,-9.5562,4.3069
3.2863,-9.6955,4.2349
10.064,-3.9757,4.2779
2.1769,-3.807,-2.7022
-4.1015,3.2606,-2.8452
8.374,2.9219,-2.8592
2.1324,9.2738,-3.1522
-2.6632,-3.382,-2.7492
-9.5872,2.2098,-2.7992
2.4845,2.0613,-3.2992
9.0061,-3.4859,-2.6592
-3.2332,-8.4435,-9.6382
-9.0626,-2.6848,-9.9102
3.2156,-2.6268,-9.2352
-3.1999,3.0463,-8.8722
-1.9957,-2.9351,-9.8132
-9.3157,2.907,-8.9442
3.3415,2.9311,-8.9342
-2.5381,8.6268,-8.9012
2.1765,-3.8056,10.475
-4.1019,3.2619,10.332
8.3736,2.9232,10.318
2.1319,9.2751,10.025
-2.6637,-3.3807,10.428
-9.5877,2.2111,10.378
2.4841,2.0626,9.878
9.0057,-3.4846,10.518
-3.2336,-8.4421,3.539
-9.063,-2.6835,3.267
3.2152,-2.6255,3.942
-3.2004,3.0476,4.305
-1.9962,-2.9338,3.364
-9.3161,2.9083,4.233
3.3411,2.9324,4.243
-2.5385,8.6281,4.276
-10.425,8.7969,-2.7041
-3.5963,9.1179,-2.6611
-9.3868,9.977,-9.2371
-10.426,8.7982,10.473
-3.5967,9.1192,10.516
-9.3872,9.9784,3.9401
10.011,9.2905,-2.7497
9.441,4.2291,-9.6387
3.6117,9.9877,-9.9107
10.678,9.7374,-9.8137
10.011,9.2919,10.428
9.4406,4.2304,3.5385
3.6112,9.9891,3.2665
10.678,9.7387,3.3635
-9.5147,-13.177,-14.026
-9.5592,-5.7399,-14.015
-7.1501,-9.5505,-13.759
-11.745,-12.762,-10.139
-6.4406,-6.8876,-10.22
-5.7272,-13.145,-3.5628
-13.251,-6.4584,-3.1608
-12.421,-13.357,-3.6418
-6.9094,-12.193,-9.9338
-13.041,-6.7547,-9.7718
-9.5151,-13.175,-0.84876
-3.1575,-11.859,-13.258
-9.5597,-5.7385,-0.83776
-12.023,-9.6361,-13.378
-5.4938,-9.6701,-6.6958
-12.475,-3.4157,-6.5928
-7.1506,-9.5491,-0.58176
-13.627,-3.4164,-13.249
-12.832,-9.7012,-6.7058
-9.3574,-12.399,-6.1648
-3.1554,-13.43,-7.4198
-9.3129,-6.7716,-6.4978
-11.745,-12.76,3.0385
-6.4411,-6.8863,2.9575
-5.7276,-13.143,9.6145
-13.251,-6.4571,10.016
-12.421,-13.356,9.5355
-6.9099,-12.192,3.2435
-13.041,-6.7533,3.4055
-9.5156,-13.174,12.328
-3.158,-11.858,-0.080539
-9.5601,-5.7372,12.339
-12.024,-9.6348,-0.20054
-5.4942,-9.6687,6.4815
-12.476,-3.4144,6.5845
-7.151,-9.5478,12.595
-13.627,-3.4151,-0.071539
-12.833,-9.6999,6.4715
-9.3579,-12.398,7.0125
-3.1558,-13.428,5.7575
-9.3133,-6.7703,6.6795
-3.1584,-11.857,13.097
-12.024,-9.6335,12.977
-13.628,-3.4138,13.106
13.532,-12.693,-10.137
6.5769,-7.2552,-9.5683
0.67324,-12.732,-9.7183
6.8293,-12.72,-3.0403
12.026,-6.3897,-3.1593
0.11109,-12.911,-3.0003
12.856,-13.288,-3.6403
5.7934,-12.154,-9.4203
12.236,-6.686,-9.7703
3.3072,-13.428,-13.225
9.3501,-7.2114,-13.074
9.5644,-11.926,-13.338
13.253,-9.5674,-13.376
6.3159,-9.5879,-5.6633
12.802,-3.347,-6.5913
5.5671,-9.5745,-13.472
11.65,-3.3477,-13.247
12.444,-9.6325,-6.7043
2.9438,-12.298,-5.9403
9.4781,-6.652,-6.4733
9.3318,-12.93,-7.1643
13.532,-12.692,3.0399
6.5764,-7.2539,3.6089
0.6728,-12.73,3.4589
6.8289,-12.719,10.137
12.025,-6.3884,10.018
0.11065,-12.909,10.177
12.856,-13.287,9.5369
5.793,-12.153,3.7569
12.235,-6.6847,3.4069
3.3068,-13.427,-0.048097
9.3497,-7.21,0.1029
9.564,-11.924,-0.1611
13.253,-9.5661,-0.1991
6.3155,-9.5866,7.5139
12.801,-3.3457,6.5859
5.5667,-9.5732,-0.2951
11.649,-3.3464,-0.070097
12.444,-9.6312,6.4729
2.9433,-12.297,7.2369
9.4777,-6.6507,6.7039
9.3313,-12.929,6.0129
3.3063,-13.426,13.129
9.3493,-7.2087,13.28
9.5635,-11.923,13.016
13.253,-9.5648,12.978
5.5663,-9.5719,12.882
11.649,-3.3451,13.107
3.1595,-0.50397,-14.026
3.115,6.9327,-14.015
-5.4771,-3.4484,-13.664
5.5241,3.1221,-13.759
0.92957,-0.088997,-10.139
-6.0255,5.3487,-9.5702
6.2336,5.7849,-10.22
-11.929,-0.12789,-9.7202
-0.56808,-6.1828,-3.3352
-5.7731,-0.11657,-3.0422
6.9471,-0.47225,-3.5632
-0.57657,6.2142,-3.1612
-5.0455,-6.3681,-3.7422
-12.491,-0.30679,-3.0022
0.25358,-0.68438,-3.6422
6.5772,-5.9389,-2.8782
-0.032801,-6.3405,-10.068
-6.809,0.44982,-9.4222
5.7648,0.47952,-9.9342
-0.36655,5.9179,-9.7722
-3.3216,-7.3397,-13.209
-9.2952,-0.82439,-13.227
3.1591,-0.50265,-0.84922
-3.2523,5.3925,-13.076
2.9271,-6.1609,-13.24
-3.038,0.67821,-13.34
9.5167,0.81327,-13.258
3.1145,6.934,-0.83822
0.5647,-9.6491,-13.358
-5.4775,-3.447,-0.48722
6.6783,-3.1734,-12.878
0.65097,3.0364,-13.378
0.45935,-3.2759,-7.0332
-6.2865,3.0159,-5.6652
7.1804,3.0025,-6.6962
0.19913,9.2568,-6.5932
-0.36655,-3.2844,-13.193
-7.0353,3.0293,-13.474
5.5236,3.1234,-0.58222
-0.95275,9.2561,-13.249
-0.74203,-9.5614,-7.1542
-7.0621,-3.2993,-7.1632
5.8956,-3.2519,-7.1472
-0.15796,2.9714,-6.7062
-3.0995,-5.7303,-7.3382
-9.6586,0.30557,-5.9422
3.3168,0.27304,-6.1652
-3.1243,5.9518,-6.4752
3.058,-6.6707,-6.8132
-3.2706,-0.32659,-7.1662
9.5188,-0.75721,-7.4202
3.3613,5.9009,-6.4982
0.92914,-0.087681,3.038
-6.026,5.35,3.607
6.2331,5.7863,2.957
-11.93,-0.12657,3.457
-0.56851,-6.1815,9.842
-5.7735,-0.11526,10.135
6.9466,-0.47093,9.614
-0.577,6.2155,10.016
-5.0459,-6.3668,9.435
-12.492,-0.30547,10.175
0.25314,-0.68307,9.535
6.5768,-5.9376,10.299
-0.033234,-6.3392,3.109
-6.8094,0.45113,3.755
5.7643,0.48083,3.243
-0.36699,5.9192,3.405
-3.322,-7.3384,-0.032
-9.2956,-0.82307,-0.05
3.1586,-0.50134,12.328
-3.2527,5.3938,0.101
2.9267,-6.1596,-0.063
-3.0384,0.67953,-0.163
9.5162,0.81459,-0.081
3.1141,6.9353,12.339
0.56427,-9.6478,-0.181
-5.478,-3.4457,12.69
6.6779,-3.1721,0.299
0.65054,3.0377,-0.201
0.45891,-3.2746,6.144
-6.2869,3.0172,7.512
7.18,3.0038,6.481
0.1987,9.2581,6.584
-0.36699,-3.2831,-0.016
-7.0357,3.0307,-0.297
5.5232,3.1247,12.595
-0.95318,9.2574,-0.072
-0.74246,-9.5601,6.023
-7.0626,-3.2979,6.014
5.8951,-3.2506,6.03
-0.15839,2.9727,6.471
-3.1,-5.729,5.839
-9.6591,0.30688,7.235
3.3163,0.27436,7.012
-3.1247,5.9531,6.702
3.0575,-6.6694,6.364
-3.2711,-0.32527,6.011
9.5184,-0.7559,5.757
3.3609,5.9022,6.679
-3.3224,-7.337,13.145
-9.2961,-0.82176,13.127
-3.2531,5.3951,13.278
2.9263,-6.1583,13.114
-3.0389,0.68085,13.014
9.5158,0.8159,13.096
0.56384,-9.6464,12.996
6.6775,-3.1708,13.476
0.6501,3.039,12.976
-0.36742,-3.2818,13.161
-7.0361,3.032,12.88
-0.95361,9.2588,13.105
-9.4429,12.1,-14.028
-11.673,12.515,-10.141
-13.17,6.421,-3.3371
-5.6554,12.132,-3.5651
-12.349,11.919,-3.6441
-6.0252,6.665,-2.8801
-12.635,6.2633,-10.07
-6.8376,13.083,-9.9361
-9.4433,12.101,-0.85113
-9.6753,6.4429,-13.242
-3.0857,13.417,-13.26
-12.038,2.9548,-13.36
-5.9241,9.4304,-12.88
-12.143,9.3279,-7.0351
-12.969,9.3194,-13.195
-13.344,3.0424,-7.1561
-6.7068,9.352,-7.1491
-9.2856,12.877,-6.1671
-9.5444,5.9331,-6.8151
-3.0836,11.847,-7.4221
-11.673,12.516,3.0361
-13.171,6.4223,9.8401
-5.6558,12.133,9.6121
-12.349,11.921,9.5331
-6.0256,6.6663,10.297
-12.636,6.2646,3.1071
-6.8381,13.085,3.2411
-9.4438,12.103,12.326
-9.6757,6.4442,-0.064903
-3.0862,13.418,-0.082903
-12.038,2.9561,-0.1829
-5.9245,9.4318,0.2971
-12.143,9.3292,6.1421
-12.969,9.3207,-0.017903
-13.345,3.0438,6.0211
-6.7073,9.3533,6.0281
-9.2861,12.878,7.0101
-9.5449,5.9344,6.3621
-3.084,11.848,5.7551
-9.6761,6.4456,13.112
-3.0866,13.42,13.094
-12.039,2.9574,12.994
-5.9249,9.4331,13.474
-12.97,9.3221,13.159
13.347,-0.059201,-9.7188
12.785,-0.2381,-3.0008
13.347,-0.057885,3.4584
12.785,-0.23678,10.176
7.1971,9.2242,-13.665
13.604,12.584,-10.14
0.74505,12.545,-9.7207
12.106,6.4897,-3.3357
6.9011,12.556,-3.0427
7.6287,6.3044,-3.7427
0.1829,12.366,-3.0027
12.928,11.988,-3.6427
12.641,6.332,-10.069
5.8652,13.122,-9.4227
9.3527,5.3329,-13.21
3.379,11.848,-13.228
9.6362,13.351,-13.341
13.239,3.0235,-13.359
7.1967,9.2255,-0.48768
13.134,9.3966,-7.0337
12.308,9.3881,-13.194
11.932,3.1111,-7.1547
5.6121,9.3733,-7.1637
9.5747,6.9422,-7.3387
3.0156,12.978,-5.9427
9.4036,12.346,-7.1667
13.603,12.585,3.0375
0.74461,12.546,3.4565
12.106,6.491,9.8415
6.9007,12.557,10.135
7.6283,6.3057,9.4345
0.18246,12.367,10.175
12.927,11.989,9.5345
12.641,6.3333,3.1085
5.8648,13.124,3.7545
9.3522,5.3342,-0.032461
3.3786,11.849,-0.050461
9.6358,13.352,-0.16346
13.238,3.0248,-0.18146
7.1963,9.2268,12.69
13.133,9.3979,6.1435
12.307,9.3894,-0.016461
11.932,3.1124,6.0225
5.6116,9.3746,6.0135
9.5743,6.9436,5.8385
3.0151,12.979,7.2345
9.4031,12.347,6.0105
9.3518,5.3355,13.145
3.3782,11.851,13.127
9.6353,13.353,13.014
13.238,3.0261,12.996
12.307,9.3908,13.161
0,0,0
6.1688,0.0014142,0.293
0.031113,6.2042,-0.267
-6.294,-0.27648,-0.134
-0.26517,-0.16051,6.474
-0.26473,-0.16183,-6.7032
-0.13789,-6.7423,0.223
6.1568,6.0069,-0.053
-6.2027,5.992,0.128
0.21779,6.2112,6.385
-0.092198,-6.4339,-6.4172
6.4203,-0.1689,-6.5432
6.3997,-6.6118,0.1299
0.21822,6.2099,-6.7922
6.4198,-0.16758,6.634
-6.6556,-0.19718,-6.4072
-6.5174,-6.6657,-0.052539
-0.092631,-6.4326,6.76
-6.656,-0.19587,6.77
-6.3233,6.1876,6.5781
-6.3229,6.1862,-6.5991
6.561,5.9933,-6.5547
6.5606,5.9946,6.6225
6.2791,-6.4163,6.58
6.2795,-6.4176,-6.5972
-6.1132,-6.6792,-6.5542
-6.1136,-6.6779,6.623
12.456,-0.13576,0.034
-0.14601,12.468,0.032097
-0.21782,-12.808,0.034461
-12.82,-0.20445,0.032558
0.00043346,-0.0013159,-13.177
-0.00043346,0.0013159,13.177
12.287,0.096874,6.337
12.536,5.9303,0.22254
6.3803,12.396,-0.13446
-12.74,5.8616,0.2211
12.288,0.095558,-6.8402
-0.38682,-12.576,6.3375
-6.4336,12.605,0.2911
12.634,-6.3997,-0.2651
-0.31501,12.701,6.3351
-12.643,-6.4684,-0.26654
-6.5054,-12.671,0.29346
6.1692,9.8288e-05,-12.884
-0.38638,-12.577,-6.8398
0.030679,6.2055,12.91
6.3084,-12.88,-0.1321
-0.31457,12.699,-6.8421
-12.989,0.028187,6.3356
-6.2944,-0.27516,13.043
-0.13745,-6.7436,-12.954
-12.989,0.026871,-6.8417
-6.2935,-0.27779,-13.311
0.031546,6.2028,-13.444
6.1684,0.0027301,13.47
-0.13832,-6.7409,13.4
6.0186,12.475,-6.4077
-6.1821,12.435,-6.5451
-6.1826,12.436,6.6321
-12.456,-6.4613,6.3855
6.0182,12.477,6.7695
12.582,6.2387,-6.4177
5.9468,-12.801,-6.4053
-12.695,6.17,-6.4191
12.582,6.24,6.7595
-12.456,-6.4626,-6.7918
-6.2023,5.9907,-13.049
-12.695,6.1713,6.7581
5.9464,-12.8,6.7719
12.82,-6.3926,6.3869
6.1563,6.0082,13.124
-6.254,-12.841,-6.5428
-6.2544,-12.84,6.6345
6.1572,6.0056,-13.23
12.821,-6.3939,-6.7903
-6.2032,5.9933,13.305
6.4001,-6.6131,-13.047
-6.5179,-6.6643,13.125
6.3992,-6.6105,13.307
-6.517,-6.667,-13.23
12.602,-12.604,0.001903
-12.602,12.604,-0.001903
-12.674,-12.673,0.000461
12.674,12.673,-0.000461
12.457,-0.13708,-13.143
-0.14558,12.467,-13.145
12.456,-0.13445,13.211
-0.14644,12.469,13.209
-0.21738,-12.81,-13.143
-12.82,-0.20577,-13.145
-0.21825,-12.807,13.212
-12.821,-0.20314,13.21
12.409,12.512,6.4735
12.409,12.511,-6.7037
12.337,-12.764,6.4759
12.338,-12.766,-6.7013
12.537,5.929,-12.955
-12.868,12.443,6.4721
-12.74,5.8603,-12.956
6.3798,12.397,13.043
-12.867,12.442,-6.7051
-6.4332,12.604,-12.886
12.633,-6.3984,12.912
-12.644,-6.4671,12.911
-6.505,-12.672,-12.884
6.3807,12.395,-13.312
12.536,5.9316,13.4
-12.939,-12.833,6.4745
6.308,-12.879,13.045
-12.741,5.8629,13.398
-12.939,-12.834,-6.7028
12.634,-6.401,-13.442
-6.434,12.607,13.468
-12.643,-6.4697,-13.444
6.3089,-12.882,-13.309
-6.5058,-12.67,13.471
12.603,-12.605,-13.175
-12.603,12.605,13.175
-12.602,12.603,-13.179
12.602,-12.603,13.179
-12.675,-12.671,13.178
12.675,12.671,-13.178
-12.674,-12.674,-13.177
12.674,12.674,13.177
