-8.6251,-8.4229,-3.1433
-9.8682,-9.0607,-9.0823
-3.5891,-8.5997,-9.3153
-9.6101,-2.5815,-9.3163
-8.6251,-8.4229,8.904
-9.8682,-9.0607,2.965
-3.5891,-8.5997,2.732
-9.6101,-2.5815,2.731
8.4359,-8.4048,-3.5813
3.4225,-8.4091,-3.1433
9.4506,-2.3781,-3.1443
8.4578,-8.5908,-9.3183
8.4359,-8.4048,8.466
3.4225,-8.4091,8.904
9.4506,-2.3781,8.903
8.4578,-8.5908,2.729
2.4155,-2.3844,-3.5803
-3.6027,3.6338,-3.5813
-3.6289,-8.4315,-3.5813
-9.6393,-2.4013,-3.5823
-2.5986,-2.3907,-3.1423
-8.6161,3.6296,-3.1433
3.433,3.6352,-3.1433
-2.588,9.6605,-3.1443
2.1807,-9.0496,-9.0853
-3.8403,-3.03,-9.0813
8.2102,-3.0215,-9.0863
2.1899,2.9974,-9.0823
8.469,3.4585,-9.3153
2.448,9.4766,-9.3163
2.4388,-2.5703,-9.3163
-3.5808,3.4479,-9.3183
2.4155,-2.3844,8.467
-3.6027,3.6338,8.466
-3.6289,-8.4315,8.466
-9.6393,-2.4013,8.465
-2.5986,-2.3907,8.905
-8.6161,3.6296,8.904
3.433,3.6352,8.904
-2.588,9.6605,8.903
2.1807,-9.0496,2.962
-3.8403,-3.03,2.966
8.2102,-3.0215,2.961
2.1899,2.9974,2.965
8.469,3.4585,2.732
2.448,9.4766,2.731
2.4388,-2.5703,2.731
-3.5808,3.4479,2.729
-9.6232,9.6543,-3.5803
-9.8579,2.9891,-9.0853
-3.8284,9.0172,-9.0863
-9.5998,9.4683,-9.3163
-9.6232,9.6543,8.467
-9.8579,2.9891,2.962
-3.8284,9.0172,2.961
-9.5998,9.4683,2.731
8.4292,3.6266,-3.5813
2.4188,9.6568,-3.5823
9.4595,9.6674,-3.1423
8.2178,9.0282,-9.0813
8.4292,3.6266,8.466
2.4188,9.6568,8.465
9.4595,9.6674,8.905
8.2178,9.0282,2.966
-9.8491,-9.2665,-2.9873
-8.5799,-8.3069,-9.1633
-9.8491,-9.2665,9.06
-8.5799,-8.3069,2.884
9.0172,-8.7485,-2.2463
9.6133,-9.5242,-9.1953
9.0172,-8.7485,9.801
9.6133,-9.5242,2.852
-3.0314,-8.7561,-2.2483
-9.0517,-2.74,-2.2493
2.9988,-2.7287,-2.2473
-3.0215,3.2902,-2.2463
2.1991,-9.2546,-2.9873
-3.8205,-3.2378,-2.9863
8.2293,-3.2258,-2.9883
2.209,2.7917,-2.9873
3.4698,-8.2965,-9.1623
-2.5505,-2.279,-9.1653
9.4979,-2.2656,-9.1613
3.4783,3.7512,-9.1633
-2.4275,-9.5254,-9.1973
-8.4542,-3.5143,-9.1943
3.5956,-3.5023,-9.1963
-2.4254,2.5145,-9.1953
-3.0314,-8.7561,9.799
-9.0517,-2.74,9.798
2.9988,-2.7287,9.8
-3.0215,3.2902,9.801
2.1991,-9.2546,9.06
-3.8205,-3.2378,9.061
8.2293,-3.2258,9.059
2.209,2.7917,9.06
3.4698,-8.2965,2.885
-2.5505,-2.279,2.882
9.4979,-2.2656,2.886
3.4783,3.7512,2.884
-2.4275,-9.5254,2.85
-8.4542,-3.5143,2.853
3.5956,-3.5023,2.851
-2.4254,2.5145,2.852
-9.0398,9.3099,-2.2473
-9.8395,2.784,-2.9873
-3.8093,8.8128,-2.9883
-8.5689,3.7421,-9.1623
-2.5408,9.7731,-9.1613
-8.443,8.5363,-9.1963
-9.0398,9.3099,9.8
-9.8395,2.784,9.06
-3.8093,8.8128,9.059
-8.5689,3.7421,2.885
-2.5408,9.7731,2.886
-8.443,8.5363,2.851
9.0268,3.302,-2.2483
3.0064,9.3181,-2.2493
8.2376,8.8203,-2.9863
9.5076,9.7791,-9.1653
9.6306,2.5327,-9.1973
3.604,8.5438,-9.1943
9.0268,3.302,9.799
3.0064,9.3181,9.798
8.2376,8.8203,9.061
9.5076,9.7791,2.882
9.6306,2.5327,2.85
3.604,8.5438,2.853
-9.1045,-11.721,-12.546
-5.9127,-9.0692,-12.736
-11.931,-3.0482,-12.738
-11.957,-12.039,-9.2573
-5.9035,-12.755,-2.9503
-11.922,-6.7343,-2.9503
-12.897,-11.174,-3.2193
-6.9076,-11.239,-9.1273
-12.924,-5.219,-9.1283
-9.1045,-11.721,-0.49833
-3.0715,-12.152,-11.761
-9.0911,-6.134,-11.76
-12.545,-9.0826,-11.822
-6.1043,-8.6626,-6.1673
-12.122,-2.643,-6.1653
-5.9127,-9.0692,-0.68833
-11.931,-3.0482,-0.69033
-12.732,-8.6704,-6.6063
-3.244,-12.011,-6.8153
-9.2636,-5.9926,-6.8123
-9.3336,-11.179,-5.6843
-11.957,-12.039,2.79
-5.9035,-12.755,9.097
-11.922,-6.7343,9.097
-12.897,-11.174,8.828
-6.9076,-11.239,2.92
-12.924,-5.219,2.919
-9.1045,-11.721,11.549
-3.0715,-12.152,0.286
-9.0911,-6.134,0.287
-12.545,-9.0826,0.225
-6.1043,-8.6626,5.88
-12.122,-2.643,5.882
-5.9127,-9.0692,11.359
-11.931,-3.0482,11.357
-12.732,-8.6704,5.441
-3.244,-12.011,5.232
-9.2636,-5.9926,5.235
-9.3336,-11.179,6.363
-3.0715,-12.152,12.333
-9.0911,-6.134,12.334
-12.545,-9.0826,12.272
2.9445,-11.711,-12.545
8.9733,-5.6824,-12.545
6.1364,-9.0582,-12.739
12.166,-3.0287,-12.738
0.091356,-12.027,-9.2573
12.14,-12.02,-9.2573
6.1209,-5.9992,-9.2573
6.1435,-12.744,-2.9513
12.175,-6.7148,-2.9503
11.199,-11.154,-3.2193
5.1422,-11.229,-9.1273
11.173,-5.1995,-9.1283
2.9445,-11.711,-0.49733
8.9733,-5.6824,-0.49733
8.9776,-12.143,-11.761
11.552,-9.0631,-11.822
5.9448,-8.653,-6.1643
11.974,-2.6235,-6.1653
6.1364,-9.0582,-0.69133
12.166,-3.0287,-0.69033
11.365,-8.6509,-6.6063
8.8029,-12.002,-6.8113
2.7161,-11.17,-5.6853
8.7449,-5.1387,-5.6873
0.091356,-12.027,2.79
12.14,-12.02,2.79
6.1209,-5.9992,2.79
6.1435,-12.744,9.096
12.175,-6.7148,9.097
11.199,-11.154,8.828
5.1422,-11.229,2.92
11.173,-5.1995,2.919
2.9445,-11.711,11.55
8.9733,-5.6824,11.55
8.9776,-12.143,0.286
11.552,-9.0631,0.225
5.9448,-8.653,5.883
11.974,-2.6235,5.882
6.1364,-9.0582,11.356
12.166,-3.0287,11.357
11.365,-8.6509,5.441
8.8029,-12.002,5.236
2.7161,-11.17,6.362
8.7449,-5.1387,6.36
8.9776,-12.143,12.333
11.552,-9.0631,12.272
-3.0752,-5.6929,-12.546
-9.0941,0.32739,-12.545
2.9536,0.33729,-12.546
-3.0653,6.3562,-12.545
0.11667,-3.0384,-12.738
-5.9022,2.9805,-12.739
6.1455,2.9889,-12.736
0.12728,9.01,-12.738
-5.9277,-6.0083,-9.2563
-11.947,0.011314,-9.2573
0.10112,0.019092,-9.2573
-5.9178,6.0394,-9.2573
0.12374,-6.7267,-2.9503
-5.8951,-0.70499,-2.9513
6.1547,-0.69721,-2.9503
0.13647,5.3238,-2.9503
-0.84853,-11.165,-3.2193
-6.8681,-5.1456,-3.2183
5.181,-5.1343,-3.2193
-0.83934,0.88459,-3.2193
-0.87823,-5.21,-9.1273
-6.8964,0.80964,-9.1273
5.1506,0.81883,-9.1273
-0.8655,6.8391,-9.1283
-3.0752,-5.6929,-0.49833
-9.0941,0.32739,-0.49733
2.9536,0.33729,-0.49833
-3.0653,6.3562,-0.49733
2.9585,-6.125,-11.761
-3.0611,-0.10394,-11.761
8.9866,-0.094045,-11.761
2.967,5.9241,-11.76
-0.49568,-9.0729,-11.825
-6.5174,-3.054,-11.823
5.5324,-3.0448,-11.823
-0.48649,2.9755,-11.822
-0.074953,-2.6333,-6.1653
-6.0938,3.3856,-6.1643
5.9538,3.3955,-6.1673
-0.064347,9.4151,-6.1653
0.11667,-3.0384,-0.69033
-5.9022,2.9805,-0.69133
6.1455,2.9889,-0.68833
0.12728,9.01,-0.69033
-0.68024,-8.6606,-6.6053
-6.702,-2.6418,-6.6063
5.3471,-2.6319,-6.6063
-0.67387,3.3877,-6.6063
2.7846,-5.9821,-6.8133
-3.2357,0.03677,-6.8113
8.8141,0.047376,-6.8153
2.7945,6.0656,-6.8123
-3.3036,-5.152,-5.6823
-9.3225,0.86833,-5.6853
2.7245,0.87893,-5.6843
-3.2937,6.8999,-5.6873
-5.9277,-6.0083,2.791
-11.947,0.011314,2.79
0.10112,0.019092,2.79
-5.9178,6.0394,2.79
0.12374,-6.7267,9.097
-5.8951,-0.70499,9.096
6.1547,-0.69721,9.097
0.13647,5.3238,9.097
-0.84853,-11.165,8.828
-6.8681,-5.1456,8.829
5.181,-5.1343,8.828
-0.83934,0.88459,8.828
-0.87823,-5.21,2.92
-6.8964,0.80964,2.92
5.1506,0.81883,2.92
-0.8655,6.8391,2.919
-3.0752,-5.6929,11.549
-9.0941,0.32739,11.55
2.9536,0.33729,11.549
-3.0653,6.3562,11.55
2.9585,-6.125,0.286
-3.0611,-0.10394,0.286
8.9866,-0.094045,0.286
2.967,5.9241,0.287
-0.49568,-9.0729,0.222
-6.5174,-3.054,0.224
5.5324,-3.0448,0.224
-0.48649,2.9755,0.225
-0.074953,-2.6333,5.882
-6.0938,3.3856,5.883
5.9538,3.3955,5.88
-0.064347,9.4151,5.882
0.11667,-3.0384,11.357
-5.9022,2.9805,11.356
6.1455,2.9889,11.359
0.12728,9.01,11.357
-0.68024,-8.6606,5.442
-6.702,-2.6418,5.441
5.3471,-2.6319,5.441
-0.67387,3.3877,5.441
2.7846,-5.9821,5.234
-3.2357,0.03677,5.236
8.8141,0.047376,5.232
2.7945,6.0656,5.235
-3.3036,-5.152,6.365
-9.3225,0.86833,6.362
2.7245,0.87893,6.363
-3.2937,6.8999,6.36
2.9585,-6.125,12.333
-3.0611,-0.10394,12.333
8.9866,-0.094045,12.333
2.967,5.9241,12.334
-0.49568,-9.0729,12.269
-6.5174,-3.054,12.271
5.5324,-3.0448,12.271
-0.48649,2.9755,12.272
-9.085,12.376,-12.546
-11.922,9.0002,-12.738
-11.938,12.058,-9.2573
-11.915,5.3119,-2.9503
-5.884,11.341,-2.9503
-12.887,0.87342,-3.2193
-6.8577,6.9043,-3.2193
-12.878,12.923,-3.2193
-12.917,6.8287,-9.1273
-6.8881,12.857,-9.1273
-9.085,12.376,-0.49833
-9.0801,5.9137,-11.761
-3.052,11.945,-11.761
-12.534,2.9657,-11.825
-6.5062,8.9938,-11.823
-12.114,9.4054,-6.1653
-11.922,9.0002,-0.69033
-12.719,3.378,-6.6053
-6.6915,9.4068,-6.6063
-9.254,6.0565,-6.8133
-3.2245,12.086,-6.8153
-9.3141,12.918,-5.6843
-11.938,12.058,2.79
-11.915,5.3119,9.097
-5.884,11.341,9.097
-12.887,0.87342,8.828
-6.8577,6.9043,8.828
-12.878,12.923,8.828
-12.917,6.8287,2.92
-6.8881,12.857,2.92
-9.085,12.376,11.549
-9.0801,5.9137,0.286
-3.052,11.945,0.286
-12.534,2.9657,0.222
-6.5062,8.9938,0.224
-12.114,9.4054,5.882
-11.922,9.0002,11.357
-12.719,3.378,5.442
-6.6915,9.4068,5.441
-9.254,6.0565,5.234
-3.2245,12.086,5.232
-9.3141,12.918,6.363
-9.0801,5.9137,12.333
-3.052,11.945,12.333
-12.534,2.9657,12.269
-6.5062,8.9938,12.271
12.149,0.030802,-9.2573
12.149,0.030802,2.79
8.9829,6.3652,-12.546
2.964,12.386,-12.545
12.175,9.0197,-12.738
6.1304,6.0498,-9.2563
0.11084,12.069,-9.2573
12.159,12.077,-9.2573
12.182,5.3314,-2.9503
6.163,11.353,-2.9513
11.21,0.8929,-3.2193
5.19,6.9125,-3.2183
11.219,12.943,-3.2193
11.18,6.8482,-9.1273
5.1617,12.868,-9.1273
8.9829,6.3652,-0.49833
2.964,12.386,-0.49733
8.9971,11.954,-11.761
11.562,2.9852,-11.825
5.5407,9.0041,-11.823
11.983,9.4249,-6.1653
12.175,9.0197,-0.69033
11.378,3.3975,-6.6053
5.3562,9.4164,-6.6063
8.8224,12.095,-6.8113
8.7545,6.9061,-5.6823
2.7356,12.926,-5.6853
6.1304,6.0498,2.791
0.11084,12.069,2.79
12.159,12.077,2.79
12.182,5.3314,9.097
6.163,11.353,9.096
11.21,0.8929,8.828
5.19,6.9125,8.829
11.219,12.943,8.828
11.18,6.8482,2.92
5.1617,12.868,2.92
8.9829,6.3652,11.549
2.964,12.386,11.55
8.9971,11.954,0.286
11.562,2.9852,0.222
5.5407,9.0041,0.224
11.983,9.4249,5.882
12.175,9.0197,11.357
11.378,3.3975,5.442
5.3562,9.4164,5.441
8.8224,12.095,5.236
8.7545,6.9061,6.365
2.7356,12.926,6.362
8.9971,11.954,12.333
11.562,2.9852,12.269
5.5407,9.0041,12.271
-0.82904,12.932,-3.2193
-0.82904,12.932,8.828
0,0,0
-0.029698,-5.992,-0.195
5.9991,0.03677,-0.195
-0.21284,0.37547,-5.9903
-6.0486,0.028284,-0.195
-0.019799,6.0571,-0.193
-0.21284,0.37547,6.057
-0.2291,-5.613,5.665
5.8004,0.41649,5.664
-6.2487,0.40659,5.665
-0.2291,-5.613,-6.3823
-6.0196,6.0182,0
6.019,-6.0204,0
6.0286,6.0286,0
-6.0295,-6.0295,0
-0.2192,6.4361,5.664
5.8004,0.41649,-6.3833
-6.2487,0.40659,-6.3823
-0.2192,6.4361,-6.3833
5.8068,-5.6427,-5.9903
5.8068,-5.6427,6.057
-6.2409,-5.6526,-5.9893
-6.2409,-5.6526,6.058
5.8172,6.4055,-5.9893
5.8172,6.4055,6.058
-6.2319,6.3959,-5.9903
-6.2319,6.3959,6.057
0,0,-12.047
0,0,12.047
-12.048,-0.0098995,-0.001
0.010435,12.048,-0.001
-0.0090531,-12.049,-0.001
12.049,0.0095891,-0.001
-0.22274,-11.672,-5.9903
-0.22274,-11.672,6.057
11.835,0.38591,-5.9903
-0.029698,-5.992,11.852
5.9991,0.03677,11.852
11.835,0.38591,6.057
-6.0486,0.028284,11.852
-0.019799,6.0571,11.854
5.99,-12.01,-0.195
12.019,-5.9816,-0.193
-6.059,-12.021,-0.195
12.028,6.0661,-0.195
-12.078,-6.001,-0.193
6.0095,12.086,-0.195
-12.068,6.0466,-0.195
-6.0395,12.075,-0.195
-0.029698,-5.992,-12.242
5.9991,0.03677,-12.242
-12.261,0.36642,-5.9903
-6.0486,0.028284,-12.242
-0.019799,6.0571,-12.24
-12.261,0.36642,6.057
-0.20325,12.425,-5.9903
-0.20325,12.425,6.057
5.7899,-11.632,5.665
11.819,-5.6025,5.664
-6.2577,-11.642,5.664
5.7899,-11.632,-6.3823
11.819,-5.6025,-6.3833
11.829,6.4451,5.665
-12.277,-5.622,5.664
-6.2577,-11.642,-6.3833
-6.0196,6.0182,-12.047
-6.0196,6.0182,12.047
6.019,-6.0204,-12.047
6.019,-6.0204,12.047
6.0286,6.0286,-12.047
6.0286,6.0286,12.047
-6.0295,-6.0295,-12.047
-6.0295,-6.0295,12.047
5.8094,12.465,5.665
11.829,6.4451,-6.3823
-12.277,-5.622,-6.3833
-12.268,6.4256,5.665
-6.2382,12.455,5.664
5.8094,12.465,-6.3823
-12.268,6.4256,-6.3823
-6.2382,12.455,-6.3833
12.039,-12.039,0
-12.039,12.039,0
-12.048,-0.0098995,12.046
0.010435,12.048,12.046
-0.0090531,-12.049,12.046
12.049,0.0095891,12.046
-12.048,-0.0098995,-12.048
0.010435,12.048,-12.048
-0.0090531,-12.049,-12.048
12.049,0.0095891,-12.048
12.058,12.058,0
-12.058,-12.058,0
11.826,-11.663,-5.9903
11.826,-11.663,6.057
5.99,-12.01,11.852
12.019,-5.9816,11.854
-6.059,-12.021,11.852
12.028,6.0661,11.852
-12.078,-6.001,11.854
6.0095,12.086,11.852
-12.068,6.0466,11.852
-6.0395,12.075,11.852
-12.271,-11.683,-5.9903
-12.271,-11.683,6.057
5.99,-12.01,-12.242
12.019,-5.9816,-12.24
11.845,12.434,-5.9903
-6.059,-12.021,-12.242
12.028,6.0661,-12.242
11.845,12.434,6.057
-12.078,-6.001,-12.24
6.0095,12.086,-12.242
-12.068,6.0466,-12.242
-6.0395,12.075,-12.242
-12.251,12.414,-5.9903
-12.251,12.414,6.057
12.039,-12.039,-12.047
12.039,-12.039,12.047
-12.039,12.039,-12.047
-12.039,12.039,12.047
12.058,12.058,-12.047
12.058,12.058,12.047
-12.058,-12.058,-12.047
-12.058,-12.058,12.047
