-10.008,-9.9812,-3.6358
-3.0741,-10.222,-10.392
-10.301,-3.3004,-10.692
-10.282,-9.7931,-11.082
-10.008,-9.9799,9.5415
-3.0745,-10.22,2.7855
-10.301,-3.2991,2.4855
-10.283,-9.7918,2.0955
9.8253,-9.7654,-4.3233
2.9812,-9.9005,-3.2093
9.6542,-10.235,-10.428
9.6952,-3.2303,-10.326
9.8249,-9.7641,8.8539
2.9808,-9.8992,9.9679
9.6538,-10.234,2.7489
9.6948,-3.229,2.8509
-3.1964,-8.9795,-2.9392
-9.5285,-3.4082,-3.5942
4.0189,-3.9788,-3.5352
-2.7771,2.8384,-4.3252
-9.6212,2.7034,-3.2112
-3.4015,-3.2095,-4.1242
8.5076,-3.1614,-3.7372
2.6662,2.6913,-3.6362
3.7375,-4.3465,-10.794
-2.9482,2.3689,-10.43
9.6001,2.4509,-10.392
2.3735,9.3721,-10.692
3.5565,-8.8182,-10.725
-3.1441,-3.3481,-9.0362
-2.9072,9.3735,-10.328
2.3919,2.8794,-11.082
-3.1968,-8.9781,10.238
-9.529,-3.4068,9.583
4.0185,-3.9775,9.642
-2.7775,2.8397,8.852
-9.6216,2.7047,9.966
-3.4019,-3.2081,9.053
8.5072,-3.1601,9.44
2.6658,2.6927,9.541
3.7371,-4.3452,2.383
-2.9486,2.3702,2.747
9.5997,2.4522,2.785
2.3731,9.3734,2.485
3.556,-8.8169,2.452
-3.1445,-3.3467,4.141
-2.9076,9.3748,2.849
2.3914,2.8808,2.095
-8.5835,8.6251,-3.5371
-4.0948,9.4425,-3.7391
-8.8649,8.2574,-10.796
-9.0459,3.7856,-10.727
-8.5839,8.6264,9.6401
-4.0952,9.4438,9.4381
-8.8653,8.2587,2.3811
-9.0464,3.7869,2.4501
9.4778,3.6931,-2.9397
3.1457,9.2644,-3.5947
9.2728,9.4631,-4.1247
9.5301,9.3245,-9.0367
9.4774,3.6944,10.238
3.1452,9.2657,9.5825
9.2723,9.4644,9.0525
9.5297,9.3258,4.1405
-2.705,-10.315,-3.3338
-10.057,-3.415,-2.2028
-8.7762,-9.9897,-4.4508
-9.653,-3.4772,-9.3398
-10.156,-9.9755,-9.5978
-2.7054,-10.314,9.8435
-10.058,-3.4137,10.974
-8.7766,-9.9884,8.7265
-9.6535,-3.4759,3.8375
-10.157,-9.9742,3.5795
8.713,-9.8057,-3.3543
3.8927,-9.7951,-2.0343
9.6401,-9.1092,-9.4303
3.339,-9.7265,-9.5233
8.7126,-9.8044,9.8229
3.8923,-9.7938,11.143
9.6396,-9.1079,3.7469
3.3386,-9.7252,3.6539
2.9993,-2.9606,-3.9992
-3.8894,2.7981,-3.3562
9.9692,2.3576,-3.3342
2.6167,9.2575,-2.2032
-4.3553,-4.3981,-4.0412
-8.7097,2.8087,-2.0362
3.898,2.6829,-4.4512
9.4127,-2.3906,-2.8182
-2.7021,-9.6137,-9.0642
3.0212,9.1953,-9.3402
2.8204,-3.1932,-10.467
-2.9623,3.4946,-9.4322
-3.1179,-4.3939,-10.154
-9.2634,2.8773,-9.5252
2.5177,2.697,-9.5982
8.4398,-2.8022,-9.6462
2.9988,-2.9592,9.178
-3.8898,2.7994,9.821
9.9688,2.3589,9.843
2.6163,9.2589,10.974
-4.3558,-4.3968,9.136
-8.7101,2.81,11.141
3.8976,2.6842,8.726
9.4123,-2.3893,10.359
-2.7026,-9.6124,4.113
3.0208,9.1966,3.837
2.8199,-3.1919,2.71
-2.9628,3.4959,3.745
-3.1183,-4.3925,3.023
-9.2638,2.8786,3.652
2.5173,2.6983,3.579
8.4393,-2.8008,3.531
-9.6031,9.6433,-4.0011
-3.1897,10.213,-2.8201
-9.782,9.4107,-10.469
-4.1626,9.8017,-9.6481
-9.6036,9.6446,9.1761
-3.1901,10.215,10.357
-9.7825,9.412,2.7081
-4.1631,9.803,3.5291
8.3189,8.2744,-4.0417
9.9721,3.0588,-9.0647
9.5563,8.2787,-10.155
8.3184,8.2757,9.1355
9.9716,3.0601,4.1125
9.5559,8.28,3.0225
-0.17673,-13.099,-3.3889
-0.17717,-13.098,9.7884
-9.3796,-12.627,-14.32
-13.383,-9.88,-14.201
-12.187,-13.236,-10.234
-5.8247,-11.964,-4.0158
-11.648,-6.3997,-4.1258
-6.7885,-7.2737,-3.4298
-12.779,-0.49535,-3.3908
-12.933,-13.499,-3.7598
-7.4666,-13.234,-10.227
-13.517,-6.894,-10.882
-9.3801,-12.626,-1.1428
-3.2247,-12.322,-13.388
-9.7485,-6.4407,-13.265
-13.383,-9.8787,-1.0238
-6.884,-9.5993,-7.9518
-12.6,-3.5946,-7.5238
-6.4505,-9.3455,-12.504
-13.025,-3.3443,-13.482
-12.8,-9.762,-7.1408
-9.5604,-12.849,-6.3658
-3.1561,-12.858,-7.6288
-10.048,-6.679,-8.5628
-12.187,-13.235,2.9435
-5.8252,-11.963,9.1615
-11.648,-6.3984,9.0515
-6.789,-7.2724,9.7475
-12.78,-0.49403,9.7865
-12.934,-13.498,9.4175
-7.4671,-13.233,2.9505
-13.517,-6.8926,2.2955
-9.3805,-12.624,12.034
-3.2251,-12.321,-0.21054
-9.7489,-6.4394,-0.087539
-13.383,-9.8773,12.153
-6.8844,-9.598,5.2255
-12.601,-3.5933,5.6535
-6.451,-9.3442,0.67346
-13.025,-3.343,-0.30454
-12.8,-9.7607,6.0365
-9.5608,-12.847,6.8115
-3.1566,-12.856,5.5485
-10.048,-6.6777,4.6145
-3.2256,-12.32,12.967
-9.7493,-6.4381,13.09
-6.4514,-9.3429,13.851
-13.025,-3.3417,12.873
11.894,-9.8113,-14.2
13.09,-13.167,-10.232
6.8894,-6.425,-10.335
0.79274,-12.129,-9.9893
6.3591,-12.048,-3.1163
13.629,-6.331,-4.1243
12.497,-0.42666,-3.3893
12.343,-13.43,-3.7583
5.7828,-7.4991,-3.8023
5.2708,-13.569,-10.113
11.76,-6.8253,-10.88
3.0307,-12.875,-13.802
9.4187,-6.0977,-2.1743
9.534,-13.677,-13.169
11.894,-9.81,-1.0223
6.5231,-9.4585,-7.6873
12.676,-3.5259,-7.5223
7.0252,-9.5406,-13.063
12.252,-3.2756,-13.48
12.477,-9.6933,-7.1393
3.0039,-12.853,-5.9903
9.2222,-6.0001,-7.0233
8.9711,-12.834,-7.1883
13.09,-13.166,2.9449
6.889,-6.4237,2.8419
0.79231,-12.127,3.1879
6.3586,-12.047,10.061
13.628,-6.3297,9.0529
12.497,-0.42535,9.7879
12.343,-13.429,9.4189
5.7824,-7.4978,9.3749
5.2704,-13.568,3.0639
11.76,-6.824,2.2969
3.0303,-12.873,-0.6251
9.4183,-6.0963,11.003
9.5336,-13.676,0.007903
11.893,-9.8087,12.155
6.5227,-9.4572,5.4899
12.676,-3.5246,5.6549
7.0247,-9.5392,0.1139
12.252,-3.2743,-0.3031
12.477,-9.692,6.0379
3.0034,-12.852,7.1869
9.2217,-5.9988,6.1539
8.9707,-12.833,5.9889
3.0299,-12.872,12.552
9.5331,-13.675,13.185
7.0243,-9.5379,13.291
12.251,-3.273,12.874
3.2946,0.045451,-14.32
-0.35339,-9.5832,-13.892
-6.4748,-3.2327,-14.162
6.1584,-3.1464,-13.872
-0.70836,2.7926,-14.201
0.48763,-0.56347,-10.234
-5.713,6.1788,-10.337
-6.5643,-5.6638,-10.069
-11.81,0.47527,-9.9912
0.019525,-5.5783,-3.3982
-6.2433,0.55588,-3.1182
6.8495,0.70862,-4.0162
1.0264,6.2728,-4.1262
5.8857,5.3989,-3.4302
-0.10493,12.177,-3.3912
-0.25907,-0.82651,-3.7602
-6.8196,5.1047,-3.8042
-0.85729,-7.1664,-10.408
-7.3316,-0.9651,-10.115
5.2076,-0.56134,-10.227
-0.84244,5.7786,-10.882
-3.2961,-5.5422,-13.819
-9.5717,-0.27072,-13.804
3.2941,0.046767,-1.1432
-3.1837,6.5062,-2.1762
3.5254,-6.6969,-13.775
-3.0684,-1.0733,-13.171
9.4495,0.35012,-13.388
2.9257,6.2318,-13.265
-0.35383,-9.5819,-0.71522
-6.4753,-3.2314,-0.98522
6.1579,-3.1451,-0.69522
-0.70879,2.7939,-1.0242
0.40843,-3.5093,-7.1622
-6.0793,3.1453,-7.6892
5.7902,3.0732,-7.9522
0.073973,9.0779,-7.5242
0.32995,-3.5312,-12.463
-5.5772,3.0633,-13.065
6.2237,3.327,-12.504
-0.35029,9.3283,-13.482
-0.50868,-9.7212,-5.9862
-7.0473,-3.1147,-6.5022
6.218,-3.1444,-6.9382
-0.12543,2.9105,-7.1412
-3.4898,-6.7697,-6.5872
-9.5985,-0.24951,-5.9922
3.1138,-0.17597,-6.3662
-3.3802,6.6038,-7.0252
2.6217,-6.8044,-6.8872
-3.6313,-0.23042,-7.1902
9.5181,-0.18516,-7.6292
2.6266,5.9935,-8.5632
0.4872,-0.56215,2.943
-5.7134,6.1801,2.84
-6.5648,-5.6625,3.108
-11.81,0.47659,3.186
0.019092,-5.577,9.779
-6.2438,0.5572,10.059
6.849,0.70994,9.161
1.026,6.2742,9.051
5.8852,5.4002,9.747
-0.10536,12.179,9.786
-0.25951,-0.82519,9.417
-6.82,5.106,9.373
-0.85772,-7.1651,2.769
-7.332,-0.96379,3.062
5.2071,-0.56003,2.95
-0.84287,5.7799,2.295
-3.2965,-5.5409,-0.642
-9.5721,-0.26941,-0.627
3.2937,0.048083,12.034
-3.1841,6.5075,11.001
3.5249,-6.6956,-0.598
-3.0688,-1.072,0.006
9.4491,0.35143,-0.211
2.9253,6.2331,-0.088
-0.35426,-9.5806,12.462
-6.4757,-3.2301,12.192
6.1575,-3.1438,12.482
-0.70923,2.7952,12.153
0.408,-3.508,6.015
-6.0797,3.1466,5.488
5.7898,3.0745,5.225
0.073539,9.0793,5.653
0.32951,-3.5299,0.714
-5.5777,3.0646,0.112
6.2232,3.3284,0.673
-0.35072,9.3296,-0.305
-0.50912,-9.7199,7.191
-7.0477,-3.1134,6.675
6.2176,-3.1431,6.239
-0.12587,2.9119,6.036
-3.4903,-6.7684,6.59
-9.599,-0.24819,7.185
3.1134,-0.17466,6.811
-3.3807,6.6051,6.152
2.6212,-6.8031,6.29
-3.6317,-0.2291,5.987
9.5177,-0.18385,5.548
2.6262,5.9949,4.614
-3.297,-5.5396,12.535
-9.5725,-0.26809,12.55
3.5245,-6.6943,12.579
-3.0693,-1.0707,13.183
9.4486,0.35275,12.966
2.9249,6.2345,13.089
0.32908,-3.5286,13.891
-5.5781,3.0659,13.289
6.2228,3.3297,13.85
-0.35116,9.3309,12.872
-9.3078,12.649,-14.322
-12.956,3.0206,-13.894
-6.4441,9.4574,-13.874
-12.115,12.04,-10.236
-12.583,7.0256,-3.4001
-5.7529,13.312,-4.0181
-12.861,11.777,-3.7621
-13.46,5.4374,-10.41
-7.3948,12.043,-10.229
-9.3083,12.651,-1.1451
-9.077,5.9069,-13.777
-3.1529,12.954,-13.39
-12.956,3.0219,-0.71713
-6.4445,9.4587,-0.69713
-12.194,9.0946,-7.1641
-12.272,9.0727,-12.465
-13.111,2.8826,-5.9881
-6.3844,9.4594,-6.9401
-9.4886,12.428,-6.3681
-9.9807,5.7995,-6.8891
-3.0843,12.419,-7.6311
-12.115,12.042,2.9411
-12.583,7.0269,9.7771
-5.7534,13.314,9.1591
-12.862,11.779,9.4151
-13.46,5.4387,2.7671
-7.3953,12.044,2.9481
-9.3087,12.652,12.032
-9.0775,5.9083,-0.5999
-3.1533,12.955,-0.2129
-12.957,3.0233,12.46
-6.4449,9.46,12.48
-12.194,9.0959,6.0131
-12.273,9.074,0.7121
-13.112,2.884,7.1891
-6.3848,9.4608,6.2371
-9.489,12.429,6.8091
-9.9812,5.8008,6.2881
-3.0847,12.42,5.5461
-9.0779,5.9096,12.577
-3.1538,12.957,12.964
-12.273,9.0753,13.889
13.467,0.54396,-9.9898
13.467,0.54528,3.1874
12.321,3.0893,-13.893
6.1994,9.4398,-14.163
13.162,12.109,-10.235
6.1099,7.0087,-10.07
0.86455,13.148,-9.9917
12.694,7.0943,-3.3987
6.4309,13.228,-3.1187
12.415,11.846,-3.7607
11.817,5.5061,-10.409
5.3427,11.707,-10.116
9.3781,7.1303,-13.82
3.1025,12.402,-13.805
9.6058,11.599,-13.172
12.32,3.0906,-0.71568
6.199,9.4412,-0.98568
13.083,9.1633,-7.1627
13.004,9.1413,-12.464
12.166,2.9513,-5.9867
5.6269,9.5578,-6.5027
9.1844,5.9028,-6.5877
3.0757,12.423,-5.9927
9.0429,12.442,-7.1907
13.161,12.11,2.9425
6.1094,7.01,3.1075
0.86411,13.149,3.1855
12.693,7.0956,9.7785
6.4305,13.23,10.059
12.415,11.847,9.4165
11.816,5.5074,2.7685
5.3422,11.709,3.0615
9.3777,7.1316,-0.64246
3.1021,12.403,-0.62746
9.6054,11.601,0.005539
12.32,3.0919,12.462
6.1985,9.4425,12.192
13.082,9.1646,6.0145
13.004,9.1427,0.71354
12.165,2.9526,7.1905
5.6265,9.5591,6.6745
9.1839,5.9041,6.5895
3.0752,12.424,7.1845
9.0425,12.443,5.9865
9.3772,7.133,12.535
3.1017,12.404,12.55
9.6049,11.602,13.183
13.003,9.144,13.891
9.6368,12.11,13.069
13.37,9.3674,13.121
0,0,0
-0.13718,5.8053,-0.496
-6.2042,-0.10889,-0.157
6.2834,0.15981,-0.045
-0.37123,-0.3387,6.384
-0.36416,-6.4156,-0.33
-0.3708,-0.34002,-6.7932
5.9623,6.2735,-0.321
-6.0988,6.3364,-0.403
-6.6793,-0.09051,5.862
-0.34251,-6.2684,-6.2912
6.3944,0.099702,6.223
-0.21991,6.2232,6.535
6.5036,-6.2675,-0.4011
-0.21948,6.2219,-6.6422
-6.7119,-6.3991,-0.32054
-0.34295,-6.2671,6.886
6.3948,0.098386,-6.9542
-6.6789,-0.091826,-7.3152
5.4652,5.9008,5.934
5.4657,5.8995,-7.2432
-6.5662,5.9595,6.326
6.0362,-6.6444,6.3279
-6.5658,5.9582,-6.8512
6.0366,-6.6457,-6.8493
-7.209,-6.7717,5.9345
-7.2085,-6.773,-7.2428
12.545,-0.019326,-0.26546
-0.057592,12.585,-0.26736
-0.1294,-12.692,-0.265
-12.732,-0.088013,-0.2669
0.00043346,-0.0013159,-13.177
-0.00043346,0.0013159,13.177
12.31,6.257,-0.33046
0.17963,12.346,6.2535
-0.13761,5.8067,12.681
-12.495,-0.32668,6.254
-6.3909,-12.513,-0.044539
6.4701,12.564,-0.15746
0.18007,12.345,-6.9237
12.465,-6.7985,-0.4941
6.3982,-12.713,-0.1551
12.782,-0.258,6.2554
-6.3191,12.764,-0.046903
-12.494,-0.328,-6.9232
-0.36459,-6.4143,12.847
0.10783,-12.931,6.2559
-12.967,6.1883,-0.3319
-6.2046,-0.10758,13.02
12.782,-0.25931,-6.9218
-12.811,-6.8672,-0.49554
6.2829,0.16112,13.132
6.2838,0.15849,-13.222
0.10826,-12.932,-6.9213
-6.2037,-0.11021,-13.334
-0.13675,5.804,-13.673
-0.36373,-6.4169,-13.507
5.9949,12.582,5.8615
5.9231,-12.694,5.8639
12.332,6.4041,-6.2917
-6.2798,-12.573,6.2235
12.382,-6.3806,6.5369
12.383,-6.3819,-6.6403
-6.208,12.704,6.2211
5.9619,6.2748,12.856
12.331,6.4054,6.8855
-6.0992,6.3377,12.774
6.5032,-6.2661,12.776
-6.2794,-12.574,-6.9538
-12.945,6.3354,-6.2931
5.9953,12.581,-7.3157
-6.2076,12.702,-6.9561
5.9235,-12.696,-7.3133
-12.894,-6.4493,6.5355
-6.7123,-6.3978,12.857
-12.894,-6.4506,-6.6418
-12.945,6.3368,6.8841
5.9628,6.2721,-13.498
-6.0984,6.3351,-13.58
6.504,-6.2688,-13.578
-6.7115,-6.4004,-13.498
12.602,-12.604,0.001903
-12.602,12.604,-0.001903
-12.674,-12.673,0.000461
12.674,12.673,-0.000461
12.544,-0.01801,12.912
-0.058026,12.586,12.91
-0.12983,-12.691,12.912
-12.732,-0.086697,12.91
12.545,-0.020642,-13.443
-0.057159,12.583,-13.445
-0.12897,-12.693,-13.442
-12.731,-0.089329,-13.444
12.303,12.334,6.3835
12.303,12.333,-6.7937
12.31,6.2583,12.847
12.231,-12.943,6.3859
-12.974,12.265,6.3821
12.465,-6.7972,12.683
12.232,-12.944,-6.7913
-12.973,12.264,-6.7951
6.4696,12.565,13.02
-6.3913,-12.511,13.133
-12.967,6.1896,12.845
6.3978,-12.711,13.022
-12.812,-6.8659,12.682
-6.3904,-12.514,-13.222
12.31,6.2556,-13.508
-6.3195,12.765,13.13
6.4705,12.562,-13.335
-6.3186,12.762,-13.224
-13.045,-13.011,6.3845
6.3987,-12.714,-13.332
-13.045,-13.013,-6.7928
12.466,-6.7998,-13.671
-12.966,6.187,-13.509
-12.811,-6.8685,-13.673
12.603,-12.605,-13.175
-12.603,12.605,13.175
12.602,-12.603,13.179
-12.602,12.603,-13.179
-12.675,-12.671,13.178
12.675,12.671,-13.178
-12.674,-12.674,-13.177
12.674,12.674,13.177
