-3.4986,-9.7027,-9.4393
-9.6002,-3.7977,-8.5873
-8.8818,-9.2523,-8.5503
-3.4986,-9.7027,2.608
-9.6002,-3.7977,3.46
-8.8818,-9.2523,3.497
-8.1358,-8.4186,-3.142
-3.232,-9.5224,-3.406
-9.5868,-3.418,-3.133
-8.1358,-8.4186,8.9053
-3.232,-9.5224,8.6413
-9.5868,-3.418,8.9143
9.4103,-9.4471,-8.6543
3.3257,-9.3856,-8.4553
9.5093,-2.8229,-9.2873
9.4103,-9.4471,3.393
3.3257,-9.3856,3.592
9.5093,-2.8229,2.76
9.7808,-9.6451,-3.028
9.7808,-9.6451,9.0193
3.0879,-3.3991,-9.3553
-2.6283,2.5915,-8.6543
8.5595,2.3554,-9.4393
2.4579,8.2604,-8.5873
-2.9359,-3.0264,-8.6933
-8.713,2.6531,-8.4553
3.1763,2.8058,-8.5503
-2.5293,9.2157,-9.2873
3.0879,-3.3991,2.692
-2.6283,2.5915,3.393
8.5595,2.3554,2.608
2.4579,8.2604,3.46
-2.9359,-3.0264,3.354
-8.713,2.6531,3.592
3.1763,2.8058,3.497
-2.5293,9.2157,2.76
3.3008,-8.4004,-3.065
-2.2387,-3.4832,-2.78
8.8608,-2.658,-2.921
3.9223,3.6395,-3.142
8.8261,2.5357,-3.406
2.4713,8.6401,-3.133
2.5703,-3.9704,-3.453
-2.2578,2.3936,-3.028
3.3008,-8.4004,8.9823
-2.2387,-3.4832,9.2673
8.8608,-2.658,9.1263
3.9223,3.6395,8.9053
8.8261,2.5357,8.6413
2.4713,8.6401,8.9143
2.5703,-3.9704,8.5943
-2.2578,2.3936,9.0193
-8.9507,8.6396,-9.3553
-8.9507,8.6396,2.692
-8.7379,3.6382,-3.065
-3.1779,9.3806,-2.921
-9.4683,8.0682,-3.453
-8.7379,3.6382,8.9823
-3.1779,9.3806,9.1263
-9.4683,8.0682,8.5943
9.1222,9.0317,-8.6933
9.1222,9.0317,3.354
9.8194,8.5749,-2.78
9.8194,8.5749,9.2673
-9.4489,-8.9313,-9.9253
-9.4489,-8.9313,2.122
-9.1569,-9.5359,-3.241
-9.1569,-9.5359,8.8063
8.588,-8.5597,-9.5183
8.588,-8.5597,2.529
8.665,-3.9797,-3.553
9.1727,-8.9054,-4.172
8.665,-3.9797,8.4943
9.1727,-8.9054,7.8753
-2.5456,-9.1344,-8.4073
-8.5284,-3.1714,-9.3833
2.1411,-2.4904,-8.6113
-3.4507,3.479,-9.5183
2.617,-9.1436,-9.7303
-2.9868,-2.5527,-10.109
8.4429,-3.247,-10.259
2.6092,3.1268,-9.9253
-2.5456,-9.1344,3.64
-8.5284,-3.1714,2.664
2.1411,-2.4904,3.436
-3.4507,3.479,2.529
2.617,-9.1436,2.317
-2.9868,-2.5527,1.938
8.4429,-3.247,1.788
2.6092,3.1268,2.122
2.745,-9.512,-3.893
-2.6248,-2.9119,-4.096
-3.3736,8.0589,-3.553
2.9013,2.5222,-3.241
-2.3129,-8.3615,-3.46
-8.5107,-2.3999,-2.83
3.1707,-2.6234,-3.131
-2.8659,3.1332,-4.172
2.745,-9.512,8.1543
-2.6248,-2.9119,7.9513
-3.3736,8.0589,8.4943
2.9013,2.5222,8.8063
-2.3129,-8.3615,8.5873
-8.5107,-2.3999,9.2173
3.1707,-2.6234,8.9163
-2.8659,3.1332,7.8753
-9.8975,9.5482,-8.6113
-9.4216,2.895,-9.7303
-3.5958,8.7916,-10.259
-9.8975,9.5482,3.436
-9.4216,2.895,2.317
-3.5958,8.7916,1.788
-9.2936,2.5266,-3.893
-8.868,9.4153,-3.131
-9.2936,2.5266,8.1543
-8.868,9.4153,8.9163
9.5125,2.9237,-8.4073
3.5297,8.8867,-9.3833
9.0713,9.5055,-10.109
9.5125,2.9237,3.64
3.5297,8.8867,2.664
9.0713,9.5055,1.938
9.4333,9.1463,-4.096
9.7452,3.6966,-3.46
3.5474,9.6582,-2.83
9.4333,9.1463,7.9513
9.7452,3.6966,8.5873
3.5474,9.6582,9.2173
-6.2655,-13.331,-9.3663
-11.962,-7.0193,-9.1043
-12.014,-12.105,-9.0983
-8.8867,-12.343,-6.3883
-6.455,-9.4857,-11.905
-12.154,-3.2667,-12.271
-5.7719,-9.3824,-6.4183
-11.621,-9.1675,-12.544
-3.0623,-12.035,-12.727
-8.9256,-6.0562,-12.304
-9.2191,-12.366,-11.731
-11.712,-12.963,-2.949
-6.2655,-13.331,2.681
-11.962,-7.0193,2.943
-12.014,-12.105,2.949
-6.6975,-11.968,-2.997
-12.74,-6.24,-3.141
-8.8867,-12.343,5.659
-2.9449,-11.832,-6.16
-8.8599,-5.8929,-5.859
-11.763,-9.2686,-5.663
-6.455,-9.4857,0.142
-12.154,-3.2667,-0.224
-5.7719,-9.3824,5.629
-12.694,-3.1182,-6.287
-11.621,-9.1675,-0.497
-3.0623,-12.035,-0.68
-8.9256,-6.0562,-0.257
-9.2191,-12.366,0.316
-11.712,-12.963,9.0983
-6.6975,-11.968,9.0503
-12.74,-6.24,8.9063
-2.9449,-11.832,5.8873
-8.8599,-5.8929,6.1883
-11.763,-9.2686,6.3843
-6.455,-9.4857,12.189
-12.154,-3.2667,11.823
-12.694,-3.1182,5.7603
-11.621,-9.1675,11.55
-3.0623,-12.035,11.367
-8.9256,-6.0562,11.79
-9.2191,-12.366,12.363
5.6372,-12.546,-8.9163
12.135,-6.9998,-9.1043
12.082,-12.085,-9.0983
9.1183,-6.1838,-6.7883
5.6782,-8.9521,-11.323
11.943,-3.2472,-12.271
12.476,-9.148,-12.544
8.945,-11.588,-11.588
2.9679,-12.398,-11.971
9.143,-6.4164,-11.918
12.385,-12.944,-2.949
7.0571,-6.5663,-3.332
5.6372,-12.546,3.131
12.135,-6.9998,2.943
12.082,-12.085,2.949
5.925,-11.292,-2.984
11.357,-6.2206,-3.141
3.0541,-12.478,-5.983
9.1183,-6.1838,5.259
8.9882,-12.153,-5.918
12.333,-9.2491,-5.663
5.6782,-8.9521,0.724
11.943,-3.2472,-0.224
5.8903,-9.2604,-6.3
11.403,-3.0987,-6.287
12.476,-9.148,-0.497
8.945,-11.588,0.459
2.9679,-12.398,0.076
9.143,-6.4164,0.129
12.385,-12.944,9.0983
7.0571,-6.5663,8.7153
5.925,-11.292,9.0633
11.357,-6.2206,8.9063
3.0541,-12.478,6.0643
8.9882,-12.153,6.1293
12.333,-9.2491,6.3843
5.6782,-8.9521,12.771
11.943,-3.2472,11.823
5.8903,-9.2604,5.7473
11.403,-3.0987,5.7603
12.476,-9.148,11.55
8.945,-11.588,12.506
2.9679,-12.398,12.123
9.143,-6.4164,12.176
0.21567,-6.6701,-9.2413
-6.4014,-0.507,-8.9163
5.7926,-1.2728,-9.3663
0.096167,5.0388,-9.1043
-0.12799,-11.323,-9.2473
-6.1575,-5.4476,-9.1313
6.335,-5.9079,-9.4533
0.043841,-0.046669,-9.0983
-2.9967,-6.3668,-6.6673
3.1714,-0.28496,-6.3883
-2.9204,5.8548,-6.7883
-0.25951,-3.2279,-11.711
-6.3604,3.0865,-11.323
5.6031,2.5725,-11.905
-0.095459,8.7915,-12.271
6.2862,2.6757,-6.4183
-0.45679,-9.1584,-12.309
-5.8697,-3.112,-12.346
5.5444,-3.2463,-12.93
0.43699,2.8907,-12.544
3.0653,-6.3915,-12.304
-3.0936,0.45043,-11.588
8.9958,0.022627,-12.727
3.1325,6.0019,-12.304
-3.0229,-6.0903,-11.528
-9.0708,-0.35921,-11.971
2.839,-0.30759,-11.731
-2.8956,5.6222,-11.918
-4.9625,-6.0613,-3.097
0.13152,-11.694,-3.166
0.34648,-0.9051,-2.949
-4.9816,5.4723,-3.332
0.21567,-6.6701,2.806
-6.4014,-0.507,3.131
5.7926,-1.2728,2.681
0.096167,5.0388,2.943
-0.12799,-11.323,2.8
-6.1575,-5.4476,2.916
6.335,-5.9079,2.594
0.043841,-0.046669,2.949
-0.26022,-6.2084,-3.162
-6.1136,0.7467,-2.984
5.3606,0.089803,-2.997
-0.68165,5.8181,-3.141
-2.9967,-6.3668,5.38
-8.9845,-0.43982,-5.983
3.1714,-0.28496,5.659
-2.9204,5.8548,5.259
2.8723,-5.8704,-6.288
-3.0505,-0.11455,-5.918
9.1132,0.22627,-6.16
3.1982,6.1653,-5.859
0.016971,-9.0651,-6.157
-6.1518,-3.0787,-5.319
6.0062,-3.2796,-5.621
0.29486,2.7895,-5.663
-0.25951,-3.2279,0.336
-6.3604,3.0865,0.724
5.6031,2.5725,0.142
-0.095459,8.7915,-0.224
-0.042426,-3.0589,-5.943
-6.1483,2.7782,-6.3
6.2862,2.6757,5.629
-0.63569,8.94,-6.287
-0.45679,-9.1584,-0.262
-5.8697,-3.112,-0.299
5.5444,-3.2463,-0.883
0.43699,2.8907,-0.497
3.0653,-6.3915,-0.257
-3.0936,0.45043,0.459
8.9958,0.022627,-0.68
3.1325,6.0019,-0.257
-3.0229,-6.0903,0.519
-9.0708,-0.35921,0.076
2.839,-0.30759,0.316
-2.8956,5.6222,0.129
-4.9625,-6.0613,8.9503
0.13152,-11.694,8.8813
0.34648,-0.9051,9.0983
-4.9816,5.4723,8.7153
-0.26022,-6.2084,8.8853
-6.1136,0.7467,9.0633
5.3606,0.089803,9.0503
-0.68165,5.8181,8.9063
-8.9845,-0.43982,6.0643
2.8723,-5.8704,5.7593
-3.0505,-0.11455,6.1293
9.1132,0.22627,5.8873
3.1982,6.1653,6.1883
0.016971,-9.0651,5.8903
-6.1518,-3.0787,6.7283
6.0062,-3.2796,6.4263
0.29486,2.7895,6.3843
-0.25951,-3.2279,12.383
-6.3604,3.0865,12.771
5.6031,2.5725,12.189
-0.095459,8.7915,11.823
-0.042426,-3.0589,6.1043
-6.1483,2.7782,5.7473
-0.63569,8.94,5.7603
-0.45679,-9.1584,11.785
-5.8697,-3.112,11.748
5.5444,-3.2463,11.164
0.43699,2.8907,11.55
3.0653,-6.3915,11.79
-3.0936,0.45043,12.506
8.9958,0.022627,11.367
3.1325,6.0019,11.79
-3.0229,-6.0903,12.566
-9.0708,-0.35921,12.123
2.839,-0.30759,12.363
-2.8956,5.6222,12.176
-11.823,5.3685,-9.2413
-6.246,10.766,-9.3663
-12.167,0.71573,-9.2473
-5.7037,6.1308,-9.4533
-11.995,11.992,-9.0983
-8.8673,11.754,-6.3883
-12.298,8.8107,-11.711
-12.495,2.8802,-12.309
-6.4942,8.7923,-12.93
-8.9733,5.6471,-12.304
-3.0428,12.061,-12.727
-9.1996,11.731,-11.731
-11.907,0.3445,-3.166
-11.692,11.134,-2.949
-11.823,5.3685,2.806
-6.246,10.766,2.681
-12.167,0.71573,2.8
-5.7037,6.1308,2.594
-11.995,11.992,2.949
-12.299,5.8302,-3.162
-6.6781,12.128,-2.997
-8.8673,11.754,5.659
-9.1664,6.1682,-6.288
-2.9254,12.265,-6.16
-12.022,2.9735,-6.157
-6.0325,8.7591,-5.621
-12.298,8.8107,0.336
-12.081,8.9797,-5.943
-12.495,2.8802,-0.262
-6.4942,8.7923,-0.883
-8.9733,5.6471,-0.257
-3.0428,12.061,-0.68
-9.1996,11.731,0.316
-11.907,0.3445,8.8813
-11.692,11.134,9.0983
-12.299,5.8302,8.8853
-6.6781,12.128,9.0503
-9.1664,6.1682,5.7593
-2.9254,12.265,5.8873
-12.022,2.9735,5.8903
-6.0325,8.7591,6.4263
-12.298,8.8107,12.383
-12.081,8.9797,6.1043
-12.495,2.8802,11.785
-6.4942,8.7923,11.164
-8.9733,5.6471,11.79
-3.0428,12.061,11.367
-9.1996,11.731,12.363
12.274,5.388,-9.2413
5.6567,11.551,-8.9163
11.93,0.73522,-9.2473
5.9006,6.6106,-9.1313
12.102,12.011,-9.0983
9.0614,5.6913,-6.6673
11.799,8.8302,-11.711
11.601,2.8997,-12.309
6.1884,8.9461,-12.346
8.9645,12.509,-11.588
9.0352,5.9678,-11.528
2.9874,11.699,-11.971
7.0956,5.9968,-3.097
12.19,0.36399,-3.166
12.405,11.153,-2.949
12.274,5.388,2.806
5.6567,11.551,3.131
11.93,0.73522,2.8
5.9006,6.6106,2.916
12.102,12.011,2.949
11.798,5.8497,-3.162
5.9445,12.805,-2.984
9.0614,5.6913,5.38
3.0736,11.618,-5.983
9.0077,11.944,-5.918
12.075,2.993,-6.157
5.9063,8.9794,-5.319
11.799,8.8302,0.336
12.016,8.9992,-5.943
11.601,2.8997,-0.262
6.1884,8.9461,-0.299
8.9645,12.509,0.459
9.0352,5.9678,0.519
2.9874,11.699,0.076
7.0956,5.9968,8.9503
12.19,0.36399,8.8813
12.405,11.153,9.0983
11.798,5.8497,8.8853
5.9445,12.805,9.0633
3.0736,11.618,6.0643
9.0077,11.944,6.1293
12.075,2.993,5.8903
5.9063,8.9794,6.7283
11.799,8.8302,12.383
12.016,8.9992,6.1043
11.601,2.8997,11.785
6.1884,8.9461,11.748
8.9645,12.509,12.506
9.0352,5.9678,12.566
2.9874,11.699,12.123
-0.1085,12.774,-9.2473
0.15101,12.403,-3.166
-0.1085,12.774,2.8
0.15101,12.403,8.8813
0,0,0
0.16688,5.8845,-0.429
5.9538,-0.29416,-0.214
0.041012,0.11172,5.9993
-6.0295,0.17183,0.168
0.041012,0.11172,-6.048
-0.30618,-6.1016,0.052
6.2027,-0.34507,5.404
-0.0091924,5.956,5.7013
-6.0132,-0.11031,-5.66
-5.8727,5.9632,-0.5
-5.8676,-6.0076,-0.398
-0.055154,-6.0825,-5.937
-0.055154,-6.0825,6.1103
6.1905,6.0505,-0.398
6.166,-6.0755,-0.5
-0.0091924,5.956,-6.346
-6.0132,-0.11031,6.3873
6.2027,-0.34507,-6.6433
5.7813,-5.9213,5.562
-5.9305,-6.0479,5.8753
-6.2573,6.1173,5.562
6.1276,6.0102,5.8753
-5.9305,-6.0479,-6.172
5.7813,-5.9213,-6.4853
6.1276,6.0102,-6.172
-6.2573,6.1173,-6.4853
0.041012,-11.978,-0.145
-11.998,0.060243,-0.145
0,0,-12.047
0,0,12.047
12.099,0.079732,-0.145
0.060501,12.118,-0.145
0.16688,5.8845,11.618
0.13347,11.744,5.7843
11.752,5.9565,0.052
-6.0848,11.744,-0.214
5.9538,-0.29416,11.833
-11.925,-0.31396,5.7843
6.0091,-11.867,0.168
0.13347,11.744,-6.263
-6.0295,0.17183,-11.879
-11.891,-6.1736,-0.429
-0.30618,-6.1016,-11.995
-11.925,-0.31396,-6.263
12.172,-0.29447,5.7843
-0.30618,-6.1016,12.099
-6.0295,0.17183,12.215
5.9538,-0.29416,-12.261
6.0286,12.23,0.168
0.11398,-12.353,5.7843
12.206,-6.1541,-0.429
12.172,-0.29447,-6.263
-12.345,5.937,0.052
-6.1043,-12.352,-0.214
0.16688,5.8845,-12.476
0.11398,-12.353,-6.263
-5.8359,11.694,5.404
-5.8727,5.9632,11.547
-5.8676,-6.0076,11.649
6.166,-6.0755,11.547
6.1905,6.0505,11.649
6.0449,11.948,-5.66
12.029,-6.0827,5.7013
-5.8359,11.694,-6.6433
12.003,5.9756,-5.937
-12.067,-6.1022,5.7013
6.0254,-12.149,-5.66
-12.094,5.9561,-5.937
12.003,5.9756,6.1103
-5.8554,-12.403,5.404
-12.094,5.9561,6.1103
6.0449,11.948,6.3873
12.029,-6.0827,-6.346
-12.067,-6.1022,-6.346
6.0254,-12.149,6.3873
-5.8676,-6.0076,-12.445
-5.8727,5.9632,-12.547
6.1905,6.0505,-12.445
-5.8554,-12.403,-6.6433
6.166,-6.0755,-12.547
0.041012,-11.978,11.902
-11.998,0.060243,11.902
12.099,0.079732,11.902
0.060501,12.118,11.902
12.039,-12.039,0
-12.039,12.039,0
-12.058,-12.058,0
12.058,12.058,0
0.041012,-11.978,-12.192
-11.998,0.060243,-12.192
12.099,0.079732,-12.192
0.060501,12.118,-12.192
-11.891,-6.1736,11.618
-6.0848,11.744,11.833
11.752,5.9565,-11.995
6.0091,-11.867,-11.879
11.752,5.9565,12.099
12.206,-6.1541,11.618
-12.017,-11.946,5.9993
-12.017,-11.946,-6.048
12.08,-11.927,5.9993
12.08,-11.927,-6.048
-6.0848,11.744,-12.261
6.0091,-11.867,12.215
6.0286,12.23,-11.879
-11.998,12.15,5.9993
-11.998,12.15,-6.048
-6.1043,-12.352,11.833
12.099,12.17,5.9993
12.099,12.17,-6.048
-12.345,5.937,-11.995
-12.345,5.937,12.099
6.0286,12.23,12.215
-11.891,-6.1736,-12.476
-6.1043,-12.352,-12.261
12.206,-6.1541,-12.476
12.039,-12.039,-12.047
12.039,-12.039,12.047
-12.039,12.039,-12.047
-12.039,12.039,12.047
-12.058,-12.058,-12.047
-12.058,-12.058,12.047
12.058,12.058,-12.047
12.058,12.058,12.047
