-9.5173,-9.2104,-3.5798
-2.84,-9.6595,-10.178
-9.1425,-3.3584,-10.177
-9.5788,-9.2621,-10.167
-9.5177,-9.2091,9.5975
-2.8405,-9.6581,2.9995
-9.1429,-3.3571,3.0005
-9.5792,-9.2607,3.0105
9.8536,-9.5745,-3.5873
9.7985,-9.6268,-10.176
9.8532,-9.5732,9.5899
9.798,-9.6255,3.0009
-2.7834,-9.6088,-3.5912
-9.0845,-3.3077,-3.5902
3.5536,-3.2717,-3.5902
-2.7488,3.0293,-3.5892
3.1223,-9.176,-3.5812
-3.1787,-2.875,-3.5812
9.4594,-2.8389,-3.5812
3.157,3.4621,-3.5802
3.4978,-3.3247,-10.178
-2.804,2.977,-10.178
9.8342,3.0131,-10.178
3.5317,9.3141,-10.177
3.0608,-9.2276,-10.168
-3.2409,-2.9259,-10.167
9.3979,-2.8906,-10.168
3.0954,3.4105,-10.167
-2.7839,-9.6075,9.586
-9.0849,-3.3064,9.587
3.5532,-3.2704,9.587
-2.7492,3.0307,9.588
3.1219,-9.1747,9.596
-3.1792,-2.8737,9.596
9.459,-2.8376,9.596
3.1565,3.4634,9.597
3.4974,-3.3234,2.999
-2.8044,2.9783,2.999
9.8337,3.0144,2.999
3.5313,9.3154,3
3.0604,-9.2263,3.009
-3.2414,-2.9246,3.01
9.3974,-2.8892,3.009
3.095,3.4118,3.01
-9.0488,9.3322,-3.5921
-9.4801,3.4278,-3.5831
-3.143,9.7649,-3.5831
-9.1046,9.2791,-10.18
-9.5416,3.3762,-10.17
-3.2045,9.7133,-10.17
-9.0492,9.3335,9.5851
-9.4805,3.4291,9.5941
-3.1434,9.7662,9.5941
-9.1051,9.2804,2.9971
-9.542,3.3775,3.0071
-3.205,9.7146,3.0071
9.8908,3.0638,-3.5917
3.5897,9.3648,-3.5907
9.4955,9.7975,-3.5817
9.4333,9.7466,-10.168
9.8903,3.0651,9.5855
3.5893,9.3661,9.5865
9.4951,9.7989,9.5955
9.4328,9.7479,3.0095
-4.045,-9.5209,-2.7928
-10.347,-3.2198,-2.7928
-9.4282,-10.475,-2.7898
-8.313,-9.3512,-9.3778
-4.0454,-9.5195,10.384
-10.348,-3.2185,10.384
-9.4286,-10.473,10.387
-8.3135,-9.3498,3.7995
8.5921,-9.4882,-2.7913
3.2103,-10.442,-2.7883
9.546,-4.105,-2.7883
9.7122,-8.3668,-9.3783
4.3247,-9.3178,-9.3763
10.662,-2.9807,-9.3753
8.5917,-9.4869,10.386
3.2099,-10.441,10.389
9.5456,-4.1037,10.389
9.7118,-8.3654,3.7989
4.3243,-9.3165,3.8009
10.661,-2.9794,3.8019
2.2922,-3.1854,-2.7942
-4.0103,3.1156,-2.7932
8.6293,3.1517,-2.7932
2.3268,9.4527,-2.7932
-3.0903,-4.14,-2.7912
-9.3921,2.1617,-2.7902
3.2461,2.1978,-2.7902
-3.0564,8.4988,-2.7902
-2.9249,-8.401,-9.3812
-9.2273,-2.1,-9.3802
3.4108,-2.0639,-9.3812
-2.8902,4.2371,-9.3802
-1.9752,-3.015,-9.3782
-8.2777,3.286,-9.3782
4.3612,3.3214,-9.3782
-1.9406,9.6231,-9.3772
2.2917,-3.1841,10.383
-4.0107,3.1169,10.384
8.6288,3.153,10.384
2.3264,9.454,10.384
-3.0908,-4.1387,10.386
-9.3925,2.163,10.387
3.2456,2.1991,10.387
-3.0568,8.5001,10.387
-2.9253,-8.3997,3.796
-9.2277,-2.0987,3.797
3.4104,-2.0626,3.796
-2.8907,4.2384,3.797
-1.9757,-3.0137,3.799
-8.2781,3.2873,3.799
4.3607,3.3227,3.799
-1.941,9.6244,3.8
-10.31,9.4184,-2.7961
-9.1916,10.54,-9.3831
-10.311,9.4197,10.381
-9.192,10.541,3.7941
9.5839,8.5325,-2.7917
9.7493,4.2715,-9.3817
3.4469,10.573,-9.3807
10.699,9.6575,-9.3787
9.5834,8.5338,10.386
9.7489,4.2728,3.7955
3.4465,10.574,3.7965
10.699,9.6588,3.7985
0.26662,-12.957,-10.092
0.26619,-12.956,3.0854
-12.37,-12.992,-10.095
-6.034,-6.655,-10.095
-12.336,-0.35322,-10.094
-6.3233,-12.221,-3.5118
-12.625,-5.9189,-3.5108
-12.129,-12.75,-3.5088
-6.5679,-12.457,-10.097
-12.87,-6.1557,-10.096
-9.3999,-13.357,-13.442
-3.1137,-11.95,-13.36
-9.4161,-5.6487,-13.359
-11.866,-9.5385,-13.363
-5.4266,-9.3865,-6.8538
-11.728,-3.0855,-6.8538
-6.9321,-9.489,-13.441
-13.234,-3.1873,-13.44
-13.136,-9.3681,-6.7768
-9.2952,-11.854,-6.8548
-2.9426,-13.224,-6.7668
-9.2443,-6.9237,-6.7658
-12.37,-12.991,3.0825
-6.0345,-6.6536,3.0825
-12.336,-0.35191,3.0835
-6.3237,-12.219,9.6655
-12.625,-5.9175,9.6665
-12.13,-12.749,9.6685
-6.5683,-12.455,3.0805
-12.871,-6.1544,3.0815
-9.4003,-13.356,-0.26454
-3.1141,-11.948,-0.18254
-9.4166,-5.6474,-0.18154
-11.867,-9.5372,-0.18554
-5.4271,-9.3852,6.3235
-11.728,-3.0842,6.3235
-6.9325,-9.4877,-0.26354
-13.234,-3.186,-0.26254
-13.136,-9.3668,6.4005
-9.2957,-11.852,6.3225
-2.943,-13.223,6.4105
-9.2447,-6.9223,6.4115
-9.4007,-13.354,12.913
-3.1146,-11.947,12.995
-9.417,-5.6461,12.996
-11.867,-9.5359,12.992
-6.9329,-9.4864,12.914
-13.235,-3.1847,12.915
12.907,-12.923,-10.093
6.6044,-6.6223,-10.093
12.941,-0.28453,-10.092
6.3152,-12.188,-3.5103
12.652,-5.8502,-3.5093
0.50919,-12.718,-3.5073
13.147,-12.682,-3.5073
6.8449,-6.3805,-3.5063
6.0706,-12.424,-10.094
12.406,-6.0871,-10.094
3.2386,-13.324,-13.44
9.5743,-6.9872,-13.439
9.5248,-11.917,-13.358
13.41,-9.4699,-13.361
7.2119,-9.3539,-6.8523
13.549,-3.0168,-6.8523
5.7057,-9.4557,-13.439
12.043,-3.1186,-13.438
12.141,-9.2994,-6.7753
3.3433,-11.821,-6.8533
9.6797,-5.4832,-6.8523
9.6959,-13.191,-6.7653
12.906,-12.922,3.0839
6.604,-6.621,3.0839
12.94,-0.28322,3.0849
6.3148,-12.187,9.6669
12.651,-5.8489,9.6679
0.50876,-12.716,9.6699
13.147,-12.68,9.6699
6.8444,-6.3792,9.6709
6.0702,-12.423,3.0829
12.406,-6.0857,3.0829
3.2382,-13.323,-0.2631
9.5739,-6.9859,-0.2621
9.5244,-11.916,-0.1811
13.41,-9.4685,-0.1841
7.2114,-9.3526,6.3249
13.549,-3.0155,6.3249
5.7053,-9.4544,-0.2621
12.042,-3.1173,-0.2611
12.141,-9.2981,6.4019
3.3428,-11.82,6.3239
9.6792,-5.4819,6.3249
9.6955,-13.19,6.4119
3.2378,-13.322,12.914
9.5734,-6.9846,12.915
9.5239,-11.915,12.996
13.409,-9.4672,12.993
5.7048,-9.4531,12.915
12.042,-3.116,12.916
0.30449,-0.31951,-10.095
-5.998,5.9815,-10.095
6.6402,6.0176,-10.095
0.33843,12.319,-10.094
0.015283,-5.8852,-3.5122
-6.2872,0.41588,-3.5122
6.351,0.45194,-3.5122
0.049224,6.7537,-3.5112
-5.7915,-6.4155,-3.5092
-12.093,-0.11375,-3.5092
0.54491,-0.077683,-3.5092
-5.7575,6.2233,-3.5082
-0.23008,-6.122,-10.097
-6.5318,0.1797,-10.096
6.1063,0.21577,-10.097
-0.19614,6.5168,-10.096
-3.0628,-7.0215,-13.442
-9.3638,-0.72044,-13.442
3.2743,-0.68438,-13.442
-3.0281,5.6166,-13.441
3.2234,-5.6143,-13.36
-3.0776,0.6867,-13.36
9.5605,0.72276,-13.36
3.2581,7.0238,-13.359
0.77401,-9.5048,-13.364
-5.5284,-3.2038,-13.363
7.1097,-3.1677,-13.363
0.80795,3.134,-13.363
0.91189,-3.0511,-6.8542
-5.3905,3.25,-6.8542
7.2476,3.286,-6.8542
0.94654,9.5871,-6.8542
-0.59424,-3.1529,-13.441
-6.8967,3.1481,-13.441
5.7421,3.1835,-13.441
-0.5596,9.4852,-13.44
-0.49525,-9.3344,-6.7782
-6.7977,-3.0334,-6.7772
5.8404,-2.9973,-6.7772
-0.46131,3.3044,-6.7772
-2.9574,-5.5175,-6.8552
-9.2591,0.78287,-6.8552
3.379,0.81893,-6.8552
-2.9227,7.1207,-6.8542
3.396,-6.8885,-6.7672
-2.9065,-0.58751,-6.7672
9.7316,-0.55145,-6.7672
3.4299,5.7489,-6.7662
0.30406,-0.3182,3.082
-5.9984,5.9828,3.082
6.6397,6.0189,3.082
0.338,12.321,3.083
0.014849,-5.8838,9.665
-6.2876,0.41719,9.665
6.3505,0.45326,9.665
0.04879,6.755,9.666
-5.7919,-6.4142,9.668
-12.094,-0.11243,9.668
0.54447,-0.076368,9.668
-5.758,6.2247,9.669
-0.23052,-6.1207,3.08
-6.5323,0.18102,3.081
6.1059,0.21708,3.08
-0.19658,6.5181,3.081
-3.0632,-7.0202,-0.265
-9.3642,-0.71913,-0.265
3.2739,-0.68307,-0.265
-3.0285,5.618,-0.264
3.223,-5.613,-0.183
-3.078,0.68801,-0.183
9.5601,0.72408,-0.183
3.2576,7.0251,-0.182
0.77357,-9.5035,-0.187
-5.5289,-3.2025,-0.186
7.1093,-3.1664,-0.186
0.80752,3.1353,-0.186
0.91146,-3.0498,6.323
-5.391,3.2513,6.323
7.2471,3.2873,6.323
0.94611,9.5884,6.323
-0.59468,-3.1516,-0.264
-6.8971,3.1495,-0.264
5.7417,3.1848,-0.264
-0.56003,9.4865,-0.263
-0.49568,-9.3331,6.399
-6.7981,-3.0321,6.4
5.84,-2.996,6.4
-0.46174,3.3057,6.4
-2.9578,-5.5161,6.322
-9.2596,0.78418,6.322
3.3786,0.82024,6.322
-2.9232,7.122,6.323
3.3955,-6.8872,6.41
-2.9069,-0.58619,6.41
9.7312,-0.55013,6.41
3.4295,5.7502,6.411
-3.0636,-7.0188,12.912
-9.3646,-0.71781,12.912
3.2735,-0.68175,12.912
-3.029,5.6193,12.913
3.2226,-5.6117,12.994
-3.0785,0.68933,12.994
9.5597,0.72539,12.994
3.2572,7.0264,12.995
0.77314,-9.5022,12.99
-5.5293,-3.2012,12.991
7.1088,-3.1651,12.991
0.80708,3.1366,12.991
-0.59511,-3.1503,12.913
-6.8976,3.1508,12.913
5.7413,3.1861,12.913
-0.56046,9.4879,12.914
-12.298,12.284,-10.097
-12.587,6.7187,-3.5141
-6.2514,13.056,-3.5141
-12.057,12.526,-3.5111
-12.832,6.4818,-10.099
-6.4961,12.82,-10.099
-9.3281,11.919,-13.444
-9.379,6.9895,-13.362
-3.0419,13.327,-13.362
-11.828,3.099,-13.366
-5.4927,9.4361,-13.365
-11.691,9.5528,-6.8561
-13.197,9.451,-13.443
-13.098,3.2694,-6.7801
-6.762,9.6065,-6.7791
-9.2234,13.423,-6.8571
-9.2064,5.7153,-6.7691
-2.8708,12.052,-6.7691
-12.298,12.286,3.0801
-12.588,6.72,9.6631
-6.2519,13.057,9.6631
-12.058,12.527,9.6661
-12.833,6.4831,3.0781
-6.4965,12.821,3.0781
-9.3285,11.921,-0.2669
-9.3794,6.9908,-0.1849
-3.0423,13.328,-0.1849
-11.829,3.1003,-0.1889
-5.4932,9.4374,-0.1879
-11.691,9.5541,6.3211
-13.197,9.4523,-0.2659
-13.098,3.2707,6.3971
-6.7624,9.6078,6.3981
-9.2238,13.424,6.3201
-9.2069,5.7166,6.4081
-2.8712,12.054,6.4081
-9.3289,11.922,12.91
-9.3798,6.9921,12.992
-3.0428,13.329,12.992
-11.829,3.1016,12.988
-5.4936,9.4387,12.989
-13.198,9.4536,12.911
13.183,-0.045059,-3.5078
13.183,-0.043743,9.6694
12.979,12.353,-10.096
12.689,6.7874,-3.5127
6.3871,13.088,-3.5127
6.8827,6.2571,-3.5097
0.581,12.559,-3.5097
13.219,12.595,-3.5097
12.444,6.5505,-10.098
6.1424,12.852,-10.097
9.6115,5.6511,-13.443
3.3104,11.952,-13.443
9.5966,13.359,-13.361
13.448,3.1677,-13.365
7.1458,9.4687,-13.364
13.586,9.6215,-6.8547
12.08,9.5196,-13.442
12.179,3.3381,-6.7787
5.8765,9.6391,-6.7777
9.7168,7.1551,-6.8557
3.4151,13.455,-6.8557
9.7677,12.085,-6.7677
12.978,12.354,3.0815
12.689,6.7887,9.6645
6.3866,13.09,9.6645
6.8823,6.2584,9.6675
0.58056,12.56,9.6675
13.219,12.596,9.6675
12.444,6.5518,3.0795
6.142,12.854,3.0805
9.611,5.6524,-0.26546
3.31,11.953,-0.26546
9.5962,13.361,-0.18346
13.448,3.169,-0.18746
7.1453,9.47,-0.18646
13.586,9.6228,6.3225
12.08,9.521,-0.26446
12.179,3.3394,6.3985
5.8761,9.6405,6.3995
9.7164,7.1564,6.3215
3.4146,13.457,6.3215
9.7673,12.086,6.4095
9.6106,5.6537,12.912
3.3096,11.955,12.912
9.5957,13.362,12.994
13.447,3.1703,12.99
7.1449,9.4714,12.991
12.079,9.5223,12.913
0,0,0
-6.2119,-0.12233,0.001
0.12374,6.2148,0.001
0.089095,-6.4234,0
6.4262,-0.086267,0
0.22627,0.22627,6.587
0.22671,0.22496,-6.5902
-5.9857,0.099702,6.585
-5.9852,0.098386,-6.5922
-6.3,6.3028,-0.001903
6.3024,-6.301,0
6.3364,6.3364,0.001
-6.3378,-6.3361,0.001461
0.31608,-6.2006,6.585
0.31651,-6.2019,-6.5922
0.35072,6.4375,6.586
0.35116,6.4362,-6.5912
6.6525,0.13576,6.585
6.6529,0.13445,-6.5922
-6.1094,-6.1108,6.587
-6.109,-6.1121,-6.5902
-6.0737,6.5291,6.5841
6.5287,-6.0748,6.586
-6.0733,6.5278,-6.5931
6.5292,-6.0761,-6.5912
6.5648,6.5617,6.5865
6.5652,6.5604,-6.5907
-0.035384,-12.637,0.000461
-12.638,-0.033332,-0.001442
12.639,0.035355,0
0.036424,12.639,-0.001903
0.00043346,-0.0013159,-13.177
-0.00043346,0.0013159,13.177
-12.513,6.1805,-0.001903
-6.1762,12.518,-0.001903
-12.41,0.19129,6.5841
0.19233,-12.413,6.586
-12.41,0.18998,-6.5931
0.19277,-12.414,-6.5912
-12.55,-6.4578,0.001461
6.4623,12.55,0.000539
-6.248,-12.759,0.000461
12.763,6.2492,-0.000461
12.726,-6.3891,0.002903
6.3905,-12.726,0.002903
0.26414,12.864,6.5836
12.867,0.25998,6.5855
0.26457,12.863,-6.5936
12.867,0.25867,-6.5917
-6.2115,-0.12365,-13.176
0.12418,6.2134,-13.176
-6.2124,-0.12101,13.178
0.12331,6.2161,13.178
0.088662,-6.422,13.177
0.089529,-6.4247,-13.177
6.4258,-0.084951,13.177
6.4266,-0.087583,-13.177
-12.323,-6.235,6.5865
-12.323,-6.2363,-6.5908
-12.286,6.4032,6.5831
-12.286,6.4019,-6.5941
-6.0218,-12.537,6.5855
-6.0213,-12.538,-6.5918
-5.9499,12.74,6.5831
-5.9495,12.738,-6.5941
6.6167,-12.504,6.5869
6.6172,-12.505,-6.5903
12.953,-6.1663,6.5879
12.954,-6.1677,-6.5893
6.6886,12.772,6.5845
6.689,12.771,-6.5927
-6.3004,6.3041,13.175
6.302,-6.2997,13.177
-6.2995,6.3015,-13.179
6.3029,-6.3023,-13.177
6.3368,6.3351,-13.176
-6.3374,-6.3375,-13.176
6.336,6.3377,13.178
-6.3383,-6.3348,13.179
12.99,6.4719,6.5845
12.991,6.4706,-6.5927
12.602,-12.604,0.001903
-12.602,12.604,-0.001903
-12.674,-12.673,0.000461
12.674,12.673,-0.000461
-0.035818,-12.636,13.178
-12.638,-0.032016,13.176
-0.034951,-12.638,-13.177
12.638,0.036671,13.177
0.03599,12.641,13.175
-12.637,-0.034648,-13.179
12.639,0.034039,-13.177
0.036857,12.638,-13.179
-12.448,-12.446,6.5875
-12.448,-12.448,-6.5898
-12.376,12.83,6.5851
-12.376,12.829,-6.5921
12.829,-12.378,6.5889
12.829,-12.379,-6.5883
-12.514,6.1818,13.175
-12.513,6.1792,-13.179
-6.1766,12.519,13.175
-6.1758,12.516,-13.179
-12.55,-6.4591,-13.176
6.4627,12.549,-13.177
-12.551,-6.4565,13.179
6.4618,12.552,13.178
-6.2485,-12.757,13.178
-6.2476,-12.76,-13.177
12.763,6.2505,13.177
12.764,6.2479,-13.178
12.9,12.899,6.5865
12.901,12.897,-6.5907
12.727,-6.3904,-13.174
6.3909,-12.727,-13.174
12.726,-6.3878,13.18
6.39,-12.725,13.18
12.603,-12.605,-13.175
-12.603,12.605,13.175
12.602,-12.603,13.179
-12.602,12.603,-13.179
-12.675,-12.671,13.178
12.675,12.671,-13.178
-12.674,-12.674,-13.177
12.674,12.674,13.177
