-3.8102,-9.453,-10.937
-10.03,-9.8574,-10.312
-3.8106,-9.4517,2.2405
-10.03,-9.8561,2.8655
-3.6346,-9.4962,-4.3085
-9.4944,-4.1172,-3.8005
-9.8253,-8.9355,-3.8905
-3.635,-9.4949,8.8687
-9.4948,-4.1159,9.3767
-9.8257,-8.9342,9.2867
10.087,-9.0442,-10.564
10.087,-9.0429,2.6129
10.249,-10.524,-3.6201
3.5592,-9.4296,-4.3871
10.249,-10.522,9.5571
3.5588,-9.4283,8.7901
8.864,3.2196,-10.937
-9.4557,-2.6947,-10.569
3.618,-4.4617,-10.325
-2.5155,3.5597,-10.566
2.1571,-9.9772,-10.565
-2.6385,-3.3587,-10.779
8.2446,-3.6564,-10.357
2.6443,2.8151,-10.312
8.8636,3.2209,2.24
-9.4561,-2.6934,2.608
3.6176,-4.4604,2.852
-2.5159,3.561,2.611
2.1567,-9.9759,2.612
-2.6389,-3.3573,2.398
8.2442,-3.655,2.82
2.6439,2.8164,2.865
3.0406,-4.8663,-3.954
-2.3533,2.0803,-3.622
9.0397,3.1763,-4.309
3.1799,8.5553,-3.801
-9.0432,3.1742,-4.389
-3.3552,-3.2081,-3.65
9.6181,-3.2089,-4.372
2.8489,3.7371,-3.891
3.0401,-4.865,9.2232
-2.3537,2.0816,9.5552
9.0392,3.1776,8.8682
3.1794,8.5566,9.3762
-9.0436,3.1755,8.7882
-3.3557,-3.2068,9.5272
9.6176,-3.2075,8.8052
2.8485,3.7384,9.2862
-8.9844,8.1421,-10.327
-10.445,2.6267,-10.567
-4.3578,8.9475,-10.359
-8.9848,8.1434,2.8501
-10.446,2.628,2.6101
-4.3582,8.9488,2.8181
-9.5618,7.7375,-3.9559
-2.9843,9.395,-4.3739
-9.5623,7.7389,9.2213
-2.9848,9.3963,8.8033
3.2185,9.9778,-10.57
10.036,9.3139,-10.78
3.2181,9.9792,2.6075
10.035,9.3152,2.3975
9.319,9.4644,-3.6505
9.3186,9.4657,9.5268
-9.1892,-4.1688,-10.508
-9.0732,-9.5909,-9.1698
-9.1896,-4.1675,2.6695
-9.0736,-9.5895,4.0075
-2.8765,-10.765,-4.1225
-9.6259,-9.9424,-2.8125
-2.877,-10.763,9.0547
-9.6263,-9.9411,10.365
9.8706,-10.137,-9.6073
3.6275,-10.226,-10.772
9.4696,-3.405,-9.5063
9.8701,-10.136,3.5699
3.6271,-10.224,2.4049
9.4692,-3.4037,3.6709
9.2995,-9.3702,-3.4531
3.4708,-10.921,-4.3331
9.844,-3.9552,-3.0911
9.2991,-9.3689,9.7241
3.4704,-10.92,8.8441
9.8435,-3.9539,10.086
2.6832,-3.2922,-10.586
-2.7318,2.4665,-9.6092
-2.6067,-10.261,-11.266
3.4851,8.5038,-10.508
-3.4665,-4.4837,-11.229
-8.9749,2.3781,-10.774
3.601,3.0817,-9.1702
-3.1328,9.1989,-9.5082
2.6828,-3.2909,2.591
-2.7323,2.4678,3.568
-2.6071,-10.259,1.911
3.4846,8.5051,2.669
-3.4669,-4.4823,1.948
-8.9753,2.3794,2.403
3.6006,3.083,4.007
-3.1332,9.2002,3.669
9.7977,1.9078,-4.123
-8.9265,-3.346,-2.661
2.8065,-3.5575,-4.711
-3.3029,3.2336,-3.455
-1.9516,-2.9303,-4.101
-9.1316,1.6829,-4.335
3.0483,2.7301,-2.813
-2.7584,8.6486,-3.093
9.7972,1.9091,9.0542
-8.9269,-3.3447,10.516
2.8061,-3.5561,8.4662
-3.3033,3.2349,9.7222
-1.952,-2.9289,9.0762
-9.132,1.6842,8.8422
3.0479,2.7315,10.364
-2.7589,8.6499,10.084
-9.9192,9.3117,-10.588
-9.9196,9.313,2.5891
-9.7959,9.0464,-4.7129
-9.7963,9.0477,8.4643
10.068,2.4118,-11.267
9.2077,8.1889,-11.23
10.067,2.4131,1.9105
9.2073,8.1902,1.9475
3.7477,9.3265,-2.6615
10.723,9.7423,-4.1015
3.7473,9.3278,10.516
10.722,9.7436,9.0758
-5.7576,-12.71,-10.405
-12.51,-5.7831,-10.299
-6.8069,-7.3571,-10.479
-1.0553,-13.588,-10.879
-13.056,-13.132,-10.199
-9.4289,-13.174,-7.8058
-6.2999,-10.116,-14.493
-12.216,-3.2184,-13.905
-12.557,-9.4629,-13.825
-9.5264,-12.713,-13.371
-9.6403,-6.3735,-13.632
-11.553,-12.706,-3.9645
-5.758,-12.709,2.7725
-12.511,-5.7818,2.8785
-6.8073,-7.3558,2.6985
-1.0557,-13.587,2.2985
-13.056,-13.131,2.9785
-7.2281,-13.484,-3.6065
-13.048,-6.7484,-3.8015
-9.4293,-13.172,5.3715
-3.1983,-13.044,-6.8425
-9.4958,-6.479,-6.9145
-12.784,-9.8236,-6.9325
-6.3004,-10.114,-1.3155
-12.216,-3.2171,-0.72754
-6.3244,-10.077,-6.7365
-12.548,-3.2935,-6.6535
-12.558,-9.4616,-0.64754
-9.5269,-12.711,-0.19354
-3.1502,-13.31,-1.4935
-9.6407,-6.3722,-0.45454
-11.554,-12.704,9.2127
-7.2285,-13.483,9.5707
-13.048,-6.7471,9.3757
-3.1987,-13.042,6.3347
-9.4962,-6.4777,6.2627
-12.784,-9.8223,6.2447
-6.3008,-10.113,11.862
-12.216,-3.2158,12.45
-6.3248,-10.076,6.4407
-12.549,-3.2922,6.5237
-12.558,-9.4602,12.53
-9.5273,-12.71,12.984
-3.1506,-13.308,11.684
-9.6412,-6.3709,12.723
-13.658,-0.98429,-10.881
-13.658,-0.98298,2.2966
7.1263,-12.177,-10.545
12.766,-5.7144,-10.297
12.221,-13.063,-10.197
5.9914,-7.6526,-10.556
3.1029,-12.126,-7.5803
9.2024,-6.5516,-7.8363
6.8562,-9.9627,-13.961
13.061,-3.1497,-13.903
12.72,-9.3942,-13.823
3.3793,-12.592,-13.677
9.2561,-6.1712,-13.465
9.7079,-13.035,-14.229
13.723,-12.637,-3.9631
6.9272,-6.2809,-3.9421
0.30299,-12.591,-4.2081
7.1259,-12.176,2.6319
12.766,-5.7131,2.8799
12.221,-13.062,2.9799
5.991,-7.6513,2.6209
6.1394,-13.527,-3.7791
12.229,-6.6797,-3.8001
3.1024,-12.125,5.5969
9.2019,-6.5503,5.3409
9.5746,-13.257,-6.8211
12.493,-9.7549,-6.9311
6.8557,-9.9614,-0.7841
13.061,-3.1484,-0.7261
6.9434,-10.138,-6.4471
12.728,-3.2248,-6.6521
12.719,-9.3929,-0.6461
3.3789,-12.591,-0.5001
9.2557,-6.1699,-0.2881
9.7075,-13.034,-1.0521
13.723,-12.636,9.2141
6.9267,-6.2796,9.2351
0.30255,-12.59,8.9691
6.139,-13.526,9.3981
12.229,-6.6784,9.3771
9.5741,-13.256,6.3561
12.492,-9.7536,6.2461
6.8553,-9.9601,12.393
13.06,-3.1471,12.451
6.943,-10.137,6.7301
12.728,-3.2235,6.5251
12.719,-9.3916,12.531
3.3785,-12.59,12.677
9.2552,-6.1686,12.889
9.7071,-13.032,12.125
0.16378,-6.1977,-10.92
-5.4761,0.42648,-10.547
6.9166,-0.037378,-10.405
0.16378,6.8894,-10.299
5.8673,5.3154,-10.479
11.619,-0.9156,-10.879
-0.3814,-0.45952,-10.199
-6.611,4.9513,-10.558
-3.4106,-6.1447,-7.7992
-9.4995,0.4774,-7.5822
3.2453,-0.50124,-7.8062
-3.4,6.0522,-7.8382
2.8416,-6.8758,-7.7142
-1.0956,-9.8358,-8.2142
0.84613,-3.254,-14.315
-5.7462,2.6411,-13.963
6.3743,2.557,-14.493
0.45864,9.4541,-13.905
-0.76678,-9.7573,-14.039
-6.3982,-3.6634,-13.064
5.4897,-3.7271,-13.623
0.11711,3.2097,-13.825
-3.055,-6.3023,-14.127
-9.2231,0.011412,-13.679
3.1478,-0.040207,-13.371
-3.3463,6.4326,-13.467
3.0078,-7.6416,-13.746
-2.8945,-0.43124,-14.231
3.0339,6.299,-13.632
1.1208,-0.033234,-3.965
-5.6752,6.3229,-3.944
-6.3951,-5.927,-3.984
-12.299,0.012728,-4.21
0.16334,-6.1964,2.257
-5.4765,0.4278,2.63
6.9162,-0.036062,2.772
0.16334,6.8908,2.878
5.8669,5.3167,2.698
11.618,-0.91429,2.298
-0.38184,-0.45821,2.978
-6.6114,4.9526,2.619
-0.65761,-6.2636,-4.456
-6.463,-0.92348,-3.781
5.4461,-0.81176,-3.607
-0.37335,5.9241,-3.802
-3.4111,-6.1433,5.378
-9.5,0.47871,5.595
3.2449,-0.49992,5.371
-3.4005,6.0535,5.339
2.8412,-6.8745,5.463
-3.0278,-0.65337,-6.823
9.4759,-0.37123,-6.843
3.1784,6.1935,-6.915
-1.096,-9.8344,4.963
-7.1298,-3.375,-7.488
5.3874,-3.8233,-7.147
-0.1096,2.8489,-6.933
0.8457,-3.2527,-1.138
-5.7467,2.6425,-0.786
6.3739,2.5583,-1.316
0.45821,9.4554,-0.728
0.43346,-3.5999,-7.339
-5.659,2.4657,-6.449
6.3498,2.5951,-6.737
0.12587,9.3791,-6.654
-0.76721,-9.756,-0.862
-6.3986,-3.6621,0.113
5.4893,-3.7257,-0.446
0.11667,3.211,-0.648
-3.0554,-6.301,-0.95
-9.2235,0.012728,-0.502
3.1473,-0.038891,-0.194
-3.3467,6.434,-0.29
3.0073,-7.6403,-0.569
-2.8949,-0.42992,-1.054
9.524,-0.6371,-1.494
3.0335,6.3003,-0.455
1.1203,-0.031918,9.2122
-5.6757,6.3243,9.2332
-6.3955,-5.9257,9.1932
-12.3,0.014044,8.9672
-0.65804,-6.2622,8.7212
-6.4634,-0.92217,9.3962
5.4457,-0.81044,9.5702
-0.37379,5.9255,9.3752
-3.0283,-0.65205,6.3542
9.4755,-0.36992,6.3342
3.178,6.1949,6.2622
-7.1302,-3.3737,5.6892
5.387,-3.822,6.0302
-0.11004,2.8502,6.2442
0.84527,-3.2514,12.039
-5.7471,2.6438,12.391
6.3734,2.5596,11.861
0.45777,9.4567,12.449
0.43302,-3.5986,5.8382
-5.6594,2.467,6.7282
6.3494,2.5964,6.4402
0.12543,9.3804,6.5232
-0.76764,-9.7546,12.315
-6.399,-3.6608,13.29
5.4888,-3.7244,12.731
0.11624,3.2123,12.529
-3.0558,-6.2997,12.227
-9.2239,0.014044,12.675
3.1469,-0.037575,12.983
-3.3472,6.4353,12.887
3.0069,-7.639,12.608
-2.8953,-0.4286,12.123
9.5236,-0.63579,11.683
3.0331,6.3016,12.722
-12.439,6.4062,-10.922
-5.6858,12.566,-10.407
-0.9835,11.688,-10.881
-12.984,12.144,-10.201
-9.3571,12.103,-7.8081
-9.7608,5.728,-7.7161
-13.698,2.7681,-8.2161
-11.756,9.3498,-14.317
-13.369,2.8466,-14.041
-7.1127,8.8768,-13.625
-9.4546,12.564,-13.373
-9.5946,4.9622,-13.748
-11.482,12.571,-3.9669
-12.439,6.4075,2.2551
-5.6862,12.568,2.7701
-0.98393,11.69,2.2961
-12.984,12.146,2.9761
-13.26,6.3403,-4.4579
-7.1563,11.792,-3.6089
-9.3575,12.104,5.3691
-9.7612,5.7294,5.4611
-3.1265,12.233,-6.8449
-13.698,2.7694,4.9611
-7.215,8.7805,-7.1489
-11.757,9.3512,-1.1399
-12.169,9.004,-7.3409
-13.37,2.8479,-0.8639
-7.1131,8.8781,-0.4479
-9.4551,12.565,-0.1959
-9.5951,4.9636,-0.5709
-3.0784,11.967,-1.4959
-11.482,12.572,9.2103
-13.26,6.3416,8.7193
-7.1567,11.793,9.5683
-3.1269,12.234,6.3323
-7.2154,8.7818,6.0283
-11.757,9.3525,12.037
-12.169,9.0053,5.8363
-13.37,2.8492,12.313
-7.1136,8.8794,12.729
-9.4555,12.566,12.981
-9.5955,4.9649,12.606
-3.0788,11.968,11.681
12.977,0.081415,-4.2086
12.977,0.082731,8.9687
12.838,6.4748,-10.921
7.1981,13.099,-10.548
12.293,12.213,-10.2
9.2636,6.5279,-7.7997
3.1747,13.15,-7.5827
11.579,2.8368,-8.2147
13.52,9.4185,-14.316
11.907,2.9153,-14.04
6.276,9.0091,-13.065
9.6192,6.3702,-14.128
3.4511,12.684,-13.68
9.7797,12.241,-14.232
13.795,12.639,-3.9655
6.2791,6.7456,-3.9845
0.3748,12.685,-4.2105
12.838,6.4762,2.2565
7.1977,13.1,2.6295
12.292,12.214,2.9775
12.017,6.409,-4.4565
6.2113,11.749,-3.7815
9.2631,6.5292,5.3775
3.1742,13.151,5.5945
9.6464,12.019,-6.8235
11.578,2.8381,4.9625
5.5445,9.2975,-7.4885
13.52,9.4198,-1.1385
13.108,9.0727,-7.3395
11.907,2.9166,-0.86246
6.2756,9.0104,0.11254
9.6188,6.3715,-0.95046
3.4507,12.685,-0.50246
9.7793,12.243,-1.0545
13.795,12.641,9.2118
6.2787,6.7469,9.1928
0.37436,12.687,8.9668
12.016,6.4103,8.7208
6.2108,11.75,9.3958
9.6459,12.02,6.3538
5.544,9.2988,5.6888
13.519,9.4212,12.039
13.107,9.074,5.8378
11.907,2.9179,12.315
6.2752,9.0117,13.29
9.6184,6.3728,12.227
3.4503,12.687,12.675
9.7789,12.244,12.123
9.3468,11.629,12.634
3.1703,13.305,13.767
9.3405,11.608,12.645
0,0,0
-5.9418,-0.34719,-0.466
0.094319,-0.42153,6.2422
0.32598,-6.2657,-0.75
6.4997,-0.35497,-0.124
-0.15061,6.5202,-0.005
0.094752,-0.42285,-6.935
6.2438,5.8379,-0.996
-6.5563,-0.40022,5.579
-0.25358,6.1432,6.3792
-6.575,5.9768,-0.8139
-0.34904,-6.7508,5.8532
5.9987,-0.96318,6.5842
5.9991,-0.96449,-6.593
6.0274,-6.627,-0.812
-0.25314,6.1419,-6.798
-6.4305,-6.8347,-0.99554
-0.3486,-6.7522,-7.324
-6.5559,-0.40154,-7.5982
-6.4535,5.4489,5.7892
6.1875,5.9502,5.8352
-6.4868,-6.7223,5.8357
6.1489,-7.155,5.7911
-6.4531,5.4476,-7.388
6.1879,5.9489,-7.342
-6.4863,-6.7236,-7.3415
6.1493,-7.1563,-7.3861
-12.614,-0.027202,-1.1679
-0.012021,-12.631,-1.166
0.059787,12.645,-1.1684
12.662,0.041485,-1.1665
0.00043346,-0.0013159,-13.177
-0.00043346,0.0013159,13.177
12.259,-0.2086,5.222
-0.34329,12.395,5.2201
-6.1027,12.249,-0.1259
-12.276,6.3382,-0.7519
12.452,-6.0836,-0.003097
-0.4151,-12.881,5.2225
0.32554,-6.2644,12.427
-13.018,-0.27728,5.2206
-5.9423,-0.34587,12.711
6.7324,12.325,-0.46646
-12.825,-6.1523,-0.004539
-6.1745,-13.028,-0.12354
13,6.4069,-0.75046
6.6606,-12.951,-0.4641
6.4993,-0.35365,13.053
12.26,-0.20991,-7.9552
-0.15105,6.5215,13.172
-0.15018,6.5189,-13.182
-0.34286,12.394,-7.9571
6.1179,12.272,5.5785
6.5002,-0.35628,-13.301
12.325,5.9217,5.8528
6.2433,5.8392,12.181
-5.9414,-0.34851,-13.643
-6.6037,11.641,6.5823
-6.6033,11.639,-6.5949
-0.41467,-12.882,-7.9548
-6.5755,5.9782,12.363
-13.017,-0.2786,-7.9567
6.0269,-6.6257,12.365
0.32641,-6.267,-13.927
12.349,-6.4606,6.3811
-12.951,5.853,5.8513
-6.4309,-6.8333,12.182
6.0461,-13.004,5.5809
12.349,-6.4619,-6.7961
12.326,5.9204,-7.3245
6.1184,12.271,-7.5987
-12.928,-6.5293,6.3797
-12.951,5.8517,-7.3259
-12.927,-6.5306,-6.7975
6.0465,-13.005,-7.5963
-6.6756,-13.636,6.5847
6.2442,5.8366,-14.173
-6.6751,-13.637,-6.5925
-6.5746,5.9755,-13.991
6.0278,-6.6283,-13.989
-6.43,-6.836,-14.173
-12.615,-0.025886,12.009
-0.012454,-12.63,12.011
0.059354,12.647,12.009
12.662,0.042801,12.011
12.602,-12.604,0.001903
-12.602,12.604,-0.001903
-12.674,-12.673,0.000461
12.674,12.673,-0.000461
-12.508,12.182,6.2403
-12.277,6.3395,12.425
12.769,12.251,6.2418
-12.508,12.181,-6.9369
-6.1031,12.25,13.051
6.732,12.327,12.711
12.769,12.25,-6.9355
-6.1022,12.248,-13.303
13,6.4082,12.427
-12.614,-0.028518,-14.345
-0.011587,-12.632,-14.343
12.451,-6.0823,13.174
0.060221,12.644,-14.346
12.452,-6.0849,-13.18
12.663,0.040169,-14.344
-12.58,-13.094,6.2427
12.697,-13.025,6.2441
6.6602,-12.95,12.713
-12.825,-6.151,13.173
-12.824,-6.1536,-13.182
-12.579,-13.095,-6.9345
-6.1749,-13.026,13.054
12.697,-13.027,-6.9331
6.7328,12.324,-13.644
-6.1741,-13.029,-13.301
-12.276,6.3369,-13.929
6.661,-12.952,-13.641
13.001,6.4055,-13.928
12.603,-12.605,-13.175
-12.603,12.605,13.175
12.602,-12.603,13.179
-12.602,12.603,-13.179
-12.675,-12.671,13.178
12.675,12.671,-13.178
-12.674,-12.674,-13.177
12.674,12.674,13.177
