-3.1917,-9.154,-9.6833
-9.6356,-3.1938,-8.8423
-8.676,-9.0183,-8.6423
-3.1917,-9.154,2.364
-9.6356,-3.1938,3.205
-8.676,-9.0183,3.405
-8.9688,-9.0847,-2.651
-3.1097,-9.6179,-2.633
-8.9688,-9.0847,9.3963
-3.1097,-9.6179,9.4143
8.9224,-8.6862,-9.7253
8.9224,-8.6862,2.322
9.3226,-8.5731,-3.554
9.3226,-8.5731,8.4933
2.5739,-3.0802,-9.4613
-3.1162,3.3524,-9.7253
8.8664,2.9041,-9.6833
2.4225,8.8643,-8.8423
-2.5484,-2.2953,-8.9133
3.6699,-8.6875,-9.2223
3.3821,3.0399,-8.6423
9.6258,-2.2917,-8.7503
2.5739,-3.0802,2.586
-3.1162,3.3524,2.322
8.8664,2.9041,2.364
2.4225,8.8643,3.205
-2.5484,-2.2953,3.134
3.6699,-8.6875,2.825
3.3821,3.0399,3.405
9.6258,-2.2917,3.297
3.0823,-8.9795,-2.695
-3.1905,-3.0505,-2.612
8.7908,-2.7181,-3.664
3.0893,2.9734,-2.651
8.9484,2.4402,-2.633
-8.7024,-2.692,-3.248
2.3681,-3.4344,-2.536
-2.716,3.4655,-3.554
3.0823,-8.9795,9.3523
-3.1905,-3.0505,9.4353
8.7908,-2.7181,8.3833
3.0893,2.9734,9.3963
8.9484,2.4402,9.4143
-8.7024,-2.692,8.7993
2.3681,-3.4344,9.5113
-2.716,3.4655,8.4933
-9.4648,8.9585,-9.4613
-8.3687,3.3511,-9.2223
-2.4128,9.7469,-8.7503
-9.4648,8.9585,2.586
-8.3687,3.3511,2.825
-2.4128,9.7469,3.297
-8.9564,3.0591,-2.695
-3.2479,9.3205,-3.664
-9.6705,8.6042,-2.536
-8.9564,3.0591,9.3523
-3.2479,9.3205,8.3833
-9.6705,8.6042,9.5113
9.5097,9.7629,-8.9133
9.5097,9.7629,3.134
8.8677,9.0077,-2.612
3.3558,9.3662,-3.248
8.8677,9.0077,9.4353
3.3558,9.3662,8.7993
-9.2566,-8.944,-10.008
-9.2566,-8.944,2.039
-7.9343,-8.821,-3.7
-8.1846,-4.0975,-3.204
-7.9343,-8.821,8.3473
-8.1846,-4.0975,8.8433
9.964,-9.2159,-8.7823
9.964,-9.2159,3.265
4.1685,-9.0009,-3.715
9.8006,-2.6886,-2.552
9.5326,-9.93,-2.974
4.1685,-9.0009,8.3323
9.8006,-2.6886,9.4953
9.5326,-9.93,9.0733
-2.3257,-8.9216,-8.5043
-8.8098,-3.0003,-10.07
3.1431,-3.4174,-8.1263
-2.0747,2.8228,-8.7823
2.8341,-9.1457,-10.377
-3.5497,-3.3644,-9.2183
8.7674,-2.634,-9.9233
2.8016,3.1141,-10.008
-2.3257,-8.9216,3.543
-8.8098,-3.0003,1.977
3.1431,-3.4174,3.921
-2.0747,2.8228,3.265
2.8341,-9.1457,1.67
-3.5497,-3.3644,2.829
8.7674,-2.634,2.124
2.8016,3.1141,2.039
-7.8701,3.0377,-3.715
-2.4643,-3.1473,-3.906
-2.238,9.3501,-2.552
4.1238,3.2371,-3.7
-1.8639,-9.3706,-3.426
3.8735,7.9606,-3.204
3.5744,-3.2463,-3.405
-2.506,2.1086,-2.974
-7.8701,3.0377,8.3323
-2.4643,-3.1473,8.1413
-2.238,9.3501,9.4953
4.1238,3.2371,8.3473
-1.8639,-9.3706,8.6213
3.8735,7.9606,8.8433
3.5744,-3.2463,8.6423
-2.506,2.1086,9.0733
-8.8955,8.6212,-8.1263
-9.2045,2.8929,-10.377
-3.2712,9.4047,-9.9233
-8.8955,8.6212,3.921
-9.2045,2.8929,1.67
-3.2712,9.4047,2.124
-8.4642,8.7923,-3.405
-8.4642,8.7923,8.6423
9.7324,3.1366,-8.5043
3.2483,9.0579,-10.07
8.5084,8.6937,-9.2183
9.7324,3.1366,3.543
3.2483,9.0579,1.977
8.5084,8.6937,2.829
9.5939,8.9108,-3.906
10.194,2.6875,-3.426
9.5939,8.9108,8.1413
10.194,2.6875,8.6213
-6.1319,-13.182,-9.4873
-11.661,-6.7477,-9.1893
-11.772,-11.535,-8.9573
-8.5353,-12.212,-6.6863
-5.9933,-9.2841,-11.759
-11.641,-2.9237,-11.781
-5.5414,-9.1349,-6.6803
-12.322,-8.9589,-12.743
-2.7052,-12.12,-12.008
-8.9193,-6.2408,-12.282
-8.9101,-11.894,-11.952
-5.5103,-6.4918,-3.006
0.04189,-12.149,-3.079
-12.368,-12.685,-3.149
-6.1319,-13.182,2.56
-11.661,-6.7477,2.858
-11.772,-11.535,3.09
-6.4932,-11.978,-3.385
-12.12,-5.4191,-3.218
-8.5353,-12.212,5.361
-2.6083,-11.408,-6.336
-8.7786,-6.1382,-5.688
-11.519,-9.1844,-5.776
-5.9933,-9.2841,0.288
-11.641,-2.9237,0.266
-5.5414,-9.1349,5.367
-12.06,-2.9789,-6.085
-12.322,-8.9589,-0.696
-2.7052,-12.12,0.039
-8.9193,-6.2408,-0.235
-8.9101,-11.894,0.095
-5.5103,-6.4918,9.0413
0.04189,-12.149,8.9683
-12.368,-12.685,8.8983
-6.4932,-11.978,8.6623
-12.12,-5.4191,8.8293
-2.6083,-11.408,5.7113
-8.7786,-6.1382,6.3593
-11.519,-9.1844,6.2713
-5.9933,-9.2841,12.335
-11.641,-2.9237,12.313
-12.06,-2.9789,5.9623
-12.322,-8.9589,11.351
-2.7052,-12.12,12.086
-8.9193,-6.2408,11.812
-8.9101,-11.894,12.142
-11.997,-0.11,-3.079
-11.997,-0.11,8.9683
5.7977,-13.136,-9.1203
12.436,-6.7283,-9.1893
12.324,-11.515,-8.9573
9.2958,-5.6556,-6.9393
5.9801,-9.1692,-11.49
12.456,-2.9042,-11.781
6.6646,-9.0985,-6.7433
11.775,-8.9394,-12.743
9.0794,-11.771,-12.151
3.2528,-11.957,-12.559
9.3092,-5.1854,-12.326
11.729,-12.665,-3.149
6.2849,-6.3075,-3.687
5.7977,-13.136,2.927
12.436,-6.7283,2.858
12.324,-11.515,3.09
6.4362,-11.641,-3.244
11.977,-5.3996,-3.218
3.3313,-11.443,-5.78
9.2958,-5.6556,5.108
9.5489,-11.997,-6.185
12.577,-9.165,-5.776
5.9801,-9.1692,0.557
12.456,-2.9042,0.266
6.6646,-9.0985,5.304
12.037,-2.9594,-6.085
11.775,-8.9394,-0.696
9.0794,-11.771,-0.104
3.2528,-11.957,-0.512
9.3092,-5.1854,-0.279
11.729,-12.665,8.8983
6.2849,-6.3075,8.3603
6.4362,-11.641,8.8033
11.977,-5.3996,8.8293
3.3313,-11.443,6.2673
9.5489,-11.997,5.8623
12.577,-9.165,6.2713
5.9801,-9.1692,12.604
12.456,-2.9042,12.313
12.037,-2.9594,5.9623
11.775,-8.9394,11.351
9.0794,-11.771,11.943
3.2528,-11.957,11.535
9.3092,-5.1854,11.768
0.75873,-6.6178,-9.2693
-6.2409,-1.0974,-9.1203
5.9263,-1.1236,-9.4873
0.39739,5.3104,-9.1893
0.45326,-11.104,-9.0903
-6.4877,-5.3224,-9.2093
5.753,-4.9342,-9.6373
0.28567,0.52326,-8.9573
-2.8263,-5.9446,-6.9843
3.5228,-0.15415,-6.6863
-2.7429,6.3831,-6.9393
-0.012021,-2.9847,-11.793
-6.0585,2.8694,-11.49
6.0649,2.774,-11.759
0.41719,9.1344,-11.781
-5.374,2.9401,-6.7433
6.5167,2.9232,-6.6803
0.056569,-8.9803,-12.618
-6.0019,-3.2202,-12.401
6.0712,-3.1169,-13.223
-0.26375,3.0992,-12.743
3.2195,-6.1978,-12.187
-2.9592,0.26799,-12.151
9.3529,-0.061518,-12.008
3.1388,5.8174,-12.282
-2.832,-5.8499,-11.443
-8.7858,0.081317,-12.559
3.148,0.16405,-11.952
-2.7294,6.8533,-12.326
6.5478,5.5663,-3.006
12.1,-0.09051,-3.079
-0.30971,-0.6265,-3.149
-5.7537,5.7311,-3.687
0.75873,-6.6178,2.778
-6.2409,-1.0974,2.927
5.9263,-1.1236,2.56
0.39739,5.3104,2.858
0.45326,-11.104,2.957
-6.4877,-5.3224,2.838
5.753,-4.9342,2.41
0.28567,0.52326,3.09
-0.75165,-5.9319,-3.453
-5.6024,0.3981,-3.244
5.5649,0.08061,-3.385
-0.061518,6.639,-3.218
-2.8263,-5.9446,5.063
-8.7073,0.59538,-5.78
3.5228,-0.15415,5.361
-2.7429,6.3831,5.108
3.2817,-5.8386,-5.787
-2.4897,0.041719,-6.185
9.4498,0.65054,-6.336
3.2796,5.9199,-5.688
0.48578,-8.9569,-6.068
-5.6335,-3.1219,-5.848
6.1624,-3.078,-6.052
0.53882,2.8737,-5.776
-0.012021,-2.9847,0.254
-6.0585,2.8694,0.557
6.0649,2.774,0.288
0.41719,9.1344,0.266
0.59256,-2.9911,-6.115
-5.374,2.9401,5.304
6.5167,2.9232,5.367
-0.0014142,9.0793,-6.085
0.056569,-8.9803,-0.571
-6.0019,-3.2202,-0.354
6.0712,-3.1169,-1.176
-0.26375,3.0992,-0.696
3.2195,-6.1978,-0.14
-2.9592,0.26799,-0.104
9.3529,-0.061518,0.039
3.1388,5.8174,-0.235
-2.832,-5.8499,0.604
-8.7858,0.081317,-0.512
3.148,0.16405,0.095
-2.7294,6.8533,-0.279
6.5478,5.5663,9.0413
12.1,-0.09051,8.9683
-0.30971,-0.6265,8.8983
-5.7537,5.7311,8.3603
-0.75165,-5.9319,8.5943
-5.6024,0.3981,8.8033
5.5649,0.08061,8.6623
-0.061518,6.639,8.8293
-8.7073,0.59538,6.2673
3.2817,-5.8386,6.2603
-2.4897,0.041719,5.8623
9.4498,0.65054,5.7113
3.2796,5.9199,6.3593
0.48578,-8.9569,5.9793
-5.6335,-3.1219,6.1993
6.1624,-3.078,5.9953
0.53882,2.8737,6.2713
-0.012021,-2.9847,12.301
-6.0585,2.8694,12.604
6.0649,2.774,12.335
0.41719,9.1344,12.313
0.59256,-2.9911,5.9323
-0.0014142,9.0793,5.9623
0.056569,-8.9803,11.476
-6.0019,-3.2202,11.693
6.0712,-3.1169,10.871
-0.26375,3.0992,11.351
3.2195,-6.1978,11.907
-2.9592,0.26799,11.943
9.3529,-0.061518,12.086
3.1388,5.8174,11.812
-2.832,-5.8499,12.651
-8.7858,0.081317,11.535
3.148,0.16405,12.142
-2.7294,6.8533,11.768
-11.28,5.4208,-9.2693
-6.1124,10.915,-9.4873
-11.585,0.93493,-9.0903
-6.2856,7.1044,-9.6373
-11.753,12.562,-8.9573
-8.5158,11.884,-6.6863
-12.051,9.0539,-11.793
-11.982,3.0584,-12.618
-5.9674,8.9217,-13.223
-8.8192,5.8408,-12.187
-2.6857,11.977,-12.008
-8.8906,12.203,-11.952
0.061379,11.948,-3.079
-12.348,11.412,-3.149
-11.28,5.4208,2.778
-6.1124,10.915,2.56
-11.585,0.93493,2.957
-6.2856,7.1044,2.41
-11.753,12.562,3.09
-12.79,6.1067,-3.453
-6.4737,12.119,-3.385
-8.5158,11.884,5.361
-8.7569,6.2001,-5.787
-2.5889,12.689,-6.336
-11.553,3.0817,-6.068
-5.8762,8.9606,-6.052
-12.051,9.0539,0.254
-11.446,9.0476,-6.115
-11.982,3.0584,-0.571
-5.9674,8.9217,-1.176
-8.8192,5.8408,-0.14
-2.6857,11.977,0.039
-8.8906,12.203,0.095
0.061379,11.948,8.9683
-12.348,11.412,8.8983
-12.79,6.1067,8.5943
-6.4737,12.119,8.6623
-8.7569,6.2001,6.2603
-2.5889,12.689,5.7113
-11.553,3.0817,5.9793
-5.8762,8.9606,5.9953
-12.051,9.0539,12.301
-11.446,9.0476,5.9323
-11.982,3.0584,11.476
-5.9674,8.9217,10.871
-8.8192,5.8408,11.907
-2.6857,11.977,12.086
-8.8906,12.203,12.142
12.817,5.4403,-9.2693
5.8172,10.961,-9.1203
12.511,0.95442,-9.0903
5.5704,6.7357,-9.2093
12.344,12.581,-8.9573
9.2318,6.1135,-6.9843
12.046,9.0734,-11.793
12.115,3.0779,-12.618
6.0562,8.838,-12.401
9.0989,12.326,-12.151
9.2262,6.2082,-11.443
3.2723,12.139,-12.559
11.748,11.432,-3.149
12.817,5.4403,2.778
5.8172,10.961,2.927
12.511,0.95442,2.957
5.5704,6.7357,2.838
12.344,12.581,3.09
11.306,6.1262,-3.453
6.4557,12.456,-3.244
9.2318,6.1135,5.063
3.3508,12.654,-5.78
9.5684,12.1,-6.185
12.544,3.1012,-6.068
6.4246,8.9362,-5.848
12.046,9.0734,0.254
12.651,9.0671,-6.115
12.115,3.0779,-0.571
6.0562,8.838,-0.354
9.0989,12.326,-0.104
9.2262,6.2082,0.604
3.2723,12.139,-0.512
11.748,11.432,8.8983
11.306,6.1262,8.5943
6.4557,12.456,8.8033
3.3508,12.654,6.2673
9.5684,12.1,5.8623
12.544,3.1012,5.9793
6.4246,8.9362,6.1993
12.046,9.0734,12.301
12.651,9.0671,5.9323
12.115,3.0779,11.476
6.0562,8.838,11.693
9.0989,12.326,11.943
9.2262,6.2082,12.651
3.2723,12.139,11.535
0.47274,12.993,-9.0903
0.47274,12.993,2.957
0,0,0
-5.9545,-0.062933,0.157
0.23335,5.992,-0.203
0.11879,-6.009,-0.235
0.38254,0.11667,6.0143
0.38254,0.11667,-6.033
6.0451,-0.17748,-0.221
-5.7205,0.0098995,5.8693
0.40729,-6.0825,5.7193
-5.7205,0.0098995,-6.178
6.2996,0.02192,5.6853
-5.8606,6.1435,-0.217
-5.7967,-6.2521,-0.049
6.2614,5.8061,-0.049
6.178,-5.8951,-0.217
0.078489,6.2897,5.8673
0.40729,-6.0825,-6.328
0.078489,6.2897,-6.18
6.2996,0.02192,-6.362
-5.6095,5.98,5.597
-5.6378,-6.1073,5.474
6.4204,5.9508,5.474
-5.6095,5.98,-6.4503
6.4292,-6.0586,5.597
-5.6378,-6.1073,-6.5733
6.4292,-6.0586,-6.4503
6.4204,5.9508,-6.5733
-11.783,0.155,-0.085
0.25597,-11.884,-0.085
0,0,-12.047
0,0,12.047
0.27546,12.213,-0.085
12.314,0.17448,-0.085
-11.618,-0.04879,5.8133
-11.618,-0.04879,-6.234
0.11879,-6.009,11.812
0.23335,5.992,11.844
6.0451,-0.17748,11.826
-5.9936,11.861,-0.221
-11.825,-6.0661,-0.203
-5.9545,-0.062933,-11.89
0.43965,12.009,5.8133
-11.92,6.0296,-0.235
0.42016,-12.087,5.8133
6.1036,11.995,0.157
0.43965,12.009,-6.234
6.0841,-12.102,0.157
-5.9545,-0.062933,12.204
12.177,6.0491,-0.235
0.42016,-12.087,-6.234
-6.0131,-12.236,-0.221
0.23335,5.992,-12.25
0.11879,-6.009,-12.282
6.0451,-0.17748,-12.268
12.272,-6.0466,-0.203
12.478,-0.029302,5.8133
12.478,-0.029302,-6.234
-11.631,5.9561,5.7193
-5.7585,-12.036,5.6853
-5.739,12.061,5.6853
-11.631,5.9561,-6.328
-11.98,-5.7684,5.8673
-5.8606,6.1435,11.83
6.178,-5.8951,11.83
12.117,-5.7489,5.8673
-11.98,-5.7684,-6.18
-5.7967,-6.2521,11.998
6.2614,5.8061,11.998
12.117,-5.7489,-6.18
-5.7585,-12.036,-6.362
-5.739,12.061,-6.362
-5.7967,-6.2521,-12.096
6.3181,-12.029,5.8693
6.2614,5.8061,-12.096
6.3376,12.068,5.8693
-5.8606,6.1435,-12.264
6.3181,-12.029,-6.178
6.178,-5.8951,-12.264
12.465,5.9756,5.7193
6.3376,12.068,-6.178
12.465,5.9756,-6.328
-11.783,0.155,11.962
0.25597,-11.884,11.962
-11.783,0.155,-12.132
0.25597,-11.884,-12.132
12.039,-12.039,0
-12.039,12.039,0
-12.058,-12.058,0
12.058,12.058,0
0.27546,12.213,11.962
12.314,0.17448,11.962
0.27546,12.213,-12.132
12.314,0.17448,-12.132
-11.676,-11.941,6.0143
-11.676,-11.941,-6.033
-5.9936,11.861,11.826
-11.825,-6.0661,11.844
-11.92,6.0296,11.812
-11.656,12.155,6.0143
-11.656,12.155,-6.033
6.1036,11.995,-11.89
12.177,6.0491,11.812
6.0841,-12.102,-11.89
-6.0131,-12.236,11.826
-11.825,-6.0661,-12.25
-5.9936,11.861,-12.268
12.272,-6.0466,11.844
-11.92,6.0296,-12.282
6.1036,11.995,12.204
6.0841,-12.102,12.204
12.421,-11.922,6.0143
12.421,-11.922,-6.033
12.177,6.0491,-12.282
-6.0131,-12.236,-12.268
12.272,-6.0466,-12.25
12.441,12.175,6.0143
12.441,12.175,-6.033
12.039,-12.039,-12.047
12.039,-12.039,12.047
-12.039,12.039,-12.047
-12.039,12.039,12.047
-12.058,-12.058,-12.047
-12.058,-12.058,12.047
12.058,12.058,-12.047
12.058,12.058,12.047
