-9.118,-8.5831,-9.3477
-9.118,-8.5831,2.4879
-9.2856,-8.5838,-3.4301
-9.2856,-8.5838,8.4056
8.2495,-8.6228,-8.8624
8.2495,-8.6228,2.9732
8.0826,-8.6228,-2.9448
8.0826,-8.6228,8.8909
2.4303,-8.6005,-9.1107
-3.3347,-2.8694,-9.1107
8.1791,-2.8518,-9.1107
2.4141,2.8793,-9.1107
-3.2301,-8.6055,-9.0987
-8.9965,-2.8744,-9.0987
2.5187,-2.8567,-9.0987
-3.2477,2.8744,-9.0987
2.4303,-8.6005,2.725
-3.3347,-2.8694,2.725
8.1791,-2.8518,2.725
2.4141,2.8793,2.725
2.2634,-8.6005,-3.193
-3.5023,-2.8701,-3.193
8.0122,-2.8518,-3.193
2.2465,2.8786,-3.193
-3.2301,-8.6055,2.737
-8.9965,-2.8744,2.737
2.5187,-2.8567,2.737
-3.2477,2.8744,2.737
-3.3976,-8.6062,-3.181
-9.1627,-2.8751,-3.181
2.3511,-2.8574,-3.181
-3.4146,2.8744,-3.181
2.2634,-8.6005,8.6427
-3.5023,-2.8701,8.6427
8.0122,-2.8518,8.6427
2.2465,2.8786,8.6427
-3.3976,-8.6062,8.6547
-9.1627,-2.8751,8.6547
2.3511,-2.8574,8.6547
-3.4146,2.8744,8.6547
-9.0669,2.8967,-9.3469
-3.3181,8.6455,-9.3469
-8.9785,8.6405,-9.3349
-9.0669,2.8967,2.4888
-3.3181,8.6455,2.4888
-9.2338,2.8967,-3.4292
-3.485,8.6455,-3.4292
-8.9785,8.6405,2.5008
-9.1461,8.6398,-3.4172
-9.2338,2.8967,8.4064
-3.485,8.6455,8.4064
-9.1461,8.6398,8.4184
8.1974,8.593,-8.8736
8.302,2.857,-8.8616
2.5355,8.5881,-8.8616
8.1974,8.593,2.9621
8.0298,8.5923,-2.9559
8.302,2.857,2.9741
2.5355,8.5881,2.9741
8.1344,2.8563,-2.9439
2.3694,8.5874,-2.9439
8.0298,8.5923,8.8797
8.1344,2.8563,8.8917
2.3694,8.5874,8.8917
3.4602,-8.6306,-8.3528
3.6271,-8.6306,-2.4348
9.3229,-8.6214,-8.3628
9.4897,-8.6214,-2.4448
3.4602,-8.6306,3.4829
3.6271,-8.6306,9.4009
9.3229,-8.6214,3.4729
9.4897,-8.6214,9.3909
-8.02,-8.614,-8.589
-2.2712,-2.8652,-8.589
-8.037,2.8666,-8.589
-7.8524,-8.6133,-2.671
-2.1036,-2.8645,-2.671
-7.8701,2.8666,-2.671
-2.1567,-8.6041,-8.599
-7.9231,-2.873,-8.599
3.5921,-2.8553,-8.599
-2.1744,2.8758,-8.599
-1.9898,-8.6041,-2.681
-7.7555,-2.8723,-2.681
3.759,-2.8553,-2.681
-2.0075,2.8758,-2.681
-8.02,-8.614,3.2467
-2.2712,-2.8652,3.2467
-8.037,2.8666,3.2467
-7.8524,-8.6133,9.1647
-2.1036,-2.8645,9.1647
-7.8701,2.8666,9.1647
-2.1567,-8.6041,3.2367
-7.9231,-2.873,3.2367
3.5921,-2.8553,3.2367
-2.1744,2.8758,3.2367
-1.9898,-8.6041,9.1547
-7.7555,-2.8723,9.1547
3.759,-2.8553,9.1547
-2.0075,2.8758,9.1547
-7.9051,8.6419,-8.8352
-7.7382,8.6419,-2.9172
-7.9051,8.6419,3.0004
-7.7382,8.6419,8.9184
9.2435,-2.9169,-8.1157
9.4104,-2.9169,-2.1977
9.2435,-2.9169,3.72
9.4104,-2.9169,9.638
3.5121,2.8485,-8.3519
-2.2537,8.5803,-8.3519
9.2608,8.5973,-8.3519
3.6796,2.8492,-2.4339
-2.0868,8.5803,-2.4339
9.4284,8.598,-2.4339
9.3754,2.8584,-8.3619
3.6089,8.5895,-8.3619
9.5423,2.8584,-2.4439
3.7765,8.5902,-2.4439
3.5121,2.8485,3.4837
-2.2537,8.5803,3.4837
9.2608,8.5973,3.4837
3.6796,2.8492,9.4017
-2.0868,8.5803,9.4017
9.4284,8.598,9.4017
9.3754,2.8584,3.4737
3.6089,8.5895,3.4737
9.5423,2.8584,9.3917
3.7765,8.5902,9.3917
-11.912,-11.479,-9.2927
-6.1538,-11.42,-9.2917
-11.92,-5.689,-9.2917
-11.782,-8.5838,-12.017
-8.7086,-11.455,-12.338
-12.079,-11.479,-3.3741
-11.912,-11.479,2.5429
-6.3214,-11.421,-3.3741
-12.087,-5.689,-3.3741
-6.1538,-11.42,2.5439
-11.92,-5.689,2.5439
-11.949,-8.5846,-6.0991
-11.782,-8.5838,-0.18106
-8.8755,-11.455,-6.4191
-8.7086,-11.455,-0.50206
-12.079,-11.479,8.4616
-6.3214,-11.421,8.4616
-12.087,-5.689,8.4616
-11.949,-8.5846,5.7366
-11.782,-8.5838,11.655
-8.8755,-11.455,5.4166
-8.7086,-11.455,11.334
11.118,-11.513,-8.8194
5.3602,-11.472,-8.8184
11.109,-5.7237,-8.8184
5.4571,-8.6278,-11.551
11.248,-8.6186,-11.543
8.5627,-11.487,-11.865
2.8062,-11.506,-11.864
8.5542,-5.7583,-11.864
10.951,-11.513,-2.9008
11.118,-11.513,3.0162
5.1934,-11.472,-2.9008
10.942,-5.7237,-2.9008
5.3602,-11.472,3.0172
11.109,-5.7237,3.0172
5.2895,-8.6271,-5.6338
5.4571,-8.6278,0.28424
11.08,-8.6193,-5.6258
11.248,-8.6186,0.29224
8.3951,-11.488,-5.9468
8.5627,-11.487,-0.029762
2.6386,-11.507,-5.9458
8.3874,-5.7583,-5.9458
2.8062,-11.506,-0.028762
8.5542,-5.7583,-0.028762
10.951,-11.513,8.9349
5.1934,-11.472,8.9349
10.942,-5.7237,8.9349
5.2895,-8.6271,6.2019
5.4571,-8.6278,12.12
11.08,-8.6193,6.2099
11.248,-8.6186,12.128
8.3951,-11.488,5.8889
8.5627,-11.487,11.806
2.6386,-11.507,5.8899
8.3874,-5.7583,5.8899
2.8062,-11.506,11.807
8.5542,-5.7583,11.807
-0.36204,-11.496,-9.0557
-6.1285,-5.765,-9.0557
5.3867,-5.7474,-9.0557
-0.37972,-0.016263,-9.0557
-0.37052,-5.7064,-9.0547
-6.137,0.024749,-9.0547
5.3783,0.042426,-9.0547
-0.3882,5.7735,-9.0547
-6.0231,-8.6097,-11.788
-11.788,-2.8786,-11.788
-0.27436,-2.861,-11.788
-6.0401,2.8694,-11.788
-0.23264,-8.6005,-11.78
-5.9984,-2.8701,-11.78
5.5154,-2.8525,-11.78
-0.24961,2.8786,-11.78
-2.9168,-11.47,-12.102
-8.6833,-5.7389,-12.102
2.832,-5.7212,-12.102
-2.9345,0.0098995,-12.102
-2.9253,-5.741,-12.101
-8.691,-0.0091924,-12.101
2.8235,0.0077782,-12.101
-2.943,5.7389,-12.101
-0.52962,-11.497,-3.137
-6.2954,-5.765,-3.137
5.2192,-5.7481,-3.137
-0.54659,-0.016263,-3.137
-0.36204,-11.496,2.78
-6.1285,-5.765,2.78
5.3867,-5.7474,2.78
-0.37972,-0.016263,2.78
-0.5374,-5.7064,-3.137
-6.3039,0.024749,-3.137
5.2107,0.041719,-3.137
-0.55508,5.7735,-3.137
-0.37052,-5.7064,2.781
-6.137,0.024749,2.781
5.3783,0.042426,2.781
-0.3882,5.7735,2.781
-6.19,-8.6097,-5.87
-11.956,-2.8786,-5.87
-0.44194,-2.8617,-5.87
-6.2077,2.8701,-5.87
-6.0231,-8.6097,0.048
-11.788,-2.8786,0.048
-0.27436,-2.861,0.048
-6.0401,2.8694,0.048
-0.40022,-8.6012,-5.862
-6.166,-2.8709,-5.862
5.3486,-2.8525,-5.862
-0.41719,2.8779,-5.862
-0.23264,-8.6005,0.056
-5.9984,-2.8701,0.056
5.5154,-2.8525,0.056
-0.24961,2.8786,0.056
-3.0844,-11.471,-6.183
-8.8501,-5.7389,-6.184
2.6644,-5.7219,-6.184
-3.1021,0.0091924,-6.183
-2.9168,-11.47,-0.266
-8.6833,-5.7389,-0.266
2.832,-5.7212,-0.266
-2.9345,0.0098995,-0.266
-3.0922,-5.741,-6.182
-8.8586,-0.0098995,-6.182
2.6566,0.0077782,-6.182
-3.1099,5.7389,-6.182
-2.9253,-5.741,-0.265
-8.691,-0.0091924,-0.265
2.8235,0.0077782,-0.265
-2.943,5.7389,-0.265
-0.52962,-11.497,8.6987
-6.2954,-5.765,8.6987
5.2192,-5.7481,8.6987
-0.54659,-0.016263,8.6987
-0.5374,-5.7064,8.6987
-6.3039,0.024749,8.6987
5.2107,0.041719,8.6987
-0.55508,5.7735,8.6987
-6.19,-8.6097,5.9657
-11.956,-2.8786,5.9657
-0.44194,-2.8617,5.9657
-6.2077,2.8701,5.9657
-6.0231,-8.6097,11.884
-11.788,-2.8786,11.884
-0.27436,-2.861,11.884
-6.0401,2.8694,11.884
-0.40022,-8.6012,5.9737
-6.166,-2.8709,5.9737
5.3486,-2.8525,5.9737
-0.41719,2.8779,5.9737
-0.23264,-8.6005,11.892
-5.9984,-2.8701,11.892
5.5154,-2.8525,11.892
-0.24961,2.8786,11.892
-3.0844,-11.471,5.6527
-8.8501,-5.7389,5.6517
2.6644,-5.7219,5.6517
-3.1021,0.0091924,5.6527
-2.9168,-11.47,11.57
-8.6833,-5.7389,11.57
2.832,-5.7212,11.57
-2.9345,0.0098995,11.57
-3.0922,-5.741,5.6537
-8.8586,-0.0098995,5.6537
2.6566,0.0077782,5.6537
-3.1099,5.7389,5.6537
-2.9253,-5.741,11.571
-8.691,-0.0091924,11.571
2.8235,0.0077782,11.571
-2.943,5.7389,11.571
-11.859,0.0010783,-9.2919
-6.1105,5.7499,-9.2919
-11.877,11.481,-9.2919
-11.868,5.7909,-9.2909
-6.119,11.54,-9.2909
-11.772,8.6363,-12.024
-11.73,2.8967,-12.016
-5.9818,8.6448,-12.016
-8.6653,5.776,-12.338
-8.6737,11.505,-12.337
-12.027,0.00037123,-3.3732
-6.2781,5.7491,-3.3732
-12.044,11.481,-3.3732
-11.859,0.0010783,2.5438
-6.1105,5.7499,2.5438
-11.877,11.481,2.5438
-12.035,5.7909,-3.3732
-6.2866,11.539,-3.3732
-11.868,5.7909,2.5448
-6.119,11.54,2.5448
-11.939,8.6356,-6.1062
-11.772,8.6363,-0.18824
-11.897,2.896,-6.0982
-6.1487,8.6448,-6.0982
-11.73,2.8967,-0.18024
-5.9818,8.6448,-0.18024
-8.8328,5.7753,-6.4202
-8.6653,5.776,-0.50224
-8.8406,11.505,-6.4182
-8.6737,11.505,-0.50124
-12.027,0.00037123,8.4624
-6.2781,5.7491,8.4624
-12.044,11.481,8.4624
-12.035,5.7909,8.4624
-6.2866,11.539,8.4624
-11.939,8.6356,5.7294
-11.772,8.6363,11.647
-11.897,2.896,5.7374
-6.1487,8.6448,5.7374
-11.73,2.8967,11.655
-5.9818,8.6448,11.655
-8.8328,5.7753,5.4154
-8.6653,5.776,11.333
-8.8406,11.505,5.4174
-8.6737,11.505,11.334
11.241,-2.9134,-11.314
11.073,-2.9134,-5.3967
11.241,-2.9134,0.5213
11.073,-2.9134,6.439
11.241,-2.9134,12.357
11.17,-0.033664,-8.8186
5.4036,5.6974,-8.8186
11.152,11.446,-8.8186
11.162,5.7561,-8.8176
5.3951,11.487,-8.8176
5.5089,2.8527,-11.551
-0.25611,8.5838,-11.551
11.258,8.6015,-11.551
11.299,2.8619,-11.543
5.5337,8.5923,-11.543
8.6153,-0.007501,-11.865
2.8488,5.7236,-11.865
8.5976,11.472,-11.865
8.6068,5.7215,-11.864
2.841,11.453,-11.864
11.002,-0.034371,-2.8999
5.2367,5.6974,-2.8999
10.985,11.446,-2.8999
11.17,-0.033664,3.0171
5.4036,5.6974,3.0171
11.152,11.446,3.0171
10.995,5.7561,-2.8999
5.2282,11.487,-2.8999
11.162,5.7561,3.0181
5.3951,11.487,3.0181
5.3421,2.8527,-5.6329
-0.4244,8.5838,-5.6329
11.09,8.6008,-5.6329
5.5089,2.8527,0.28506
-0.25611,8.5838,0.28506
11.258,8.6015,0.28506
11.132,2.8612,-5.6249
5.3661,8.5916,-5.6249
11.299,2.8619,0.29306
5.5337,8.5923,0.29306
8.4477,-0.0082081,-5.9459
2.6819,5.7236,-5.9469
8.43,11.472,-5.9459
8.6153,-0.007501,-0.028942
2.8488,5.7236,-0.028942
8.5976,11.472,-0.028942
8.4399,5.7215,-5.9449
2.6734,11.453,-5.9449
8.6068,5.7215,-0.027942
2.841,11.453,-0.027942
11.002,-0.034371,8.9357
5.2367,5.6974,8.9357
10.985,11.446,8.9357
10.995,5.7561,8.9357
5.2282,11.487,8.9357
5.3421,2.8527,6.2027
-0.4244,8.5838,6.2027
11.09,8.6008,6.2027
5.5089,2.8527,12.121
-0.25611,8.5838,12.121
11.258,8.6015,12.121
11.132,2.8612,6.2107
5.3661,8.5916,6.2107
11.299,2.8619,12.129
5.5337,8.5923,12.129
8.4477,-0.0082081,5.8897
2.6819,5.7236,5.8887
8.43,11.472,5.8897
8.6153,-0.007501,11.807
2.8488,5.7236,11.807
8.5976,11.472,11.807
8.4399,5.7215,5.8907
2.6734,11.453,5.8907
8.6068,5.7215,11.808
2.841,11.453,11.808
-0.32719,11.464,-9.0548
-2.882,11.49,-12.101
-0.49477,11.463,-3.1362
-0.32719,11.464,2.7808
-3.0496,11.489,-6.1822
-2.882,11.49,-0.26518
-0.49477,11.463,8.6995
-3.0496,11.489,5.6535
-2.882,11.49,11.57
0,0,0
0.0091924,-5.7226,0
-5.7566,0.0091924,0
-0.0077782,5.758,0
5.758,0.026163,0
-0.16688,1.3878e-17,5.9177
-0.16688,1.3878e-17,-5.918
-5.7481,-5.7481,0
5.7665,-5.7311,0
-5.7308,5.7661,-0.23624
5.784,5.7144,0.23706
5.5911,0.026163,5.9177
5.5911,0.026163,-5.918
-0.15768,-5.7226,5.9177
-0.15768,-5.7226,-5.918
-0.17536,5.7573,5.9177
-0.17536,5.7573,-5.918
-5.9241,0.0084853,5.9177
-5.9241,0.0084853,-5.918
5.6164,5.7137,-5.6809
5.5996,-5.7311,5.9177
5.5996,-5.7311,-5.918
-5.8976,5.7661,5.6814
5.6164,5.7137,6.1547
-5.9157,-5.7488,5.9177
-5.9157,-5.7488,-5.918
-5.8976,5.7661,-6.1542
0.017678,-11.48,0
0.052526,11.48,0.00082
-11.48,0.017342,-0.23624
11.55,-0.0174,0.23706
0,0,11.836
0,0,-11.836
11.383,-0.0174,-5.6809
-5.7741,-11.436,-0.23706
5.7407,-11.488,0.23624
11.489,-5.7392,0.23624
5.7755,11.472,0.23706
-11.488,5.7746,-0.23624
-11.54,-5.7045,-0.23706
-5.7392,11.523,-0.23624
11.541,5.7399,0.23706
-0.11435,11.48,-5.9172
-0.11435,11.48,5.9185
-0.1492,-11.48,5.9177
-0.1492,-11.48,-5.918
11.383,-0.0174,6.1547
-11.646,0.017342,5.6814
0.0091924,-5.7226,-11.836
0.0091924,-5.7226,11.836
-5.7566,0.0091924,11.836
-5.7566,0.0091924,-11.836
-0.0077782,5.758,11.836
-0.0077782,5.758,-11.836
5.758,0.026163,11.836
5.758,0.026163,-11.836
-11.646,0.017342,-6.1542
11.322,-5.74,-5.6818
11.374,5.7399,-5.6809
5.6079,11.471,-5.6809
5.5731,-11.489,-5.6818
-5.941,-11.436,5.6806
11.322,-5.74,6.1539
-5.9061,11.523,5.6814
11.374,5.7399,6.1547
-5.7308,5.7661,11.599
5.784,5.7144,-11.599
5.6079,11.471,6.1547
5.5731,-11.489,6.1539
-11.655,5.7746,5.6814
-11.707,-5.7052,5.6806
-5.941,-11.436,-6.1551
-5.9061,11.523,-6.1542
-5.7481,-5.7481,-11.836
-5.7481,-5.7481,11.836
5.7665,-5.7311,11.836
5.7665,-5.7311,-11.836
-11.655,5.7746,-6.1542
-11.707,-5.7052,-6.1551
-5.7308,5.7661,-12.072
5.784,5.7144,12.073
11.497,-11.497,0.23624
-11.497,11.497,-0.23624
-11.532,-11.462,-0.23706
11.532,11.462,0.23706
-11.48,0.017342,11.599
11.55,-0.0174,-11.599
0.052526,11.48,-11.835
0.017678,-11.48,11.836
0.017678,-11.48,-11.836
0.052526,11.48,11.836
-11.48,0.017342,-12.072
11.55,-0.0174,12.073
11.365,11.462,-5.6809
11.33,-11.497,-5.6818
11.33,-11.497,6.1539
11.365,11.462,6.1547
-5.7741,-11.436,11.599
5.7407,-11.488,-11.599
5.7755,11.472,-11.599
11.489,-5.7392,-11.599
-11.488,5.7746,11.599
-11.54,-5.7045,11.599
-5.7392,11.523,11.599
-11.664,11.497,5.6814
-11.699,-11.462,5.6806
11.541,5.7399,-11.599
-11.664,11.497,-6.1542
-11.699,-11.462,-6.1551
-5.7741,-11.436,-12.073
5.7407,-11.488,12.072
11.489,-5.7392,12.072
5.7755,11.472,12.073
-11.488,5.7746,-12.072
-5.7392,11.523,-12.072
-11.54,-5.7045,-12.073
11.541,5.7399,12.073
-11.532,-11.462,11.599
11.532,11.462,-11.599
11.497,-11.497,-11.599
-11.497,11.497,11.599
11.497,-11.497,12.072
-11.497,11.497,-12.072
-11.532,-11.462,-12.073
11.532,11.462,12.073
