-9.6403,-9.4494,-10.057
-9.6407,-9.4481,3.1205
-3.083,-9.8328,-3.4735
-9.3855,-3.5318,-3.4725
-9.7256,-9.5287,-3.4665
-3.0834,-9.8315,9.7037
-9.3859,-3.5304,9.7047
-9.726,-9.5274,9.7107
9.6379,-9.718,-10.059
9.6375,-9.7167,3.1179
9.5548,-9.7995,-3.4721
9.5543,-9.7981,9.7051
-2.9984,-9.753,-10.062
-9.3008,-3.452,-10.061
3.3373,-3.4159,-10.062
-2.9645,2.8858,-10.061
2.9993,-9.415,-10.058
-3.3032,-3.114,-10.057
9.3357,-3.0786,-10.058
3.0339,3.2231,-10.057
-2.9988,-9.7517,3.115
-9.3013,-3.4507,3.116
3.3368,-3.4146,3.115
-2.9649,2.8871,3.116
2.9988,-9.4137,3.119
-3.3036,-3.1127,3.12
9.3352,-3.0773,3.119
3.0335,3.2244,3.12
3.2541,-3.4974,-3.474
-3.0476,2.8044,-3.474
9.5912,2.8397,-3.474
3.2888,9.1408,-3.473
2.9154,-9.4943,-3.468
-3.387,-3.1933,-3.467
9.2511,-3.1572,-3.468
2.9486,3.1438,-3.467
3.2537,-3.496,9.7032
-3.0481,2.8057,9.7032
9.5908,2.8411,9.7032
3.2883,9.1421,9.7042
2.915,-9.493,9.7092
-3.3875,-3.192,9.7102
9.2506,-3.1559,9.7092
2.9482,3.1451,9.7102
-9.2651,9.1879,-10.064
-9.6031,3.1888,-10.06
-3.2667,9.5252,-10.06
-9.2656,9.1892,3.1131
-9.6036,3.1901,3.1171
-3.2672,9.5265,3.1171
-9.3483,9.1065,-3.4759
-9.687,3.1095,-3.4699
-3.3513,9.4466,-3.4699
-9.3487,9.1078,9.7013
-9.6874,3.1108,9.7073
-3.3518,9.4479,9.7073
9.6758,2.9195,-10.063
3.3734,9.2205,-10.062
9.371,9.5585,-10.058
9.6754,2.9208,3.1145
3.3729,9.2219,3.1155
9.3706,9.5598,3.1195
9.2872,9.4792,-3.4675
9.2867,9.4806,9.7098
-4.3016,-9.7026,-9.3208
-10.604,-3.4016,-9.3198
-9.5873,-10.753,-9.3198
-4.3021,-9.7013,3.8565
-10.605,-3.4002,3.8575
-9.5877,-10.751,3.8575
-8.4217,-9.5839,-2.7305
-8.4221,-9.5826,10.447
8.3369,-9.67,-9.3183
3.0512,-10.72,-9.3183
9.3876,-4.3836,-9.3173
8.3364,-9.6686,3.8589
3.0508,-10.719,3.8589
9.3872,-4.3823,3.8599
9.5024,-8.4998,-2.7291
4.2168,-9.5513,-2.7291
10.554,-3.2142,-2.7281
9.502,-8.4985,10.448
4.2164,-9.55,10.448
10.553,-3.2129,10.449
2.0362,-3.3679,-9.3212
-4.2655,2.9339,-9.3202
8.3726,2.9699,-9.3212
2.0701,9.271,-9.3202
-3.2487,-4.4172,-9.3202
-9.5512,1.8838,-9.3202
3.087,1.9199,-9.3202
-3.2148,8.2202,-9.3192
2.0358,-3.3665,3.856
-4.266,2.9352,3.857
8.3721,2.9713,3.856
2.0697,9.2723,3.857
-3.2492,-4.4159,3.857
-9.5516,1.8851,3.857
3.0865,1.9212,3.857
-3.2152,8.2215,3.858
-3.1346,-8.5341,-2.732
-9.4363,-2.2323,-2.731
3.2025,-2.197,-2.732
-3.1,4.104,-2.731
-2.0831,-3.2484,-2.731
-8.3856,3.0526,-2.731
4.2525,3.0886,-2.731
-2.0485,9.3897,-2.73
-3.135,-8.5328,10.445
-9.4368,-2.231,10.446
3.2021,-2.1957,10.445
-3.1004,4.1054,10.446
-2.0836,-3.2471,10.446
-8.386,3.0539,10.446
4.2521,3.09,10.446
-2.0489,9.391,10.447
-10.566,9.236,-9.3231
-10.567,9.2373,3.8541
-9.3999,10.407,-2.7339
-9.4003,10.408,10.443
9.4255,8.2553,-9.3207
9.4251,8.2567,3.8565
9.5396,4.1385,-2.7325
3.2379,10.44,-2.7315
10.591,9.4241,-2.7315
9.5392,4.1398,10.445
3.2374,10.442,10.446
10.591,9.4254,10.446
0.068906,-13.089,-3.4696
0.068473,-13.088,9.7076
-6.4922,-12.498,-10.062
-12.795,-6.1975,-10.061
-12.385,-12.943,-10.061
-5.6225,-9.5993,-13.323
-11.924,-3.2976,-13.323
-13.354,-9.5993,-13.335
-9.4868,-12.071,-13.323
-3.1498,-13.468,-13.333
-9.4522,-7.1669,-13.332
-12.568,-13.124,-3.4725
-6.2318,-6.7859,-3.4715
-12.533,-0.48555,-3.4715
-6.4927,-12.497,3.1155
-12.795,-6.1961,3.1165
-12.385,-12.942,3.1165
-6.6765,-12.678,-3.4725
-12.978,-6.3772,-3.4725
-9.575,-13.547,-6.7345
-3.2753,-12.117,-6.7495
-9.5771,-5.815,-6.7485
-12.005,-9.7232,-6.7445
-5.6229,-9.598,-0.14554
-11.925,-3.2963,-0.14554
-7.1022,-9.6843,-6.7345
-13.404,-3.384,-6.7335
-13.354,-9.598,-0.15754
-9.4873,-12.069,-0.14554
-3.1502,-13.467,-0.15554
-9.4526,-7.1656,-0.15454
-12.569,-13.122,9.7047
-6.2322,-6.7846,9.7057
-12.534,-0.48423,9.7057
-6.677,-12.677,9.7047
-12.978,-6.3758,9.7047
-9.5754,-13.546,6.4427
-3.2758,-12.115,6.4277
-9.5775,-5.8137,6.4287
-12.005,-9.7219,6.4327
-5.6234,-9.5967,13.032
-11.925,-3.295,13.032
-7.1026,-9.683,6.4427
-13.404,-3.3827,6.4437
-13.355,-9.5967,13.02
-9.4877,-12.068,13.032
-3.1506,-13.465,13.022
-9.4531,-7.1643,13.023
6.1462,-12.466,-10.059
12.482,-6.1288,-10.059
0.25392,-12.911,-10.059
12.892,-12.875,-10.059
6.5903,-6.5728,-10.058
7.016,-9.5667,-13.321
13.352,-3.2289,-13.321
11.923,-9.5307,-13.333
3.1516,-12.038,-13.321
9.488,-5.7003,-13.321
9.4887,-13.435,-13.33
12.708,-13.055,-3.4711
6.4067,-6.7532,-3.4701
12.743,-0.41686,-3.4701
6.1458,-12.465,3.1179
12.481,-6.1275,3.1179
0.25349,-12.909,3.1179
12.892,-12.873,3.1179
6.5899,-6.5715,3.1189
5.962,-12.646,-3.4711
12.299,-6.3085,-3.4711
3.0635,-13.515,-6.7331
9.3992,-7.1775,-6.7321
9.3631,-12.084,-6.7471
13.272,-9.6545,-6.7431
7.0156,-9.5654,-0.1441
13.352,-3.2276,-0.1441
5.5363,-9.6517,-6.7321
11.873,-3.3153,-6.7321
11.922,-9.5293,-0.1561
3.1512,-12.037,-0.1441
9.4876,-5.6989,-0.1441
9.4883,-13.434,-0.1531
12.708,-13.054,9.7061
6.4063,-6.7519,9.7071
12.743,-0.41555,9.7071
5.9615,-12.644,9.7061
12.299,-6.3072,9.7061
3.0631,-13.513,6.4441
9.3988,-7.1762,6.4451
9.3627,-12.083,6.4301
13.272,-9.6532,6.4341
7.0151,-9.5641,13.033
13.352,-3.2263,13.033
5.5359,-9.6504,6.4451
11.872,-3.314,6.4451
11.922,-9.528,13.021
3.1508,-12.035,13.033
9.4872,-5.6976,13.033
9.4879,-13.433,13.024
-0.15442,-6.1638,-10.062
-6.4562,0.13798,-10.061
6.182,0.17405,-10.062
-0.12048,6.4751,-10.061
-6.0467,-6.6071,-10.061
-12.348,-0.30679,-10.061
0.28964,-0.27072,-10.061
-6.0121,6.031,-10.06
0.71532,-3.2632,-13.323
-5.5864,3.0371,-13.323
7.0517,3.0732,-13.323
0.74997,9.3749,-13.323
-0.71304,-9.5649,-13.336
-7.0155,-3.2639,-13.335
5.6226,-3.2278,-13.336
-0.6798,3.0732,-13.335
-3.1483,-5.7352,-13.324
-9.4508,0.56578,-13.323
3.1874,0.60185,-13.323
-3.1144,6.9036,-13.323
3.1881,-7.1318,-13.333
-3.1137,-0.83146,-13.332
9.5245,-0.7954,-13.333
3.222,5.5056,-13.332
0.10607,-0.45113,-3.473
-6.1957,5.8506,-3.472
6.4424,5.8867,-3.472
0.14071,12.187,-3.472
-0.15486,-6.1624,3.115
-6.4566,0.1393,3.116
6.1815,0.17536,3.115
-0.12092,6.4764,3.116
-6.0472,-6.6058,3.116
-12.349,-0.30547,3.116
0.28921,-0.26941,3.116
-6.0125,6.0323,3.117
-0.338,-6.3427,-3.474
-6.6404,-0.041719,-3.473
5.9977,-0.0056569,-3.473
-0.30335,6.2954,-3.473
-3.2364,-7.2118,-6.735
-9.5389,-0.91075,-6.735
3.0992,-0.87469,-6.735
-3.2032,5.4263,-6.734
3.0625,-5.7806,-6.75
-3.2393,0.51972,-6.749
9.3989,0.55579,-6.75
3.0971,6.8575,-6.749
0.63498,-9.6888,-6.746
-5.6668,-3.3885,-6.746
6.9714,-3.3524,-6.746
0.66963,2.9493,-6.745
0.71488,-3.2619,-0.146
-5.5869,3.0384,-0.146
7.0513,3.0745,-0.146
0.74953,9.3762,-0.146
-0.76368,-3.3489,-6.735
-7.0661,2.9522,-6.734
5.572,2.9882,-6.735
-0.72973,9.2886,-6.734
-0.71347,-9.5636,-0.159
-7.0159,-3.2626,-0.158
5.6222,-3.2265,-0.159
-0.68024,3.0745,-0.158
-3.1487,-5.7339,-0.147
-9.4512,0.5671,-0.146
3.1869,0.60316,-0.146
-3.1148,6.9049,-0.146
3.1876,-7.1305,-0.156
-3.1141,-0.83014,-0.155
9.524,-0.79408,-0.156
3.2216,5.5069,-0.155
0.10563,-0.44982,9.7042
-6.1961,5.8519,9.7052
6.442,5.888,9.7052
0.14028,12.188,9.7052
-0.33843,-6.3414,9.7032
-6.6409,-0.040403,9.7042
5.9972,-0.0043409,9.7042
-0.30378,6.2967,9.7042
-3.2369,-7.2105,6.4422
-9.5393,-0.90944,6.4422
3.0988,-0.87338,6.4422
-3.2036,5.4277,6.4432
3.062,-5.7793,6.4272
-3.2397,0.52104,6.4282
9.3984,0.5571,6.4272
3.0967,6.8588,6.4282
0.63455,-9.6875,6.4312
-5.6672,-3.3871,6.4312
6.9709,-3.3511,6.4312
0.6692,2.9507,6.4322
0.71445,-3.2606,13.031
-5.5873,3.0398,13.031
7.0508,3.0758,13.031
0.7491,9.3776,13.031
-0.76411,-3.3475,6.4422
-7.0666,2.9535,6.4432
5.5716,2.9895,6.4422
-0.73017,9.2899,6.4432
-0.7139,-9.5623,13.018
-7.0163,-3.2613,13.019
5.6218,-3.2252,13.018
-0.68067,3.0758,13.019
-3.1492,-5.7326,13.03
-9.4516,0.56842,13.031
3.1865,0.60448,13.031
-3.1152,6.9062,13.031
3.1872,-7.1291,13.021
-3.1145,-0.82883,13.022
9.5236,-0.79276,13.021
3.2211,5.5083,13.022
-12.757,6.4401,-10.064
-6.4204,12.778,-10.064
-12.313,12.333,-10.063
-11.887,9.3406,-13.325
-13.315,3.0389,-13.338
-6.9798,9.376,-13.338
-9.415,13.206,-13.325
-9.4143,5.4721,-13.335
-3.0779,11.808,-13.335
-12.496,12.153,-3.4749
-12.757,6.4414,3.1131
-6.4209,12.779,3.1131
-12.313,12.334,3.1141
-12.94,6.2611,-3.4759
-6.6047,12.598,-3.4749
-9.5032,11.729,-6.7369
-9.5399,6.8232,-6.7519
-3.2035,13.16,-6.7519
-11.967,2.9151,-6.7479
-5.631,9.2515,-6.7479
-11.888,9.342,-0.1479
-13.366,9.255,-6.7369
-13.316,3.0402,-0.1609
-6.9802,9.3773,-0.1609
-9.4155,13.207,-0.1479
-9.4148,5.4734,-0.1579
-3.0784,11.81,-0.1579
-12.497,12.154,9.7023
-12.941,6.2624,9.7013
-6.6052,12.6,9.7023
-9.5036,11.73,6.4403
-9.5404,6.8246,6.4253
-3.204,13.161,6.4253
-11.968,2.9164,6.4293
-5.6315,9.2528,6.4293
-11.888,9.3433,13.029
-13.367,9.2563,6.4403
-13.316,3.0415,13.016
-6.9806,9.3786,13.016
-9.4159,13.208,13.029
-9.4152,5.4747,13.019
-3.0788,11.811,13.019
12.928,-0.2381,-10.06
12.928,-0.23678,3.1174
12.52,6.5088,-10.063
6.2181,12.811,-10.062
6.6275,6.0654,-10.062
0.32573,12.366,-10.062
12.964,12.402,-10.062
13.39,9.4093,-13.324
11.961,3.1076,-13.337
5.6587,9.4086,-13.336
9.5259,6.9373,-13.325
3.2235,13.238,-13.324
9.5605,11.841,-13.333
12.78,12.221,-3.4735
12.519,6.5101,3.1145
6.2176,12.812,3.1155
6.627,6.0667,3.1155
0.3253,12.367,3.1155
12.963,12.403,3.1155
12.336,6.3298,-3.4745
6.0338,12.631,-3.4735
9.4378,5.4608,-6.7355
3.1353,11.762,-6.7355
9.435,13.192,-6.7495
13.309,2.9838,-6.7465
7.0075,9.2841,-6.7465
13.389,9.4107,-0.14646
11.911,9.3237,-6.7355
11.961,3.1089,-0.15946
5.6583,9.4099,-0.15846
9.5255,6.9386,-0.14746
3.223,13.24,-0.14646
9.5601,11.842,-0.15546
12.78,12.223,9.7038
12.336,6.3311,9.7028
6.0333,12.632,9.7038
9.4373,5.4621,6.4418
3.1349,11.763,6.4418
9.4345,13.194,6.4278
13.309,2.9851,6.4308
7.007,9.2854,6.4308
13.389,9.412,13.031
11.91,9.325,6.4418
11.96,3.1102,13.018
5.6579,9.4113,13.019
9.525,6.9399,13.03
3.2226,13.241,13.031
9.5597,11.844,13.022
0,0,0
0.14849,6.1872,0
-6.1879,-0.1492,0
0.11455,-6.4502,-0.001
6.4509,-0.11384,-0.001
-0.16519,-0.16061,6.5872
-0.16476,-0.16193,-6.59
-6.3,6.3028,-0.002903
6.3024,-6.301,-0.001
-0.014849,6.0238,-6.589
-0.015283,6.0252,6.5882
-6.3357,-6.3371,-0.001
6.3385,6.3354,-0.001461
6.2857,-0.27587,6.5872
6.2862,-0.27719,-6.59
-6.3524,-0.31193,6.5872
-6.3519,-0.31325,-6.59
-0.049931,-6.613,6.5872
-0.049497,-6.6143,-6.59
6.1712,6.1758,6.5872
6.1716,6.1745,-6.59
6.1365,-6.4623,6.5862
-6.4659,6.1415,6.5843
6.137,-6.4637,-6.591
-6.4654,6.1402,-6.5929
-6.503,-6.4968,6.5877
-6.5026,-6.4981,-6.5895
-12.636,-0.03498,-0.002903
0.037867,12.638,-0.003364
-0.033941,-12.639,-0.001
12.64,0.033707,-0.001461
-0.00043346,0.0013159,13.177
0.00043346,-0.0013159,-13.177
-12.488,6.1536,-0.002903
-6.1515,12.49,-0.002903
6.4863,12.523,-0.000461
-12.526,-6.4853,0.000461
12.473,-0.12455,6.5862
12.473,-0.12587,-6.591
-0.12947,12.479,6.5843
-0.12904,12.478,-6.5929
-6.2233,-12.786,-0.000539
12.789,6.2223,-0.001461
12.751,-6.4167,0.001903
6.4145,-12.753,0.001903
-0.20128,-12.797,6.5867
-0.20085,-12.798,-6.5905
-12.804,-0.19324,6.5848
-12.803,-0.19455,-6.5924
0.14893,6.1859,-13.177
-6.1875,-0.15052,-13.177
-6.1883,-0.14788,13.177
0.14806,6.1885,13.177
0.11412,-6.4489,13.176
6.4505,-0.11253,13.176
6.4514,-0.11516,-13.178
0.11498,-6.4515,-13.178
-6.3167,12.328,6.5853
-6.3162,12.327,-6.5919
6.3218,12.361,6.5868
6.3223,12.359,-6.5905
-12.652,5.9909,6.5853
-12.652,5.9896,-6.5919
12.624,6.0596,6.5868
12.625,6.0583,-6.5905
12.588,-6.58,-6.5871
12.587,-6.5787,6.5901
-12.689,-6.6474,6.5887
-12.689,-6.6487,-6.5885
6.25,-12.916,6.5891
6.2505,-12.917,-6.5881
-6.3885,-12.948,6.5877
-6.388,-12.95,-6.5895
-6.3004,6.3041,13.174
6.302,-6.2997,13.176
-6.2995,6.3015,-13.18
6.3029,-6.3023,-13.178
-6.3361,-6.3358,13.176
6.3381,6.3368,13.176
-6.3352,-6.3384,-13.178
6.339,6.3341,-13.179
12.602,-12.604,0.001903
-12.602,12.604,-0.001903
-12.674,-12.673,0.000461
12.674,12.673,-0.000461
-12.637,-0.033664,13.174
0.037434,12.639,13.174
-0.034375,-12.638,13.176
12.64,0.035023,13.176
-12.636,-0.036296,-13.18
0.0383,12.636,-13.181
-0.033508,-12.64,-13.178
12.641,0.032391,-13.179
12.509,12.512,6.5868
12.509,12.511,-6.5905
12.437,-12.764,6.5891
12.438,-12.766,-6.5881
-12.768,12.443,6.5853
-12.767,12.442,-6.5919
-12.488,6.1549,13.174
-6.1519,12.491,13.174
-12.487,6.1523,-13.18
-6.151,12.489,-13.18
6.4868,12.522,-13.178
6.4859,12.525,13.177
-12.525,-6.4867,-13.177
-12.526,-6.484,13.178
-12.839,-12.833,6.5877
-12.839,-12.834,-6.5895
-6.2237,-12.785,13.177
12.788,6.2236,13.176
-6.2228,-12.788,-13.178
12.789,6.221,-13.179
12.751,-6.418,-13.175
6.4149,-12.754,-13.175
12.75,-6.4153,13.179
6.4141,-12.752,13.179
12.603,-12.605,-13.175
-12.603,12.605,13.175
12.602,-12.603,13.179
-12.602,12.603,-13.179
-12.675,-12.671,13.178
12.675,12.671,-13.178
12.674,12.674,13.177
-12.674,-12.674,-13.177
