-9.0456,-9.3285,-3.4498
-9.9818,-3.3153,-9.4388
-10.024,-8.9601,-9.7248
-9.046,-9.3272,9.7275
-9.9823,-3.314,3.7385
-10.024,-8.9588,3.4525
9.7433,-9.5929,-3.5833
10.024,-3.3329,-3.0883
10.076,-9.2591,-9.8113
9.7429,-9.5916,9.5939
10.024,-3.3316,10.089
10.075,-9.2578,3.3659
-2.7969,-9.3804,-3.5432
-9.5639,-2.7647,-3.6532
3.2885,-3.5722,-4.3062
-2.8591,3.011,-3.5852
2.686,-9.5557,-3.7272
-3.9806,-3.0263,-3.3852
-2.5784,9.271,-3.0902
3.6286,3.344,-3.4502
3.5565,-3.8261,-10.282
-2.5268,3.3447,-9.8132
-3.0026,-9.5932,-9.9932
2.6924,9.3572,-9.4392
2.9059,-8.5665,-10.267
-3.5075,-3.2533,-9.4642
9.1101,-3.5277,-10.421
2.6507,3.7124,-9.7252
-2.7973,-9.3791,9.634
-9.5643,-2.7634,9.524
3.288,-3.5709,8.871
-2.8595,3.0123,9.592
2.6856,-9.5544,9.45
-3.981,-3.025,9.792
-2.5788,9.2723,10.087
3.6282,3.3453,9.727
3.556,-3.8247,2.895
-2.5272,3.346,3.364
-3.0031,-9.5919,3.184
2.692,9.3586,3.738
2.9055,-8.5652,2.91
-3.508,-3.252,3.713
9.1097,-3.5263,2.756
2.6502,3.7137,3.452
-9.3139,9.0316,-4.3081
-9.9164,3.0481,-3.7291
-9.0459,8.7778,-10.284
-9.6965,4.0373,-10.269
-3.4923,9.0762,-10.423
-9.3144,9.033,8.8691
-9.9168,3.0494,9.4481
-9.0464,8.7791,2.8931
-9.6969,4.0387,2.9081
-3.4927,9.0775,2.7541
9.8773,3.2922,-3.5437
3.1103,9.9078,-3.6537
8.6936,9.6462,-3.3857
9.6716,3.0793,-9.9937
9.1667,9.4192,-9.4647
9.8769,3.2935,9.6335
3.1099,9.9092,9.5235
8.6932,9.6475,9.7915
9.6711,3.0806,3.1835
9.1663,9.4205,3.7125
-4.0167,-9.6708,-2.7138
-10.73,-2.9844,-2.7458
-10.066,-10.383,-3.7338
-9.052,-9.8256,-8.9808
-4.0171,-9.6695,10.463
-10.73,-2.983,10.431
-10.066,-10.382,9.4435
-9.0524,-9.8243,4.1965
8.3934,-9.7364,-2.9743
3.0244,-10.556,-2.6683
9.8303,-4.1347,-1.8373
9.1168,-9.4543,-8.6663
9.5686,-3.7783,-9.0173
8.393,-9.7351,10.203
3.0239,-10.555,10.509
9.8298,-4.1334,11.34
9.1164,-9.453,4.5109
9.5682,-3.777,4.1599
2.1246,-3.6627,-3.3682
-4.209,2.8674,-2.9762
8.6575,3.0018,-2.7142
1.9443,9.6882,-2.7462
-3.5591,-4.128,-2.4762
-9.578,2.0479,-2.6702
2.6082,2.2897,-3.7342
-2.7721,8.4691,-1.8392
-3.1031,-8.2681,-9.3152
-8.8264,-2.9535,-10.326
3.1131,-2.875,-9.2262
-3.4856,3.1496,-8.6682
-2.1166,-2.8396,-9.8552
3.1888,-9.4249,-9.0602
3.6222,2.8469,-8.9812
-3.0338,8.8255,-9.0192
2.1241,-3.6614,9.809
-4.2094,2.8687,10.201
8.6571,3.0031,10.463
1.9438,9.6895,10.431
-3.5596,-4.1267,10.701
-9.5785,2.0492,10.507
2.6078,2.291,9.443
-2.7726,8.4704,11.338
-3.1035,-8.2668,3.862
-8.8268,-2.9522,2.851
3.1127,-2.8737,3.951
-3.486,3.1509,4.509
-2.1171,-2.8383,3.322
3.1883,-9.4236,4.117
3.6218,2.8482,4.196
-3.0342,8.8268,4.158
-10.478,8.9411,-3.3701
-9.4893,9.7288,-9.2281
-9.4136,3.1789,-9.0621
-10.478,8.9424,9.8071
-9.4897,9.7302,3.9491
-9.4141,3.1802,4.1151
9.1151,8.5445,-2.4767
9.5712,4.4044,-9.3157
3.8478,9.719,-10.327
10.558,9.8329,-9.8557
9.1146,8.5459,10.701
9.5707,4.4057,3.8615
3.8474,9.7204,2.8505
10.557,9.8342,3.3215
-9.4871,-13.372,-14.139
-11.975,-9.6883,-13.791
-11.805,-12.892,-10.271
-6.4951,-6.843,-9.9268
-5.8021,-12.94,-3.7158
-12.669,-6.0999,-3.1328
-0.07667,-12.733,-3.2018
-13.316,-13.479,-3.3288
-7.3372,-12.902,-10.356
-12.587,-6.0886,-9.6578
-9.4876,-13.371,-0.96176
-3.306,-11.789,-13.193
-9.448,-6.044,-12.753
-11.975,-9.687,-0.61376
-5.8785,-9.4763,-6.4968
-12.485,-3.1597,-6.4128
-7.019,-9.6453,-13.213
-12.845,-3.2707,-12.961
-12.499,-9.5887,-6.1428
-9.4105,-12.706,-6.2348
-3.1257,-13.104,-7.6188
-9.3829,-6.8232,-6.6538
-11.805,-12.891,2.9065
-6.4955,-6.8417,3.2505
-5.8025,-12.938,9.4615
-12.669,-6.0986,10.044
-0.077104,-12.731,9.9755
-13.316,-13.477,9.8485
-7.3377,-12.901,2.8215
-12.587,-6.0872,3.5195
-9.488,-13.37,12.215
-3.3065,-11.787,-0.015539
-9.4484,-6.0427,0.42446
-11.976,-9.6857,12.563
-5.8789,-9.475,6.6805
-12.485,-3.1584,6.7645
-7.0195,-9.644,-0.035539
-12.845,-3.2694,0.21646
-12.5,-9.5874,7.0345
-9.4109,-12.704,6.9425
-3.1261,-13.103,5.5585
-9.3833,-6.8219,6.5235
-3.3069,-11.786,13.162
-9.4488,-6.0414,13.602
-7.0199,-9.6427,13.142
-12.846,-3.2681,13.394
-12.679,-0.12869,-3.2037
-12.68,-0.12738,9.9736
13.302,-9.6197,-13.79
13.472,-12.824,-10.269
6.4192,-6.9419,-9.8963
1.0282,-12.3,-10.026
6.4892,-12.547,-3.1773
12.608,-6.0312,-3.1313
11.961,-13.41,-3.3273
7.0662,-6.4505,-3.2873
6.1844,-12.033,-9.8233
12.69,-6.0199,-9.6563
3.2004,-13.123,-13.373
9.4972,-7.2382,-13.082
9.4852,-12.105,-13.047
13.301,-9.6183,-0.61232
6.3117,-9.6035,-6.1733
12.792,-3.091,-6.4113
5.6145,-9.7435,-13.089
12.432,-3.2021,-12.959
12.777,-9.5201,-6.1413
3.0102,-12.163,-6.3623
9.5389,-6.57,-6.7803
9.5389,-12.807,-7.0553
13.471,-12.822,2.9079
6.4188,-6.9406,3.2809
1.0278,-12.299,3.1509
6.4888,-12.546,9.9999
12.607,-6.0299,10.046
11.96,-13.409,9.8499
7.0658,-6.4492,9.8899
6.184,-12.032,3.3539
12.689,-6.0186,3.5209
3.2,-13.122,-0.1961
9.4968,-7.2369,0.094903
9.4848,-12.104,0.1299
13.301,-9.617,12.565
6.3113,-9.6022,7.0039
12.791,-3.0897,6.7659
5.6141,-9.7422,0.087903
12.431,-3.2007,0.2179
12.777,-9.5187,7.0359
3.0098,-12.161,6.8149
9.5385,-6.5687,6.3969
9.5385,-12.805,6.1219
3.1996,-13.121,12.981
9.4964,-7.2356,13.272
9.4843,-12.103,13.307
5.6136,-9.7409,13.265
12.431,-3.1994,13.395
3.1871,-0.69984,-14.139
3.0867,-5.8264,-13.798
0.69949,2.9842,-13.791
0.86947,-0.21981,-10.271
-6.1832,5.6619,-9.8982
6.1791,5.8295,-9.9272
-11.574,0.30345,-10.028
-0.69536,-6.1956,-3.2852
-6.1132,0.056667,-3.1792
6.8721,-0.26719,-3.7162
0.0053832,6.5727,-3.1332
-5.7759,-6.6913,-3.3872
12.598,-0.060006,-3.2022
-0.64162,-0.806,-3.3292
-5.5362,6.1533,-3.2892
-0.070984,-6.0803,-9.8242
-6.418,0.57073,-9.8252
5.337,-0.22971,-10.356
0.087408,6.584,-9.6582
-3.2127,-6.9154,-12.789
-9.402,-0.51963,-13.375
3.1867,-0.69852,-0.96222
-3.1052,5.3656,-13.084
3.0862,-5.825,-0.62122
-3.1172,0.49861,-13.049
9.3682,0.88398,-13.193
3.2263,6.6285,-12.753
0.57602,-9.4935,-13.462
-5.8792,-3.4004,-12.812
6.6487,-3.3572,-13.304
0.69905,2.9855,-0.61422
0.41975,-3.126,-6.7922
-6.2907,3.0004,-6.1752
6.7957,3.1962,-6.4972
0.18923,9.5128,-6.4132
-0.70172,-3.1529,-13.134
-6.9879,2.8603,-13.091
5.6552,3.0272,-13.213
-0.17069,9.4018,-12.961
-0.6996,-9.5048,-6.9352
-6.9172,-3.2646,-7.0602
6.0455,-3.3353,-7.0022
0.17509,3.0838,-6.1432
-3.1879,-5.8908,-6.5112
-9.5922,0.44133,-6.3642
3.2637,-0.033136,-6.2352
-3.0635,6.0338,-6.7822
3.0269,-6.6114,-6.6872
-3.0635,-0.20284,-7.0572
9.5485,-0.43194,-7.6192
3.2913,5.8493,-6.6542
0.86903,-0.2185,2.906
-6.1836,5.6632,3.279
6.1787,5.8308,3.25
-11.575,0.30476,3.149
-0.69579,-6.1943,9.892
-6.1136,0.057983,9.998
6.8717,-0.26587,9.461
0.0049497,6.574,10.044
-5.7764,-6.6899,9.79
12.597,-0.05869,9.975
-0.64205,-0.80469,9.848
-5.5366,6.1547,9.888
-0.071418,-6.079,3.353
-6.4184,0.57205,3.352
5.3365,-0.2284,2.821
0.086974,6.5853,3.519
-3.2131,-6.9141,0.388
-9.4024,-0.51831,-0.198
3.1862,-0.69721,12.215
-3.1056,5.3669,0.093
3.0858,-5.8237,12.556
-3.1176,0.49992,0.128
9.3678,0.8853,-0.016
3.2258,6.6298,0.424
0.57558,-9.4922,-0.285
-5.8796,-3.3991,0.365
6.6482,-3.3559,-0.127
0.69862,2.9868,12.563
0.41931,-3.1247,6.385
-6.2911,3.0017,7.002
6.7953,3.1975,6.68
0.1888,9.5141,6.764
-0.70216,-3.1516,0.043
-6.9883,2.8617,0.086
5.6547,3.0285,-0.036
-0.17112,9.4031,0.216
-0.70004,-9.5035,6.242
-6.9176,-3.2633,6.117
6.0451,-3.334,6.175
0.17466,3.0851,7.034
-3.1883,-5.8895,6.666
-9.5926,0.44265,6.813
3.2633,-0.03182,6.942
-3.0639,6.0352,6.395
3.0264,-6.61,6.49
-3.0639,-0.20153,6.12
9.5481,-0.43063,5.558
3.2909,5.8506,6.523
-3.2135,-6.9128,13.565
-9.4028,-0.51699,12.979
-3.106,5.3683,13.27
-3.1181,0.50124,13.305
9.3673,0.88661,13.161
3.2254,6.6311,13.601
0.57515,-9.4909,12.892
-5.88,-3.3977,13.542
6.6478,-3.3546,13.05
-0.70259,-3.1503,13.22
-6.9888,2.863,13.263
5.6543,3.0299,13.141
-0.17155,9.4044,13.393
-9.4153,11.904,-14.141
-9.5157,6.7775,-13.8
-11.733,12.384,-10.273
-13.298,6.4083,-3.2871
-5.7303,12.337,-3.7181
-0.0048621,12.544,-3.2041
-13.244,11.798,-3.3311
-12.673,6.5235,-9.8261
-7.2654,12.374,-10.358
-9.4157,11.905,-0.96413
-9.5162,6.7788,-0.62313
-3.2342,13.488,-13.195
-12.026,3.1103,-13.464
-5.9538,9.2466,-13.306
-12.183,9.4778,-6.7941
-13.304,9.451,-13.136
-13.302,3.099,-6.9371
-6.5569,9.2685,-7.0041
-9.3387,12.571,-6.2371
-9.5756,5.9925,-6.6891
-3.0539,12.172,-7.6211
-11.733,12.385,2.9041
-13.298,6.4096,9.8901
-5.7307,12.338,9.4591
-0.0052955,12.545,9.9731
-13.244,11.799,9.8461
-12.674,6.5248,3.3511
-7.2659,12.375,2.8191
-9.4162,11.907,12.213
-9.5166,6.7801,12.554
-3.2347,13.489,-0.017903
-12.027,3.1116,-0.2869
-5.9542,9.2479,-0.1289
-12.183,9.4791,6.3831
-13.305,9.4523,0.041097
-13.302,3.1003,6.2401
-6.5573,9.2698,6.1731
-9.3391,12.572,6.9401
-9.576,5.9938,6.4881
-3.0543,12.173,5.5561
-3.2351,13.49,13.159
-12.027,3.113,12.89
-5.9546,9.2492,13.048
-13.305,9.4536,13.218
13.702,0.37213,-10.027
13.702,0.37345,3.1504
13.544,12.453,-10.272
1.1,12.976,-10.029
11.979,6.477,-3.2857
6.561,12.729,-3.1797
6.8983,5.9813,-3.3877
12.033,11.867,-3.3297
12.603,6.5922,-9.8247
6.2562,13.243,-9.8257
9.4616,5.7571,-12.79
3.2722,12.153,-13.376
9.557,13.171,-13.05
13.25,3.179,-13.463
6.7951,9.2722,-12.813
13.094,9.5465,-6.7927
11.972,9.5196,-13.135
11.975,3.1677,-6.9357
5.757,9.4079,-7.0607
9.4863,6.7817,-6.5117
3.082,13.114,-6.3647
9.6108,12.47,-7.0577
13.543,12.454,2.9055
1.0996,12.977,3.1485
11.978,6.4783,9.8915
6.5606,12.731,9.9975
6.8979,5.9826,9.7895
12.032,11.868,9.8475
12.603,6.5935,3.3525
6.2558,13.245,3.3515
9.4611,5.7584,0.38754
3.2718,12.154,-0.19846
9.5566,13.172,0.12754
13.25,3.1803,-0.28546
6.7946,9.2735,0.36454
13.094,9.5478,6.3845
11.972,9.521,0.042539
11.974,3.169,6.2415
5.7566,9.4092,6.1165
9.4859,6.783,6.6655
3.0816,13.115,6.8125
9.6103,12.471,6.1195
9.4607,5.7598,13.565
3.2714,12.156,12.979
9.5561,13.174,13.305
13.249,3.1816,12.892
6.7942,9.2748,13.542
11.972,9.5223,13.22
0,0,0
-6.0649,-0.23122,-0.071
-0.095733,-0.0069728,-6.1362
-0.045255,6.2098,-0.029
6.2254,-0.096167,-0.101
-0.019092,-6.3816,-0.347
-0.096167,-0.0056569,7.041
-6.2671,5.9503,-0.343
6.26,6.0366,-0.086
-6.3604,-0.14637,6.243
-0.05869,-6.2869,6.421
0.19772,6.3945,-6.4922
6.3353,-6.6535,-0.3411
-6.4142,-6.636,-0.085539
-0.058256,-6.2882,-6.7562
0.19728,6.3958,6.685
6.5252,0.039598,6.586
6.5256,0.038282,-6.5912
-6.36,-0.14769,-6.9342
-6.2445,-6.2798,6.224
-6.3682,6.1363,6.256
6.2342,-6.4676,6.2579
6.4298,6.3927,6.2235
-6.3678,6.135,-6.9212
-6.244,-6.2811,-6.9532
6.2346,-6.4689,-6.9193
6.4302,6.3914,-6.9537
12.399,0.07566,-0.185
-0.27509,-12.597,-0.18454
-0.20329,12.68,-0.1869
-12.877,0.0069735,-0.18644
-0.00043346,0.0013159,13.177
0.00043346,-0.0013159,-13.177
12.582,0.052092,5.9355
-0.091924,-12.62,5.936
-0.020116,12.656,5.9336
-12.694,-0.016595,5.9341
-6.377,12.508,-0.1029
-12.621,6.2222,-0.3489
6.6094,12.441,-0.071461
12.557,-6.394,-0.027097
12.655,6.2909,-0.34746
-12.719,-6.4627,-0.028539
-6.4488,-12.769,-0.10054
-0.019525,-6.3803,12.83
6.5375,-12.835,-0.069097
-6.0653,-0.22991,13.106
6.2249,-0.094851,13.076
12.583,0.050776,-7.2417
-0.045688,6.2111,13.148
-0.09149,-12.622,-7.2412
-6.0644,-0.23254,-13.248
-0.019682,12.655,-7.2436
-0.044821,6.2085,-13.206
-12.694,-0.017911,-7.2431
6.2258,-0.097482,-13.278
-0.018658,-6.383,-13.524
6.3138,12.526,6.2425
-12.476,-6.2781,-6.4918
-6.2675,5.9516,12.834
-12.477,-6.2768,6.6855
-6.0772,12.643,6.5841
-6.0768,12.642,-6.5931
6.242,-12.75,6.2449
-6.149,-12.633,6.5865
-6.1486,-12.634,-6.5908
12.616,6.3856,6.4205
-12.661,6.317,6.4191
12.8,-6.2094,-6.4903
6.3142,12.525,-6.9347
12.616,6.3843,-6.7567
-12.661,6.3156,-6.7581
6.2596,6.0379,13.091
12.8,-6.2081,6.6869
6.3349,-6.6522,12.836
6.2424,-12.752,-6.9323
6.2604,6.0353,-13.263
-6.4146,-6.6346,13.092
-6.2667,5.949,-13.52
-6.4138,-6.6373,-13.263
6.3357,-6.6549,-13.518
12.602,-12.604,0.001903
-12.602,12.604,-0.001903
-12.674,-12.673,0.000461
12.674,12.673,-0.000461
12.399,0.076976,12.992
-0.27553,-12.596,12.993
-0.20372,12.681,12.99
12.4,0.074344,-13.362
-12.878,0.0082894,12.991
-0.27466,-12.598,-13.362
-0.20285,12.678,-13.364
-12.877,0.0056576,-13.364
12.507,-12.611,-6.1343
12.578,12.666,-6.1367
-12.698,12.597,-6.1381
-12.77,-12.68,-6.1358
-12.622,6.2235,12.828
12.655,6.2922,12.83
12.506,-12.61,7.0429
-6.3775,12.509,13.074
12.578,12.667,7.0405
-12.699,12.598,7.0391
6.6089,12.443,13.106
12.557,-6.3927,13.15
12.558,-6.3954,-13.204
-12.77,-12.678,7.0415
-6.3766,12.506,-13.28
6.6098,12.44,-13.249
-6.4493,-12.767,13.077
-12.72,-6.4614,13.149
-12.719,-6.464,-13.206
6.5371,-12.834,13.108
-12.621,6.2209,-13.526
-6.4484,-12.77,-13.278
12.656,6.2896,-13.525
6.538,-12.836,-13.246
12.603,-12.605,-13.175
-12.603,12.605,13.175
12.602,-12.603,13.179
-12.602,12.603,-13.179
-12.675,-12.671,13.178
12.675,12.671,-13.178
-12.674,-12.674,-13.177
12.674,12.674,13.177
