-8.676,-8.4978,-2.9363
-9.8993,-9.0918,-9.1573
-8.676,-8.4978,9.111
-9.8993,-9.0918,2.89
8.4465,-8.438,-3.5613
3.3723,-8.4875,-2.9363
9.4025,-2.4602,-2.9363
8.5335,-8.5788,-9.2403
8.4465,-8.438,8.486
3.3723,-8.4875,9.111
9.4025,-2.4602,9.111
8.5335,-8.5788,2.807
2.4254,-2.4211,-3.5623
-3.5921,3.6006,-3.5613
-3.6034,-8.4513,-3.5623
-9.623,-2.4289,-3.5613
-2.6467,-2.4685,-2.9363
-8.6663,3.5511,-2.9363
3.3821,3.5603,-2.9363
-2.6361,9.5785,-2.9363
2.1496,-9.0849,-9.1583
-3.8693,-3.0646,-9.1613
8.1791,-3.0554,-9.1583
2.1588,2.9663,-9.1573
-3.5136,-8.5878,-9.2413
-9.5339,-2.5689,-9.2413
2.5145,-2.5597,-9.2403
-3.5051,3.4599,-9.2403
2.4254,-2.4211,8.485
-3.5921,3.6006,8.486
-3.6034,-8.4513,8.485
-9.623,-2.4289,8.486
-2.6467,-2.4685,9.111
-8.6663,3.5511,9.111
3.3821,3.5603,9.111
-2.6361,9.5785,9.111
2.1496,-9.0849,2.889
-3.8693,-3.0646,2.886
8.1791,-3.0554,2.889
2.1588,2.9663,2.89
-3.5136,-8.5878,2.806
-9.5339,-2.5689,2.806
2.5145,-2.5597,2.807
-3.5051,3.4599,2.807
-9.6133,9.6175,-3.5623
-9.889,2.9537,-9.1583
-3.8595,8.9832,-9.1583
-9.5242,9.4789,-9.2403
-9.6133,9.6175,8.485
-9.889,2.9537,2.889
-3.8595,8.9832,2.889
-9.5242,9.4789,2.807
8.4547,3.6068,-3.5623
2.4351,9.6292,-3.5613
9.4114,9.5896,-2.9363
8.1888,8.9935,-9.1613
8.5445,3.4703,-9.2413
2.5242,9.4892,-9.2413
8.4547,3.6068,8.485
2.4351,9.6292,8.486
9.4114,9.5896,9.111
8.1888,8.9935,2.886
8.5445,3.4703,2.806
2.5242,9.4892,2.806
-9.9538,-9.265,-3.0203
-8.5728,-8.4215,-9.0143
-9.9538,-9.265,9.027
-8.5728,-8.4215,3.033
9.2088,-8.7082,-2.3053
3.4749,-8.4119,-9.0143
9.5051,-2.3845,-9.0133
9.7455,-9.4386,-9.0943
9.2088,-8.7082,9.742
3.4749,-8.4119,3.033
9.5051,-2.3845,3.034
9.7455,-9.4386,2.953
-2.8404,-8.7179,-2.3063
-8.8586,-2.6983,-2.3073
3.1891,-2.6884,-2.3073
-2.8298,3.3305,-2.3053
2.0937,-9.2539,-3.0213
-3.9244,-3.2357,-3.0203
8.1225,-3.2251,-3.0203
2.1043,2.7931,-3.0203
-8.5638,3.6268,-9.0143
-2.5456,-2.39,-9.0163
-2.5336,9.6541,-9.0133
3.4853,3.6367,-9.0143
-2.3016,-9.4477,-9.0953
-8.3212,-3.4281,-9.0943
3.7257,-3.4189,-9.0953
-2.2931,2.6,-9.0943
-2.8404,-8.7179,9.741
-8.8586,-2.6983,9.74
3.1891,-2.6884,9.74
-2.8298,3.3305,9.742
2.0937,-9.2539,9.026
-3.9244,-3.2357,9.027
8.1225,-3.2251,9.027
2.1043,2.7931,9.027
-8.5638,3.6268,3.033
-2.5456,-2.39,3.031
-2.5336,9.6541,3.034
3.4853,3.6367,3.033
-2.3016,-9.4477,2.952
-8.3212,-3.4281,2.953
3.7257,-3.4189,2.952
-2.2931,2.6,2.953
-8.8496,9.3502,-2.3073
-9.9449,2.7847,-3.0213
-3.9161,8.8135,-3.0203
-8.3129,8.6198,-9.0953
-8.8496,9.3502,9.74
-9.9449,2.7847,9.026
-3.9161,8.8135,9.027
-8.3129,8.6198,2.952
9.2177,3.3402,-2.3063
3.1995,9.3598,-2.3073
8.1337,8.8224,-3.0203
9.5125,9.6681,-9.0163
9.7565,2.6105,-9.0953
3.7369,8.6301,-9.0943
9.2177,3.3402,9.741
3.1995,9.3598,9.74
8.1337,8.8224,9.027
9.5125,9.6681,3.031
9.7565,2.6105,2.952
3.7369,8.6301,2.953
-9.1505,-11.669,-12.636
-5.7903,-9.0572,-12.544
-11.811,-3.0369,-12.545
-12.017,-12.091,-9.1743
-6.1524,-12.803,-2.8893
-12.172,-6.7852,-2.8903
-0.96503,-11.32,-3.0693
-6.9846,-5.3017,-3.0683
-13.013,-11.331,-3.0683
-6.8418,-11.404,-9.1713
-12.861,-5.383,-9.1713
-9.1505,-11.669,-0.58833
-3.0786,-12.287,-11.577
-9.0975,-6.2676,-11.576
-12.504,-9.0869,-11.869
-6.2676,-8.6534,-6.1403
-12.287,-2.6338,-6.1433
-5.7903,-9.0572,-0.49633
-11.811,-3.0369,-0.49733
-12.752,-8.6789,-6.2513
-3.4441,-11.895,-6.8143
-9.463,-5.8766,-6.8133
-9.4609,-11.241,-5.7413
-12.017,-12.091,2.873
-6.1524,-12.803,9.158
-12.172,-6.7852,9.157
-0.96503,-11.32,8.978
-6.9846,-5.3017,8.979
-13.013,-11.331,8.979
-6.8418,-11.404,2.876
-12.861,-5.383,2.876
-9.1505,-11.669,11.459
-3.0786,-12.287,0.47
-9.0975,-6.2676,0.471
-12.504,-9.0869,0.178
-6.2676,-8.6534,5.907
-12.287,-2.6338,5.904
-5.7903,-9.0572,11.551
-11.811,-3.0369,11.55
-12.752,-8.6789,5.796
-3.4441,-11.895,5.233
-9.463,-5.8766,5.234
-9.4609,-11.241,6.306
-3.0786,-12.287,12.517
-9.0975,-6.2676,12.518
-12.504,-9.0869,12.225
-13.004,0.71873,-3.0693
-13.004,0.71873,8.978
2.8972,-11.66,-12.637
8.9267,-5.6301,-12.637
6.258,-9.0469,-12.545
12.286,-3.0174,-12.545
0.032666,-12.082,-9.1743
12.08,-12.071,-9.1743
6.0608,-6.0537,-9.1743
5.896,-12.795,-2.8893
11.925,-6.7657,-2.8903
11.083,-11.311,-3.0683
5.2059,-11.393,-9.1723
11.235,-5.3635,-9.1713
2.8972,-11.66,-0.58933
8.9267,-5.6301,-0.58933
8.9698,-12.278,-11.576
11.593,-9.0674,-11.869
5.7807,-8.6431,-6.1413
11.81,-2.6143,-6.1433
6.258,-9.0469,-0.49733
12.286,-3.0174,-0.49733
11.345,-8.6594,-6.2513
8.6042,-11.887,-6.8133
2.5874,-11.231,-5.7423
8.6162,-5.2009,-5.7433
0.032666,-12.082,2.873
12.08,-12.071,2.873
6.0608,-6.0537,2.873
5.896,-12.795,9.158
11.925,-6.7657,9.157
11.083,-11.311,8.979
5.2059,-11.393,2.875
11.235,-5.3635,2.876
2.8972,-11.66,11.458
8.9267,-5.6301,11.458
8.9698,-12.278,0.471
11.593,-9.0674,0.178
5.7807,-8.6431,5.906
11.81,-2.6143,5.904
6.258,-9.0469,11.55
12.286,-3.0174,11.55
11.345,-8.6594,5.796
8.6042,-11.887,5.234
2.5874,-11.231,6.305
8.6162,-5.2009,6.304
8.9698,-12.278,12.518
11.593,-9.0674,12.225
-3.1219,-5.6392,-12.636
-9.1415,0.37901,-12.637
2.9076,0.38891,-12.636
-3.112,6.4085,-12.637
0.23829,-3.0271,-12.545
-5.7806,2.9918,-12.545
6.2678,3.001,-12.544
0.24749,9.0213,-12.545
-5.9878,-6.0627,-9.1743
-12.006,-0.043134,-9.1743
0.041012,-0.032527,-9.1743
-5.9779,5.985,-9.1743
-0.12304,-6.7741,-2.8893
-6.1426,-0.7559,-2.8893
5.9058,-0.74529,-2.8893
-0.11384,5.2729,-2.8903
11.093,0.73822,-3.0693
5.0735,6.7564,-3.0683
5.065,-5.2913,-3.0693
-0.9553,0.72761,-3.0683
-0.81388,-5.3747,-9.1713
-6.8328,0.64559,-9.1723
5.2163,0.65407,-9.1713
-0.80327,6.6751,-9.1713
-3.1219,-5.6392,-0.58833
-9.1415,0.37901,-0.58933
2.9076,0.38891,-0.58833
-3.112,6.4085,-0.58933
2.9508,-6.2586,-11.577
-3.0688,-0.239,-11.576
8.9795,-0.2284,-11.577
2.9607,5.7905,-11.576
-0.45608,-9.0771,-11.87
-6.475,-3.0582,-11.869
5.5713,-3.0483,-11.87
-0.44548,2.9713,-11.869
-0.239,-2.6248,-6.1423
-6.2579,3.3955,-6.1413
5.7905,3.4047,-6.1403
-0.2291,9.4243,-6.1433
0.23829,-3.0271,-0.49733
-5.7806,2.9918,-0.49733
6.2678,3.001,-0.49633
0.24749,9.0213,-0.49733
-0.70216,-8.6684,-6.2513
-6.7225,-2.6495,-6.2503
5.3273,-2.6389,-6.2523
-0.69367,3.3793,-6.2513
2.5852,-5.8662,-6.8133
-3.4344,0.15203,-6.8133
8.614,0.16263,-6.8143
2.5951,6.1815,-6.8133
-3.4323,-5.2128,-5.7403
-9.4512,0.80752,-5.7423
2.5972,0.81671,-5.7413
-3.4224,6.8377,-5.7433
-5.9878,-6.0627,2.873
-12.006,-0.043134,2.873
0.041012,-0.032527,2.873
-5.9779,5.985,2.873
-0.12304,-6.7741,9.158
-6.1426,-0.7559,9.158
5.9058,-0.74529,9.158
-0.11384,5.2729,9.157
11.093,0.73822,8.978
5.0735,6.7564,8.979
5.065,-5.2913,8.978
-0.9553,0.72761,8.979
-0.81388,-5.3747,2.876
-6.8328,0.64559,2.875
5.2163,0.65407,2.876
-0.80327,6.6751,2.876
-3.1219,-5.6392,11.459
-9.1415,0.37901,11.458
2.9076,0.38891,11.459
-3.112,6.4085,11.458
2.9508,-6.2586,0.47
-3.0688,-0.239,0.471
8.9795,-0.2284,0.47
2.9607,5.7905,0.471
-0.45608,-9.0771,0.177
-6.475,-3.0582,0.178
5.5713,-3.0483,0.177
-0.44548,2.9713,0.178
-0.239,-2.6248,5.905
-6.2579,3.3955,5.906
5.7905,3.4047,5.907
-0.2291,9.4243,5.904
0.23829,-3.0271,11.55
-5.7806,2.9918,11.55
6.2678,3.001,11.551
0.24749,9.0213,11.55
-0.70216,-8.6684,5.796
-6.7225,-2.6495,5.797
5.3273,-2.6389,5.795
-0.69367,3.3793,5.796
2.5852,-5.8662,5.234
-3.4344,0.15203,5.234
8.614,0.16263,5.233
2.5951,6.1815,5.234
-3.4323,-5.2128,6.307
-9.4512,0.80752,6.305
2.5972,0.81671,6.306
-3.4224,6.8377,6.304
2.9508,-6.2586,12.517
-3.0688,-0.239,12.518
8.9795,-0.2284,12.517
2.9607,5.7905,12.518
-0.45608,-9.0771,12.224
-6.475,-3.0582,12.225
5.5713,-3.0483,12.224
-0.44548,2.9713,12.225
-9.131,12.428,-12.636
-11.8,9.0115,-12.545
-11.998,12.006,-9.1743
-12.162,5.2645,-2.8893
-6.1329,11.293,-2.8893
-0.94554,12.777,-3.0693
-6.9736,6.7474,-3.0693
-12.994,12.766,-3.0683
-12.853,6.6639,-9.1713
-6.8223,12.693,-9.1713
-9.131,12.428,-0.58833
-9.0879,5.78,-11.577
-3.0591,11.81,-11.577
-12.495,2.9615,-11.87
-6.4673,8.9903,-11.87
-12.278,9.4139,-6.1423
-11.8,9.0115,-0.49733
-12.741,3.3702,-6.2513
-6.7113,9.3997,-6.2523
-9.4534,6.1725,-6.8133
-3.4247,12.201,-6.8143
-9.4414,12.855,-5.7413
-11.998,12.006,2.873
-12.162,5.2645,9.158
-6.1329,11.293,9.158
-0.94554,12.777,8.978
-6.9736,6.7474,8.978
-12.994,12.766,8.979
-12.853,6.6639,2.876
-6.8223,12.693,2.876
-9.131,12.428,11.459
-9.0879,5.78,0.47
-3.0591,11.81,0.47
-12.495,2.9615,0.177
-6.4673,8.9903,0.177
-12.278,9.4139,5.905
-11.8,9.0115,11.55
-12.741,3.3702,5.796
-6.7113,9.3997,5.795
-9.4534,6.1725,5.234
-3.4247,12.201,5.233
-9.4414,12.855,6.306
-9.0879,5.78,12.517
-3.0591,11.81,12.517
-12.495,2.9615,12.224
-6.4673,8.9903,12.224
12.091,-0.023645,-9.1743
12.091,-0.023645,2.873
8.9362,6.4189,-12.636
2.9166,12.437,-12.637
12.296,9.031,-12.545
6.0703,5.9954,-9.1743
0.052155,12.015,-9.1743
12.099,12.026,-9.1743
11.935,5.284,-2.8893
5.9155,11.302,-2.8893
11.103,12.786,-3.0683
11.244,6.6834,-9.1713
5.2253,12.704,-9.1723
8.9362,6.4189,-0.58833
2.9166,12.437,-0.58933
8.9893,11.819,-11.576
11.602,2.981,-11.87
5.5831,8.9999,-11.869
11.819,9.4333,-6.1423
12.296,9.031,-0.49733
11.356,3.3897,-6.2513
5.3357,9.4086,-6.2503
8.6237,12.21,-6.8133
8.6258,6.8453,-5.7403
2.6069,12.866,-5.7423
6.0703,5.9954,2.873
0.052155,12.015,2.873
12.099,12.026,2.873
11.935,5.284,9.158
5.9155,11.302,9.158
11.103,12.786,8.979
11.244,6.6834,2.876
5.2253,12.704,2.875
8.9362,6.4189,11.459
2.9166,12.437,11.458
8.9893,11.819,0.471
11.602,2.981,0.177
5.5831,8.9999,0.178
11.819,9.4333,5.905
12.296,9.031,11.55
11.356,3.3897,5.796
5.3357,9.4086,5.797
8.6237,12.21,5.234
8.6258,6.8453,6.307
2.6069,12.866,6.305
8.9893,11.819,12.518
11.602,2.981,12.224
5.5831,8.9999,12.225
0,0,0
-0.20506,0.37901,-5.9293
-5.9595,-0.024042,-0.089
0.069296,6.0062,-0.088
0.059397,-6.0429,-0.088
6.0889,-0.013435,-0.088
-0.20506,0.37901,6.118
-0.2192,-5.6597,5.691
5.8096,0.36911,5.691
-6.2388,0.35992,5.692
6.019,-6.019,0.001
-6.0196,6.0196,0.001
-0.2192,-5.6597,-6.3563
6.0279,6.0293,0
-6.0302,-6.0288,0
-0.21001,6.3887,5.692
5.8096,0.36911,-6.3563
-6.2388,0.35992,-6.3553
-0.21001,6.3887,-6.3553
5.8145,-5.6406,-5.9293
5.8145,-5.6406,6.118
-6.2331,-5.6505,-5.9293
-6.2331,-5.6505,6.118
5.825,6.4076,-5.9293
5.825,6.4076,6.118
-6.2241,6.398,-5.9293
-6.2241,6.398,6.118
0,0,-12.047
0,0,12.047
12.048,0.0095891,0
0.0090213,12.048,0
-0.010467,-12.049,0
-12.049,-0.0098995,0
-0.21425,-11.669,-5.9293
-0.21425,-11.669,6.118
11.844,0.38874,-5.9293
11.844,0.38874,6.118
-5.9595,-0.024042,11.958
0.069296,6.0062,11.959
-11.979,5.9957,-0.088
0.059397,-6.0429,11.959
-5.9497,12.025,-0.088
6.0889,-0.013435,11.959
-11.989,-6.052,-0.088
-5.9692,-12.072,-0.088
6.0986,12.034,-0.089
6.0791,-12.063,-0.089
-5.9595,-0.024042,-12.136
12.108,-6.0325,-0.088
12.118,6.0152,-0.088
0.069296,6.0062,-12.135
0.059397,-6.0429,-12.135
6.0889,-0.013435,-12.135
-12.253,0.36925,-5.9293
-12.253,0.36925,6.118
-0.19476,12.427,-5.9293
-0.19476,12.427,6.118
5.7998,-11.679,5.692
11.829,-5.6499,5.692
-6.2485,-11.689,5.691
5.7998,-11.679,-6.3553
11.829,-5.6499,-6.3553
11.839,6.3984,5.691
-12.268,-5.6694,5.692
-6.2485,-11.689,-6.3563
6.019,-6.019,-12.046
-6.0196,6.0196,-12.046
6.019,-6.019,12.048
-6.0196,6.0196,12.048
6.0279,6.0293,-12.047
6.0279,6.0293,12.047
-6.0302,-6.0288,-12.047
-6.0302,-6.0288,12.047
5.8193,12.418,5.692
11.839,6.3984,-6.3563
-12.268,-5.6694,-6.3553
-12.258,6.3789,5.691
-6.229,12.408,5.691
5.8193,12.418,-6.3553
-12.258,6.3789,-6.3563
-6.229,12.408,-6.3563
12.039,-12.039,0
-12.039,12.039,0
12.048,0.0095891,-12.047
12.048,0.0095891,12.047
0.0090213,12.048,-12.047
0.0090213,12.048,12.047
-0.010467,-12.049,-12.047
-0.010467,-12.049,12.047
-12.049,-0.0098995,-12.047
-12.049,-0.0098995,12.047
-12.058,-12.058,0
12.058,12.058,0
11.834,-11.66,-5.9293
11.834,-11.66,6.118
-12.263,-11.679,-5.9293
-11.979,5.9957,11.959
-5.9497,12.025,11.959
-11.989,-6.052,11.959
-12.263,-11.679,6.118
-5.9692,-12.072,11.959
6.0986,12.034,11.958
6.0791,-12.063,11.958
12.108,-6.0325,11.959
12.118,6.0152,11.959
-11.979,5.9957,-12.135
-5.9497,12.025,-12.135
-11.989,-6.052,-12.135
-5.9692,-12.072,-12.135
6.0986,12.034,-12.136
6.0791,-12.063,-12.136
12.108,-6.0325,-12.135
12.118,6.0152,-12.135
11.853,12.437,-5.9293
11.853,12.437,6.118
-12.244,12.418,-5.9293
-12.244,12.418,6.118
12.039,-12.039,-12.047
12.039,-12.039,12.047
-12.039,12.039,-12.047
-12.039,12.039,12.047
-12.058,-12.058,-12.047
-12.058,-12.058,12.047
12.058,12.058,-12.047
12.058,12.058,12.047
