-9.6162,-10.172,-10.302
-9.6167,-10.171,2.8755
-3.759,-10.206,-4.4845
-9.8168,-3.8754,-4.1395
-9.0581,-9.4297,-4.1615
-3.7594,-10.205,8.6927
-9.8172,-3.8741,9.0377
-9.0585,-9.4284,9.0157
9.7695,-9.9288,-10.813
9.769,-9.9274,2.3639
9.448,-10.256,-4.7541
3.9354,-9.7761,-4.5001
10.111,-3.608,-3.9781
9.4476,-10.254,8.4231
3.935,-9.7748,8.6771
10.11,-3.6067,9.1991
-3.4863,-9.1591,-10.57
-8.9452,-3.3565,-11.194
3.2616,-4.4773,-10.401
-2.8329,2.6751,-10.815
2.481,-9.8103,-10.709
-3.8222,-3.7122,-10.284
9.0217,-3.8522,-10.944
3.058,2.5004,-10.302
-3.4867,-9.1577,2.607
-8.9456,-3.3552,1.983
3.2612,-4.476,2.776
-2.8334,2.6764,2.362
2.4805,-9.809,2.468
-3.8226,-3.7109,2.893
9.0213,-3.8509,2.233
3.0575,2.5017,2.875
3.8749,-3.7321,-4.055
-3.1544,2.3483,-4.756
8.9152,2.4664,-4.485
2.8574,8.7971,-4.14
-8.667,2.8277,-4.502
-2.7365,-3.3432,-3.133
-2.4918,8.9958,-3.98
3.6161,3.2428,-4.162
3.8745,-3.7308,9.1222
-3.1548,2.3496,8.4212
8.9148,2.4677,8.6922
2.857,8.7984,9.0372
-8.6674,2.829,8.6752
-2.7369,-3.3419,10.044
-2.4923,8.9971,9.1972
3.6157,3.2441,9.0152
-9.3408,8.1265,-10.403
-10.121,2.7935,-10.711
-3.5807,8.7516,-10.946
-9.3412,8.1279,2.7741
-10.122,2.7949,2.4661
-3.5811,8.7529,2.2311
-8.7275,8.8717,-4.0569
-8.7279,8.8731,9.1203
9.1879,3.5135,-10.571
3.729,9.316,-11.195
8.852,8.9603,-10.285
9.1875,3.5148,2.6065
3.7286,9.3173,1.9825
8.8516,8.9616,2.8925
9.9377,9.3293,-3.1335
9.9373,9.3306,10.044
-9.892,-3.4716,-10.042
-9.286,-9.4798,-11.562
-9.8925,-3.4702,3.1355
-9.2865,-9.4785,1.6155
-8.7696,-9.8512,-2.7485
-8.77,-9.8499,10.429
9.7058,-10.786,-9.5803
3.3023,-9.8962,-9.4743
9.7054,-10.784,3.5969
3.3018,-9.8949,3.7029
10.272,-10.525,-3.5291
2.8571,-10.623,-3.8321
10.271,-10.524,9.6481
2.8566,-10.621,9.3451
3.1909,-3.0984,-10.961
-2.8966,1.8181,-9.5822
-2.6102,-10.356,-10.548
2.7822,9.201,-10.042
-3.7684,-5.0882,-9.6472
-9.3001,2.7076,-9.4762
3.3882,3.1927,-11.562
9.7196,-3.3396,-9.7302
3.1905,-3.0971,2.216
-2.897,1.8194,3.595
-2.6106,-10.355,2.629
2.7818,9.2023,3.135
-3.7689,-5.0869,3.53
-9.3006,2.7089,3.701
3.3877,3.194,1.615
9.7192,-3.3383,3.447
-2.8899,-9.8776,-3.285
-9.058,-3.4083,-2.921
3.3503,-2.5739,-3.295
-2.3306,2.0789,-3.531
-2.8709,-4.3756,-4.239
-9.7453,1.9813,-3.834
3.9046,2.8214,-2.749
9.0595,-3.6176,-2.931
-2.8904,-9.8763,9.8922
-9.0585,-3.4069,10.256
3.3498,-2.5726,9.8822
-2.3311,2.0802,9.6462
-2.8713,-4.3743,8.9382
-9.7458,1.9826,9.3432
3.9042,2.8227,10.428
9.059,-3.6162,10.246
-9.4115,9.5054,-10.963
-2.8828,9.2643,-9.7321
-9.4119,9.5067,2.2141
-2.8832,9.2656,3.4451
-9.2521,10.03,-3.2969
-3.543,8.9863,-2.9329
-9.2526,10.031,9.8803
-3.5434,8.9876,10.244
10.064,2.3163,-10.549
8.9058,7.5843,-9.6477
10.064,2.3177,2.6285
8.9053,7.5856,3.5295
9.7843,2.795,-3.2855
3.6162,9.2643,-2.9215
9.8034,8.297,-4.2395
9.7838,2.7963,9.8918
3.6157,9.2656,10.256
9.8029,8.2983,8.9378
-0.014099,-13.529,-10.542
-0.014532,-13.528,2.6354
-6.1019,-12.373,-10.482
-11.762,-6.4874,-10.848
-6.9519,-6.662,-10.755
-12.617,-0.92527,-10.544
-12.832,-13.774,-10.446
-9.542,-13.885,-7.7618
-12.301,-10.364,-7.9288
-5.6225,-9.7493,-14.39
-12.001,-3.4829,-13.926
-12.939,-9.774,-13.186
-9.4656,-12.424,-13.618
-3.0642,-13.464,-13.854
-11.999,-12.417,-3.7765
-6.1024,-12.371,2.6955
-11.763,-6.4861,2.3295
-6.9523,-6.6607,2.4225
-12.617,-0.92395,2.6335
-12.833,-13.773,2.7315
-6.1299,-13.484,-4.1305
-13.125,-7.3862,-3.9945
-9.5424,-13.884,5.4155
-3.2513,-13.002,-7.4975
-9.7029,-6.549,-6.8265
-12.302,-10.362,5.2485
-5.6229,-9.7479,-1.2125
-12.001,-3.4816,-0.74854
-6.8745,-10.063,-7.3845
-12.542,-3.7227,-6.9675
-12.939,-9.7727,-0.008539
-9.4661,-12.423,-0.44054
-3.0646,-13.463,-0.67654
-9.0093,-6.9626,-1.3975
-11.999,-12.416,9.4007
-6.1304,-13.482,9.0467
-13.126,-7.3849,9.1827
-3.2517,-13.001,5.6797
-9.7034,-6.5477,6.3507
-5.6234,-9.7466,11.965
-12.001,-3.4802,12.429
-6.875,-10.062,5.7927
-12.542,-3.7214,6.2097
-12.94,-9.7714,13.169
-9.4665,-12.422,12.737
-3.0651,-13.462,12.501
-9.0097,-6.9613,11.78
6.2226,-12.587,-10.696
13.514,-6.4187,-10.846
12.66,-0.85658,-10.542
12.444,-13.705,-10.444
5.8118,-8.1631,-11.023
9.6457,-6.8224,-8.4483
12.975,-10.295,-7.9273
13.276,-3.4142,-13.924
12.338,-9.7053,-13.184
3.2846,-12.747,-13.575
9.7532,-6.0432,-13.703
9.4859,-12.95,-13.976
13.278,-12.349,-3.7751
7.6201,-6.7094,-4.1661
6.2222,-12.586,2.4809
13.514,-6.4174,2.3309
12.66,-0.85527,2.6349
12.444,-13.704,2.7329
5.8113,-8.1618,2.1539
5.863,-13.03,-3.9371
12.151,-7.3175,-3.9931
3.1364,-12.613,-6.8931
9.6453,-6.8211,4.7289
9.192,-13.647,-7.0631
12.975,-10.294,5.2499
7.321,-9.7691,-1.7211
13.276,-3.4129,-0.7471
6.8862,-10.171,-7.2371
12.735,-3.654,-6.9661
12.337,-9.704,-0.007097
3.2841,-12.745,-0.3981
9.7528,-6.0419,-0.5261
9.4855,-12.949,-0.7991
13.277,-12.347,9.4021
7.6197,-6.7081,9.0111
5.8625,-13.029,9.2401
12.151,-7.3162,9.1841
3.1359,-12.612,6.2841
9.1916,-13.646,6.1141
7.3206,-9.7677,11.456
13.275,-3.4116,12.43
6.8857,-10.17,5.9401
12.734,-3.6527,6.2111
12.337,-9.7027,13.17
3.2837,-12.744,12.779
9.7523,-6.0406,12.651
9.485,-12.948,12.378
-0.47686,-6.2373,-10.386
-6.3798,0.016362,-10.698
6.5723,0.29991,-10.482
0.91189,6.1852,-10.848
5.7223,6.0105,-10.755
0.057709,11.747,-10.544
-0.15796,-1.1016,-10.446
-6.7906,4.4407,-11.025
3.1322,-1.2126,-7.7622
-2.9567,5.7814,-8.4502
-0.36161,-9.9404,-7.8872
7.0057,-3.7808,-7.7482
0.37308,2.3088,-7.9292
0.85462,-3.5609,-13.958
7.0517,2.9233,-14.39
0.6736,9.1897,-13.926
-0.61546,-9.6116,-13.385
-6.3968,-3.3523,-13.744
5.4727,-3.5588,-13.3
-0.26473,2.8985,-13.186
-2.8146,-5.5967,-13.176
-9.3178,-0.14274,-13.577
3.2086,0.24829,-13.618
-2.8492,6.5606,-13.705
3.3592,-7.7583,-14.437
-3.1165,-0.34638,-13.978
9.61,-0.79186,-13.854
0.67529,0.25527,-3.777
-4.9823,5.8944,-4.168
-6.0832,-5.6717,-4.252
-0.2885,-12.191,-4.135
-0.4773,-6.236,2.791
-6.3802,0.017678,2.479
6.5719,0.30123,2.695
0.91146,6.1865,2.329
5.7219,6.0118,2.422
0.057276,11.749,2.633
-0.15839,-1.1003,2.731
-6.7911,4.442,2.152
-0.52609,-7.0598,-3.641
-6.7394,-0.42639,-3.939
6.5443,-0.81105,-4.131
-0.45113,5.2863,-3.995
-3.0533,-6.9608,-6.691
-9.466,-0.0091924,-6.895
3.1318,-1.2113,5.415
-2.9571,5.7827,4.727
3.2803,-7.0944,-7.402
-3.4104,-1.043,-7.065
9.4229,-0.32951,-7.498
2.9713,6.1235,-6.827
-0.36204,-9.9391,5.29
-7.0025,-3.6197,-7.39
7.0053,-3.7795,5.429
0.37265,2.3101,5.248
0.85418,-3.5596,-0.781
-5.2814,2.8348,-1.723
7.0513,2.9246,-1.213
0.67317,9.191,-0.749
0.31325,-3.8346,-6.198
-5.7163,2.4324,-7.239
5.7997,2.6092,-7.385
0.13223,8.9499,-6.968
-0.61589,-9.6103,-0.208
-6.3972,-3.351,-0.567
5.4723,-3.5575,-0.123
-0.26517,2.8998,-0.009
-2.815,-5.5953,0.001
-9.3183,-0.14142,-0.4
3.2081,0.24961,-0.441
-2.8496,6.562,-0.528
3.3588,-7.757,-1.26
-3.1169,-0.34507,-0.801
9.6096,-0.79055,-0.677
3.6649,5.7099,-1.398
0.67485,0.25658,9.4002
-4.9827,5.8958,9.0092
-6.0837,-5.6704,8.9252
-0.28893,-12.189,9.0422
-0.52652,-7.0584,9.5362
-6.7399,-0.42507,9.2382
6.5438,-0.80974,9.0462
-0.45157,5.2876,9.1822
-3.0537,-6.9594,6.4862
-9.4665,-0.0078765,6.2822
3.2798,-7.0931,5.7752
-3.4108,-1.0417,6.1122
9.4225,-0.3282,5.6792
2.9708,6.1249,6.3502
-7.0029,-3.6184,5.7872
0.85375,-3.5583,12.396
-5.2818,2.8361,11.454
7.0508,2.9259,11.964
0.67273,9.1923,12.428
0.31281,-3.8333,6.9792
-5.7167,2.4338,5.9382
5.7993,2.6105,5.7922
0.1318,8.9512,6.2092
-0.61632,-9.609,12.969
-6.3976,-3.3497,12.61
5.4719,-3.5561,13.054
-0.2656,2.9012,13.168
-2.8154,-5.594,13.178
-9.3187,-0.14011,12.777
3.2077,0.25092,12.736
-2.8501,6.5633,12.649
3.3583,-7.7556,11.917
-3.1174,-0.34375,12.376
9.6091,-0.78923,12.5
3.6645,5.7112,11.779
-13.079,6.3666,-10.388
-6.0301,12.904,-10.484
-12.76,11.502,-10.448
-9.4702,11.391,-7.7641
-12.964,2.6634,-7.8891
-5.5967,8.823,-7.7501
-11.748,9.043,-13.96
-13.218,2.9922,-13.387
-7.1297,9.0451,-13.302
-9.3938,12.852,-13.62
-9.2432,4.8456,-14.439
-2.9924,11.812,-13.856
-11.927,12.859,-3.7789
-12.891,0.41333,-4.1369
-13.08,6.3679,2.7891
-6.0306,12.905,2.6931
-12.761,11.504,2.7291
-13.128,5.5441,-3.6429
-6.0581,11.793,-4.1329
-9.4706,11.393,5.4131
-9.3221,5.5094,-7.4039
-3.1795,12.274,-7.4999
-12.964,2.6648,5.2881
-5.5971,8.8244,5.4271
-11.748,9.0443,-0.7829
-12.289,8.7692,-6.1999
-13.218,2.9936,-0.2099
-7.1301,9.0464,-0.1249
-9.3943,12.853,-0.4429
-9.2436,4.8469,-1.2619
-2.9928,11.813,-0.6789
-11.928,12.86,9.3983
-12.891,0.41464,9.0403
-13.129,5.5454,9.5343
-6.0586,11.794,9.0443
-9.3226,5.5108,5.7733
-3.1799,12.276,5.6773
-11.749,9.0456,12.394
-12.29,8.7705,6.9773
-13.219,2.9949,12.967
-7.1305,9.0477,13.052
-9.3947,12.855,12.734
-9.2441,4.8482,11.915
-2.9933,11.815,12.498
12.197,6.4352,-10.387
6.2944,12.689,-10.699
12.516,11.571,-10.447
12.313,2.7321,-7.8877
13.529,9.1116,-13.959
12.059,3.0609,-13.386
6.2774,9.3202,-13.745
9.8597,7.0759,-13.177
3.3564,12.53,-13.578
9.5577,12.326,-13.979
13.349,12.928,-3.7775
6.591,7.0008,-4.2525
12.386,0.48201,-4.1355
12.197,6.4366,2.7905
6.294,12.69,2.4785
12.516,11.572,2.7305
12.148,5.6128,-3.6415
5.9348,12.246,-3.9395
9.6209,5.7118,-6.6915
3.2082,12.663,-6.8955
9.2638,11.63,-7.0655
12.312,2.7334,5.2895
5.6717,9.0529,-7.3905
13.528,9.113,-0.78146
12.987,8.8379,-6.1985
12.058,3.0622,-0.20846
6.277,9.3216,-0.56746
9.8592,7.0772,0.000539
3.356,12.531,-0.40046
9.5573,12.327,-0.80146
13.349,12.929,9.3998
6.5905,7.0021,8.9248
12.385,0.48333,9.0418
12.148,5.6141,9.5358
5.9343,12.247,9.2378
9.6205,5.7131,6.4858
3.2077,12.665,6.2818
9.2634,11.631,6.1118
5.6713,9.0542,5.7868
13.528,9.1143,12.396
12.987,8.8392,6.9788
12.058,3.0636,12.969
6.2766,9.3229,12.61
9.8588,7.0785,13.178
3.3555,12.532,12.777
9.5569,12.329,12.376
-0.21669,13.086,-4.1374
-0.21712,13.087,9.0399
0.46991,13.72,-3.0744
0.46948,13.721,10.103
9.6368,12.11,13.069
13.37,9.3674,13.121
0,0,0
0.38254,6.161,-0.585
-6.2593,-0.046669,-0.785
-0.073539,-0.56993,-6.512
6.5337,-0.45679,-0.307
-0.073973,-0.56861,6.6652
0.4971,-6.6984,-0.601
0.097147,5.4135,6.1912
-6.3194,-0.63852,5.367
-6.3795,5.5904,-0.64
6.2292,-0.71428,5.8162
-5.7728,-6.3555,-1.215
0.18978,-6.6575,5.7302
0.097581,5.4122,-6.986
6.2229,-7.0135,-0.6381
6.9014,6.3171,-1.2155
6.2296,-0.71559,-7.361
6.2529,5.4822,5.515
0.19021,-6.6588,-7.447
-6.319,-0.63983,-7.8102
-6.0589,5.5309,5.8542
-6.0585,5.5296,-7.323
-6.4213,-7.1903,5.5155
6.5435,-7.073,5.8561
6.2534,5.4809,-7.6622
6.5439,-7.0743,-7.3211
-6.4208,-7.1917,-7.6618
-12.525,-0.062557,-0.8079
0.14888,12.61,-0.80836
0.077075,-12.666,-0.806
12.751,0.0061299,-0.80646
-0.00043346,0.0013159,13.177
0.00043346,-0.0013159,-13.177
0.11836,12.032,5.9962
-12.105,5.9054,-0.6029
-6.0687,12.147,-0.3089
-6.2597,-0.045353,12.392
-12.292,-6.5115,-0.58454
-12.556,-0.6405,5.9967
0.11879,12.031,-7.181
0.38211,6.1623,12.592
12.721,-0.57182,5.9981
6.3431,-12.651,-0.7831
6.4149,12.626,-0.78546
0.49666,-6.6971,12.576
6.5332,-0.45548,12.87
13.171,5.9741,-0.60146
-12.555,-0.64182,-7.1805
-6.1405,-13.129,-0.30654
12.985,-6.4428,-0.5831
0.046552,-13.244,5.9986
12.721,-0.57313,-7.1791
6.3548,12.034,5.3665
-6.3732,11.89,5.8143
-5.7733,-6.3542,11.962
-12.413,5.9463,5.7283
6.5341,-0.45811,-13.484
0.046986,-13.246,-7.1786
0.38298,6.1597,-13.762
-6.38,5.5917,12.537
6.901,6.3184,11.962
-6.2589,-0.047985,-13.962
12.864,6.015,5.7298
0.49753,-6.6997,-13.778
-6.3728,11.888,-7.3629
6.283,-13.242,5.3689
-12.412,5.945,-7.4489
6.2225,-7.0121,12.539
6.3552,12.033,-7.8107
-12.577,-7.259,6.1917
12.7,-7.1903,6.1931
-6.445,-13.387,5.8167
12.864,6.0137,-7.4475
-12.577,-7.2603,-6.9855
12.7,-7.1917,-6.9841
-6.3791,5.5891,-13.817
-6.4446,-13.388,-7.3605
6.2834,-13.244,-7.8083
6.2233,-7.0148,-13.815
-5.7724,-6.3568,-14.392
6.9018,6.3157,-14.393
-12.526,-0.061241,12.369
0.14845,12.611,12.369
0.076641,-12.665,12.371
12.751,0.0074458,12.371
12.602,-12.604,0.001903
-12.602,12.604,-0.001903
-12.674,-12.673,0.000461
12.674,12.673,-0.000461
-12.106,5.9067,12.574
12.601,12.103,-6.5125
-12.676,12.034,-6.5139
12.6,12.104,6.6648
-12.676,12.035,6.6633
-6.0692,12.148,12.868
-12.292,-6.5102,12.593
-12.525,-0.063873,-13.985
6.3427,-12.649,12.394
6.4145,12.627,12.392
0.14932,12.609,-13.986
0.077508,-12.668,-13.983
12.752,0.004814,-13.984
-6.0683,12.146,-13.486
13.171,5.9754,12.576
12.985,-6.4415,12.594
-12.105,5.9041,-13.78
12.529,-13.174,-6.5101
12.528,-13.172,6.6671
-6.141,-13.128,12.871
-12.748,-13.242,-6.5115
-12.748,-13.241,6.6657
-12.291,-6.5128,-13.762
-6.1401,-13.131,-13.484
6.3435,-12.652,-13.96
6.4153,12.625,-13.963
13.172,5.9728,-13.779
12.985,-6.4441,-13.76
12.603,-12.605,-13.175
-12.603,12.605,13.175
-12.602,12.603,-13.179
12.602,-12.603,13.179
-12.675,-12.671,13.178
12.675,12.671,-13.178
-12.674,-12.674,-13.177
12.674,12.674,13.177
