-3.3565,-8.586,-9.3467
-9.1222,-2.8556,-9.3467
-9.0211,-8.5994,-9.3327
-3.3565,-8.586,2.4889
-9.1222,-2.8556,2.4889
-3.5241,-8.5867,-3.4291
-9.2898,-2.8563,-3.4291
-9.0211,-8.5994,2.5029
-9.188,-8.5994,-3.4151
-3.5241,-8.5867,8.4066
-9.2898,-2.8563,8.4066
-9.188,-8.5994,8.4206
8.1583,-8.6391,-8.8734
2.4936,-8.6511,-8.8594
8.2431,-2.903,-8.8594
8.1583,-8.6391,2.9622
7.9914,-8.6391,-2.9558
2.4936,-8.6511,2.9762
8.2431,-2.903,2.9762
2.3268,-8.6511,-2.9418
8.0748,-2.903,-2.9418
7.9914,-8.6391,8.8799
2.3268,-8.6511,8.8939
8.0748,-2.903,8.8939
2.4268,-2.8723,-9.1097
-3.339,2.8581,-9.1097
8.1756,2.8765,-9.1097
2.4098,8.6069,-9.1097
-3.2371,-2.885,-9.0957
-9.0036,2.8461,-9.0957
2.5109,2.8631,-9.0957
-3.2541,8.5942,-9.0957
2.4268,-2.8723,2.726
-3.339,2.8581,2.726
8.1756,2.8765,2.726
2.4098,8.6069,2.726
2.2592,-2.873,-3.192
-3.5058,2.8581,-3.192
8.008,2.8758,-3.192
2.2422,8.6062,-3.192
-3.2371,-2.885,2.74
-9.0036,2.8461,2.74
2.5109,2.8631,2.74
-3.2541,8.5942,2.74
-3.4047,-2.8857,-3.178
-9.1705,2.8461,-3.178
2.3441,2.8631,-3.178
-3.4224,8.5942,-3.178
2.2592,-2.873,8.6437
-3.5058,2.8581,8.6437
8.008,2.8758,8.6437
2.2422,8.6062,8.6437
-3.4047,-2.8857,8.6577
-9.1705,2.8461,8.6577
2.3441,2.8631,8.6577
-3.4224,8.5942,8.6577
-9.0704,8.625,-9.3459
-9.0704,8.625,2.4898
-9.238,8.6242,-3.4282
-9.238,8.6242,8.4074
8.2949,8.5775,-8.8586
8.2949,8.5775,2.9771
8.1273,8.5768,-2.9409
8.1273,8.5768,8.8947
-7.947,-8.5959,-8.8321
-7.7802,-8.5959,-2.9141
-7.947,-8.5959,3.0036
-7.7802,-8.5959,8.9216
-2.2914,-8.6575,-8.3538
9.2239,-8.6398,-8.3538
3.4574,-2.9087,-8.3538
-2.1238,-8.6568,-2.4358
9.3907,-8.6398,-2.4358
3.625,-2.908,-2.4358
3.567,-8.6483,-8.3588
9.3158,-2.8995,-8.3588
3.7346,-8.6476,-2.4408
9.4834,-2.8988,-2.4408
-2.2914,-8.6575,3.4819
9.2239,-8.6398,3.4819
3.4574,-2.9087,3.4819
-2.1238,-8.6568,9.3999
9.3907,-8.6398,9.3999
3.625,-2.908,9.3999
3.567,-8.6483,3.4769
9.3158,-2.8995,3.4769
3.7346,-8.6476,9.3949
9.4834,-2.8988,9.3949
-8.0221,-2.8914,-8.59
-2.2733,2.8574,-8.59
-8.0398,8.5885,-8.59
-7.8545,-2.8907,-2.672
-2.1065,2.8574,-2.672
-7.8722,8.5892,-2.672
-2.1637,-2.8822,-8.595
-7.9302,2.8489,-8.595
3.585,2.8666,-8.595
-2.1814,8.5977,-8.595
-1.9969,-2.8822,-2.677
-7.7626,2.8496,-2.677
3.7519,2.8666,-2.677
-2.0138,8.5984,-2.677
-8.0221,-2.8914,3.2457
-2.2733,2.8574,3.2457
-8.0398,8.5885,3.2457
-7.8545,-2.8907,9.1637
-2.1065,2.8574,9.1637
-7.8722,8.5892,9.1637
-2.1637,-2.8822,3.2407
-7.9302,2.8489,3.2407
3.585,2.8666,3.2407
-2.1814,8.5977,3.2407
-1.9969,-2.8822,9.1587
-7.7626,2.8496,9.1587
3.7519,2.8666,9.1587
-2.0138,8.5984,9.1587
9.2407,2.805,-8.1167
9.4083,2.8057,-2.1987
9.2407,2.805,3.719
9.4083,2.8057,9.637
3.5099,8.5711,-8.3529
3.6775,8.5718,-2.4349
9.3683,8.5803,-8.3579
9.5352,8.5803,-2.4399
3.5099,8.5711,3.4827
3.6775,8.5718,9.4007
9.3683,8.5803,3.4777
9.5352,8.5803,9.3957
-0.43931,-11.468,-9.0605
-2.9778,-11.506,-12.096
-0.6069,-11.469,-3.1418
-0.43931,-11.468,2.7752
-3.1447,-11.506,-6.1788
-2.9778,-11.506,-0.26082
-0.6069,-11.469,8.6938
-3.1447,-11.506,5.6568
-2.9778,-11.506,11.575
-6.1623,-11.485,-9.2967
-11.928,-5.7533,-9.2967
-11.919,-11.45,-9.2967
-6.1708,-5.7024,-9.2967
-11.937,0.029421,-9.2967
-11.811,-8.6029,-12.021
-6.0216,-8.5937,-12.003
-11.787,-2.8619,-12.003
-8.7001,-11.456,-12.335
-8.7093,-5.7392,-12.333
-6.3292,-11.485,-3.3791
-12.096,-5.754,-3.3791
-6.1623,-11.485,2.5389
-11.928,-5.7533,2.5389
-12.086,-11.451,-3.3781
-6.3377,-5.7024,-3.3781
-12.104,0.028714,-3.3781
-11.919,-11.45,2.5389
-6.1708,-5.7024,2.5389
-11.937,0.029421,2.5389
-11.978,-8.6029,-6.1031
-11.811,-8.6029,-0.18506
-6.1885,-8.5937,-6.0851
-11.955,-2.8626,-6.0851
-6.0216,-8.5937,-0.16706
-11.787,-2.8619,-0.16706
-8.8677,-11.457,-6.4171
-8.7001,-11.456,-0.49906
-8.8769,-5.7399,-6.4151
-8.7093,-5.7392,-0.49706
-6.3292,-11.485,8.4566
-12.096,-5.754,8.4566
-12.086,-11.451,8.4576
-6.3377,-5.7024,8.4576
-12.104,0.028714,8.4576
-11.978,-8.6029,5.7326
-11.811,-8.6029,11.651
-6.1885,-8.5937,5.7506
-11.955,-2.8626,5.7506
-6.0216,-8.5937,11.669
-11.787,-2.8619,11.669
-8.8677,-11.457,5.4186
-8.7001,-11.456,11.337
-8.8769,-5.7399,5.4206
-8.7093,-5.7392,11.339
5.3525,-11.537,-8.8234
11.101,-5.788,-8.8234
11.11,-11.485,-8.8234
5.344,-5.7541,-8.8234
11.093,-0.005321,-8.8234
-0.29591,-8.6547,-11.547
11.219,-8.6377,-11.547
5.4529,-2.9059,-11.547
5.4932,-8.6455,-11.529
11.242,-2.8967,-11.529
2.8139,-11.509,-11.861
8.5627,-5.7598,-11.861
8.5712,-11.523,-11.859
2.8055,-5.7923,-11.859
8.5542,-0.043505,-11.859
5.1849,-11.538,-2.9058
10.934,-5.7887,-2.9058
5.3525,-11.537,3.0122
11.101,-5.788,3.0122
10.943,-11.486,-2.9048
5.1771,-5.7541,-2.9048
10.925,-0.0060281,-2.9048
11.11,-11.485,3.0122
5.344,-5.7541,3.0122
11.093,-0.005321,3.0122
-0.46278,-8.6547,-5.6298
11.052,-8.6377,-5.6298
5.2853,-2.9066,-5.6298
-0.29591,-8.6547,0.28824
11.219,-8.6377,0.28824
5.4529,-2.9059,0.28824
5.3256,-8.6462,-5.6118
11.074,-2.8974,-5.6118
5.4932,-8.6455,0.30624
11.242,-2.8967,0.30624
2.6471,-11.509,-5.9428
8.3959,-5.7598,-5.9428
2.8139,-11.509,-0.025762
8.5627,-5.7598,-0.025762
8.4036,-11.523,-5.9418
2.6386,-5.7923,-5.9418
8.3874,-0.043505,-5.9418
8.5712,-11.523,-0.023762
2.8055,-5.7923,-0.023762
8.5542,-0.043505,-0.023762
5.1849,-11.538,8.9299
10.934,-5.7887,8.9299
10.943,-11.486,8.9309
5.1771,-5.7541,8.9309
10.925,-0.0060281,8.9309
-0.46278,-8.6547,6.2059
11.052,-8.6377,6.2059
5.2853,-2.9066,6.2059
-0.29591,-8.6547,12.124
11.219,-8.6377,12.124
5.4529,-2.9059,12.124
5.3256,-8.6462,6.2239
11.074,-2.8974,6.2239
5.4932,-8.6455,12.142
11.242,-2.8967,12.142
2.6471,-11.509,5.8929
8.3959,-5.7598,5.8929
2.8139,-11.509,11.81
8.5627,-5.7598,11.81
8.4036,-11.523,5.8939
2.6386,-5.7923,5.8939
8.3874,-0.043505,5.8939
8.5712,-11.523,11.812
2.8055,-5.7923,11.812
8.5542,-0.043505,11.812
-0.3783,-5.7707,-9.0597
-6.1448,-0.039598,-9.0597
5.3698,-0.022627,-9.0597
-0.39598,5.7092,-9.0597
-0.38679,0.012021,-9.0597
-6.1532,5.7431,-9.0597
5.3613,5.7601,-9.0597
-0.40447,11.492,-9.0597
-6.0267,-2.8885,-11.784
-11.793,2.8426,-11.784
-0.2786,2.8595,-11.784
-6.0443,8.5913,-11.784
-0.23829,-2.88,-11.766
-6.004,2.8518,-11.766
5.5105,2.8687,-11.766
-0.25527,8.6005,-11.766
-2.9168,-5.7424,-12.098
-8.6833,-0.011314,-12.098
2.832,0.006364,-12.098
-2.9345,5.7375,-12.098
-2.926,-0.025456,-12.096
-8.6918,5.7049,-12.096
2.8228,5.7233,-12.096
-2.943,11.454,-12.096
-0.54589,-5.7714,-3.142
-6.3123,-0.040305,-3.142
5.2029,-0.022627,-3.142
-0.56356,5.7085,-3.142
-0.3783,-5.7707,2.776
-6.1448,-0.039598,2.776
5.3698,-0.022627,2.776
-0.39598,5.7092,2.776
-0.55437,0.011314,-3.141
-6.3201,5.7431,-3.141
5.1944,5.7601,-3.141
-0.57205,11.491,-3.141
-0.38679,0.012021,2.776
-6.1532,5.7431,2.776
5.3613,5.7601,2.776
-0.40447,11.492,2.776
-6.1943,-2.8892,-5.866
-11.96,2.8426,-5.866
-0.44548,2.8595,-5.866
-6.2119,8.5906,-5.866
-6.0267,-2.8885,0.052
-11.793,2.8426,0.052
-0.2786,2.8595,0.052
-6.0443,8.5913,0.052
-0.40517,-2.88,-5.848
-6.1716,2.8511,-5.848
5.3436,2.8687,-5.848
-0.42285,8.5998,-5.848
-0.23829,-2.88,0.07
-6.004,2.8518,0.07
5.5105,2.8687,0.07
-0.25527,8.6005,0.07
-3.0844,-5.7431,-6.179
-8.8501,-0.011314,-6.179
2.6644,0.0056569,-6.18
-3.1014,5.7375,-6.179
-2.9168,-5.7424,-0.262
-8.6833,-0.011314,-0.262
2.832,0.006364,-0.262
-2.9345,5.7375,-0.262
-3.0936,-0.026163,-6.178
-8.8586,5.7049,-6.178
2.6552,5.7226,-6.178
-3.1099,11.454,-6.178
-2.926,-0.025456,-0.26
-8.6918,5.7049,-0.26
2.8228,5.7233,-0.26
-2.943,11.454,-0.26
-0.54589,-5.7714,8.6937
-6.3123,-0.040305,8.6937
5.2029,-0.022627,8.6937
-0.56356,5.7085,8.6937
-0.55437,0.011314,8.6947
-6.3201,5.7431,8.6947
5.1944,5.7601,8.6947
-0.57205,11.491,8.6947
-6.1943,-2.8892,5.9697
-11.96,2.8426,5.9697
-0.44548,2.8595,5.9697
-6.2119,8.5906,5.9697
-6.0267,-2.8885,11.888
-11.793,2.8426,11.888
-0.2786,2.8595,11.888
-6.0443,8.5913,11.888
-0.40517,-2.88,5.9877
-6.1716,2.8511,5.9877
5.3436,2.8687,5.9877
-0.42285,8.5998,5.9877
-0.23829,-2.88,11.906
-6.004,2.8518,11.906
5.5105,2.8687,11.906
-0.25527,8.6005,11.906
-3.0844,-5.7431,5.6567
-8.8501,-0.011314,5.6567
2.6644,0.0056569,5.6557
-3.1014,5.7375,5.6567
-2.9168,-5.7424,11.574
-8.6833,-0.011314,11.574
2.832,0.006364,11.574
-2.9345,5.7375,11.574
-3.0936,-0.026163,5.6577
-8.8586,5.7049,5.6577
2.6552,5.7226,5.6577
-3.1099,11.454,5.6577
-2.926,-0.025456,11.576
-8.6918,5.7049,11.576
2.8228,5.7233,11.576
-2.943,11.454,11.576
-11.876,5.7265,-9.2959
-6.1275,11.475,-9.2959
-11.884,11.509,-9.2959
-11.736,8.6172,-12.002
-8.6653,11.504,-12.334
-12.043,5.7258,-3.3782
-6.2943,11.475,-3.3782
-11.876,5.7265,2.5398
-6.1275,11.475,2.5398
-12.052,11.509,-3.3772
-11.884,11.509,2.5398
-11.902,8.6172,-6.0842
-11.736,8.6172,-0.16624
-8.8328,11.503,-6.4162
-8.6653,11.504,-0.49824
-12.043,5.7258,8.4574
-6.2943,11.475,8.4574
-12.052,11.509,8.4584
-11.902,8.6172,5.7514
-11.736,8.6172,11.669
-8.8328,11.503,5.4194
-8.6653,11.504,11.337
11.236,2.8078,-11.31
11.069,2.8078,-5.3927
11.236,2.8078,0.5253
11.069,2.8078,6.443
11.236,2.8078,12.361
11.154,5.6918,-8.8226
5.3873,11.423,-8.8226
11.145,11.474,-8.8226
5.5054,8.5739,-11.547
11.294,8.5824,-11.529
8.6153,5.7201,-11.861
2.8488,11.451,-11.861
8.6061,11.437,-11.859
10.986,5.6911,-2.9049
5.2197,11.422,-2.9049
11.154,5.6918,3.0131
5.3873,11.423,3.0131
10.978,11.474,-2.9039
11.145,11.474,3.0131
5.3378,8.5732,-5.6289
5.5054,8.5739,0.28906
11.127,8.5824,-5.6109
11.294,8.5824,0.30706
8.4477,5.7194,-5.9419
2.6819,11.451,-5.9419
8.6153,5.7201,-0.024942
2.8488,11.451,-0.024942
8.4385,11.436,-5.9409
8.6061,11.437,-0.022942
10.986,5.6911,8.9307
5.2197,11.422,8.9307
10.978,11.474,8.9317
5.3378,8.5732,6.2067
5.5054,8.5739,12.125
11.127,8.5824,6.2247
11.294,8.5824,12.143
8.4477,5.7194,5.8937
2.6819,11.451,5.8937
8.6153,5.7201,11.811
2.8488,11.451,11.811
8.4385,11.436,5.8947
8.6061,11.437,11.813
0,0,0
-0.0091924,5.7226,0
5.7566,-0.0091924,0
0.0077782,-5.758,0
-5.758,-0.026163,0
-0.16758,-0.00070711,5.9177
-0.16758,-0.00070711,-5.918
5.7488,5.7488,0
-5.7665,5.7311,0
5.7308,-5.7661,0.23624
-5.7833,-5.7137,-0.23706
5.5897,-0.0091924,5.9177
5.5897,-0.0091924,-5.918
-0.17678,5.7219,5.9177
-0.17678,5.7219,-5.918
-0.1591,-5.758,5.9177
-0.1591,-5.758,-5.918
-5.9256,-0.02687,5.9177
-5.9256,-0.02687,-5.918
5.5639,-5.7661,-5.6818
5.5812,5.7481,5.9177
5.5812,5.7481,-5.918
-5.9509,-5.7144,5.6806
5.5639,-5.7661,6.1539
-5.9333,5.7311,5.9177
-5.9333,5.7311,-5.918
-5.9509,-5.7144,-6.1551
-0.017678,11.48,0
-0.052526,-11.48,-0.00082
11.48,-0.017342,0.23624
-11.55,0.0174,-0.23706
0,0,-11.836
0,0,11.836
11.312,-0.018049,-5.6818
5.7741,11.436,0.23706
-5.7407,11.488,-0.23624
-11.489,5.7392,-0.23624
-5.7755,-11.472,-0.23706
11.488,-5.7746,0.23624
11.54,5.7045,0.23706
5.7392,-11.523,0.23624
11.312,-0.018049,6.1539
-11.541,-5.7399,-0.23706
-0.18526,11.479,5.9177
-0.18526,11.479,-5.918
-0.22011,-11.481,5.9168
-0.22011,-11.481,-5.9188
-11.717,0.016693,5.6806
-0.0091924,5.7226,-11.836
-0.0091924,5.7226,11.836
5.7566,-0.0091924,-11.836
5.7566,-0.0091924,11.836
0.0077782,-5.758,-11.836
0.0077782,-5.758,11.836
-5.758,-0.026163,-11.836
-5.758,-0.026163,11.836
-11.717,0.016693,-6.1551
11.32,-5.7753,-5.6818
11.373,5.7045,-5.6809
5.6065,11.436,-5.6809
5.5717,-11.524,-5.6818
-5.9075,11.488,5.6814
-5.9424,-11.472,5.6806
11.32,-5.7753,6.1539
11.373,5.7045,6.1547
5.6065,11.436,6.1547
-5.7833,-5.7137,11.599
5.7308,-5.7661,-11.599
-11.656,5.7392,5.6814
5.5717,-11.524,6.1539
-11.709,-5.7406,5.6806
-5.9075,11.488,-6.1542
-5.9424,-11.472,-6.1551
5.7488,5.7488,-11.836
5.7488,5.7488,11.836
-5.7665,5.7311,-11.836
-5.7665,5.7311,11.836
-11.656,5.7392,-6.1542
-11.709,-5.7406,-6.1551
5.7308,-5.7661,12.072
-5.7833,-5.7137,-12.073
11.497,-11.497,0.23624
-11.497,11.497,-0.23624
-11.532,-11.462,-0.23706
11.532,11.462,0.23706
11.48,-0.017342,-11.599
-11.55,0.0174,11.599
-0.052526,-11.48,11.835
-0.017678,11.48,-11.836
-0.017678,11.48,11.836
-0.052526,-11.48,-11.836
11.48,-0.017342,12.072
-11.55,0.0174,-12.073
11.364,11.462,-5.6809
11.33,-11.498,-5.6818
11.364,11.462,6.1547
11.33,-11.498,6.1539
5.7741,11.436,-11.599
-5.7407,11.488,11.599
-5.7755,-11.472,11.599
-11.489,5.7392,11.599
11.488,-5.7746,-11.599
11.54,5.7045,-11.599
5.7392,-11.523,-11.599
-11.665,11.497,5.6814
-11.7,-11.463,5.6806
-11.541,-5.7399,11.599
-11.665,11.497,-6.1542
-11.7,-11.463,-6.1551
5.7741,11.436,12.073
-5.7407,11.488,-12.072
-11.489,5.7392,-12.072
-5.7755,-11.472,-12.073
11.488,-5.7746,12.072
5.7392,-11.523,12.072
11.54,5.7045,12.073
-11.541,-5.7399,-12.073
-11.532,-11.462,11.599
11.532,11.462,-11.599
11.497,-11.497,-11.599
-11.497,11.497,11.599
11.497,-11.497,12.072
-11.497,11.497,-12.072
-11.532,-11.462,-12.073
11.532,11.462,12.073
