-8.6372,-8.4912,-4.0567
-8.6372,-8.4912,7.7789
8.2205,-8.7508,-9.6584
8.3513,-8.3739,-2.7588
8.2205,-8.7508,2.1772
8.3513,-8.3739,9.0769
2.8921,-8.7809,-3.7607
-3.124,-2.5866,-3.4717
8.4987,-2.7033,-3.8657
2.8949,2.9713,-3.8197
2.7669,-8.6557,-9.3027
-3.1806,-2.6644,-9.2947
8.3071,-2.3419,-9.4727
-8.078,-8.5984,-9.9217
-2.658,-8.4054,-3.6157
-8.7243,-3.3107,-3.5377
-3.0271,-8.7504,-9.9897
-9.0849,-3.0759,-9.6377
2.5647,-2.3257,-9.6347
-3.2767,2.7464,-9.8947
2.8921,-8.7809,8.075
-3.124,-2.5866,8.364
8.4987,-2.7033,7.97
2.8949,2.9713,8.016
2.7669,-8.6557,2.533
-3.1806,-2.6644,2.541
8.3071,-2.3419,2.363
-8.078,-8.5984,1.914
-2.658,-8.4054,8.22
-8.7243,-3.3107,8.298
2.7655,-2.955,-3.194
-3.1459,3.1233,-2.995
-3.0271,-8.7504,1.846
-9.0849,-3.0759,2.198
2.5647,-2.3257,2.201
-3.2767,2.7464,1.941
2.7655,-2.955,8.6417
-3.1459,3.1233,8.8407
-8.6052,2.7164,-3.9969
-2.9985,8.794,-4.1019
-8.7303,2.8415,-9.5389
-3.1901,9.1553,-9.7089
-8.9325,9.1715,-9.8709
-8.6052,2.7164,7.8388
-2.9985,8.794,7.7338
-8.7303,2.8415,2.2968
-3.1901,9.1553,2.1268
-8.7317,8.5422,-3.4302
-8.9325,9.1715,1.9648
-8.7317,8.5422,8.4054
8.4081,8.8759,-3.2346
8.3515,8.7981,-9.0576
3.4541,2.8641,-9.6846
8.8741,3.0571,-3.3786
2.8078,8.1518,-3.3006
8.5049,2.712,-9.7526
2.4472,8.3866,-9.4006
8.4081,8.8759,8.6011
8.3515,8.7981,2.7781
3.4541,2.8641,2.1511
8.8741,3.0571,8.4571
2.8078,8.1518,8.5351
8.5049,2.712,2.0831
2.4472,8.3866,2.4351
9.9854,-8.7777,-3.4074
9.4558,-8.5747,-8.8184
9.9854,-8.7777,8.4282
9.4558,-8.5747,3.0172
-8.1692,-7.7251,-8.6937
-1.8823,-3.3743,-9.4037
3.4344,-7.3108,-9.3197
-7.5597,-2.3738,-3.3957
3.9068,-2.1645,-4.1667
-1.5118,2.7195,-3.6437
-2.3023,-8.317,-8.7517
-7.764,-2.8539,-8.9737
3.9754,-2.6828,-9.2957
-2.0414,2.9225,-9.0547
-7.5569,-8.6769,-3.303
-2.0499,-2.4841,-2.983
3.0971,-8.177,-2.506
-8.1692,-7.7251,3.142
-1.8823,-3.3743,2.432
3.4344,-7.3108,2.516
-1.9481,-9.2157,-2.942
-7.5597,-2.3738,8.44
3.9068,-2.1645,7.669
-1.5118,2.7195,8.192
-2.3023,-8.317,3.084
-7.764,-2.8539,2.862
3.9754,-2.6828,2.54
-2.0414,2.9225,2.781
-7.5569,-8.6769,8.5327
-2.0499,-2.4841,8.8527
3.0971,-8.177,9.3297
-1.9481,-9.2157,8.8937
-8.0628,4.1864,-9.5559
-7.5905,9.3328,-4.4029
-7.5219,8.8145,-9.5319
-8.4001,3.3202,-2.7422
-8.0628,4.1864,2.2798
-7.5905,9.3328,7.4328
-7.5219,8.8145,2.3038
-8.4001,3.3202,9.0934
9.5745,-3.2068,-9.0774
9.2195,-2.5577,-2.3637
9.5745,-3.2068,2.7583
9.2195,-2.5577,9.472
3.3629,3.7373,-8.4566
-1.9228,8.2904,-9.3136
9.6498,8.0882,-9.1666
3.9724,9.0887,-3.1586
9.2297,3.1455,-8.5146
3.768,8.6086,-8.7366
3.9752,2.7856,-3.0659
-2.2777,8.9395,-2.5999
9.4822,8.9784,-2.7459
3.3629,3.7373,3.3791
-1.9228,8.2904,2.5221
9.6498,8.0882,2.6691
9.584,2.2468,-2.7049
3.9724,9.0887,8.6771
9.2297,3.1455,3.3211
3.768,8.6086,3.0991
3.9752,2.7856,8.7697
-2.2777,8.9395,9.2357
9.4822,8.9784,9.0897
9.584,2.2468,9.1307
-12.265,-11.493,-9.3877
-10.929,-11.788,-3.7637
-5.6348,-11.451,-9.6397
-11.14,-6.6909,-10.032
-5.429,-11.342,-3.8577
-11.57,-5.4931,-3.9477
-11.805,-8.7415,-13.025
-10.987,-8.3166,-6.9217
-8.3854,-11.256,-12.634
-8.4512,-11.733,-6.9417
-12.265,-11.493,2.4479
-10.929,-11.788,8.0719
-5.6348,-11.451,2.1959
-11.14,-6.6909,1.8039
-5.429,-11.342,7.9779
-11.57,-5.4931,7.8879
-11.805,-8.7415,-1.1891
-10.987,-8.3166,4.9139
-8.3854,-11.256,-0.79806
-8.4512,-11.733,4.8939
-11.805,-8.7415,10.647
-8.3854,-11.256,11.038
10.764,-11.528,-8.9144
0.39918,-11.851,-3.2354
12.1,-11.823,-3.2904
5.472,-11.686,-9.2984
11.889,-6.7257,-9.5584
5.7025,-10.842,-3.3384
11.459,-5.5278,-3.4744
5.723,-8.4397,-11.711
5.7046,-8.352,-6.0504
11.224,-8.7763,-12.551
12.042,-8.3513,-6.4484
8.8024,-11.554,-12.283
8.7494,-11.295,-5.3214
3.1046,-11.209,-12.307
8.8632,-5.5285,-12.083
3.0791,-11.639,-6.1124
8.6448,-5.8701,-6.5254
10.764,-11.528,2.9212
0.39918,-11.851,8.6002
12.1,-11.823,8.5452
5.472,-11.686,2.5372
11.889,-6.7257,2.2772
5.7025,-10.842,8.4972
11.459,-5.5278,8.3612
5.723,-8.4397,0.12424
5.7046,-8.352,5.7852
11.224,-8.7763,-0.71576
12.042,-8.3513,5.3872
8.8024,-11.554,-0.44776
8.7494,-11.295,6.5142
3.1046,-11.209,-0.47176
8.8632,-5.5285,-0.24776
3.0791,-11.639,5.7232
8.6448,-5.8701,5.3102
5.723,-8.4397,11.96
11.224,-8.7763,11.12
8.8024,-11.554,11.388
3.1046,-11.209,11.364
8.8632,-5.5285,11.588
-0.4179,-11.283,-9.3497
-6.0677,-5.5006,-9.6907
5.8909,-5.2008,-9.2397
-0.73327,-0.030406,-9.1507
-11.098,-0.35426,-3.4717
-5.7891,-5.7127,-3.5617
0.60316,-0.32598,-3.5267
0.02192,-6.2529,-9.4067
-6.0253,-0.1888,-9.5347
5.8973,0.011314,-9.4027
0.39174,4.7716,-9.7947
-5.7947,0.65549,-3.5747
6.103,0.12092,-3.6207
-0.038184,5.9694,-3.7107
-5.3047,-8.6592,-12.747
-11.536,-3.001,-12.109
-0.082731,-2.8588,-11.882
-5.7742,3.0575,-11.948
-5.9963,-8.1247,-6.4237
-11.699,-2.6962,-6.7197
0.00070711,-2.791,-6.7317
-5.7926,3.1452,-6.2867
0.42568,-8.4754,-12.579
-6.2954,-2.8786,-12.535
5.8973,-2.7422,-12.449
-0.27294,2.7209,-12.788
0.11738,-8.4202,-5.8777
-5.6484,-2.5852,-6.0427
5.9178,-2.6623,-6.5737
0.54518,3.1459,-6.6847
-2.4911,-11.535,-12.348
-8.5553,-5.8937,-12.432
3.0724,-5.5925,-11.86
-2.6948,-0.057276,-12.52
-2.8532,-10.405,-6.4007
-8.5645,-5.2595,-6.7877
2.7895,-5.3464,-6.7537
-2.7478,0.20223,-5.5577
-2.7902,-5.6795,-12.128
-8.3927,0.28779,-12.544
3.1466,0.20648,-12.397
-2.634,5.9687,-12.32
-2.7676,-5.3486,-6.9607
-8.4181,-0.14213,-6.3487
3.0809,-0.27082,-6.7047
-2.8525,5.6272,-6.7617
-0.4179,-11.283,2.486
-6.0677,-5.5006,2.145
5.8909,-5.2008,2.596
-0.73327,-0.030406,2.685
-11.098,-0.35426,8.364
-5.7891,-5.7127,8.274
4.9066,-5.7042,-3.321
0.60316,-0.32598,8.309
0.02192,-6.2529,2.429
-6.0253,-0.1888,2.301
5.8973,0.011314,2.433
0.39174,4.7716,2.041
0.31466,-5.3606,-3.33
-5.7947,0.65549,8.261
6.103,0.12092,8.215
-0.038184,5.9694,8.125
-5.3047,-8.6592,-0.911
-11.536,-3.001,-0.273
-0.082731,-2.8588,-0.046
-5.7742,3.0575,-0.112
-5.9963,-8.1247,5.412
-11.699,-2.6962,5.116
0.00070711,-2.791,5.104
-5.7926,3.1452,5.549
0.42568,-8.4754,-0.743
-6.2954,-2.8786,-0.699
5.8973,-2.7422,-0.613
-0.27294,2.7209,-0.952
0.11738,-8.4202,5.958
-5.6484,-2.5852,5.793
5.9178,-2.6623,5.262
0.54518,3.1459,5.151
-2.4911,-11.535,-0.512
-8.5553,-5.8937,-0.596
3.0724,-5.5925,-0.024
-2.6948,-0.057276,-0.684
-2.8532,-10.405,5.435
-8.5645,-5.2595,5.048
2.7895,-5.3464,5.082
-2.7478,0.20223,6.278
-2.7902,-5.6795,-0.292
-8.3927,0.28779,-0.708
3.1466,0.20648,-0.561
-2.634,5.9687,-0.484
-2.7676,-5.3486,4.875
-8.4181,-0.14213,5.487
3.0809,-0.27082,5.131
-2.8525,5.6272,5.074
4.9066,-5.7042,8.5147
0.31466,-5.3606,8.5057
-5.3047,-8.6592,10.925
-11.536,-3.001,11.563
-0.082731,-2.8588,11.79
-5.7742,3.0575,11.724
0.42568,-8.4754,11.093
-6.2954,-2.8786,11.137
5.8973,-2.7422,11.223
-0.27294,2.7209,10.884
-2.4911,-11.535,11.324
-8.5553,-5.8937,11.24
3.0724,-5.5925,11.812
-2.6948,-0.057276,11.152
-2.7902,-5.6795,11.544
-8.3927,0.28779,11.128
3.1466,0.20648,11.275
-2.634,5.9687,11.352
-11.915,0.21392,-9.5859
-5.6063,6.2965,-9.4759
-12.23,11.467,-9.3869
-10.894,11.171,-3.7629
-11.475,5.2443,-9.6429
-5.5999,11.509,-9.6389
-5.3942,11.618,-3.8569
-11.58,8.6384,-12.118
-11.497,8.7063,-6.9679
-11.072,3.0218,-12.815
-5.5999,8.7551,-12.685
-11.38,3.077,-6.1139
-5.5794,8.835,-6.8099
-8.4248,5.9047,-12.096
-8.7077,6.1508,-6.9899
-8.3506,11.704,-12.633
-8.4164,11.226,-6.9409
-11.915,0.21392,2.2498
-5.6063,6.2965,2.3598
-12.23,11.467,2.4488
-6.5906,5.793,-3.5572
-10.894,11.171,8.0728
-11.475,5.2443,2.1928
-5.5999,11.509,2.1968
-11.183,6.1366,-3.5662
-5.3942,11.618,7.9788
-11.58,8.6384,-0.28224
-11.497,8.7063,4.8678
-11.072,3.0218,-0.97924
-5.5999,8.7551,-0.84924
-11.38,3.077,5.7218
-5.5794,8.835,5.0258
-8.4248,5.9047,-0.26024
-8.7077,6.1508,4.8458
-8.3506,11.704,-0.79724
-8.4164,11.226,4.8948
-6.5906,5.793,8.2784
-11.183,6.1366,8.2694
-11.58,8.6384,11.553
-11.072,3.0218,10.856
-5.5999,8.7551,10.986
-8.4248,5.9047,11.575
-8.3506,11.704,11.038
11.931,-0.389,-2.9984
11.494,-3.0357,-11.635
11.33,-2.7309,-6.2464
11.931,-0.389,8.8373
11.494,-3.0357,0.2003
11.33,-2.7309,5.5893
11.494,-3.0357,12.036
11.114,0.17918,-9.1126
5.4644,5.9619,-9.4536
10.799,11.432,-8.9136
0.43403,11.108,-3.2346
5.743,5.7498,-3.3246
12.135,11.137,-3.2896
11.554,5.2095,-9.1696
5.5068,11.274,-9.2976
5.7373,12.118,-3.3376
6.2274,2.8032,-12.51
-0.0036713,8.4615,-11.872
11.449,8.6036,-11.645
5.5358,3.3378,-6.1866
-0.16701,8.7663,-6.4826
11.533,8.6715,-6.4946
11.958,2.9871,-12.342
5.2367,8.5838,-12.298
11.649,3.0423,-5.6406
5.8837,8.8773,-5.8056
9.0409,-0.072555,-12.111
2.9768,5.5687,-12.195
8.8373,11.405,-12.283
8.6789,1.0574,-6.1636
2.9676,6.203,-6.5506
8.7843,11.665,-5.3206
8.7418,5.783,-11.891
3.1394,11.75,-12.307
8.7645,6.1139,-6.7236
3.114,11.32,-6.1116
11.114,0.17918,2.7231
5.4644,5.9619,2.3821
10.799,11.432,2.9221
0.43403,11.108,8.6011
5.743,5.7498,8.5111
12.135,11.137,8.5461
11.554,5.2095,2.6661
5.5068,11.274,2.5381
11.847,6.1019,-3.0929
5.7373,12.118,8.4981
6.2274,2.8032,-0.67394
-0.0036713,8.4615,-0.035942
11.449,8.6036,0.19106
5.5358,3.3378,5.6491
-0.16701,8.7663,5.3531
11.533,8.6715,5.3411
11.958,2.9871,-0.50594
5.2367,8.5838,-0.46194
11.649,3.0423,6.1951
5.8837,8.8773,6.0301
9.0409,-0.072555,-0.27494
2.9768,5.5687,-0.35894
8.8373,11.405,-0.44694
8.6789,1.0574,5.6721
2.9676,6.203,5.2851
8.7843,11.665,6.5151
8.7418,5.783,-0.054942
3.1394,11.75,-0.47094
8.7645,6.1139,5.1121
3.114,11.32,5.7241
11.847,6.1019,8.7427
6.2274,2.8032,11.162
-0.0036713,8.4615,11.8
11.449,8.6036,12.027
11.958,2.9871,11.33
5.2367,8.5838,11.374
9.0409,-0.072555,11.561
2.9768,5.5687,11.477
8.8373,11.405,11.389
8.7418,5.783,11.781
3.1394,11.75,11.365
-0.38305,11.676,-9.3488
-2.4563,11.425,-12.347
-2.8183,12.555,-6.3998
-0.38305,11.676,2.4868
-2.4563,11.425,-0.51118
-2.8183,12.555,5.4358
-2.4563,11.425,11.324
0,0,0
0.20435,-0.07566,5.484
0.079196,5.5296,-0.628
-5.6745,0.044548,-0.344
-0.057983,-5.7657,-0.223
5.8676,0.10607,-0.581
0.20435,-0.07566,-6.3517
-5.4497,0.41649,5.65
0.21425,5.9362,5.245
-5.7184,-5.618,-0.672
6.0838,0.33615,5.3971
-5.6176,5.8552,-0.88024
5.8796,-5.642,-0.644
0.21001,-5.717,5.864
-5.4497,0.41649,-6.1857
5.8137,5.8445,-0.43494
0.21001,-5.717,-5.9717
6.0838,0.33615,-6.4386
0.21425,5.9362,-6.5907
-5.5579,-5.3401,5.352
-5.5307,5.887,5.0688
5.9666,-5.6102,5.305
-5.5579,-5.3401,-6.4837
5.9742,6.1224,5.5891
5.9666,-5.6102,-6.5307
-5.5307,5.887,-6.7669
5.9742,6.1224,-6.2466
0.14624,11.293,-0.038942
-11.386,-0.16971,-0.276
11.643,-0.20445,0.1973
0.11139,-11.667,-0.039762
0,0,-11.836
0,0,11.836
-11.035,0.074953,5.326
0.079196,5.5296,11.208
5.8676,0.10607,11.255
0.46211,-11.422,5.5622
-5.6645,-11.356,-0.81806
11.474,5.6967,0.014058
-11.035,0.074953,-6.5097
-5.6745,0.044548,11.492
0.49696,11.537,5.5631
5.8227,-11.453,-0.10776
-11.555,5.7315,-0.45924
5.8575,11.507,-0.10694
-5.6296,11.603,-0.81724
-11.453,-5.9329,-0.86506
-0.057983,-5.7657,11.613
11.576,-5.9676,-0.39176
0.46211,-11.422,-6.2734
0.49696,11.537,-6.2726
11.994,0.040211,5.7993
-0.057983,-5.7657,-12.059
-5.4483,-11.126,5.16
11.994,0.040211,-6.0364
-5.6745,0.044548,-12.18
-11.318,-5.5263,5.0079
-5.6176,5.8552,10.955
0.079196,5.5296,-12.464
5.8676,0.10607,-12.417
-5.7184,-5.618,11.164
5.8796,-5.642,11.192
-11.287,5.7803,5.6278
6.0475,-11.081,5.8862
6.0475,-11.081,-5.9494
-5.4134,11.833,5.1608
5.8137,5.8445,11.401
-5.4483,-11.126,-6.6757
11.711,-5.5611,5.4812
-11.287,5.7803,-6.2079
11.742,5.7455,-5.7346
-11.318,-5.5263,-6.8277
11.742,5.7455,6.1011
11.711,-5.5611,-6.3544
6.0824,11.879,5.8871
6.0824,11.879,-5.9486
-5.4134,11.833,-6.6748
5.8137,5.8445,-12.271
-5.7184,-5.618,-12.508
5.8796,-5.642,-12.48
-5.6176,5.8552,-12.716
-11.386,-0.16971,11.56
11.497,-11.497,0.23624
-11.497,11.497,-0.23624
-11.532,-11.462,-0.23706
11.532,11.462,0.23706
0.14624,11.293,11.797
0.14624,11.293,-11.875
11.643,-0.20445,-11.638
0.11139,-11.667,11.796
-11.386,-0.16971,-12.112
0.11139,-11.667,-11.875
11.643,-0.20445,12.033
-5.6645,-11.356,11.018
-11.293,11.422,5.2478
-11.453,-5.9329,10.971
-5.6296,11.603,11.018
-11.328,-11.538,5.2469
-11.555,5.7315,11.376
11.736,11.387,5.7211
11.576,-5.9676,11.444
-11.293,11.422,-6.5879
5.8227,-11.453,11.728
11.702,-11.573,5.7202
11.474,5.6967,-11.822
5.8575,11.507,11.729
11.474,5.6967,11.85
11.736,11.387,-6.1146
-11.328,-11.538,-6.5887
5.8227,-11.453,-11.943
11.702,-11.573,-6.1154
5.8575,11.507,-11.943
-11.555,5.7315,-12.295
11.576,-5.9676,-12.227
-5.6645,-11.356,-12.654
-5.6296,11.603,-12.653
-11.453,-5.9329,-12.701
-11.532,-11.462,11.599
11.532,11.462,-11.599
11.497,-11.497,-11.599
-11.497,11.497,11.599
11.497,-11.497,12.072
-11.497,11.497,-12.072
-11.532,-11.462,-12.073
11.532,11.462,12.073
