-3.6068,-8.5848,-9.5573
-9.4326,-3.4251,-9.7163
-8.5282,-8.5183,-8.9673
-3.6068,-8.5848,2.49
-9.4326,-3.4251,2.331
-8.5282,-8.5183,3.08
-9.5995,-8.7001,-2.955
-3.6287,-9.0324,-2.823
-9.7126,-2.8424,-3.226
-9.5995,-8.7001,9.0923
-3.6287,-9.0324,9.2243
-9.7126,-2.8424,8.8213
8.3376,-8.8736,-9.4993
8.3376,-8.8736,2.548
8.9776,-8.4939,-2.962
8.9776,-8.4939,9.0853
2.1072,-3.0674,-9.7083
-3.701,3.165,-9.4993
8.4513,3.4733,-9.5573
2.6255,8.6331,-9.7163
-2.028,-2.5626,-9.1833
3.0399,-8.3941,-9.5163
3.5299,3.5398,-8.9673
9.2772,-2.5979,-8.8683
2.1072,-3.0674,2.339
-3.701,3.165,2.548
8.4513,3.4733,2.49
2.6255,8.6331,2.331
-2.028,-2.5626,2.864
3.0399,-8.3941,2.531
3.5299,3.5398,3.08
9.2772,-2.5979,3.179
2.663,-9.5205,-2.394
-3.4323,-2.9119,-2.869
8.6748,-3.3432,-2.799
2.4586,3.3581,-2.955
8.4294,3.0257,-2.823
2.3455,9.2157,-3.226
2.7075,-3.0582,-2.965
-3.0611,3.5447,-2.962
2.663,-9.5205,9.6533
-3.4323,-2.9119,9.1783
8.6748,-3.3432,9.2483
2.4586,3.3581,9.0923
8.4294,3.0257,9.2243
2.3455,9.2157,8.8213
2.7075,-3.0582,9.0823
-3.0611,3.5447,9.0853
-9.9315,8.9712,-9.7083
-8.9988,3.6446,-9.5163
-2.7614,9.4407,-8.8683
-9.9315,8.9712,2.339
-8.9988,3.6446,2.531
-2.7614,9.4407,3.179
-9.3757,2.5181,-2.394
-3.3638,8.6954,-2.799
-9.3311,8.9804,-2.965
-9.3757,2.5181,9.6533
-3.3638,8.6954,9.2483
-9.3311,8.9804,9.0823
10.03,9.4956,-9.1833
10.03,9.4956,2.864
8.6258,9.1463,-2.869
8.6258,9.1463,9.1783
-9.533,-9.4454,-9.5593
-9.533,-9.4454,2.488
-8.1754,-8.5841,-3.378
-8.5615,-3.7645,-3.029
-8.1754,-8.5841,8.6693
-8.5615,-3.7645,9.0183
9.3007,-9.0207,-8.3683
9.3007,-9.0207,3.679
3.8489,-8.7152,-2.804
9.9025,-2.4934,-2.758
9.0249,-9.947,-3.302
3.8489,-8.7152,9.2433
9.9025,-2.4934,9.2893
9.0249,-9.947,8.7453
-2.8008,-8.4379,-8.2943
-8.6592,-2.4537,-8.8673
3.1205,-2.7429,-8.6603
-2.7379,3.0179,-8.3683
1.8427,-9.017,-8.8743
-3.199,-3.4578,-8.9313
8.3149,-3.7342,-9.0023
2.5251,2.6128,-9.5593
-2.8008,-8.4379,3.753
-8.6592,-2.4537,3.18
3.1205,-2.7429,3.387
-2.7379,3.0179,3.679
1.8427,-9.017,3.173
-3.199,-3.4578,3.116
8.3149,-3.7342,3.045
2.5251,2.6128,2.488
-8.1897,3.3234,-2.804
-2.064,-2.7924,-3.471
-2.1362,9.5452,-2.758
3.8827,3.474,-3.378
-2.2564,-9.6216,-2.742
3.4966,8.2937,-3.029
4.0814,-3.6331,-3.043
-3.0137,2.0916,-3.302
-8.1897,3.3234,9.2433
-2.064,-2.7924,8.5763
-2.1362,9.5452,9.2893
3.8827,3.474,8.6693
-2.2564,-9.6216,9.3053
3.4966,8.2937,9.0183
4.0814,-3.6331,9.0043
-3.0137,2.0916,8.7453
-8.9182,9.2958,-8.6603
-10.196,3.0216,-8.8743
-3.7238,8.3044,-9.0023
-8.9182,9.2958,3.387
-10.196,3.0216,3.173
-3.7238,8.3044,3.045
-7.9572,8.4055,-3.043
-7.9572,8.4055,9.0043
9.2573,3.6202,-8.2943
3.3989,9.6045,-8.8673
8.8592,8.6004,-8.9313
9.2573,3.6202,3.753
3.3989,9.6045,3.18
8.8592,8.6004,3.116
9.9941,9.2658,-3.471
9.8017,2.4365,-2.742
9.9941,9.2658,8.5763
9.8017,2.4365,9.3053
-6.0159,-12.623,-9.3153
-11.764,-6.8425,-9.0173
-12.605,-11.219,-9.2573
-8.9999,-11.448,-6.8643
-6.6099,-8.9773,-12.021
-12.403,-2.9916,-11.909
-11.702,-2.9237,-6.5203
-12.274,-8.9829,-12.472
-3.174,-12.176,-12.611
-9.1045,-5.9834,-12.501
-9.241,-12.077,-11.748
-6.0413,-6.1785,-3.116
-11.879,-12.372,-3.335
-6.0159,-12.623,2.732
-11.764,-6.8425,3.03
-12.605,-11.219,2.79
-6.6558,-11.832,-3.269
-12.376,-5.4651,-2.913
-8.9999,-11.448,5.183
-2.7003,-12.444,-5.356
-9.0388,-6.3843,-5.568
-12.305,-9.072,-5.819
-6.6099,-8.9773,0.026
-12.403,-2.9916,0.138
-5.75,-9.0607,-6.188
-11.702,-2.9237,5.527
-12.274,-8.9829,-0.425
-3.174,-12.176,-0.564
-9.1045,-5.9834,-0.454
-9.241,-12.077,0.299
-6.0413,-6.1785,8.9313
-11.879,-12.372,8.7123
-6.6558,-11.832,8.7783
-12.376,-5.4651,9.1343
-2.7003,-12.444,6.6913
-9.0388,-6.3843,6.4793
-12.305,-9.072,6.2283
-6.6099,-8.9773,12.073
-12.403,-2.9916,12.185
-5.75,-9.0607,5.8593
-12.274,-8.9829,11.622
-3.174,-12.176,11.483
-9.1045,-5.9834,11.593
-9.241,-12.077,12.346
6.6236,-12.678,-9.1723
12.333,-6.823,-9.0173
11.492,-11.199,-9.2573
3.2613,-11.542,-6.4743
9.2031,-5.7199,-6.7083
5.9271,-9.003,-12.032
11.694,-2.9721,-11.909
12.395,-2.9042,-6.5203
11.823,-8.9634,-12.472
8.8955,-11.966,-12.542
2.8491,-11.808,-11.156
8.904,-5.6344,-11.669
0.27096,-12.21,-2.659
12.218,-12.353,-3.335
6.1527,-6.1442,-3.109
6.6236,-12.678,2.875
12.333,-6.823,3.03
11.492,-11.199,2.79
5.9448,-11.307,-3.219
11.72,-5.4456,-2.913
3.2613,-11.542,5.573
9.2031,-5.7199,5.339
9.1374,-12.553,-5.757
11.792,-9.0525,-5.819
5.9271,-9.003,0.015
11.694,-2.9721,0.138
6.765,-9.0603,-6.03
12.395,-2.9042,5.527
11.823,-8.9634,-0.425
8.8955,-11.966,-0.495
2.8491,-11.808,0.891
8.904,-5.6344,0.378
0.27096,-12.21,9.3883
12.218,-12.353,8.7123
6.1527,-6.1442,8.9383
5.9448,-11.307,8.8283
11.72,-5.4456,9.1343
9.1374,-12.553,6.2903
11.792,-9.0525,6.2283
5.9271,-9.003,12.062
11.694,-2.9721,12.185
6.765,-9.0603,6.0173
11.823,-8.9634,11.622
8.8955,-11.966,11.552
2.8491,-11.808,12.938
8.904,-5.6344,12.425
-0.12728,-6.4432,-8.7083
-5.415,-0.63922,-9.1723
6.0422,-0.56498,-9.3153
0.29416,5.2156,-9.0173
-0.70711,-11.375,-8.8803
-6.2798,-5.0834,-8.9843
5.0806,-5.4313,-9.2083
-0.54659,0.83934,-9.2573
-8.7773,0.4971,-6.4743
3.0582,0.61023,-6.8643
-2.8355,6.3187,-6.7083
-0.22345,-2.9783,-12.439
-6.1115,3.0356,-12.032
5.4483,3.0809,-12.021
-0.34507,9.0665,-11.909
0.94328,-3.0957,-6.3293
0.35638,9.1344,-6.5203
-0.32456,-8.9852,-12.069
-6.3307,-2.914,-12.62
5.6441,-2.8482,-12.397
-0.21567,3.0752,-12.472
3.008,-6.0472,-12.561
-3.1431,0.072832,-12.542
8.8841,-0.11738,-12.611
2.9536,6.0748,-12.501
-2.8772,-5.5968,-11.533
-9.1896,0.23052,-11.156
2.8171,-0.018385,-11.748
-3.1346,6.4043,-11.669
6.0168,5.8796,-3.116
-11.768,-0.17112,-2.659
0.17961,-0.31396,-3.335
-5.886,5.8944,-3.109
-0.12728,-6.4432,3.339
-5.415,-0.63922,2.875
6.0422,-0.56498,2.732
0.29416,5.2156,3.03
-0.70711,-11.375,3.167
-6.2798,-5.0834,3.063
5.0806,-5.4313,2.839
-0.54659,0.83934,2.79
-0.93974,-6.0337,-2.99
-6.0938,0.73115,-3.219
5.4023,0.22627,-3.269
-0.3182,6.5931,-2.913
-2.9896,-5.3669,-6.243
-8.7773,0.4971,5.573
3.0582,0.61023,5.183
-2.8355,6.3187,5.339
3.2675,-6.8469,-5.902
-2.9013,-0.51407,-5.757
9.3579,-0.38608,-5.356
3.0193,5.6738,-5.568
-0.30123,-9.174,-5.613
-6.6645,-3.0653,-5.694
5.9807,-3.206,-5.966
-0.24678,2.9861,-5.819
-0.22345,-2.9783,-0.392
-6.1115,3.0356,0.015
5.4483,3.0809,0.026
-0.34507,9.0665,0.138
0.94328,-3.0957,5.718
-5.2736,2.9783,-6.03
6.3081,2.9974,-6.188
0.35638,9.1344,5.527
-0.32456,-8.9852,-0.022
-6.3307,-2.914,-0.573
5.6441,-2.8482,-0.35
-0.21567,3.0752,-0.425
3.008,-6.0472,-0.514
-3.1431,0.072832,-0.495
8.8841,-0.11738,-0.564
2.9536,6.0748,-0.454
-2.8772,-5.5968,0.514
-9.1896,0.23052,0.891
2.8171,-0.018385,0.299
-3.1346,6.4043,0.378
6.0168,5.8796,8.9313
-11.768,-0.17112,9.3883
0.17961,-0.31396,8.7123
-5.886,5.8944,8.9383
-0.93974,-6.0337,9.0573
-6.0938,0.73115,8.8283
5.4023,0.22627,8.7783
-0.3182,6.5931,9.1343
-2.9896,-5.3669,5.8043
3.2675,-6.8469,6.1453
-2.9013,-0.51407,6.2903
9.3579,-0.38608,6.6913
3.0193,5.6738,6.4793
-0.30123,-9.174,6.4343
-6.6645,-3.0653,6.3533
5.9807,-3.206,6.0813
-0.24678,2.9861,6.2283
-0.22345,-2.9783,11.655
-6.1115,3.0356,12.062
5.4483,3.0809,12.073
-0.34507,9.0665,12.185
-5.2736,2.9783,6.0173
6.3081,2.9974,5.8593
-0.32456,-8.9852,12.025
-6.3307,-2.914,11.474
5.6441,-2.8482,11.697
-0.21567,3.0752,11.622
3.008,-6.0472,11.533
-3.1431,0.072832,11.552
8.8841,-0.11738,11.483
2.9536,6.0748,11.593
-2.8772,-5.5968,12.561
-9.1896,0.23052,12.938
2.8171,-0.018385,12.346
-3.1346,6.4043,12.425
-12.166,5.5955,-8.7083
-5.9964,11.474,-9.3153
-12.746,0.66411,-8.8803
-6.9581,6.6073,-9.2083
-12.585,12.878,-9.2573
-8.9804,12.649,-6.8643
-12.262,9.0603,-12.439
-11.095,8.9429,-6.3293
-12.363,3.0534,-12.069
-6.3945,9.1904,-12.397
-9.0306,5.9915,-12.561
-3.1545,11.921,-12.611
-9.2215,12.02,-11.748
-11.859,11.725,-3.335
-12.166,5.5955,3.339
-5.9964,11.474,2.732
-12.746,0.66411,3.167
-6.9581,6.6073,2.839
-12.585,12.878,2.79
-12.978,6.0049,-2.99
-6.6363,12.265,-3.269
-8.9804,12.649,5.183
-8.7711,5.1917,-5.902
-2.6808,11.653,-5.356
-12.34,2.8646,-5.613
-6.0579,8.8326,-5.966
-12.262,9.0603,-0.392
-11.095,8.9429,5.718
-12.363,3.0534,-0.022
-6.3945,9.1904,-0.35
-9.0306,5.9915,-0.514
-3.1545,11.921,-0.564
-9.2215,12.02,0.299
-11.859,11.725,8.7123
-12.978,6.0049,9.0573
-6.6363,12.265,8.7783
-8.7711,5.1917,6.1453
-2.6808,11.653,6.6913
-12.34,2.8646,6.4343
-6.0579,8.8326,6.0813
-12.262,9.0603,11.655
-12.363,3.0534,12.025
-6.3945,9.1904,11.697
-9.0306,5.9915,11.533
-3.1545,11.921,11.483
-9.2215,12.02,12.346
12.329,-0.15163,-2.659
12.329,-0.15163,9.3883
11.931,5.615,-8.7083
6.6431,11.419,-9.1723
11.351,0.6836,-8.8803
5.7783,6.9747,-8.9843
11.512,12.897,-9.2573
3.2808,12.555,-6.4743
11.835,9.0798,-12.439
13.001,8.9624,-6.3293
11.734,3.0729,-12.069
5.7274,9.1441,-12.62
8.915,12.131,-12.542
9.1809,6.4614,-11.533
2.8686,12.289,-11.156
0.29045,11.887,-2.659
12.238,11.744,-3.335
11.931,5.615,3.339
6.6431,11.419,2.875
11.351,0.6836,3.167
5.7783,6.9747,3.063
11.512,12.897,2.79
11.118,6.0244,-2.99
5.9643,12.789,-3.219
9.0685,6.6912,-6.243
3.2808,12.555,5.573
9.1569,11.544,-5.757
11.757,2.8841,-5.613
5.3936,8.9928,-5.694
11.835,9.0798,-0.392
13.001,8.9624,5.718
11.734,3.0729,-0.022
5.7274,9.1441,-0.573
8.915,12.131,-0.495
9.1809,6.4614,0.514
2.8686,12.289,0.891
0.29045,11.887,9.3883
12.238,11.744,8.7123
11.118,6.0244,9.0573
5.9643,12.789,8.8283
9.0685,6.6912,5.8043
9.1569,11.544,6.2903
11.757,2.8841,6.4343
5.3936,8.9928,6.3533
11.835,9.0798,11.655
11.734,3.0729,12.025
5.7274,9.1441,11.474
8.915,12.131,11.552
9.1809,6.4614,12.561
2.8686,12.289,12.938
-0.68762,12.722,-8.8803
-0.68762,12.722,3.167
0,0,0
0.23476,0.021213,5.7743
-0.10253,-5.8711,-0.218
5.9284,-0.050912,-0.186
-5.9694,-0.033941,-0.253
-0.17819,6.0854,-0.111
0.23476,0.021213,-6.273
-5.9036,-0.10394,5.7503
0.1888,5.9984,5.7913
5.9616,5.963,-0.169
5.9277,-6.1073,-0.052
-6.111,5.9314,-0.052
6.219,-0.098288,5.8653
0.47659,-6.2579,-5.86
-6.0965,-6.0951,-0.169
-5.9036,-0.10394,-6.297
0.1888,5.9984,-6.256
6.219,-0.098288,-6.182
0.47659,-6.2579,6.1873
-5.6731,5.8386,5.9013
-5.6731,5.8386,-6.146
-5.9397,-5.9369,5.9293
-5.9397,-5.9369,-6.118
6.1184,6.1213,5.9293
6.1184,6.1213,-6.118
6.3655,-6.2001,5.9013
6.3655,-6.2001,-6.146
-11.983,-0.0090531,0.172
0,0,-12.047
0,0,12.047
0.055154,-12.048,0.172
0.074643,12.049,0.172
12.113,0.010435,0.172
-11.792,-0.11879,5.8673
-0.10253,-5.8711,11.829
-5.9694,-0.033941,11.794
5.9284,-0.050912,11.861
11.86,-5.9533,-0.111
0.26641,11.939,5.8673
-11.792,-0.11879,-6.18
-0.17819,6.0854,11.936
0.26641,11.939,-6.18
-6.1102,11.988,-0.186
11.956,6.187,-0.218
6.0887,12.024,-0.253
0.24692,-12.157,5.8673
6.0692,-12.073,-0.253
-6.1297,-12.109,-0.186
5.9284,-0.050912,-12.233
-0.17819,6.0854,-12.158
-0.10253,-5.8711,-12.265
-12.236,-5.9728,-0.111
-12.141,6.1675,-0.218
12.305,-0.099305,5.8673
0.24692,-12.157,-6.18
-5.9694,-0.033941,-12.3
12.305,-0.099305,-6.18
-11.562,5.7807,-5.86
-11.562,5.7807,6.1873
-5.8196,11.94,5.8653
-11.869,-6.0597,5.7913
5.9616,5.963,11.878
6.1545,11.954,5.7503
-5.8196,11.94,-6.182
-6.0965,-6.0951,11.878
-5.8391,-12.156,5.8653
5.9277,-6.1073,11.995
-6.111,5.9314,11.995
-11.869,-6.0597,-6.256
6.135,-12.143,5.7503
5.9277,-6.1073,-12.099
-6.111,5.9314,-12.099
12.227,-6.0402,5.7913
-5.8391,-12.156,-6.182
5.9616,5.963,-12.216
6.1545,11.954,-6.297
-6.0965,-6.0951,-12.216
6.135,-12.143,-6.297
12.535,5.8002,-5.86
12.227,-6.0402,-6.256
12.535,5.8002,6.1873
-11.983,-0.0090531,-11.875
0.055154,-12.048,-11.875
0.074643,12.049,-11.875
12.113,0.010435,-11.875
12.039,-12.039,0
-12.039,12.039,0
-12.058,-12.058,0
12.058,12.058,0
-11.983,-0.0090531,12.219
0.055154,-12.048,12.219
0.074643,12.049,12.219
12.113,0.010435,12.219
-11.823,-12.037,5.7743
-11.804,12.06,5.7743
11.86,-5.9533,11.936
6.0887,12.024,11.794
11.956,6.187,11.829
6.0692,-12.073,11.794
-6.1102,11.988,11.861
11.86,-5.9533,-12.158
-11.823,-12.037,-6.273
-11.804,12.06,-6.273
-6.1297,-12.109,11.861
-12.141,6.1675,11.829
-12.236,-5.9728,11.936
12.273,-12.017,5.7743
12.293,12.079,5.7743
-6.1102,11.988,-12.233
11.956,6.187,-12.265
6.0887,12.024,-12.3
-12.236,-5.9728,-12.158
-6.1297,-12.109,-12.233
6.0692,-12.073,-12.3
12.273,-12.017,-6.273
-12.141,6.1675,-12.265
12.293,12.079,-6.273
12.039,-12.039,-12.047
12.039,-12.039,12.047
-12.039,12.039,-12.047
-12.039,12.039,12.047
-12.058,-12.058,-12.047
-12.058,-12.058,12.047
12.058,12.058,-12.047
12.058,12.058,12.047
