-3.3812,-8.6263,-8.8507
-8.8642,-2.7926,-9.0297
-3.3812,-8.6263,2.9849
-8.8642,-2.7926,2.8059
-3.1727,-8.1532,-2.6961
-8.8083,-2.8386,-2.9891
-8.879,-8.89,-8.6661
-9.0501,-8.7939,-3.4701
-3.1727,-8.1532,9.1396
-8.8083,-2.8386,8.8466
-8.879,-8.89,3.1696
-9.0501,-8.7939,8.3656
8.5076,-8.8583,-9.2044
8.5076,-8.8583,2.6312
8.2021,-8.2233,-2.5268
2.5679,-9.1072,-8.0568
8.2898,-2.6188,-8.1078
2.5339,-8.9417,-2.7818
8.4362,-2.6181,-2.5928
8.2021,-8.2233,9.3089
2.5679,-9.1072,3.7789
8.2898,-2.6188,3.7279
2.5339,-8.9417,9.0539
8.4362,-2.6181,9.2429
2.1249,-2.897,-8.8567
-2.9896,2.6389,-9.4407
8.1508,2.8362,-8.6137
2.6679,8.6698,-8.7927
-3.1714,-2.4289,-9.7797
2.1249,-2.897,2.979
-2.9896,2.6389,2.395
8.1508,2.8362,3.222
2.6679,8.6698,3.043
2.6057,-3.2265,-2.267
-3.2951,3.2739,-2.763
8.3594,3.3093,-2.459
2.7238,8.6239,-2.752
-3.1714,-2.4289,2.056
-8.9293,2.39,-8.293
2.6531,2.5725,-8.429
-3.2074,8.8784,-8.344
-3.4486,-3.2732,-2.952
-8.9633,2.5555,-3.018
2.4819,2.6686,-3.233
-3.0611,8.8791,-2.829
2.6057,-3.2265,9.5687
-3.2951,3.2739,9.0727
8.3594,3.3093,9.3767
2.7238,8.6239,9.0837
-8.9293,2.39,3.5427
2.6531,2.5725,3.4067
-3.2074,8.8784,3.4917
-3.4486,-3.2732,8.8837
-8.9633,2.5555,8.8177
2.4819,2.6686,8.6027
-3.0611,8.8791,9.0067
-9.3724,8.6002,-9.0929
-9.3724,8.6002,2.7428
-8.8915,8.2707,-2.5032
-8.8915,8.2707,9.3324
8.3607,9.0336,-9.5426
8.3607,9.0336,2.2931
8.0835,8.1893,-2.7149
8.0835,8.1893,9.1207
-8.6619,-7.4115,-8.7531
-8.0312,-8.4933,-2.4221
-8.6619,-7.4115,3.0826
-8.0312,-8.4933,9.4136
9.6906,-8.6143,-8.3054
-2.4773,-8.3739,-7.6168
9.6906,-8.6143,3.5302
3.1505,-2.9653,-8.0798
-1.8056,-8.8039,-2.4018
9.407,-9.0294,-2.9068
3.7028,-8.1434,-8.0948
8.8915,-3.9927,-8.1778
3.4482,-8.6214,-1.6488
9.5428,-2.8451,-1.6138
-2.4773,-8.3739,4.2189
3.1505,-2.9653,3.7559
-1.8056,-8.8039,9.4339
9.407,-9.0294,8.9289
3.7028,-8.1434,3.7409
8.8915,-3.9927,3.6579
3.4482,-8.6214,10.187
9.5428,-2.8451,10.222
-1.8067,2.8829,-8.5417
-3.0193,-3.4804,-8.6897
-7.8588,-2.8001,-8.102
-1.8067,2.8829,3.294
-8.3467,8.532,-8.316
-8.6946,-1.6348,-1.923
-2.0902,2.4678,-3.143
3.3581,-1.9778,-2.558
-3.0193,-3.4804,3.146
-7.7944,3.3538,-8.331
2.8701,4.051,-8.516
-2.6057,7.5045,-8.414
-2.168,-3.2979,-2.182
-8.049,2.8758,-1.885
3.5009,2.9691,-2.185
-1.9544,8.6522,-1.85
-7.8588,-2.8001,3.7337
-8.3467,8.532,3.5197
-8.6946,-1.6348,9.9127
-2.0902,2.4678,8.6927
3.3581,-1.9778,9.2777
-7.7944,3.3538,3.5047
2.8701,4.051,3.3197
-2.6057,7.5045,3.4217
-2.168,-3.2979,9.6537
-8.049,2.8758,9.9507
3.5009,2.9691,9.6507
-1.9544,8.6522,9.9857
-8.1392,9.5194,-2.7942
-8.1392,9.5194,9.0414
9.0547,3.0885,-7.3797
9.7265,2.6586,-2.1647
9.0547,3.0885,4.456
9.7265,2.6586,9.671
8.5127,7.9821,-8.4526
3.6733,8.6623,-7.8649
2.8375,9.8276,-1.6859
8.5127,7.9821,3.3831
9.3641,8.1645,-1.9449
3.6733,8.6623,3.9707
2.8375,9.8276,10.15
9.3641,8.1645,9.8907
-5.9314,-12.01,-8.6295
-0.48457,-11.168,-8.6935
-2.5889,-11.403,-11.884
-5.9314,-12.01,3.2062
-0.11758,-11.787,-2.8158
-0.48457,-11.168,3.1422
-3.0273,-10.858,-5.1298
-2.5889,-11.403,-0.04882
-0.11758,-11.787,9.0198
-3.0273,-10.858,6.7058
-2.5889,-11.403,11.787
-11.412,-5.9272,-9.0807
-11.374,-11.12,-9.3197
-11.982,0.32923,-8.9297
-11.958,-8.7316,-12.127
-5.6793,-8.6489,-11.483
-10.731,-3.0642,-11.753
-8.6167,-11.496,-12.121
-8.5601,-6.2971,-11.557
-5.8703,-11.062,-2.7461
-11.768,-5.4705,-2.9871
-11.412,-5.9272,2.7549
-11.172,-11.866,-3.1411
-5.9799,-6.0262,-2.8801
-11.615,-0.28948,-3.0521
-11.374,-11.12,2.5159
-11.982,0.32923,2.9059
-11.599,-8.7352,-5.7761
-11.958,-8.7316,-0.29106
-6.4268,-8.4445,-6.3841
-11.956,-2.9037,-6.2801
-5.6793,-8.6489,0.35294
-10.731,-3.0642,0.082942
-8.4986,-11.901,-5.7151
-8.6167,-11.496,-0.28506
-8.8712,-5.2477,-6.1471
-8.5601,-6.2971,0.27894
-5.8703,-11.062,9.0896
-11.768,-5.4705,8.8486
-11.172,-11.866,8.6946
-5.9799,-6.0262,8.9556
-11.615,-0.28948,8.7836
-11.599,-8.7352,6.0596
-11.958,-8.7316,11.545
-6.4268,-8.4445,5.4516
-11.956,-2.9037,5.5556
-5.6793,-8.6489,12.189
-10.731,-3.0642,11.919
-8.4986,-11.901,6.1206
-8.6167,-11.496,11.551
-8.8712,-5.2477,5.6886
-8.5601,-6.2971,12.115
5.6007,-0.54767,-8.3924
11.617,-5.962,-8.6074
11.655,-11.154,-8.8464
6.0681,-5.1488,-8.6274
11.048,0.29449,-8.4564
0.27826,-8.5175,-12.009
11.072,-8.7664,-11.653
5.5724,-2.8217,-11.748
5.5893,-8.5988,-11.136
12.298,-3.0989,-11.279
3.1343,-11.201,-10.919
8.6667,-5.578,-10.971
8.7395,-11.643,-12.43
2.9476,-6.1069,-10.892
8.9432,0.059733,-11.647
5.4013,-11.13,-2.1338
11.261,-5.5052,-2.5138
5.6466,-11.869,-8.0558
5.6007,-0.54767,3.4432
11.617,-5.962,3.2282
11.857,-11.901,-2.6678
5.0541,-6.2095,-2.5498
11.414,-0.32423,-2.5788
11.655,-11.154,2.9892
6.0681,-5.1488,3.2082
11.048,0.29449,3.3792
0.042091,-8.8159,-5.3418
11.43,-8.7699,-5.3028
5.9507,-2.6853,-5.0358
0.27826,-8.5175,-0.17376
11.072,-8.7664,0.18224
5.5724,-2.8217,0.087238
5.479,-8.5578,-5.6738
11.073,-2.9384,-5.8068
5.5893,-8.5988,0.69924
12.298,-3.0989,0.55624
2.9504,-11.949,-5.3548
8.3746,-5.9676,-5.6848
3.1343,-11.201,0.91624
8.6667,-5.578,0.86424
8.7671,-11.569,-5.1048
2.6563,-5.6883,-5.7928
8.5047,0.60421,-4.8928
8.7395,-11.643,-0.59476
2.9476,-6.1069,0.94324
8.9432,0.059733,0.18824
5.4013,-11.13,9.7019
11.261,-5.5052,9.3219
5.6466,-11.869,3.7799
11.857,-11.901,9.1679
5.0541,-6.2095,9.2859
11.414,-0.32423,9.2569
0.042091,-8.8159,6.4939
11.43,-8.7699,6.5329
5.9507,-2.6853,6.7999
0.27826,-8.5175,11.662
11.072,-8.7664,12.018
5.5724,-2.8217,11.923
5.479,-8.5578,6.1619
11.073,-2.9384,6.0289
5.5893,-8.5988,12.535
12.298,-3.0989,12.392
2.9504,-11.949,6.4809
8.3746,-5.9676,6.1509
3.1343,-11.201,12.752
8.6667,-5.578,12.7
8.7671,-11.569,6.7309
2.6563,-5.6883,6.0429
8.5047,0.60421,6.9429
8.7395,-11.643,11.241
2.9476,-6.1069,12.779
8.9432,0.059733,12.024
-0.52609,-5.7643,-8.5697
-5.8966,10.95,-8.6287
0.12021,5.5352,-8.8437
0.15768,0.34295,-9.0827
-5.4292,6.3484,-8.8637
-5.7064,-5.3811,-8.7687
-0.44972,11.792,-8.6927
-6.1398,-2.9126,-11.537
-11.219,2.9797,-12.246
-0.42568,2.7308,-11.89
-5.9248,8.6755,-11.985
0.086974,-3.0399,-11.621
-5.9079,2.8984,-11.373
5.8527,2.8136,-11.246
0.80115,8.3983,-11.516
-2.9649,-5.2644,-11.391
-8.363,0.29628,-11.156
2.9154,-0.033234,-11.884
-2.8305,5.9192,-11.208
-2.7577,-0.14566,-12.667
-8.5496,5.3903,-11.129
2.972,5.1654,-11.32
-2.5541,11.557,-11.884
-0.18526,-5.8478,-2.796
-6.096,0.36699,-2.37
5.6618,0.40093,-2.509
-0.23617,5.992,-2.75
-0.52609,-5.7643,3.266
-5.8506,-0.37194,-8.292
-5.8966,10.95,3.207
0.12021,5.5352,2.992
0.35992,-0.40376,-2.904
-6.4432,5.2877,-2.786
5.5522,5.4362,-2.643
-0.082731,11.173,-2.815
0.15768,0.34295,2.753
-5.4292,6.3484,2.972
-5.7064,-5.3811,3.067
-0.44972,11.792,3.143
-5.2192,-2.815,-5.973
-11.455,2.6813,-5.578
-0.067175,2.7273,-5.539
-5.5465,8.812,-5.272
-6.1398,-2.9126,0.299
-11.219,2.9797,-0.41
-0.42568,2.7308,-0.054
-5.9248,8.6755,-0.149
-0.3288,-2.9706,-5.911
-6.0182,2.9394,-5.91
5.1053,3.0179,-6.147
-0.42426,8.5588,-6.043
0.086974,-3.0399,0.215
-5.9079,2.8984,0.463
5.8527,2.8136,0.59
0.80115,8.3983,0.32
-3.2322,-6.1992,-5.611
-8.5468,-0.45184,-5.591
3.0335,-0.43841,-5.478
-3.1226,5.5296,-5.921
-2.9649,-5.2644,0.445
-8.363,0.29628,0.68
2.9154,-0.033234,-0.048
-2.8305,5.9192,0.628
-2.7301,-0.071418,-5.341
-8.841,5.8089,-6.029
2.6608,6.2148,-5.91
-2.9925,12.101,-5.129
-2.7577,-0.14566,-0.831
-8.5496,5.3903,0.707
2.972,5.1654,0.516
-2.5541,11.557,-0.048
-0.18526,-5.8478,9.0397
-6.096,0.36699,9.4657
5.6618,0.40093,9.3267
-0.23617,5.992,9.0857
-5.8506,-0.37194,3.5437
0.35992,-0.40376,8.9317
-6.4432,5.2877,9.0497
5.5522,5.4362,9.1927
-0.082731,11.173,9.0207
-5.2192,-2.815,5.8627
-11.455,2.6813,6.2577
-0.067175,2.7273,6.2967
-5.5465,8.812,6.5637
-6.1398,-2.9126,12.135
-11.219,2.9797,11.426
-0.42568,2.7308,11.782
-5.9248,8.6755,11.687
-0.3288,-2.9706,5.9247
-6.0182,2.9394,5.9257
5.1053,3.0179,5.6887
-0.42426,8.5588,5.7927
0.086974,-3.0399,12.051
-5.9079,2.8984,12.299
5.8527,2.8136,12.426
0.80115,8.3983,12.156
-3.2322,-6.1992,6.2247
-8.5468,-0.45184,6.2447
3.0335,-0.43841,6.3577
-3.1226,5.5296,5.9147
-2.9649,-5.2644,12.281
-8.363,0.29628,12.516
2.9154,-0.033234,11.788
-2.8305,5.9192,12.464
-2.7301,-0.071418,6.4947
-8.841,5.8089,5.8067
2.6608,6.2148,5.9257
-2.9925,12.101,6.7067
-2.7577,-0.14566,11.005
-8.5496,5.3903,12.543
2.972,5.1654,12.352
-2.5541,11.557,11.788
-12.023,5.7329,-8.8059
-11.34,11.84,-9.3189
-11.41,8.4574,-11.857
-8.5818,11.464,-12.12
-11.682,5.6494,-3.0322
-5.8354,11.898,-2.7452
-12.023,5.7329,3.0298
-11.137,11.093,-3.1402
-11.34,11.84,2.5168
-11.826,8.5267,-6.1472
-11.41,8.4574,-0.021238
-8.4637,11.059,-5.7142
-8.5818,11.464,-0.28424
-11.682,5.6494,8.8034
-5.8354,11.898,9.0904
-11.137,11.093,8.6954
-11.826,8.5267,5.6884
-11.41,8.4574,11.814
-8.4637,11.059,6.1214
-8.5818,11.464,11.551
11.81,2.945,-11.772
11.574,2.6466,-5.1047
11.81,2.945,0.063296
11.574,2.6466,6.731
11.81,2.945,11.899
11.006,5.6981,-8.3326
11.69,11.805,-8.8456
5.8257,6.0814,-8.5316
5.3923,8.5499,-11.3
11.619,8.4226,-11.384
8.5672,6.1981,-11.154
3.1691,11.759,-10.919
8.7744,11.317,-12.43
11.347,5.6147,-2.5589
5.4361,11.829,-2.1329
11.006,5.6981,3.5031
5.6815,11.091,-8.0549
11.892,11.059,-2.6669
11.69,11.805,2.9901
5.8257,6.0814,3.3041
6.3129,8.6475,-5.7359
5.3923,8.5499,0.53606
11.203,8.4919,-5.6739
11.619,8.4226,0.45206
8.2999,5.2633,-5.3739
2.9853,11.011,-5.3539
8.5672,6.1981,0.68206
3.1691,11.759,0.91706
8.8019,11.391,-5.1039
8.7744,11.317,-0.59394
11.347,5.6147,9.2767
5.4361,11.829,9.7027
5.6815,11.091,3.7807
11.892,11.059,9.1687
6.3129,8.6475,6.0997
5.3923,8.5499,12.372
11.203,8.4919,6.1617
11.619,8.4226,12.288
8.2999,5.2633,6.4617
2.9853,11.011,6.4817
8.5672,6.1981,12.518
3.1691,11.759,12.753
8.8019,11.391,6.7317
8.7744,11.317,11.242
0,0,0
-5.5791,-0.0028284,0.341
0.097581,-5.6059,0.514
0.0049497,5.6858,0.201
-0.13718,-0.13859,-5.707
5.8831,0.050912,0.191
-0.13718,-0.13859,6.1287
-5.7445,-0.031113,-5.433
5.7806,5.5147,0.385
-0.2093,-5.7233,-5.614
5.6738,0,-5.743
5.759,-5.6473,0.53624
-0.026163,5.8697,-5.722
-5.7382,5.8499,0.3
-5.7515,-5.9478,0.14794
5.6738,0,6.0927
-0.2093,-5.7233,6.2217
-0.026163,5.8697,6.1137
-5.7445,-0.031113,6.4027
5.4695,5.4836,-5.438
5.3744,-5.7378,-5.3108
5.4695,5.4836,6.3977
-6.1228,5.7594,-5.547
5.3744,-5.7378,6.5249
-6.0626,-5.9789,-5.6751
-6.1228,5.7594,6.2887
-6.0626,-5.9789,6.1606
-11.237,0.036062,0.638
0.26059,-11.461,0.87424
0.29543,11.499,0.87506
0,0,-11.836
0,0,11.836
11.793,0.0013202,1.1113
11.263,-0.11775,-5.4208
0.097581,-5.6059,-11.322
-0.23405,11.379,-5.657
-5.6489,-11.412,-0.046058
-5.5791,-0.0028284,-11.495
-11.4,5.8913,0.27776
-5.6141,11.548,-0.045238
-0.2689,-11.58,-5.6578
-11.527,-5.7766,-0.036058
11.502,-5.8114,0.43724
5.953,11.46,0.57806
5.9181,-11.5,0.57724
0.0049497,5.6858,-11.635
-0.23405,11.379,6.1787
11.263,-0.11775,6.4149
11.63,5.8565,0.75106
5.8831,0.050912,-11.645
-0.2689,-11.58,6.1778
-11.766,-0.083009,-5.8941
-11.766,-0.083009,5.9416
0.0049497,5.6858,12.037
5.8831,0.050912,12.027
-5.5791,-0.0028284,12.177
0.097581,-5.6059,12.35
11.323,5.7392,-5.3769
5.7875,11.431,-5.1959
5.759,-5.6473,-11.299
5.7527,-11.528,-5.1968
11.471,-5.6275,-5.4858
5.7806,5.5147,-11.451
-11.558,-5.5928,5.8766
-5.8582,-11.462,5.8556
-5.7382,5.8499,-11.536
-11.558,-5.5928,-5.9591
-5.8234,11.497,5.8564
-5.8582,-11.462,-5.9801
-5.8234,11.497,-5.9792
11.323,5.7392,6.4587
11.471,-5.6275,6.3499
-11.707,5.7739,-5.8502
-5.7515,-5.9478,-11.688
-11.707,5.7739,5.9854
5.7875,11.431,6.6397
5.7527,-11.528,6.6389
-5.7515,-5.9478,11.984
5.7806,5.5147,12.221
-5.7382,5.8499,12.136
5.759,-5.6473,12.372
0.26059,-11.461,-10.961
-11.237,0.036062,-11.198
0.29543,11.499,-10.961
11.793,0.0013202,-10.724
11.497,-11.497,0.23624
-11.497,11.497,-0.23624
-11.532,-11.462,-0.23706
11.532,11.462,0.23706
-11.237,0.036062,12.474
11.395,11.324,-5.4699
11.63,5.8565,-11.085
0.26059,-11.461,12.71
5.953,11.46,-11.258
0.29543,11.499,12.711
5.9181,-11.5,-11.258
11.36,-11.636,-5.4708
11.502,-5.8114,-11.398
-11.4,5.8913,-11.558
11.395,11.324,6.3657
-11.634,11.359,5.8924
-11.634,11.359,-5.9432
-5.6489,-11.412,11.79
-5.6489,-11.412,-11.882
-5.6141,11.548,11.79
11.36,-11.636,6.3649
-11.669,-11.601,5.8916
-11.527,-5.7766,11.8
-5.6141,11.548,-11.881
-11.669,-11.601,-5.9441
11.793,0.0013202,12.947
-11.527,-5.7766,-11.872
-11.4,5.8913,12.113
11.502,-5.8114,12.273
5.953,11.46,12.414
5.9181,-11.5,12.413
11.63,5.8565,12.587
-11.532,-11.462,11.599
11.532,11.462,-11.599
11.497,-11.497,-11.599
-11.497,11.497,11.599
11.497,-11.497,12.072
-11.497,11.497,-12.072
-11.532,-11.462,-12.073
11.532,11.462,12.073
