-3.0171,-8.5803,-3.3967
-8.7828,-2.8485,-3.3967
-3.184,-8.5803,-9.3147
-8.9504,-2.8492,-9.3147
-8.7652,-8.5881,-3.4007
-8.9327,-8.5888,-9.3187
-3.0171,-8.5803,8.4389
-8.7828,-2.8485,8.4389
-3.184,-8.5803,2.5209
-8.9504,-2.8492,2.5209
-8.7652,-8.5881,8.4349
-8.9327,-8.5888,2.5169
8.4977,-8.632,-2.9234
8.3301,-8.6327,-8.8414
2.7489,-8.6405,-2.9274
8.4977,-2.8917,-2.9274
2.582,-8.6405,-8.8454
8.3308,-2.8917,-8.8454
8.4977,-8.632,8.9122
8.3301,-8.6327,2.9942
2.7489,-8.6405,8.9082
8.4977,-2.8917,8.9082
2.582,-8.6405,2.9902
8.3308,-2.8917,2.9902
2.7662,-2.8666,-3.1597
-2.9995,2.8652,-3.1597
8.515,2.8822,-3.1597
2.7492,8.614,-3.1597
2.5993,-2.8666,-9.0777
-3.1671,2.8645,-9.0777
8.3481,2.8822,-9.0777
2.5816,8.6133,-9.0777
-2.9819,-2.8744,-3.1637
-8.7483,2.8567,-3.1637
2.7669,2.8744,-3.1637
-2.9995,8.6055,-3.1637
-3.1495,-2.8751,-9.0817
-8.9152,2.8567,-9.0817
2.5993,2.8737,-9.0817
-3.1664,8.6055,-9.0817
2.7662,-2.8666,8.676
-2.9995,2.8652,8.676
8.515,2.8822,8.676
2.7492,8.614,8.676
2.5993,-2.8666,2.758
-3.1671,2.8645,2.758
8.3481,2.8822,2.758
2.5816,8.6133,2.758
-2.9819,-2.8744,8.672
-8.7483,2.8567,8.672
2.7669,2.8744,8.672
-2.9995,8.6055,8.672
-3.1495,-2.8751,2.754
-8.9152,2.8567,2.754
2.5993,2.8737,2.754
-3.1664,8.6055,2.754
-8.731,8.6306,-3.3959
-8.8979,8.6306,-9.3139
-8.731,8.6306,8.4398
-8.8979,8.6306,2.5218
8.5502,8.5881,-2.9266
8.3826,8.5874,-8.8446
8.5502,8.5881,8.9091
8.3826,8.5874,2.9911
-7.5348,-8.5867,-8.7977
-7.7017,-8.5867,-2.8791
-7.5348,-8.5867,3.0379
-7.7017,-8.5867,8.9566
-1.7837,-8.6476,-8.3264
9.7309,-8.6306,-8.3264
3.9651,-2.8988,-8.3264
3.98,-8.6384,-8.3244
9.7287,-2.8896,-8.3244
-1.9512,-8.6483,-2.4088
9.564,-8.6306,-2.4088
3.7975,-2.8995,-2.4088
-1.7837,-8.6476,3.5092
9.7309,-8.6306,3.5092
3.9651,-2.8988,3.5092
3.8124,-8.6391,-2.4058
9.5612,-2.8903,-2.4058
3.98,-8.6384,3.5112
9.7287,-2.8896,3.5112
-1.9512,-8.6483,9.4269
9.564,-8.6306,9.4269
3.7975,-2.8995,9.4269
3.8124,-8.6391,9.4299
9.5612,-2.8903,9.4299
-7.5151,-2.8822,-8.5627
-1.7664,2.8666,-8.5627
-7.5321,8.5984,-8.5627
-1.7508,-2.8723,-8.5607
-7.5173,2.8588,-8.5607
3.9973,2.8758,-8.5607
-1.7685,8.6076,-8.5607
-7.682,-2.8822,-2.645
-1.9332,2.8666,-2.645
-7.6997,8.5977,-2.645
-7.5151,-2.8822,3.273
-1.7664,2.8666,3.273
-7.5321,8.5984,3.273
-1.9184,-2.873,-2.642
-7.6848,2.8581,-2.642
3.8304,2.8758,-2.642
-1.9361,8.6069,-2.642
-1.7508,-2.8723,3.275
-7.5173,2.8588,3.275
3.9973,2.8758,3.275
-1.7685,8.6076,3.275
-7.682,-2.8822,9.1907
-1.9332,2.8666,9.1907
-7.6997,8.5977,9.1907
-1.9184,-2.873,9.1937
-7.6848,2.8581,9.1937
3.8304,2.8758,9.1937
-1.9361,8.6069,9.1937
9.7484,2.8149,-8.0894
9.5808,2.8142,-2.1717
9.7484,2.8149,3.7463
9.5808,2.8142,9.664
4.0169,8.5803,-8.3256
9.7813,8.5902,-8.3236
3.8501,8.5803,-2.4079
4.0169,8.5803,3.5101
9.6137,8.5895,-2.4049
9.7813,8.5902,3.5121
3.8501,8.5803,9.4277
9.6137,8.5895,9.4307
-0.21516,-11.481,-8.9705
-0.046869,-11.481,-3.0525
-2.9863,-11.485,-12.101
-2.8194,-11.485,-6.1835
-0.21516,-11.481,2.8652
-0.046869,-11.481,8.7832
-2.9863,-11.485,-0.26582
-2.8194,-11.485,5.6522
-2.9863,-11.485,11.57
-5.9374,-11.453,-9.2067
-11.704,-5.7215,-9.2067
-5.7706,-11.453,-3.2897
-11.536,-5.7215,-3.2897
-11.695,-11.464,-9.2067
-5.9459,-5.7151,-9.2067
-11.712,0.015986,-9.2067
-11.528,-11.464,-3.2887
-5.779,-5.7151,-3.2887
-11.544,0.015986,-3.2887
-11.767,-8.593,-11.928
-11.599,-8.593,-6.0097
-6.0096,-8.5846,-11.926
-11.775,-2.8527,-11.926
-5.842,-8.5838,-6.0077
-11.608,-2.8527,-6.0077
-8.7093,-11.458,-12.338
-8.5417,-11.458,-6.4197
-8.7178,-5.7179,-12.338
-8.5509,-5.7179,-6.4197
-5.9374,-11.453,2.6289
-11.704,-5.7215,2.6289
-5.7706,-11.453,8.5459
-11.536,-5.7215,8.5459
-11.695,-11.464,2.6289
-5.9459,-5.7151,2.6289
-11.712,0.015986,2.6289
-11.528,-11.464,8.5469
-5.779,-5.7151,8.5469
-11.544,0.015986,8.5469
-11.767,-8.593,-0.092058
-11.599,-8.593,5.8259
-6.0096,-8.5846,-0.090058
-11.775,-2.8527,-0.090058
-5.842,-8.5838,5.8279
-11.608,-2.8527,5.8279
-8.7093,-11.458,-0.50206
-8.5417,-11.458,5.4159
-8.7178,-5.7179,-0.50206
-8.5509,-5.7179,5.4159
-11.767,-8.593,11.744
-6.0096,-8.5846,11.746
-11.775,-2.8527,11.746
-8.7093,-11.458,11.334
-8.7178,-5.7179,11.334
5.5773,-11.504,-8.7334
11.325,-5.7562,-8.7334
5.7449,-11.505,-2.8164
11.494,-5.7562,-2.8164
11.335,-11.499,-8.7334
5.5681,-5.7675,-8.7334
11.317,-0.018756,-8.7334
11.501,-11.499,-2.8154
5.7364,-5.7675,-2.8154
11.485,-0.018756,-2.8154
-0.25136,-8.6455,-11.454
11.262,-8.6278,-11.454
5.4974,-2.8967,-11.454
-0.083774,-8.6448,-5.5364
11.431,-8.6278,-5.5364
5.6643,-2.8967,-5.5364
5.5052,-8.6363,-11.452
11.254,-2.8875,-11.452
5.6721,-8.6363,-5.5344
11.421,-2.8875,-5.5344
2.8055,-11.51,-11.864
8.5535,-5.7619,-11.864
2.973,-11.511,-5.9464
8.7218,-5.7619,-5.9464
8.5627,-11.501,-11.864
2.797,-5.7711,-11.864
8.5458,-0.022292,-11.864
8.7296,-11.501,-5.9464
2.9646,-5.7704,-5.9464
8.7126,-0.022292,-5.9464
5.5773,-11.504,3.1022
11.325,-5.7562,3.1022
5.7449,-11.505,9.0192
11.494,-5.7562,9.0192
11.335,-11.499,3.1022
5.5681,-5.7675,3.1022
11.317,-0.018756,3.1022
11.501,-11.499,9.0202
5.7364,-5.7675,9.0202
11.485,-0.018756,9.0202
-0.25136,-8.6455,0.38124
11.262,-8.6278,0.38124
5.4974,-2.8967,0.38124
-0.083774,-8.6448,6.2992
11.431,-8.6278,6.2992
5.6643,-2.8967,6.2992
5.5052,-8.6363,0.38324
11.254,-2.8875,0.38324
5.6721,-8.6363,6.3012
11.421,-2.8875,6.3012
2.8055,-11.51,-0.028762
8.5535,-5.7619,-0.028762
2.973,-11.511,5.8892
8.7218,-5.7619,5.8892
8.5627,-11.501,-0.028762
2.797,-5.7711,-0.028762
8.5458,-0.022292,-0.028762
8.7296,-11.501,5.8892
2.9646,-5.7704,5.8892
8.7126,-0.022292,5.8892
-0.25136,-8.6455,12.217
11.262,-8.6278,12.217
5.4974,-2.8967,12.217
5.5052,-8.6363,12.219
11.254,-2.8875,12.219
2.8055,-11.51,11.807
8.5535,-5.7619,11.807
8.5627,-11.501,11.807
2.797,-5.7711,11.807
8.5458,-0.022292,11.807
-0.15415,-5.7389,-8.9697
-5.9199,-0.0070711,-8.9697
5.5946,0.0098995,-8.9697
-0.17183,5.741,-8.9697
0.013435,-5.7382,-3.0527
-5.7523,-0.0077782,-3.0527
5.7615,0.0098995,-3.0527
-0.0035355,5.741,-3.0527
-0.16263,-0.0014142,-8.9697
-5.9291,5.7297,-8.9697
5.5861,5.7474,-8.9697
-0.18031,11.478,-8.9697
0.0042426,-0.0014142,-3.0517
-5.7608,5.7297,-3.0517
5.753,5.7474,-3.0517
-0.012021,11.478,-3.0517
-5.9828,-2.8786,-11.691
-11.749,2.8518,-11.691
-0.23476,2.8694,-11.691
-5.9998,8.6005,-11.691
-5.8152,-2.8793,-5.7727
-11.581,2.8525,-5.7727
-0.066468,2.8694,-5.7727
-5.8329,8.6005,-5.7727
-0.22557,-2.8701,-11.689
-5.992,2.861,-11.689
5.5225,2.8779,-11.689
-0.24324,8.6097,-11.689
-0.05869,-2.8701,-5.7707
-5.8251,2.861,-5.7707
5.6901,2.8786,-5.7707
-0.076368,8.6097,-5.7707
-2.926,-5.7445,-12.101
-8.6918,-0.012728,-12.101
2.8228,0.0042426,-12.101
-2.9437,5.7353,-12.101
-2.7584,-5.7438,-6.1827
-8.5242,-0.013435,-6.1827
2.9904,0.0049497,-6.1827
-2.7754,5.7353,-6.1827
-2.9345,-0.0042426,-12.101
-8.7002,5.7262,-12.101
2.8143,5.7445,-12.101
-2.9515,11.475,-12.101
-2.7676,-0.0042426,-6.1827
-8.5327,5.7269,-6.1827
2.9812,5.7445,-6.1827
-2.7846,11.475,-6.1827
-0.15415,-5.7389,2.866
-5.9199,-0.0070711,2.866
5.5946,0.0098995,2.866
-0.17183,5.741,2.866
0.013435,-5.7382,8.783
-5.7523,-0.0077782,8.783
5.7615,0.0098995,8.783
-0.0035355,5.741,8.783
-0.16263,-0.0014142,2.866
-5.9291,5.7297,2.866
5.5861,5.7474,2.866
-0.18031,11.478,2.866
0.0042426,-0.0014142,8.784
-5.7608,5.7297,8.784
5.753,5.7474,8.784
-0.012021,11.478,8.784
-5.9828,-2.8786,0.145
-11.749,2.8518,0.145
-0.23476,2.8694,0.145
-5.9998,8.6005,0.145
-5.8152,-2.8793,6.063
-11.581,2.8525,6.063
-0.066468,2.8694,6.063
-5.8329,8.6005,6.063
-0.22557,-2.8701,0.147
-5.992,2.861,0.147
5.5225,2.8779,0.147
-0.24324,8.6097,0.147
-0.05869,-2.8701,6.065
-5.8251,2.861,6.065
5.6901,2.8786,6.065
-0.076368,8.6097,6.065
-2.926,-5.7445,-0.265
-8.6918,-0.012728,-0.265
2.8228,0.0042426,-0.265
-2.9437,5.7353,-0.265
-2.7584,-5.7438,5.653
-8.5242,-0.013435,5.653
2.9904,0.0049497,5.653
-2.7754,5.7353,5.653
-2.9345,-0.0042426,-0.265
-8.7002,5.7262,-0.265
2.8143,5.7445,-0.265
-2.9515,11.475,-0.265
-2.7676,-0.0042426,5.653
-8.5327,5.7269,5.653
2.9812,5.7445,5.653
-2.7846,11.475,5.653
-5.9828,-2.8786,11.981
-11.749,2.8518,11.981
-0.23476,2.8694,11.981
-5.9998,8.6005,11.981
-0.22557,-2.8701,11.983
-5.992,2.861,11.983
5.5225,2.8779,11.983
-0.24324,8.6097,11.983
-2.926,-5.7445,11.571
-8.6918,-0.012728,11.571
2.8228,0.0042426,11.571
-2.9437,5.7353,11.571
-2.9345,-0.0042426,11.571
-8.7002,5.7262,11.571
2.8143,5.7445,11.571
-2.9515,11.475,11.571
-11.651,5.7583,-9.2059
-5.9026,11.507,-9.2059
-11.484,5.759,-3.2889
-5.7357,11.507,-3.2889
-11.66,11.496,-9.2059
-11.493,11.496,-3.2879
-11.723,8.6271,-11.925
-11.556,8.6271,-6.0069
-8.6745,11.501,-12.337
-8.5069,11.502,-6.4189
-11.651,5.7583,2.6298
-5.9026,11.507,2.6298
-11.484,5.759,8.5468
-5.7357,11.507,8.5468
-11.66,11.496,2.6298
-11.493,11.496,8.5478
-11.723,8.6271,-0.089238
-11.556,8.6271,5.8288
-8.6745,11.501,-0.50124
-8.5069,11.502,5.4168
-11.723,8.6271,11.746
-8.6745,11.501,11.334
11.281,2.817,-11.217
11.448,2.8177,-5.2994
11.281,2.817,0.6183
11.448,2.8177,6.5363
11.281,2.817,12.454
11.378,5.7236,-8.7326
5.6122,11.455,-8.7326
11.546,5.7243,-2.8156
5.7798,11.455,-2.8156
11.369,11.461,-8.7326
11.536,11.461,-2.8146
5.5492,8.5838,-11.454
5.7168,8.5831,-5.5356
11.307,8.5923,-11.452
11.473,8.5923,-5.5336
8.6061,5.7179,-11.864
2.8403,11.45,-11.864
8.7736,5.7186,-5.9456
3.0079,11.449,-5.9456
8.5976,11.458,-11.864
8.7645,11.458,-5.9456
11.378,5.7236,3.1031
5.6122,11.455,3.1031
11.546,5.7243,9.0201
5.7798,11.455,9.0201
11.369,11.461,3.1031
11.536,11.461,9.0211
5.5492,8.5838,0.38206
5.7168,8.5831,6.3001
11.307,8.5923,0.38406
11.473,8.5923,6.3021
8.6061,5.7179,-0.027942
2.8403,11.45,-0.027942
8.7736,5.7186,5.8901
3.0079,11.449,5.8901
8.5976,11.458,-0.027942
8.7645,11.458,5.8901
5.5492,8.5838,12.218
11.307,8.5923,12.22
8.6061,5.7179,11.808
2.8403,11.45,11.808
8.5976,11.458,11.808
0,0,0
-0.0091924,5.7396,0
0.0084853,-5.7403,0
-5.7573,-0.0084853,0
5.7573,0.0084853,0
0.16688,-1.3878e-17,-5.9177
0.16688,-1.3878e-17,5.918
5.7481,5.7481,0
-5.7665,5.7311,0
5.7308,-5.7661,0.23624
-5.784,-5.7144,-0.23706
-5.5904,-0.0084853,-5.9177
-5.5904,-0.0084853,5.918
0.17607,-5.7396,-5.9177
0.15839,5.7403,-5.9177
0.17607,-5.7396,5.918
0.15839,5.7403,5.918
5.9248,0.0091924,-5.9177
5.9248,0.0091924,5.918
-5.6164,-5.7137,5.6809
-5.5982,5.7311,-5.9177
-5.5982,5.7311,5.918
5.8991,-5.7661,-5.6814
-5.6164,-5.7137,-6.1547
5.9157,5.7488,-5.9177
5.9157,5.7488,5.918
5.8991,-5.7661,6.1542
-0.017678,11.48,0
-0.052526,-11.48,-0.00082
11.48,-0.017342,0.23624
-11.55,0.0174,-0.23706
0,0,-11.836
0,0,11.836
-11.382,0.016693,5.6809
-5.7748,-11.454,-0.23706
5.7748,11.454,0.23706
11.488,-5.7576,0.23624
-11.489,5.7569,-0.23624
5.74,-11.506,0.23624
-5.74,11.506,-0.23624
11.541,5.7222,0.23706
-11.541,-5.7229,-0.23706
0.14991,11.479,-5.9177
0.14991,11.479,5.918
0.11506,-11.481,5.9172
0.11506,-11.481,-5.9185
-11.382,0.016693,-6.1547
11.647,-0.018049,-5.6814
-0.0091924,5.7396,-11.836
-0.0091924,5.7396,11.836
0.0084853,-5.7403,-11.836
0.0084853,-5.7403,11.836
-5.7573,-0.0084853,-11.836
5.7573,0.0084853,-11.836
-5.7573,-0.0084853,11.836
5.7573,0.0084853,11.836
11.647,-0.018049,6.1542
-11.321,5.7576,5.6818
-11.374,-5.7222,5.6809
-5.6072,-11.453,5.6809
-5.5724,11.506,5.6818
5.9417,11.454,-5.6806
-11.321,5.7576,-6.1539
5.9068,-11.506,-5.6814
-11.374,-5.7222,-6.1547
-5.6072,-11.453,-6.1547
5.7308,-5.7661,-11.599
-5.784,-5.7144,11.599
11.656,-5.7569,-5.6814
-5.5724,11.506,-6.1539
11.708,5.7229,-5.6806
5.9417,11.454,6.1551
5.9068,-11.506,6.1542
5.7481,5.7481,-11.836
5.7481,5.7481,11.836
-5.7665,5.7311,-11.836
-5.7665,5.7311,11.836
11.656,-5.7569,6.1542
11.708,5.7229,6.1551
5.7308,-5.7661,12.072
-5.784,-5.7144,-12.073
11.497,-11.497,0.23624
-11.497,11.497,-0.23624
-11.532,-11.462,-0.23706
11.532,11.462,0.23706
11.48,-0.017342,-11.599
-11.55,0.0174,11.599
-0.052526,-11.48,11.835
-0.017678,11.48,-11.836
-0.017678,11.48,11.836
-0.052526,-11.48,-11.836
11.48,-0.017342,12.072
-11.55,0.0174,-12.073
-11.365,-11.462,5.6809
-11.33,11.497,5.6818
-11.33,11.497,-6.1539
-11.365,-11.462,-6.1547
-5.7748,-11.454,11.599
5.7748,11.454,-11.599
11.488,-5.7576,-11.599
-11.489,5.7569,11.599
5.74,-11.506,-11.599
-5.74,11.506,11.599
11.541,5.7222,-11.599
-11.541,-5.7229,11.599
11.664,-11.497,-5.6814
11.699,11.462,-5.6806
11.664,-11.497,6.1542
11.699,11.462,6.1551
5.7748,11.454,12.073
-5.7748,-11.454,-12.073
11.488,-5.7576,12.072
-11.489,5.7569,-12.072
5.74,-11.506,12.072
-5.74,11.506,-12.072
11.541,5.7222,12.073
-11.541,-5.7229,-12.073
-11.532,-11.462,11.599
11.532,11.462,-11.599
11.497,-11.497,-11.599
-11.497,11.497,11.599
11.497,-11.497,12.072
-11.497,11.497,-12.072
-11.532,-11.462,-12.073
11.532,11.462,12.073
