-3.5043,-9.4128,-9.4193
-9.7155,-2.7137,-8.8143
-8.6548,-9.864,-8.9693
-3.5043,-9.4128,2.628
-9.7155,-2.7137,3.233
-8.6548,-9.864,3.078
-8.5905,-8.4915,-3.092
-3.3261,-9.6801,-2.715
-9.4998,-3.5248,-2.484
-8.5905,-8.4915,8.9553
-3.3261,-9.6801,9.3323
-9.4998,-3.5248,9.5633
9.2279,-9.4443,-9.1043
9.2279,-9.4443,2.943
8.822,-9.2378,-1.705
8.822,-9.2378,10.342
2.5866,-3.8297,-9.4843
-2.8107,2.5944,-9.1043
8.5539,2.6453,-9.4193
2.3426,9.3444,-8.8143
-3.2421,-3.1388,-8.3883
2.786,-8.7215,-8.5993
3.4033,2.1942,-8.9693
9.5587,-2.308,-8.4733
2.5866,-3.8297,2.563
-2.8107,2.5944,2.943
8.5539,2.6453,2.628
2.3426,9.3444,3.233
-3.2421,-3.1388,3.659
2.786,-8.7215,3.448
3.4033,2.1942,3.078
9.5587,-2.308,3.574
3.4139,-8.7837,-3.103
-2.5116,-2.9628,-2.316
9.3656,-2.3426,-3.425
3.4677,3.5666,-3.092
8.7321,2.378,-2.715
2.5583,8.5334,-2.484
3.0292,-3.3291,-2.77
-3.2166,2.8008,-1.705
3.4139,-8.7837,8.9443
-2.5116,-2.9628,9.7313
9.3656,-2.3426,8.6223
3.4677,3.5666,8.9553
8.7321,2.378,9.3323
2.5583,8.5334,9.5633
3.0292,-3.3291,9.2773
-3.2166,2.8008,10.342
-9.452,8.2089,-9.4843
-9.2526,3.3172,-8.5993
-2.48,9.7306,-8.4733
-9.452,8.2089,2.563
-9.2526,3.3172,3.448
-2.48,9.7306,3.574
-8.6247,3.255,-3.103
-2.673,9.696,-3.425
-9.0094,8.7096,-2.77
-8.6247,3.255,8.9443
-2.673,9.696,8.6223
-9.0094,8.7096,9.2773
8.816,8.9193,-8.3883
8.816,8.9193,3.659
9.5465,9.0953,-2.316
9.5465,9.0953,9.7313
-2.9435,-9.2848,-8.0283
-9.7827,-8.9115,-8.7293
-2.9435,-9.2848,4.019
-9.7827,-8.9115,3.318
-9.5719,-9.5111,-2.547
-9.5719,-9.5111,9.5003
8.9479,-8.0131,-8.7973
9.2753,-2.9792,-9.7653
8.9479,-8.0131,3.25
9.2753,-2.9792,2.282
2.6419,-9.8402,-2.339
8.7329,-3.6163,-2.979
9.1558,-8.5533,-3.017
2.6419,-9.8402,9.7083
8.7329,-3.6163,9.0683
9.1558,-8.5533,9.0303
9.1146,2.7733,-8.0283
-8.452,-3.2237,-8.1553
2.8072,-2.5668,-8.6953
-3.0908,4.0256,-8.7973
2.2931,-8.7377,-9.9683
-3.783,-3.001,-9.7713
-2.7634,9.0595,-9.7653
2.2755,3.1466,-8.7293
9.1146,2.7733,4.019
-8.452,-3.2237,3.892
2.8072,-2.5668,3.352
-3.0908,4.0256,3.25
2.2931,-8.7377,2.079
-3.783,-3.001,2.276
-2.7634,9.0595,2.282
2.2755,3.1466,3.318
-9.3967,2.1984,-2.339
-2.7832,-4.3134,-2.912
-3.3057,8.4223,-2.979
2.4862,2.547,-2.547
-2.7351,-8.4259,-3.287
-9.1273,-2.3999,-3.444
3.3708,-2.5166,-3.968
-2.8829,3.4853,-3.017
-9.3967,2.1984,9.7083
-2.7832,-4.3134,9.1353
-3.3057,8.4223,9.0683
2.4862,2.547,9.5003
-2.7351,-8.4259,8.7603
-9.1273,-2.3999,8.6033
3.3708,-2.5166,8.0793
-2.8829,3.4853,9.0303
-9.2314,9.4718,-8.6953
-9.7455,3.3009,-9.9683
-9.2314,9.4718,3.352
-9.7455,3.3009,2.079
-8.6679,9.522,-3.968
-8.6679,9.522,8.0793
3.6061,8.8344,-8.1553
8.2751,9.0572,-9.7713
3.6061,8.8344,3.892
8.2751,9.0572,2.276
9.2749,7.7448,-2.912
9.323,3.6322,-3.287
2.9308,9.6582,-3.444
9.2749,7.7448,9.1353
9.323,3.6322,8.7603
2.9308,9.6582,8.6033
-6.3376,-13.28,-9.4583
-11.931,-6.554,-8.7233
-6.5469,-5.7932,-8.8193
-11.843,-12.088,-8.8433
-5.7811,-9.0706,-12.232
-12.012,-3.2766,-11.626
-12.076,-9.3294,-11.876
-3.1804,-12.401,-12.117
-8.9992,-6.2174,-11.483
-9.1979,-12.521,-11.88
-11.582,-12.267,-2.804
-6.3376,-13.28,2.589
-11.931,-6.554,3.324
-6.5469,-5.7932,3.228
-11.843,-12.088,3.204
-6.6785,-11.72,-3.201
-12.486,-6.1573,-2.976
-9.171,-11.793,-6.019
-3.203,-11.55,-5.842
-8.8804,-5.4467,-5.803
-11.871,-9.084,-5.574
-5.7811,-9.0706,-0.185
-12.012,-3.2766,0.421
-5.552,-8.8401,-5.597
-11.964,-3.203,-5.854
-12.076,-9.3294,0.171
-3.1804,-12.401,-0.07
-8.9992,-6.2174,0.564
-9.1979,-12.521,0.167
-11.582,-12.267,9.2433
-6.6785,-11.72,8.8463
-12.486,-6.1573,9.0713
-9.171,-11.793,6.0283
-3.203,-11.55,6.2053
-8.8804,-5.4467,6.2443
-11.871,-9.084,6.4733
-5.7811,-9.0706,11.862
-12.012,-3.2766,12.468
-5.552,-8.8401,6.4503
-11.964,-3.203,6.1933
-12.076,-9.3294,12.218
-3.1804,-12.401,11.977
-8.9992,-6.2174,12.611
-9.1979,-12.521,12.214
6.3542,-12.708,-8.3823
12.166,-6.5345,-8.7233
12.254,-12.068,-8.8433
5.9363,-8.7775,-11.096
12.085,-3.2571,-11.626
6.1166,-8.8234,-6.4743
12.021,-9.3099,-11.876
8.7499,-12.369,-11.841
2.6454,-11.515,-11.541
9.1077,-6.1293,-11.796
0.30561,-12.377,-2.984
12.515,-12.247,-2.804
6.4051,-6.5932,-2.758
6.3542,-12.708,3.665
12.166,-6.5345,3.324
12.254,-12.068,3.204
5.413,-11.941,-2.31
11.611,-6.1378,-2.976
3.0711,-11.996,-5.724
9.1748,-5.9024,-5.958
8.9104,-11.344,-5.025
12.225,-9.0645,-5.574
5.9363,-8.7775,0.951
12.085,-3.2571,0.421
6.1166,-8.8234,5.573
12.133,-3.1835,-5.854
12.021,-9.3099,0.171
8.7499,-12.369,0.206
2.6454,-11.515,0.506
9.1077,-6.1293,0.251
0.30561,-12.377,9.0633
12.515,-12.247,9.2433
6.4051,-6.5932,9.2893
5.413,-11.941,9.7373
11.611,-6.1378,9.0713
3.0711,-11.996,6.3233
9.1748,-5.9024,6.0893
8.9104,-11.344,7.0223
12.225,-9.0645,6.4733
5.9363,-8.7775,12.998
12.085,-3.2571,12.468
12.133,-3.1835,6.1933
12.021,-9.3099,12.218
8.7499,-12.369,12.253
2.6454,-11.515,12.553
9.1077,-6.1293,12.298
-0.83509,-6.9304,-8.9323
-5.6844,-0.66963,-8.3823
5.7205,-1.2219,-9.4583
0.12728,5.5041,-8.7233
-0.1393,-11.336,-8.6983
5.5112,6.265,-8.8193
6.6723,-5.3387,-8.9943
0.21496,-0.029698,-8.8433
3.1473,-6.0055,-6.1013
-0.39103,-3.0653,-11.089
-6.1023,3.2612,-11.096
6.277,2.9875,-12.232
0.045962,8.7816,-11.626
-5.922,3.2152,-6.4743
-0.30971,-9.3678,-12.447
-6.4849,-2.8334,-11.566
6.0733,-3.17,-13.271
-0.017678,2.7287,-11.876
2.9974,-6.3152,-12.06
-3.2888,-0.33022,-11.841
8.8777,-0.34295,-12.117
3.0589,5.8407,-11.483
-3.1799,-5.6604,-12.063
-9.3932,0.52326,-11.541
2.8602,-0.46315,-11.88
-2.931,5.9093,-11.796
-6.2692,-5.8775,-2.87
-11.733,-0.3387,-2.984
0.47588,-0.2086,-2.804
-5.6335,5.4454,-2.758
-0.83509,-6.9304,3.115
-5.6844,-0.66963,3.665
5.7205,-1.2219,2.589
0.12728,5.5041,3.324
-0.1393,-11.336,3.349
5.5112,6.265,3.228
6.6723,-5.3387,3.053
0.21496,-0.029698,3.204
0.169,-6.0154,-2.773
-6.6256,0.097581,-2.31
5.3797,0.338,-3.201
-0.4278,5.9008,-2.976
-2.8454,-6.1858,-5.844
-8.9675,0.042426,-5.724
2.8871,0.26517,-6.019
-2.8638,6.1363,-5.958
3.1473,-6.0055,5.946
-3.1282,0.69438,-5.025
8.8551,0.50841,-5.842
3.1777,6.6114,-5.803
0.18385,-9.2079,-5.15
-5.8343,-2.815,-5.051
6.3152,-2.7598,-5.744
0.18668,2.9741,-5.574
-0.39103,-3.0653,0.958
-6.1023,3.2612,0.951
6.277,2.9875,-0.185
0.045962,8.7816,0.421
0.57629,-3.0936,-5.822
-5.922,3.2152,5.573
6.5061,3.218,-5.597
0.094045,8.8551,-5.854
-0.30971,-9.3678,-0.4
-6.4849,-2.8334,0.481
6.0733,-3.17,-1.224
-0.017678,2.7287,0.171
2.9974,-6.3152,-0.013
-3.2888,-0.33022,0.206
8.8777,-0.34295,-0.07
3.0589,5.8407,0.564
-3.1799,-5.6604,-0.016
-9.3932,0.52326,0.506
2.8602,-0.46315,0.167
-2.931,5.9093,0.251
-6.2692,-5.8775,9.1773
-11.733,-0.3387,9.0633
0.47588,-0.2086,9.2433
-5.6335,5.4454,9.2893
0.169,-6.0154,9.2743
-6.6256,0.097581,9.7373
5.3797,0.338,8.8463
-0.4278,5.9008,9.0713
-2.8454,-6.1858,6.2033
-8.9675,0.042426,6.3233
2.8871,0.26517,6.0283
-2.8638,6.1363,6.0893
-3.1282,0.69438,7.0223
8.8551,0.50841,6.2053
3.1777,6.6114,6.2443
0.18385,-9.2079,6.8973
-5.8343,-2.815,6.9963
6.3152,-2.7598,6.3033
0.18668,2.9741,6.4733
-0.39103,-3.0653,13.005
-6.1023,3.2612,12.998
6.277,2.9875,11.862
0.045962,8.7816,12.468
0.57629,-3.0936,6.2253
6.5061,3.218,6.4503
0.094045,8.8551,6.1933
-0.30971,-9.3678,11.647
-6.4849,-2.8334,12.528
6.0733,-3.17,10.823
-0.017678,2.7287,12.218
2.9974,-6.3152,12.034
-3.2888,-0.33022,12.253
8.8777,-0.34295,11.977
3.0589,5.8407,12.611
-3.1799,-5.6604,12.031
-9.3932,0.52326,12.553
2.8602,-0.46315,12.214
-2.931,5.9093,12.298
-12.874,5.1083,-8.9323
-6.3181,10.817,-9.4583
-12.178,0.703,-8.6983
-5.3664,6.7,-8.9943
-11.824,12.009,-8.8433
-8.8913,6.0332,-6.1013
-12.43,8.9733,-11.089
-12.348,2.6709,-12.447
-5.9653,8.8687,-13.271
-9.0412,5.7235,-12.06
-3.1609,11.696,-12.117
-9.1784,11.575,-11.88
-11.563,11.83,-2.804
-12.874,5.1083,3.115
-6.3181,10.817,2.589
-12.178,0.703,3.349
-5.3664,6.7,3.053
-11.824,12.009,3.204
-11.87,6.0233,-2.773
-6.659,12.377,-3.201
-9.1515,12.304,-6.019
-8.8913,6.0332,5.946
-3.1835,12.547,-5.842
-11.855,2.8307,-5.15
-5.7235,9.2788,-5.744
-12.43,8.9733,0.958
-11.462,8.945,-5.822
-12.348,2.6709,-0.4
-5.9653,8.8687,-1.224
-9.0412,5.7235,-0.013
-3.1609,11.696,-0.07
-9.1784,11.575,0.167
-11.563,11.83,9.2433
-11.87,6.0233,9.2743
-6.659,12.377,8.8463
-9.1515,12.304,6.0283
-3.1835,12.547,6.2053
-11.855,2.8307,6.8973
-5.7235,9.2788,6.3033
-12.43,8.9733,13.005
-11.462,8.945,6.2253
-12.348,2.6709,11.647
-5.9653,8.8687,10.823
-9.0412,5.7235,12.034
-3.1609,11.696,11.977
-9.1784,11.575,12.214
12.364,-0.31922,-2.984
12.364,-0.31922,9.0633
11.223,5.1278,-8.9323
6.3737,11.388,-8.3823
11.919,0.72249,-8.6983
12.273,12.028,-8.8433
11.667,8.9928,-11.089
11.748,2.6904,-12.447
5.5732,9.2247,-11.566
8.7694,11.728,-11.841
8.8783,6.3977,-12.063
2.6649,12.581,-11.541
5.7889,6.1806,-2.87
0.3251,11.719,-2.984
12.534,11.85,-2.804
11.223,5.1278,3.115
6.3737,11.388,3.665
11.919,0.72249,3.349
12.273,12.028,3.204
12.227,6.0428,-2.773
5.4325,12.156,-2.31
9.2127,5.8724,-5.844
3.0906,12.101,-5.724
8.9299,12.752,-5.025
12.242,2.8502,-5.15
6.2238,9.2431,-5.051
11.667,8.9928,0.958
12.634,8.9645,-5.822
11.748,2.6904,-0.4
5.5732,9.2247,0.481
8.7694,11.728,0.206
8.8783,6.3977,-0.016
2.6649,12.581,0.506
5.7889,6.1806,9.1773
0.3251,11.719,9.0633
12.534,11.85,9.2433
12.227,6.0428,9.2743
5.4325,12.156,9.7373
9.2127,5.8724,6.2033
3.0906,12.101,6.3233
8.9299,12.752,7.0223
12.242,2.8502,6.8973
6.2238,9.2431,6.9963
11.667,8.9928,13.005
12.634,8.9645,6.2253
11.748,2.6904,11.647
5.5732,9.2247,12.528
8.7694,11.728,12.253
8.8783,6.3977,12.031
2.6649,12.581,12.553
-0.11981,12.761,-8.6983
-0.11981,12.761,3.349
0,0,0
-0.050205,-5.8428,0.178
0.099702,5.8867,0.13
5.8817,-0.30688,-0.238
-0.18597,0.060104,-5.999
-0.18597,0.060104,6.0483
-6.0712,0.032527,0.588
-6.0217,0.45113,-5.673
0.093338,-5.992,5.899
6.076,5.8342,0.18
0.044548,6.0436,-5.899
5.9588,0.24678,6.0003
5.9107,-6.0832,0.121
5.9588,0.24678,-6.047
-6.1279,5.9554,0.121
0.093338,-5.992,-6.1483
0.044548,6.0436,6.1483
-5.9821,-6.224,0.18
-6.0217,0.45113,6.3743
-5.9093,-5.7368,-5.88
-5.8324,6.1322,5.801
-5.9093,-5.7368,6.1673
6.2063,-5.9065,5.801
-5.8324,6.1322,-6.2463
6.1488,6.3214,-5.88
6.2063,-5.9065,-6.2463
6.1488,6.3214,6.1673
11.834,0.0098995,0.437
0,0,-12.047
0,0,12.047
-0.20449,12.049,0.437
-0.22398,-12.048,0.437
-12.263,-0.0095891,0.437
-6.0712,0.032527,-11.459
5.8817,-0.30688,11.809
-0.050205,-5.8428,-11.869
-0.029838,11.884,-5.842
-6.1569,11.732,-0.238
0.099702,5.8867,-11.917
12.009,-0.15486,-5.842
-0.029838,11.884,6.2053
5.9674,-12.006,0.588
-12.088,-0.17434,-5.842
-11.958,-6.1715,0.13
5.9869,12.091,0.588
12.009,-0.15486,6.2053
12.008,6.2153,0.178
0.099702,5.8867,12.177
-0.049326,-12.213,-5.842
-0.050205,-5.8428,12.225
-12.089,6.1958,0.178
-12.088,-0.17434,6.2053
12.138,-6.152,0.13
5.8817,-0.30688,-12.285
-0.049326,-12.213,6.2053
-6.1764,-12.365,-0.238
-6.0712,0.032527,12.635
6.0169,-11.587,-5.673
6.0169,-11.587,6.3743
6.076,5.8342,-11.867
-6.0993,-11.811,6.0003
-6.0993,-11.811,-6.047
-11.945,6.0466,5.899
5.9107,-6.0832,-11.926
-6.1279,5.9554,-11.926
-12.014,-6.0145,-5.899
-5.9821,-6.224,-11.867
12.083,-5.995,-5.899
-11.945,6.0466,-6.1483
-12.014,-6.0145,6.1483
12.151,6.0661,5.899
12.083,-5.995,6.1483
5.9107,-6.0832,12.168
6.076,5.8342,12.227
-6.1279,5.9554,12.168
12.151,6.0661,-6.1483
-6.0798,12.285,6.0003
-5.9821,-6.224,12.227
-6.0798,12.285,-6.047
6.0364,12.509,-5.673
6.0364,12.509,6.3743
11.834,0.0098995,-11.61
-0.20449,12.049,-11.61
-0.22398,-12.048,-11.61
-12.263,-0.0095891,-11.61
12.039,-12.039,0
-12.039,12.039,0
-12.058,-12.058,0
12.058,12.058,0
11.834,0.0098995,12.484
-0.20449,12.049,12.484
-0.22398,-12.048,12.484
-12.263,-0.0095891,12.484
5.9674,-12.006,-11.459
5.9869,12.091,-11.459
-6.1569,11.732,11.809
11.853,-11.979,-5.999
11.853,-11.979,6.0483
-11.958,-6.1715,-11.917
12.008,6.2153,-11.869
11.872,12.118,-5.999
11.872,12.118,6.0483
-12.089,6.1958,-11.869
-6.1569,11.732,-12.285
12.138,-6.152,-11.917
-11.958,-6.1715,12.177
-12.244,-11.998,-5.999
-12.244,-11.998,6.0483
-6.1764,-12.365,11.809
-12.225,12.099,-5.999
12.008,6.2153,12.225
-12.225,12.099,6.0483
12.138,-6.152,12.177
-12.089,6.1958,12.225
5.9674,-12.006,12.635
5.9869,12.091,12.635
-6.1764,-12.365,-12.285
12.039,-12.039,-12.047
12.039,-12.039,12.047
-12.039,12.039,-12.047
-12.039,12.039,12.047
-12.058,-12.058,-12.047
-12.058,-12.058,12.047
12.058,12.058,-12.047
12.058,12.058,12.047
