-9.4154,-8.9941,-3.5888
-3.6228,-9.8808,-10.347
-9.6976,-3.5105,-10.681
-9.9076,-9.0266,-10.265
-9.4159,-8.9927,9.5885
-3.6232,-9.8795,2.8305
-9.698,-3.5091,2.4965
-9.908,-9.0253,2.9125
9.7666,-9.9783,-3.4903
9.9696,-3.2742,-3.6603
9.3827,-9.5193,-9.9173
9.2066,-3.9184,-10.435
9.7662,-9.9769,9.6869
9.9691,-3.2729,9.5169
9.3822,-9.518,3.2599
9.2062,-3.917,2.7419
-2.5819,-9.758,-3.6432
-9.3687,-3.4195,-4.2362
3.5402,-3.0645,-4.0652
-2.8358,2.6256,-3.4922
2.5135,-9.0891,-3.7332
-3.3095,-2.829,-4.4572
-2.6328,9.3297,-3.6622
3.2588,3.6785,-3.5892
3.0643,-3.5602,-10.535
-3.2197,3.0845,-9.9192
9.0514,2.7918,-10.347
2.9766,9.1621,-10.681
2.826,-9.519,-9.9612
-3.8052,-3.1522,-10.325
-3.3958,8.6855,-10.437
2.7666,3.6459,-10.265
-2.5824,-9.7567,9.534
-9.3692,-3.4182,8.941
3.5398,-3.0632,9.112
-2.8362,2.6269,9.685
2.5131,-9.0877,9.444
-3.31,-2.8277,8.72
-2.6333,9.331,9.515
3.2583,3.6798,9.588
3.0639,-3.5589,2.642
-3.2202,3.0858,3.258
9.051,2.7931,2.83
2.9762,9.1634,2.496
2.8256,-9.5177,3.216
-3.8056,-3.1509,2.852
-3.3962,8.6868,2.74
2.7662,3.6473,2.912
-9.0622,9.5393,-4.0671
-10.089,3.5148,-3.7351
-9.5381,9.0437,-10.537
-9.7764,3.0849,-9.9631
-9.0626,9.5407,9.1101
-10.089,3.5161,9.4421
-9.5385,9.045,2.6401
-9.7768,3.0862,3.2141
10.092,2.9146,-3.6437
3.3055,9.2531,-4.2367
9.3647,9.8435,-4.4577
8.869,9.5203,-10.326
10.092,2.9159,9.5335
3.305,9.2544,8.9405
9.3642,9.8448,8.7195
8.8686,9.5217,2.8515
-4.028,-9.6609,-3.2338
-10.59,-3.5854,-3.3738
-9.2394,-10.446,-3.1788
-9.0435,-9.4127,-9.0968
-4.0284,-9.6596,9.9435
-10.59,-3.5841,9.8035
-9.2398,-10.444,9.9985
-9.0439,-9.4114,4.0805
8.4762,-9.4317,-2.9113
3.3412,-10.139,-3.0383
8.8934,-9.4897,-8.5083
3.4444,-9.764,-8.6253
9.9307,-4.1008,-9.1363
8.4757,-9.4304,10.266
3.3407,-10.137,10.139
8.8929,-9.4883,4.6689
3.444,-9.7627,4.5519
9.9302,-4.0995,4.0409
2.5616,-3.2766,-2.9532
-4.1262,3.1722,-2.9132
8.6462,3.0117,-3.2342
2.0843,9.0871,-3.3742
-2.7672,-3.4082,-3.1822
-9.2613,2.4651,-3.0402
3.4349,2.2268,-3.1792
9.173,-3.3389,-2.3882
-3.1561,-8.4979,-9.9942
-9.2895,-2.3829,-9.7682
3.2284,-2.6367,-9.3592
-3.709,3.1142,-8.5102
-2.309,-3.1649,-10.305
-9.158,2.8398,-8.6272
3.6307,3.2599,-9.0972
-2.6717,8.5031,-9.1382
2.5611,-3.2753,10.224
-4.1267,3.1735,10.264
8.6458,3.013,9.943
2.0838,9.0884,9.803
-2.7676,-3.4068,9.995
-9.2617,2.4664,10.137
3.4344,2.2281,9.998
9.1726,-3.3375,10.789
-3.1565,-8.4966,3.183
-9.29,-2.3815,3.409
3.2279,-2.6354,3.818
-3.7095,3.1155,4.667
-2.3094,-3.1636,2.872
-9.1584,2.8412,4.55
3.6303,3.2612,4.08
-2.6722,8.5044,4.039
-10.041,9.3272,-2.9551
-3.4294,9.265,-2.3901
-9.374,9.9671,-9.3611
-10.041,9.3285,10.222
-3.4298,9.2663,10.787
-9.3745,9.9685,3.8161
9.907,9.2644,-3.1827
9.5181,4.1746,-9.9947
3.3847,10.29,-9.7687
10.365,9.5076,-10.306
9.9066,9.2657,9.9945
9.5177,4.1759,3.1825
3.3842,10.291,3.4085
10.365,9.5089,2.8715
-0.18663,-13.122,-3.1739
-0.18707,-13.121,10.003
-9.4991,-5.6882,-13.931
-7.02,-9.6452,-13.92
-12.127,-12.783,-10.215
-6.6768,-6.848,-10.511
-5.8749,-12.877,-3.5748
-13.044,-6.5531,-3.6568
-12.789,-0.51798,-3.1758
-12.771,-13.132,-3.7158
-7.4709,-12.327,-10.073
-13.011,-6.6811,-9.8118
-9.6,-13.45,-13.679
-3.4149,-12.142,-13.333
-9.4996,-5.6869,-0.75376
-11.786,-9.4855,-13.613
-5.6607,-9.5598,-7.1038
-12.476,-3.1357,-6.6068
-7.0205,-9.6439,-0.74276
-13.377,-3.3938,-13.294
-12.73,-9.6191,-6.8308
-9.513,-12.303,-6.6228
-3.376,-13.205,-7.8838
-9.5201,-6.7667,-6.8168
-12.128,-12.782,2.9625
-6.6772,-6.8467,2.6665
-5.8754,-12.875,9.6025
-13.045,-6.5518,9.5205
-12.789,-0.51666,10.001
-12.772,-13.131,9.4615
-7.4713,-12.326,3.1045
-13.012,-6.6798,3.3655
-9.6004,-13.448,-0.50154
-3.4154,-12.141,-0.15554
-9.5,-5.6856,12.423
-11.787,-9.4842,-0.43554
-5.6611,-9.5584,6.0735
-12.477,-3.1344,6.5705
-7.0209,-9.6426,12.434
-13.377,-3.3925,-0.11654
-12.731,-9.6178,6.3465
-9.5134,-12.302,6.5545
-3.3765,-13.204,5.2935
-9.5205,-6.7654,6.3605
-9.6009,-13.447,12.676
-3.4158,-12.139,13.022
-11.787,-9.4829,12.742
-13.378,-3.3911,13.061
13.149,-12.715,-10.213
6.1943,-7.3436,-9.4323
0.64707,-12.628,-9.8213
6.8138,-12.65,-3.3443
12.232,-6.4844,-3.6553
12.488,-0.44929,-3.1743
12.505,-13.063,-3.7143
5.944,-11.875,-9.5653
12.266,-6.6124,-9.8103
2.9445,-13.365,-13.415
9.5298,-7.0261,-13.342
9.2717,-12.026,-13.313
13.49,-9.4168,-13.611
6.2721,-9.5441,-5.9703
12.8,-3.067,-6.6053
5.5502,-9.6947,-13.484
11.9,-3.3251,-13.292
12.546,-9.5505,-6.8293
2.8412,-12.207,-6.1303
9.3813,-6.3515,-6.5063
9.2434,-12.906,-7.3333
13.149,-12.713,2.9639
6.1939,-7.3423,3.7449
0.64664,-12.626,3.3559
6.8133,-12.648,9.8329
12.232,-6.4831,9.5219
12.487,-0.44797,10.003
12.505,-13.062,9.4629
5.9436,-11.873,3.6119
12.265,-6.6111,3.3669
2.944,-13.364,-0.2381
9.5293,-7.0248,-0.1651
9.2712,-12.025,-0.1361
13.49,-9.4155,-0.4341
6.2717,-9.5428,7.2069
12.8,-3.0657,6.5719
5.5497,-9.6934,-0.3071
11.9,-3.3238,-0.1151
12.546,-9.5491,6.3479
2.8408,-12.206,7.0469
9.3808,-6.3502,6.6709
9.2429,-12.904,5.8439
2.9436,-13.363,12.939
9.5289,-7.0235,13.012
9.2708,-12.023,13.041
13.489,-9.4142,12.743
5.5493,-9.6921,12.87
11.899,-3.3225,13.062
3.1751,6.9843,-13.931
-5.4905,-3.2497,-13.848
5.6542,3.0273,-13.92
0.54703,-0.11092,-10.215
-6.4081,5.2603,-9.4342
5.9974,5.8245,-10.511
-11.955,-0.023943,-9.8232
-0.67061,-6.1949,-3.8162
-5.7886,-0.045864,-3.3462
6.7993,-0.20426,-3.5752
-0.37009,6.1194,-3.6572
-5.6833,-6.2069,-3.6942
-0.11482,12.155,-3.1762
-0.097147,-0.45952,-3.7162
6.1904,-5.9594,-3.1092
-0.15937,-6.1036,-10.281
-6.6584,0.72913,-9.5672
5.2033,0.34517,-10.073
-0.33686,5.9914,-9.8122
-3.1137,-7.0597,-13.499
-9.6579,-0.76146,-13.417
3.0742,-0.77701,-13.679
-3.0727,5.5778,-13.344
3.0891,-6.0457,-13.612
-3.3307,0.5778,-13.315
9.2593,0.53043,-13.333
3.1746,6.9856,-0.75422
0.53783,-9.8499,-13.393
-5.491,-3.2484,-0.67122
6.445,-3.1522,-12.942
0.88785,3.187,-13.613
0.24085,-3.3162,-7.1842
-6.3303,3.0597,-5.9722
7.0135,3.1128,-7.1042
0.19772,9.5368,-6.6072
-0.62253,-3.1571,-13.556
-7.0522,2.9091,-13.486
5.6538,3.0286,-0.74322
-0.70243,9.2788,-13.294
-0.56808,-9.4836,-7.5002
-6.6874,-3.2356,-7.6232
5.9847,-3.1826,-7.1512
-0.056135,3.0534,-6.8312
-3.2996,-5.7154,-7.5532
-9.7612,0.39679,-6.1322
3.1612,0.36921,-6.6232
-3.2211,6.2523,-6.5082
3.0954,-6.5979,-6.6992
-3.359,-0.30184,-7.3352
9.2982,-0.53235,-7.8842
3.1541,5.9059,-6.8172
0.54659,-0.1096,2.962
-6.4085,5.2616,3.743
5.997,5.8259,2.666
-11.956,-0.022627,3.354
-0.67104,-6.1935,9.361
-5.7891,-0.044548,9.831
6.7988,-0.20294,9.602
-0.37052,6.1207,9.52
-5.6837,-6.2056,9.483
-0.11526,12.156,10.001
-0.097581,-0.45821,9.461
6.19,-5.9581,10.068
-0.15981,-6.1023,2.896
-6.6588,0.73044,3.61
5.2029,0.34648,3.104
-0.33729,5.9927,3.365
-3.1141,-7.0583,-0.322
-9.6584,-0.76014,-0.24
3.0738,-0.7757,-0.502
-3.0731,5.5791,-0.167
3.0886,-6.0443,-0.435
-3.3312,0.57912,-0.138
9.2589,0.53174,-0.156
3.1742,6.9869,12.423
0.5374,-9.8486,-0.216
-5.4914,-3.247,12.506
6.4446,-3.1509,0.235
0.88742,3.1883,-0.436
0.24042,-3.3149,5.993
-6.3307,3.0611,7.205
7.0131,3.1141,6.073
0.19728,9.5382,6.57
-0.62296,-3.1558,-0.379
-7.0527,2.9105,-0.309
5.6533,3.03,12.434
-0.70286,9.2801,-0.117
-0.56851,-9.4823,5.677
-6.6878,-3.2343,5.554
5.9842,-3.1813,6.026
-0.056569,3.0547,6.346
-3.3001,-5.7141,5.624
-9.7616,0.3981,7.045
3.1608,0.37052,6.554
-3.2216,6.2537,6.669
3.095,-6.5966,6.478
-3.3595,-0.30052,5.842
9.2977,-0.53104,5.293
3.1537,5.9072,6.36
-3.1145,-7.057,12.855
-9.6588,-0.75882,12.937
3.0734,-0.77438,12.675
-3.0735,5.5804,13.01
3.0882,-6.043,12.742
-3.3316,0.58044,13.039
9.2584,0.53306,13.021
0.53697,-9.8473,12.961
6.4441,-3.1496,13.412
0.88699,3.1897,12.741
-0.62339,-3.1545,12.798
-7.0531,2.9118,12.868
-0.7033,9.2814,13.06
-12.055,12.493,-10.217
-13.273,6.409,-3.8181
-5.8031,12.4,-3.5771
-12.7,12.144,-3.7181
-6.412,6.6444,-3.1111
-12.762,6.5002,-10.283
-7.3991,12.949,-10.075
-9.5282,11.827,-13.681
-9.5133,6.5582,-13.614
-3.3431,13.134,-13.335
-12.065,2.7539,-13.395
-6.1574,9.4517,-12.944
-12.362,9.2876,-7.1861
-13.225,9.4467,-13.558
-13.17,3.1202,-7.5021
-6.6177,9.4213,-7.1531
-9.4412,12.973,-6.6251
-9.507,6.0059,-6.7011
-3.3042,12.071,-7.8861
-12.056,12.494,2.9601
-13.273,6.4103,9.3591
-5.8036,12.401,9.6001
-12.7,12.146,9.4591
-6.4124,6.6458,10.066
-12.762,6.5015,2.8941
-7.3995,12.95,3.1021
-9.5286,11.828,-0.5039
-9.5138,6.5595,-0.4369
-3.3435,13.136,-0.1579
-12.065,2.7553,-0.2179
-6.1578,9.453,0.2331
-12.362,9.2889,5.9911
-13.225,9.448,-0.3809
-13.171,3.1215,5.6751
-6.6182,9.4226,6.0241
-9.4416,12.974,6.5521
-9.5074,6.0072,6.4761
-3.3047,12.073,5.2911
-9.529,11.829,12.673
-9.5142,6.5608,12.74
-3.344,13.137,13.019
-12.065,2.7566,12.959
-6.1583,9.4543,13.41
-13.226,9.4493,12.796
13.321,0.044744,-9.8218
13.321,0.04606,3.3554
7.1837,9.4229,-13.849
13.221,12.562,-10.216
0.71888,12.649,-9.8237
12.004,6.4777,-3.8167
6.8856,12.627,-3.3467
6.9909,6.4656,-3.6947
12.577,12.213,-3.7167
12.515,6.5689,-10.282
6.0158,13.402,-9.5677
9.5605,5.6129,-13.5
3.0163,11.911,-13.418
9.3435,13.25,-13.316
13.212,2.8226,-13.394
7.1833,9.4242,-0.67168
12.915,9.3563,-7.1847
12.052,9.5154,-13.557
12.106,3.1889,-7.5007
5.9868,9.4369,-7.6237
9.3746,6.9571,-7.5537
2.913,13.069,-6.1327
9.3152,12.371,-7.3357
13.221,12.563,2.9615
0.71845,12.65,3.3535
12.003,6.479,9.3605
6.8851,12.628,9.8305
6.9905,6.467,9.4825
12.577,12.214,9.4605
12.514,6.5702,2.8955
6.0154,13.403,3.6095
9.5601,5.6142,-0.32246
3.0158,11.912,-0.24046
9.343,13.252,-0.13846
13.212,2.824,-0.21646
7.1828,9.4255,12.506
12.915,9.3576,5.9925
12.051,9.5167,-0.37946
12.106,3.1902,5.6765
5.9864,9.4382,5.5535
9.3741,6.9584,5.6235
2.9126,13.071,7.0445
9.3147,12.372,5.8415
9.5597,5.6155,12.855
3.0154,11.914,12.937
9.3426,13.253,13.039
13.211,2.8253,12.961
12.051,9.518,12.798
0,0,0
0.0049497,6.1214,-0.434
6.2155,0.052326,0.171
-6.2353,-0.40305,-0.327
-0.19587,-0.12233,6.482
-0.19544,-0.12365,-6.6952
-0.047376,-6.8172,-0.06
6.1405,-6.4163,-0.033
6.2827,6.3432,-0.31546
-6.4619,6.1876,-0.034903
0.084853,6.2961,6.403
-6.3915,-6.3293,-0.315
6.3512,-0.021213,6.477
-0.092631,-6.5344,6.393
6.3517,-0.022529,-6.7002
0.085286,6.2948,-6.7742
-6.611,-0.15122,-6.5832
-6.6114,-0.14991,6.594
-0.092198,-6.5357,-6.7842
-6.195,-6.3237,6.494
6.2767,-6.2352,-6.5812
6.2763,-6.2339,6.596
-6.1945,-6.325,-6.6832
-6.3257,6.3687,-6.5831
-6.3261,6.37,6.5941
6.4792,6.3489,6.4935
6.4797,6.3476,-6.6837
-0.26799,12.306,-0.112
12.334,-0.29807,-0.1101
-12.942,-0.36675,-0.11154
-0.3398,-12.971,-0.10964
0.00043346,-0.0013159,-13.177
-0.00043346,0.0013159,13.177
12.367,-0.016971,6.213
6.4389,12.269,-0.32746
-12.65,5.7866,-0.061903
12.627,5.8553,-0.060461
-0.23511,12.587,6.2111
-0.30691,-12.69,6.2135
0.0045163,6.1227,12.743
-6.3869,12.656,0.1691
-6.4587,-12.62,0.17146
12.607,-6.4824,-0.4321
12.368,-0.018286,-6.9642
-12.669,-6.5511,-0.43354
-6.2357,-0.40173,12.85
-12.909,-0.085658,6.2116
-0.23467,12.586,-6.9661
6.2159,0.05101,-13.006
-0.30648,-12.691,-6.9638
6.3671,-13.007,-0.3251
-12.909,-0.086973,-6.9657
6.215,0.053642,13.348
-0.04781,-6.8159,13.117
-6.2348,-0.40437,-13.504
-0.046943,-6.8185,-13.237
0.0053832,6.1201,-13.611
12.582,6.1382,6.3925
6.0632,12.521,-6.5837
6.0628,12.523,6.5935
-12.695,6.0695,6.3911
-6.2512,12.583,6.4751
-12.589,-6.3765,6.4035
12.687,-6.3078,6.4049
5.9914,-12.755,-6.5813
12.582,6.1368,-6.7847
5.991,-12.754,6.5959
-6.2507,12.581,-6.7021
-6.323,-12.694,6.4775
-12.695,6.0682,-6.7861
-12.589,-6.3778,-6.7738
6.2822,6.3445,12.862
-6.3225,-12.695,-6.6998
-6.392,-6.328,12.862
12.688,-6.3091,-6.7723
6.1401,-6.415,13.144
-6.4623,6.1889,13.142
6.1409,-6.4176,-13.21
-6.4615,6.1862,-13.212
6.2831,6.3419,-13.493
-6.3911,-6.3306,-13.492
12.602,-12.604,0.001903
-12.602,12.604,-0.001903
-12.674,-12.673,0.000461
12.674,12.673,-0.000461
-0.26843,12.307,13.065
12.334,-0.29675,13.067
-0.26756,12.304,-13.289
12.335,-0.29938,-13.287
-12.943,-0.36544,13.066
-0.34024,-12.969,13.068
-12.942,-0.36807,-13.289
-0.33937,-12.972,-13.287
12.478,12.55,6.4815
6.4385,12.271,12.85
12.407,-12.726,6.4839
12.479,12.549,-6.6957
12.407,-12.727,-6.6933
-12.798,12.482,6.4801
12.607,-6.4811,12.745
-12.798,12.48,-6.6971
-12.65,5.7879,13.115
12.626,5.8566,13.117
-12.67,-6.5498,12.744
-12.649,5.7853,-13.239
12.627,5.854,-13.238
-6.3865,12.655,-13.008
-6.4583,-12.622,-13.006
-12.87,-12.795,6.4825
-12.87,-12.796,-6.6948
6.4394,12.268,-13.505
6.3667,-13.006,12.852
-6.3874,12.657,13.346
-6.4592,-12.619,13.349
12.608,-6.4837,-13.609
-12.669,-6.5524,-13.611
6.3676,-13.008,-13.502
12.603,-12.605,-13.175
-12.603,12.605,13.175
-12.602,12.603,-13.179
12.602,-12.603,13.179
-12.675,-12.671,13.178
12.675,12.671,-13.178
-12.674,-12.674,-13.177
12.674,12.674,13.177
