-9.2347,-8.7338,-8.6451
-8.4512,-9.2514,-3.1281
-9.2347,-8.7338,3.1906
-8.4512,-9.2514,8.7076
2.2617,-9.4021,-2.1958
8.2007,-8.0593,-8.2168
7.9461,-8.6151,-2.6098
2.2617,-9.4021,9.6399
8.2007,-8.0593,3.6189
7.9461,-8.6151,9.2259
2.7443,-8.3064,-8.8707
-3.3446,-2.6488,-9.0197
8.2357,-3.0102,-9.0167
-3.2859,-8.3813,-9.2337
2.7443,-8.3064,2.965
-3.3446,-2.6488,2.816
8.2357,-3.0102,2.819
2.2974,2.7287,-8.408
-9.2355,2.0952,-2.432
-3.2697,-2.0591,-2.685
8.0667,-2.8539,-3.323
3.0809,2.2111,-2.891
-3.2859,-8.3813,2.602
-9.2871,-3.4507,-8.422
2.0259,-3.3496,-8.467
-3.2965,3.438,-8.453
-3.4479,-8.5362,-2.585
-9.3755,-3.2463,-3.241
2.0124,-2.6842,-3.513
-3.5511,2.8822,-2.846
2.2974,2.7287,3.4277
-9.2355,2.0952,9.4037
-3.2697,-2.0591,9.1507
8.0667,-2.8539,8.5127
3.0809,2.2111,8.9447
-9.2871,-3.4507,3.4137
2.0259,-3.3496,3.3687
-3.2965,3.438,3.3827
-3.4479,-8.5362,9.2507
-9.3755,-3.2463,8.5947
2.0124,-2.6842,8.3227
-3.5511,2.8822,8.9897
-8.7529,3.1908,-9.1069
-3.2615,8.4871,-9.2529
-8.7529,3.1908,2.7288
-3.2615,8.4871,2.5828
-3.4305,8.6433,-3.5592
-9.4714,8.1477,-8.7032
-9.4848,8.813,-3.7492
-3.4305,8.6433,8.2764
-9.4714,8.1477,3.1324
-9.4848,8.813,8.0864
8.1875,8.8137,-8.7826
8.2461,3.0811,-8.9966
8.1875,8.8137,3.0531
8.2624,9.4034,-2.4479
8.2461,3.0811,2.8391
2.2449,8.0118,-8.1849
8.0842,2.9263,-2.3479
2.1565,8.2162,-3.0039
8.2624,9.4034,9.3877
2.2449,8.0118,3.6507
8.0842,2.9263,9.4877
2.1565,8.2162,8.8317
9.8157,-8.8201,-8.4324
3.473,-8.5599,-7.6448
9.8157,-8.8201,3.4032
8.9545,-8.7098,-1.5148
3.473,-8.5599,4.1909
8.9545,-8.7098,10.321
-7.5979,-8.5256,-9.1797
-2.8058,-9.7651,-8.8237
-1.6815,2.6771,-8.6687
-7.5979,-8.5256,2.656
8.2505,-2.9345,-7.566
-2.2882,-3.008,-8.597
-8.0242,2.9373,-7.881
-9.0078,-7.9783,-2.481
-2.2253,-3.0922,-2.855
3.0201,-8.1155,-2.807
-2.8058,-9.7651,3.012
-8.5143,-2.1715,-8.464
3.4054,-2.7676,-8.357
-1.6815,2.6771,3.167
-2.424,-8.7469,-3.656
-8.4209,-2.8716,-2.16
2.8129,-2.8779,-2.262
-2.5428,2.7874,-1.751
8.2505,-2.9345,4.2697
-2.2882,-3.008,3.2387
-8.0242,2.9373,3.9547
-9.0078,-7.9783,9.3547
-2.2253,-3.0922,8.9807
3.0201,-8.1155,9.0287
-8.5143,-2.1715,3.3717
3.4054,-2.7676,3.4787
-2.424,-8.7469,8.1797
-8.4209,-2.8716,9.6757
2.8129,-2.8779,9.5737
-2.5428,2.7874,10.085
-3.2467,8.5627,-7.8022
-8.4772,3.3818,-3.0432
-8.0918,8.7296,-8.5932
-8.6843,8.6193,-2.4982
-3.2467,8.5627,4.0334
-8.4772,3.3818,8.7924
-8.0918,8.7296,3.2424
-8.6843,8.6193,9.3374
9.3482,-3.1701,-2.1237
9.3482,-3.1701,9.712
3.9342,2.9369,-8.9426
8.7263,1.6973,-8.5866
3.9342,2.9369,2.8931
9.2439,8.4544,-8.3599
2.5242,3.4842,-2.2439
-2.149,8.3272,-2.3599
9.3068,8.3703,-2.6179
8.7263,1.6973,3.2491
3.0178,9.291,-8.2269
9.1081,2.7156,-3.4189
3.1111,8.5909,-1.9229
9.2439,8.4544,3.4757
2.5242,3.4842,9.5917
-2.149,8.3272,9.4757
9.3068,8.3703,9.2177
3.0178,9.291,3.6087
9.1081,2.7156,8.4167
3.1111,8.5909,9.9127
-11.768,-11.993,-9.2347
-12.259,-5.2513,-8.9847
-11.709,-8.4629,-11.781
-8.8019,-11.557,-11.431
-12.091,-10.755,-3.2071
-11.768,-11.993,2.6009
-6.6608,-11.984,-3.1621
-11.863,-6.0814,-3.2951
-12.259,-5.2513,2.8509
-11.773,-8.779,-6.3411
-11.709,-8.4629,0.054942
-8.978,-11.519,-6.8461
-8.8019,-11.557,0.40494
-12.091,-10.755,8.6286
-6.6608,-11.984,8.6736
-11.863,-6.0814,8.5406
-11.773,-8.779,5.4946
-11.709,-8.4629,11.891
-8.978,-11.519,4.9896
-8.8019,-11.557,12.241
-0.49036,-12.294,-8.5304
11.261,-12.028,-8.7614
10.77,-5.286,-8.5114
5.4366,-8.7826,-11.227
11.32,-8.4977,-11.307
8.352,-11.26,-11.488
2.6089,-11.608,-11.076
8.5762,-5.8397,-11.721
10.938,-10.789,-2.7338
-0.49036,-12.294,3.3052
11.261,-12.028,3.0742
5.0399,-11.905,-2.3558
11.166,-6.1161,-2.8218
5.2132,-11.153,-8.0258
10.77,-5.286,3.3242
5.1283,-8.7911,-5.0078
5.4366,-8.7826,0.60824
11.256,-8.8138,-5.8678
11.32,-8.4977,0.52824
8.4659,-11.631,-5.8688
8.352,-11.26,0.34724
2.5714,-11.549,-5.6028
8.2269,-5.8976,-5.2458
2.6089,-11.608,0.75924
8.5762,-5.8397,0.11424
10.938,-10.789,9.1019
5.0399,-11.905,9.4799
11.166,-6.1161,9.0139
5.2132,-11.153,3.8099
5.1283,-8.7911,6.8279
5.4366,-8.7826,12.444
11.256,-8.8138,5.9679
11.32,-8.4977,12.364
8.4659,-11.631,5.9669
8.352,-11.26,12.183
2.5714,-11.549,6.2329
8.2269,-5.8976,6.5899
2.6089,-11.608,12.595
8.5762,-5.8397,11.95
-11.988,-0.79691,-8.7667
5.427,-5.8937,-8.8887
-0.23617,-0.53033,-8.9977
-0.15344,-5.7693,-9.1637
-5.8061,-11.119,-8.9437
-0.72691,6.2112,-8.7477
-6.0118,-8.7879,-11.94
-11.941,-2.9027,-11.881
0.072125,-2.8214,-12.167
-6.0606,2.7146,-11.464
-0.99207,-8.6868,-11.919
-6.6072,-3.24,-11.439
5.0325,-2.9677,-11.266
-0.17678,2.9995,-11.544
-2.9939,-11.892,-11.941
-8.9046,-6.1907,-11.5
2.6382,-6.2289,-12.161
-3.1452,0.23759,-11.725
-3.1056,-5.1845,-11.681
-8.8883,-0.11031,-11.313
2.7301,-0.094045,-11.194
-2.9211,5.6576,-11.958
-0.52114,-11.367,-2.948
-6.7833,-5.5374,-2.614
5.2241,-5.3132,-2.816
-0.55932,0.70781,-2.97
-11.988,-0.79691,3.069
-5.9666,-5.9241,-8.625
5.427,-5.8937,2.947
-0.23617,-0.53033,2.838
-0.59326,-6.0408,-3.149
-6.4573,-0.40729,-2.592
4.8713,-0.52114,-2.925
-0.33093,5.3811,-3.058
-0.15344,-5.7693,2.672
-6.2841,0.34436,-8.262
-5.8061,-11.119,2.892
-0.72691,6.2112,3.088
-5.8704,-8.6833,-5.636
-11.635,-2.9918,-5.445
-0.43134,-2.9515,-5.482
-6.3689,2.7061,-5.244
-6.0118,-8.7879,-0.104
-11.941,-2.9027,-0.045
0.072125,-2.8214,-0.331
-6.0606,2.7146,0.372
-0.84711,-8.5857,-6.734
-6.6602,-2.938,-6.165
5.5006,-3.1021,-5.894
-0.24112,2.6835,-6.104
-0.99207,-8.6868,-0.083
-6.6072,-3.24,0.397
5.0325,-2.9677,0.57
-0.17678,2.9995,0.292
-3.2661,-11.594,-6.106
-8.9018,-6.0634,-5.693
2.6,-5.9772,-5.853
-3.0314,-0.13364,-6.105
-2.9939,-11.892,-0.105
-8.9046,-6.1907,0.336
2.6382,-6.2289,-0.325
-3.1452,0.23759,0.111
-3.1113,-5.5989,-5.635
-8.9258,-0.051619,-5.839
2.5541,-0.056569,-6.609
-3.2704,5.5996,-5.482
-3.1056,-5.1845,0.155
-8.8883,-0.11031,0.523
2.7301,-0.094045,0.642
-2.9211,5.6576,-0.122
-0.52114,-11.367,8.8877
-6.7833,-5.5374,9.2217
5.2241,-5.3132,9.0197
-0.55932,0.70781,8.8657
-5.9666,-5.9241,3.2107
-0.59326,-6.0408,8.6867
-6.4573,-0.40729,9.2437
4.8713,-0.52114,8.9107
-0.33093,5.3811,8.7777
-6.2841,0.34436,3.5737
-5.8704,-8.6833,6.1997
-11.635,-2.9918,6.3907
-0.43134,-2.9515,6.3537
-6.3689,2.7061,6.5917
-6.0118,-8.7879,11.732
-11.941,-2.9027,11.791
0.072125,-2.8214,11.505
-6.0606,2.7146,12.208
-0.84711,-8.5857,5.1017
-6.6602,-2.938,5.6707
5.5006,-3.1021,5.9417
-0.24112,2.6835,5.7317
-0.99207,-8.6868,11.753
-6.6072,-3.24,12.233
5.0325,-2.9677,12.406
-0.17678,2.9995,12.128
-3.2661,-11.594,5.7297
-8.9018,-6.0634,6.1427
2.6,-5.9772,5.9827
-3.0314,-0.13364,5.7307
-2.9939,-11.892,11.731
-8.9046,-6.1907,12.172
2.6382,-6.2289,11.511
-3.1452,0.23759,11.947
-3.1113,-5.5989,6.2007
-8.9258,-0.051619,5.9967
2.5541,-0.056569,5.2267
-3.2704,5.5996,6.3537
-3.1056,-5.1845,11.991
-8.8883,-0.11031,12.359
2.7301,-0.094045,12.478
-2.9211,5.6576,11.714
-6.0702,5.6035,-9.1249
-11.733,10.967,-9.2339
-11.651,5.7279,-9.3999
-11.425,8.6759,-12.403
-12.489,2.8104,-12.155
-6.4647,8.5295,-11.502
-8.859,5.2683,-12.397
-8.7671,11.403,-11.43
-12.018,0.13048,-3.1842
-6.2731,6.184,-3.0522
-12.057,12.205,-3.2062
-6.0702,5.6035,2.7108
-11.733,10.967,2.6018
-12.09,5.4564,-3.3852
-6.626,10.976,-3.1612
-11.651,5.7279,2.4358
-11.929,8.5458,-5.7182
-11.425,8.6759,-0.56724
-12.344,2.9115,-6.9702
-5.9966,8.3951,-6.1302
-12.489,2.8104,-0.31924
-6.4647,8.5295,0.33376
-8.8972,5.52,-6.0892
-8.859,5.2683,-0.56124
-8.9432,11.441,-6.8452
-8.7671,11.403,0.40576
-12.018,0.13048,8.6514
-6.2731,6.184,8.7834
-12.057,12.205,8.6294
-12.09,5.4564,8.4504
-6.626,10.976,8.6744
-11.929,8.5458,6.1174
-11.425,8.6759,11.268
-12.344,2.9115,4.8654
-5.9966,8.3951,5.7054
-12.489,2.8104,11.516
-6.4647,8.5295,12.169
-8.8972,5.52,5.7464
-8.859,5.2683,11.274
-8.9432,11.441,4.9904
-8.7671,11.403,12.241
11.042,-0.83165,-8.2934
11.088,-2.9374,-11.407
11.042,-0.83165,3.5423
11.394,-3.0265,-4.9717
11.088,-2.9374,0.4283
11.394,-3.0265,6.864
11.088,-2.9374,12.264
-0.45551,10.666,-8.5296
11.296,10.932,-8.7606
11.379,5.6932,-8.9266
5.726,0.34322,-8.7066
5.5202,2.6746,-11.703
-0.40884,8.5598,-11.644
11.604,8.6411,-11.93
10.54,2.7757,-11.682
4.9249,8.2225,-11.202
8.5382,-0.42964,-11.704
2.6275,5.2718,-11.263
8.3869,11.7,-11.488
8.4265,6.278,-11.444
2.6437,11.352,-11.076
11.011,0.095737,-2.7109
4.7488,5.9251,-2.3769
10.973,12.17,-2.7329
-0.45551,10.666,3.3061
5.5655,5.5383,-8.3879
11.296,10.932,3.0751
10.939,5.4217,-2.9119
5.0748,11.055,-2.3549
11.379,5.6932,2.9091
5.248,11.807,-8.0249
5.726,0.34322,3.1291
5.6617,2.7792,-5.3989
-0.10337,8.4707,-5.2079
11.101,8.511,-5.2449
5.5202,2.6746,0.13306
-0.40884,8.5598,0.19206
11.604,8.6411,-0.093942
10.685,2.8768,-6.4969
4.8718,8.5244,-5.9279
10.54,2.7757,0.15406
4.9249,8.2225,0.63406
8.2659,-0.13195,-5.8689
2.6303,5.399,-5.4559
8.5007,11.329,-5.8679
8.5382,-0.42964,0.13206
2.6275,5.2718,0.57306
8.3869,11.7,0.34806
8.4208,5.8636,-5.3979
2.6063,11.411,-5.6019
8.4265,6.278,0.39206
2.6437,11.352,0.76006
11.011,0.095737,9.1247
4.7488,5.9251,9.4587
10.973,12.17,9.1027
5.5655,5.5383,3.4477
10.939,5.4217,8.9237
5.0748,11.055,9.4807
5.248,11.807,3.8107
5.6617,2.7792,6.4367
-0.10337,8.4707,6.6277
11.101,8.511,6.5907
5.5202,2.6746,11.969
-0.40884,8.5598,12.028
11.604,8.6411,11.742
10.685,2.8768,5.3387
4.8718,8.5244,5.9077
10.54,2.7757,11.99
4.9249,8.2225,12.47
8.2659,-0.13195,5.9667
2.6303,5.399,6.3797
8.5007,11.329,5.9677
8.5382,-0.42964,11.968
2.6275,5.2718,12.409
8.3869,11.7,12.184
8.4208,5.8636,6.4377
2.6063,11.411,6.2337
8.4265,6.278,12.228
2.6437,11.352,12.596
-5.7712,11.84,-8.9428
-2.959,11.068,-11.94
-0.48629,11.593,-2.9472
-5.7712,11.84,2.8928
-3.2313,11.365,-6.1052
-2.959,11.068,-0.10418
-0.48629,11.593,8.8885
-3.2313,11.365,5.7305
-2.959,11.068,11.731
0,0,0
5.6689,-0.11809,-0.191
-0.37123,0.092631,-5.721
-0.2192,5.7672,0.401
-0.3684,-5.8867,0.136
-5.9482,-0.097581,0.211
-0.37123,0.092631,6.1147
5.3471,0.12021,-5.699
5.6892,5.631,0.62206
-5.7,-0.2284,-5.711
-0.54801,5.5699,-5.844
5.5091,-5.9362,0.337
5.3471,0.12021,6.1367
-5.9882,5.5611,0.10076
-0.54801,5.5699,5.9917
-5.8428,-5.8315,0.385
-0.51195,-5.8732,-5.834
-5.7,-0.2284,6.1247
-0.51195,-5.8732,6.0017
5.4269,5.5949,-5.3899
5.4058,-5.857,-5.419
-6.0914,5.6403,-5.6552
5.4269,5.5949,6.4457
-6.1052,-5.8676,-5.627
5.4058,-5.857,6.4167
-6.0914,5.6403,6.1804
-6.1052,-5.8676,6.2087
-0.1893,11.314,0.39782
11.308,-0.18286,0.63406
-0.22415,-11.645,0.397
-11.721,-0.14812,0.16076
0,0,-11.836
0,0,11.836
11.164,5.5758,0.37306
11.421,-0.17687,-5.1797
-0.076503,11.32,-5.4159
11.278,-5.7301,0.63724
5.5839,11.365,0.44806
-5.8283,11.379,-0.42724
-0.2192,5.7672,-11.435
-0.11135,-11.639,-5.4168
5.549,-11.595,0.44724
-11.609,-0.14213,-5.653
5.6689,-0.11809,11.645
-5.8632,-11.581,-0.42806
-0.076503,11.32,6.4197
-5.9482,-0.097581,-11.625
-11.751,-5.6953,0.16394
-0.3684,-5.8867,-11.7
-11.866,5.6106,-0.10024
-11.609,-0.14213,6.1827
11.421,-0.17687,6.656
-0.11135,-11.639,6.4189
5.6689,-0.11809,-12.027
-0.3684,-5.8867,11.972
-5.9482,-0.097581,12.047
-0.2192,5.7672,12.237
11.02,5.5892,-5.5969
10.949,-5.9273,-5.6078
5.6892,5.631,-11.214
5.8321,11.234,-5.4739
11.02,5.5892,6.2387
10.949,-5.9273,6.2279
5.5091,-5.9362,-11.499
-5.8428,-5.8315,-11.451
5.8321,11.234,6.3617
5.7972,-11.726,-5.4748
-6.1849,-11.342,5.8996
-6.1849,-11.342,-5.9361
-5.9882,5.5611,-11.735
-6.1501,11.617,5.9004
-6.1501,11.617,-5.9352
-12.009,5.624,5.7654
-5.9882,5.5611,11.936
5.7972,-11.726,6.3609
-12.009,5.624,-6.0702
5.5091,-5.9362,12.173
-12.08,-5.8926,5.7546
-5.8428,-5.8315,12.221
-12.08,-5.8926,-6.0811
5.6892,5.631,12.458
11.308,-0.18286,-11.202
-0.1893,11.314,-11.438
11.497,-11.497,0.23624
-11.497,11.497,-0.23624
-11.532,-11.462,-0.23706
11.532,11.462,0.23706
-0.22415,-11.645,-11.439
-11.721,-0.14812,-11.675
-0.1893,11.314,12.233
-11.721,-0.14812,11.996
11.308,-0.18286,12.47
11.126,-11.405,-5.4848
-0.22415,-11.645,12.233
11.278,-5.7301,-11.198
11.164,5.5758,-11.463
11.161,11.555,-5.4839
5.5839,11.365,-11.388
-5.8283,11.379,11.408
11.126,-11.405,6.3509
5.549,-11.595,-11.388
11.161,11.555,6.3517
-5.8632,-11.581,11.408
11.164,5.5758,12.209
-11.903,-11.37,5.8776
-11.903,-11.37,-5.9581
-11.751,-5.6953,-11.672
-11.868,11.59,5.8784
-11.866,5.6106,11.735
-11.868,11.59,-5.9572
5.5839,11.365,12.284
-5.8283,11.379,-12.263
-11.751,-5.6953,12
-11.866,5.6106,-11.936
11.278,-5.7301,12.473
5.549,-11.595,12.283
-5.8632,-11.581,-12.264
-11.532,-11.462,11.599
11.532,11.462,-11.599
11.497,-11.497,-11.599
-11.497,11.497,11.599
11.497,-11.497,12.072
-11.497,11.497,-12.072
-11.532,-11.462,-12.073
11.532,11.462,12.073
