-9.897,-9.4205,-4.0098
-3.0451,-9.7995,-10.482
-9.6099,-3.5939,-9.8018
-9.4048,-9.3059,-10.206
-9.8974,-9.4191,9.1675
-3.0455,-9.7981,2.6955
-9.6103,-3.5926,3.3755
-9.4053,-9.3046,2.9715
9.843,-9.3546,-3.0753
10.115,-2.8796,-3.3883
9.6867,-9.8602,-9.6773
9.8426,-9.3533,10.102
10.115,-2.8783,9.7889
9.6863,-9.8589,3.4999
-2.7636,-9.5239,-4.0702
-9.1205,-2.8955,-3.1812
3.4497,-3.2851,-3.9642
-2.7594,3.2493,-3.0772
3.2043,-8.8918,-3.4072
-3.4008,-2.8566,-3.7412
-2.4872,9.7242,-3.3902
2.7772,3.2521,-4.0102
2.9392,-3.8494,-10.154
-2.9157,2.7437,-9.6792
9.6291,2.8731,-10.482
3.0643,9.0786,-9.8022
2.93,-9.3882,-10.214
-3.6334,-2.5801,-10.382
9.1645,-3.2045,-9.8742
3.2694,3.3666,-10.206
-2.7641,-9.5226,9.107
-9.121,-2.8942,9.996
3.4493,-3.2838,9.213
-2.7598,3.2506,10.1
3.2039,-8.8905,9.77
-3.4012,-2.8553,9.436
-2.4876,9.7255,9.787
2.7768,3.2534,9.167
2.9387,-3.8481,3.023
-2.9161,2.745,3.498
9.6287,2.8744,2.695
3.0639,9.08,3.375
2.9295,-9.3868,2.963
-3.6338,-2.5788,2.795
9.1641,-3.2032,3.303
3.269,3.3679,2.971
-9.1527,9.3187,-3.9661
-9.3981,3.7121,-3.4091
-9.6632,8.7545,-10.156
-9.6724,3.2157,-10.216
-3.4379,9.3993,-9.8761
-9.1531,9.32,9.2111
-9.3985,3.7134,9.7681
-9.6637,8.7558,3.0211
-9.6729,3.217,2.9611
-3.4383,9.4007,3.3011
9.9106,3.1486,-4.0707
3.5537,9.777,-3.1817
9.2735,9.8159,-3.7417
9.0408,10.092,-10.383
9.9101,3.1499,9.1065
3.5532,9.7783,9.9955
9.273,9.8172,9.4355
9.0404,10.094,2.7945
-3.7536,-9.5689,-2.9538
-10.066,-3.1307,-2.0398
-9.6495,-9.8617,-2.6058
-8.0168,-9.2967,-9.6528
-3.7541,-9.5676,10.223
-10.066,-3.1294,11.137
-9.6499,-9.8604,10.571
-8.0172,-9.2954,3.5245
8.7208,-9.2803,-2.0873
3.2506,-10.143,-2.5933
9.7673,-3.6857,-2.1773
9.5199,-8.6751,-8.7843
3.7308,-9.4211,-8.9493
10.361,-3.2367,-8.9703
8.7204,-9.279,11.09
3.2502,-10.142,10.584
9.7669,-3.6844,11
9.5194,-8.6737,4.3929
3.7303,-9.4197,4.2279
10.36,-3.2354,4.2069
2.3388,-3.085,-2.9862
-3.8816,3.3235,-2.0892
8.9206,3.1036,-2.9542
2.6082,9.5418,-2.0402
-3.3053,-4.2107,-3.1122
-9.3518,2.4608,-2.5952
3.0247,2.8108,-2.6062
-2.8351,8.9181,-2.1792
-3.2968,-8.8762,-9.3352
-9.4112,-2.3928,-8.9352
3.0148,-2.3892,-9.8302
-3.0826,3.9288,-8.7862
-2.3853,-2.9372,-9.6382
-8.8716,3.1828,-8.9512
4.6574,3.3758,-9.6532
-2.2418,9.3671,-8.9722
2.3384,-3.0837,10.191
-3.882,3.3248,11.088
8.9202,3.1049,10.223
2.6078,9.5431,11.137
-3.3057,-4.2094,10.065
-9.3522,2.4621,10.582
3.0243,2.8122,10.571
-2.8355,8.9194,10.998
-3.2972,-8.8749,3.842
-9.4116,-2.3914,4.242
3.0144,-2.3879,3.347
-3.083,3.9301,4.391
-2.3858,-2.9359,3.539
-8.8721,3.1841,4.226
4.657,3.3771,3.524
-2.2422,9.3685,4.205
-10.264,9.5188,-2.9881
-9.5876,10.215,-9.8321
-10.264,9.5202,10.189
-9.588,10.216,3.3451
9.3689,8.4618,-3.1127
9.3774,3.7963,-9.3357
3.2631,10.28,-8.9357
10.289,9.7353,-9.6387
9.3685,8.4631,10.065
9.377,3.7976,3.8415
3.2626,10.281,4.2415
10.288,9.7366,3.5385
0.079946,-13.217,-9.4249
0.079513,-13.216,3.7524
-3.2115,-12.448,-13.964
-12.744,-13.095,-10.175
-12.522,-0.61344,-9.4268
-6.8932,-11.826,-3.5928
-12.329,-5.9415,-2.8778
-6.3968,-7.1337,-3.5138
-11.867,-12.734,-3.4518
-6.1875,-12.431,-10.135
-12.957,-6.3665,-9.4698
-9.5986,-13.353,-12.978
-3.212,-12.447,-0.78676
-9.3341,-5.9542,-12.896
-12.045,-9.453,-12.912
-5.6211,-9.6998,-6.8278
-11.716,-3.1392,-6.0448
-6.9971,-9.3759,-13.432
-13.104,-3.1406,-12.77
-13.268,-9.3738,-6.0638
-9.3511,-12.123,-7.1348
-3.1802,-13.511,-6.2078
-9.1863,-7.0651,-7.2428
-12.744,-13.093,3.0025
-12.523,-0.61212,3.7505
-6.8936,-11.825,9.5845
-12.33,-5.9402,10.299
-6.3972,-7.1324,9.6635
-11.867,-12.733,9.7255
-6.1879,-12.43,3.0425
-12.957,-6.3651,3.7075
-9.599,-13.352,0.19946
-3.2124,-12.446,12.39
-9.3345,-5.9529,0.28146
-12.046,-9.4517,0.26546
-5.6215,-9.6984,6.3495
-11.717,-3.1379,7.1325
-6.9976,-9.3746,-0.25454
-13.104,-3.1393,0.40746
-13.269,-9.3725,7.1135
-9.3515,-12.122,6.0425
-3.1806,-13.51,6.9695
-9.1868,-7.0638,5.9345
-9.5994,-13.351,13.377
-9.335,-5.9516,13.459
-12.046,-9.4503,13.443
-6.998,-9.3733,12.923
-13.105,-3.138,13.585
12.533,-13.026,-10.173
6.4362,-7.0098,-9.5093
12.754,-0.54475,-9.4253
6.2261,-11.874,-2.9233
12.947,-5.8728,-2.8763
0.51343,-12.671,-2.9933
13.41,-12.665,-3.4503
6.7607,-6.5156,-3.0713
5.9405,-12.471,-9.7023
12.32,-6.2978,-9.4683
3.0852,-13.015,-12.811
9.4548,-6.6018,-12.777
9.4958,-11.997,-13.375
13.231,-9.3843,-12.91
6.7487,-9.4423,-6.1963
13.56,-3.0705,-6.0433
5.5544,-9.2605,-12.992
12.173,-3.0719,-12.768
12.008,-9.3051,-6.0623
3.0548,-11.865,-6.3753
9.8395,-5.6656,-5.9593
9.5319,-12.865,-6.7753
12.532,-13.025,3.0039
6.4357,-7.0085,3.6679
12.754,-0.54343,3.7519
6.2257,-11.873,10.254
12.947,-5.8715,10.301
0.513,-12.67,10.184
13.409,-12.664,9.7269
6.7603,-6.5142,10.106
5.94,-12.469,3.4749
12.32,-6.2965,3.7089
3.0847,-13.014,0.3659
9.4544,-6.6005,0.3999
9.4954,-11.996,-0.1981
13.231,-9.383,0.2669
6.7483,-9.441,6.9809
13.56,-3.0692,7.1339
5.554,-9.2592,0.1849
12.172,-3.0706,0.4089
12.008,-9.3038,7.1149
3.0543,-11.864,6.8019
9.839,-5.6643,7.2179
9.5314,-12.863,6.4019
3.0843,-13.013,13.543
9.4539,-6.5992,13.577
9.4949,-11.994,12.979
13.231,-9.3817,13.444
5.5535,-9.2579,13.362
12.172,-3.0693,13.586
-3.1281,-6.9061,-13.832
3.0075,-5.7613,-13.817
9.4627,0.22435,-13.964
-5.9035,-3.0305,-13.745
-1.1107,-3.2737,-13.452
-0.06957,-0.42204,-10.175
-6.1662,5.594,-9.5112
-5.8919,-6.3391,-10.089
0.15175,12.059,-9.4272
-0.12967,-5.6949,-3.5142
-6.3763,0.72983,-2.9252
5.781,0.84651,-3.5932
0.34479,6.731,-2.8782
6.2774,5.5389,-3.5142
-12.089,-0.067077,-2.9952
0.80724,-0.06142,-3.4522
-5.8417,6.0883,-3.0732
-0.73637,-6.4119,-10.198
-6.6619,0.13303,-9.7042
6.4867,0.24122,-10.135
-0.28241,6.3061,-9.4702
-3.1285,-6.9048,-0.65522
-9.5172,-0.41144,-12.813
3.0756,-0.68085,-12.978
-3.1476,6.002,-12.779
3.0071,-5.76,-0.64022
-3.1066,0.6068,-13.377
9.4622,0.22567,-0.78722
3.3401,6.7183,-12.896
0.70471,-9.3153,-13.222
-5.9039,-3.0291,-0.56822
6.9018,-3.0716,-12.988
0.62905,3.2196,-12.912
0.57814,-3.0044,-6.9552
-5.8537,3.1616,-6.1982
7.0531,2.9728,-6.8282
0.95786,9.5333,-6.0452
-1.1111,-3.2724,-0.27522
-7.048,3.3433,-12.994
5.6771,3.2966,-13.432
-0.42949,9.5319,-12.77
-0.46343,-9.321,-7.1622
-6.7383,-3.2172,-6.5642
5.6573,-3.2653,-7.4462
-0.59424,3.2988,-6.0642
-3.1278,-5.8109,-6.6022
-9.5476,0.73902,-6.3772
3.3231,0.54952,-7.1352
-2.7629,6.9382,-5.9612
3.1859,-6.7634,-6.5382
-3.0705,-0.26082,-6.7772
9.494,-0.83853,-6.2082
3.4879,5.6075,-7.2432
-0.070004,-0.42073,3.002
-6.1667,5.5953,3.666
-5.8923,-6.3378,3.088
0.15132,12.06,3.75
-0.13011,-5.6936,9.663
-6.3767,0.73115,10.252
5.7806,0.84782,9.584
0.34436,6.7324,10.299
6.277,5.5402,9.663
-12.089,-0.065761,10.182
0.80681,-0.060104,9.725
-5.8421,6.0896,10.104
-0.73681,-6.4106,2.979
-6.6624,0.13435,3.473
6.4863,0.24254,3.042
-0.28284,6.3074,3.707
-3.1289,-6.9035,12.522
-9.5177,-0.41012,0.364
3.0752,-0.67953,0.199
-3.148,6.0033,0.398
3.0066,-5.7587,12.537
-3.107,0.60811,-0.2
9.4618,0.22698,12.39
3.3397,6.7196,0.281
0.70428,-9.314,-0.045
-5.9043,-3.0278,12.609
6.9014,-3.0703,0.189
0.62862,3.2209,0.265
0.57771,-3.0031,6.222
-5.8541,3.1629,6.979
7.0527,2.9741,6.349
0.95742,9.5346,7.132
-1.1116,-3.2711,12.902
-7.0484,3.3446,0.183
5.6767,3.2979,-0.255
-0.42992,9.5332,0.407
-0.46386,-9.3197,6.015
-6.7387,-3.2159,6.613
5.6569,-3.264,5.731
-0.59468,3.3001,7.113
-3.1282,-5.8096,6.575
-9.5481,0.74034,6.8
3.3227,0.55084,6.042
-2.7634,6.9395,7.216
3.1855,-6.7621,6.639
-3.071,-0.25951,6.4
9.4936,-0.83721,6.969
3.4875,5.6088,5.934
-9.5181,-0.40881,13.541
3.0748,-0.67821,13.376
-3.1485,6.0047,13.575
-3.1075,0.60943,12.977
3.3392,6.721,13.458
0.70384,-9.3127,13.132
6.9009,-3.0689,13.366
0.62818,3.2222,13.442
-7.0489,3.3459,13.36
5.6762,3.2993,12.922
-0.43035,9.5345,13.584
-9.5949,6.8425,-13.819
-3.1397,12.828,-13.966
-13.713,9.3301,-13.454
-12.672,12.182,-10.177
-12.732,6.9089,-3.5161
-6.8214,13.45,-3.5951
-11.795,12.542,-3.4541
-13.339,6.1919,-10.2
-6.1157,12.845,-10.137
-9.5268,11.923,-12.98
-9.5954,6.8439,-0.64213
-3.1402,12.83,-0.78913
-11.898,3.2885,-13.224
-5.7006,9.5323,-12.99
-12.024,9.5994,-6.9571
-13.714,9.3315,-0.27713
-13.066,3.2829,-7.1641
-6.9451,9.3385,-7.4481
-9.2793,13.153,-7.1371
-9.4165,5.8405,-6.5401
-3.1084,11.765,-6.2101
-12.672,12.183,3.0001
-12.733,6.9102,9.6611
-6.8218,13.452,9.5821
-11.796,12.544,9.7231
-13.339,6.1932,2.9771
-6.1161,12.846,3.0401
-9.5272,11.924,0.1971
-9.5958,6.8452,12.535
-3.1406,12.831,12.388
-11.898,3.2898,-0.046903
-5.701,9.5336,0.1871
-12.025,9.6008,6.2201
-13.714,9.3328,12.9
-13.066,3.2842,6.0131
-6.9455,9.3398,5.7291
-9.2797,13.155,6.0401
-9.4169,5.8418,6.6371
-3.1088,11.767,6.9671
-9.5276,11.926,13.374
-11.899,3.2912,13.13
-5.7015,9.5349,13.364
13.188,0.0016101,-2.9938
13.187,0.002926,10.183
9.5461,5.7664,-13.833
6.7707,9.6421,-13.746
11.564,9.3988,-13.453
12.605,12.25,-10.176
6.7823,6.3334,-10.09
12.545,6.9776,-3.5147
6.298,13.402,-2.9257
0.58524,12.605,-2.9957
13.481,12.611,-3.4527
11.938,6.2606,-10.199
6.0123,12.806,-9.7047
9.5457,5.7677,-0.65568
3.157,12.261,-12.814
9.5676,13.279,-13.378
13.379,3.3572,-13.223
6.7703,9.6434,-0.56868
13.252,9.6681,-6.9557
11.563,9.4001,-0.27568
12.211,3.3516,-7.1627
5.9359,9.4553,-6.5647
9.5464,6.8616,-6.6027
3.1266,13.412,-6.3777
9.6037,12.412,-6.7777
12.604,12.252,3.0015
6.7819,6.3347,3.0875
12.544,6.9789,9.6625
6.2975,13.404,10.252
0.58481,12.607,10.182
13.481,12.612,9.7245
11.937,6.2619,2.9785
6.0119,12.807,3.4725
9.5453,5.7691,12.522
3.1566,12.262,0.36354
9.5672,13.281,-0.20046
13.378,3.3585,-0.045461
6.7699,9.6447,12.609
13.252,9.6695,6.2215
11.563,9.4015,12.902
12.21,3.3529,6.0145
5.9355,9.4566,6.6125
9.546,6.8629,6.5745
3.1261,13.413,6.7995
9.6032,12.413,6.3995
3.1561,12.264,13.541
9.5668,13.282,12.977
13.378,3.3598,13.132
0,0,0
-6.1653,0.1393,0.259
-0.07566,-6.1921,0.004
0.050912,6.3838,0.078
6.4502,-0.011314,-0.079
0.15388,0.3388,-6.5182
0.15344,0.34012,6.659
6.0507,-6.1384,-0.13
-6.2374,-6.1554,0.03
-6.1754,0.12596,-6.4422
0.062933,-6.1737,6.452
0.063366,-6.1751,-6.7252
-6.1759,0.12728,6.735
0.2953,6.5076,-6.4272
6.4368,6.5172,0.029539
6.5108,-0.047278,-6.4952
-6.5517,6.4655,-0.1319
6.5103,-0.045962,6.682
0.29486,6.5089,6.75
6.2494,-6.1278,6.541
6.2498,-6.1291,-6.6362
-6.3084,-6.3254,-6.5768
-6.3088,-6.3241,6.6005
6.3658,6.3471,-6.5772
6.3654,6.3484,6.6
-6.353,6.4761,6.5391
-6.3526,6.4747,-6.6381
-0.028991,-12.42,0.012
-12.631,0.18352,0.010097
12.645,0.2522,0.011539
0.042817,12.856,0.009636
0.00043346,-0.0013159,-13.177
-0.00043346,0.0013159,13.177
-0.086541,-12.324,-6.5342
-0.086974,-12.323,6.643
-6.1522,12.593,-0.080903
6.4371,-12.465,0.2609
12.653,-6.2201,0.079903
-12.623,-6.2888,0.078461
-6.224,-12.684,-0.078539
12.599,6.4804,0.003539
12.588,0.34847,-6.5347
-12.678,6.4117,0.002097
12.587,0.34978,6.6425
-12.689,0.27978,-6.5361
-6.1648,0.13798,-12.918
-12.689,0.2811,6.6411
6.5089,12.812,0.25854
-0.014733,12.952,-6.5366
-0.015166,12.954,6.6406
-0.075227,-6.1935,-13.173
-0.076094,-6.1908,13.181
0.051345,6.3824,-13.099
6.4498,-0.0099978,13.098
0.050478,6.3851,13.255
6.4507,-0.01263,-13.256
-6.1657,0.14062,13.436
-12.379,-6.1649,-6.4268
-12.379,-6.1636,6.7505
-6.0916,12.557,-6.4971
6.427,-12.478,-6.4403
-6.0921,12.558,6.6801
-12.539,6.4301,6.4501
-6.1634,-12.72,-6.4948
6.4265,-12.477,6.7369
-12.539,6.4288,-6.7271
-6.1639,-12.718,6.6825
6.0503,-6.1371,13.047
12.898,-6.0962,-6.4253
12.737,6.4988,6.4515
6.4988,12.798,-6.4427
12.897,-6.0949,6.7519
-6.237,-6.1567,-13.147
12.738,6.4975,-6.7257
-6.2378,-6.154,13.207
6.0511,-6.1397,-13.307
6.4983,12.8,6.7345
-6.5521,6.4668,13.045
6.4373,6.5159,-13.148
6.4364,6.5185,13.207
-6.5513,6.4641,-13.309
12.602,-12.604,0.001903
-12.602,12.604,-0.001903
-12.674,-12.673,0.000461
12.674,12.673,-0.000461
-0.028558,-12.422,-13.165
-0.029425,-12.419,13.189
-12.631,0.1822,-13.167
12.646,0.25089,-13.166
-12.632,0.18483,13.187
12.645,0.25352,13.189
0.04325,12.855,-13.168
0.042383,12.857,13.187
-12.52,-12.334,-6.5178
-12.521,-12.332,6.6595
12.756,-12.265,-6.5163
12.756,-12.264,6.6609
6.4376,-12.466,-12.916
-12.449,12.943,-6.5201
-12.449,12.944,6.6571
-6.1526,12.594,13.096
12.654,-6.2214,-13.097
-12.623,-6.2901,-13.099
-6.2244,-12.683,13.099
-6.1517,12.591,-13.258
6.5094,12.811,-12.919
12.599,6.4791,-13.174
12.598,6.4817,13.181
12.653,-6.2188,13.257
-12.624,-6.2875,13.256
-6.2235,-12.685,-13.256
-12.678,6.4104,-13.175
-12.678,6.413,13.179
12.828,13.011,-6.5187
6.4367,-12.463,13.438
12.828,13.013,6.6585
6.5085,12.813,13.436
-12.603,12.605,13.175
12.603,-12.605,-13.175
12.602,-12.603,13.179
-12.602,12.603,-13.179
-12.675,-12.671,13.178
12.675,12.671,-13.178
-12.674,-12.674,-13.177
12.674,12.674,13.177
