-3.3183,-9.3754,-8.8633
-8.9681,-8.7913,-8.3133
-3.3183,-9.3754,3.184
-8.9681,-8.7913,3.734
-8.961,-8.1026,-2.188
-3.0326,-9.1689,-1.942
-9.3096,-2.9343,-3.504
-8.961,-8.1026,9.8593
-3.0326,-9.1689,10.105
-9.3096,-2.9343,8.5433
9.2767,-9.4732,-8.5573
3.8086,-8.8404,-8.7013
9.2767,-9.4732,3.49
3.8086,-8.8404,3.346
9.1459,-8.5971,-2.263
9.1459,-8.5971,9.7843
2.8496,-3.1551,-8.5793
-2.762,2.5654,-8.5573
8.7398,2.6828,-8.8633
-9.0333,-2.7316,-8.0893
-2.3108,-2.6559,-8.6693
-8.23,3.1982,-8.7013
3.0901,3.2668,-8.3133
9.3161,-2.3808,-8.3403
2.8496,-3.1551,3.468
-2.762,2.5654,3.49
8.7398,2.6828,3.184
-9.0333,-2.7316,3.958
-2.3108,-2.6559,3.378
-8.23,3.1982,3.346
3.0901,3.2668,3.734
9.3161,-2.3808,3.707
2.9246,-8.771,-2.602
-2.9578,-3.2789,-2.246
8.9774,-2.2953,-2.236
3.0971,3.9556,-2.188
9.0255,2.8892,-1.942
2.7485,9.1238,-3.504
3.3694,-2.856,-3.265
-2.8928,3.4415,-2.263
2.9246,-8.771,9.4453
-2.9578,-3.2789,9.8013
8.9774,-2.2953,9.8113
3.0971,3.9556,9.8593
9.0255,2.8892,10.105
2.7485,9.1238,8.5433
3.3694,-2.856,8.7823
-2.8928,3.4415,9.7843
-9.189,8.8835,-8.5793
-2.7225,9.6578,-8.3403
-9.189,8.8835,3.468
-2.7225,9.6578,3.707
-9.114,3.2677,-2.602
-3.0612,9.7434,-2.236
-8.6693,9.1826,-3.265
-9.114,3.2677,9.4453
-3.0612,9.7434,9.8113
-8.6693,9.1826,8.7823
3.0248,9.3266,-8.0893
9.7473,9.4022,-8.6693
3.0248,9.3266,3.958
9.7473,9.4022,3.378
9.1003,8.7793,-2.246
9.1003,8.7793,9.8013
-9.62,-8.9073,-9.6833
-9.62,-8.9073,2.364
-9.7056,-9.2346,-2.833
-9.7056,-9.2346,9.2143
8.5271,-8.2245,-8.9053
8.5271,-8.2245,3.142
3.8235,-8.8835,-3.791
9.0186,-3.5951,-3.032
9.1176,-8.8079,-3.741
3.8235,-8.8835,8.2563
9.0186,-3.5951,9.0153
9.1176,-8.8079,8.3063
-2.6714,-8.6338,-7.7253
-8.6819,-2.7648,-9.5193
2.8383,-1.69,-8.9313
-3.5115,3.8141,-8.9053
2.5852,-8.9407,-9.5723
-3.2909,-2.8808,-9.7553
8.5291,-2.5343,-9.5973
2.4381,3.1509,-9.6833
-2.6714,-8.6338,4.322
-8.6819,-2.7648,2.528
2.8383,-1.69,3.116
-3.5115,3.8141,3.142
2.5852,-8.9407,2.475
-3.2909,-2.8808,2.292
8.5291,-2.5343,2.45
2.4381,3.1509,2.364
-8.2152,3.1551,-3.791
-3.281,-2.6615,-3.584
-3.0201,8.4436,-3.032
2.3525,2.8235,-2.833
-2.5894,-8.2152,-3.003
-8.5659,-1.6801,-3.193
2.9861,-3.235,-1.848
-2.9211,3.2308,-3.741
-8.2152,3.1551,8.2563
-3.281,-2.6615,8.4633
-3.0201,8.4436,9.0153
2.3525,2.8235,9.2143
-2.5894,-8.2152,9.0443
-8.5659,-1.6801,8.8543
2.9861,-3.235,10.199
-2.9211,3.2308,8.3063
-9.2003,10.349,-8.9313
-9.4534,3.098,-9.5723
-3.5095,9.5044,-9.5973
-9.2003,10.349,3.116
-9.4534,3.098,2.475
-3.5095,9.5044,2.45
-9.0525,8.8036,-1.848
-9.0525,8.8036,10.199
9.3867,3.4243,-7.7253
3.3763,9.2933,-9.5193
8.7672,9.1774,-9.7553
9.3867,3.4243,4.322
3.3763,9.2933,2.528
8.7672,9.1774,2.292
8.7771,9.3966,-3.584
9.4687,3.843,-3.003
3.4922,10.378,-3.193
8.7771,9.3966,8.4633
9.4687,3.843,9.0443
3.4922,10.378,8.8543
-6.2521,-12.538,-8.5623
-12.149,-7.0426,-8.7813
-12.213,-11.827,-8.4963
-5.8851,-8.681,-11.58
-11.941,-2.5984,-10.916
-5.359,-8.8422,-5.9393
-12.016,-9.1477,-12.474
-3.1153,-11.953,-11.477
-9.0656,-5.755,-11.23
-9.1144,-11.521,-11.926
-11.97,-13.335,-2.729
-6.2521,-12.538,3.485
-12.149,-7.0426,3.266
-12.213,-11.827,3.551
-6.9274,-11.419,-2.614
-11.988,-5.3922,-2.533
-9.0494,-11.547,-5.887
-2.8686,-11.461,-5.546
-8.5961,-5.977,-5.677
-11.556,-8.7107,-5.431
-5.8851,-8.681,0.467
-11.941,-2.5984,1.131
-5.359,-8.8422,6.108
-12.259,-2.5178,-5.8
-12.016,-9.1477,-0.427
-3.1153,-11.953,0.57
-9.0656,-5.755,0.817
-9.1144,-11.521,0.121
-11.97,-13.335,9.3183
-6.9274,-11.419,9.4333
-11.988,-5.3922,9.5143
-9.0494,-11.547,6.1603
-2.8686,-11.461,6.5013
-8.5961,-5.977,6.3703
-11.556,-8.7107,6.6163
-5.8851,-8.681,12.514
-11.941,-2.5984,13.178
-12.259,-2.5178,6.2473
-12.016,-9.1477,11.62
-3.1153,-11.953,12.617
-9.0656,-5.755,12.864
-9.1144,-11.521,12.168
6.2955,-12,-8.7353
11.947,-7.0231,-8.7813
11.884,-11.807,-8.4963
3.064,-11.685,-5.9563
6.2354,-8.7174,-11.496
12.156,-2.579,-10.916
6.5048,-8.5738,-6.0543
12.081,-9.1282,-12.474
9.1034,-12.339,-11.876
2.9756,-11.871,-11.7
8.9754,-5.3961,-11.776
0.78432,-11.739,-2.605
12.126,-13.316,-2.729
6.5656,-6.3535,-2.84
6.2955,-12,3.312
11.947,-7.0231,3.266
11.884,-11.807,3.551
6.2863,-11.069,-2.766
12.109,-5.3727,-2.533
3.064,-11.685,6.091
9.4987,-6.0169,-5.771
8.9486,-11.827,-5.874
12.541,-8.6912,-5.431
6.2354,-8.7174,0.551
12.156,-2.579,1.131
6.5048,-8.5738,5.993
11.838,-2.4983,-5.8
12.081,-9.1282,-0.427
9.1034,-12.339,0.171
2.9756,-11.871,0.347
8.9754,-5.3961,0.271
0.78432,-11.739,9.4423
12.126,-13.316,9.3183
6.5656,-6.3535,9.2073
6.2863,-11.069,9.2813
12.109,-5.3727,9.5143
9.4987,-6.0169,6.2763
8.9486,-11.827,6.1733
12.541,-8.6912,6.6163
6.2354,-8.7174,12.598
12.156,-2.579,13.178
11.838,-2.4983,6.2473
12.081,-9.1282,11.62
9.1034,-12.339,12.218
2.9756,-11.871,12.394
8.9754,-5.3961,12.318
0.23547,-6.7324,-8.6783
-5.7431,0.038184,-8.7353
5.8061,-0.48013,-8.5623
-0.091217,5.0155,-8.7813
0.11455,-10.796,-8.7433
-6.1858,-4.8211,-8.9493
6.6213,-5.1081,-8.7223
-0.15486,0.23122,-8.4963
-2.535,-5.5798,-5.9563
-8.9746,0.35355,-5.9563
0.61165,-2.8178,-11.294
-5.8032,3.3213,-11.496
6.173,3.3771,-11.58
0.11738,9.4597,-10.916
0.31891,-2.6962,-5.9883
-5.5338,3.4648,-6.0543
6.6991,3.2159,-5.9393
-0.25809,-8.6529,-12.147
-6.1886,-2.6644,-12.43
5.5642,-2.6891,-12.127
0.042426,2.9105,-12.474
3.281,-5.8662,-11.87
-2.9352,-0.30052,-11.876
8.9428,0.10536,-11.477
2.9925,6.3031,-11.23
-3.0434,-5.8237,-11.322
-9.063,0.16758,-11.7
2.9437,0.53669,-11.926
-3.0632,6.6426,-11.776
-5.2892,-6.0033,-2.836
-11.254,0.29981,-2.605
0.087681,-1.277,-2.729
-5.473,5.6851,-2.84
0.23547,-6.7324,3.369
-5.7431,0.038184,3.312
5.8061,-0.48013,3.485
-0.091217,5.0155,3.266
0.11455,-10.796,3.304
-6.1858,-4.8211,3.098
6.6213,-5.1081,3.325
-0.15486,0.23122,3.551
0.33446,-5.4709,-2.606
-5.7523,0.96944,-2.766
5.1308,0.63922,-2.614
0.070004,6.6659,-2.533
-2.535,-5.5798,6.091
-8.9746,0.35355,6.091
3.0087,0.51124,-5.887
-2.5399,6.0217,-5.771
3.3814,-5.8237,-5.423
-3.0901,0.21213,-5.874
9.1896,0.5968,-5.546
3.462,6.0811,-5.677
0.091217,-8.6925,-5.09
-6.0083,-2.6142,-5.302
6.8031,-2.7316,-5.404
0.50205,3.3474,-5.431
0.61165,-2.8178,0.753
-5.8032,3.3213,0.551
6.173,3.3771,0.467
0.11738,9.4597,1.131
0.31891,-2.6962,6.059
-5.5338,3.4648,5.993
6.6991,3.2159,6.108
-0.20082,9.5403,-5.8
-0.25809,-8.6529,-0.1
-6.1886,-2.6644,-0.383
5.5642,-2.6891,-0.08
0.042426,2.9105,-0.427
3.281,-5.8662,0.177
-2.9352,-0.30052,0.171
8.9428,0.10536,0.57
2.9925,6.3031,0.817
-3.0434,-5.8237,0.725
-9.063,0.16758,0.347
2.9437,0.53669,0.121
-3.0632,6.6426,0.271
-5.2892,-6.0033,9.2113
-11.254,0.29981,9.4423
0.087681,-1.277,9.3183
-5.473,5.6851,9.2073
0.33446,-5.4709,9.4413
-5.7523,0.96944,9.2813
5.1308,0.63922,9.4333
0.070004,6.6659,9.5143
3.0087,0.51124,6.1603
-2.5399,6.0217,6.2763
3.3814,-5.8237,6.6243
-3.0901,0.21213,6.1733
9.1896,0.5968,6.5013
3.462,6.0811,6.3703
0.091217,-8.6925,6.9573
-6.0083,-2.6142,6.7453
6.8031,-2.7316,6.6433
0.50205,3.3474,6.6163
0.61165,-2.8178,12.8
-5.8032,3.3213,12.598
6.173,3.3771,12.514
0.11738,9.4597,13.178
-0.20082,9.5403,6.2473
-0.25809,-8.6529,11.947
-6.1886,-2.6644,11.664
5.5642,-2.6891,11.967
0.042426,2.9105,11.62
3.281,-5.8662,12.224
-2.9352,-0.30052,12.218
8.9428,0.10536,12.617
2.9925,6.3031,12.864
-3.0434,-5.8237,12.772
-9.063,0.16758,12.394
2.9437,0.53669,12.168
-3.0632,6.6426,12.318
-11.803,5.3063,-8.6783
-6.2326,11.559,-8.5623
-11.924,1.2425,-8.7433
-5.4173,6.9305,-8.7223
-12.193,12.27,-8.4963
-11.427,9.2208,-11.294
-11.72,9.3424,-5.9883
-12.297,3.3858,-12.147
-6.4744,9.3495,-12.127
-8.7577,6.1725,-11.87
-3.0959,12.144,-11.477
-9.0949,12.575,-11.926
-11.951,10.762,-2.729
-11.803,5.3063,3.369
-6.2326,11.559,3.485
-11.924,1.2425,3.304
-5.4173,6.9305,3.325
-12.193,12.27,3.551
-11.704,6.5677,-2.606
-6.9079,12.678,-2.614
-9.0299,12.55,-5.887
-8.6572,6.2149,-5.423
-2.8491,12.635,-5.546
-11.947,3.3462,-5.09
-5.2356,9.3071,-5.404
-11.427,9.2208,0.753
-11.72,9.3424,6.059
-12.297,3.3858,-0.1
-6.4744,9.3495,-0.08
-8.7577,6.1725,0.177
-3.0959,12.144,0.57
-9.0949,12.575,0.121
-11.951,10.762,9.3183
-11.704,6.5677,9.4413
-6.9079,12.678,9.4333
-9.0299,12.55,6.1603
-8.6572,6.2149,6.6243
-2.8491,12.635,6.5013
-11.947,3.3462,6.9573
-5.2356,9.3071,6.6433
-11.427,9.2208,12.8
-12.297,3.3858,11.947
-6.4744,9.3495,11.967
-8.7577,6.1725,12.224
-3.0959,12.144,12.617
-9.0949,12.575,12.168
12.842,0.3193,-2.605
12.842,0.3193,9.4423
12.294,5.3258,-8.6783
6.315,12.096,-8.7353
12.173,1.262,-8.7433
5.8724,7.2371,-8.9493
11.903,12.289,-8.4963
9.5231,6.4783,-5.9563
3.0835,12.412,-5.9563
12.67,9.2403,-11.294
12.377,9.3619,-5.9883
11.8,3.4053,-12.147
5.8695,9.3937,-12.43
9.1229,11.758,-11.876
9.0147,6.2344,-11.322
2.9951,12.226,-11.7
6.769,6.0548,-2.836
0.80381,12.358,-2.605
12.146,10.781,-2.729
12.294,5.3258,3.369
6.315,12.096,3.312
12.173,1.262,3.304
5.8724,7.2371,3.098
11.903,12.289,3.551
12.393,6.5872,-2.606
6.3058,13.028,-2.766
9.5231,6.4783,6.091
3.0835,12.412,6.091
8.9681,12.27,-5.874
12.149,3.3657,-5.09
6.0498,9.4439,-5.302
12.67,9.2403,0.753
12.377,9.3619,6.059
11.8,3.4053,-0.1
5.8695,9.3937,-0.383
9.1229,11.758,0.171
9.0147,6.2344,0.725
2.9951,12.226,0.347
6.769,6.0548,9.2113
0.80381,12.358,9.4423
12.146,10.781,9.3183
12.393,6.5872,9.4413
6.3058,13.028,9.2813
8.9681,12.27,6.1733
12.149,3.3657,6.9573
6.0498,9.4439,6.7453
12.67,9.2403,12.8
11.8,3.4053,11.947
5.8695,9.3937,11.664
9.1229,11.758,12.218
9.0147,6.2344,12.772
2.9951,12.226,12.394
0.13404,13.301,-8.7433
0.13404,13.301,3.304
0,0,0
-0.02687,0.035355,-5.443
0.055154,-5.9086,0.401
5.9277,0.3585,0.556
-6.0118,0.23759,0.079
-0.038184,6.173,0.263
-0.02687,0.035355,6.6043
6.0458,0.4978,-5.235
-5.9489,-5.4737,0.332
0.28072,-5.8358,-5.652
6.1547,-5.6314,0.286
-5.9864,0.46103,-5.9573
0.24678,6.3251,-5.688
-5.9864,0.46103,6.09
0.28072,-5.8358,6.3953
-5.884,6.4072,0.286
0.24678,6.3251,6.3593
6.1092,6.5844,0.332
6.0458,0.4978,6.8123
-5.9956,-5.4709,-5.643
6.3498,-5.4377,-5.658
-5.9956,-5.4709,6.4043
-5.6888,6.601,-5.658
6.3498,-5.4377,6.3893
6.0626,6.5872,-5.643
-5.6888,6.601,6.3893
6.0626,6.5872,6.4043
-0.088217,-11.765,0.586
11.97,0.29274,0.586
0,0,-12.047
0,0,12.047
-12.127,0.27325,0.586
-0.068729,12.331,0.586
-0.059397,-11.585,-5.477
5.9277,0.3585,-11.491
0.055154,-5.9086,-11.646
11.999,0.47288,-5.477
-6.1304,-11.7,0.556
6.0268,-11.801,0.079
-12.098,0.45339,-5.477
-0.038184,6.173,-11.784
-0.059397,-11.585,6.5703
12,-5.8656,0.263
-6.0118,0.23759,-11.968
-12.096,-5.8851,0.263
-11.983,6.13,0.401
-6.0118,0.23759,12.126
12.113,6.1495,0.401
-0.039908,12.512,-5.477
11.999,0.47288,6.5703
6.0463,12.296,0.079
-0.038184,6.173,12.31
-12.098,0.45339,6.5703
0.055154,-5.9086,12.448
-6.111,12.397,0.556
5.9277,0.3585,12.603
-6.0124,-11.56,-5.235
-0.039908,12.512,6.5703
-5.9489,-5.4737,-11.715
-11.811,-5.7331,-5.688
6.0523,-11.578,-5.9573
6.0523,-11.578,6.09
6.1547,-5.6314,-11.761
-11.758,6.2029,-5.652
-11.811,-5.7331,6.3593
-5.884,6.4072,-11.761
12.285,-5.7136,-5.688
-6.0124,-11.56,6.8123
-11.758,6.2029,6.3953
6.1092,6.5844,-11.715
-5.9489,-5.4737,12.379
-5.9929,12.536,-5.235
6.1547,-5.6314,12.333
12.339,6.2224,-5.652
12.285,-5.7136,6.3593
-5.884,6.4072,12.333
6.0718,12.519,-5.9573
6.0718,12.519,6.09
12.339,6.2224,6.3953
6.1092,6.5844,12.379
-5.9929,12.536,6.8123
-0.088217,-11.765,-11.461
11.97,0.29274,-11.461
-12.127,0.27325,-11.461
-0.068729,12.331,-11.461
12.039,-12.039,0
-12.039,12.039,0
-12.058,-12.058,0
12.058,12.058,0
-0.088217,-11.765,12.633
11.97,0.29274,12.633
-6.1304,-11.7,-11.491
-12.127,0.27325,12.633
-0.068729,12.331,12.633
-11.983,6.13,-11.646
12,-5.8656,-11.784
12.012,-12.003,-5.443
6.0268,-11.801,-11.968
-12.096,-5.8851,-11.784
12.113,6.1495,-11.646
-12.085,-12.023,-5.443
12.031,12.093,-5.443
-12.066,12.074,-5.443
6.0268,-11.801,12.126
-6.111,12.397,-11.491
12,-5.8656,12.31
6.0463,12.296,-11.968
12.012,-12.003,6.6043
-12.096,-5.8851,12.31
-6.1304,-11.7,12.603
-12.085,-12.023,6.6043
12.031,12.093,6.6043
6.0463,12.296,12.126
-12.066,12.074,6.6043
-11.983,6.13,12.448
12.113,6.1495,12.448
-6.111,12.397,12.603
12.039,-12.039,-12.047
12.039,-12.039,12.047
-12.039,12.039,-12.047
-12.039,12.039,12.047
-12.058,-12.058,-12.047
-12.058,-12.058,12.047
12.058,12.058,-12.047
12.058,12.058,12.047
