-8.2751,-8.5294,-3.4787
-8.2751,-8.5294,8.3569
8.398,-8.3258,-2.7964
8.5465,-8.4065,-8.7584
8.398,-8.3258,9.0392
8.5465,-8.4065,3.0772
3.1933,-7.9026,-3.5347
-2.9564,-3.0073,-3.4747
8.6946,-3.1169,-3.8157
3.2569,2.9331,-3.2417
2.8072,-8.8926,-8.7647
-2.8546,-2.3525,-9.0297
8.6918,-2.4466,-9.2847
-7.7209,-8.749,-8.8207
-2.646,-7.9762,-3.1667
-8.6034,-3.1728,-3.4117
-3.0992,3.1714,-3.0327
-2.938,-8.9993,-8.8397
-8.7292,-2.9154,-8.7427
2.7153,-2.984,-9.5257
-2.9508,3.0908,-8.9947
3.1933,-7.9026,8.301
-2.9564,-3.0073,8.361
8.6946,-3.1169,8.02
3.2569,2.9331,8.594
2.8072,-8.8926,3.071
-2.8546,-2.3525,2.806
8.6918,-2.4466,2.551
-7.7209,-8.749,3.015
-2.646,-7.9762,8.669
-8.6034,-3.1728,8.424
2.7952,-3.0893,-2.846
-3.0992,3.1714,8.803
-2.938,-8.9993,2.996
-8.7292,-2.9154,3.093
2.7153,-2.984,2.31
-2.9508,3.0908,2.841
2.7952,-3.0893,8.9897
-8.3039,3.5946,-3.7709
-2.8026,8.3803,-4.0519
-8.69,2.6046,-9.0009
-2.8055,9.0506,-9.5209
-8.7819,8.5132,-9.7619
-8.3039,3.5946,8.0648
-2.8026,8.3803,7.7838
-8.69,2.6046,2.8348
-2.8055,9.0506,2.3148
-8.702,8.4079,-3.0822
-8.7819,8.5132,2.0738
-8.702,8.4079,8.7534
8.5757,8.4552,-3.2376
8.6775,9.1099,-8.7926
3.8112,2.7134,-8.5836
8.8861,3.4863,-2.9296
2.9287,8.2897,-3.1746
8.594,2.4631,-8.6026
2.8028,8.5471,-8.5056
8.5757,8.4552,8.5981
8.6775,9.1099,3.0431
3.8112,2.7134,3.2521
8.8861,3.4863,8.9061
2.9287,8.2897,8.6611
8.594,2.4631,3.2331
2.8028,8.5471,3.3301
9.4268,-8.9389,-7.6734
4.0797,-8.2162,-2.5358
9.1171,-9.3745,-2.6468
9.4268,-8.9389,4.1622
4.0797,-8.2162,9.2999
9.1171,-9.3745,9.1889
-8.0066,-7.4013,-9.3857
-1.7374,-3.3538,-9.1197
3.7265,-7.7244,-8.9277
-1.4927,-8.7547,-8.5147
-7.3624,-2.325,-8.5967
3.8643,-3.1091,-8.5887
-2.0704,2.5583,-7.9097
-7.1651,-8.5157,-2.71
-1.9997,-2.984,-2.726
-7.4176,3.281,-2.772
-8.0066,-7.4013,2.45
-1.7374,-3.3538,2.716
3.7265,-7.7244,2.908
-2.4452,-9.2914,-2.657
-7.8715,-2.2472,-2.936
3.4776,-1.755,-2.975
-2.3801,2.1227,-2.883
-1.4927,-8.7547,3.321
-7.3624,-2.325,3.239
3.8643,-3.1091,3.247
-2.0704,2.5583,3.926
-7.1651,-8.5157,9.1257
-1.9997,-2.984,9.1097
-7.4176,3.281,9.0637
-2.4452,-9.2914,9.1787
-7.8715,-2.2472,8.8997
3.4776,-1.755,8.8607
-2.3801,2.1227,8.9527
-7.7708,3.7728,-9.1639
-7.6329,8.3881,-8.8249
-7.7708,3.7728,2.6718
-8.0197,9.7422,-3.2112
-7.6329,8.3881,3.0108
-8.0197,9.7422,8.6244
9.8849,-3.3574,-8.4544
9.2619,-2.9777,-2.1527
9.8849,-3.3574,3.3813
9.2619,-2.9777,9.683
3.5255,4.0612,-9.1486
-1.6123,8.1398,-8.6906
9.7947,8.1087,-8.8826
10.039,2.7078,-8.2776
4.1697,9.1375,-8.3596
4.367,2.9468,-2.4729
-2.2353,8.5195,-2.3889
9.5324,8.4785,-2.4889
3.5255,4.0612,2.6871
-1.6123,8.1398,3.1451
9.7947,8.1087,2.9531
9.0869,2.1711,-2.4199
3.6606,9.2153,-2.6989
10.039,2.7078,3.5581
4.1697,9.1375,3.4761
4.367,2.9468,9.3627
-2.2353,8.5195,9.4467
9.5324,8.4785,9.3467
9.0869,2.1711,9.4157
3.6606,9.2153,9.1367
-11.52,-11.183,-9.3677
-11.233,-12.091,-3.3517
-6.0937,-11.596,-9.1177
-11.122,-6.1846,-9.3297
-11.903,-5.5009,-3.3757
-11.39,-8.615,-12.739
-11.323,-8.7592,-5.4047
-8.3968,-11.274,-12.575
-8.1726,-11.596,-6.0037
-11.52,-11.183,2.4679
-11.233,-12.091,8.4839
-6.0937,-11.596,2.7179
-11.122,-6.1846,2.5059
-11.903,-5.5009,8.4599
-11.39,-8.615,-0.90306
-11.323,-8.7592,6.4309
-8.3968,-11.274,-0.73906
-8.1726,-11.596,5.8319
-11.39,-8.615,10.933
-8.3968,-11.274,11.097
11.509,-11.218,-8.8944
11.796,-12.126,-2.8784
6.1225,-11.403,-8.6494
11.907,-6.2194,-8.8564
6.1062,-10.93,-2.7564
11.126,-5.5356,-2.9024
6.0433,-8.5606,-11.518
5.7428,-8.2969,-6.3684
11.639,-8.6497,-12.265
11.706,-8.794,-4.9314
8.8053,-11.818,-12.108
8.8986,-11.161,-5.4054
3.0805,-11.511,-11.668
8.9014,-5.3291,-11.765
3.142,-10.98,-5.1164
8.9827,-5.928,-5.9404
11.509,-11.218,2.9412
-0.1064,-12.125,-2.6198
11.796,-12.126,8.9572
6.1225,-11.403,3.1862
11.907,-6.2194,2.9792
6.1062,-10.93,9.0792
11.126,-5.5356,8.9332
6.0433,-8.5606,0.31724
5.7428,-8.2969,5.4672
11.639,-8.6497,-0.42976
11.706,-8.794,6.9042
8.8053,-11.818,-0.27276
8.8986,-11.161,6.4302
3.0805,-11.511,0.16724
8.9014,-5.3291,0.070238
3.142,-10.98,6.7192
8.9827,-5.928,5.8952
-0.1064,-12.125,9.2159
6.0433,-8.5606,12.153
11.639,-8.6497,11.406
8.8053,-11.818,11.563
3.0805,-11.511,12.003
8.9014,-5.3291,11.906
0.26163,-11.619,-8.8727
-5.6328,-4.8409,-9.2857
6.2381,-5.2538,-9.3227
0.012021,0.27931,-9.1307
-5.5968,-5.5444,-3.3927
6.2155,-5.6908,-3.4117
0.29911,-0.62862,-3.1147
0.055154,-6.1547,-9.4337
-5.3747,0.094045,-8.8857
5.4384,-0.13364,-8.8807
0.41012,5.2778,-9.0927
-0.07566,-5.717,-3.3457
-5.391,0.5671,-2.9927
-4.9971,-11.333,-3.0827
-0.37123,5.9616,-3.1387
-5.2976,-8.242,-11.696
-11.181,-2.9967,-11.426
0.084853,-2.9119,-11.962
-5.4539,2.9366,-11.755
-5.4737,-8.5638,-5.9157
-11.464,-2.8772,-6.0477
0.14001,-2.9062,-6.4997
-5.7544,3.2004,-6.6047
0.36062,-8.7215,-12.614
-5.8103,-2.5279,-12.245
6.1172,-2.675,-12.092
0.14213,2.8475,-12.502
0.46386,-8.5404,-5.9667
-6.0055,-2.4629,-5.7527
6.0118,-2.5371,-5.9647
0.2086,2.7033,-5.1677
-2.6509,-11.413,-11.956
-8.5249,-6.2777,-12.466
3.0773,-6.1391,-11.634
-2.692,-0.32032,-12.345
-2.3624,-10.774,-5.7537
-8.2661,-5.8506,-6.2797
3.4005,-5.3959,-6.4097
-2.5986,0.33588,-5.6417
-2.8659,-5.6533,-12.042
-8.4167,-0.013435,-11.905
3.1353,0.18809,-12.338
-2.5958,6.1681,-12.002
-2.605,-5.8563,-6.5137
-8.3552,0.5176,-5.3527
3.3595,-0.13364,-5.7667
-2.5145,5.5692,-6.1767
0.26163,-11.619,2.963
-5.6328,-4.8409,2.55
6.2381,-5.2538,2.513
0.012021,0.27931,2.705
-11.604,-0.62791,-2.856
-5.5968,-5.5444,8.443
6.2155,-5.6908,8.424
0.29911,-0.62862,8.721
0.055154,-6.1547,2.402
-5.3747,0.094045,2.95
5.4384,-0.13364,2.955
0.41012,5.2778,2.743
-0.07566,-5.717,8.49
-5.391,0.5671,8.843
-4.9971,-11.333,8.753
-0.37123,5.9616,8.697
-5.2976,-8.242,0.14
-11.181,-2.9967,0.41
0.084853,-2.9119,-0.126
-5.4539,2.9366,0.081
-5.4737,-8.5638,5.92
-11.464,-2.8772,5.788
0.14001,-2.9062,5.336
-5.7544,3.2004,5.231
0.36062,-8.7215,-0.778
-5.8103,-2.5279,-0.409
6.1172,-2.675,-0.256
0.14213,2.8475,-0.666
0.46386,-8.5404,5.869
-6.0055,-2.4629,6.083
6.0118,-2.5371,5.871
0.2086,2.7033,6.668
-2.6509,-11.413,-0.12
-8.5249,-6.2777,-0.63
3.0773,-6.1391,0.202
-2.692,-0.32032,-0.509
-2.3624,-10.774,6.082
-8.2661,-5.8506,5.556
3.4005,-5.3959,5.426
-2.5986,0.33588,6.194
-2.8659,-5.6533,-0.206
-8.4167,-0.013435,-0.069
3.1353,0.18809,-0.502
-2.5958,6.1681,-0.166
-2.605,-5.8563,5.322
-8.3552,0.5176,6.483
3.3595,-0.13364,6.069
-2.5145,5.5692,5.659
-11.604,-0.62791,8.9797
-5.2976,-8.242,11.976
-11.181,-2.9967,12.246
0.084853,-2.9119,11.71
-5.4539,2.9366,11.917
0.36062,-8.7215,11.058
-5.8103,-2.5279,11.427
6.1172,-2.675,11.58
0.14213,2.8475,11.17
-2.6509,-11.413,11.716
-8.5249,-6.2777,11.206
3.0773,-6.1391,12.038
-2.692,-0.32032,11.327
-2.8659,-5.6533,11.63
-8.4167,-0.013435,11.767
3.1353,0.18809,11.334
-2.5958,6.1681,11.67
-11.236,-0.12196,-9.1089
-5.2591,6.2434,-9.5589
-11.485,11.777,-9.3669
-5.2818,5.8064,-3.6479
-11.198,10.869,-3.3509
-11.442,5.3426,-9.6699
-6.0589,11.364,-9.1169
-11.573,5.7803,-3.5819
-11.412,8.5854,-12.198
-11.357,8.591,-6.7359
-11.137,2.7758,-12.85
-5.38,8.8222,-12.328
-11.033,2.9568,-6.2029
-5.4854,8.9601,-6.2009
-8.4199,5.3581,-11.87
-8.0967,6.1013,-6.6459
-8.3619,11.685,-12.574
-8.1378,11.364,-6.0029
-11.236,-0.12196,2.7268
-5.2591,6.2434,2.2768
-11.485,11.777,2.4688
-5.2818,5.8064,8.1878
-11.198,10.869,8.4848
-11.442,5.3426,2.1658
-6.0589,11.364,2.7188
-11.573,5.7803,8.2538
-11.412,8.5854,-0.36224
-11.357,8.591,5.0998
-11.137,2.7758,-1.0142
-5.38,8.8222,-0.49224
-11.033,2.9568,5.6328
-5.4854,8.9601,5.6348
-8.4199,5.3581,-0.034238
-8.0967,6.1013,5.1898
-8.3619,11.685,-0.73824
-8.1378,11.364,5.8328
-11.412,8.5854,11.473
-11.137,2.7758,10.821
-5.38,8.8222,11.343
-8.4199,5.3581,11.801
-8.3619,11.685,11.097
11.849,-3.0315,-10.952
11.565,-2.912,-5.5744
11.426,-0.66265,-2.3827
11.849,-3.0315,0.8833
11.565,-2.912,6.2613
11.426,-0.66265,9.453
11.849,-3.0315,12.719
11.794,-0.1567,-8.6356
5.8993,6.6216,-9.0486
11.544,11.742,-8.8936
5.9353,5.9181,-3.1556
11.831,10.834,-2.8776
11.587,5.3078,-9.1966
6.1574,11.557,-8.6486
11.456,5.7455,-3.1086
6.1411,12.03,-2.7556
6.5349,0.12968,-2.8456
6.2344,3.2204,-11.459
0.3513,8.4658,-11.189
11.617,8.5506,-11.725
6.0584,2.8987,-5.6786
0.067746,8.5853,-5.8106
11.672,8.5563,-6.2626
11.893,2.741,-12.377
5.7218,8.9346,-12.008
11.996,2.922,-5.7296
5.5266,8.9996,-5.5156
8.8811,0.049068,-11.719
3.0072,5.1848,-12.229
8.8401,11.142,-12.108
9.1696,0.68829,-5.5166
3.266,5.6119,-6.0426
8.9335,11.798,-5.4046
8.6662,5.8092,-11.805
3.1154,11.449,-11.668
8.9271,5.6062,-6.2766
3.1769,11.98,-5.1156
11.794,-0.1567,3.2001
5.8993,6.6216,2.7871
11.544,11.742,2.9421
-0.071554,10.835,-2.6189
5.9353,5.9181,8.6801
11.831,10.834,8.9581
11.587,5.3078,2.6391
6.1574,11.557,3.1871
11.456,5.7455,8.7271
6.1411,12.03,9.0801
6.5349,0.12968,8.9901
6.2344,3.2204,0.37706
0.3513,8.4658,0.64706
11.617,8.5506,0.11106
6.0584,2.8987,6.1571
0.067746,8.5853,6.0251
11.672,8.5563,5.5731
11.893,2.741,-0.54094
5.7218,8.9346,-0.17194
11.996,2.922,6.1061
5.5266,8.9996,6.3201
8.8811,0.049068,0.11706
3.0072,5.1848,-0.39294
8.8401,11.142,-0.27194
9.1696,0.68829,6.3191
3.266,5.6119,5.7931
8.9335,11.798,6.4311
8.6662,5.8092,0.031058
3.1154,11.449,0.16806
8.9271,5.6062,5.5591
3.1769,11.98,6.7201
-0.071554,10.835,9.2167
6.2344,3.2204,12.213
0.3513,8.4658,12.483
11.617,8.5506,11.947
11.893,2.741,11.295
5.7218,8.9346,11.664
8.8811,0.049068,11.953
3.0072,5.1848,11.443
8.8401,11.142,11.564
8.6662,5.8092,11.867
3.1154,11.449,12.004
0.29648,11.341,-8.8718
-4.9623,11.627,-3.0818
-2.6161,11.546,-11.955
-2.3276,12.186,-5.7528
0.29648,11.341,2.9638
-4.9623,11.627,8.7538
-2.6161,11.546,-0.11918
-2.3276,12.186,6.0828
-2.6161,11.546,11.716
0,0,0
-5.4631,0.13152,0.136
0.078489,5.6363,-0.081
0.6265,-0.049497,-5.7727
0.22132,-5.9093,-0.287
6.0818,0.0021213,0.102
0.6265,-0.049497,6.063
-5.5402,-5.5925,-0.195
-5.3461,5.8184,-0.40824
-5.5112,0.37901,-5.7427
0.29981,5.7021,-5.7057
0.32739,-5.6844,5.748
-5.5112,0.37901,6.093
0.32739,-5.6844,-6.0877
6.1511,-5.6788,-0.172
0.29981,5.7021,6.13
5.9919,5.87,0.042058
6.4218,0.12119,-5.7386
6.4218,0.12119,6.0971
-5.3638,6.0285,5.3878
-5.4263,-5.8888,5.812
6.1334,-5.4688,5.624
-5.4263,-5.8888,-6.0237
6.1057,5.5737,-5.7866
6.1057,5.5737,6.0491
6.1334,-5.4688,-6.2117
-5.3638,6.0285,-6.4479
-11.103,-0.059397,0.035
0.42908,11.403,0.27206
0.39423,-11.557,0.27124
0,0,-11.836
0,0,11.836
11.926,-0.094139,0.5083
-11.054,-0.081653,5.8168
-11.054,-0.081653,-6.0189
-11.276,5.5879,-0.52324
-5.4502,-11.46,-0.13506
-5.4154,11.499,-0.13424
0.4782,11.381,-5.7818
-11.454,-5.8261,-0.31806
6.0341,-11.366,0.37224
0.4782,11.381,6.0538
-5.4631,0.13152,-11.7
0.44336,-11.579,-5.7827
0.22132,-5.9093,11.549
11.576,-5.8609,0.15524
11.753,5.5532,-0.049942
0.078489,5.6363,11.755
0.44336,-11.579,6.053
6.069,11.594,0.37306
-5.4631,0.13152,11.972
0.078489,5.6363,-11.917
11.975,-0.1164,-5.5456
6.0818,0.0021213,-11.734
6.0818,0.0021213,11.938
0.22132,-5.9093,-12.123
11.975,-0.1164,6.2901
-11.17,5.8128,5.5118
-5.1103,-11.341,5.86
5.986,-11.118,-5.5064
-5.1103,-11.341,-5.9757
-5.3461,5.8184,11.427
-11.232,-5.7604,5.8929
-11.232,-5.7604,-5.9427
-5.0754,11.618,5.8608
-5.0754,11.618,-5.9748
-5.5402,-5.5925,11.641
-11.17,5.8128,-6.3239
5.986,-11.118,6.3292
11.797,-5.7951,-5.4694
6.1511,-5.6788,11.664
-5.5402,-5.5925,-12.031
6.0209,11.841,-5.5056
11.859,5.778,-5.8506
5.9919,5.87,-11.794
11.859,5.778,5.9851
5.9919,5.87,11.878
-5.3461,5.8184,-12.244
11.797,-5.7951,6.3662
6.1511,-5.6788,-12.008
6.0209,11.841,6.3301
-11.103,-0.059397,-11.801
0.42908,11.403,-11.564
-11.103,-0.059397,11.871
11.497,-11.497,0.23624
-11.497,11.497,-0.23624
-11.532,-11.462,-0.23706
11.532,11.462,0.23706
0.39423,-11.557,-11.564
11.926,-0.094139,-11.327
0.42908,11.403,12.108
0.39423,-11.557,12.107
-10.871,11.448,5.8268
-10.871,11.448,-6.0089
-10.906,-11.512,5.8259
-11.276,5.5879,11.312
-10.906,-11.512,-6.0097
11.926,-0.094139,12.344
6.0341,-11.366,-11.463
-11.454,-5.8261,11.518
-5.4502,-11.46,11.701
-5.4154,11.499,11.701
6.069,11.594,-11.463
-5.4502,-11.46,-11.971
11.576,-5.8609,-11.68
-5.4154,11.499,-11.97
11.753,5.5532,11.786
12.159,11.413,-5.5356
11.753,5.5532,-11.886
12.124,-11.547,-5.5364
-11.276,5.5879,-12.359
11.576,-5.8609,11.991
-11.454,-5.8261,-12.154
6.0341,-11.366,12.208
12.159,11.413,6.3001
12.124,-11.547,6.2992
6.069,11.594,12.209
-11.532,-11.462,11.599
11.532,11.462,-11.599
11.497,-11.497,-11.599
-11.497,11.497,11.599
11.497,-11.497,12.072
-11.497,11.497,-12.072
11.532,11.462,12.073
-11.532,-11.462,-12.073
