-9.1463,-2.7905,-9.2347
-8.8981,-8.6871,-9.3257
-9.1463,-2.7905,2.6009
-3.2936,-8.3788,-2.6621
-9.1725,-3.4319,-3.1951
-8.8981,-8.6871,2.5099
-9.3224,-8.5485,-3.4451
-3.2936,-8.3788,9.1736
-9.1725,-3.4319,8.6406
-9.3224,-8.5485,8.3906
8.4496,-8.8781,-9.0594
2.5106,-8.8618,-8.9584
8.4496,-8.8781,2.7762
7.8839,-7.949,-2.2528
2.5106,-8.8618,2.8772
7.8507,-2.512,-8.3448
2.1563,-8.7268,-2.8308
8.0678,-3.0388,-2.6458
7.8839,-7.949,9.5829
7.8507,-2.512,3.4909
2.1563,-8.7268,9.0049
8.0678,-3.0388,9.1899
2.588,-2.6432,-9.3517
-3.0476,2.6191,-9.2957
-2.6764,-8.3248,-9.0447
2.3858,8.672,-8.9977
-3.1565,-2.3674,-9.2627
-8.9866,2.6354,-9.1947
2.634,2.7754,-9.0887
2.588,-2.6432,2.484
-3.0476,2.6191,2.54
-2.6764,-8.3248,2.791
2.3858,8.672,2.838
2.2762,-3.1841,-2.889
-3.6133,3.5483,-2.489
8.2385,3.0837,-2.425
2.3596,8.0306,-2.958
-3.1565,-2.3674,2.573
-8.9866,2.6354,2.641
2.634,2.7754,2.747
-3.6465,8.9852,-8.581
-3.4726,-2.8079,-3.314
-9.3409,2.7704,-3.067
2.2097,2.914,-3.208
-3.4295,8.4584,-2.882
2.2762,-3.1841,8.9467
-3.6133,3.5483,9.3467
8.2385,3.0837,9.4107
2.3596,8.0306,8.8777
-3.6465,8.9852,3.2547
-3.4726,-2.8079,8.5217
-9.3409,2.7704,8.7687
2.2097,2.914,8.6277
-3.4295,8.4584,8.9537
-8.9092,8.8541,-9.5879
-8.9092,8.8541,2.2478
-9.221,8.3131,-3.1252
-9.221,8.3131,8.7104
8.8557,3.1377,-8.8076
8.3755,9.0951,-9.0256
8.8557,3.1377,3.0281
8.3755,9.0951,2.8101
8.0595,8.6546,-3.0769
8.0595,8.6546,8.7587
-2.8873,-9.0848,-7.7718
-2.8873,-9.0848,4.0638
-8.0213,-8.3463,-8.5221
-8.1634,-8.388,-2.5081
-8.0213,-8.3463,3.3136
-8.1634,-8.388,9.3276
8.6448,2.3776,-7.5348
9.127,-8.7635,-7.9648
3.1116,-2.9236,-7.9398
-2.0057,-9.1878,-2.3958
9.0641,-8.8548,-2.3598
3.555,-2.5057,-2.5958
3.2368,-8.6504,-7.9318
8.6568,-3.7749,-8.3818
3.2835,-8.5302,-1.8648
9.523,-2.8748,-2.3498
8.6448,2.3776,4.3009
9.127,-8.7635,3.8709
3.1116,-2.9236,3.8959
-2.0057,-9.1878,9.4399
9.0641,-8.8548,9.4759
3.555,-2.5057,9.2399
3.2368,-8.6504,3.9039
8.6568,-3.7749,3.4539
3.2835,-8.5302,9.9709
9.523,-2.8748,9.4859
-2.2825,-3.5822,-9.1647
-8.1678,-2.7103,-8.233
-2.3702,2.7337,-8.201
-8.3856,8.5737,-8.176
-8.0087,-2.5215,-2.665
-2.4332,2.6425,-2.596
-7.9422,8.9916,-2.832
-2.2825,-3.5822,2.671
-8.2604,2.8468,-8.168
3.5108,3.1162,-8.285
-2.8404,7.7223,-8.618
-2.2606,-2.8659,-2.438
-8.2138,2.967,-2.101
3.3687,3.0745,-2.271
-1.9742,8.6225,-2.586
-8.1678,-2.7103,3.6027
-2.3702,2.7337,3.6347
-8.3856,8.5737,3.6597
-8.0087,-2.5215,9.1707
-2.4332,2.6425,9.2397
-7.9422,8.9916,9.0037
-8.2604,2.8468,3.6677
3.5108,3.1162,3.5507
-2.8404,7.7223,3.2177
-2.2606,-2.8659,9.3977
-8.2138,2.967,9.7347
3.3687,3.0745,9.5647
-1.9742,8.6225,9.2497
9.5264,2.2747,-2.1587
9.5264,2.2747,9.677
9.2495,7.8803,-8.9276
3.3643,8.7521,-7.9959
3.5234,8.9409,-2.4279
9.2495,7.8803,2.9081
9.2714,8.5966,-2.2009
3.3643,8.7521,3.8397
3.5234,8.9409,9.4077
9.2714,8.5966,9.6347
-2.7473,-11.423,-12.12
-0.11758,-11.831,-3.1848
-1.0283,-11.517,-8.6818
-2.9722,-11.758,-5.4998
-2.7473,-11.423,-0.28482
-0.11758,-11.831,8.6508
-1.0283,-11.517,3.1538
-2.9722,-11.758,6.3358
-2.7473,-11.423,11.551
-6.1093,-11.646,-9.0107
-11.79,-11.245,-9.2927
-11.897,-8.5011,-12.288
-5.7076,-8.4453,-11.271
-11.857,-2.8202,-11.868
-8.5764,-11.161,-12.33
-8.6747,-5.6197,-11.842
-6.3709,-11.042,-3.2381
-11.932,-5.6826,-2.9181
-6.1093,-11.646,2.8249
-11.782,-6.2348,-8.8631
-11.784,-11.68,-3.2871
-6.1835,-5.9541,-3.1051
-11.615,-0.33332,-3.4211
-11.79,-11.245,2.5429
-12.526,-0.019369,-8.9181
-12.179,-8.5895,-5.5611
-11.897,-8.5011,-0.45206
-5.6892,-8.4297,-6.3381
-11.676,-2.8747,-6.4811
-5.7076,-8.4453,0.56494
-11.857,-2.8202,-0.032058
-8.6662,-11.166,-6.3301
-8.5764,-11.161,-0.49406
-8.7227,-5.8728,-6.3271
-8.6747,-5.6197,-0.006058
-6.3709,-11.042,8.5976
-11.932,-5.6826,8.9176
-11.782,-6.2348,2.9726
-11.784,-11.68,8.5486
-6.1835,-5.9541,8.7306
-11.615,-0.33332,8.4146
-12.526,-0.019369,2.9176
-12.179,-8.5895,6.2746
-11.897,-8.5011,11.384
-5.6892,-8.4297,5.4976
-11.676,-2.8747,5.3546
-5.7076,-8.4453,12.401
-11.857,-2.8202,11.804
-8.6662,-11.166,5.5056
-8.5764,-11.161,11.342
-8.7227,-5.8728,5.5086
-8.6747,-5.6197,11.83
5.3397,-11.582,-8.6704
11.239,-11.28,-8.8194
5.5802,-5.3228,-8.5964
-0.14317,-8.632,-11.538
11.132,-8.5359,-11.814
5.6077,-2.8486,-11.835
5.5101,-8.6158,-11.072
11.172,-2.855,-11.394
2.9532,-11.618,-12.186
8.6377,-5.624,-11.008
8.6511,-11.395,-11.925
2.8868,-5.9867,-11.512
8.7848,0.039934,-11.883
5.7202,-10.752,-2.7778
11.097,-5.7173,-2.4448
5.3397,-11.582,3.1652
11.248,-6.2696,-8.3898
11.245,-11.715,-2.8138
4.7585,-5.8785,-2.7748
11.414,-0.36807,-2.9478
11.239,-11.28,3.0162
5.5802,-5.3228,3.2392
10.504,-0.054111,-8.4448
-0.52289,-8.62,-5.5368
10.85,-8.6242,-5.0878
5.035,-2.8316,-5.2578
-0.14317,-8.632,0.29724
11.132,-8.5359,0.021238
5.6077,-2.8486,0.000238
6.1374,-8.4637,-6.1228
11.354,-2.9094,-6.0078
5.5101,-8.6158,0.76324
11.172,-2.855,0.44124
2.855,-10.932,-5.6488
8.5323,-5.8566,-5.6888
2.9532,-11.618,-0.35076
8.6377,-5.624,0.82724
8.7247,-11.805,-5.7098
2.8161,-6.2625,-5.8608
8.5599,-0.29523,-5.2628
8.6511,-11.395,-0.089762
2.8868,-5.9867,0.32324
8.7848,0.039934,-0.047762
5.7202,-10.752,9.0579
11.097,-5.7173,9.3909
11.248,-6.2696,3.4459
11.245,-11.715,9.0219
4.7585,-5.8785,9.0609
11.414,-0.36807,8.8879
10.504,-0.054111,3.3909
-0.52289,-8.62,6.2989
10.85,-8.6242,6.7479
5.035,-2.8316,6.5779
-0.14317,-8.632,12.133
11.132,-8.5359,11.857
5.6077,-2.8486,11.836
6.1374,-8.4637,5.7129
11.354,-2.9094,5.8279
5.5101,-8.6158,12.599
11.172,-2.855,12.277
2.855,-10.932,6.1869
8.5323,-5.8566,6.1469
2.9532,-11.618,11.485
8.6377,-5.624,12.663
8.7247,-11.805,6.1259
2.8161,-6.2625,5.9749
8.5599,-0.29523,6.5729
8.6511,-11.395,11.746
2.8868,-5.9867,12.159
8.7848,0.039934,11.788
0.12092,-5.7424,-9.0787
-6.1575,-0.084853,-8.9067
5.4228,-0.18314,-8.7737
-0.25809,0.21708,-9.0557
-5.9171,6.1745,-8.8327
-5.7785,-5.0403,-8.7047
-5.7848,-2.8419,-12.228
-11.64,2.8652,-11.775
-0.36487,2.9614,-12.051
-5.8895,8.6486,-12.072
0.0049497,-2.7867,-11.771
-5.9871,2.8815,-11.309
5.8244,3.0172,-11.034
-0.32527,8.6423,-11.631
-2.8786,-5.4624,-11.606
-8.544,-0.12092,-12.423
2.9557,0.30123,-12.093
-2.8595,5.8732,-11.245
-2.8461,0.10253,-12.162
-8.6104,5.5105,-11.749
2.8574,5.8428,-11.605
-2.7125,11.537,-12.12
-0.746,-5.5006,-3.179
-5.7771,0.74529,-3.014
5.1612,0.42073,-3.001
-0.40022,5.7799,-2.681
0.12092,-5.7424,2.757
-6.1575,-0.084853,2.929
5.4228,-0.18314,3.062
-0.24961,5.2276,-8.626
-0.25173,-0.21779,-3.05
-6.7387,5.6187,-3.011
5.3486,5.5084,-2.868
-0.082731,11.129,-3.184
-0.25809,0.21708,2.78
-5.9171,6.1745,3.003
-5.7785,-5.0403,3.131
-0.99349,11.443,-8.681
-6.2628,-2.5802,-5.535
-12.02,2.8772,-5.773
-0.647,2.873,-5.324
-6.4622,8.6656,-5.494
-5.7848,-2.8419,-0.392
-11.64,2.8652,0.061
-0.36487,2.9614,-0.215
-5.8895,8.6486,-0.236
0.11243,-2.7542,-6.441
-5.3599,3.0335,-6.359
5.8428,3.0328,-6.101
-0.14354,8.5878,-6.244
0.0049497,-2.7867,0.065
-5.9871,2.8815,0.527
5.8244,3.0172,0.802
-0.32527,8.6423,0.205
-2.9359,-5.2708,-6.47
-8.6423,0.56569,-5.885
2.8659,0.29628,-6.093
-2.9649,5.6406,-5.925
-2.8786,-5.4624,0.23
-8.544,-0.12092,-0.587
2.9557,0.30123,-0.257
-2.8595,5.8732,0.591
-2.7726,-0.30759,-5.946
-8.6811,5.2347,-6.097
2.8093,5.5897,-6.09
-2.9373,11.202,-5.499
-2.8461,0.10253,-0.326
-8.6104,5.5105,0.087
2.8574,5.8428,0.231
-2.7125,11.537,-0.284
-0.746,-5.5006,8.6567
-5.7771,0.74529,8.8217
5.1612,0.42073,8.8347
-0.40022,5.7799,9.1547
-0.24961,5.2276,3.2097
-0.25173,-0.21779,8.7857
-6.7387,5.6187,8.8247
5.3486,5.5084,8.9677
-0.082731,11.129,8.6517
-0.99349,11.443,3.1547
-6.2628,-2.5802,6.3007
-12.02,2.8772,6.0627
-0.647,2.873,6.5117
-6.4622,8.6656,6.3417
-5.7848,-2.8419,11.444
-11.64,2.8652,11.897
-0.36487,2.9614,11.621
-5.8895,8.6486,11.6
0.11243,-2.7542,5.3947
-5.3599,3.0335,5.4767
5.8428,3.0328,5.7347
-0.14354,8.5878,5.5917
0.0049497,-2.7867,11.901
-5.9871,2.8815,12.363
5.8244,3.0172,12.638
-0.32527,8.6423,12.041
-2.9359,-5.2708,5.3657
-8.6423,0.56569,5.9507
2.8659,0.29628,5.7427
-2.9649,5.6406,5.9107
-2.8786,-5.4624,12.066
-8.544,-0.12092,11.249
2.9557,0.30123,11.579
-2.8595,5.8732,12.427
-2.7726,-0.30759,5.8897
-8.6811,5.2347,5.7387
2.8093,5.5897,5.7457
-2.9373,11.202,6.3367
-2.8461,0.10253,11.51
-8.6104,5.5105,11.923
2.8574,5.8428,12.067
-2.7125,11.537,11.552
-11.376,5.7548,-9.3149
-6.0744,11.314,-9.0099
-11.755,11.714,-9.2919
-11.492,8.7105,-12.007
-8.5415,11.798,-12.329
-12.243,5.9966,-3.4152
-6.336,11.918,-3.2372
-11.376,5.7548,2.5208
-6.0744,11.314,2.8258
-11.749,11.279,-3.2862
-11.755,11.714,2.5438
-11.385,8.743,-6.6772
-11.492,8.7105,-0.17124
-8.6313,11.793,-6.3292
-8.5415,11.798,-0.49324
-12.243,5.9966,8.4204
-6.336,11.918,8.5984
-11.749,11.279,8.5494
-11.385,8.743,5.1584
-11.492,8.7105,11.664
-8.6313,11.793,5.5064
-8.5415,11.798,11.342
11.389,2.8305,-11.301
11.009,2.8425,-5.2997
11.389,2.8305,0.5343
11.009,2.8425,6.536
11.389,2.8305,12.37
11.653,5.7201,-8.8416
5.3746,11.378,-8.6696
11.274,11.68,-8.8186
5.7536,6.4222,-8.4676
5.7472,8.6206,-11.991
11.537,8.6758,-11.534
8.6534,6.0001,-11.369
2.9881,11.342,-12.186
8.686,11.565,-11.925
10.786,5.9619,-2.9419
5.755,12.208,-2.7769
11.653,5.7201,2.9941
5.3746,11.378,3.1661
11.28,11.245,-2.8129
11.274,11.68,3.0171
5.7536,6.4222,3.3681
5.2692,8.8822,-5.2979
5.7472,8.6206,-0.15494
11.644,8.7083,-6.2039
11.537,8.6758,0.30206
8.5962,6.1917,-6.2329
2.8898,12.028,-5.6479
8.6534,6.0001,0.46706
2.9881,11.342,-0.34994
8.7595,11.155,-5.7089
8.686,11.565,-0.088942
10.786,5.9619,8.8937
5.755,12.208,9.0587
11.28,11.245,9.0227
5.2692,8.8822,6.5377
5.7472,8.6206,11.681
11.644,8.7083,5.6317
11.537,8.6758,12.138
8.5962,6.1917,5.6027
2.8898,12.028,6.1877
8.6534,6.0001,12.303
2.9881,11.342,11.486
8.7595,11.155,6.1267
8.686,11.565,11.747
0,0,0
-0.097581,5.7389,0.165
5.7361,0.014142,0.299
-0.067882,-0.0070711,-5.807
-0.040305,-5.8145,0.13
-5.8294,-0.018385,0.082
-0.067882,-0.0070711,6.0287
5.6926,-5.6049,0.50824
5.7502,0.073539,-5.607
-0.14708,-5.555,-5.831
-5.8285,-5.5638,0.030942
-5.6576,0.24961,-5.785
-0.22981,5.6066,-5.861
-0.14708,-5.555,6.0047
-0.22981,5.6066,5.9747
5.7035,5.8987,0.268
-5.8046,5.8923,0.272
-5.6576,0.24961,6.0507
5.7502,0.073539,6.2287
5.52,-5.8354,-5.3998
5.6272,5.8464,-5.716
-5.9772,5.6618,-5.636
-5.9049,-5.6161,5.8826
-5.9049,-5.6161,-5.9531
5.6272,5.8464,6.1197
5.52,-5.8354,6.4359
-5.9772,5.6618,6.1997
-0.011314,11.406,0.457
11.486,-0.091588,0.69324
-11.543,-0.056846,0.21994
-0.046162,-11.554,0.45618
0,0,-11.836
0,0,11.836
11.4,-5.7583,0.40124
5.7027,11.444,0.31906
11.492,5.6479,0.36706
-5.796,-11.448,0.061942
-11.472,-0.0080554,5.7496
5.6678,-11.516,0.31824
11.557,-0.042798,-5.6128
0.060104,11.454,-5.849
-11.538,5.6827,-0.10624
-5.7612,11.511,0.062762
5.7361,0.014142,-11.537
0.025256,-11.505,-5.8498
0.060104,11.454,5.9867
-11.63,-5.7236,-0.072058
0.025256,-11.505,5.9858
-11.472,-0.0080554,-6.0861
-0.097581,5.7389,-11.671
-0.040305,-5.8145,-11.706
-5.8294,-0.018385,-11.754
11.557,-0.042798,6.2229
-5.8294,-0.018385,11.918
-0.097581,5.7389,12.001
-0.040305,-5.8145,11.966
5.7361,0.014142,12.135
5.8397,-11.248,-5.5488
5.6926,-5.6049,-11.327
11.267,-5.8906,-5.6248
11.385,5.9074,-5.5939
-5.7819,-11.389,-5.8441
-5.7819,-11.389,5.9916
5.8397,-11.248,6.2869
11.267,-5.8906,6.2109
-5.747,11.571,-5.8432
5.7035,5.8987,-11.568
-5.8046,5.8923,-11.564
5.8745,11.712,-5.5479
-5.747,11.571,5.9924
11.385,5.9074,6.2417
-11.644,5.9422,5.7684
-5.8285,-5.5638,-11.805
-11.762,-5.8558,5.7376
-5.8285,-5.5638,11.867
-11.644,5.9422,-6.0672
-11.762,-5.8558,-6.0981
5.8745,11.712,6.2877
5.7035,5.8987,12.104
-5.8046,5.8923,12.108
5.6926,-5.6049,12.344
11.486,-0.091588,-11.142
-0.011314,11.406,-11.379
-0.046162,-11.554,-11.379
11.497,-11.497,0.23624
-11.497,11.497,-0.23624
-11.532,-11.462,-0.23706
11.532,11.462,0.23706
-11.543,-0.056846,-11.616
-11.543,-0.056846,12.056
-0.011314,11.406,12.293
-0.046162,-11.554,12.292
11.486,-0.091588,12.529
11.464,11.455,-5.5699
11.4,-5.7583,-11.434
11.429,-11.504,-5.5708
11.492,5.6479,-11.469
5.7027,11.444,-11.517
5.6678,-11.516,-11.517
-11.565,11.49,5.7924
-11.6,-11.47,5.7916
11.464,11.455,6.2657
11.429,-11.504,6.2649
-11.565,11.49,-6.0432
-11.6,-11.47,-6.0441
-11.538,5.6827,11.729
-5.796,-11.448,-11.774
-5.7612,11.511,-11.773
-5.796,-11.448,11.898
-11.63,-5.7236,11.764
-5.7612,11.511,11.898
-11.538,5.6827,-11.942
-11.63,-5.7236,-11.908
5.7027,11.444,12.155
5.6678,-11.516,12.154
11.4,-5.7583,12.237
11.492,5.6479,12.203
-11.532,-11.462,11.599
11.532,11.462,-11.599
11.497,-11.497,-11.599
-11.497,11.497,11.599
-11.497,11.497,-12.072
11.497,-11.497,12.072
-11.532,-11.462,-12.073
11.532,11.462,12.073
