-3.2271,-8.2656,-9.3697
-8.9723,-2.7481,-8.9157
-8.9214,-8.9933,-9.0157
-3.2271,-8.2656,2.4659
-8.9723,-2.7481,2.9199
-3.5743,-8.2706,-3.5311
-8.6944,-3.2127,-3.0011
-8.9214,-8.9933,2.8199
-9.0035,-8.8009,-3.5291
-3.5743,-8.2706,8.3046
-8.6944,-3.2127,8.8346
-9.0035,-8.8009,8.3066
7.9702,-8.6773,-8.9994
2.384,-8.9135,-8.4724
7.9702,-8.6773,2.8362
8.3145,-8.159,-2.5808
2.384,-8.9135,3.3632
7.809,-2.6103,-8.2828
2.4102,-8.4687,-2.8088
7.7418,-2.8387,-2.7688
8.3145,-8.159,9.2549
7.809,-2.6103,3.5529
2.4102,-8.4687,9.0269
7.7418,-2.8387,9.0669
2.6531,-3.1183,-9.1297
-3.527,2.8199,-9.2357
8.305,3.1968,-9.1327
2.5597,8.7144,-8.6787
-9.1132,2.5838,-8.7087
2.6106,2.4692,-8.7787
2.6531,-3.1183,2.706
-3.527,2.8199,2.6
8.305,3.1968,2.703
2.5597,8.7144,3.157
2.3844,-3.3602,-2.767
-3.1827,3.3383,-2.817
7.9578,3.1919,-3.294
2.8376,8.2498,-2.764
-3.0823,-2.3794,-8.597
-9.1132,2.5838,3.127
2.6106,2.4692,3.057
-3.6883,8.8869,-8.519
-3.6522,-2.6326,-2.607
-9.087,3.0285,-3.045
2.5286,2.6615,-3.292
-3.7554,8.6585,-3.005
2.3844,-3.3602,9.0687
-3.1827,3.3383,9.0187
7.9578,3.1919,8.5417
2.8376,8.2498,9.0717
-3.0823,-2.3794,3.2387
-3.6883,8.8869,3.3167
-3.6522,-2.6326,9.2287
-9.087,3.0285,8.7907
2.5286,2.6615,8.5437
-3.7554,8.6585,8.8307
-8.8442,8.3789,-9.3659
-8.8442,8.3789,2.4698
-9.1129,8.137,-3.0032
-9.1129,8.137,8.8324
8.4498,9.0831,-8.3599
7.8799,8.8299,-2.3699
8.4498,9.0831,3.4757
7.8799,8.8299,9.4657
-2.8689,-8.7723,-7.9128
-2.8689,-8.7723,3.9228
-7.6967,-8.1292,-9.0337
-7.6967,-8.1292,2.8019
-8.3883,-8.6468,-2.2081
-8.3883,-8.6468,9.6276
8.6631,2.6902,-7.6758
8.8986,-8.6172,-8.2068
3.5161,-2.7001,-8.1598
-2.215,-8.6872,-2.5318
9.61,-8.8717,-2.7738
2.9752,-7.7609,-8.2388
8.9417,-3.5762,-8.3718
3.6215,-8.8031,-2.0078
8.695,-2.9716,-1.6348
8.6631,2.6902,4.1599
8.8986,-8.6172,3.6289
3.5161,-2.7001,3.6759
-2.215,-8.6872,9.3039
9.61,-8.8717,9.0619
2.9752,-7.7609,3.5969
8.9417,-3.5762,3.4639
3.6215,-8.8031,9.8279
8.695,-2.9716,10.201
-7.5222,-3.1141,-8.9987
-2.8334,-3.8474,-8.9187
3.8353,3.3333,-8.7967
-7.5222,-3.1141,2.837
-2.5986,2.88,-8.443
-7.9811,8.7971,-8.396
-8.9449,-1.7946,-2.698
-1.8873,2.6255,-3.01
3.1905,-2.2104,-3.265
-2.8334,-3.8474,2.917
-8.5221,3.7364,-8.475
3.8353,3.3333,3.039
-2.5555,7.921,-8.608
-2.2719,-2.8617,-3.124
-7.8758,2.6941,-2.244
3.1438,2.8157,-1.971
-2.8023,8.5256,-1.871
-2.5986,2.88,3.3927
-7.9811,8.7971,3.4397
-8.9449,-1.7946,9.1377
-1.8873,2.6255,8.8257
3.1905,-2.2104,8.5707
-8.5221,3.7364,3.3607
-2.5555,7.921,3.2277
-2.2719,-2.8617,8.7117
-7.8758,2.6941,9.5917
3.1438,2.8157,9.8647
-2.8023,8.5256,9.9647
-8.3068,9.2868,-3.5012
-8.3068,9.2868,8.3344
9.3171,2.7753,-2.2947
9.3171,2.7753,9.541
4.0099,8.3484,-8.7616
8.6987,7.6151,-8.6816
4.0099,8.3484,3.0741
2.5872,9.6678,-2.4609
8.6987,7.6151,3.1541
9.2601,8.6008,-2.8869
2.5872,9.6678,9.3747
9.2601,8.6008,8.9487
-0.3778,-11.153,-8.6525
-2.9022,-11.19,-12.145
-0.37426,-12.089,-2.7678
-0.3778,-11.153,3.1832
-2.9708,-11.438,-5.5188
-2.9022,-11.19,-0.30982
-0.37426,-12.089,9.0678
-2.9708,-11.438,6.3168
-2.9022,-11.19,11.526
-12.052,-6.0835,-9.3367
-12.019,-11.114,-8.9437
-11.875,0.34408,-8.8887
-11.203,-8.3434,-12.57
-5.9353,-8.8695,-11.659
-11.842,-2.6364,-11.568
-8.7284,-12.016,-12.286
-8.5438,-5.9668,-11.449
-6.4105,-11.021,-2.9641
-11.903,-5.1586,-3.3371
-6.0994,-11.496,-8.7391
-12.052,-6.0835,2.4989
-11.624,-11.642,-3.0711
-6.4876,-6.2695,-3.0571
-11.871,-0.59142,-3.0041
-12.019,-11.114,2.8919
-11.875,0.34408,2.9469
-12.106,-8.5414,-6.2691
-11.203,-8.3434,-0.73406
-6.0421,-8.6312,-6.2921
-11.878,-2.8379,-6.6481
-5.9353,-8.8695,0.17694
-11.842,-2.6364,0.26794
-8.85,-11.831,-6.0011
-8.7284,-12.016,-0.45006
-8.7956,-5.8184,-6.4671
-8.5438,-5.9668,0.38694
-6.4105,-11.021,8.8716
-11.903,-5.1586,8.4986
-6.0994,-11.496,3.0966
-11.624,-11.642,8.7646
-6.4876,-6.2695,8.7786
-11.871,-0.59142,8.8316
-12.106,-8.5414,5.5666
-11.203,-8.3434,11.102
-6.0421,-8.6312,5.5436
-11.878,-2.8379,5.1876
-5.9353,-8.8695,12.013
-11.842,-2.6364,12.104
-8.85,-11.831,5.8346
-8.7284,-12.016,11.386
-8.7956,-5.8184,5.3686
-8.5438,-5.9668,12.223
0.024413,-6.0744,-8.5524
5.4684,-11.953,-8.4364
10.977,-6.1183,-8.8634
11.01,-11.149,-8.4704
11.154,0.30934,-8.4154
0.15169,-8.5592,-11.756
11.826,-8.3782,-12.096
5.7011,-2.9787,-11.803
5.3935,-8.871,-10.912
11.188,-2.6711,-11.094
2.9822,-12.042,-11.214
8.5747,-5.4903,-11.532
8.6023,-10.888,-12.08
2.8599,-6.3587,-11.198
8.6299,0.27257,-11.908
5.3758,-11.463,-2.4318
11.126,-5.1934,-2.8638
0.024413,-6.0744,3.2832
5.4684,-11.953,3.3992
10.977,-6.1183,2.9722
11.405,-11.677,-2.5978
5.4621,-6.049,-2.4098
11.158,-0.62616,-2.5308
11.01,-11.149,3.3652
5.6586,-5.1297,-8.2638
11.154,0.30934,3.4202
-0.56885,-8.5839,-5.2258
10.924,-8.5762,-5.7958
5.5547,-3.0982,-5.0468
0.15169,-8.5592,0.079238
11.826,-8.3782,-0.26076
5.7011,-2.9787,0.032238
5.455,-8.9142,-5.8138
11.151,-2.8726,-6.1748
5.3935,-8.871,0.92324
11.188,-2.6711,0.74124
2.7171,-12.041,-5.3618
8.5196,-5.636,-5.9518
2.9822,-12.042,0.62124
8.5747,-5.4903,0.30324
8.4715,-11.253,-5.7488
2.7906,-5.9641,-5.6798
8.5613,0.024378,-5.2818
8.6023,-10.888,-0.24476
2.8599,-6.3587,0.63724
8.6299,0.27257,-0.072762
5.3758,-11.463,9.4039
11.126,-5.1934,8.9719
11.405,-11.677,9.2379
5.4621,-6.049,9.4259
11.158,-0.62616,9.3049
5.6586,-5.1297,3.5719
-0.56885,-8.5839,6.6099
10.924,-8.5762,6.0399
5.5547,-3.0982,6.7889
0.15169,-8.5592,11.915
11.826,-8.3782,11.575
5.7011,-2.9787,11.868
5.455,-8.9142,6.0219
11.151,-2.8726,5.6609
5.3935,-8.871,12.759
11.188,-2.6711,12.577
2.7171,-12.041,6.4739
8.5196,-5.636,5.8839
2.9822,-12.042,12.457
8.5747,-5.4903,12.139
8.4715,-11.253,6.0869
2.7906,-5.9641,6.1559
8.5613,0.024378,6.5539
8.6023,-10.888,11.591
2.8599,-6.3587,12.473
8.6299,0.27257,11.763
-11.473,5.4228,-8.7887
-6.0288,-0.45538,-8.6727
-0.51972,5.379,-9.0997
-0.4872,0.3486,-8.7067
-5.4518,-5.531,-8.8337
-0.34295,11.807,-8.6517
-5.7764,-3.0809,-12.04
-11.346,2.938,-11.993
0.3288,3.119,-12.333
-5.7962,8.5185,-12.04
-0.52326,-2.7153,-11.726
-6.1037,2.6262,-11.149
5.5968,2.593,-11.422
-0.30971,8.8261,-11.331
-2.8871,-5.8202,-11.811
-8.515,-0.54447,-11.451
2.8037,-0.55366,-12.049
-2.9225,6.0069,-11.769
-2.8949,0.60953,-12.317
-8.6373,5.1385,-11.435
2.9882,5.4956,-11.212
-2.8673,11.77,-12.145
-0.7757,-5.4454,-2.882
-6.1214,0.034648,-2.668
5.1216,0.44194,-2.727
-0.37123,6.3039,-3.1
-11.473,5.4228,3.047
-6.0288,-0.45538,3.163
5.4327,-0.033234,-8.502
-0.51972,5.379,2.736
-0.091924,-0.17961,-2.834
-6.0352,5.4483,-2.646
5.0445,5.193,-2.82
-0.33941,10.871,-2.767
-0.4872,0.3486,3.129
-5.8386,6.3675,-8.5
-5.4518,-5.531,3.002
-0.34295,11.807,3.184
-5.6979,-3.0179,-5.48
-12.066,2.9133,-5.462
-0.57346,2.9211,-6.032
-5.9425,8.399,-5.283
-5.7764,-3.0809,-0.204
-11.346,2.938,-0.157
0.3288,3.119,-0.497
-5.7962,8.5185,-0.204
-0.40447,-2.9048,-5.889
-6.0422,2.5831,-6.05
5.49,2.8313,-6.055
-0.34578,8.6246,-6.411
-0.52326,-2.7153,0.11
-6.1037,2.6262,0.687
5.5968,2.593,0.414
-0.30971,8.8261,0.505
-2.8376,-5.9291,-6.188
-8.7801,-0.54377,-5.598
2.6821,-0.3684,-5.764
-2.9776,5.8612,-6.188
-2.8871,-5.8202,0.025
-8.515,-0.54447,0.385
2.8037,-0.55366,-0.213
-2.9225,6.0069,0.067
-3.0257,0.24395,-5.985
-8.7066,5.5331,-5.916
2.7365,5.6441,-6.23
-2.9359,11.522,-5.518
-2.8949,0.60953,-0.481
-8.6373,5.1385,0.401
2.9882,5.4956,0.624
-2.8673,11.77,-0.309
-0.7757,-5.4454,8.9537
-6.1214,0.034648,9.1677
5.1216,0.44194,9.1087
-0.37123,6.3039,8.7357
5.4327,-0.033234,3.3337
-0.091924,-0.17961,9.0017
-6.0352,5.4483,9.1897
5.0445,5.193,9.0157
-0.33941,10.871,9.0687
-5.8386,6.3675,3.3357
-5.6979,-3.0179,6.3557
-12.066,2.9133,6.3737
-0.57346,2.9211,5.8037
-5.9425,8.399,6.5527
-5.7764,-3.0809,11.632
-11.346,2.938,11.679
0.3288,3.119,11.339
-5.7962,8.5185,11.632
-0.40447,-2.9048,5.9467
-6.0422,2.5831,5.7857
5.49,2.8313,5.7807
-0.34578,8.6246,5.4247
-0.52326,-2.7153,11.946
-6.1037,2.6262,12.523
5.5968,2.593,12.25
-0.30971,8.8261,12.341
-2.8376,-5.9291,5.6477
-8.7801,-0.54377,6.2377
2.6821,-0.3684,6.0717
-2.9776,5.8612,5.6477
-2.8871,-5.8202,11.861
-8.515,-0.54447,12.221
2.8037,-0.55366,11.623
-2.9225,6.0069,11.903
-3.0257,0.24395,5.8507
-8.7066,5.5331,5.9197
2.7365,5.6441,5.6057
-2.9359,11.522,6.3177
-2.8949,0.60953,11.355
-8.6373,5.1385,12.237
2.9882,5.4956,12.46
-2.8673,11.77,11.527
-11.984,11.846,-8.9429
-12.02,8.7819,-11.962
-8.6935,10.944,-12.285
-12.273,6.0518,-3.1182
-6.3756,11.939,-2.9632
-6.0645,11.464,-8.7382
-11.589,11.318,-3.0702
-11.984,11.846,2.8928
-11.902,8.5924,-6.1252
-12.02,8.7819,-0.12624
-8.8152,11.129,-6.0002
-8.6935,10.944,-0.44924
-12.273,6.0518,8.7174
-6.3756,11.939,8.8724
-6.0645,11.464,3.0974
-11.589,11.318,8.7654
-11.902,8.5924,5.7104
-12.02,8.7819,11.709
-8.8152,11.129,5.8354
-8.6935,10.944,11.386
11.556,5.3881,-8.3154
11.684,2.9033,-11.519
11.556,5.3881,3.5203
10.963,2.8785,-4.9887
11.684,2.9033,0.3163
10.963,2.8785,6.847
11.684,2.9033,12.152
5.5033,11.007,-8.4356
11.045,11.811,-8.4696
6.0803,5.9315,-8.5966
5.7557,8.3816,-11.803
11.009,8.7472,-11.489
8.645,5.6423,-11.574
3.0171,10.918,-11.214
8.6372,12.072,-12.08
10.756,6.017,-2.6449
5.4106,11.497,-2.4309
5.5033,11.007,3.4001
11.44,11.283,-2.5969
11.045,11.811,3.3661
6.0803,5.9315,3.2391
5.8342,8.4445,-5.2429
5.7557,8.3816,0.033058
11.128,8.5577,-5.6519
11.009,8.7472,0.34706
8.6944,5.5334,-5.9509
2.7519,10.919,-5.3609
8.645,5.6423,0.26206
3.0171,10.918,0.62206
8.5064,11.706,-5.7479
8.6372,12.072,-0.24394
10.756,6.017,9.1907
5.4106,11.497,9.4047
11.44,11.283,9.2387
5.8342,8.4445,6.5927
5.7557,8.3816,11.869
11.128,8.5577,6.1837
11.009,8.7472,12.183
8.6944,5.5334,5.8847
2.7519,10.919,6.4747
8.645,5.6423,12.098
3.0171,10.918,12.458
8.5064,11.706,6.0877
8.6372,12.072,11.592
0,0,0
-5.7106,-0.091924,0.358
5.7304,-0.20506,0.272
0.025456,-5.8082,0.484
0.07566,5.8838,0.178
-0.35709,-0.038891,5.8947
-0.35709,-0.038891,-5.941
5.6448,0.10112,-5.404
-0.2185,-5.5883,-5.634
5.7933,5.5685,-0.021
-5.7785,5.688,0.158
-0.11809,5.8527,-5.675
5.7187,-5.8093,0.39424
-5.7387,-5.894,-0.25806
-5.9984,-0.044548,-5.643
-0.2185,-5.5883,6.2017
-0.11809,5.8527,6.1607
5.6448,0.10112,6.4317
-5.9984,-0.044548,6.1927
-5.8244,5.4412,-5.758
5.5727,5.7905,-5.776
5.6728,-6.056,-5.5218
-5.8244,5.4412,6.0777
5.5727,5.7905,6.0597
-5.9594,-5.672,5.8226
-5.9594,-5.672,-6.0131
5.6728,-6.056,6.3139
-0.03697,-11.446,0.51618
11.495,0.016599,0.75324
-0.0021213,11.514,0.517
-11.534,0.051342,0.27994
0,0,-11.836
0,0,11.836
11.419,-0.020877,-5.2488
-5.7668,11.292,0.035762
-0.077782,11.476,-5.485
-0.11263,-11.483,-5.4858
-11.456,-5.5786,-0.059058
0.025456,-5.8082,-11.352
5.8215,11.371,0.59506
-11.472,5.689,0.24776
-5.7106,-0.091924,-11.478
11.573,-5.6134,0.41424
11.558,5.6543,0.72106
5.7304,-0.20506,-11.564
-11.61,0.013865,-5.7221
5.7866,-11.589,0.59424
-5.8017,-11.668,0.034942
0.07566,5.8838,-11.658
-0.077782,11.476,6.3507
-11.61,0.013865,6.1136
-0.11263,-11.483,6.3498
11.419,-0.020877,6.5869
0.07566,5.8838,12.014
5.7304,-0.20506,12.108
-5.7106,-0.091924,12.194
0.025456,-5.8082,12.32
5.5337,11.418,-5.4059
11.379,-5.6445,-5.4388
11.314,5.8742,-5.3969
5.4988,-11.542,-5.4068
-5.8872,-11.361,-5.6411
5.7187,-5.8093,-11.441
-5.8524,11.598,-5.6402
-5.7387,-5.894,11.578
-5.7785,5.688,-11.678
-5.8872,-11.361,6.1946
-11.65,-5.6098,-5.9121
11.379,-5.6445,6.3969
-11.65,-5.6098,5.9236
5.5337,11.418,6.4297
11.314,5.8742,6.4387
5.7933,5.5685,11.815
5.4988,-11.542,6.4289
5.7933,5.5685,-11.857
-11.716,5.909,-5.8702
-5.8524,11.598,6.1954
-11.716,5.909,5.9654
-5.7785,5.688,11.994
-5.7387,-5.894,-12.094
5.7187,-5.8093,12.23
11.495,0.016599,-11.082
-0.03697,-11.446,-11.319
-0.0021213,11.514,-11.319
-11.497,11.497,-0.23624
11.497,-11.497,0.23624
-11.532,-11.462,-0.23706
11.532,11.462,0.23706
-11.534,0.051342,-11.556
-11.534,0.051342,12.116
-0.03697,-11.446,12.352
-0.0021213,11.514,12.353
11.175,11.424,-5.7039
11.558,5.6543,-11.115
5.8215,11.371,-11.241
11.14,-11.536,-5.7048
11.495,0.016599,12.589
11.175,11.424,6.1317
5.7866,-11.589,-11.241
11.14,-11.536,6.1309
11.573,-5.6134,-11.421
-11.472,5.689,-11.588
-5.7668,11.292,-11.8
-11.456,-5.5786,11.777
-5.7668,11.292,11.871
-11.854,11.458,5.6584
-11.456,-5.5786,-11.895
-11.889,-11.501,5.6576
-5.8017,-11.668,-11.801
-11.472,5.689,12.083
-11.854,11.458,-6.1772
-5.8017,-11.668,11.871
-11.889,-11.501,-6.1781
11.573,-5.6134,12.25
5.8215,11.371,12.431
5.7866,-11.589,12.43
11.558,5.6543,12.557
-11.532,-11.462,11.599
11.532,11.462,-11.599
-11.497,11.497,11.599
11.497,-11.497,-11.599
-11.497,11.497,-12.072
11.497,-11.497,12.072
-11.532,-11.462,-12.073
11.532,11.462,12.073
