-3.0496,-8.5209,-9.7087
-9.2078,-3.1349,-9.5117
-9.0084,-8.3731,-9.5357
-3.0496,-8.5209,2.1269
-9.2078,-3.1349,2.3239
-3.1578,-8.7564,-3.4661
-8.7383,-2.9836,-3.1401
-9.0084,-8.3731,2.2999
-9.1279,-8.5181,-3.4321
-3.1578,-8.7564,8.3696
-8.7383,-2.9836,8.6956
-9.1279,-8.5181,8.4036
8.5613,-8.574,-9.2734
2.5007,-8.5691,-8.8304
8.27,-2.6838,-8.9474
8.5613,-8.574,2.5622
8.1024,-8.0289,-2.8528
2.5007,-8.5691,3.0052
8.27,-2.6838,2.8882
2.4038,-8.352,-2.9938
8.0564,-2.6061,-2.6918
8.1024,-8.0289,8.9829
2.4038,-8.352,8.8419
8.0564,-2.6061,9.1439
2.6898,-2.7464,-9.5427
-2.9359,2.9232,-9.5097
8.4825,2.9416,-9.4717
2.3243,8.3276,-9.2747
-3.2866,-3.2202,-9.2887
-8.9965,2.9281,-9.0667
2.5237,3.0893,-9.2987
-3.2272,8.8134,-9.1837
2.6898,-2.7464,2.293
-2.9359,2.9232,2.326
8.4825,2.9416,2.364
2.3243,8.3276,2.561
2.523,-3.4422,-2.555
-3.3948,3.4684,-3.089
8.3743,2.7061,-3.229
2.7938,8.4789,-2.903
-3.2866,-3.2202,2.547
-8.9965,2.9281,2.769
2.5237,3.0893,2.537
-3.2272,8.8134,2.652
-3.387,-2.7506,-3.08
-9.0934,3.1452,-3.23
2.4042,2.9444,-3.195
-3.4408,8.8912,-2.928
2.523,-3.4422,9.2807
-3.3948,3.4684,8.7467
8.3743,2.7061,8.6067
2.7938,8.4789,8.9327
-3.387,-2.7506,8.7557
-9.0934,3.1452,8.6057
2.4042,2.9444,8.6407
-3.4408,8.8912,8.9077
-8.8074,8.7508,-9.7789
-8.8074,8.7508,2.0568
-8.9743,8.055,-2.7912
-8.9743,8.055,9.0444
8.2454,8.2423,-9.0516
8.2454,8.2423,2.7841
8.145,8.7118,-2.8429
8.145,8.7118,8.9927
-2.5352,-8.884,-8.3108
-2.5352,-8.884,3.5248
-8.3543,-3.0507,-8.6091
-8.0729,-8.3045,-8.7371
-7.853,-8.796,-2.7181
-8.3543,-3.0507,3.2266
-8.0729,-8.3045,3.0986
-7.853,-8.796,9.1176
8.9969,2.5784,-8.0738
9.3193,-8.4878,-8.2638
3.2665,-2.7107,-8.1558
-1.7709,-8.6858,-2.4568
9.3384,-8.8774,-2.8618
3.6992,-2.6287,-2.5638
3.5041,-8.5854,-8.1518
9.2684,-2.8026,-8.2798
3.748,-8.4164,-2.3388
9.5407,-2.6817,-2.5218
8.9969,2.5784,3.7619
9.3193,-8.4878,3.5719
3.2665,-2.7107,3.6799
-1.7709,-8.6858,9.3789
9.3384,-8.8774,8.9739
3.6992,-2.6287,9.2719
3.5041,-8.5854,3.6839
9.2684,-2.8026,3.5559
3.748,-8.4164,9.4969
9.5407,-2.6817,9.3139
3.1777,8.4117,-8.372
-2.1779,3.0094,-8.5
-8.2307,8.7865,-8.392
-7.3893,-2.3165,-2.872
-2.1588,2.6198,-3.098
-7.798,8.8685,-2.8
-2.3999,-2.7832,-8.543
-7.9931,2.9119,-8.388
3.4592,3.1579,-8.5
-2.2288,8.6946,-8.516
-1.958,-2.9677,-2.711
-7.7492,3.0809,-2.575
3.6791,2.6665,-2.481
-1.9566,8.8155,-2.758
3.1777,8.4117,3.4637
-2.1779,3.0094,3.3357
-8.2307,8.7865,3.4437
-7.3893,-2.3165,8.9637
-2.1588,2.6198,8.7377
-7.798,8.8685,9.0357
-2.3999,-2.7832,3.2927
-7.9931,2.9119,3.4477
3.4592,3.1579,3.3357
-2.2288,8.6946,3.3197
-1.958,-2.9677,9.1247
-7.7492,3.0809,9.2607
3.6791,2.6665,9.3547
-1.9566,8.8155,9.0777
9.7611,2.7767,-2.2197
9.7611,2.7767,9.616
4.1428,9.146,-2.6349
9.1321,8.6793,-8.3059
9.5741,8.4948,-2.4739
4.1428,9.146,9.2007
9.1321,8.6793,3.5297
9.5741,8.4948,9.3617
-0.34244,-11.512,-9.0125
-2.6893,-11.263,-12.066
-0.21516,-11.367,-2.9948
-0.34244,-11.512,2.8232
-2.6179,-11.826,-6.0018
-2.6893,-11.263,-0.23082
-0.21516,-11.367,8.8408
-2.6179,-11.826,5.8338
-2.6893,-11.263,11.605
-6.011,-11.638,-9.2047
-12.095,-5.6458,-9.4527
-11.81,-11.24,-9.1047
-5.9622,-5.5009,-9.3277
-11.84,-0.015126,-9.2487
-11.597,-8.6609,-12.594
-6.0944,-8.6015,-11.82
-11.655,-2.8584,-12.066
-8.4385,-11.442,-12.442
-8.6273,-5.9428,-12.329
-5.9735,-11.173,-3.4011
-11.876,-5.6239,-3.3671
-6.011,-11.638,2.6309
-12.095,-5.6458,2.3829
-11.24,-12.098,-3.3481
-6.0364,-5.9612,-3.4221
-11.712,0.13054,-3.2311
-11.81,-11.24,2.7309
-5.9622,-5.5009,2.5079
-11.84,-0.015126,2.5869
-11.963,-8.564,-5.9071
-11.597,-8.6609,-0.75806
-5.1851,-8.6949,-6.7391
-11,-2.7693,-6.3151
-6.0944,-8.6015,0.015942
-11.655,-2.8584,-0.23006
-8.4187,-10.733,-6.4051
-8.4385,-11.442,-0.60606
-8.512,-5.8544,-6.2271
-8.6273,-5.9428,-0.49306
-5.9735,-11.173,8.4346
-11.876,-5.6239,8.4686
-11.24,-12.098,8.4876
-6.0364,-5.9612,8.4136
-11.712,0.13054,8.6046
-11.963,-8.564,5.9286
-11.597,-8.6609,11.078
-5.1851,-8.6949,5.0966
-11,-2.7693,5.5206
-6.0944,-8.6015,11.852
-11.655,-2.8584,11.606
-8.4187,-10.733,5.4306
-8.4385,-11.442,11.23
-8.512,-5.8544,5.6086
-8.6273,-5.9428,11.343
5.5059,-12.01,-8.7304
10.934,-5.6806,-8.9794
11.219,-11.274,-8.6314
5.6127,-5.4642,-8.6634
11.19,-0.049869,-8.7754
-0.10004,-8.6582,-11.49
11.432,-8.6957,-12.12
5.5257,-2.8231,-11.511
5.7499,-8.6405,-11.192
11.374,-2.8931,-11.592
3.0621,-11.481,-12.185
8.6561,-5.4444,-11.901
8.7452,-11.373,-11.826
2.8776,-6.143,-11.736
8.8427,0.19974,-11.829
5.8255,-10.927,-2.8938
11.153,-5.6586,-2.8938
5.5059,-12.01,3.1052
10.934,-5.6806,2.8562
11.789,-12.133,-2.8748
5.513,-5.7633,-2.7938
11.317,0.095795,-2.7578
11.219,-11.274,3.2042
5.6127,-5.4642,3.1722
11.19,-0.049869,3.0602
-0.44723,-8.4736,-5.5488
11.067,-8.5988,-5.4338
5.2704,-2.9243,-5.4718
-0.10004,-8.6582,0.34524
11.432,-8.6957,-0.28476
5.5257,-2.8231,0.32424
6.5178,-8.7098,-6.0518
12.029,-2.804,-5.8418
5.7499,-8.6405,0.64324
11.374,-2.8931,0.24324
3.2057,-10.78,-5.7258
8.8039,-5.2075,-5.7268
3.0621,-11.481,-0.34976
8.6561,-5.4444,-0.065762
8.917,-11.887,-5.6758
3.0522,-6.2074,-5.8508
8.9142,-0.36382,-5.7648
8.7452,-11.373,0.009238
2.8776,-6.143,0.099238
8.8427,0.19974,0.006238
5.8255,-10.927,8.9419
11.153,-5.6586,8.9419
11.789,-12.133,8.9609
5.513,-5.7633,9.0419
11.317,0.095795,9.0779
-0.44723,-8.4736,6.2869
11.067,-8.5988,6.4019
5.2704,-2.9243,6.3639
-0.10004,-8.6582,12.181
11.432,-8.6957,11.551
5.5257,-2.8231,12.16
6.5178,-8.7098,5.7839
12.029,-2.804,5.9939
5.7499,-8.6405,12.479
11.374,-2.8931,12.079
3.2057,-10.78,6.1099
8.8039,-5.2075,6.1089
3.0621,-11.481,11.486
8.6561,-5.4444,11.77
8.917,-11.887,6.1599
3.0522,-6.2074,5.9849
8.9142,-0.36382,6.0709
8.7452,-11.373,11.845
2.8776,-6.143,11.935
8.8427,0.19974,11.842
-0.38396,-5.8697,-8.9827
-5.9913,-0.51265,-8.9667
5.5211,-0.17536,-8.9677
-0.56286,5.8167,-9.2157
-0.27789,0.22274,-8.8677
-5.8845,6.033,-8.8997
5.5699,5.9616,-9.0907
-0.30759,11.447,-9.0117
-5.7933,-2.9267,-12.054
-11.597,2.839,-11.727
-0.065054,2.8016,-12.357
-5.9715,8.6741,-11.748
-0.41578,-2.8553,-11.425
-5.7474,2.8567,-11.429
5.4377,2.861,-11.583
-0.12304,8.6041,-11.829
-2.8511,-5.7657,-12.649
-8.4351,0.016263,-12.422
3.0936,0.020506,-12.205
-2.8412,6.0528,-12.138
-2.7521,0.12445,-12.063
-8.6196,5.3542,-11.973
2.9048,5.5197,-12.092
-2.6545,11.697,-12.066
-0.41649,-5.5826,-3.359
-5.6717,0.57064,-3.13
5.5586,0.28921,-3.164
-0.34436,5.8386,-3.13
-0.38396,-5.8697,2.853
-5.9913,-0.51265,2.869
5.5211,-0.17536,2.868
-0.56286,5.8167,2.62
0.29204,-0.63569,-3.111
-5.9842,5.7339,-3.03
5.4956,5.5013,-3.185
-0.18031,11.593,-2.994
-0.27789,0.22274,2.968
-5.8845,6.033,2.936
5.5699,5.9616,2.745
-0.30759,11.447,2.824
-6.2084,-2.827,-5.731
-11.944,3.0236,-5.785
-0.43063,2.8984,-5.67
-6.2268,8.573,-5.708
-5.7933,-2.9267,-0.218
-11.597,2.839,0.109
-0.065054,2.8016,-0.521
-5.9715,8.6741,0.088
0.91853,-2.7146,-6.214
-4.9794,2.7874,-6.288
6.347,2.7676,-6.502
0.53174,8.6932,-6.078
-0.41578,-2.8553,0.411
-5.7474,2.8567,0.407
5.4377,2.861,0.253
-0.12304,8.6041,0.007
-2.6877,-4.7327,-5.99
-8.2915,0.71701,-5.962
3.1134,0.72903,-6.168
-2.6934,6.2897,-5.963
-2.8511,-5.7657,-0.813
-8.4351,0.016263,-0.586
3.0936,0.020506,-0.369
-2.8412,6.0528,-0.302
-2.5802,-0.38962,-5.912
-8.445,5.2899,-6.087
3.0201,5.6081,-5.99
-2.5831,11.133,-6.001
-2.7521,0.12445,-0.227
-8.6196,5.3542,-0.137
2.9048,5.5197,-0.256
-2.6545,11.697,-0.23
-0.41649,-5.5826,8.4767
-5.6717,0.57064,8.7057
5.5586,0.28921,8.6717
-0.34436,5.8386,8.7057
0.29204,-0.63569,8.7247
-5.9842,5.7339,8.8057
5.4956,5.5013,8.6507
-0.18031,11.593,8.8417
-6.2084,-2.827,6.1047
-11.944,3.0236,6.0507
-0.43063,2.8984,6.1657
-6.2268,8.573,6.1277
-5.7933,-2.9267,11.618
-11.597,2.839,11.945
-0.065054,2.8016,11.315
-5.9715,8.6741,11.924
0.91853,-2.7146,5.6217
-4.9794,2.7874,5.5477
6.347,2.7676,5.3337
0.53174,8.6932,5.7577
-0.41578,-2.8553,12.247
-5.7474,2.8567,12.243
5.4377,2.861,12.089
-0.12304,8.6041,11.843
-2.6877,-4.7327,5.8457
-8.2915,0.71701,5.8737
3.1134,0.72903,5.6677
-2.6934,6.2897,5.8727
-2.8511,-5.7657,11.023
-8.4351,0.016263,11.25
3.0936,0.020506,11.467
-2.8412,6.0528,11.534
-2.5802,-0.38962,5.9237
-8.445,5.2899,5.7487
3.0201,5.6081,5.8457
-2.5831,11.133,5.8347
-2.7521,0.12445,11.609
-8.6196,5.3542,11.699
2.9048,5.5197,11.58
-2.6545,11.697,11.606
-11.881,5.6275,-9.2189
-5.9761,11.322,-9.2039
-11.775,11.72,-9.1039
-11.913,8.6419,-11.661
-8.4036,11.518,-12.441
-11.914,5.9146,-3.5952
-5.9387,11.786,-3.4002
-11.881,5.6275,2.6168
-5.9761,11.322,2.6318
-11.205,10.862,-3.3472
-11.775,11.72,2.7318
-10.579,8.7826,-6.4502
-11.913,8.6419,0.17476
-8.3838,12.226,-6.4042
-8.4036,11.518,-0.60524
-11.914,5.9146,8.2404
-5.9387,11.786,8.4354
-11.205,10.862,8.4884
-10.579,8.7826,5.3854
-11.913,8.6419,12.01
-8.3838,12.226,5.4314
-8.4036,11.518,11.23
11.432,2.8043,-11.253
11.085,2.9888,-5.3117
11.432,2.8043,0.5823
11.085,2.9888,6.524
11.432,2.8043,12.418
11.148,5.5928,-8.7456
5.5408,10.95,-8.7296
11.254,11.685,-8.6306
5.7387,8.5358,-11.817
11.116,8.6072,-11.188
8.681,5.6967,-12.412
3.097,11.479,-12.185
8.78,11.587,-11.826
11.116,5.8799,-3.1219
5.8604,12.033,-2.8929
11.148,5.5928,3.0901
5.5408,10.95,3.1061
11.824,10.827,-2.8739
11.254,11.685,3.2051
5.3237,8.6355,-5.4939
5.7387,8.5358,0.019058
12.451,8.7479,-5.9769
11.116,8.6072,0.64806
8.8444,6.7298,-5.7529
3.2405,12.179,-5.7249
8.681,5.6967,-0.57594
3.097,11.479,-0.34894
8.9518,11.073,-5.6749
8.78,11.587,0.010058
11.116,5.8799,8.7137
5.8604,12.033,8.9427
11.824,10.827,8.9617
5.3237,8.6355,6.3417
5.7387,8.5358,11.855
12.451,8.7479,5.8587
11.116,8.6072,12.484
8.8444,6.7298,6.0827
3.2405,12.179,6.1107
8.681,5.6967,11.26
3.097,11.479,11.487
8.9518,11.073,6.1607
8.78,11.587,11.846
0,0,0
0.0098995,5.6922,-0.027
-5.7007,-0.091924,0.08
-0.072125,-5.8181,0.12
0.24537,-0.040305,-5.819
5.922,-0.044548,0.097
0.24537,-0.040305,6.0167
-5.4702,0.15981,-5.887
-5.4702,0.15981,5.9487
0.13859,-5.6257,5.8307
-5.7382,5.7382,0.281
-5.7684,-5.7172,-0.25906
0.035355,5.7728,-5.724
5.7636,5.7452,-0.022
5.759,-5.759,0.51724
0.13859,-5.6257,-6.005
5.8478,0.20648,5.8357
5.8478,0.20648,-6
0.035355,5.7728,6.1117
5.9097,-5.6509,-5.4628
-5.6229,-5.5635,-5.914
-5.6229,-5.5635,5.9217
-5.5876,5.8464,-5.699
5.9092,5.899,-5.6769
-5.5876,5.8464,6.1367
5.9097,-5.6509,6.3729
5.9092,5.899,6.1587
-11.384,-0.0073483,-0.23806
0.14849,11.455,-0.001
0.11364,-11.505,-0.00182
11.646,-0.042091,0.23524
0,0,-11.836
0,0,11.836
-11.299,0.074246,-5.868
0.19836,-11.423,-5.6318
-5.5752,11.453,-0.13924
-11.299,0.074246,5.9677
11.46,5.6444,0.35706
5.8314,11.371,0.31706
-5.61,-11.507,-0.14006
0.23321,11.537,-5.6309
-11.569,5.6791,-0.11624
-11.522,-5.7703,-0.26406
11.507,-5.805,0.20924
11.73,0.039504,-5.3947
5.7965,-11.589,0.31624
0.19836,-11.423,6.2039
-5.7007,-0.091924,-11.756
-0.072125,-5.8181,-11.716
0.23321,11.537,6.2047
0.0098995,5.6922,11.809
5.922,-0.044548,-11.739
0.0098995,5.6922,-11.863
-5.7007,-0.091924,11.916
-0.072125,-5.8181,11.956
5.922,-0.044548,11.933
11.73,0.039504,6.441
-5.6843,-11.256,5.5986
5.759,-5.759,-11.318
-11.359,5.8715,5.5944
11.533,-5.7244,-5.4878
6.027,-11.337,-5.6508
-5.6843,-11.256,-6.2371
-11.497,-5.6897,5.8746
-5.7382,5.7382,-11.555
-5.7684,-5.7172,11.577
-11.497,-5.6897,-5.9611
-5.6494,11.704,5.5994
-11.359,5.8715,-6.2412
6.027,-11.337,6.1849
11.671,5.8367,-5.7679
6.0619,11.622,-5.6499
5.7636,5.7452,11.814
11.533,-5.7244,6.3479
5.7636,5.7452,-11.858
11.671,5.8367,6.0677
-5.6494,11.704,-6.2362
6.0619,11.622,6.1857
-5.7684,-5.7172,-12.095
-5.7382,5.7382,12.117
5.759,-5.759,12.353
-11.384,-0.0073483,11.598
11.497,-11.497,0.23624
-11.497,11.497,-0.23624
-11.532,-11.462,-0.23706
11.532,11.462,0.23706
11.646,-0.042091,-11.6
0.14849,11.455,11.835
0.14849,11.455,-11.837
0.11364,-11.505,11.834
0.11364,-11.505,-11.837
-11.384,-0.0073483,-12.074
11.646,-0.042091,12.071
-11.252,11.457,5.7804
-11.287,-11.503,5.7796
-11.252,11.457,-6.0552
11.46,5.6444,-11.479
5.8314,11.371,-11.519
-11.287,-11.503,-6.0561
-5.5752,11.453,11.696
-11.522,-5.7703,11.572
11.777,11.422,-5.5819
5.7965,-11.589,-11.519
-5.61,-11.507,11.696
11.507,-5.805,-11.626
11.743,-11.538,-5.5828
-11.569,5.6791,11.719
-5.5752,11.453,-11.975
-5.61,-11.507,-11.976
11.777,11.422,6.2537
-11.569,5.6791,-11.952
11.743,-11.538,6.2529
5.8314,11.371,12.153
11.507,-5.805,12.045
11.46,5.6444,12.193
-11.522,-5.7703,-12.1
5.7965,-11.589,12.152
-11.532,-11.462,11.599
11.532,11.462,-11.599
11.497,-11.497,-11.599
-11.497,11.497,11.599
11.497,-11.497,12.072
-11.497,11.497,-12.072
-11.532,-11.462,-12.073
11.532,11.462,12.073
