2.6322,-9.0764,-9.4873
2.6322,-9.0764,2.56
-9.3944,-9.1569,-9.4423
-3.4243,-3.0722,-9.4843
-9.4065,2.9622,-9.4873
-8.541,-2.1699,-9.1463
-2.4195,-8.3352,-9.1523
-9.3944,-9.1569,2.605
-3.4243,-3.0722,2.563
-9.4065,2.9622,2.56
-8.541,-2.1699,2.901
-2.4195,-8.3352,2.895
-3.1019,-9.1533,-2.549
-8.9942,-2.9555,-2.475
-9.2134,-8.7637,-2.947
-3.1019,-9.1533,9.4983
-8.9942,-2.9555,9.5723
-9.2134,-8.7637,9.1003
8.8015,-3.1927,-9.5113
9.5249,-8.2408,-9.1543
8.8015,-3.1927,2.536
9.5249,-8.2408,2.893
8.933,-8.9952,-2.626
2.8081,-8.6983,-2.966
8.7577,-2.8236,-2.905
8.933,-8.9952,9.4213
2.8081,-8.6983,9.0813
8.7577,-2.8236,9.1423
2.6637,2.9013,-9.4423
-3.2371,8.8459,-9.5113
8.6338,8.9859,-9.4843
-2.5138,3.7979,-9.1543
3.6437,-2.2917,-9.1743
3.5171,9.8882,-9.1463
9.6386,3.7229,-9.1523
2.6637,2.9013,2.605
-3.2371,8.8459,2.536
8.6338,8.9859,2.563
-2.5138,3.7979,2.893
3.6437,-2.2917,2.873
3.5171,9.8882,2.901
9.6386,3.7229,2.895
2.9932,-3.0144,-2.446
-3.1056,3.0434,-2.626
8.9562,2.9048,-2.549
3.0639,9.1026,-2.475
-3.2633,-2.7047,-2.945
-9.2306,3.3404,-2.966
2.8447,3.2944,-2.947
-3.281,9.215,-2.905
2.9932,-3.0144,9.6013
-3.1056,3.0434,9.4213
8.9562,2.9048,9.4983
3.0639,9.1026,9.5723
-3.2633,-2.7047,9.1023
-9.2306,3.3404,9.0813
2.8447,3.2944,9.1003
-3.281,9.215,9.1423
-8.3949,9.7469,-9.1743
-8.3949,9.7469,2.873
-9.0454,9.0242,-2.446
-9.0454,9.0242,9.6013
8.7948,9.3534,-2.945
8.7948,9.3534,9.1023
-1.9803,-8.7858,-3.472
-1.9803,-8.7858,8.5753
-8.6145,-9.1774,-8.1683
-3.4675,-9.3944,-9.1273
-9.4736,-3.3345,-9.0913
-8.6145,-9.1774,3.879
-3.4675,-9.3944,2.92
-9.4736,-3.3345,2.956
-7.8926,-2.8056,-3.481
-8.0439,-9.6533,-2.685
-7.8926,-2.8056,8.5663
-8.0439,-9.6533,9.3623
3.3129,-9.0165,-8.1593
9.4174,-3.1058,-8.1553
8.4734,-9.2993,-9.0983
3.3129,-9.0165,3.888
9.4174,-3.1058,3.892
8.4734,-9.2993,2.949
4.107,-2.8441,-3.437
10.129,-8.8765,-3.526
10.078,3.2724,-3.472
3.9069,-9.6727,-2.706
9.9477,-3.6856,-2.651
4.107,-2.8441,8.6103
10.129,-8.8765,8.5213
10.078,3.2724,8.5753
3.9069,-9.6727,9.3413
9.9477,-3.6856,9.3963
-2.576,-3.0399,-8.2593
-8.7257,3.0222,-8.1593
3.4436,2.8808,-8.1683
-2.6212,8.9329,-8.1553
2.6142,-3.3736,-9.1363
-3.5652,2.7393,-9.0983
8.5906,2.6637,-9.1273
2.5845,8.7236,-9.0913
-2.576,-3.0399,3.788
-8.7257,3.0222,3.888
3.4436,2.8808,3.879
-2.6212,8.9329,3.892
2.6142,-3.3736,2.911
-3.5652,2.7393,2.949
8.5906,2.6637,2.92
2.5845,8.7236,2.956
-7.9316,9.1945,-3.437
-1.9092,3.1622,-3.526
4.1656,9.2525,-3.481
-2.0867,-3.5702,-2.642
-8.1317,2.366,-2.706
4.0142,2.4049,-2.685
-2.0909,8.3531,-2.651
-7.9316,9.1945,8.6103
-1.9092,3.1622,8.5213
4.1656,9.2525,8.5663
-2.0867,-3.5702,9.4053
-8.1317,2.366,9.3413
4.0142,2.4049,9.3623
-2.0909,8.3531,9.3963
-9.4245,8.665,-9.1363
-9.4245,8.665,2.911
9.4821,9.0183,-8.2593
9.4821,9.0183,3.788
9.9714,8.4879,-2.642
9.9714,8.4879,9.4053
-0.025145,-13.125,-8.9983
-2.92,-11.476,-6.4193
-0.092321,-8.988,-11.858
0.47266,-9.0354,-6.3813
2.9779,-11.797,-12.448
-3.0388,-11.806,-11.497
-5.6983,-12.229,-2.822
-0.025145,-13.125,3.049
-0.28112,-11.746,-3.073
-2.92,-11.476,5.628
3.1505,-12.42,-5.637
-0.092321,-8.988,0.189
0.47266,-9.0354,5.666
2.9779,-11.797,-0.401
-3.0388,-11.806,0.55
-5.6983,-12.229,9.2253
-0.28112,-11.746,8.9743
3.1505,-12.42,6.4103
-0.092321,-8.988,12.236
2.9779,-11.797,11.646
-3.0388,-11.806,12.597
-11.973,-13.108,-8.9813
-5.8957,-7.1911,-8.9133
-12.064,-1.0867,-8.9983
-6.2231,-11.405,-8.8833
-12.281,-5.3159,-8.8333
-8.9249,-5.4516,-6.3583
-12.11,-9.0289,-11.897
-6.1255,-2.9874,-11.795
-12.131,3.0506,-11.858
-11.446,-9.0176,-6.4603
-5.4021,-3.0248,-6.4703
-11.566,3.0033,-6.3813
-5.8914,-8.8486,-12.252
-11.861,-2.865,-12.245
-9.0918,-11.838,-12.444
-3.039,-5.7811,-12.45
-9.0607,0.242,-12.448
-9.0253,-5.8165,-11.393
-11.69,-6.2019,-2.836
-11.973,-13.108,3.066
-5.8957,-7.1911,3.134
-12.064,-1.0867,3.049
-6.2231,-11.405,3.164
-12.281,-5.3159,3.214
-12.32,-11.916,-3.063
-6.303,-5.8207,-3.054
-12.32,0.29221,-3.073
-8.9249,-5.4516,5.689
-8.9108,-12.424,-5.656
-2.8601,-6.356,-5.612
-8.8882,-0.38167,-5.637
-6.1566,-8.9723,-5.427
-12.257,-2.9612,-5.488
-12.11,-9.0289,0.15
-6.1255,-2.9874,0.252
-12.131,3.0506,0.189
-11.446,-9.0176,5.587
-5.4021,-3.0248,5.577
-11.566,3.0033,5.666
-5.8914,-8.8486,-0.205
-11.861,-2.865,-0.198
-9.0918,-11.838,-0.397
-3.039,-5.7811,-0.403
-9.0607,0.242,-0.401
-9.0253,-5.8165,0.654
-11.69,-6.2019,9.2113
-12.32,-11.916,8.9843
-6.303,-5.8207,8.9933
-12.32,0.29221,8.9743
-8.9108,-12.424,6.3913
-2.8601,-6.356,6.4353
-8.8882,-0.38167,6.4103
-6.1566,-8.9723,6.6203
-12.257,-2.9612,6.5593
-12.11,-9.0289,12.197
-6.1255,-2.9874,12.299
-12.131,3.0506,12.236
-5.8914,-8.8486,11.842
-11.861,-2.865,11.849
-9.0918,-11.838,11.65
-3.039,-5.7811,11.644
-9.0607,0.242,11.646
-9.0253,-5.8165,12.701
12.124,-13.089,-8.9813
6.1343,-7.0394,-8.9633
12.033,-1.0672,-8.9983
5.7404,-11.249,-8.8273
11.816,-5.2964,-8.8333
9.1034,-11.445,-6.4203
3.1241,-5.5071,-6.3873
9.1381,0.58181,-6.4193
11.986,-9.0094,-11.897
6.007,-3.0004,-11.82
11.966,3.0701,-11.858
12.651,-8.9981,-6.4603
6.5508,-2.9827,-6.4133
12.531,3.0227,-6.3813
6.1258,-8.8793,-12.318
12.236,-2.8455,-12.245
9.0518,-5.8373,-12.451
9.0207,-11.88,-11.388
3.0492,-5.9002,-11.469
9.0193,0.2523,-11.497
6.3592,-12.218,-2.804
0.35016,-6.1965,-2.811
12.406,-6.1824,-2.836
6.3599,-0.17126,-2.822
12.124,-13.089,3.066
6.1343,-7.0394,3.084
12.033,-1.0672,3.049
5.7404,-11.249,3.22
11.816,-5.2964,3.214
11.776,-11.897,-3.063
5.7928,-5.7192,-3.08
11.777,0.31169,-3.073
9.1034,-11.445,5.627
3.1241,-5.5071,5.66
9.1381,0.58181,5.628
9.2187,-6.3775,-5.665
5.8479,-8.9832,-5.408
11.84,-2.9417,-5.488
11.986,-9.0094,0.15
6.007,-3.0004,0.227
11.966,3.0701,0.189
12.651,-8.9981,5.587
6.5508,-2.9827,5.634
12.531,3.0227,5.666
6.1258,-8.8793,-0.271
12.236,-2.8455,-0.198
9.0518,-5.8373,-0.404
9.0207,-11.88,0.659
3.0492,-5.9002,0.578
9.0193,0.2523,0.55
6.3592,-12.218,9.2433
0.35016,-6.1965,9.2363
12.406,-6.1824,9.2113
6.3599,-0.17126,9.2253
11.776,-11.897,8.9843
5.7928,-5.7192,8.9673
11.777,0.31169,8.9743
9.2187,-6.3775,6.3823
5.8479,-8.9832,6.6393
11.84,-2.9417,6.5593
11.986,-9.0094,12.197
6.007,-3.0004,12.274
11.966,3.0701,12.236
6.1258,-8.8793,11.776
12.236,-2.8455,11.849
9.0518,-5.8373,11.643
9.0207,-11.88,12.706
3.0492,-5.9002,12.625
9.0193,0.2523,12.597
0.08556,-1.0501,-8.9813
-5.9043,4.9992,-8.9633
6.1624,4.867,-8.9133
-0.0056569,10.971,-8.9983
-0.23547,-5.3224,-8.8383
-6.2982,0.78984,-8.8273
5.835,0.65337,-8.8833
-0.22274,6.7423,-8.8333
-2.9352,0.59326,-6.4203
-8.9145,6.5315,-6.3873
3.1332,6.6065,-6.3583
-2.9006,12.62,-6.4193
-0.052326,3.0292,-11.897
-6.0316,9.0382,-11.82
5.9326,9.0708,-11.795
0.61235,3.0406,-6.4603
-5.4879,9.0559,-6.4133
6.656,9.0333,-6.4703
0.15698,-2.8284,-12.249
-5.9128,3.1594,-12.318
6.1667,3.2096,-12.252
0.19728,9.1931,-12.245
2.9663,0.21991,-12.444
-2.9868,6.2013,-12.451
9.0191,6.277,-12.45
2.9974,12.3,-12.448
-3.0179,0.15839,-11.388
-8.9894,6.1384,-11.469
3.0328,6.2416,-11.393
-3.0193,12.291,-11.497
-5.6795,-0.17961,-2.804
-11.688,5.8421,-2.811
0.3677,5.8563,-2.836
-5.6788,11.867,-2.822
0.08556,-1.0501,3.066
-5.9043,4.9992,3.084
6.1624,4.867,3.134
-0.0056569,10.971,3.049
-0.23547,-5.3224,3.209
-6.2982,0.78984,3.22
5.835,0.65337,3.164
-0.22274,6.7423,3.214
-0.26234,0.14213,-3.063
-6.2459,6.3194,-3.08
5.7551,6.2374,-3.054
-0.26163,12.35,-3.073
-2.9352,0.59326,5.627
-8.9145,6.5315,5.66
3.1332,6.6065,5.689
-2.9006,12.62,5.628
3.1473,-0.36557,-5.656
-2.8199,5.6611,-5.665
9.198,5.7021,-5.612
3.17,11.676,-5.637
-0.18597,-2.9607,-5.43
-6.1907,3.0554,-5.408
5.9015,3.0858,-5.427
-0.1987,9.0969,-5.488
-0.052326,3.0292,0.15
-6.0316,9.0382,0.227
5.9326,9.0708,0.252
0.61235,3.0406,5.587
-5.4879,9.0559,5.634
6.656,9.0333,5.577
0.15698,-2.8284,-0.202
-5.9128,3.1594,-0.271
6.1667,3.2096,-0.205
0.19728,9.1931,-0.198
2.9663,0.21991,-0.397
-2.9868,6.2013,-0.404
9.0191,6.277,-0.403
2.9974,12.3,-0.401
-3.0179,0.15839,0.659
-8.9894,6.1384,0.578
3.0328,6.2416,0.654
-3.0193,12.291,0.55
-5.6795,-0.17961,9.2433
-11.688,5.8421,9.2363
0.3677,5.8563,9.2113
-5.6788,11.867,9.2253
-0.26234,0.14213,8.9843
-6.2459,6.3194,8.9673
5.7551,6.2374,8.9933
-0.26163,12.35,8.9743
3.1473,-0.36557,6.3913
-2.8199,5.6611,6.3823
9.198,5.7021,6.4353
3.17,11.676,6.4103
-0.18597,-2.9607,6.6173
-6.1907,3.0554,6.6393
5.9015,3.0858,6.6203
-0.1987,9.0969,6.5593
-0.052326,3.0292,12.197
-6.0316,9.0382,12.274
5.9326,9.0708,12.299
0.15698,-2.8284,11.845
-5.9128,3.1594,11.776
6.1667,3.2096,11.842
0.19728,9.1931,11.849
2.9663,0.21991,11.65
-2.9868,6.2013,11.643
9.0191,6.277,11.644
2.9974,12.3,11.646
-3.0179,0.15839,12.706
-8.9894,6.1384,12.625
3.0328,6.2416,12.701
-3.0193,12.291,12.597
-11.953,10.989,-8.9813
-12.274,6.7162,-8.8383
-6.2036,12.692,-8.8833
-11.882,9.2102,-12.249
-9.0723,12.259,-12.444
-11.953,10.989,3.066
-12.274,6.7162,3.209
-6.2036,12.692,3.164
-12.301,12.181,-3.063
-8.8913,11.673,-5.656
-12.225,9.078,-5.43
-11.882,9.2102,-0.202
-9.0723,12.259,-0.397
-12.301,12.181,8.9843
-8.8913,11.673,6.3913
-12.225,9.078,6.6173
-11.882,9.2102,11.845
-9.0723,12.259,11.65
12.408,5.8616,-2.811
12.408,5.8616,9.2363
12.144,11.008,-8.9813
11.823,6.7357,-8.8383
5.7599,12.848,-8.8273
9.1229,12.651,-6.4203
12.215,9.2297,-12.249
9.0402,12.217,-11.388
6.3786,11.879,-2.804
12.144,11.008,3.066
11.823,6.7357,3.209
5.7599,12.848,3.22
11.796,12.2,-3.063
9.1229,12.651,5.627
11.872,9.0975,-5.43
12.215,9.2297,-0.202
9.0402,12.217,0.659
6.3786,11.879,9.2433
11.796,12.2,8.9843
11.872,9.0975,6.6173
12.215,9.2297,11.845
9.0402,12.217,12.706
0,0,0
-5.8937,-0.10253,0.061
0.15768,5.9178,0
0.22769,-0.17536,5.9673
0.22769,-0.17536,-6.08
0.13223,-6.1186,-0.004
6.1476,-0.12021,0.019
-5.7947,-0.0049497,5.9143
-5.7947,-0.0049497,-6.133
0.28355,6.0253,5.9323
-5.9906,5.9821,0.035
0.21142,-6.0436,5.9433
-6.0244,-6.0187,-0.048
6.0337,6.0394,-0.048
6.048,-6.0565,0.035
6.2522,0.0070711,5.8843
0.28355,6.0253,-6.115
0.21142,-6.0436,-6.104
6.2522,0.0070711,-6.163
-5.77,5.869,5.9913
-5.77,5.869,-6.056
-5.8016,-6.1792,5.9423
6.2565,5.8789,5.9423
-5.8016,-6.1792,-6.105
6.2565,5.8789,-6.105
6.2686,-6.1696,5.9913
6.2686,-6.1696,-6.056
0.03182,12.02,0.042
-12.026,-0.038013,0.042
0,0,-12.047
0,0,12.047
12.07,-0.018524,0.042
0.012331,-12.077,0.042
-11.85,-0.16388,5.9613
-5.891,11.918,0.019
-11.906,5.92,-0.004
0.2086,11.894,5.9613
-11.85,-0.16388,-6.086
-5.8937,-0.10253,-11.986
0.2086,11.894,-6.086
-11.9,-6.1403,0
0.15768,5.9178,-12.047
0.15768,5.9178,12.047
6.1644,11.956,0.061
-5.8937,-0.10253,12.108
6.1476,-0.12021,-12.028
0.13223,-6.1186,12.043
0.13223,-6.1186,-12.051
-5.9105,-12.178,0.019
6.1476,-0.12021,12.066
12.19,5.9395,-0.004
0.18911,-12.203,5.9613
6.1449,-12.141,0.061
12.247,-0.14439,5.9613
0.18911,-12.203,-6.086
12.196,-6.1209,0
12.247,-0.14439,-6.086
-11.775,-6.0329,5.9323
-11.827,5.995,5.9433
-11.775,-6.0329,-6.115
-11.827,5.995,-6.104
-5.7864,12.046,5.8843
-5.8059,-12.051,5.8843
-5.9906,5.9821,-12.012
-6.0244,-6.0187,11.999
-5.7864,12.046,-6.163
6.0337,6.0394,11.999
-5.8059,-12.051,-6.163
6.048,-6.0565,-12.012
-5.9906,5.9821,12.082
-6.0244,-6.0187,-12.095
6.2439,-12.044,5.9143
6.0337,6.0394,-12.095
6.048,-6.0565,12.082
6.2634,12.053,5.9143
6.2439,-12.044,-6.133
12.27,6.0145,5.9433
6.2634,12.053,-6.133
12.322,-6.0134,5.9323
12.27,6.0145,-6.104
12.322,-6.0134,-6.115
0.03182,12.02,-12.005
-12.026,-0.038013,-12.005
12.07,-0.018524,-12.005
12.039,-12.039,0
-12.039,12.039,0
0.012331,-12.077,-12.005
0.03182,12.02,12.089
-12.026,-0.038013,12.089
12.058,12.058,0
-12.058,-12.058,0
12.07,-0.018524,12.089
0.012331,-12.077,12.089
-11.811,11.863,5.9673
-11.811,11.863,-6.08
-5.891,11.918,-12.028
-11.906,5.92,12.043
-11.906,5.92,-12.051
-5.891,11.918,12.066
-11.9,-6.1403,-12.047
-11.9,-6.1403,12.047
6.1644,11.956,-11.986
-11.83,-12.233,5.9673
-11.83,-12.233,-6.08
6.1644,11.956,12.108
12.286,11.883,5.9673
-5.9105,-12.178,-12.028
6.1449,-12.141,-11.986
-5.9105,-12.178,12.066
12.19,5.9395,12.043
12.286,11.883,-6.08
12.19,5.9395,-12.051
12.196,-6.1209,-12.047
12.196,-6.1209,12.047
6.1449,-12.141,12.108
12.266,-12.214,5.9673
12.266,-12.214,-6.08
12.039,-12.039,-12.047
12.039,-12.039,12.047
-12.039,12.039,-12.047
-12.039,12.039,12.047
12.058,12.058,-12.047
12.058,12.058,12.047
-12.058,-12.058,-12.047
-12.058,-12.058,12.047
