-3.4258,-8.7573,-9.6603
-8.9942,-8.6774,-9.3113
-3.4258,-8.7573,2.387
-8.9942,-8.6774,2.736
-8.7637,-7.9661,-3.272
-3.3551,-9.101,-3.305
-9.6674,-2.6925,-2.596
-8.7637,-7.9661,8.7753
-3.3551,-9.101,8.7423
-9.6674,-2.6925,9.4513
9.5227,-9.2116,-8.4643
3.4664,-8.9267,-8.7323
8.9295,-3.2981,-8.4893
9.5227,-9.2116,3.583
3.4664,-8.9267,3.315
8.9295,-3.2981,3.558
9.5015,-2.6369,-3.277
8.6608,-9.5107,-2.546
9.5015,-2.6369,8.7703
8.6608,-9.5107,9.5013
3.4549,-3.2018,-8.9373
-2.5159,2.827,-8.4643
8.6324,3.3008,-9.6603
-9.3734,-2.5074,-9.1263
-2.9607,-3.3566,-8.9783
-8.5723,3.112,-8.7323
3.0639,3.3807,-9.3113
-3.1091,8.7405,-8.4893
3.4549,-3.2018,3.11
-2.5159,2.827,3.583
8.6324,3.3008,2.387
-9.3734,-2.5074,2.921
-2.9607,-3.3566,3.069
-8.5723,3.112,3.315
3.0639,3.3807,2.736
-3.1091,8.7405,3.558
3.2612,-8.3071,-2.865
-2.6022,-2.2825,-2.486
-2.5371,9.4017,-3.277
3.2944,4.092,-3.272
8.7031,2.9571,-3.305
2.3907,9.3656,-2.596
2.4126,-3.4875,-2.805
-3.3778,2.5279,-2.546
3.2612,-8.3071,9.1823
-2.6022,-2.2825,9.5613
-2.5371,9.4017,8.7703
3.2944,4.092,8.7753
8.7031,2.9571,8.7423
2.3907,9.3656,9.4513
2.4126,-3.4875,9.2423
-3.3778,2.5279,9.5013
-8.5837,8.8369,-8.9373
-8.5837,8.8369,3.11
-8.7775,3.7315,-2.865
-9.626,8.5512,-2.805
-8.7775,3.7315,9.1823
-9.626,8.5512,9.2423
2.6847,9.5507,-9.1263
9.0975,8.7015,-8.9783
2.6847,9.5507,2.921
9.0975,8.7015,3.069
9.456,9.7756,-2.486
9.456,9.7756,9.5613
-9.2863,-9.3061,-10.628
-9.2863,-9.3061,1.419
-9.492,-9.2474,-2.952
-9.492,-9.2474,9.0953
8.5703,-8.1785,-9.0183
8.5703,-8.1785,3.029
2.7338,-9.6988,-3.033
9.0638,-3.9812,-2.8
9.0023,-8.9556,-3.877
2.7338,-9.6988,9.0143
9.0638,-3.9812,9.2473
9.0023,-8.9556,8.1703
-2.9069,-9.0941,-8.2843
-8.3375,-2.9564,-8.1283
2.2224,-2.4077,-8.7343
-3.4684,3.8601,-9.0183
2.4621,-8.7653,-9.8703
-3.7738,-3.1346,-10.218
8.3248,-2.8235,-9.7973
2.7719,2.7521,-10.628
-2.9069,-9.0941,3.763
-8.3375,-2.9564,3.919
2.2224,-2.4077,3.313
-3.4684,3.8601,3.029
2.4621,-8.7653,2.177
-3.7738,-3.1346,1.829
8.3248,-2.8235,2.25
2.7719,2.7521,1.419
-9.3048,2.3398,-3.033
-2.9211,-3.0441,-3.75
-2.9748,8.0575,-2.8
2.5661,2.8107,-2.952
-2.0541,-8.363,-3.151
-8.5327,-2.4713,-3.54
3.5362,-2.477,-2.794
-3.0363,3.083,-3.877
-9.3048,2.3398,9.0143
-2.9211,-3.0441,8.2973
-2.9748,8.0575,9.2473
2.5661,2.8107,9.0953
-2.0541,-8.363,8.8963
-8.5327,-2.4713,8.5073
3.5362,-2.477,9.2533
-3.0363,3.083,8.1703
-9.8162,9.6309,-8.7343
-9.5765,3.2733,-9.8703
-3.7139,9.2152,-9.7973
-9.8162,9.6309,3.313
-9.5765,3.2733,2.177
-3.7139,9.2152,2.25
-8.5024,9.5616,-2.794
-8.5024,9.5616,9.2533
9.1512,2.964,-8.2843
3.7206,9.1017,-8.1283
8.2843,8.9235,-10.218
9.1512,2.964,3.763
3.7206,9.1017,3.919
8.2843,8.9235,1.829
9.1371,9.014,-3.75
10.004,3.6952,-3.151
3.5255,9.5868,-3.54
9.1371,9.014,8.2973
10.004,3.6952,8.8963
3.5255,9.5868,8.5073
-5.8582,-12.506,-9.0503
-12.291,-6.5434,-8.8623
-6.315,-5.8271,-9.0493
-11.451,-11.787,-9.3053
-2.9753,-12.069,-6.2983
-6.2726,-8.9454,-12.405
-12.12,-2.8877,-11.284
-6.1043,-8.9864,-6.4703
-11.93,-2.9301,-6.2433
-11.755,-9.1533,-12.703
-3.0948,-11.809,-12.271
-9.0989,-6.1163,-12.151
-8.9249,-12.397,-12.421
-0.62986,-11.531,-3.146
-11.635,-12.469,-3.281
-5.8582,-12.506,2.997
-12.291,-6.5434,3.185
-6.315,-5.8271,2.998
-11.451,-11.787,2.742
-6.2224,-11.506,-3.177
-12.446,-5.6447,-2.989
-9.1102,-11.858,-6.185
-2.9753,-12.069,5.749
-9.0968,-4.9093,-5.475
-11.891,-8.8401,-5.489
-6.2726,-8.9454,-0.358
-12.12,-2.8877,0.763
-6.1043,-8.9864,5.577
-11.93,-2.9301,5.804
-11.755,-9.1533,-0.656
-3.0948,-11.809,-0.224
-9.0989,-6.1163,-0.104
-8.9249,-12.397,-0.374
-0.62986,-11.531,8.9013
-11.635,-12.469,8.7663
-6.2224,-11.506,8.8703
-12.446,-5.6447,9.0583
-9.1102,-11.858,5.8623
-9.0968,-4.9093,6.5723
-11.891,-8.8401,6.5583
-6.2726,-8.9454,11.689
-12.12,-2.8877,12.81
-11.755,-9.1533,11.391
-3.0948,-11.809,11.823
-9.0989,-6.1163,11.943
-8.9249,-12.397,11.673
-12.668,0.50801,-3.146
-12.668,0.50801,8.9013
6.0622,-12.251,-8.6513
11.806,-6.5239,-8.8623
12.646,-11.768,-9.3053
6.3097,-8.892,-11.599
11.977,-2.8682,-11.284
6.5593,-8.6325,-6.3393
12.167,-2.9106,-6.2433
12.341,-9.1338,-12.703
9.1275,-12.155,-11.465
2.8766,-11.365,-11.991
9.0313,-5.7588,-11.658
12.462,-12.449,-3.281
6.4787,-6.6781,-3.269
6.0622,-12.251,3.396
11.806,-6.5239,3.185
12.646,-11.768,2.742
5.5594,-11.775,-2.805
11.651,-5.6252,-2.989
3.18,-11.814,-5.765
9.0412,-5.8932,-6.04
9.0596,-11.926,-5.404
12.206,-8.8206,-5.489
6.3097,-8.892,0.448
11.977,-2.8682,0.763
6.5593,-8.6325,5.708
12.167,-2.9106,5.804
12.341,-9.1338,-0.656
9.1275,-12.155,0.582
2.8766,-11.365,0.056
9.0313,-5.7588,0.389
12.462,-12.449,8.7663
6.4787,-6.6781,8.7783
5.5594,-11.775,9.2423
11.651,-5.6252,9.0583
3.18,-11.814,6.2823
9.0412,-5.8932,6.0073
9.0596,-11.926,6.6433
12.206,-8.8206,6.5583
6.3097,-8.892,12.495
11.977,-2.8682,12.81
12.341,-9.1338,11.391
9.1275,-12.155,12.629
2.8766,-11.365,12.103
9.0313,-5.7588,12.436
-0.0056569,-6.3215,-8.8873
-5.9765,-0.21213,-8.6513
6.1999,-0.44831,-9.0503
-0.23264,5.5147,-8.8623
-0.12162,-11.041,-9.0623
5.7431,6.231,-9.0493
6.1363,-5.4023,-9.1353
0.6074,0.27082,-9.3053
9.0828,-0.010607,-6.2983
0.30971,-3.001,-11.534
-5.729,3.1466,-11.599
5.7855,3.1127,-12.405
-0.061518,9.1705,-11.284
-0.55296,-2.8214,-6.7573
-5.4794,3.4061,-6.3393
5.9538,3.0717,-6.4703
0.12799,9.128,-6.2433
-0.020506,-8.8608,-12.88
-6.7246,-2.8341,-11.677
6.0903,-2.9253,-12.556
0.30264,2.9048,-12.703
2.9387,-5.9793,-11.697
-2.9112,-0.11667,-11.465
8.9633,0.2489,-12.271
2.9592,5.9418,-12.151
-3.0752,-5.9984,-11.955
-9.162,0.67387,-11.991
3.1332,-0.3387,-12.421
-3.0073,6.2798,-11.658
-5.8478,-4.9497,-2.802
11.428,0.5275,-3.146
0.42356,-0.41083,-3.281
-5.56,5.3606,-3.269
-0.0056569,-6.3215,3.16
-5.9765,-0.21213,3.396
6.1999,-0.44831,2.997
-0.23264,5.5147,3.185
-0.12162,-11.041,2.985
5.7431,6.231,2.998
6.1363,-5.4023,2.912
0.6074,0.27082,2.742
-0.68801,-5.2248,-3.108
-6.4792,0.26375,-2.805
5.8358,0.55225,-3.177
-0.38749,6.4135,-2.989
-2.931,-6.0663,-6.009
-8.8586,0.22486,-5.765
2.9479,0.20011,-6.185
-2.9974,6.1455,-6.04
3.1898,-6.0422,-6.137
-2.979,0.11243,-5.404
9.0828,-0.010607,5.749
2.9614,7.1488,-5.475
0.2885,-8.7766,-5.536
-5.7184,-2.9691,-6.14
5.4638,-2.8023,-5.615
0.16758,3.218,-5.489
0.30971,-3.001,0.513
-5.729,3.1466,0.448
5.7855,3.1127,-0.358
-0.061518,9.1705,0.763
-0.55296,-2.8214,5.29
-5.4794,3.4061,5.708
5.9538,3.0717,5.577
0.12799,9.128,5.804
-0.020506,-8.8608,-0.833
-6.7246,-2.8341,0.37
6.0903,-2.9253,-0.509
0.30264,2.9048,-0.656
2.9387,-5.9793,0.35
-2.9112,-0.11667,0.582
8.9633,0.2489,-0.224
2.9592,5.9418,-0.104
-3.0752,-5.9984,0.092
-9.162,0.67387,0.056
3.1332,-0.3387,-0.374
-3.0073,6.2798,0.389
-5.8478,-4.9497,9.2453
11.428,0.5275,8.9013
0.42356,-0.41083,8.7663
-5.56,5.3606,8.7783
-0.68801,-5.2248,8.9393
-6.4792,0.26375,9.2423
5.8358,0.55225,8.8703
-0.38749,6.4135,9.0583
-2.931,-6.0663,6.0383
-8.8586,0.22486,6.2823
2.9479,0.20011,5.8623
-2.9974,6.1455,6.0073
3.1898,-6.0422,5.9103
-2.979,0.11243,6.6433
2.9614,7.1488,6.5723
0.2885,-8.7766,6.5113
-5.7184,-2.9691,5.9073
5.4638,-2.8023,6.4323
0.16758,3.218,6.5583
0.30971,-3.001,12.56
-5.729,3.1466,12.495
5.7855,3.1127,11.689
-0.061518,9.1705,12.81
-0.020506,-8.8608,11.214
-6.7246,-2.8341,12.417
6.0903,-2.9253,11.538
0.30264,2.9048,11.391
2.9387,-5.9793,12.397
-2.9112,-0.11667,12.629
8.9633,0.2489,11.823
2.9592,5.9418,11.943
-3.0752,-5.9984,12.139
-9.162,0.67387,12.103
3.1332,-0.3387,11.673
-3.0073,6.2798,12.436
-12.044,5.7171,-8.8873
-5.8387,11.59,-9.0503
-12.16,0.99787,-9.0623
-5.9024,6.6363,-9.1353
-11.431,12.309,-9.3053
-2.9558,12.028,-6.2983
-11.729,9.0377,-11.534
-12.592,9.2173,-6.7573
-12.059,3.1779,-12.88
-5.9483,9.1133,-12.556
-9.0999,6.0593,-11.697
-3.0753,12.288,-12.271
-8.9054,11.7,-12.421
-0.61037,12.566,-3.146
-11.615,11.628,-3.281
-12.044,5.7171,3.16
-5.8387,11.59,2.997
-12.16,0.99787,2.985
-5.9024,6.6363,2.912
-11.431,12.309,2.742
-12.727,6.8138,-3.108
-6.2029,12.591,-3.177
-9.0907,12.239,-6.185
-8.8489,5.9964,-6.137
-2.9558,12.028,5.749
-11.75,3.262,-5.536
-6.5748,9.2364,-5.615
-11.729,9.0377,0.513
-12.592,9.2173,5.29
-12.059,3.1779,-0.833
-5.9483,9.1133,-0.509
-9.0999,6.0593,0.35
-3.0753,12.288,-0.224
-8.9054,11.7,-0.374
-0.61037,12.566,8.9013
-11.615,11.628,8.7663
-12.727,6.8138,8.9393
-6.2029,12.591,8.8703
-9.0907,12.239,5.8623
-8.8489,5.9964,5.9103
-11.75,3.262,6.5113
-6.5748,9.2364,6.4323
-11.729,9.0377,12.56
-12.059,3.1779,11.214
-5.9483,9.1133,11.538
-9.0999,6.0593,12.397
-3.0753,12.288,11.823
-8.9054,11.7,11.673
12.052,5.7366,-8.8873
6.0817,11.846,-8.6513
11.936,1.0174,-9.0623
12.666,12.329,-9.3053
12.368,9.0572,-11.534
11.505,9.2368,-6.7573
12.038,3.1974,-12.88
5.3335,9.224,-11.677
9.147,11.941,-11.465
8.9829,6.0597,-11.955
2.8961,12.732,-11.991
6.2103,7.1084,-2.802
12.482,11.647,-3.281
12.052,5.7366,3.16
6.0817,11.846,3.396
11.936,1.0174,2.985
12.666,12.329,2.742
11.37,6.8333,-3.108
5.5789,12.322,-2.805
9.1272,5.9919,-6.009
3.1995,12.283,-5.765
9.0791,12.171,-5.404
12.347,3.2815,-5.536
6.3397,9.089,-6.14
12.368,9.0572,0.513
11.505,9.2368,5.29
12.038,3.1974,-0.833
5.3335,9.224,0.37
9.147,11.941,0.582
8.9829,6.0597,0.092
2.8961,12.732,0.056
6.2103,7.1084,9.2453
12.482,11.647,8.7663
11.37,6.8333,8.9393
5.5789,12.322,9.2423
9.1272,5.9919,6.0383
3.1995,12.283,6.2823
9.0791,12.171,6.6433
12.347,3.2815,6.5113
6.3397,9.089,5.9073
12.368,9.0572,12.56
12.038,3.1974,11.214
5.3335,9.224,12.417
9.147,11.941,12.629
8.9829,6.0597,12.139
2.8961,12.732,12.103
-0.10213,13.056,-9.0623
-0.10213,13.056,2.985
0,0,0
-0.05374,-5.8152,-0.242
-5.9347,0.14213,0.354
0.064347,0.12799,6.0123
0.064347,0.12799,-6.035
6.1306,0.24466,-0.014
0.0077782,6.3845,0.492
0.06364,-5.7912,5.9173
-5.7877,0.49427,-5.933
5.828,6.0868,0.008
6.0634,-5.857,0.122
0.06364,-5.7912,-6.13
-5.7877,0.49427,6.1143
6.0118,0.12728,-6.023
6.0118,0.12728,6.0243
0.089803,6.2742,-5.871
-5.9752,6.1817,0.122
-6.2301,-5.9713,0.008
0.089803,6.2742,6.1763
6.0302,-5.7148,-6.018
6.0302,-5.7148,6.0293
-5.963,-5.84,5.9883
-5.963,-5.84,-6.059
6.0951,6.2181,5.9883
-6.0084,6.3238,-6.018
-6.0084,6.3238,6.0293
6.0951,6.2181,-6.059
-0.11455,-11.574,0.23
11.944,0.4842,0.23
0,0,-12.047
0,0,12.047
-12.153,0.46471,0.23
-0.095063,12.523,0.23
-5.9347,0.14213,-11.693
-0.05374,-5.8152,11.805
0.0077782,6.3845,-11.555
-5.9275,-11.813,-0.014
12.046,-5.6542,0.492
11.944,0.067175,-5.899
-12.05,-5.6737,0.492
-0.11438,-11.991,-5.899
6.1039,-11.897,0.354
11.944,0.067175,6.1483
-0.094892,12.106,-5.899
-0.11438,-11.991,6.1483
6.1306,0.24466,12.033
-12.153,0.047687,-5.899
6.1306,0.24466,-12.061
12.004,6.2429,-0.242
-0.094892,12.106,6.1483
-0.05374,-5.8152,-12.289
-12.092,6.2234,-0.242
-12.153,0.047687,6.1483
-5.908,12.283,-0.014
6.1234,12.2,0.354
-5.9347,0.14213,12.401
0.0077782,6.3845,12.539
6.251,-11.544,-5.933
6.251,-11.544,6.1143
-11.968,-5.784,-5.871
6.0634,-5.857,-11.925
12.128,-5.7645,-5.871
-11.968,-5.784,6.1763
-6.0463,-11.931,-6.023
-6.0463,-11.931,6.0243
5.828,6.0868,-12.039
-5.9752,6.1817,-11.925
5.828,6.0868,12.055
-11.975,6.2474,5.9173
12.128,-5.7645,6.1763
6.0634,-5.857,12.169
-6.2301,-5.9713,-12.039
-6.2301,-5.9713,12.055
-11.975,6.2474,-6.13
-6.0268,12.166,-6.023
-6.0268,12.166,6.0243
12.122,6.2669,5.9173
-5.9752,6.1817,12.169
12.122,6.2669,-6.13
6.2705,12.552,-5.933
6.2705,12.552,6.1143
-0.11455,-11.574,-11.817
11.944,0.4842,-11.817
-0.11455,-11.574,12.277
-12.153,0.46471,-11.817
12.039,-12.039,0
-12.039,12.039,0
-12.058,-12.058,0
12.058,12.058,0
11.944,0.4842,12.277
-0.095063,12.523,-11.817
-12.153,0.46471,12.277
-0.095063,12.523,12.277
12.046,-5.6542,-11.555
-12.05,-5.6737,-11.555
6.1039,-11.897,-11.693
-5.9275,-11.813,12.033
-5.9275,-11.813,-12.061
-11.994,-11.93,6.0123
12.004,6.2429,11.805
-11.994,-11.93,-6.035
6.1234,12.2,-11.693
-12.092,6.2234,11.805
12.103,-11.911,6.0123
12.103,-11.911,-6.035
-11.974,12.167,6.0123
-11.974,12.167,-6.035
-5.908,12.283,12.033
-5.908,12.283,-12.061
12.122,12.186,6.0123
12.122,12.186,-6.035
6.1039,-11.897,12.401
12.004,6.2429,-12.289
12.046,-5.6542,12.539
-12.05,-5.6737,12.539
-12.092,6.2234,-12.289
6.1234,12.2,12.401
12.039,-12.039,-12.047
12.039,-12.039,12.047
-12.039,12.039,-12.047
-12.039,12.039,12.047
-12.058,-12.058,-12.047
-12.058,-12.058,12.047
12.058,12.058,-12.047
12.058,12.058,12.047
