-9.0883,-8.4361,-9.8007
-9.0883,-8.4361,2.0349
-9.4793,-8.8073,-2.9611
-9.4793,-8.8073,8.8746
7.9072,-8.1335,-8.6304
7.9072,-8.1335,3.2052
7.787,-8.6087,-3.0318
7.787,-8.6087,8.8039
2.6368,-8.51,-9.7537
-3.3531,-2.6036,-8.8897
8.107,-2.4699,-9.4397
2.4438,3.0264,-9.5637
-3.2979,-8.317,-8.9987
-9.2504,-3.0759,-9.3977
2.1199,-3.2668,-9.0367
-3.59,3.3637,-8.8667
2.6368,-8.51,2.082
-3.3531,-2.6036,2.946
8.107,-2.4699,2.396
2.4438,3.0264,2.272
2.46,-8.9753,-3.078
-3.2732,-2.6722,-2.88
7.9889,-2.431,-2.741
2.0527,2.6552,-2.724
-3.2979,-8.317,2.837
-9.2504,-3.0759,2.438
2.1199,-3.2668,2.799
-3.59,3.3637,2.969
-3.4408,-8.3495,-3.14
-9.3303,-2.8503,-3.124
2.1786,-2.7867,-3.251
-3.7102,2.8885,-3.268
2.46,-8.9753,8.7577
-3.2732,-2.6722,8.9557
7.9889,-2.431,9.0947
2.0527,2.6552,9.1117
-3.4408,-8.3495,8.6957
-9.3303,-2.8503,8.7117
2.1786,-2.7867,8.5847
-3.7102,2.8885,8.5677
-8.8604,2.9872,-9.9899
-3.3902,9.0273,-9.6759
-9.3773,8.2304,-9.2729
-8.8604,2.9872,1.8458
-3.3902,9.0273,2.1598
-9.0372,2.5219,-3.3142
-3.5083,9.0662,-2.9772
-9.3773,8.2304,2.5628
-9.3186,8.7105,-3.4872
-9.0372,2.5219,8.5214
-3.5083,9.0662,8.8584
-9.3186,8.7105,8.3484
8.179,8.8589,-8.6526
8.2341,3.1455,-8.7616
2.2817,8.3866,-9.1606
8.179,8.8589,3.1831
8.2589,8.7903,-2.6429
8.2341,3.1455,3.0741
2.2817,8.3866,2.6751
8.0913,3.113,-2.9029
2.2018,8.6121,-2.8869
8.2589,8.7903,9.1927
8.0913,3.113,8.9327
2.2018,8.6121,8.9487
8.9219,-9.2246,-8.7734
3.2573,-8.5182,-8.3988
3.6434,-8.2353,-2.4348
8.9219,-9.2246,3.0622
9.0973,-8.5613,-2.3088
3.2573,-8.5182,3.4369
3.6434,-8.2353,9.4009
9.0973,-8.5613,9.5269
-2.4275,-9.5382,-9.0917
-2.5753,2.2726,-9.0097
-8.3856,-8.4959,-8.46
-2.6714,-2.909,-7.847
-8.2399,2.979,-8.635
-8.2682,-7.9161,-2.757
-1.8873,-3.2308,-2.845
-7.8538,3.2619,-2.671
-2.4275,-9.5382,2.744
-8.4358,-2.5767,-8.581
3.148,-2.7959,-8.628
-2.5753,2.2726,2.826
-2.1199,-8.5136,-2.457
-8.0554,-2.7153,-2.344
3.1233,-2.7924,-2.095
-2.3999,2.9359,-2.545
-8.3856,-8.4959,3.3757
-2.6714,-2.909,3.9887
-8.2399,2.979,3.2007
-8.2682,-7.9161,9.0787
-1.8873,-3.2308,8.9907
-7.8538,3.2619,9.1647
-8.4358,-2.5767,3.2547
3.148,-2.7959,3.2077
-2.1199,-8.5136,9.3787
-8.0554,-2.7153,9.4917
3.1233,-2.7924,9.7407
-2.3999,2.9359,9.2907
-8.3492,8.7013,-8.8642
-8.3739,8.7049,-2.3312
-8.3492,8.7013,2.9714
-8.3739,8.7049,9.5044
8.7655,-2.7005,-7.8567
9.2527,-3.216,-2.6307
8.7655,-2.7005,3.979
9.2527,-3.216,9.205
9.1046,1.9243,-8.8546
3.1465,2.9666,-8.2229
-2.7317,8.7967,-8.0929
8.8606,8.5534,-7.6099
3.2639,3.5464,-2.5199
-2.2445,8.2812,-2.8669
9.6448,8.2317,-2.6079
9.1046,1.9243,2.9811
3.0963,8.8858,-8.3439
9.4122,2.9489,-2.2199
3.4767,8.7472,-2.1069
3.1465,2.9666,3.6127
-2.7317,8.7967,3.7427
8.8606,8.5534,4.2257
3.2639,3.5464,9.3157
-2.2445,8.2812,8.9687
9.6448,8.2317,9.2277
3.0963,8.8858,3.4917
9.4122,2.9489,9.6157
3.4767,8.7472,9.7287
-12.479,-5.4344,-9.3137
-12.212,-8.5393,-11.64
-8.6174,-11.699,-11.719
-12.039,-11.19,-3.0311
-12.125,-11.847,-8.8271
-6.5477,-11.934,-3.2631
-11.896,-6.0425,-3.4861
-12.479,-5.4344,2.5219
-11.015,-8.4608,-6.4511
-12.212,-8.5393,0.19594
-8.8988,-11.649,-6.8391
-8.6174,-11.699,0.11694
-12.039,-11.19,8.8046
-12.125,-11.847,3.0086
-6.5477,-11.934,8.5726
-11.896,-6.0425,8.3496
-11.015,-8.4608,5.3846
-12.212,-8.5393,12.032
-8.8988,-11.649,4.9966
-8.6174,-11.699,11.953
5.4875,-11.057,-8.7534
10.55,-5.4691,-8.8404
5.9627,-8.62,-11.722
10.817,-8.574,-11.166
8.6646,-11.663,-11.016
2.8578,-11.811,-11.785
8.5274,-5.641,-12.185
10.99,-11.225,-2.5578
10.905,-11.882,-8.3538
5.4458,-11.692,-2.7048
11.133,-6.0772,-3.0128
5.4875,-11.057,3.0822
10.55,-5.4691,2.9952
5.006,-8.4185,-5.2748
5.9627,-8.62,0.11324
12.014,-8.4956,-5.9778
10.817,-8.574,0.66924
8.4057,-10.956,-5.7248
8.6646,-11.663,0.81924
2.8345,-11.569,-5.7898
8.3103,-5.6685,-5.1068
2.8578,-11.811,0.050238
8.5274,-5.641,-0.34976
10.99,-11.225,9.2779
10.905,-11.882,3.4819
5.4458,-11.692,9.1309
11.133,-6.0772,8.8229
5.006,-8.4185,6.5609
5.9627,-8.62,11.949
12.014,-8.4956,5.8579
10.817,-8.574,12.505
8.4057,-10.956,6.1109
8.6646,-11.663,12.655
2.8345,-11.569,6.0459
8.3103,-5.6685,6.7289
2.8578,-11.811,11.886
8.5274,-5.641,11.486
-0.3585,-11.872,-9.1977
-6.2749,-5.9029,-8.9657
5.3302,-5.7219,-8.8717
-0.79055,-5.4857,-9.0817
-6.0097,0.44053,-8.9897
-5.811,-10.88,-8.8687
-0.94682,6.0281,-9.0767
-6.1992,-8.5143,-12.078
-11.837,-2.844,-12.497
-0.014849,-2.7188,-12.154
-5.5345,2.8772,-11.959
-0.24607,-8.5023,-11.754
-5.8831,-2.8072,-11.018
5.3966,-2.8256,-11.409
-0.68024,2.9232,-11.403
-2.9168,-10.955,-12.073
-8.539,-5.6993,-11.932
2.8086,-5.6738,-12.152
-2.8327,-0.16546,-11.253
-2.7549,-5.572,-12.448
-8.6394,-0.31396,-12.022
2.9147,-0.23617,-11.482
-2.9698,5.8563,-12.422
-0.50063,-11.291,-3.138
-6.4205,-5.2722,-3.193
5.082,-5.2715,-3.087
-0.507,0.27224,-2.794
-0.3585,-11.872,2.638
-6.2749,-5.9029,2.87
5.3302,-5.7219,2.964
-0.59256,-0.38467,-8.59
0.073539,-6.125,-3.213
-6.0514,-0.19516,-2.941
4.9844,-0.47164,-3.026
-0.36416,5.42,-3.249
-0.79055,-5.4857,2.754
-6.0097,0.44053,2.846
-5.811,-10.88,2.967
-0.94682,6.0281,2.759
-6.5429,-8.4888,-5.456
-11.895,-2.7959,-5.938
-0.45184,-2.8659,-5.656
-6.4912,3.0787,-5.511
-6.1992,-8.5143,-0.242
-11.837,-2.844,-0.661
-0.014849,-2.7188,-0.318
-5.5345,2.8772,-0.123
0.083439,-8.6522,-6.624
-5.9305,-2.675,-6.08
5.7368,-2.6014,-6.473
0.5169,3.0017,-6.214
-0.24607,-8.5023,0.082
-5.8831,-2.8072,0.818
5.3966,-2.8256,0.427
-0.68024,2.9232,0.433
-3.0229,-11.297,-6.183
-8.9993,-5.181,-6.358
2.5286,-5.3189,-6.31
-3.0915,0.54164,-5.961
-2.9168,-10.955,-0.237
-8.539,-5.6993,-0.096
2.8086,-5.6738,-0.316
-2.8327,-0.16546,0.583
-3.1565,-5.572,-5.326
-8.6628,-0.071418,-6.026
2.6333,-0.18668,-6.602
-3.1869,5.8287,-5.343
-2.7549,-5.572,-0.612
-8.6394,-0.31396,-0.186
2.9147,-0.23617,0.354
-2.9698,5.8563,-0.586
-0.50063,-11.291,8.6977
-6.4205,-5.2722,8.6427
5.082,-5.2715,8.7487
-0.507,0.27224,9.0417
-0.59256,-0.38467,3.2457
0.073539,-6.125,8.6227
-6.0514,-0.19516,8.8947
4.9844,-0.47164,8.8097
-0.36416,5.42,8.5867
-6.5429,-8.4888,6.3797
-11.895,-2.7959,5.8977
-0.45184,-2.8659,6.1797
-6.4912,3.0787,6.3247
-6.1992,-8.5143,11.594
-11.837,-2.844,11.175
-0.014849,-2.7188,11.518
-5.5345,2.8772,11.713
0.083439,-8.6522,5.2117
-5.9305,-2.675,5.7557
5.7368,-2.6014,5.3627
0.5169,3.0017,5.6217
-0.24607,-8.5023,11.918
-5.8831,-2.8072,12.654
5.3966,-2.8256,12.263
-0.68024,2.9232,12.269
-3.0229,-11.297,5.6527
-8.9993,-5.181,5.4777
2.5286,-5.3189,5.5257
-3.0915,0.54164,5.8747
-2.9168,-10.955,11.599
-8.539,-5.6993,11.74
2.8086,-5.6738,11.52
-2.8327,-0.16546,12.419
-3.1565,-5.572,6.5097
-8.6628,-0.071418,5.8097
2.6333,-0.18668,5.2337
-3.1869,5.8287,6.4927
-2.7549,-5.572,11.224
-8.6394,-0.31396,11.65
2.9147,-0.23617,12.19
-2.9698,5.8563,11.25
-11.856,-0.3744,-9.4339
-6.167,5.7753,-9.1079
-12.288,6.0115,-9.3179
-11.512,8.7784,-12.39
-11.743,2.995,-11.99
-6.1006,8.6716,-11.645
-8.6886,5.8234,-12.388
-8.5825,11.261,-11.718
-11.998,0.20614,-3.3742
-6.4152,6.2257,-3.3232
-12.004,11.769,-3.0302
-11.856,-0.3744,2.4018
-6.167,5.7753,2.7278
-12.09,11.113,-8.8262
-11.424,5.3723,-3.4492
-6.5128,11.026,-3.2622
-12.288,6.0115,2.5178
-11.949,8.6313,-5.8922
-11.512,8.7784,-0.55424
-11.414,2.8451,-6.8602
-5.7605,8.8958,-6.7092
-11.743,2.995,-0.15424
-6.1006,8.6716,0.19076
-8.9686,6.1784,-6.5462
-8.6886,5.8234,-0.55224
-8.864,11.311,-6.8382
-8.5825,11.261,0.11776
-11.998,0.20614,8.4614
-6.4152,6.2257,8.5124
-12.004,11.769,8.8054
-12.09,11.113,3.0094
-11.424,5.3723,8.3864
-6.5128,11.026,8.5734
-11.949,8.6313,5.9434
-11.512,8.7784,11.281
-11.414,2.8451,4.9754
-5.7605,8.8958,5.1264
-11.743,2.995,11.681
-6.1006,8.6716,12.026
-8.9686,6.1784,5.2894
-8.6886,5.8234,11.283
-8.864,11.311,4.9974
-8.5825,11.261,11.953
11.192,-2.8787,-12.023
11.134,-2.8306,-5.4647
11.192,-2.8787,-0.1877
11.134,-2.8306,6.371
11.192,-2.8787,11.648
11.174,-0.40914,-8.9606
5.2572,5.5596,-8.7286
10.742,5.9767,-8.8446
5.5224,11.903,-8.7526
5.7211,0.58293,-8.6316
5.3329,2.9482,-11.841
-0.3049,8.6185,-12.26
11.517,8.7437,-11.917
11.286,2.9602,-11.517
5.6489,8.6553,-10.781
8.6153,0.50727,-11.836
2.993,5.7632,-11.695
8.6994,11.297,-11.016
8.7772,5.8905,-12.211
2.8926,11.149,-11.785
11.031,0.1714,-2.9009
5.1115,6.1903,-2.9559
11.025,11.735,-2.5569
11.174,-0.40914,2.8751
5.2572,5.5596,3.1071
10.94,11.078,-8.3529
11.606,5.3375,-2.9759
5.4806,11.267,-2.7039
10.742,5.9767,2.9911
5.5224,11.903,3.0831
5.7211,0.58293,3.2041
4.9892,2.9737,-5.2189
-0.36288,8.6666,-5.7009
11.08,8.5966,-5.4189
5.3329,2.9482,-0.004942
-0.3049,8.6185,-0.42394
11.517,8.7437,-0.080942
11.616,2.8103,-6.3869
5.6016,8.7875,-5.8429
11.286,2.9602,0.31906
5.6489,8.6553,1.0551
8.5092,0.16503,-5.9459
2.5327,6.2815,-6.1209
8.4406,12.004,-5.7239
8.6153,0.50727,5.8e-05
2.993,5.7632,0.14106
8.6994,11.297,0.82006
8.3755,5.8905,-5.0889
2.8693,11.391,-5.7889
8.7772,5.8905,-0.37494
2.8926,11.149,0.051058
11.031,0.1714,8.9347
5.1115,6.1903,8.8797
11.025,11.735,9.2787
10.94,11.078,3.4827
11.606,5.3375,8.8597
5.4806,11.267,9.1317
4.9892,2.9737,6.6167
-0.36288,8.6666,6.1347
11.08,8.5966,6.4167
5.3329,2.9482,11.831
-0.3049,8.6185,11.412
11.517,8.7437,11.755
11.616,2.8103,5.4487
5.6016,8.7875,5.9927
11.286,2.9602,12.155
5.6489,8.6553,12.891
8.5092,0.16503,5.8897
2.5327,6.2815,5.7147
8.4406,12.004,6.1117
8.6153,0.50727,11.836
2.993,5.7632,11.977
8.6994,11.297,12.656
8.3755,5.8905,6.7467
2.8693,11.391,6.0467
8.7772,5.8905,11.461
2.8926,11.149,11.887
-0.32365,11.088,-9.1968
-5.7762,12.08,-8.8678
-2.882,12.004,-12.072
-0.46578,11.669,-3.1372
-0.32365,11.088,2.6388
-5.7762,12.08,2.9678
-2.988,11.662,-6.1822
-2.882,12.004,-0.23618
-0.46578,11.669,8.6985
-2.988,11.662,5.6535
-2.882,12.004,11.599
0,0,0
5.6505,0.15203,0.065
-5.7035,0.02687,0.199
-0.12728,-5.7361,0.133
-0.13435,0.22486,5.8557
-0.26304,5.927,0.053
-0.13435,0.22486,-5.98
5.3634,0.10394,-5.735
5.5939,-5.659,0.268
-0.13789,5.7099,5.7627
5.6122,5.8579,0.34306
5.3634,0.10394,6.1007
-5.9199,-5.6045,0.106
-0.14849,-5.7686,5.8517
-5.9065,0.17041,-5.802
-5.9033,5.8382,0.031762
-0.14849,-5.7686,-5.984
-0.13789,5.7099,-6.073
-5.9065,0.17041,6.0337
5.6321,-5.4171,-5.66
5.5153,5.8035,-5.6129
5.6321,-5.4171,6.1757
-6.0168,-5.659,-5.85
5.5153,5.8035,6.2227
-6.0168,-5.659,5.9857
-5.8651,6.0801,-5.8962
-5.8651,6.0801,5.9394
-0.062025,11.396,-0.07218
11.435,-0.10084,0.16406
-0.096874,-11.563,-0.073
-11.594,-0.066097,-0.30924
0,0,11.836
0,0,-11.836
11.234,-5.5703,0.28924
-5.8816,-11.31,-0.17206
11.405,5.7264,0.37006
-0.019799,-11.369,-5.9
-0.019799,-11.369,5.9357
11.512,0.093615,-5.6629
-11.517,0.12836,5.6994
5.7937,-11.47,0.43524
5.8285,11.489,0.43606
-5.7035,0.02687,-11.637
-11.624,5.7612,-0.10324
0.015049,11.591,-5.8992
0.015049,11.591,5.9365
-11.795,-5.5355,-0.18406
-0.12728,-5.7361,-11.703
-5.8467,11.649,-0.17124
-11.517,0.12836,-6.1362
5.6505,0.15203,-11.771
11.512,0.093615,6.1727
5.6505,0.15203,11.901
-0.26304,5.927,-11.783
-0.12728,-5.7361,11.969
-0.26304,5.927,11.889
-5.7035,0.02687,12.035
5.5908,-11.327,-5.5658
11.384,5.6939,-5.7469
11.359,-5.7873,-5.8368
5.5939,-5.659,-11.568
5.6122,5.8579,-11.493
5.6256,11.633,-5.5649
11.359,-5.7873,5.9989
5.5908,-11.327,6.2699
11.384,5.6939,6.0887
-11.67,-5.7526,5.5256
-11.646,5.7286,5.6154
-6.1687,-11.359,5.8636
-6.1687,-11.359,-5.9721
-5.9199,-5.6045,-11.73
5.6256,11.633,6.2707
-6.1338,11.601,5.8644
-11.646,5.7286,-6.2202
-6.1338,11.601,-5.9712
-5.9033,5.8382,-11.804
-5.9199,-5.6045,11.942
-11.67,-5.7526,-6.3101
-5.9033,5.8382,11.867
5.5939,-5.659,12.104
5.6122,5.8579,12.179
11.497,-11.497,0.23624
-11.497,11.497,-0.23624
-11.532,-11.462,-0.23706
11.532,11.462,0.23706
11.435,-0.10084,-11.672
-11.594,-0.066097,11.526
-0.062025,11.396,11.763
-0.062025,11.396,-11.908
-0.096874,-11.563,11.763
11.435,-0.10084,12
-0.096874,-11.563,-11.909
-11.594,-0.066097,-12.145
11.363,-11.272,-5.7438
11.234,-5.5703,-11.546
11.363,-11.272,6.0919
-11.666,-11.238,5.6186
11.405,5.7264,-11.466
5.7937,-11.47,-11.4
5.8285,11.489,-11.4
-5.8816,-11.31,11.664
11.398,11.687,-5.7429
-11.666,-11.238,-6.2171
11.398,11.687,6.0927
11.234,-5.5703,12.125
-11.632,11.722,5.6194
-11.795,-5.5355,11.652
-5.8467,11.649,11.664
-11.624,5.7612,11.732
-5.8816,-11.31,-12.008
-11.624,5.7612,-11.939
-11.632,11.722,-6.2162
11.405,5.7264,12.206
-5.8467,11.649,-12.007
-11.795,-5.5355,-12.02
5.7937,-11.47,12.271
5.8285,11.489,12.272
-11.532,-11.462,11.599
11.532,11.462,-11.599
11.497,-11.497,-11.599
-11.497,11.497,11.599
11.497,-11.497,12.072
-11.497,11.497,-12.072
-11.532,-11.462,-12.073
11.532,11.462,12.073
